1239
60
0	0	0	0	0	0	0	0	0	0	0	0	0	0	0	0	0	0	0	0	0	0	0	500	0	0	0	0	0	0	0	0	0	0	0	0	0	0	0	0	0	0	0	0	48	0	0	96	0	0	0	500	0	0	0	0	0	0	0	0	
0	0	0	0	0	0	0	0	0	0	96	0	0	0	0	0	0	0	0	0	0	0	0	0	0	0	0	0	0	0	0	0	0	0	500	0	96	0	0	0	0	0	0	0	0	0	0	0	0	0	0	0	0	0	0	0	192	0	0	0	
0	0	0	0	500	0	0	0	0	0	0	0	0	0	0	0	0	0	0	0	0	0	0	0	0	0	0	0	0	0	0	0	0	0	0	0	0	0	0	0	0	0	0	0	0	0	0	0	0	0	0	96	0	0	0	0	0	0	0	0	
0	0	0	0	0	0	0	0	0	0	0	0	0	0	0	0	0	0	0	96	0	0	0	0	500	0	0	0	0	0	0	0	0	0	0	0	0	0	0	0	0	48	0	0	0	0	0	0	0	0	0	0	0	0	0	0	0	0	0	0	
0	0	500	0	0	0	0	0	0	0	0	0	0	0	0	0	0	0	0	0	0	0	0	0	0	0	0	0	0	0	0	0	0	0	0	0	0	0	0	0	0	0	0	0	0	0	0	0	0	0	0	500	0	0	0	0	0	0	0	0	
0	0	0	0	0	0	0	0	0	500	0	48	0	0	0	0	0	0	0	0	0	0	0	0	0	0	0	48	0	0	0	0	0	0	0	0	0	0	0	96	0	0	0	0	0	0	0	0	0	500	0	0	0	0	0	0	0	0	0	0	
0	0	0	0	0	0	0	0	0	0	0	0	0	0	0	0	0	0	0	0	0	0	0	0	192	0	0	0	0	0	0	0	0	0	0	0	0	0	0	0	0	96	0	96	0	0	0	0	0	0	0	0	0	0	0	0	0	0	0	0	
0	0	0	0	0	0	0	0	0	0	0	0	0	0	0	0	0	0	0	0	0	0	0	192	0	0	0	0	0	0	0	0	0	0	0	0	0	0	0	0	0	0	0	0	192	0	0	192	0	0	0	0	0	0	0	0	0	0	0	0	
0	0	0	0	0	0	0	0	0	0	0	0	96	0	0	500	0	0	0	0	0	0	0	0	0	0	0	0	0	0	0	0	0	0	0	0	0	0	0	0	0	0	0	0	0	500	0	0	0	0	0	0	0	0	0	0	0	0	0	0	
0	0	0	0	0	500	0	0	0	0	0	192	0	0	0	0	0	0	0	0	0	0	0	0	0	0	0	96	0	500	0	0	0	0	0	0	0	0	0	96	0	0	0	0	0	0	0	0	0	0	0	0	0	0	0	0	0	0	0	0	
0	96	0	0	0	0	0	0	0	0	0	0	0	0	0	0	0	0	96	0	0	0	0	0	0	0	0	0	0	0	0	0	0	0	0	0	0	0	0	0	0	0	0	0	0	0	0	0	0	0	0	0	0	0	0	48	0	0	0	0	
0	0	0	0	0	48	0	0	0	192	0	0	0	0	0	0	0	0	0	0	0	0	0	0	0	0	0	0	0	0	0	0	0	0	0	0	0	0	0	0	0	0	0	0	0	0	0	0	0	192	0	0	192	0	0	0	0	0	0	0	
0	0	0	0	0	0	0	0	96	0	0	0	0	0	0	500	0	0	0	0	0	0	0	0	0	0	0	0	0	0	0	0	0	0	0	0	0	0	0	0	0	0	0	0	0	500	0	0	0	0	0	0	0	0	0	0	0	0	0	0	
0	0	0	0	0	0	0	0	0	0	0	0	0	0	0	0	0	0	0	0	0	0	0	0	0	0	0	0	0	0	0	0	0	0	0	0	0	0	0	0	0	0	0	96	0	0	0	0	0	0	0	0	0	0	0	0	0	0	0	96	
0	0	0	0	0	0	0	0	0	0	0	0	0	0	0	0	0	0	0	0	0	0	0	0	0	0	0	0	0	0	0	0	0	0	0	0	0	0	0	0	48	0	0	0	0	0	0	0	0	0	0	0	500	0	0	0	0	0	0	0	
0	0	0	0	0	0	0	0	500	0	0	0	500	0	0	0	0	0	0	0	0	0	0	0	0	0	0	0	0	0	0	0	0	0	0	0	0	0	0	0	0	0	0	0	0	0	0	0	0	0	0	0	0	96	0	0	0	0	0	0	
0	0	0	0	0	0	0	0	0	0	0	0	0	0	0	0	0	0	0	0	0	192	0	0	0	0	0	0	0	0	96	0	0	0	0	48	0	0	0	0	0	0	0	0	0	96	0	0	0	0	96	0	0	0	0	0	0	0	0	0	
0	0	0	0	0	0	0	0	0	0	0	0	0	0	0	0	0	0	0	0	0	0	0	0	0	0	96	0	0	0	0	0	0	0	0	0	0	0	0	0	0	0	48	0	0	0	0	0	0	0	0	0	0	0	0	0	0	0	0	0	
0	0	0	0	0	0	0	0	0	0	96	0	0	0	0	0	0	0	0	0	0	0	0	0	0	0	0	0	0	0	0	0	0	0	0	0	0	0	0	0	0	0	0	0	0	0	0	0	0	0	0	0	0	0	0	48	0	0	0	0	
0	0	0	96	0	0	0	0	0	0	0	0	0	0	0	0	0	0	0	0	0	0	0	0	0	0	0	0	0	0	0	0	0	0	0	0	0	0	0	0	0	0	0	0	0	0	0	0	192	0	0	0	0	0	0	0	0	0	0	0	
0	0	0	0	0	0	0	0	0	0	0	0	0	0	0	0	0	0	0	0	0	0	0	0	0	0	0	0	0	0	0	0	500	0	0	0	0	0	0	0	0	0	0	0	0	0	96	0	0	0	0	0	0	48	0	0	0	0	0	0	
0	0	0	0	0	0	0	0	0	0	0	0	0	0	0	0	192	0	0	0	0	0	0	0	0	0	0	0	0	0	0	0	0	0	0	192	0	0	0	0	0	0	0	0	0	0	0	0	0	0	0	0	0	0	0	0	0	0	0	0	
0	0	0	0	0	0	0	0	0	0	0	0	0	0	0	0	0	0	0	0	0	0	0	0	0	0	0	0	0	0	0	0	500	0	0	0	0	0	0	0	0	0	0	0	0	0	0	0	0	0	0	0	0	0	0	0	0	0	0	48	
500	0	0	0	0	0	0	192	0	0	0	0	0	0	0	0	0	0	0	0	0	0	0	0	0	0	0	0	0	0	0	0	0	0	0	0	0	0	96	0	0	0	0	0	0	0	0	0	0	0	0	0	0	0	0	0	0	192	0	0	
0	0	0	500	0	0	192	0	0	0	0	0	0	0	0	0	0	0	0	0	0	0	0	0	0	0	0	0	0	0	0	0	0	0	0	0	0	0	0	0	0	0	0	0	0	0	0	0	0	0	0	0	0	0	0	0	0	0	0	0	
0	0	0	0	0	0	0	0	0	0	0	0	0	0	0	0	0	0	0	0	0	0	0	0	0	0	0	0	0	0	500	0	0	500	0	500	0	0	0	0	0	0	0	0	0	0	0	0	0	0	48	0	0	0	0	0	0	0	0	0	
0	0	0	0	0	0	0	0	0	0	0	0	0	0	0	0	0	96	0	0	0	0	0	0	0	0	0	0	0	0	0	0	0	0	0	0	0	0	0	0	0	0	500	0	0	0	0	0	0	0	0	0	0	0	0	0	0	0	0	0	
0	0	0	0	0	48	0	0	0	96	0	0	0	0	0	0	0	0	0	0	0	0	0	0	0	0	0	0	0	0	0	0	0	0	0	0	0	0	0	0	0	0	0	0	0	0	0	0	0	0	0	0	0	0	0	0	0	0	0	0	
0	0	0	0	0	0	0	0	0	0	0	0	0	0	0	0	0	0	0	0	0	0	0	0	0	0	0	0	0	0	0	0	0	0	0	0	0	96	0	0	0	0	0	0	0	0	0	0	0	0	0	0	0	0	0	0	0	0	500	0	
0	0	0	0	0	0	0	0	0	500	0	0	0	0	0	0	0	0	0	0	0	0	0	0	0	0	0	0	0	0	0	0	0	0	0	0	0	0	0	0	0	0	0	0	0	0	0	0	0	0	0	0	0	0	0	0	0	192	0	0	
0	0	0	0	0	0	0	0	0	0	0	0	0	0	0	0	96	0	0	0	0	0	0	0	0	500	0	0	0	0	0	0	0	0	0	0	0	0	0	0	0	0	0	0	0	0	0	0	0	0	0	0	0	0	0	0	0	0	0	0	
0	0	0	0	0	0	0	0	0	0	0	0	0	0	0	0	0	0	0	0	0	0	0	0	0	0	0	0	0	0	0	0	0	0	0	0	0	192	0	0	48	0	48	0	0	0	0	0	0	0	0	0	0	0	0	0	0	0	500	0	
0	0	0	0	0	0	0	0	0	0	0	0	0	0	0	0	0	0	0	0	500	0	500	0	0	0	0	0	0	0	0	0	0	0	0	0	0	0	0	0	0	0	0	0	0	0	0	0	0	0	0	0	0	0	0	0	0	0	0	0	
0	0	0	0	0	0	0	0	0	0	0	0	0	0	0	0	0	0	0	0	0	0	0	0	0	500	0	0	0	0	0	0	0	0	0	0	0	0	0	0	0	0	0	0	0	0	0	0	48	0	0	0	0	0	0	0	0	0	0	0	
0	500	0	0	0	0	0	0	0	0	0	0	0	0	0	0	0	0	0	0	0	0	0	0	0	0	0	0	0	0	0	0	0	0	0	0	48	0	0	0	0	0	0	0	0	0	0	0	0	0	0	0	0	0	0	0	0	0	0	0	
0	0	0	0	0	0	0	0	0	0	0	0	0	0	0	0	48	0	0	0	0	192	0	0	0	500	0	0	0	0	0	0	0	0	0	0	0	0	0	0	0	0	0	0	0	0	0	0	0	0	0	0	0	0	0	0	0	0	0	0	
0	96	0	0	0	0	0	0	0	0	0	0	0	0	0	0	0	0	0	0	0	0	0	0	0	0	0	0	0	0	0	0	0	0	48	0	0	0	0	0	0	0	0	0	0	0	0	0	0	0	0	0	0	0	0	0	0	0	0	0	
0	0	0	0	0	0	0	0	0	0	0	0	0	0	0	0	0	0	0	0	0	0	0	0	0	0	0	0	96	0	0	192	0	0	0	0	0	0	0	0	0	0	0	0	0	0	0	0	0	0	0	0	0	0	0	0	0	0	0	0	
0	0	0	0	0	0	0	0	0	0	0	0	0	0	0	0	0	0	0	0	0	0	0	96	0	0	0	0	0	0	0	0	0	0	0	0	0	0	0	0	0	0	0	0	0	0	0	0	48	0	0	0	0	0	0	0	0	0	0	0	
0	0	0	0	0	96	0	0	0	96	0	0	0	0	0	0	0	0	0	0	0	0	0	0	0	0	0	0	0	0	0	0	0	0	0	0	0	0	0	0	0	0	0	0	0	0	0	0	0	0	0	0	0	0	0	0	0	0	0	0	
0	0	0	0	0	0	0	0	0	0	0	0	0	0	48	0	0	0	0	0	0	0	0	0	0	0	0	0	0	0	0	48	0	0	0	0	0	0	0	0	0	0	0	0	0	0	0	0	0	0	0	0	0	0	0	0	0	0	0	0	
0	0	0	48	0	0	96	0	0	0	0	0	0	0	0	0	0	0	0	0	0	0	0	0	0	0	0	0	0	0	0	0	0	0	0	0	0	0	0	0	0	0	0	0	0	0	0	0	0	0	0	0	0	0	0	0	0	0	0	0	
0	0	0	0	0	0	0	0	0	0	0	0	0	0	0	0	0	48	0	0	0	0	0	0	0	0	500	0	0	0	0	48	0	0	0	0	0	0	0	0	0	0	0	0	0	0	0	0	0	0	0	0	0	0	0	0	0	0	0	0	
0	0	0	0	0	0	96	0	0	0	0	0	0	96	0	0	0	0	0	0	0	0	0	0	0	0	0	0	0	0	0	0	0	0	0	0	0	0	0	0	0	0	0	0	0	0	0	0	0	0	0	0	0	0	0	0	0	0	0	0	
48	0	0	0	0	0	0	192	0	0	0	0	0	0	0	0	0	0	0	0	0	0	0	0	0	0	0	0	0	0	0	0	0	0	0	0	0	0	0	0	0	0	0	0	0	0	0	0	0	0	0	0	0	0	0	0	0	0	0	0	
0	0	0	0	0	0	0	0	500	0	0	0	500	0	0	0	96	0	0	0	0	0	0	0	0	0	0	0	0	0	0	0	0	0	0	0	0	0	0	0	0	0	0	0	0	0	0	0	0	0	0	0	0	0	0	0	0	0	0	0	
0	0	0	0	0	0	0	0	0	0	0	0	0	0	0	0	0	0	0	0	96	0	0	0	0	0	0	0	0	0	0	0	0	0	0	0	0	0	0	0	0	0	0	0	0	0	0	0	0	0	0	0	0	48	0	0	0	0	0	0	
96	0	0	0	0	0	0	192	0	0	0	0	0	0	0	0	0	0	0	0	0	0	0	0	0	0	0	0	0	0	0	0	0	0	0	0	0	0	0	0	0	0	0	0	0	0	0	0	0	0	0	0	0	0	0	0	0	0	0	0	
0	0	0	0	0	0	0	0	0	0	0	0	0	0	0	0	0	0	0	192	0	0	0	0	0	0	0	0	0	0	0	0	0	48	0	0	0	0	48	0	0	0	0	0	0	0	0	0	0	0	0	0	0	0	0	0	0	0	0	0	
0	0	0	0	0	500	0	0	0	0	0	192	0	0	0	0	0	0	0	0	0	0	0	0	0	0	0	0	0	0	0	0	0	0	0	0	0	0	0	0	0	0	0	0	0	0	0	0	0	0	0	0	0	0	0	0	0	0	0	0	
0	0	0	0	0	0	0	0	0	0	0	0	0	0	0	0	96	0	0	0	0	0	0	0	0	48	0	0	0	0	0	0	0	0	0	0	0	0	0	0	0	0	0	0	0	0	0	0	0	0	0	0	0	0	0	0	0	0	0	0	
500	0	96	0	500	0	0	0	0	0	0	0	0	0	0	0	0	0	0	0	0	0	0	0	0	0	0	0	0	0	0	0	0	0	0	0	0	0	0	0	0	0	0	0	0	0	0	0	0	0	0	0	0	0	0	0	0	0	0	0	
0	0	0	0	0	0	0	0	0	0	0	192	0	0	500	0	0	0	0	0	0	0	0	0	0	0	0	0	0	0	0	0	0	0	0	0	0	0	0	0	0	0	0	0	0	0	0	0	0	0	0	0	0	0	0	0	0	0	0	0	
0	0	0	0	0	0	0	0	0	0	0	0	0	0	0	96	0	0	0	0	48	0	0	0	0	0	0	0	0	0	0	0	0	0	0	0	0	0	0	0	0	0	0	0	0	0	48	0	0	0	0	0	0	0	0	0	0	0	0	0	
0	0	0	0	0	0	0	0	0	0	0	0	0	0	0	0	0	0	0	0	0	0	0	0	0	0	0	0	0	0	0	0	0	0	0	0	0	0	0	0	0	0	0	0	0	0	0	0	0	0	0	0	0	0	0	0	96	500	0	0	
0	0	0	0	0	0	0	0	0	0	48	0	0	0	0	0	0	0	48	0	0	0	0	0	0	0	0	0	0	0	0	0	0	0	0	0	0	0	0	0	0	0	0	0	0	0	0	0	0	0	0	0	0	0	0	0	0	0	0	0	
0	192	0	0	0	0	0	0	0	0	0	0	0	0	0	0	0	0	0	0	0	0	0	0	0	0	0	0	0	0	0	0	0	0	0	0	0	0	0	0	0	0	0	0	0	0	0	0	0	0	0	0	0	0	96	0	0	0	0	0	
0	0	0	0	0	0	0	0	0	0	0	0	0	0	0	0	0	0	0	0	0	0	0	192	0	0	0	0	0	192	0	0	0	0	0	0	0	0	0	0	0	0	0	0	0	0	0	0	0	0	0	0	0	0	500	0	0	0	0	0	
0	0	0	0	0	0	0	0	0	0	0	0	0	0	0	0	0	0	0	0	0	0	0	0	0	0	0	0	500	0	0	500	0	0	0	0	0	0	0	0	0	0	0	0	0	0	0	0	0	0	0	0	0	0	0	0	0	0	0	0	
0	0	0	0	0	0	0	0	0	0	0	0	0	96	0	0	0	0	0	0	0	0	48	0	0	0	0	0	0	0	0	0	0	0	0	0	0	0	0	0	0	0	0	0	0	0	0	0	0	0	0	0	0	0	0	0	0	0	0	0	
33	42	17	39	58	13	43	35	33	47	10	53	6	13	50	50	32	27	4	22	30	40	9	11	18	48	39	41	24	32	58	18	27	45	27	26	38	27	27	27	51	41	4	49	22	43	30	38	18	38	22	22	38	3	13	3	52	3	1	21	41	47	18	38	9	8	57	14	34	51	28	11	33	25	3	38	3	31	27	26	53	18	25	11	59	55	46	16	27	31	52	26	18	31	31	51	33	16	45	24	56	31	25	53	17	37	54	31	1	44	29	44	1	7	1	1	49	16	45	26	19	36	9	24	8	0	18	9	29	41	37	14	35	17	8	15	10	43	51	58	16	1	47	59	50	12	22	12	44	46	4	45	21	34	46	51	12	38	41	9	7	40	31	13	22	7	48	31	12	57	25	33	32	40	3	31	4	7	16	19	44	41	40	49	15	5	32	52	12	50	38	9	1	43	30	50	11	50	5	7	58	45	48	30	57	4	12	47	51	23	31	44	50	33	29	50	54	25	32	1	25	6	55	30	21	7	21	23	52	27	2	33	38	38	40	16	15	36	18	9	47	8	3	46	44	45	19	32	26	50	40	47	20	43	22	48	57	25	54	21	35	44	29	7	3	51	4	18	25	50	1	12	0	54	56	1	35	35	7	59	44	0	37	22	11	5	9	16	43	51	11	5	55	51	21	18	5	58	58	50	21	0	33	0	14	12	50	33	59	34	47	39	30	11	36	22	36	36	58	20	29	58	2	53	59	10	33	27	35	13	1	34	54	40	34	8	37	12	49	6	12	6	16	8	53	47	15	7	41	56	51	29	17	2	21	22	41	23	3	0	35	10	25	44	56	5	0	6	53	33	50	0	50	27	22	38	29	12	31	57	19	6	37	3	57	44	14	53	52	36	38	27	4	11	58	39	35	46	47	13	54	31	39	26	1	9	9	45	35	50	29	28	23	52	13	30	31	10	12	52	23	22	13	58	38	42	28	54	27	1	51	56	40	38	13	10	29	36	26	41	45	13	47	44	43	23	33	19	33	53	34	33	16	6	54	11	24	5	58	51	48	21	8	29	11	1	28	23	15	12	59	1	8	37	38	37	21	3	35	40	21	10	2	30	22	10	20	24	16	38	18	48	14	9	34	35	11	22	12	25	9	21	1	59	28	35	43	4	7	32	5	10	37	39	22	4	32	0	35	7	13	51	23	15	44	51	57	18	40	4	37	52	4	27	12	10	54	21	4	47	54	58	1	9	15	37	48	44	48	58	26	30	59	18	9	39	12	42	13	21	30	23	15	4	0	54	28	46	0	20	30	7	35	46	17	58	13	21	58	48	0	29	51	19	25	5	32	11	37	13	18	50	33	43	10	20	49	6	54	23	55	4	57	24	8	34	51	3	25	29	58	45	54	58	53	36	41	46	20	37	51	50	0	28	49	35	26	10	31	26	8	21	23	57	22	14	34	39	37	53	49	18	35	48	37	47	11	7	30	52	28	59	54	56	23	27	10	25	43	1	42	20	15	8	33	15	31	41	38	17	24	56	11	12	52	39	0	30	51	54	52	38	2	55	30	46	23	14	36	28	57	5	39	19	11	4	7	30	29	29	10	8	9	24	29	36	31	31	57	13	40	43	38	22	41	52	31	2	40	11	43	16	12	6	4	39	44	29	6	58	5	50	20	28	46	46	37	52	26	53	19	38	41	44	50	50	21	1	5	59	25	53	47	12	16	8	58	44	51	59	23	19	13	12	50	34	21	28	25	33	51	11	5	7	36	27	11	4	14	52	4	0	20	31	32	42	5	55	5	58	26	46	40	41	50	55	33	4	24	51	3	56	16	38	9	49	36	18	33	42	51	59	11	31	28	35	58	1	28	30	25	53	26	18	14	36	53	36	30	15	9	31	13	23	55	51	22	33	20	31	4	2	18	36	28	3	37	32	49	49	27	39	58	53	39	11	41	28	0	33	39	39	30	41	49	27	27	8	43	17	46	40	35	26	38	10	46	51	43	42	5	14	51	33	36	14	1	37	10	41	32	7	46	24	9	39	49	24	55	58	58	51	57	15	52	36	23	0	13	21	42	32	46	47	44	40	3	20	37	56	23	39	2	38	49	10	8	10	59	47	17	42	5	21	33	26	54	30	53	44	25	56	30	24	36	2	46	20	28	51	5	44	13	46	32	42	41	14	25	18	33	50	11	38	6	12	37	43	41	50	40	32	22	7	55	53	35	6	53	1	33	47	30	29	48	26	51	39	15	6	46	48	1	6	51	24	52	57	7	32	4	59	47	54	4	12	53	3	43	39	17	11	19	55	48	15	53	3	4	57	29	3	8	42	37	52	3	18	6	58	58	14	49	20	20	17	23	34	28	37	44	57	30	9	38	25	47	46	18	9	57	48	16	37	36	37	7	46	37	41	58	41	49	26	3	11	50	0	3	52	20	49	38	23	36	17	30	48	24	22	12	52	35	48	29	4	48	1	21	57	36	10	19	20	46	10	30	2	37	41	19	8	33	6	17	23	39	10	39	28	33	23	19	52	31	18	6	56	42	6	21	57	47	47	52	37	52	12	9	11	13	22	49	9	3	55	41	28	19	8	13	49	3	9	32	33	3	36	1	30	20	29	5	3	8	17	47	38	38	42	54	16	41	41	32	2	38	38	34	54	32	31	49	15	58	16	49	3	52	19	4	24	32	20	11	53	33	53	46	56	26	10	44	35	59	5	20	21	14	42	56	5	22	39	41	10	14	4	3	10	55	47	8	39	12	16	53	36	52	1	51	56	47	2	23	22	2	53	13	21	39	19	47	32	29	8	26	50	32	
22	28	30	17	56	13	24	57	29	41	26	0	45	33	52	19	23	26	59	56	30	44	44	59	47	22	45	54	53	8	49	37	43	23	51	53	27	23	11	48	41	39	11	15	28	15	10	22	31	51	39	46	7	10	38	57	7	59	56	11	14	32	26	54	41	7	5	50	39	23	51	17	15	38	52	23	7	38	41	21	24	42	59	42	38	56	52	36	39	5	28	58	44	2	44	56	33	28	49	44	4	0	36	30	2	35	43	52	51	22	37	54	18	29	21	26	17	43	55	48	56	28	49	6	14	16	2	20	41	22	5	27	42	10	46	5	42	8	2	34	57	15	18	44	37	10	48	59	30	27	0	17	6	56	19	18	26	56	50	4	15	29	14	43	5	32	41	53	22	15	55	22	47	5	57	43	29	32	56	58	32	41	25	47	26	17	2	36	27	4	11	45	29	45	29	24	13	56	25	37	28	26	48	58	30	32	52	35	9	14	49	13	30	19	24	10	10	10	26	27	41	14	24	16	41	42	16	14	38	9	26	3	59	46	3	7	31	32	16	4	3	14	46	38	50	10	15	10	35	33	43	50	8	12	51	19	21	25	48	57	29	51	56	9	26	48	42	41	4	45	37	9	26	11	1	39	46	2	19	39	5	57	13	31	20	56	51	47	31	24	17	25	0	57	15	25	59	26	15	24	26	7	59	28	26	52	1	26	36	36	41	13	48	26	8	13	24	4	27	24	33	28	4	22	36	9	34	49	1	29	0	8	54	18	42	44	35	7	50	33	35	38	47	52	17	40	56	47	46	18	9	55	37	33	19	32	33	22	23	7	48	38	3	30	50	58	15	57	53	42	56	45	58	5	59	13	30	27	33	59	41	40	16	10	13	27	31	47	59	8	45	1	35	39	42	20	15	3	40	43	52	27	38	55	3	37	27	6	44	27	35	32	25	52	51	46	31	42	53	51	26	30	0	25	32	22	27	31	42	21	18	45	32	1	54	53	12	55	24	24	31	36	14	9	6	32	16	52	53	22	35	35	54	2	28	54	10	41	20	39	25	40	29	5	25	19	19	25	43	53	11	43	0	41	42	52	16	30	58	46	29	59	58	45	55	39	29	27	37	9	43	44	34	40	25	18	47	3	5	5	43	20	6	55	25	24	27	16	3	40	8	37	33	30	22	56	29	1	7	50	8	43	55	23	31	9	26	16	46	8	31	55	35	56	23	52	11	24	33	13	42	44	52	10	31	41	0	16	8	3	50	45	9	1	15	26	25	55	53	43	46	5	43	29	37	38	28	10	26	45	20	18	39	28	44	59	29	13	10	13	0	27	58	58	47	0	57	46	49	54	56	23	55	52	8	49	55	56	27	49	26	7	8	41	1	42	50	5	0	2	13	47	30	8	43	19	17	21	11	59	49	38	48	15	45	15	6	29	3	55	38	25	44	10	9	49	4	13	29	5	5	40	22	34	52	38	17	34	5	50	19	57	42	3	5	49	16	4	41	22	8	15	22	50	18	50	51	33	20	40	0	49	14	11	47	26	15	52	59	34	34	25	47	25	45	49	43	4	52	58	20	13	33	37	52	40	25	55	18	47	49	1	37	2	29	15	57	15	3	40	11	2	44	36	41	21	12	52	10	44	57	44	17	52	20	55	34	3	37	56	58	6	54	54	39	37	20	32	4	37	40	41	4	36	58	20	19	14	28	52	38	41	39	20	51	5	7	58	34	27	3	59	55	29	53	9	25	16	57	59	21	32	6	51	58	14	34	18	3	56	50	37	28	30	22	25	14	26	56	26	10	52	57	43	37	42	9	40	1	44	42	22	14	28	45	49	13	50	55	24	3	27	24	55	50	5	14	38	45	5	2	8	43	54	44	56	16	20	42	1	2	54	45	14	48	33	1	25	53	50	8	19	41	23	43	34	5	9	31	57	46	28	56	50	34	26	32	18	12	22	4	6	31	20	28	39	24	23	2	26	34	16	31	0	7	29	48	14	33	42	45	8	28	36	40	21	53	10	37	45	38	26	31	45	50	11	9	17	28	42	12	40	20	50	27	57	51	35	1	59	34	12	56	1	11	14	44	29	54	7	24	57	52	31	11	36	10	55	2	56	5	30	40	54	31	26	12	8	3	26	39	13	12	38	28	7	7	56	10	55	3	45	7	50	15	13	27	29	58	25	25	24	43	14	48	50	27	39	53	19	49	54	7	0	56	38	45	29	35	44	29	33	33	56	3	4	59	23	29	18	28	31	32	22	27	56	53	23	19	20	4	19	44	35	31	0	56	11	47	49	57	20	56	12	37	40	28	26	24	39	48	45	51	50	41	44	43	27	3	13	21	23	44	49	59	30	8	1	25	53	6	54	24	30	41	24	33	25	31	46	42	8	32	36	26	23	14	11	44	15	50	7	0	30	24	35	40	21	23	51	51	36	50	31	16	4	58	14	43	11	42	43	13	17	49	33	27	52	21	39	43	20	22	55	28	27	14	34	21	53	30	18	26	12	23	22	45	40	21	12	17	42	18	21	9	0	11	30	21	54	16	40	6	26	3	24	5	56	29	19	0	50	46	2	30	16	1	21	18	16	49	23	44	42	19	4	58	8	53	17	19	30	32	18	58	25	53	14	3	51	33	52	11	4	20	59	8	42	52	10	1	29	45	11	9	3	25	56	52	24	5	32	35	14	10	5	47	53	32	20	42	55	33	47	8	20	42	49	54	13	20	44	13	12	27	49	50	21	29	37	3	34	2	5	28	59	32	57	46	50	52	32	14	59	55	58	53	20	53	20	53	41	41	34	14	7	9	47	9	
40	24	36	32	20	34	22	37	24	38	32	27	28	27	24	37	24	21	27	20	31	27	39	29	31	20	37	26	28	29	40	36	30	29	37	39	32	30	35	30	37	22	34	23	30	39	38	22	36	38	20	23	22	22	27	39	22	28	27	27	37	39	25	33	27	29	37	38	39	26	34	25	23	30	30	34	29	33	35	38	25	22	33	40	33	20	25	20	35	27	32	33	34	28	31	34	21	39	36	34	40	21	20	37	22	28	34	24	40	35	35	28	30	36	26	27	32	34	28	38	22	28	26	24	30	36	25	40	31	28	30	21	25	27	29	21	25	36	21	21	33	40	27	28	38	30	35	29	40	36	30	39	20	32	38	25	23	36	28	34	21	27	20	38	29	33	33	28	28	40	34	22	38	32	34	23	29	25	20	20	20	32	26	34	26	40	21	32	32	39	36	20	36	40	28	39	35	22	28	29	38	26	25	40	21	32	21	33	40	34	30	40	25	36	37	21	22	21	38	28	21	34	36	28	40	32	34	28	26	23	23	31	38	20	38	40	20	27	32	38	38	23	34	21	31	27	24	21	22	39	37	30	35	40	29	20	40	39	33	22	22	40	33	39	40	38	33	33	27	35	27	37	36	26	37	21	38	40	23	25	36	32	23	26	25	21	31	34	37	38	34	30	34	28	30	20	35	22	30	37	25	30	34	23	39	22	29	25	22	39	29	29	22	32	28	27	23	28	22	37	38	23	25	23	39	33	31	21	22	21	26	25	26	25	21	37	23	25	38	20	22	30	34	28	40	40	39	36	40	30	31	28	33	21	25	21	22	33	37	36	39	21	27	39	37	33	24	30	30	33	24	30	38	34	28	20	25	36	22	22	40	21	32	21	28	26	25	37	37	22	21	28	22	29	37	36	25	20	29	30	27	26	23	32	38	38	39	21	30	31	20	36	20	36	20	28	21	29	39	25	38	36	26	20	24	37	28	30	32	33	33	22	22	38	24	21	27	35	28	35	40	34	28	40	22	32	37	24	23	29	26	36	24	30	27	22	31	32	36	20	33	38	35	21	24	35	26	34	26	36	29	28	31	30	20	30	35	23	37	26	40	28	24	32	35	32	25	31	39	32	29	27	28	27	24	25	33	22	39	35	24	21	24	27	24	38	25	23	23	37	20	22	33	24	25	31	35	23	35	22	39	31	35	24	34	21	36	20	24	28	24	31	26	32	36	27	21	25	22	36	39	30	24	32	37	32	33	35	28	36	29	34	30	23	35	29	22	20	36	28	26	37	20	28	24	40	30	24	23	26	35	23	39	25	28	28	21	30	20	25	39	20	32	40	37	20	30	24	25	37	21	27	28	23	25	21	36	33	30	21	25	23	38	30	29	20	20	22	25	38	21	21	38	35	37	37	30	30	29	40	26	22	40	36	27	25	25	26	38	35	28	29	40	33	23	23	33	30	29	31	26	29	27	24	39	35	24	30	37	24	33	37	32	33	24	36	36	38	22	28	38	34	35	22	39	28	36	37	23	32	22	30	22	22	23	38	24	28	31	34	38	36	23	36	39	25	38	33	25	34	31	35	38	22	37	33	40	40	35	30	31	40	28	36	32	32	39	38	33	34	38	25	27	23	35	36	39	35	21	27	20	24	33	29	30	20	29	21	20	36	28	35	34	21	35	24	25	24	34	21	31	26	31	20	29	37	21	35	28	26	22	29	25	30	22	21	40	21	40	39	40	22	39	32	22	28	22	40	28	31	37	31	27	37	40	37	27	40	33	22	27	40	30	37	40	39	35	22	31	31	36	35	34	38	26	20	30	34	35	30	40	26	31	36	20	40	40	28	20	32	28	28	40	21	31	37	32	27	30	40	21	35	40	25	36	30	26	21	40	37	37	40	28	36	22	40	37	34	24	40	27	21	36	29	37	39	27	35	30	31	23	31	23	20	34	34	30	25	21	39	28	26	40	24	33	26	32	39	39	26	28	27	26	33	40	40	38	30	20	25	23	35	37	40	21	29	23	36	35	29	37	36	31	25	28	20	40	31	23	29	20	37	40	28	26	26	25	25	39	36	25	26	29	26	32	33	34	23	39	29	20	35	35	34	22	36	34	32	39	29	21	27	23	37	27	29	34	20	35	20	40	36	36	40	27	38	28	37	22	24	34	37	32	23	39	23	36	23	21	27	36	35	38	38	21	28	32	30	33	38	22	22	37	22	34	36	21	29	22	26	30	40	37	40	21	25	28	35	29	35	35	30	34	32	38	35	38	22	28	25	22	29	30	28	30	36	34	24	24	20	21	24	31	21	35	29	34	29	24	31	25	28	34	29	26	30	22	28	38	26	37	24	39	22	32	40	28	36	30	28	24	37	36	21	38	23	23	20	32	20	22	36	38	25	27	36	36	32	36	21	32	34	34	24	36	22	30	27	38	35	32	29	37	34	22	33	35	31	24	32	29	25	30	30	37	24	35	31	28	27	31	31	27	37	20	21	22	29	38	25	30	33	26	25	22	27	32	21	35	30	25	39	35	37	30	38	33	27	28	26	21	35	29	20	40	35	31	33	38	21	39	26	29	22	35	39	29	20	39	25	40	28	26	37	29	36	35	22	40	37	24	39	34	39	39	40	20	35	39	20	20	21	39	40	27	39	32	40	34	31	24	39	24	38	30	21	29	20	27	20	27	21	35	35	36	36	27	30	28	36	27	34	40	20	27	32	28	39	40	30	34	39	36	40	31	27	39	39	25	37	22	20	26	35	24	40	33	21	23	29	20	40	30	29	29	26	39	37	24	22	32	36	21	31	22	31	24	32	32	
26	11	42	25	15	23	46	19	31	37	50	32	27	15	49	42	22	24	14	13	30	42	35	32	20	33	43	32	10	47	43	20	38	44	10	11	23	29	18	13	29	20	13	28	31	27	31	40	43	22	12	20	22	48	14	17	32	47	47	30	45	35	46	43	18	29	42	23	14	30	50	40	11	44	35	35	24	22	42	48	38	17	40	38	35	49	34	28	33	45	34	14	35	26	35	36	28	28	28	31	23	36	12	29	46	13	38	15	42	20	12	18	45	43	17	21	15	25	17	45	18	15	38	30	32	21	47	26	13	29	42	32	30	37	41	40	30	22	32	36	24	50	35	37	40	23	48	23	31	47	14	44	17	18	41	33	30	16	10	17	10	44	33	19	29	43	34	45	50	48	31	38	38	41	32	10	29	43	44	30	29	42	29	40	15	24	13	34	26	24	20	12	15	41	45	39	50	42	26	48	43	31	36	38	47	14	24	30	32	49	25	46	46	40	33	18	10	21	39	11	48	31	46	17	38	18	40	44	37	45	37	35	38	39	19	10	31	28	14	44	34	10	37	25	28	12	48	40	19	20	49	27	42	41	11	49	42	27	30	31	28	31	40	20	38	35	34	39	26	22	46	22	23	39	50	21	44	26	25	44	49	50	46	28	28	50	48	48	16	47	27	12	11	29	28	28	13	46	50	20	19	25	27	43	46	23	34	20	40	12	18	33	27	49	19	16	18	27	48	41	28	26	44	22	44	49	31	23	50	21	31	16	28	39	24	18	38	32	44	26	11	32	49	19	39	28	35	28	14	35	21	41	24	46	41	49	11	40	43	50	45	42	28	12	19	20	17	25	28	44	41	34	28	31	37	31	33	16	42	19	30	11	13	34	41	14	40	31	11	12	34	22	35	26	13	23	10	20	27	37	45	31	27	48	36	21	27	22	26	24	33	50	44	15	43	24	16	32	35	29	42	26	18	25	48	23	40	34	37	18	39	47	10	21	34	22	22	32	40	13	25	40	22	49	44	28	25	47	26	48	47	13	39	29	47	14	30	45	28	40	48	34	42	11	16	25	14	10	14	32	39	24	48	34	29	38	15	27	19	34	19	21	38	30	50	32	10	32	18	49	32	22	38	48	39	13	27	30	19	40	17	43	34	17	49	35	16	13	45	43	30	44	31	22	20	14	10	14	23	25	40	44	21	38	17	37	33	50	22	49	31	23	41	42	29	36	49	13	27	49	21	36	27	17	40	39	47	30	40	35	36	47	33	43	40	21	30	22	45	33	36	19	42	14	41	18	45	46	10	38	42	28	30	34	15	21	10	34	47	31	34	44	10	20	43	41	20	38	34	23	37	17	16	19	25	49	13	15	45	32	26	39	14	19	19	27	23	27	33	34	24	43	39	10	30	44	49	42	21	20	38	19	21	30	32	41	32	32	26	28	39	47	27	36	14	42	46	15	35	14	31	19	31	40	34	35	25	19	36	32	39	44	37	30	50	42	37	43	42	26	17	37	31	38	25	17	36	34	26	29	42	44	25	50	39	15	45	25	50	11	10	42	43	31	38	35	36	41	10	35	10	17	32	45	33	49	15	43	50	18	28	15	36	12	10	25	10	15	29	23	25	34	22	31	14	10	50	13	50	38	30	46	29	50	49	47	26	10	24	34	38	10	39	15	40	22	14	35	38	24	21	26	12	24	36	30	38	25	27	25	13	11	50	45	37	38	23	14	43	23	50	28	34	24	24	19	14	19	24	37	22	16	33	45	14	44	39	16	34	48	40	10	10	24	49	13	30	17	14	49	24	27	28	45	18	14	32	45	13	48	36	33	36	25	27	17	42	40	50	43	24	24	43	27	21	29	15	19	28	41	27	47	14	39	38	46	34	17	19	33	38	22	27	11	20	48	33	46	28	14	33	24	12	29	23	47	40	23	24	32	33	14	40	30	23	33	33	28	12	44	22	34	30	27	45	33	50	14	27	28	15	12	39	45	40	37	39	26	15	40	32	33	18	31	40	25	14	44	34	11	46	41	28	44	31	17	26	35	33	25	16	33	15	20	41	10	49	33	16	48	13	45	50	41	35	37	32	35	49	34	27	38	16	13	16	35	14	37	39	38	45	20	17	22	30	10	49	23	49	30	22	19	23	40	49	44	13	45	26	17	50	41	16	24	16	44	21	17	21	41	39	12	25	25	27	33	10	18	18	20	44	23	34	41	48	12	40	11	30	41	18	12	27	27	13	21	17	39	40	18	34	33	12	28	50	37	34	36	21	40	17	14	38	38	50	11	18	16	20	14	32	29	13	18	34	28	21	17	30	12	10	19	13	16	29	22	25	26	14	41	11	28	34	32	50	17	15	22	18	45	15	13	15	45	11	47	33	38	29	14	28	38	10	29	45	10	35	47	27	30	24	47	14	46	31	14	44	27	47	22	19	23	22	46	40	20	28	26	37	22	14	50	45	40	25	47	26	36	26	18	27	42	22	23	44	21	19	10	30	22	44	29	33	16	20	41	27	22	41	35	15	24	12	13	20	45	43	33	11	48	30	11	46	27	24	21	39	25	35	10	21	47	42	23	31	39	12	20	31	23	46	45	12	38	21	46	47	26	19	15	33	41	25	30	37	28	38	38	43	35	34	32	21	32	28	24	16	44	18	43	13	10	21	24	49	20	17	46	47	17	22	47	33	10	24	37	21	33	30	44	17	15	35	16	49	38	38	43	41	27	26	16	34	17	44	12	48	23	39	42	32	14	31	42	12	50	30	20	43	44	26	50	25	49	43	12	19	36	11	27	36	34	30	22	17	26	20	18	10	
0.5
70
