1416
60
0	0	0	0	0	0	0	0	0	0	0	0	0	0	0	0	0	0	0	0	0	0	0	500	0	0	0	0	0	0	0	0	0	0	0	0	0	0	0	0	0	0	0	0	48	0	0	96	0	0	0	500	0	0	0	0	0	0	0	0	
0	0	0	0	0	0	0	0	0	0	96	0	0	0	0	0	0	0	0	0	0	0	0	0	0	0	0	0	0	0	0	0	0	0	500	0	96	0	0	0	0	0	0	0	0	0	0	0	0	0	0	0	0	0	0	0	192	0	0	0	
0	0	0	0	500	0	0	0	0	0	0	0	0	0	0	0	0	0	0	0	0	0	0	0	0	0	0	0	0	0	0	0	0	0	0	0	0	0	0	0	0	0	0	0	0	0	0	0	0	0	0	96	0	0	0	0	0	0	0	0	
0	0	0	0	0	0	0	0	0	0	0	0	0	0	0	0	0	0	0	96	0	0	0	0	500	0	0	0	0	0	0	0	0	0	0	0	0	0	0	0	0	48	0	0	0	0	0	0	0	0	0	0	0	0	0	0	0	0	0	0	
0	0	500	0	0	0	0	0	0	0	0	0	0	0	0	0	0	0	0	0	0	0	0	0	0	0	0	0	0	0	0	0	0	0	0	0	0	0	0	0	0	0	0	0	0	0	0	0	0	0	0	500	0	0	0	0	0	0	0	0	
0	0	0	0	0	0	0	0	0	500	0	48	0	0	0	0	0	0	0	0	0	0	0	0	0	0	0	48	0	0	0	0	0	0	0	0	0	0	0	96	0	0	0	0	0	0	0	0	0	500	0	0	0	0	0	0	0	0	0	0	
0	0	0	0	0	0	0	0	0	0	0	0	0	0	0	0	0	0	0	0	0	0	0	0	192	0	0	0	0	0	0	0	0	0	0	0	0	0	0	0	0	96	0	96	0	0	0	0	0	0	0	0	0	0	0	0	0	0	0	0	
0	0	0	0	0	0	0	0	0	0	0	0	0	0	0	0	0	0	0	0	0	0	0	192	0	0	0	0	0	0	0	0	0	0	0	0	0	0	0	0	0	0	0	0	192	0	0	192	0	0	0	0	0	0	0	0	0	0	0	0	
0	0	0	0	0	0	0	0	0	0	0	0	96	0	0	500	0	0	0	0	0	0	0	0	0	0	0	0	0	0	0	0	0	0	0	0	0	0	0	0	0	0	0	0	0	500	0	0	0	0	0	0	0	0	0	0	0	0	0	0	
0	0	0	0	0	500	0	0	0	0	0	192	0	0	0	0	0	0	0	0	0	0	0	0	0	0	0	96	0	500	0	0	0	0	0	0	0	0	0	96	0	0	0	0	0	0	0	0	0	0	0	0	0	0	0	0	0	0	0	0	
0	96	0	0	0	0	0	0	0	0	0	0	0	0	0	0	0	0	96	0	0	0	0	0	0	0	0	0	0	0	0	0	0	0	0	0	0	0	0	0	0	0	0	0	0	0	0	0	0	0	0	0	0	0	0	48	0	0	0	0	
0	0	0	0	0	48	0	0	0	192	0	0	0	0	0	0	0	0	0	0	0	0	0	0	0	0	0	0	0	0	0	0	0	0	0	0	0	0	0	0	0	0	0	0	0	0	0	0	0	192	0	0	192	0	0	0	0	0	0	0	
0	0	0	0	0	0	0	0	96	0	0	0	0	0	0	500	0	0	0	0	0	0	0	0	0	0	0	0	0	0	0	0	0	0	0	0	0	0	0	0	0	0	0	0	0	500	0	0	0	0	0	0	0	0	0	0	0	0	0	0	
0	0	0	0	0	0	0	0	0	0	0	0	0	0	0	0	0	0	0	0	0	0	0	0	0	0	0	0	0	0	0	0	0	0	0	0	0	0	0	0	0	0	0	96	0	0	0	0	0	0	0	0	0	0	0	0	0	0	0	96	
0	0	0	0	0	0	0	0	0	0	0	0	0	0	0	0	0	0	0	0	0	0	0	0	0	0	0	0	0	0	0	0	0	0	0	0	0	0	0	0	48	0	0	0	0	0	0	0	0	0	0	0	500	0	0	0	0	0	0	0	
0	0	0	0	0	0	0	0	500	0	0	0	500	0	0	0	0	0	0	0	0	0	0	0	0	0	0	0	0	0	0	0	0	0	0	0	0	0	0	0	0	0	0	0	0	0	0	0	0	0	0	0	0	96	0	0	0	0	0	0	
0	0	0	0	0	0	0	0	0	0	0	0	0	0	0	0	0	0	0	0	0	192	0	0	0	0	0	0	0	0	96	0	0	0	0	48	0	0	0	0	0	0	0	0	0	96	0	0	0	0	96	0	0	0	0	0	0	0	0	0	
0	0	0	0	0	0	0	0	0	0	0	0	0	0	0	0	0	0	0	0	0	0	0	0	0	0	96	0	0	0	0	0	0	0	0	0	0	0	0	0	0	0	48	0	0	0	0	0	0	0	0	0	0	0	0	0	0	0	0	0	
0	0	0	0	0	0	0	0	0	0	96	0	0	0	0	0	0	0	0	0	0	0	0	0	0	0	0	0	0	0	0	0	0	0	0	0	0	0	0	0	0	0	0	0	0	0	0	0	0	0	0	0	0	0	0	48	0	0	0	0	
0	0	0	96	0	0	0	0	0	0	0	0	0	0	0	0	0	0	0	0	0	0	0	0	0	0	0	0	0	0	0	0	0	0	0	0	0	0	0	0	0	0	0	0	0	0	0	0	192	0	0	0	0	0	0	0	0	0	0	0	
0	0	0	0	0	0	0	0	0	0	0	0	0	0	0	0	0	0	0	0	0	0	0	0	0	0	0	0	0	0	0	0	500	0	0	0	0	0	0	0	0	0	0	0	0	0	96	0	0	0	0	0	0	48	0	0	0	0	0	0	
0	0	0	0	0	0	0	0	0	0	0	0	0	0	0	0	192	0	0	0	0	0	0	0	0	0	0	0	0	0	0	0	0	0	0	192	0	0	0	0	0	0	0	0	0	0	0	0	0	0	0	0	0	0	0	0	0	0	0	0	
0	0	0	0	0	0	0	0	0	0	0	0	0	0	0	0	0	0	0	0	0	0	0	0	0	0	0	0	0	0	0	0	500	0	0	0	0	0	0	0	0	0	0	0	0	0	0	0	0	0	0	0	0	0	0	0	0	0	0	48	
500	0	0	0	0	0	0	192	0	0	0	0	0	0	0	0	0	0	0	0	0	0	0	0	0	0	0	0	0	0	0	0	0	0	0	0	0	0	96	0	0	0	0	0	0	0	0	0	0	0	0	0	0	0	0	0	0	192	0	0	
0	0	0	500	0	0	192	0	0	0	0	0	0	0	0	0	0	0	0	0	0	0	0	0	0	0	0	0	0	0	0	0	0	0	0	0	0	0	0	0	0	0	0	0	0	0	0	0	0	0	0	0	0	0	0	0	0	0	0	0	
0	0	0	0	0	0	0	0	0	0	0	0	0	0	0	0	0	0	0	0	0	0	0	0	0	0	0	0	0	0	500	0	0	500	0	500	0	0	0	0	0	0	0	0	0	0	0	0	0	0	48	0	0	0	0	0	0	0	0	0	
0	0	0	0	0	0	0	0	0	0	0	0	0	0	0	0	0	96	0	0	0	0	0	0	0	0	0	0	0	0	0	0	0	0	0	0	0	0	0	0	0	0	500	0	0	0	0	0	0	0	0	0	0	0	0	0	0	0	0	0	
0	0	0	0	0	48	0	0	0	96	0	0	0	0	0	0	0	0	0	0	0	0	0	0	0	0	0	0	0	0	0	0	0	0	0	0	0	0	0	0	0	0	0	0	0	0	0	0	0	0	0	0	0	0	0	0	0	0	0	0	
0	0	0	0	0	0	0	0	0	0	0	0	0	0	0	0	0	0	0	0	0	0	0	0	0	0	0	0	0	0	0	0	0	0	0	0	0	96	0	0	0	0	0	0	0	0	0	0	0	0	0	0	0	0	0	0	0	0	500	0	
0	0	0	0	0	0	0	0	0	500	0	0	0	0	0	0	0	0	0	0	0	0	0	0	0	0	0	0	0	0	0	0	0	0	0	0	0	0	0	0	0	0	0	0	0	0	0	0	0	0	0	0	0	0	0	0	0	192	0	0	
0	0	0	0	0	0	0	0	0	0	0	0	0	0	0	0	96	0	0	0	0	0	0	0	0	500	0	0	0	0	0	0	0	0	0	0	0	0	0	0	0	0	0	0	0	0	0	0	0	0	0	0	0	0	0	0	0	0	0	0	
0	0	0	0	0	0	0	0	0	0	0	0	0	0	0	0	0	0	0	0	0	0	0	0	0	0	0	0	0	0	0	0	0	0	0	0	0	192	0	0	48	0	48	0	0	0	0	0	0	0	0	0	0	0	0	0	0	0	500	0	
0	0	0	0	0	0	0	0	0	0	0	0	0	0	0	0	0	0	0	0	500	0	500	0	0	0	0	0	0	0	0	0	0	0	0	0	0	0	0	0	0	0	0	0	0	0	0	0	0	0	0	0	0	0	0	0	0	0	0	0	
0	0	0	0	0	0	0	0	0	0	0	0	0	0	0	0	0	0	0	0	0	0	0	0	0	500	0	0	0	0	0	0	0	0	0	0	0	0	0	0	0	0	0	0	0	0	0	0	48	0	0	0	0	0	0	0	0	0	0	0	
0	500	0	0	0	0	0	0	0	0	0	0	0	0	0	0	0	0	0	0	0	0	0	0	0	0	0	0	0	0	0	0	0	0	0	0	48	0	0	0	0	0	0	0	0	0	0	0	0	0	0	0	0	0	0	0	0	0	0	0	
0	0	0	0	0	0	0	0	0	0	0	0	0	0	0	0	48	0	0	0	0	192	0	0	0	500	0	0	0	0	0	0	0	0	0	0	0	0	0	0	0	0	0	0	0	0	0	0	0	0	0	0	0	0	0	0	0	0	0	0	
0	96	0	0	0	0	0	0	0	0	0	0	0	0	0	0	0	0	0	0	0	0	0	0	0	0	0	0	0	0	0	0	0	0	48	0	0	0	0	0	0	0	0	0	0	0	0	0	0	0	0	0	0	0	0	0	0	0	0	0	
0	0	0	0	0	0	0	0	0	0	0	0	0	0	0	0	0	0	0	0	0	0	0	0	0	0	0	0	96	0	0	192	0	0	0	0	0	0	0	0	0	0	0	0	0	0	0	0	0	0	0	0	0	0	0	0	0	0	0	0	
0	0	0	0	0	0	0	0	0	0	0	0	0	0	0	0	0	0	0	0	0	0	0	96	0	0	0	0	0	0	0	0	0	0	0	0	0	0	0	0	0	0	0	0	0	0	0	0	48	0	0	0	0	0	0	0	0	0	0	0	
0	0	0	0	0	96	0	0	0	96	0	0	0	0	0	0	0	0	0	0	0	0	0	0	0	0	0	0	0	0	0	0	0	0	0	0	0	0	0	0	0	0	0	0	0	0	0	0	0	0	0	0	0	0	0	0	0	0	0	0	
0	0	0	0	0	0	0	0	0	0	0	0	0	0	48	0	0	0	0	0	0	0	0	0	0	0	0	0	0	0	0	48	0	0	0	0	0	0	0	0	0	0	0	0	0	0	0	0	0	0	0	0	0	0	0	0	0	0	0	0	
0	0	0	48	0	0	96	0	0	0	0	0	0	0	0	0	0	0	0	0	0	0	0	0	0	0	0	0	0	0	0	0	0	0	0	0	0	0	0	0	0	0	0	0	0	0	0	0	0	0	0	0	0	0	0	0	0	0	0	0	
0	0	0	0	0	0	0	0	0	0	0	0	0	0	0	0	0	48	0	0	0	0	0	0	0	0	500	0	0	0	0	48	0	0	0	0	0	0	0	0	0	0	0	0	0	0	0	0	0	0	0	0	0	0	0	0	0	0	0	0	
0	0	0	0	0	0	96	0	0	0	0	0	0	96	0	0	0	0	0	0	0	0	0	0	0	0	0	0	0	0	0	0	0	0	0	0	0	0	0	0	0	0	0	0	0	0	0	0	0	0	0	0	0	0	0	0	0	0	0	0	
48	0	0	0	0	0	0	192	0	0	0	0	0	0	0	0	0	0	0	0	0	0	0	0	0	0	0	0	0	0	0	0	0	0	0	0	0	0	0	0	0	0	0	0	0	0	0	0	0	0	0	0	0	0	0	0	0	0	0	0	
0	0	0	0	0	0	0	0	500	0	0	0	500	0	0	0	96	0	0	0	0	0	0	0	0	0	0	0	0	0	0	0	0	0	0	0	0	0	0	0	0	0	0	0	0	0	0	0	0	0	0	0	0	0	0	0	0	0	0	0	
0	0	0	0	0	0	0	0	0	0	0	0	0	0	0	0	0	0	0	0	96	0	0	0	0	0	0	0	0	0	0	0	0	0	0	0	0	0	0	0	0	0	0	0	0	0	0	0	0	0	0	0	0	48	0	0	0	0	0	0	
96	0	0	0	0	0	0	192	0	0	0	0	0	0	0	0	0	0	0	0	0	0	0	0	0	0	0	0	0	0	0	0	0	0	0	0	0	0	0	0	0	0	0	0	0	0	0	0	0	0	0	0	0	0	0	0	0	0	0	0	
0	0	0	0	0	0	0	0	0	0	0	0	0	0	0	0	0	0	0	192	0	0	0	0	0	0	0	0	0	0	0	0	0	48	0	0	0	0	48	0	0	0	0	0	0	0	0	0	0	0	0	0	0	0	0	0	0	0	0	0	
0	0	0	0	0	500	0	0	0	0	0	192	0	0	0	0	0	0	0	0	0	0	0	0	0	0	0	0	0	0	0	0	0	0	0	0	0	0	0	0	0	0	0	0	0	0	0	0	0	0	0	0	0	0	0	0	0	0	0	0	
0	0	0	0	0	0	0	0	0	0	0	0	0	0	0	0	96	0	0	0	0	0	0	0	0	48	0	0	0	0	0	0	0	0	0	0	0	0	0	0	0	0	0	0	0	0	0	0	0	0	0	0	0	0	0	0	0	0	0	0	
500	0	96	0	500	0	0	0	0	0	0	0	0	0	0	0	0	0	0	0	0	0	0	0	0	0	0	0	0	0	0	0	0	0	0	0	0	0	0	0	0	0	0	0	0	0	0	0	0	0	0	0	0	0	0	0	0	0	0	0	
0	0	0	0	0	0	0	0	0	0	0	192	0	0	500	0	0	0	0	0	0	0	0	0	0	0	0	0	0	0	0	0	0	0	0	0	0	0	0	0	0	0	0	0	0	0	0	0	0	0	0	0	0	0	0	0	0	0	0	0	
0	0	0	0	0	0	0	0	0	0	0	0	0	0	0	96	0	0	0	0	48	0	0	0	0	0	0	0	0	0	0	0	0	0	0	0	0	0	0	0	0	0	0	0	0	0	48	0	0	0	0	0	0	0	0	0	0	0	0	0	
0	0	0	0	0	0	0	0	0	0	0	0	0	0	0	0	0	0	0	0	0	0	0	0	0	0	0	0	0	0	0	0	0	0	0	0	0	0	0	0	0	0	0	0	0	0	0	0	0	0	0	0	0	0	0	0	96	500	0	0	
0	0	0	0	0	0	0	0	0	0	48	0	0	0	0	0	0	0	48	0	0	0	0	0	0	0	0	0	0	0	0	0	0	0	0	0	0	0	0	0	0	0	0	0	0	0	0	0	0	0	0	0	0	0	0	0	0	0	0	0	
0	192	0	0	0	0	0	0	0	0	0	0	0	0	0	0	0	0	0	0	0	0	0	0	0	0	0	0	0	0	0	0	0	0	0	0	0	0	0	0	0	0	0	0	0	0	0	0	0	0	0	0	0	0	96	0	0	0	0	0	
0	0	0	0	0	0	0	0	0	0	0	0	0	0	0	0	0	0	0	0	0	0	0	192	0	0	0	0	0	192	0	0	0	0	0	0	0	0	0	0	0	0	0	0	0	0	0	0	0	0	0	0	0	0	500	0	0	0	0	0	
0	0	0	0	0	0	0	0	0	0	0	0	0	0	0	0	0	0	0	0	0	0	0	0	0	0	0	0	500	0	0	500	0	0	0	0	0	0	0	0	0	0	0	0	0	0	0	0	0	0	0	0	0	0	0	0	0	0	0	0	
0	0	0	0	0	0	0	0	0	0	0	0	0	96	0	0	0	0	0	0	0	0	48	0	0	0	0	0	0	0	0	0	0	0	0	0	0	0	0	0	0	0	0	0	0	0	0	0	0	0	0	0	0	0	0	0	0	0	0	0	
53	14	54	6	12	14	3	18	45	49	53	7	10	45	8	45	40	58	19	38	27	3	41	5	12	51	33	6	17	12	55	54	11	7	55	22	18	12	52	44	52	57	50	8	41	43	42	15	30	15	32	43	21	42	31	12	35	8	39	51	36	43	41	17	18	48	38	32	17	4	22	11	19	27	8	58	0	23	16	15	54	5	43	21	49	2	22	56	55	38	14	41	16	59	32	29	50	54	17	38	37	32	14	52	27	53	3	16	28	44	59	32	18	36	6	11	18	2	37	12	40	5	34	40	53	52	0	34	59	33	25	29	38	37	34	33	28	17	0	0	42	37	32	1	4	31	59	11	15	44	42	58	1	29	10	28	55	14	12	13	13	46	26	2	56	12	55	12	7	29	21	12	44	4	17	40	46	44	9	24	10	51	0	9	36	34	28	17	26	6	50	36	0	7	36	3	44	15	49	35	34	39	31	42	11	48	24	24	30	14	35	38	13	15	2	33	44	36	43	47	10	26	17	24	40	45	35	37	28	39	32	48	10	21	3	32	32	56	31	0	58	53	59	49	2	4	58	6	52	11	35	54	26	51	41	33	41	24	31	41	29	9	20	29	39	45	11	16	5	22	4	34	24	40	35	53	48	54	27	44	22	19	11	42	44	29	50	7	23	13	56	1	23	59	54	52	5	41	28	13	20	48	17	45	14	29	57	37	6	1	44	31	33	52	5	59	15	12	44	55	14	54	14	26	30	47	36	35	57	55	11	2	35	16	35	45	58	3	19	7	18	1	15	7	1	50	40	33	27	52	11	43	42	28	49	8	10	31	35	43	49	33	42	41	11	37	31	21	54	30	7	10	50	54	23	28	5	5	20	28	48	29	11	44	59	40	5	48	51	4	31	5	54	21	34	4	37	50	27	15	32	34	51	34	56	39	39	30	7	29	29	40	46	56	32	30	41	36	26	20	53	27	40	35	40	18	11	9	27	49	41	46	10	22	57	31	11	10	29	17	34	54	38	50	40	55	22	13	8	9	16	41	44	30	34	19	36	15	50	50	46	25	43	25	18	32	47	40	2	10	0	29	54	28	57	8	0	35	13	42	48	3	59	48	52	7	30	47	8	14	1	57	19	37	58	18	14	11	39	59	43	47	59	10	18	47	5	15	57	48	29	51	1	27	7	35	30	8	58	21	29	5	9	25	16	19	51	20	27	11	3	23	49	53	28	8	24	59	18	15	15	26	25	29	7	3	56	59	12	42	23	39	7	34	31	9	6	22	36	26	26	23	17	56	31	20	14	27	31	48	0	4	58	13	35	40	42	44	50	49	27	26	1	31	30	47	37	7	10	37	47	26	21	41	0	18	27	0	24	55	6	22	42	22	50	25	30	12	58	38	13	59	27	26	16	7	7	30	0	5	2	6	54	15	58	4	19	25	55	45	32	20	31	17	42	13	55	39	18	54	31	30	37	26	40	35	48	16	16	41	48	9	55	39	7	48	19	24	48	20	17	35	1	46	13	41	23	41	56	1	31	56	41	18	26	59	34	38	46	47	18	22	34	57	18	10	56	55	2	40	57	53	0	29	6	1	32	34	17	18	7	16	41	59	48	55	56	40	29	41	40	34	41	15	40	43	37	38	54	39	25	38	56	59	31	13	21	8	47	32	48	24	55	24	56	7	19	13	31	26	53	38	55	35	54	22	31	14	13	46	10	48	58	9	23	34	12	38	9	49	44	43	11	31	40	17	56	8	44	5	43	58	14	11	55	44	15	33	32	17	35	44	22	25	59	21	28	26	29	52	53	15	26	51	52	43	58	47	57	59	14	37	56	18	45	21	4	59	5	42	13	58	1	23	48	12	58	5	49	31	44	39	7	58	21	4	30	56	1	54	23	34	33	26	35	23	0	9	46	14	0	47	51	55	1	26	50	12	21	7	44	44	16	51	58	18	4	6	13	58	17	22	38	42	45	40	54	10	20	25	26	11	21	42	50	22	1	55	1	12	22	26	35	11	40	36	57	47	49	49	32	54	13	20	14	19	26	12	26	25	5	3	26	0	26	25	35	57	14	49	38	18	35	2	56	31	18	38	30	37	11	21	53	30	19	38	26	29	4	44	35	5	51	53	11	23	44	34	28	46	25	59	3	17	22	46	54	40	28	48	8	28	21	18	31	43	46	1	48	0	51	25	37	7	58	56	5	30	43	23	2	36	36	11	50	4	1	24	16	42	40	8	58	24	49	56	6	29	2	37	35	41	15	7	12	17	38	5	40	54	35	38	42	22	16	31	13	29	10	55	4	24	21	29	42	13	2	51	46	36	35	10	11	34	52	35	36	40	35	10	12	48	57	17	42	2	2	45	46	35	59	27	4	44	50	51	43	51	20	3	10	0	53	40	8	36	54	55	5	5	53	12	5	58	7	6	27	30	12	52	51	10	58	35	18	29	29	58	8	14	10	32	36	45	16	51	50	27	49	52	19	34	16	56	52	22	34	3	30	44	7	51	45	9	41	21	32	43	52	50	47	18	2	2	19	31	3	52	41	19	57	26	34	48	57	28	47	54	30	10	13	30	16	28	53	30	14	36	56	14	13	27	39	59	7	33	59	30	44	33	57	53	54	30	14	52	22	34	15	24	40	17	53	38	57	34	53	0	11	28	0	58	59	33	23	5	1	5	52	14	46	47	10	11	52	54	43	32	52	12	48	46	14	10	2	19	39	16	55	42	2	33	2	58	37	8	25	32	3	22	21	55	29	26	44	2	19	39	25	45	3	15	50	58	33	55	5	20	43	20	37	26	5	58	32	48	37	3	0	16	43	32	0	21	21	22	55	22	43	46	52	35	7	36	37	54	13	18	16	31	35	45	8	15	42	29	56	39	9	20	39	5	12	11	4	36	42	35	23	15	24	49	20	43	32	13	42	31	35	17	16	46	44	14	1	48	27	5	36	27	51	42	48	11	14	27	57	12	0	57	15	22	58	57	21	19	46	52	27	38	57	46	14	3	31	57	38	11	25	46	58	52	2	17	42	5	52	12	11	22	34	28	13	37	29	2	11	56	17	39	9	17	56	43	48	24	22	44	25	11	21	15	25	5	1	49	52	1	52	18	1	0	54	53	24	5	41	57	14	47	17	27	28	10	44	54	7	31	39	21	44	44	33	34	20	48	26	18	44	38	25	37	1	55	27	18	28	34	38	32	2	38	14	1	32	27	
36	9	55	51	29	8	50	17	38	56	35	13	44	34	29	7	49	54	6	4	57	26	20	17	50	11	38	23	8	17	54	16	32	26	45	36	52	39	21	16	45	36	53	21	43	36	59	25	15	38	8	43	3	27	37	42	31	5	51	54	57	58	58	32	45	52	33	30	29	51	32	52	21	50	24	31	23	31	49	36	55	38	34	12	6	22	51	4	22	49	36	6	28	27	48	18	15	27	30	53	11	0	13	0	3	0	12	1	36	19	49	43	39	4	29	49	15	17	6	59	22	30	7	11	15	10	10	44	39	44	8	5	33	21	2	18	33	16	57	4	58	24	46	16	13	11	34	48	4	37	46	32	59	32	46	21	12	21	53	12	55	49	15	10	45	12	57	57	52	0	27	52	29	10	28	26	28	14	27	27	26	39	55	53	21	3	39	11	9	18	37	52	40	59	39	44	14	56	36	0	44	30	22	54	45	45	26	33	7	39	14	0	5	37	21	39	4	19	25	39	43	8	11	14	46	38	16	43	52	41	49	5	46	52	38	20	38	33	54	49	4	33	17	54	45	48	36	54	59	52	51	20	55	22	29	20	57	3	38	43	30	43	22	23	56	32	4	23	59	42	15	34	1	28	41	12	10	21	36	50	44	50	47	18	19	2	12	31	57	20	48	48	54	34	57	57	51	44	10	31	34	36	25	8	44	15	7	24	21	46	9	55	18	29	0	44	57	38	8	8	46	54	12	18	47	13	36	17	24	46	1	49	58	31	11	35	55	36	21	32	52	20	55	30	17	57	9	16	15	28	58	29	52	1	1	33	52	6	53	42	17	0	9	43	11	44	23	31	28	38	20	14	36	12	50	37	41	54	4	49	15	38	44	48	23	57	39	45	11	28	34	23	23	36	38	18	57	21	48	0	13	36	29	24	17	36	42	37	57	12	39	51	39	26	51	15	47	59	10	14	11	35	37	34	35	48	0	11	52	55	6	22	48	48	58	32	47	57	3	50	15	23	28	42	12	15	31	19	56	29	14	20	59	43	40	42	19	2	3	16	4	34	4	56	4	29	21	48	43	32	57	28	2	43	34	33	47	20	9	13	42	36	39	15	5	16	25	50	44	24	43	10	1	42	40	56	52	3	32	42	3	35	56	59	18	20	36	38	6	59	47	7	57	36	13	19	28	22	54	28	19	27	49	57	35	27	33	41	50	45	4	16	24	23	56	36	47	38	16	24	3	26	58	23	9	54	35	44	51	24	41	47	2	12	51	58	46	5	23	23	48	45	2	52	38	5	45	21	12	53	29	3	12	59	46	19	26	44	43	50	0	32	40	58	38	1	46	23	2	8	5	22	40	18	4	48	37	19	3	51	27	29	54	47	27	53	44	16	17	15	16	58	38	9	33	31	52	12	30	41	15	36	29	58	0	56	51	26	58	58	46	18	7	26	21	55	38	31	46	19	40	59	2	18	37	31	14	28	26	7	27	5	17	53	22	23	50	46	20	48	31	35	34	46	12	8	44	49	31	3	33	54	20	56	57	11	40	54	17	27	21	48	49	45	52	16	24	57	45	6	17	32	1	16	15	43	18	59	37	40	48	43	53	23	1	39	33	49	41	34	44	23	14	45	8	2	44	59	22	0	36	11	24	33	28	26	37	29	17	15	55	48	14	5	43	48	27	6	54	40	15	46	17	43	47	16	12	24	45	19	6	36	9	16	27	18	20	22	20	17	0	4	33	24	50	8	33	30	38	58	32	48	21	56	34	41	53	35	50	48	46	40	23	21	14	47	15	9	29	18	20	17	5	50	57	58	2	15	28	58	2	7	14	33	45	11	25	36	24	52	48	40	17	10	53	10	37	51	45	16	56	23	25	58	23	41	10	33	0	44	0	14	39	14	58	23	2	47	52	47	5	29	55	21	25	5	39	41	0	52	27	1	15	10	15	24	38	9	51	37	10	49	58	40	21	17	23	14	11	16	21	20	30	44	59	4	38	57	15	57	17	57	11	26	11	45	38	3	50	14	58	22	34	48	16	34	36	41	17	42	58	38	54	50	40	51	40	7	4	46	28	26	11	40	59	9	36	25	30	7	26	28	2	59	46	4	43	18	32	34	28	59	6	9	5	20	20	8	54	43	11	56	6	12	25	0	16	20	14	35	23	49	28	51	6	58	40	44	52	54	37	28	44	17	18	20	56	12	12	49	21	12	51	43	5	35	53	28	7	5	58	21	13	35	39	3	44	22	6	14	45	59	51	32	53	56	20	21	1	37	1	20	49	55	56	23	56	55	17	14	10	50	30	9	48	38	43	56	42	39	49	40	55	30	50	0	35	8	11	27	14	2	48	55	7	2	10	21	45	40	23	33	14	57	35	13	48	10	24	10	58	53	34	28	18	1	34	9	45	21	34	2	17	33	59	43	1	54	25	35	3	46	9	41	8	28	5	42	9	39	42	45	19	31	3	53	43	38	39	23	57	39	7	6	4	37	35	9	20	44	17	38	38	41	5	1	38	53	44	9	31	9	12	57	16	55	18	10	48	39	6	59	14	30	49	19	9	25	21	19	52	50	38	46	25	37	9	51	26	30	17	32	42	1	40	17	47	8	45	37	30	25	21	3	16	6	16	40	34	11	7	47	9	33	12	7	6	1	7	18	18	25	34	24	30	33	57	55	47	38	26	36	21	9	25	0	51	39	19	27	1	22	30	39	23	5	59	13	28	59	42	45	11	57	20	54	43	6	55	58	47	36	3	9	26	9	2	6	39	29	44	11	8	9	23	5	58	47	27	4	19	50	45	30	46	33	27	16	1	52	10	58	45	16	29	55	23	47	56	37	36	4	22	0	53	46	28	43	50	49	36	4	26	54	2	48	49	19	39	55	20	3	41	11	19	5	21	45	53	13	59	50	30	20	56	2	54	32	46	27	48	40	10	29	39	31	15	3	1	33	33	8	20	15	58	37	19	7	29	21	52	48	47	59	0	53	20	49	9	38	45	47	38	25	52	35	37	53	18	14	27	37	7	1	57	25	8	56	40	58	39	41	1	45	20	29	48	55	9	29	16	34	26	1	9	22	28	47	16	12	53	55	37	49	14	59	43	51	47	8	53	33	49	11	14	14	22	28	57	30	14	17	5	31	23	15	1	0	57	11	7	56	46	21	21	15	22	19	42	2	39	37	4	22	29	58	12	53	37	13	7	14	29	39	22	48	
23	31	20	33	26	22	22	24	37	23	33	28	25	24	22	29	39	32	23	40	28	24	38	31	36	33	33	39	20	24	28	25	24	20	35	22	33	26	23	27	27	38	34	22	30	20	26	25	21	35	32	27	36	22	37	23	36	36	32	39	34	20	28	26	33	37	20	23	26	23	39	29	22	34	31	35	32	23	38	40	30	26	39	40	32	30	40	39	26	39	28	25	26	30	33	29	37	21	39	26	34	31	27	30	31	30	39	34	35	23	29	28	34	33	30	28	36	23	39	31	40	21	26	23	33	20	33	24	21	20	27	31	40	34	35	39	37	33	27	33	28	31	40	38	27	26	33	26	20	22	34	35	37	20	34	31	40	21	29	24	35	24	40	25	40	32	23	22	36	23	26	28	34	32	23	29	35	30	32	28	25	36	25	32	37	23	24	27	26	38	34	37	20	31	37	24	22	20	36	38	24	36	26	32	29	25	32	39	33	28	22	28	30	31	33	29	33	32	36	34	31	34	35	31	26	38	29	23	40	25	21	37	26	20	29	36	38	27	40	27	26	35	21	36	37	37	21	23	32	31	21	33	37	22	25	22	25	32	25	22	40	32	39	23	22	28	26	25	28	29	33	29	34	39	23	25	27	27	39	34	32	28	29	26	26	25	36	23	25	36	31	24	26	23	21	30	32	24	37	21	37	29	23	38	20	39	22	23	27	39	37	22	35	37	23	33	35	38	35	29	30	22	32	37	28	33	20	20	36	27	22	20	27	33	26	37	39	34	30	39	36	22	23	39	39	40	40	31	28	21	35	29	28	35	29	40	28	23	24	27	38	35	21	22	37	32	38	27	27	20	26	27	25	31	23	21	38	38	35	33	34	30	28	31	22	38	28	37	24	20	26	26	34	38	20	23	40	30	35	36	23	38	31	22	33	28	24	20	38	31	37	26	35	38	36	22	31	31	35	20	32	35	37	38	20	34	26	24	33	31	21	23	39	36	37	39	25	39	30	30	38	23	25	33	21	27	23	31	37	32	22	26	35	32	25	38	21	29	38	39	20	28	24	34	22	21	30	25	28	34	38	32	31	35	20	35	24	20	37	31	20	31	32	37	21	30	22	39	25	34	29	22	31	24	38	28	37	23	38	29	23	38	31	20	32	27	27	34	23	35	23	33	33	26	21	32	36	40	30	32	36	34	31	29	28	33	33	25	31	28	39	32	33	37	30	22	39	33	33	37	32	38	37	21	32	22	24	32	34	26	39	30	29	32	33	35	21	38	37	21	29	27	20	35	29	35	27	35	38	24	31	38	24	39	27	27	25	40	21	35	24	32	38	21	29	21	34	33	20	22	36	38	28	24	36	26	26	37	38	24	22	38	40	34	31	35	23	37	24	40	23	33	39	32	30	34	37	33	38	39	22	26	24	30	35	23	37	27	22	39	39	25	40	33	40	25	35	34	38	33	37	36	39	35	33	36	25	36	23	37	26	28	28	40	40	38	29	39	22	40	24	28	38	40	35	39	23	32	31	38	22	28	20	39	20	28	36	21	26	35	25	26	25	27	37	28	36	29	25	39	35	25	24	21	35	29	23	30	31	37	38	31	26	25	31	25	27	20	30	27	30	40	39	25	21	24	29	23	27	28	33	22	33	23	32	31	35	20	33	28	35	34	38	21	40	39	40	36	32	22	26	31	40	30	32	38	20	28	29	29	25	33	29	29	21	31	29	33	33	23	37	20	22	38	39	31	36	30	27	27	28	39	35	31	36	30	37	35	37	27	34	37	29	32	30	35	36	35	26	34	34	24	21	24	26	30	26	24	22	35	37	38	29	32	24	38	40	32	21	22	29	35	38	24	33	29	33	31	20	28	25	25	38	33	25	29	26	33	36	34	40	33	34	38	20	25	31	37	21	32	22	39	29	40	25	30	31	30	40	23	36	22	23	23	24	36	30	35	35	20	35	24	25	32	39	32	23	31	39	26	31	22	31	26	26	29	25	32	20	24	32	31	20	23	38	28	26	35	34	25	32	20	24	33	20	34	30	33	28	24	23	37	31	35	28	39	23	40	29	29	28	30	29	22	29	33	30	36	31	24	23	33	39	28	37	32	23	29	28	25	23	20	21	26	31	21	38	34	30	24	38	38	28	26	33	24	28	33	31	26	23	26	32	34	25	23	22	39	21	35	39	27	22	27	21	20	21	31	36	35	38	37	35	37	40	39	33	28	22	38	35	28	31	22	26	28	33	36	40	38	27	21	37	21	36	33	22	30	24	31	26	35	25	28	25	24	21	29	31	38	40	34	34	28	26	40	24	32	21	32	36	21	29	23	39	21	32	38	37	32	38	38	38	37	27	31	36	31	36	31	40	37	40	39	38	25	29	40	28	25	23	21	21	27	30	36	28	37	24	24	38	34	28	23	34	26	29	21	31	23	34	28	25	40	26	38	20	36	40	37	36	25	39	39	27	33	39	39	33	35	31	20	20	38	29	24	23	21	25	33	27	38	28	34	33	35	21	27	20	32	22	20	21	29	27	30	28	36	27	35	26	38	26	34	21	29	27	28	38	20	26	39	20	38	25	22	39	34	32	28	40	30	33	30	23	37	21	34	27	36	29	31	28	31	28	32	37	34	20	23	26	21	34	38	27	37	40	35	40	31	30	35	27	38	36	22	36	37	21	27	22	22	38	30	22	33	38	25	30	35	30	30	31	35	27	20	24	33	30	27	30	27	28	37	36	23	31	37	37	29	27	20	28	28	31	32	24	20	28	39	22	30	37	32	21	26	25	23	34	29	28	28	27	29	34	33	24	26	39	30	36	25	39	20	35	38	37	32	40	26	25	36	33	25	23	34	34	27	22	22	33	40	23	37	35	35	31	33	26	25	39	21	36	22	21	37	20	28	27	24	23	22	35	29	22	39	27	27	40	34	37	22	30	33	40	21	22	23	37	30	28	37	22	33	39	32	29	36	38	32	31	24	24	24	38	21	22	28	31	37	27	33	30	35	29	28	24	39	40	23	27	28	35	20	32	34	30	26	40	27	40	26	31	40	26	25	40	28	33	37	24	34	33	35	26	33	34	36	29	21	36	34	30	20	23	33	39	31	30	22	28	38	21	23	36	25	24	22	26	29	27	38	30	36	33	38	40	22	33	29	28	32	20	21	25	34	20	34	30	39	29	25	27	29	39	33	38	36	24	28	26	40	33	29	38	21	
32	22	36	14	13	49	45	34	24	15	32	22	26	47	11	28	10	27	42	32	21	24	28	13	17	50	19	14	14	18	13	39	12	14	25	46	34	14	34	18	27	30	27	30	14	46	13	38	25	33	19	10	28	22	34	17	23	10	49	27	35	34	27	16	39	42	20	48	14	45	37	10	36	39	40	20	11	11	11	17	48	39	29	16	31	35	24	17	13	18	27	38	34	14	46	42	34	42	32	25	40	38	35	29	32	20	27	45	14	21	48	26	42	41	49	42	15	17	19	17	16	44	45	49	24	27	32	30	44	12	17	47	32	40	46	39	10	50	50	35	25	20	30	29	44	26	28	29	25	37	28	47	43	21	43	21	41	28	15	33	22	19	27	26	36	27	42	41	38	36	36	43	41	29	18	28	15	32	25	28	24	31	40	10	40	48	40	18	48	27	13	23	44	20	41	15	38	37	10	26	46	46	15	32	14	10	32	44	24	26	12	34	47	47	25	50	21	31	14	41	31	38	38	19	25	33	38	26	43	16	42	18	31	35	48	21	41	25	41	47	11	23	48	28	50	21	12	15	11	49	28	31	44	39	47	16	27	12	38	30	12	24	46	49	37	22	14	46	24	18	35	33	35	42	41	20	36	30	12	40	16	37	19	22	32	17	40	26	26	28	20	30	32	26	32	30	50	44	43	46	10	37	42	22	28	20	50	15	50	22	13	46	47	33	48	25	49	41	48	30	28	34	45	38	49	48	28	22	42	14	12	24	43	49	23	26	24	12	47	23	37	24	26	36	42	34	11	22	49	25	48	20	36	10	42	33	24	28	15	39	49	26	24	33	35	20	39	47	28	19	50	16	50	22	39	31	12	16	44	47	18	38	11	18	12	32	49	43	44	44	43	32	25	11	17	44	33	17	46	49	35	14	48	39	45	14	32	43	35	17	20	38	19	26	17	27	26	39	36	15	23	10	11	24	15	20	30	20	21	19	46	20	40	16	12	29	25	27	14	34	34	25	32	50	38	26	25	28	49	44	14	43	45	28	29	25	23	49	13	21	14	23	27	36	47	21	10	22	17	48	47	48	43	25	49	35	38	16	24	13	25	47	21	39	24	42	25	31	35	44	46	42	46	23	40	27	20	39	14	40	34	22	37	24	27	46	29	22	14	33	26	36	42	14	18	15	37	17	30	29	23	41	17	31	41	40	43	36	25	43	42	43	20	29	36	15	20	12	14	48	43	31	17	37	30	21	43	33	16	13	12	15	23	29	38	14	24	27	28	13	44	11	43	13	31	14	32	15	18	13	33	10	16	22	18	17	47	39	16	14	27	17	43	49	30	35	36	21	10	14	42	33	13	13	26	24	11	36	36	13	26	46	23	24	49	19	41	21	26	30	39	43	34	26	10	13	38	46	32	14	33	27	46	26	18	43	22	16	14	20	27	35	46	17	47	31	47	32	31	29	11	24	27	18	42	25	14	40	21	49	46	47	49	14	28	35	31	39	31	43	35	34	34	29	34	43	33	41	32	16	50	45	19	39	32	23	35	43	45	12	14	40	26	39	20	10	40	10	30	47	11	15	27	15	28	39	33	30	19	18	22	40	28	38	42	38	23	40	36	26	30	30	12	46	22	44	31	45	28	17	35	45	21	46	28	40	36	36	31	48	47	14	30	18	33	21	47	42	31	21	23	11	32	17	19	24	23	33	29	22	14	45	33	20	24	46	50	25	20	23	39	41	25	40	19	19	37	38	14	36	34	19	48	18	38	24	30	24	31	18	25	20	49	46	28	50	15	28	47	20	18	21	12	47	45	19	16	30	26	20	22	27	43	46	16	50	17	15	49	19	43	43	48	18	39	43	15	40	48	46	14	38	50	24	28	45	21	12	16	38	12	18	15	24	46	32	22	45	32	41	30	19	30	38	27	10	36	38	48	18	18	28	27	50	36	12	16	38	39	12	41	30	25	45	46	31	22	30	21	40	29	43	50	20	10	48	41	26	28	43	23	21	29	20	19	19	14	29	46	46	36	42	27	43	42	23	30	28	32	11	15	13	18	13	40	17	13	19	42	19	26	20	33	27	26	41	25	36	36	14	29	16	50	31	37	23	34	44	11	18	46	10	32	43	12	15	27	31	41	19	36	42	17	30	42	32	22	45	31	35	49	43	21	24	41	22	48	39	22	39	15	13	11	47	45	42	15	50	24	25	10	37	16	25	14	46	36	24	35	13	50	25	15	14	15	17	40	20	23	46	33	11	25	48	29	13	47	30	22	50	17	50	11	26	20	30	36	20	19	38	46	37	35	11	11	12	16	24	16	45	16	22	38	23	17	39	29	33	34	35	29	25	50	20	24	48	19	42	30	14	37	12	32	40	33	43	49	49	11	30	39	26	13	45	26	26	35	45	40	37	11	22	37	21	47	13	28	24	48	18	16	30	10	24	15	32	38	14	26	14	43	32	37	41	18	20	47	10	12	29	32	37	12	49	45	48	43	15	44	49	22	16	37	41	48	20	13	17	13	15	44	42	36	18	41	27	26	25	50	10	15	12	34	36	42	22	21	38	42	15	49	10	25	34	17	17	32	28	16	17	26	41	50	13	33	14	29	39	50	38	35	39	47	20	16	14	14	19	28	42	30	31	32	34	45	16	30	11	48	44	24	33	16	40	46	21	22	49	12	47	26	14	50	25	23	42	16	47	15	18	12	24	20	36	36	10	20	41	34	16	50	14	27	28	44	48	29	28	14	38	18	44	17	22	48	13	28	40	27	33	38	25	15	36	48	40	18	32	11	15	39	23	43	48	11	24	31	43	42	14	37	48	19	12	10	48	24	24	25	35	46	24	47	16	27	48	36	38	19	30	29	37	33	34	20	42	21	31	31	29	42	32	23	26	43	35	48	49	31	21	40	13	11	25	47	29	34	33	11	19	28	48	39	23	27	11	18	10	11	45	30	18	38	35	38	42	19	10	45	11	17	14	47	10	15	38	22	42	40	33	27	19	33	16	17	49	41	15	41	44	26	12	31	14	42	44	15	49	16	15	46	35	32	16	31	47	37	11	18	19	41	21	38	16	36	29	25	22	13	42	11	17	20	41	40	44	10	21	20	26	47	29	46	44	15	31	45	45	24	11	40	12	47	48	48	47	26	47	19	41	12	30	14	40	38	40	42	15	35	19	26	11	17	22	17	16	28	28	45	25	37	27	40	33	30	37	
15
80
