114
20
0	0	0	0	48	0	0	0	0	0	0	0	0	0	0	0	0	192	0	48	
0	0	0	0	0	0	192	0	500	0	0	0	0	0	0	0	0	0	0	0	
0	0	0	0	0	0	0	500	0	0	0	0	96	0	0	0	0	500	0	0	
0	0	0	0	500	0	0	0	0	0	0	0	0	0	0	0	96	0	192	0	
48	0	0	500	0	0	0	0	0	0	0	0	0	0	0	0	0	96	500	0	
0	0	0	0	0	0	0	0	0	0	0	0	500	0	0	0	0	48	192	0	
0	192	0	0	0	0	0	0	0	0	0	0	0	0	500	0	0	0	0	0	
0	0	500	0	0	0	0	0	0	0	96	0	0	192	0	0	0	0	0	0	
0	500	0	0	0	0	0	0	0	500	0	0	0	0	0	0	96	0	96	0	
0	0	0	0	0	0	0	0	500	0	0	0	500	0	192	0	0	0	0	48	
0	0	0	0	0	0	0	96	0	0	0	96	0	0	0	0	0	0	0	0	
0	0	0	0	0	0	0	0	0	0	96	0	0	96	0	192	0	0	0	0	
0	0	96	0	0	500	0	0	0	500	0	0	0	0	0	0	0	0	0	0	
0	0	0	0	0	0	0	192	0	0	0	96	0	0	0	0	0	0	0	0	
0	0	0	0	0	0	500	0	0	192	0	0	0	0	0	0	0	0	0	0	
0	0	0	0	0	0	0	0	0	0	0	192	0	0	0	0	500	0	0	0	
0	0	0	96	0	0	0	0	96	0	0	0	0	0	0	500	0	0	0	0	
192	0	500	0	96	48	0	0	0	0	0	0	0	0	0	0	0	0	0	0	
0	0	0	192	500	192	0	0	96	0	0	0	0	0	0	0	0	0	0	0	
48	0	0	0	0	0	0	0	0	48	0	0	0	0	0	0	0	0	0	0	
3	15	16	11	0	13	9	10	16	8	18	5	15	11	17	19	2	3	14	10	6	4	16	7	9	15	1	7	14	10	14	15	16	17	3	4	19	18	18	15	9	13	8	5	5	8	17	6	6	19	19	17	12	0	19	18	16	19	14	13	19	1	16	13	14	16	11	6	7	4	4	4	10	7	3	5	12	10	2	11	6	8	2	13	18	9	3	18	8	15	12	13	12	9	7	4	14	12	12	4	16	16	10	6	0	10	19	15	0	0	0	4	8	3	
17	1	4	9	13	10	8	8	19	3	0	2	18	10	17	15	17	8	12	2	13	1	9	11	14	7	15	16	13	15	5	12	12	1	18	14	19	3	1	5	19	2	12	8	18	14	8	15	0	9	17	7	7	8	10	17	7	7	11	3	10	7	12	16	15	7	12	3	14	18	10	3	13	14	16	15	11	7	19	11	5	3	8	13	6	7	8	12	17	11	4	6	19	5	12	13	12	17	7	17	1	2	0	19	16	19	1	8	5	1	4	1	18	14	
40	37	21	29	26	34	36	28	21	37	36	23	31	33	24	24	38	28	28	40	35	20	32	39	35	36	38	29	36	25	36	22	34	40	33	31	33	26	28	22	21	27	26	29	40	27	36	30	35	36	29	25	33	22	29	40	36	28	23	34	30	23	35	32	23	35	22	28	34	34	39	32	37	21	31	28	37	30	38	21	35	28	31	35	34	20	30	33	33	22	28	23	31	25	31	38	38	40	32	38	22	36	20	38	22	22	25	33	37	39	34	27	21	29	
38	29	22	11	31	35	24	18	31	38	41	14	41	38	45	34	23	42	14	35	25	17	20	11	46	14	37	50	20	11	31	30	17	47	35	40	25	29	17	49	30	26	44	45	10	40	39	23	39	36	28	10	20	27	28	12	41	26	32	48	34	32	50	47	29	45	15	46	20	11	18	47	35	24	44	29	44	11	21	28	46	44	19	40	15	20	18	33	17	41	14	45	22	17	31	19	37	19	11	10	39	37	26	34	46	47	28	47	35	48	13	49	15	32	
15
60
