114
20
0	0	0	0	0	0	0	0	0	192	0	0	48	0	0	0	0	0	0	0	
0	0	0	0	0	0	0	0	0	0	0	500	0	0	96	0	192	0	0	0	
0	0	0	0	0	0	0	0	0	0	0	0	0	0	0	0	0	192	0	48	
0	0	0	0	0	0	0	0	0	0	0	500	0	0	0	0	192	500	0	0	
0	0	0	0	0	0	0	0	0	96	48	0	0	48	48	0	0	0	0	0	
0	0	0	0	0	0	0	48	0	0	0	0	0	0	0	0	0	0	48	0	
0	0	0	0	0	0	0	96	0	0	0	0	48	0	0	48	0	0	0	0	
0	0	0	0	0	48	96	0	0	0	0	0	0	0	0	0	0	0	0	0	
0	0	0	0	0	0	0	0	0	0	0	0	0	0	0	192	0	0	48	0	
192	0	0	0	96	0	0	0	0	0	0	0	0	0	0	0	0	0	0	0	
0	0	0	0	48	0	0	0	0	0	0	0	0	48	0	0	0	0	0	0	
0	500	0	500	0	0	0	0	0	0	0	0	0	0	0	0	0	0	0	0	
48	0	0	0	0	0	48	0	0	0	0	0	0	0	0	192	0	0	0	0	
0	0	0	0	48	0	0	0	0	0	48	0	0	0	0	0	0	0	0	0	
0	96	0	0	48	0	0	0	0	0	0	0	0	0	0	0	0	192	0	0	
0	0	0	0	0	0	48	0	192	0	0	0	192	0	0	0	0	0	192	0	
0	192	0	192	0	0	0	0	0	0	0	0	0	0	0	0	0	0	0	0	
0	0	192	500	0	0	0	0	0	0	0	0	0	0	192	0	0	0	0	192	
0	0	0	0	0	48	0	0	48	0	0	0	0	0	0	192	0	0	0	0	
0	0	48	0	0	0	0	0	0	0	0	0	0	0	0	0	0	192	0	0	
12	10	0	15	17	8	19	0	15	14	5	11	13	7	17	13	10	18	15	2	1	14	1	11	8	10	10	18	12	14	10	12	14	19	3	14	19	19	17	4	7	13	2	8	5	0	13	7	12	7	14	5	3	9	7	4	1	2	15	16	16	15	19	19	13	14	15	18	13	10	8	1	17	14	3	10	5	9	18	10	16	18	10	5	9	1	11	9	19	15	14	2	9	1	16	3	9	9	11	2	12	6	0	15	15	7	18	13	15	0	16	2	12	2	
12	13	8	13	11	9	6	17	5	5	14	4	5	0	19	11	8	11	2	4	1	12	10	10	3	12	11	19	18	11	5	17	16	19	6	3	9	9	3	4	6	1	9	12	13	8	12	11	2	0	3	12	6	14	5	19	7	3	16	1	13	6	17	19	17	11	5	6	16	9	17	7	4	10	5	12	5	2	15	8	5	19	8	6	12	5	5	17	19	10	7	12	0	2	7	18	19	0	5	2	1	18	15	8	19	16	2	13	19	4	3	6	9	6	
26	25	31	23	24	37	23	36	32	24	20	23	22	40	27	22	23	28	22	35	37	37	34	39	33	31	35	28	20	35	35	39	26	40	27	23	32	36	31	20	35	35	27	22	39	20	36	39	26	36	34	36	30	27	25	28	40	31	31	30	24	36	35	29	27	34	37	22	23	37	31	37	30	40	27	24	30	34	23	36	35	28	20	21	36	22	30	31	22	29	35	40	38	25	22	37	32	38	35	29	39	26	33	22	26	36	25	20	25	30	32	27	25	22	
19	17	44	32	47	12	26	19	45	16	16	48	45	23	17	34	30	46	50	43	48	38	28	30	38	25	49	14	42	44	43	26	23	17	27	36	37	12	46	38	17	25	29	13	11	44	10	27	36	41	40	30	45	17	14	36	11	47	26	35	33	34	30	18	29	50	42	21	39	16	25	49	13	39	44	25	42	23	47	18	48	10	27	13	49	18	19	25	19	49	50	36	45	32	20	41	11	49	17	26	26	49	36	32	32	24	28	33	16	19	35	31	47	11	
20
60
