95
20
0	0	192	0	0	0	0	0	0	500	0	0	48	0	0	0	0	0	0	0	
0	0	48	500	0	0	0	0	0	0	0	0	0	0	48	0	192	0	0	0	
192	48	0	0	0	0	0	0	0	0	0	0	0	0	0	0	0	0	0	0	
0	500	0	0	0	0	0	0	0	0	0	0	0	500	0	0	0	0	0	0	
0	0	0	0	0	48	500	0	0	0	0	0	0	48	0	0	192	0	0	0	
0	0	0	0	48	0	500	0	0	0	0	0	0	0	0	0	0	0	0	0	
0	0	0	0	500	500	0	0	0	0	0	0	0	0	0	0	0	0	0	0	
0	0	0	0	0	0	0	0	0	0	0	500	0	0	0	0	0	0	0	48	
0	0	0	0	0	0	0	0	0	0	0	0	0	0	0	48	0	48	0	0	
500	0	0	0	0	0	0	0	0	0	48	0	0	0	500	0	0	0	0	0	
0	0	0	0	0	0	0	0	0	48	0	96	0	0	0	0	0	0	192	0	
0	0	0	0	0	0	0	500	0	0	96	0	0	0	0	0	0	0	0	0	
48	0	0	0	0	0	0	0	0	0	0	0	0	0	48	0	0	0	0	0	
0	0	0	500	48	0	0	0	0	0	0	0	0	0	0	0	192	0	0	0	
0	48	0	0	0	0	0	0	0	500	0	0	48	0	0	0	0	0	0	0	
0	0	0	0	0	0	0	0	48	0	0	0	0	0	0	0	0	96	0	0	
0	192	0	0	192	0	0	0	0	0	0	0	0	192	0	0	0	0	0	0	
0	0	0	0	0	0	0	0	48	0	0	0	0	0	0	96	0	0	0	500	
0	0	0	0	0	0	0	0	0	0	192	0	0	0	0	0	0	0	0	500	
0	0	0	0	0	0	0	48	0	0	0	0	0	0	0	0	0	500	500	0	
18	11	3	9	10	12	7	12	11	17	1	18	6	14	2	13	17	4	10	3	11	0	3	15	18	4	17	19	4	16	18	3	8	10	3	2	1	13	0	15	15	5	18	16	10	12	19	2	13	5	12	6	0	8	10	5	8	18	5	7	6	17	6	3	4	17	3	0	5	4	5	12	7	13	4	15	12	16	10	4	19	19	15	2	3	5	1	12	3	10	5	5	18	7	19	
10	9	0	11	4	0	5	9	11	8	9	3	16	16	2	8	19	8	7	14	14	1	12	8	18	15	3	15	16	1	6	11	5	15	19	6	9	10	14	4	18	7	17	3	13	7	15	11	19	10	3	18	8	3	10	12	19	18	11	11	19	8	17	15	13	18	0	18	8	1	1	5	3	10	18	19	12	6	18	0	8	6	16	15	15	7	13	9	4	6	8	0	2	8	16	
22	22	25	20	24	20	29	40	24	39	29	35	28	31	29	34	38	30	25	30	37	26	38	35	21	27	23	22	34	38	29	39	39	40	36	22	36	21	29	24	21	30	21	35	37	38	31	40	34	31	29	34	35	28	24	40	24	29	34	20	28	21	21	34	36	24	34	39	39	31	39	29	39	23	27	25	31	22	25	32	37	26	39	23	21	33	37	28	28	36	33	37	23	38	23	
27	31	29	29	27	31	14	27	17	22	30	44	43	50	38	17	42	16	30	35	36	27	37	10	24	23	43	17	32	13	13	13	34	47	27	49	44	10	41	11	24	43	35	44	23	26	30	42	31	34	14	30	33	29	46	46	47	46	24	38	11	48	23	50	46	48	10	45	20	17	37	35	45	42	22	40	28	46	21	44	10	18	10	45	29	15	35	36	17	26	13	50	24	10	24	
10
50
