133
20
0	192	0	0	0	0	96	0	0	0	0	0	0	0	0	96	0	0	0	0	
192	0	0	0	0	0	0	0	0	0	48	192	0	0	0	0	0	0	0	0	
0	0	0	0	0	500	0	0	0	0	0	48	0	0	0	0	192	0	0	0	
0	0	0	0	0	48	0	0	0	0	0	0	0	0	0	0	96	0	0	0	
0	0	0	0	0	0	0	0	0	0	0	0	0	192	0	0	0	0	0	500	
0	0	500	48	0	0	0	0	0	0	0	0	0	0	0	96	192	0	0	0	
96	0	0	0	0	0	0	0	0	0	0	0	0	0	0	0	0	96	0	0	
0	0	0	0	0	0	0	0	500	0	0	0	192	0	48	0	0	0	0	0	
0	0	0	0	0	0	0	500	0	0	0	0	192	0	0	0	0	0	0	0	
0	0	0	0	0	0	0	0	0	0	96	0	0	96	0	0	0	0	96	48	
0	48	0	0	0	0	0	0	0	96	0	0	0	0	0	0	0	0	500	0	
0	192	48	0	0	0	0	0	0	0	0	0	0	0	0	0	0	0	0	0	
0	0	0	0	0	0	0	192	192	0	0	0	0	0	0	0	0	0	0	0	
0	0	0	0	192	0	0	0	0	96	0	0	0	0	0	0	0	48	0	0	
0	0	0	0	0	0	0	48	0	0	0	0	0	0	0	0	96	0	0	0	
96	0	0	0	0	96	0	0	0	0	0	0	0	0	0	0	0	0	0	0	
0	0	192	96	0	192	0	0	0	0	0	0	0	0	96	0	0	0	0	0	
0	0	0	0	0	0	96	0	0	0	0	0	0	48	0	0	0	0	0	0	
0	0	0	0	0	0	0	0	0	96	500	0	0	0	0	0	0	0	0	0	
0	0	0	0	500	0	0	0	0	48	0	0	0	0	0	0	0	0	0	0	
12	18	18	4	1	7	12	8	5	15	5	18	3	19	8	18	10	9	5	14	0	5	2	15	14	0	6	17	5	11	9	2	18	15	13	7	18	5	18	0	6	2	18	19	14	8	4	8	13	15	4	5	14	11	12	11	3	15	3	15	5	16	18	1	13	1	17	6	0	16	1	9	15	11	7	5	19	17	5	11	0	13	0	10	9	11	4	5	9	4	18	13	6	6	15	12	13	12	1	3	3	16	17	19	9	8	14	8	4	0	11	7	17	9	17	7	12	16	4	19	4	6	5	5	12	9	10	5	7	12	3	17	0	
3	7	14	7	16	11	3	14	6	1	2	4	17	15	14	10	14	10	4	17	19	6	3	11	12	0	11	3	10	15	12	4	3	18	4	13	7	6	4	5	3	5	1	3	4	16	12	18	4	3	9	2	12	12	2	4	11	11	8	17	4	10	8	14	7	1	7	12	2	2	10	12	5	2	9	4	17	9	6	3	12	13	19	11	17	18	14	14	16	14	11	15	19	6	18	9	13	2	19	12	14	16	0	13	4	16	18	5	7	0	18	17	0	12	9	6	16	18	0	17	9	7	7	19	7	15	4	14	8	16	8	1	8	
20	35	29	29	20	31	32	22	22	39	30	39	40	32	27	25	36	29	20	31	27	22	25	34	30	25	39	24	20	37	30	32	34	27	31	23	21	26	31	23	31	36	28	20	26	22	31	40	34	37	36	35	24	24	29	21	31	20	22	31	24	25	27	22	27	38	34	23	31	36	24	40	23	39	26	36	26	39	38	25	32	24	38	24	36	23	25	21	20	35	26	32	37	40	31	36	31	25	24	22	38	32	27	32	22	32	21	25	31	22	40	37	23	24	32	26	21	31	32	21	36	23	20	35	40	39	33	33	33	39	26	34	25	
15	36	34	24	34	48	30	23	37	50	25	38	19	26	26	33	40	48	27	34	47	50	47	41	38	21	23	29	13	34	14	19	44	24	27	38	28	13	14	21	31	28	36	35	17	34	30	26	24	16	12	24	41	38	40	21	27	29	33	34	39	46	36	37	22	23	32	28	20	20	26	39	37	31	46	24	36	29	47	38	34	28	22	39	12	27	32	43	39	13	36	49	33	45	50	43	46	19	25	18	18	35	48	18	45	25	45	30	18	29	11	20	28	28	25	38	34	32	31	36	24	22	33	22	17	24	24	50	49	27	14	50	21	
15
70
