152
20
0	0	0	48	0	0	96	0	0	0	0	0	0	0	0	0	0	0	0	0	
0	0	0	0	0	96	0	0	0	0	0	0	0	0	48	0	0	96	0	0	
0	0	0	0	0	192	0	0	0	0	0	0	0	0	0	192	0	0	0	500	
48	0	0	0	0	0	0	0	0	96	0	0	0	0	0	48	0	0	0	0	
0	0	0	0	0	0	0	192	0	0	0	0	48	0	0	0	0	0	192	0	
0	96	192	0	0	0	0	0	0	0	0	0	0	0	0	0	0	0	0	0	
96	0	0	0	0	0	0	0	0	192	0	0	0	0	0	0	192	0	0	0	
0	0	0	0	192	0	0	0	0	0	0	48	0	192	0	0	192	0	192	0	
0	0	0	0	0	0	0	0	0	0	0	0	0	0	192	0	0	500	0	0	
0	0	0	96	0	0	192	0	0	0	0	0	0	0	0	0	0	0	0	0	
0	0	0	0	0	0	0	0	0	0	0	0	96	192	0	0	192	0	0	96	
0	0	0	0	0	0	0	48	0	0	0	0	0	0	0	0	0	0	0	0	
0	0	0	0	48	0	0	0	0	0	96	0	0	0	0	0	0	0	0	0	
0	0	0	0	0	0	0	192	0	0	192	0	0	0	0	0	0	0	0	0	
0	48	0	0	0	0	0	0	192	0	0	0	0	0	0	0	0	0	0	0	
0	0	192	48	0	0	0	0	0	0	0	0	0	0	0	0	0	0	0	0	
0	0	0	0	0	0	192	192	0	0	192	0	0	0	0	0	0	0	0	0	
0	96	0	0	0	0	0	0	500	0	0	0	0	0	0	0	0	0	0	0	
0	0	0	0	192	0	0	192	0	0	0	0	0	0	0	0	0	0	0	0	
0	0	500	0	0	0	0	0	0	0	96	0	0	0	0	0	0	0	0	0	
8	11	8	13	17	2	5	4	11	12	2	12	18	17	0	17	5	11	7	2	11	6	8	2	7	7	1	19	5	11	7	10	13	7	18	3	18	5	0	0	16	17	9	10	16	8	14	18	18	4	13	1	9	9	19	7	9	4	4	14	3	2	14	15	15	13	5	14	4	4	3	18	18	6	0	2	2	16	6	16	17	6	5	17	4	0	11	1	16	18	12	10	2	6	14	5	19	19	17	15	7	1	11	4	1	9	4	19	9	13	14	11	12	12	14	17	7	1	3	16	11	9	13	7	13	11	3	16	7	14	6	0	4	14	16	12	2	9	2	4	2	18	8	6	1	4	7	15	16	7	17	12	
9	16	13	11	4	7	14	11	17	18	8	13	3	16	13	13	5	1	1	5	18	10	6	6	12	9	12	0	12	1	9	13	8	13	9	2	19	13	1	12	11	14	7	3	9	2	11	13	2	9	7	2	7	3	16	17	9	15	9	9	9	2	10	15	15	11	1	10	2	5	13	9	10	8	3	2	8	17	15	17	4	9	3	1	9	18	10	5	10	19	4	18	6	19	12	11	0	14	15	19	19	13	15	8	14	18	16	18	3	13	0	11	16	15	11	12	8	1	18	2	17	12	7	17	0	1	11	3	10	14	2	5	8	15	1	7	19	5	2	7	0	10	17	2	0	17	4	4	16	5	7	16	
38	26	38	24	35	28	36	31	28	25	32	31	33	28	29	31	29	30	35	24	30	26	36	32	27	24	20	23	29	33	32	28	28	30	22	28	28	29	33	27	32	27	34	26	29	21	25	34	32	23	26	34	33	21	35	21	27	37	36	37	32	29	24	23	27	35	37	34	26	23	39	29	21	37	36	37	20	36	37	39	30	26	20	27	23	36	26	21	33	23	25	20	35	38	24	31	20	26	21	35	40	22	21	27	23	22	22	29	37	40	33	26	23	20	28	32	26	23	32	31	24	34	35	20	25	26	33	28	21	21	28	34	38	31	38	35	32	25	35	32	29	29	36	23	37	28	23	24	29	26	38	35	
39	15	46	48	38	46	41	12	37	12	22	49	34	24	24	38	46	34	16	10	28	47	34	47	11	39	15	43	19	42	20	19	50	26	21	40	10	44	23	47	33	28	41	22	40	35	15	43	13	49	44	43	26	40	44	34	26	37	26	31	12	37	39	12	42	42	29	31	14	43	12	50	41	20	37	17	17	41	39	32	36	34	33	33	15	46	15	46	38	48	49	17	19	49	44	45	12	48	16	18	28	44	46	10	38	12	30	41	17	12	50	33	14	16	28	49	33	45	22	27	43	33	39	43	17	15	38	21	35	33	28	20	39	11	37	36	13	44	49	20	19	42	11	42	47	23	33	36	50	31	30	47	
0.5
80
