171
20
0	0	0	0	0	0	0	0	0	192	0	0	48	0	0	0	0	0	0	0	
0	0	0	0	0	0	0	0	0	0	0	500	0	0	96	0	192	0	0	0	
0	0	0	0	0	0	0	0	0	0	0	0	0	0	0	0	0	192	0	48	
0	0	0	0	0	0	0	0	0	0	0	500	0	0	0	0	192	500	0	0	
0	0	0	0	0	0	0	0	0	96	48	0	0	48	48	0	0	0	0	0	
0	0	0	0	0	0	0	48	0	0	0	0	0	0	0	0	0	0	48	0	
0	0	0	0	0	0	0	96	0	0	0	0	48	0	0	48	0	0	0	0	
0	0	0	0	0	48	96	0	0	0	0	0	0	0	0	0	0	0	0	0	
0	0	0	0	0	0	0	0	0	0	0	0	0	0	0	192	0	0	48	0	
192	0	0	0	96	0	0	0	0	0	0	0	0	0	0	0	0	0	0	0	
0	0	0	0	48	0	0	0	0	0	0	0	0	48	0	0	0	0	0	0	
0	500	0	500	0	0	0	0	0	0	0	0	0	0	0	0	0	0	0	0	
48	0	0	0	0	0	48	0	0	0	0	0	0	0	0	192	0	0	0	0	
0	0	0	0	48	0	0	0	0	0	48	0	0	0	0	0	0	0	0	0	
0	96	0	0	48	0	0	0	0	0	0	0	0	0	0	0	0	192	0	0	
0	0	0	0	0	0	48	0	192	0	0	0	192	0	0	0	0	0	192	0	
0	192	0	192	0	0	0	0	0	0	0	0	0	0	0	0	0	0	0	0	
0	0	192	500	0	0	0	0	0	0	0	0	0	0	192	0	0	0	0	192	
0	0	0	0	0	48	0	0	48	0	0	0	0	0	0	192	0	0	0	0	
0	0	48	0	0	0	0	0	0	0	0	0	0	0	0	0	0	192	0	0	
19	7	7	14	18	7	17	10	5	16	7	5	10	17	0	3	9	5	11	9	0	7	12	8	12	13	16	2	9	12	4	4	5	13	9	17	9	1	8	5	17	13	3	6	7	1	1	11	8	4	17	0	12	9	19	3	13	11	12	16	19	17	13	17	0	13	19	10	9	12	16	16	6	15	3	13	14	2	19	1	15	12	16	17	9	17	3	19	11	9	13	15	6	2	8	11	16	9	7	7	10	19	9	4	13	13	13	4	1	8	18	3	4	5	12	19	10	17	8	16	5	12	8	7	18	1	19	6	1	7	16	9	0	0	2	17	16	13	8	4	9	7	2	11	1	3	1	13	17	10	11	1	17	13	19	16	15	8	4	18	7	6	17	0	12	6	17	12	16	6	12	
11	8	7	11	11	2	8	18	9	19	3	18	14	6	6	4	7	7	9	17	13	3	2	5	17	0	5	14	8	18	9	14	7	19	16	0	12	10	1	1	14	14	5	12	7	12	17	4	1	16	5	8	16	19	2	7	12	10	2	3	8	15	6	16	16	2	14	9	5	8	8	14	0	11	9	7	14	15	13	14	0	9	13	4	16	15	15	9	9	5	12	16	1	16	5	0	18	10	9	8	7	3	16	3	7	12	5	11	10	7	18	16	1	0	11	1	1	8	6	17	15	13	7	10	4	3	12	13	13	7	6	11	11	11	17	17	3	19	10	7	7	0	0	12	14	8	10	7	11	7	5	18	1	18	15	14	19	19	1	19	9	14	15	16	15	0	15	12	8	2	9	
29	24	31	36	40	33	20	22	34	26	28	38	28	27	27	24	26	21	39	39	23	22	31	29	23	33	32	25	37	39	34	20	22	30	33	30	40	21	25	26	36	28	20	21	32	31	21	22	38	39	29	25	39	20	37	20	35	31	26	32	22	36	31	37	31	20	34	32	25	26	36	38	24	27	39	31	30	38	30	26	26	25	23	27	28	30	24	36	37	21	24	30	29	32	29	28	39	33	21	35	24	24	27	35	27	22	25	25	22	21	24	35	32	24	25	21	24	40	35	31	35	28	37	40	25	33	21	22	27	20	29	37	31	30	31	28	23	26	32	36	32	40	38	27	22	31	24	33	28	32	33	21	25	34	20	25	37	36	22	21	38	28	40	36	24	25	38	39	36	25	30	
22	50	18	45	17	47	29	37	15	43	48	20	38	40	38	12	15	14	30	10	21	45	37	21	22	44	32	15	50	21	39	30	30	28	21	27	50	27	42	42	19	17	37	43	15	45	19	24	28	21	45	15	35	18	39	41	44	39	35	25	22	14	14	32	16	29	18	23	26	15	37	37	16	14	32	42	41	49	18	10	50	23	37	21	38	28	39	21	49	27	10	14	10	42	16	45	33	29	25	33	49	44	38	20	13	16	41	32	40	33	19	35	30	35	30	44	32	24	45	17	46	24	32	40	45	38	27	35	50	27	18	16	37	48	20	40	26	38	31	46	28	22	20	17	43	17	33	12	38	32	39	30	26	11	35	43	35	34	15	35	18	31	43	19	22	17	30	14	30	21	25	
15
90
