114
20
0	0	0	0	0	500	192	0	0	500	0	0	0	0	0	0	0	0	0	0	
0	0	0	0	192	0	0	48	0	0	0	0	0	0	0	0	96	0	0	0	
0	0	0	500	0	0	0	0	0	0	192	0	0	0	0	0	0	0	500	0	
0	0	500	0	0	0	0	0	0	0	96	0	0	0	0	0	0	0	500	0	
0	192	0	0	0	0	0	0	0	0	0	0	0	192	0	0	0	0	0	0	
500	0	0	0	0	0	96	0	0	0	0	0	0	0	0	48	0	0	0	0	
192	0	0	0	0	96	0	0	0	0	0	0	0	0	0	192	0	0	0	0	
0	48	0	0	0	0	0	0	0	0	0	192	0	0	0	0	192	96	0	0	
0	0	0	0	0	0	0	0	0	0	0	0	0	0	96	0	0	192	0	192	
500	0	0	0	0	0	0	0	0	0	0	0	0	0	0	0	0	0	0	96	
0	0	192	96	0	0	0	0	0	0	0	0	0	0	0	0	0	0	0	0	
0	0	0	0	0	0	0	192	0	0	0	0	48	0	0	0	0	0	0	0	
0	0	0	0	0	0	0	0	0	0	0	48	0	192	0	0	192	0	0	0	
0	0	0	0	192	0	0	0	0	0	0	0	192	0	0	0	0	0	0	0	
0	0	0	0	0	0	0	0	96	0	0	0	0	0	0	0	0	0	48	0	
0	0	0	0	0	48	192	0	0	0	0	0	0	0	0	0	0	0	0	0	
0	96	0	0	0	0	0	192	0	0	0	0	192	0	0	0	0	0	0	0	
0	0	0	0	0	0	0	96	192	0	0	0	0	0	0	0	0	0	0	0	
0	0	500	500	0	0	0	0	0	0	0	0	0	0	48	0	0	0	0	0	
0	0	0	0	0	0	0	0	192	96	0	0	0	0	0	0	0	0	0	0	
14	17	3	19	16	11	15	19	2	19	14	11	13	10	1	16	3	0	9	7	16	4	3	6	2	1	0	4	2	13	17	13	0	0	7	15	9	9	15	13	7	11	6	6	3	12	9	2	9	16	2	15	18	18	4	8	4	1	13	5	4	15	10	11	14	13	4	0	7	7	1	15	1	7	0	7	1	6	11	13	19	9	7	8	5	13	10	7	3	6	3	2	15	6	0	14	17	14	11	1	3	3	15	15	5	13	6	17	17	18	18	5	11	3	
5	7	18	15	2	13	3	14	2	18	16	16	17	7	8	10	0	17	17	5	1	12	4	11	17	10	10	3	8	12	4	16	19	18	15	2	0	18	4	3	3	17	16	2	6	11	4	14	9	19	17	7	14	4	11	14	13	19	13	16	3	18	19	7	2	11	5	15	7	4	10	9	18	13	13	2	12	9	1	15	15	6	9	14	19	0	8	10	18	1	1	10	4	18	6	11	11	8	1	0	11	19	1	3	5	9	8	2	3	3	7	13	14	18	
37	29	32	32	28	34	21	38	39	31	24	24	31	30	20	34	36	30	27	28	29	39	29	38	26	30	30	27	32	38	22	40	35	28	39	33	35	21	36	31	28	24	20	27	26	23	31	38	25	35	24	30	21	26	37	34	28	35	37	27	22	31	39	32	26	23	26	30	35	29	31	27	32	29	33	27	29	27	30	35	38	34	23	28	30	22	33	30	22	22	39	25	36	22	26	26	40	33	37	37	24	20	39	32	40	37	37	33	25	38	25	40	26	27	
49	23	29	34	43	29	18	29	41	46	22	48	48	49	25	18	41	14	28	18	16	38	30	49	42	15	45	25	11	17	22	31	18	43	29	50	28	42	20	40	17	45	45	45	16	25	38	32	18	20	12	16	16	11	23	30	27	28	17	46	14	10	21	36	46	18	11	44	27	40	28	25	36	14	45	36	14	25	45	38	48	27	37	39	38	41	41	37	25	42	43	45	25	17	25	13	46	16	18	17	34	35	21	18	29	22	44	12	46	38	25	30	19	50	
0.5
60
