95
20
0	0	0	48	0	0	0	0	0	96	0	0	0	96	0	0	0	0	0	48	
0	0	0	0	0	0	500	0	0	0	0	0	96	0	0	0	48	0	0	0	
0	0	0	0	0	0	0	0	0	0	0	192	0	0	500	0	0	0	0	0	
48	0	0	0	0	0	0	0	0	0	0	0	0	0	0	0	0	0	0	48	
0	0	0	0	0	0	0	0	0	0	0	0	0	0	0	0	0	192	500	0	
0	0	0	0	0	0	0	0	192	0	0	0	0	48	0	0	0	0	96	0	
0	500	0	0	0	0	0	0	0	0	0	192	96	0	0	0	96	0	0	0	
0	0	0	0	0	0	0	0	0	500	192	0	0	0	0	96	0	0	0	0	
0	0	0	0	0	192	0	0	0	0	0	0	0	192	0	0	0	0	0	0	
96	0	0	0	0	0	0	500	0	0	0	0	0	0	0	0	0	0	0	0	
0	0	0	0	0	0	0	192	0	0	0	0	0	0	0	192	0	0	0	0	
0	0	192	0	0	0	192	0	0	0	0	0	0	0	48	0	0	0	0	0	
0	96	0	0	0	0	96	0	0	0	0	0	0	0	0	0	0	0	0	0	
96	0	0	0	0	48	0	0	192	0	0	0	0	0	0	0	0	0	0	0	
0	0	500	0	0	0	0	0	0	0	0	48	0	0	0	0	0	0	0	0	
0	0	0	0	0	0	0	96	0	0	192	0	0	0	0	0	192	0	0	0	
0	48	0	0	0	0	96	0	0	0	0	0	0	0	0	192	0	0	0	0	
0	0	0	0	192	0	0	0	0	0	0	0	0	0	0	0	0	0	96	0	
0	0	0	0	500	96	0	0	0	0	0	0	0	0	0	0	0	96	0	0	
48	0	0	48	0	0	0	0	0	0	0	0	0	0	0	0	0	0	0	0	
5	18	5	1	17	18	7	18	18	19	18	14	6	0	13	13	1	8	19	13	9	9	2	9	14	3	8	4	10	8	0	14	1	13	0	8	4	7	5	11	9	10	16	17	13	4	14	1	4	6	0	6	19	8	19	16	16	8	4	9	11	15	12	12	18	14	16	0	17	9	1	9	2	10	16	12	13	5	5	10	12	1	7	1	11	17	2	17	19	18	18	11	14	11	14	
13	7	12	4	17	11	15	12	1	10	1	4	10	2	6	11	4	10	7	14	13	12	17	4	14	16	6	16	7	9	5	19	6	7	13	9	0	14	2	19	13	5	0	19	7	3	15	13	18	6	13	19	8	3	4	0	10	7	13	16	17	19	14	9	13	16	11	2	11	10	13	16	10	0	17	11	13	5	12	0	17	16	3	5	4	12	0	14	7	7	14	4	7	18	4	
35	27	30	28	30	27	28	20	20	23	24	37	28	32	31	22	37	34	20	38	39	20	38	33	32	36	38	31	25	21	40	21	30	24	36	31	28	39	32	27	33	40	40	22	30	32	39	32	32	24	24	37	24	31	25	25	22	35	40	31	26	36	39	31	26	21	22	25	37	23	23	37	20	30	22	20	37	32	32	30	22	20	40	29	27	26	29	24	37	34	34	24	29	32	22	
37	44	26	45	33	14	29	40	29	30	14	49	40	16	44	37	14	45	46	42	44	41	27	41	39	23	26	30	31	14	43	41	34	18	10	11	14	46	49	20	40	21	28	16	35	12	11	38	19	27	38	48	28	31	15	34	38	48	41	45	45	30	48	50	20	21	50	25	48	38	46	25	15	36	18	22	39	29	22	38	10	13	45	28	44	11	14	33	19	40	32	25	20	25	40	
5
50
