95
20
0	48	0	0	0	0	0	0	0	0	96	0	0	0	0	0	0	0	0	0	
48	0	0	0	0	0	0	48	0	0	48	0	0	0	0	0	0	0	0	0	
0	0	0	0	0	0	0	0	0	0	0	96	500	0	0	0	0	96	0	0	
0	0	0	0	96	0	0	0	0	0	0	0	0	0	0	48	0	0	0	192	
0	0	0	96	0	0	0	0	192	0	0	0	0	0	0	0	500	0	0	0	
0	0	0	0	0	0	0	0	500	0	0	0	0	0	0	0	48	0	0	0	
0	0	0	0	0	0	0	0	0	0	0	96	0	0	0	0	0	500	0	500	
0	48	0	0	0	0	0	0	0	96	0	0	0	500	0	0	0	0	0	0	
0	0	0	0	192	500	0	0	0	0	0	0	0	0	0	0	0	0	0	0	
0	0	0	0	0	0	0	96	0	0	0	0	96	48	0	0	0	0	0	0	
96	48	0	0	0	0	0	0	0	0	0	0	0	0	0	0	0	0	0	0	
0	0	96	0	0	0	96	0	0	0	0	0	96	0	0	192	0	0	0	0	
0	0	500	0	0	0	0	0	0	96	0	96	0	500	0	0	0	0	48	0	
0	0	0	0	0	0	0	500	0	48	0	0	500	0	0	0	0	0	0	0	
0	0	0	0	0	0	0	0	0	0	0	0	0	0	0	192	0	0	192	0	
0	0	0	48	0	0	0	0	0	0	0	192	0	0	192	0	0	0	0	0	
0	0	0	0	500	48	0	0	0	0	0	0	0	0	0	0	0	0	0	0	
0	0	96	0	0	0	500	0	0	0	0	0	0	0	0	0	0	0	0	0	
0	0	0	0	0	0	0	0	0	0	0	0	48	0	192	0	0	0	0	0	
0	0	0	192	0	0	500	0	0	0	0	0	0	0	0	0	0	0	0	0	
16	1	9	8	7	15	2	5	15	9	1	5	2	8	19	2	8	4	13	18	10	3	0	0	1	10	0	19	3	17	12	19	4	5	15	5	18	9	15	5	4	7	13	18	14	19	13	4	10	8	18	12	15	7	11	8	5	14	14	3	13	6	8	15	9	3	10	10	13	3	17	3	15	2	5	1	10	14	0	19	17	12	11	4	13	12	15	16	14	12	17	8	5	12	2	
13	4	8	9	11	14	10	3	13	18	6	0	8	0	11	14	5	10	3	10	8	15	1	9	0	2	18	7	5	3	18	6	12	8	7	19	6	12	9	7	8	10	2	18	19	6	10	10	19	6	3	8	11	14	14	13	19	2	14	14	8	10	19	11	11	0	0	18	17	7	10	16	11	7	7	17	6	5	3	19	7	19	12	16	19	1	19	10	8	8	16	9	5	13	12	
28	21	34	20	27	38	24	20	30	24	29	36	33	40	37	28	26	23	20	22	36	37	38	24	38	36	31	24	24	27	37	38	37	20	31	21	26	20	30	34	20	34	35	24	39	31	33	20	21	23	39	31	35	24	35	30	28	35	30	33	20	23	35	39	39	40	37	32	29	40	27	40	36	27	23	32	33	32	30	30	39	38	24	26	23	26	31	40	32	31	38	38	39	33	34	
48	21	23	15	25	20	28	29	44	11	47	25	47	42	26	28	43	23	30	13	30	18	19	39	11	47	48	19	34	37	15	14	35	22	38	49	40	26	19	40	45	18	34	21	34	10	14	50	36	13	30	18	37	37	27	45	50	25	40	39	22	28	37	15	15	31	15	43	26	39	38	17	38	13	18	24	13	39	39	45	43	19	37	24	50	23	41	50	28	32	42	26	24	50	10	
20
50
