95
20
0	0	0	0	0	192	0	0	96	0	0	0	0	0	0	48	0	0	0	0	
0	0	0	0	0	0	0	0	0	192	0	0	0	0	0	500	192	0	0	0	
0	0	0	0	0	0	0	0	0	0	0	500	0	0	48	0	0	0	0	0	
0	0	0	0	0	0	0	0	0	0	0	0	500	0	0	0	0	0	192	0	
0	0	0	0	0	0	0	48	0	0	0	0	0	0	0	0	0	0	0	96	
192	0	0	0	0	0	0	0	500	0	0	0	0	0	0	0	0	0	0	0	
0	0	0	0	0	0	0	0	0	0	0	192	0	0	0	0	0	96	192	0	
0	0	0	0	48	0	0	0	0	0	96	0	0	0	0	0	0	0	0	0	
96	0	0	0	0	500	0	0	0	0	0	96	0	0	0	48	0	0	0	0	
0	192	0	0	0	0	0	0	0	0	0	0	0	0	0	96	192	0	0	0	
0	0	0	0	0	0	0	96	0	0	0	0	192	0	0	0	0	0	0	0	
0	0	500	0	0	0	192	0	96	0	0	0	0	0	0	0	0	0	0	0	
0	0	0	500	0	0	0	0	0	0	192	0	0	0	0	0	0	0	0	0	
0	0	0	0	0	0	0	0	0	0	0	0	0	0	96	0	192	0	0	500	
0	0	48	0	0	0	0	0	0	0	0	0	0	96	0	0	0	0	0	0	
48	500	0	0	0	0	0	0	48	96	0	0	0	0	0	0	0	0	0	0	
0	192	0	0	0	0	0	0	0	192	0	0	0	192	0	0	0	0	0	0	
0	0	0	0	0	0	96	0	0	0	0	0	0	0	0	0	0	0	500	500	
0	0	0	192	0	0	192	0	0	0	0	0	0	0	0	0	0	500	0	0	
0	0	0	0	96	0	0	0	0	0	0	0	0	500	0	0	0	500	0	0	
2	5	9	10	1	0	10	5	8	13	3	11	4	8	5	12	16	7	1	17	7	18	19	6	10	19	17	2	12	14	13	9	4	13	10	17	7	12	6	9	4	10	1	15	2	5	10	12	6	9	16	10	3	12	5	4	8	14	10	13	9	2	0	17	12	1	4	12	9	18	2	9	13	11	0	4	18	4	11	10	16	16	12	12	8	4	16	15	15	10	12	1	3	3	0	
9	13	7	9	0	2	14	17	9	7	1	14	13	0	13	14	18	7	16	6	3	7	19	6	6	3	10	9	17	3	19	6	15	16	18	3	6	0	5	16	0	11	0	16	0	2	5	14	0	18	4	0	14	13	7	14	17	19	14	7	8	13	11	6	6	5	2	13	14	7	17	9	7	12	13	10	4	17	1	7	0	3	1	3	10	12	4	0	9	8	7	10	0	9	4	
40	38	31	29	20	39	28	25	30	38	35	31	29	30	37	37	37	36	33	22	21	28	20	36	30	30	25	25	38	27	33	21	32	24	26	22	22	34	21	38	26	31	35	32	35	31	39	29	34	25	24	40	25	40	36	31	23	39	24	28	26	28	24	40	27	38	21	36	35	37	21	37	32	33	40	31	25	38	32	38	31	22	27	25	26	30	25	34	22	30	20	39	29	33	36	
10	17	50	11	46	36	26	14	42	30	37	29	26	33	38	40	14	42	32	27	32	38	36	20	40	10	16	32	33	36	43	23	29	31	32	26	32	38	10	44	10	28	19	41	45	19	41	13	46	37	50	49	12	27	10	11	30	20	21	48	41	27	19	14	23	29	21	31	29	42	24	46	28	39	17	35	38	35	34	48	33	34	37	29	48	41	42	39	40	29	14	37	37	48	24	
5
50
