171
20
0	0	0	0	0	500	192	0	0	500	0	0	0	0	0	0	0	0	0	0	
0	0	0	0	192	0	0	48	0	0	0	0	0	0	0	0	96	0	0	0	
0	0	0	500	0	0	0	0	0	0	192	0	0	0	0	0	0	0	500	0	
0	0	500	0	0	0	0	0	0	0	96	0	0	0	0	0	0	0	500	0	
0	192	0	0	0	0	0	0	0	0	0	0	0	192	0	0	0	0	0	0	
500	0	0	0	0	0	96	0	0	0	0	0	0	0	0	48	0	0	0	0	
192	0	0	0	0	96	0	0	0	0	0	0	0	0	0	192	0	0	0	0	
0	48	0	0	0	0	0	0	0	0	0	192	0	0	0	0	192	96	0	0	
0	0	0	0	0	0	0	0	0	0	0	0	0	0	96	0	0	192	0	192	
500	0	0	0	0	0	0	0	0	0	0	0	0	0	0	0	0	0	0	96	
0	0	192	96	0	0	0	0	0	0	0	0	0	0	0	0	0	0	0	0	
0	0	0	0	0	0	0	192	0	0	0	0	48	0	0	0	0	0	0	0	
0	0	0	0	0	0	0	0	0	0	0	48	0	192	0	0	192	0	0	0	
0	0	0	0	192	0	0	0	0	0	0	0	192	0	0	0	0	0	0	0	
0	0	0	0	0	0	0	0	96	0	0	0	0	0	0	0	0	0	48	0	
0	0	0	0	0	48	192	0	0	0	0	0	0	0	0	0	0	0	0	0	
0	96	0	0	0	0	0	192	0	0	0	0	192	0	0	0	0	0	0	0	
0	0	0	0	0	0	0	96	192	0	0	0	0	0	0	0	0	0	0	0	
0	0	500	500	0	0	0	0	0	0	0	0	0	0	48	0	0	0	0	0	
0	0	0	0	0	0	0	0	192	96	0	0	0	0	0	0	0	0	0	0	
17	14	2	8	6	12	19	0	6	16	6	10	14	17	11	17	16	4	8	13	16	15	10	14	15	15	18	11	14	0	0	11	15	3	14	17	18	10	1	5	8	10	6	11	7	11	6	18	14	7	17	10	12	14	17	8	6	13	7	4	15	14	15	13	14	6	3	15	11	9	0	3	15	17	3	5	4	10	17	0	14	6	2	12	2	13	4	6	1	9	0	19	13	2	3	8	2	18	9	6	9	1	17	18	12	13	14	8	10	2	5	7	10	18	5	3	13	13	17	13	14	17	19	18	16	15	16	19	15	6	4	1	12	2	2	13	17	6	1	5	6	19	15	4	0	3	16	8	8	15	15	14	4	7	15	19	0	8	14	12	1	4	8	18	4	12	8	14	3	16	5	
6	16	6	7	16	5	1	9	9	0	15	3	14	6	4	4	2	9	2	7	12	9	13	19	4	4	12	15	7	10	10	2	14	1	12	6	6	9	1	12	1	0	4	10	7	2	11	19	13	16	14	17	16	8	19	1	1	11	15	8	10	16	15	11	19	11	15	19	9	14	13	5	13	17	18	14	1	2	14	6	4	17	0	12	13	12	14	8	16	2	8	6	15	8	5	5	9	2	19	16	17	5	15	6	7	7	9	2	8	12	15	7	9	14	18	0	16	1	3	3	0	3	10	18	12	0	1	8	0	5	4	11	10	4	5	12	5	10	17	4	16	3	13	8	7	12	2	5	3	19	0	0	1	12	12	2	3	5	1	4	8	14	2	7	7	5	17	11	17	18	7	
39	30	35	33	34	40	20	25	29	40	22	29	31	29	21	22	36	35	28	27	32	37	22	34	21	33	34	31	36	28	32	25	28	28	25	28	40	22	21	21	21	34	20	39	38	38	23	26	34	20	40	38	40	31	33	30	35	20	33	26	38	34	26	38	20	20	34	35	30	22	21	31	23	23	38	28	25	26	20	33	25	25	26	20	40	37	37	27	21	35	31	27	35	21	30	36	30	37	32	20	20	22	25	39	38	31	39	31	21	31	36	33	38	33	35	21	28	25	27	40	30	38	40	21	20	28	35	32	39	27	24	30	33	20	22	37	29	33	36	33	21	36	22	23	27	32	23	40	39	33	40	34	21	34	35	21	31	20	27	25	33	34	23	23	21	32	33	21	36	25	40	
50	44	16	19	16	31	12	40	40	41	26	22	18	50	44	22	14	32	34	14	30	36	29	50	41	40	21	36	44	45	26	22	25	28	11	41	27	11	24	10	17	36	30	41	37	27	37	50	43	14	10	21	39	12	39	23	26	25	44	48	14	23	49	13	27	27	42	47	15	48	37	23	47	29	29	26	19	46	48	34	29	12	46	47	31	21	47	48	23	10	18	35	35	10	37	12	50	25	24	25	14	14	47	24	37	23	26	29	26	21	12	37	27	21	46	30	10	19	41	31	34	32	12	33	29	12	17	49	42	37	33	35	15	45	41	34	14	15	24	20	43	27	49	45	47	45	47	41	27	26	50	33	21	11	22	23	15	32	28	10	29	15	48	49	11	45	47	33	47	40	12	
15
90
