133
20
0	0	0	0	0	0	0	0	0	192	0	0	48	0	0	0	0	0	0	0	
0	0	0	0	0	0	0	0	0	0	0	500	0	0	96	0	192	0	0	0	
0	0	0	0	0	0	0	0	0	0	0	0	0	0	0	0	0	192	0	48	
0	0	0	0	0	0	0	0	0	0	0	500	0	0	0	0	192	500	0	0	
0	0	0	0	0	0	0	0	0	96	48	0	0	48	48	0	0	0	0	0	
0	0	0	0	0	0	0	48	0	0	0	0	0	0	0	0	0	0	48	0	
0	0	0	0	0	0	0	96	0	0	0	0	48	0	0	48	0	0	0	0	
0	0	0	0	0	48	96	0	0	0	0	0	0	0	0	0	0	0	0	0	
0	0	0	0	0	0	0	0	0	0	0	0	0	0	0	192	0	0	48	0	
192	0	0	0	96	0	0	0	0	0	0	0	0	0	0	0	0	0	0	0	
0	0	0	0	48	0	0	0	0	0	0	0	0	48	0	0	0	0	0	0	
0	500	0	500	0	0	0	0	0	0	0	0	0	0	0	0	0	0	0	0	
48	0	0	0	0	0	48	0	0	0	0	0	0	0	0	192	0	0	0	0	
0	0	0	0	48	0	0	0	0	0	48	0	0	0	0	0	0	0	0	0	
0	96	0	0	48	0	0	0	0	0	0	0	0	0	0	0	0	192	0	0	
0	0	0	0	0	0	48	0	192	0	0	0	192	0	0	0	0	0	192	0	
0	192	0	192	0	0	0	0	0	0	0	0	0	0	0	0	0	0	0	0	
0	0	192	500	0	0	0	0	0	0	0	0	0	0	192	0	0	0	0	192	
0	0	0	0	0	48	0	0	48	0	0	0	0	0	0	192	0	0	0	0	
0	0	48	0	0	0	0	0	0	0	0	0	0	0	0	0	0	192	0	0	
11	2	13	14	19	19	1	5	13	6	11	4	15	15	18	1	9	0	0	11	0	6	14	9	2	1	5	15	11	19	10	2	13	8	18	15	8	6	13	8	14	10	6	0	6	5	0	14	0	3	1	2	6	9	11	9	15	2	1	12	12	17	17	8	4	15	3	18	6	19	6	8	7	12	6	17	7	3	19	4	7	18	16	1	17	10	4	17	13	16	13	5	5	0	16	2	4	0	6	10	14	8	12	1	17	2	7	7	4	19	7	3	12	19	7	17	17	16	6	10	12	15	15	0	7	4	1	2	18	13	6	15	6	
19	8	3	1	11	0	9	6	11	7	12	3	9	19	13	13	14	7	6	1	15	14	15	14	5	7	14	0	16	1	19	10	3	15	11	18	5	8	11	8	16	0	1	17	17	4	1	4	16	5	4	8	4	4	4	18	12	10	9	12	10	13	13	15	11	0	7	15	16	1	7	18	18	18	19	5	1	18	6	7	19	12	8	8	17	0	6	15	0	15	2	18	1	13	4	13	17	17	5	14	12	7	7	2	12	1	18	1	10	18	19	8	3	0	8	1	4	8	5	5	18	8	4	0	17	19	4	0	15	12	16	14	9	
33	34	40	33	26	22	23	32	22	32	36	40	29	37	23	23	33	29	36	33	29	26	32	33	37	25	34	40	30	39	40	24	40	22	26	30	35	21	40	28	28	35	21	35	39	34	29	32	22	31	22	21	34	29	23	36	23	40	37	40	27	27	40	21	22	31	38	37	34	36	25	21	23	25	30	30	33	23	32	30	30	28	34	21	31	36	29	29	25	32	38	27	31	37	27	40	38	21	20	23	34	32	23	36	26	21	36	29	28	25	27	34	27	33	34	30	20	37	38	35	30	20	25	27	34	37	32	29	27	36	32	36	36	
49	33	25	47	44	36	21	45	37	17	27	13	31	13	43	32	41	11	30	37	44	38	49	36	30	27	29	14	22	34	27	28	42	40	47	38	14	12	43	20	47	43	45	34	30	47	17	22	22	41	27	44	18	17	47	11	40	18	25	49	18	19	10	36	38	34	26	15	10	43	49	32	27	39	42	29	16	13	48	10	18	32	16	28	37	33	18	46	43	28	27	24	21	16	13	33	11	15	16	19	31	28	48	36	46	29	31	46	29	33	37	38	27	18	46	23	37	13	19	25	29	47	27	39	47	17	26	12	43	47	42	42	12	
0.5
70
