133
20
0	0	0	48	0	0	0	0	0	96	0	0	0	96	0	0	0	0	0	48	
0	0	0	0	0	0	500	0	0	0	0	0	96	0	0	0	48	0	0	0	
0	0	0	0	0	0	0	0	0	0	0	192	0	0	500	0	0	0	0	0	
48	0	0	0	0	0	0	0	0	0	0	0	0	0	0	0	0	0	0	48	
0	0	0	0	0	0	0	0	0	0	0	0	0	0	0	0	0	192	500	0	
0	0	0	0	0	0	0	0	192	0	0	0	0	48	0	0	0	0	96	0	
0	500	0	0	0	0	0	0	0	0	0	192	96	0	0	0	96	0	0	0	
0	0	0	0	0	0	0	0	0	500	192	0	0	0	0	96	0	0	0	0	
0	0	0	0	0	192	0	0	0	0	0	0	0	192	0	0	0	0	0	0	
96	0	0	0	0	0	0	500	0	0	0	0	0	0	0	0	0	0	0	0	
0	0	0	0	0	0	0	192	0	0	0	0	0	0	0	192	0	0	0	0	
0	0	192	0	0	0	192	0	0	0	0	0	0	0	48	0	0	0	0	0	
0	96	0	0	0	0	96	0	0	0	0	0	0	0	0	0	0	0	0	0	
96	0	0	0	0	48	0	0	192	0	0	0	0	0	0	0	0	0	0	0	
0	0	500	0	0	0	0	0	0	0	0	48	0	0	0	0	0	0	0	0	
0	0	0	0	0	0	0	96	0	0	192	0	0	0	0	0	192	0	0	0	
0	48	0	0	0	0	96	0	0	0	0	0	0	0	0	192	0	0	0	0	
0	0	0	0	192	0	0	0	0	0	0	0	0	0	0	0	0	0	96	0	
0	0	0	0	500	96	0	0	0	0	0	0	0	0	0	0	0	96	0	0	
48	0	0	48	0	0	0	0	0	0	0	0	0	0	0	0	0	0	0	0	
14	15	18	18	17	8	0	17	5	3	12	10	16	9	4	15	14	7	0	0	2	6	5	15	15	15	4	16	2	19	19	17	10	18	1	2	2	11	9	1	4	10	19	10	8	11	0	14	9	9	14	15	6	12	17	10	4	8	2	6	18	4	10	15	7	7	2	15	0	19	7	14	0	2	19	10	2	11	6	6	12	12	1	7	15	2	5	13	3	10	8	13	10	13	18	17	5	0	0	14	0	0	15	12	17	6	0	16	13	15	17	16	4	12	1	0	1	14	15	13	6	10	11	2	7	8	3	9	7	7	14	9	16	
7	3	15	7	12	16	0	2	4	7	3	2	7	9	8	4	4	8	1	12	10	15	6	0	11	9	17	17	12	2	9	7	18	11	2	0	2	1	14	0	16	1	4	5	11	0	17	0	14	12	1	2	12	8	5	19	16	11	10	16	16	13	18	0	5	3	18	14	16	2	2	19	14	4	19	18	8	0	6	10	14	1	5	4	15	11	4	6	18	6	13	13	2	9	16	18	14	5	11	9	16	17	10	12	1	7	14	11	14	17	13	0	7	7	19	8	11	10	5	11	2	11	9	11	0	15	11	5	7	11	9	17	16	
21	34	24	35	39	33	23	27	34	24	38	30	40	31	25	32	39	26	39	21	31	37	32	32	39	26	24	31	25	29	21	26	38	31	28	34	26	35	38	26	27	26	38	25	23	36	28	39	26	29	39	39	38	34	24	20	28	33	34	23	31	31	22	33	21	38	22	35	28	27	22	27	22	40	32	20	31	31	36	35	28	26	29	36	21	33	32	20	27	22	27	29	32	24	32	32	35	23	40	31	21	20	25	36	34	39	30	35	28	39	28	37	38	25	40	26	21	36	36	29	21	20	24	23	24	29	24	38	34	21	26	38	21	
50	29	24	46	24	48	39	28	29	30	15	40	47	30	46	27	12	16	26	13	21	44	23	27	35	18	31	32	15	25	13	20	21	50	43	32	50	32	29	48	41	49	29	21	31	23	41	44	21	37	44	48	16	22	17	23	44	47	38	12	15	49	32	32	30	31	18	40	18	38	28	50	35	23	10	31	18	14	10	24	31	21	26	35	26	16	43	30	18	32	40	16	49	24	17	27	23	36	15	13	33	45	40	50	17	45	26	18	46	32	26	16	19	39	36	23	49	29	33	45	37	36	20	50	43	22	21	20	41	28	28	12	50	
15
70
