171
20
0	0	0	0	0	192	0	0	96	0	0	0	0	0	0	48	0	0	0	0	
0	0	0	0	0	0	0	0	0	192	0	0	0	0	0	500	192	0	0	0	
0	0	0	0	0	0	0	0	0	0	0	500	0	0	48	0	0	0	0	0	
0	0	0	0	0	0	0	0	0	0	0	0	500	0	0	0	0	0	192	0	
0	0	0	0	0	0	0	48	0	0	0	0	0	0	0	0	0	0	0	96	
192	0	0	0	0	0	0	0	500	0	0	0	0	0	0	0	0	0	0	0	
0	0	0	0	0	0	0	0	0	0	0	192	0	0	0	0	0	96	192	0	
0	0	0	0	48	0	0	0	0	0	96	0	0	0	0	0	0	0	0	0	
96	0	0	0	0	500	0	0	0	0	0	96	0	0	0	48	0	0	0	0	
0	192	0	0	0	0	0	0	0	0	0	0	0	0	0	96	192	0	0	0	
0	0	0	0	0	0	0	96	0	0	0	0	192	0	0	0	0	0	0	0	
0	0	500	0	0	0	192	0	96	0	0	0	0	0	0	0	0	0	0	0	
0	0	0	500	0	0	0	0	0	0	192	0	0	0	0	0	0	0	0	0	
0	0	0	0	0	0	0	0	0	0	0	0	0	0	96	0	192	0	0	500	
0	0	48	0	0	0	0	0	0	0	0	0	0	96	0	0	0	0	0	0	
48	500	0	0	0	0	0	0	48	96	0	0	0	0	0	0	0	0	0	0	
0	192	0	0	0	0	0	0	0	192	0	0	0	192	0	0	0	0	0	0	
0	0	0	0	0	0	96	0	0	0	0	0	0	0	0	0	0	0	500	500	
0	0	0	192	0	0	192	0	0	0	0	0	0	0	0	0	0	500	0	0	
0	0	0	0	96	0	0	0	0	0	0	0	0	500	0	0	0	500	0	0	
14	19	14	2	1	9	16	18	7	13	2	1	17	10	12	9	15	19	0	10	0	7	17	19	19	1	18	1	18	4	8	14	14	19	14	3	7	2	19	4	16	14	4	15	12	0	16	8	13	9	18	5	0	18	2	7	18	8	10	2	4	8	14	16	10	12	3	17	19	15	11	3	2	12	2	10	9	10	17	16	9	4	14	14	6	10	17	12	11	4	3	12	3	1	18	2	8	13	9	0	3	1	4	18	17	15	9	2	7	18	15	9	1	4	18	7	13	14	12	14	12	10	13	14	19	15	2	13	15	4	9	8	9	9	9	15	13	11	10	4	1	14	6	3	14	17	16	2	1	8	12	1	11	4	0	2	0	7	8	10	7	4	17	13	11	5	8	17	10	12	11	
16	9	3	11	1	13	6	11	10	1	11	7	19	16	19	15	9	12	15	8	11	17	1	8	11	11	16	6	12	10	14	5	11	4	0	6	4	2	0	8	17	4	9	10	14	17	13	16	5	4	10	4	18	15	15	13	7	6	2	18	4	0	5	19	3	16	3	2	0	12	18	2	9	9	16	14	2	15	16	10	17	16	13	0	10	9	10	0	15	7	18	11	8	7	12	10	19	1	7	15	17	19	14	13	1	14	16	19	19	10	4	2	2	10	17	9	15	17	10	3	4	5	18	0	10	14	9	2	9	15	11	13	10	11	11	13	7	12	13	18	5	7	1	10	0	16	6	4	17	5	0	12	3	19	8	15	4	19	2	3	11	18	5	19	5	4	5	3	2	3	11	
25	39	33	27	32	31	28	26	28	26	40	30	22	20	25	21	22	38	21	25	34	22	37	33	33	36	22	27	26	34	39	25	21	31	25	28	38	32	23	26	34	39	23	21	40	21	31	29	26	25	36	23	26	30	20	36	31	40	35	26	31	36	26	21	20	29	33	38	40	24	23	40	34	26	33	29	38	34	38	34	29	30	35	30	35	40	31	21	24	40	31	20	35	26	27	38	35	38	28	21	36	35	30	34	38	23	24	21	33	28	24	29	21	31	24	32	21	21	20	26	29	25	25	33	36	34	30	31	33	34	31	36	29	27	35	24	36	25	30	20	37	32	25	31	34	40	25	40	23	21	22	31	37	24	24	34	29	20	20	20	27	31	22	37	31	26	40	26	23	34	31	
47	22	19	16	40	30	39	23	43	21	45	26	35	14	33	44	18	39	46	10	42	18	38	34	49	25	46	20	38	44	34	21	18	36	15	40	26	11	17	18	20	42	39	41	19	20	13	42	27	25	27	24	39	18	49	22	19	35	18	40	15	23	26	24	27	43	31	47	20	39	42	37	32	34	36	12	41	14	46	21	31	39	36	37	26	32	20	45	10	41	31	33	33	16	26	40	19	30	45	39	27	40	33	18	13	37	21	46	35	14	29	22	14	49	13	12	29	28	13	13	40	43	35	14	14	24	12	39	30	48	17	50	12	40	41	18	38	39	19	23	36	14	25	30	45	40	20	40	42	33	18	41	30	28	10	46	46	25	34	45	43	31	48	50	21	50	35	39	12	48	17	
15
90
