152
20
0	48	0	0	0	0	0	0	0	0	96	0	0	0	0	0	0	0	0	0	
48	0	0	0	0	0	0	48	0	0	48	0	0	0	0	0	0	0	0	0	
0	0	0	0	0	0	0	0	0	0	0	96	500	0	0	0	0	96	0	0	
0	0	0	0	96	0	0	0	0	0	0	0	0	0	0	48	0	0	0	192	
0	0	0	96	0	0	0	0	192	0	0	0	0	0	0	0	500	0	0	0	
0	0	0	0	0	0	0	0	500	0	0	0	0	0	0	0	48	0	0	0	
0	0	0	0	0	0	0	0	0	0	0	96	0	0	0	0	0	500	0	500	
0	48	0	0	0	0	0	0	0	96	0	0	0	500	0	0	0	0	0	0	
0	0	0	0	192	500	0	0	0	0	0	0	0	0	0	0	0	0	0	0	
0	0	0	0	0	0	0	96	0	0	0	0	96	48	0	0	0	0	0	0	
96	48	0	0	0	0	0	0	0	0	0	0	0	0	0	0	0	0	0	0	
0	0	96	0	0	0	96	0	0	0	0	0	96	0	0	192	0	0	0	0	
0	0	500	0	0	0	0	0	0	96	0	96	0	500	0	0	0	0	48	0	
0	0	0	0	0	0	0	500	0	48	0	0	500	0	0	0	0	0	0	0	
0	0	0	0	0	0	0	0	0	0	0	0	0	0	0	192	0	0	192	0	
0	0	0	48	0	0	0	0	0	0	0	192	0	0	192	0	0	0	0	0	
0	0	0	0	500	48	0	0	0	0	0	0	0	0	0	0	0	0	0	0	
0	0	96	0	0	0	500	0	0	0	0	0	0	0	0	0	0	0	0	0	
0	0	0	0	0	0	0	0	0	0	0	0	48	0	192	0	0	0	0	0	
0	0	0	192	0	0	500	0	0	0	0	0	0	0	0	0	0	0	0	0	
18	6	2	0	5	6	18	5	6	0	18	0	16	0	10	13	14	11	15	15	2	15	2	0	5	15	5	15	4	5	12	1	7	7	12	14	0	4	19	8	5	7	5	0	1	19	3	6	10	19	11	12	12	15	17	10	6	0	14	2	11	11	0	8	9	13	11	6	17	15	16	4	8	6	5	5	3	0	14	19	10	8	12	14	8	0	12	4	0	2	12	1	16	5	5	8	13	8	6	2	19	19	6	14	17	7	9	6	6	1	13	6	4	10	6	17	0	19	1	16	11	9	0	17	10	13	19	13	9	8	3	16	14	16	17	4	6	8	19	5	10	11	13	13	19	12	17	5	14	18	3	1	
16	17	9	12	17	17	7	14	15	1	3	12	9	16	6	9	4	13	13	17	18	17	17	10	0	15	0	11	6	18	5	0	18	4	2	10	0	2	8	14	17	0	0	6	3	0	8	10	11	19	11	16	1	10	15	15	7	14	6	18	1	7	3	13	13	7	4	5	3	19	15	16	9	0	11	2	3	6	18	4	19	19	10	0	13	8	2	5	3	10	16	6	13	9	6	15	9	4	19	6	19	14	18	15	1	0	18	15	11	5	2	11	7	8	13	16	2	15	14	16	0	15	8	19	2	17	18	15	6	1	4	19	16	5	2	18	10	14	19	0	13	9	14	7	17	14	6	14	15	7	15	4	
28	30	29	38	30	40	38	29	36	35	22	32	24	39	29	32	30	23	37	35	23	22	32	25	30	28	21	30	40	20	28	38	25	25	32	34	34	28	40	26	39	26	23	23	30	39	27	23	37	25	29	36	20	36	32	38	29	40	39	32	36	23	26	35	29	30	22	33	35	37	37	29	37	39	27	34	29	40	22	38	31	23	21	35	39	31	34	26	39	33	28	27	31	28	29	39	23	23	26	25	40	36	38	40	28	24	31	32	32	30	36	29	25	36	26	33	29	20	40	34	36	23	23	24	34	40	37	38	37	24	27	30	36	26	35	39	29	20	38	25	28	24	20	35	33	33	28	26	20	29	28	27	
29	48	31	50	24	10	18	34	20	34	49	36	49	22	37	33	15	25	11	30	45	24	45	43	34	47	46	10	23	29	10	44	49	35	13	17	28	17	44	41	37	11	22	21	14	23	11	33	12	32	21	38	16	23	21	30	37	36	45	25	24	18	11	41	25	28	32	28	33	48	25	45	47	44	12	14	22	48	37	17	11	28	47	25	41	13	31	37	30	15	10	24	50	23	21	14	42	45	23	45	24	48	46	29	33	11	40	49	35	34	36	50	30	33	26	43	16	23	44	34	20	10	24	41	12	48	48	48	25	13	21	18	18	26	33	35	13	28	15	45	39	32	49	13	23	31	50	26	24	19	20	14	
5
80
