114
20
0	0	0	48	0	0	96	0	0	0	0	0	0	0	0	0	0	0	0	0	
0	0	0	0	0	96	0	0	0	0	0	0	0	0	48	0	0	96	0	0	
0	0	0	0	0	192	0	0	0	0	0	0	0	0	0	192	0	0	0	500	
48	0	0	0	0	0	0	0	0	96	0	0	0	0	0	48	0	0	0	0	
0	0	0	0	0	0	0	192	0	0	0	0	48	0	0	0	0	0	192	0	
0	96	192	0	0	0	0	0	0	0	0	0	0	0	0	0	0	0	0	0	
96	0	0	0	0	0	0	0	0	192	0	0	0	0	0	0	192	0	0	0	
0	0	0	0	192	0	0	0	0	0	0	48	0	192	0	0	192	0	192	0	
0	0	0	0	0	0	0	0	0	0	0	0	0	0	192	0	0	500	0	0	
0	0	0	96	0	0	192	0	0	0	0	0	0	0	0	0	0	0	0	0	
0	0	0	0	0	0	0	0	0	0	0	0	96	192	0	0	192	0	0	96	
0	0	0	0	0	0	0	48	0	0	0	0	0	0	0	0	0	0	0	0	
0	0	0	0	48	0	0	0	0	0	96	0	0	0	0	0	0	0	0	0	
0	0	0	0	0	0	0	192	0	0	192	0	0	0	0	0	0	0	0	0	
0	48	0	0	0	0	0	0	192	0	0	0	0	0	0	0	0	0	0	0	
0	0	192	48	0	0	0	0	0	0	0	0	0	0	0	0	0	0	0	0	
0	0	0	0	0	0	192	192	0	0	192	0	0	0	0	0	0	0	0	0	
0	96	0	0	0	0	0	0	500	0	0	0	0	0	0	0	0	0	0	0	
0	0	0	0	192	0	0	192	0	0	0	0	0	0	0	0	0	0	0	0	
0	0	500	0	0	0	0	0	0	0	96	0	0	0	0	0	0	0	0	0	
16	11	15	7	16	16	11	8	0	2	15	10	10	10	14	9	18	11	18	5	1	3	16	17	9	5	4	9	5	2	0	2	12	14	5	12	19	10	0	2	13	5	6	0	9	13	11	3	3	5	1	7	8	14	1	3	18	12	19	19	5	1	14	0	14	17	9	7	14	2	14	1	3	4	9	14	1	17	9	9	13	1	13	18	17	18	3	18	16	16	4	18	5	17	8	19	16	14	18	10	11	18	5	4	10	17	18	6	18	2	16	5	0	18	
0	9	12	1	13	8	19	6	9	0	10	18	13	11	18	19	10	4	11	2	14	0	11	5	9	11	11	15	12	19	0	18	4	12	10	15	11	11	15	19	12	2	4	3	18	1	13	8	13	2	12	7	6	1	18	16	3	8	11	18	4	19	9	5	1	3	1	10	13	15	0	13	5	17	2	1	16	16	9	13	17	8	10	4	16	19	1	9	14	9	16	11	12	8	16	9	8	8	1	1	9	11	17	17	6	9	17	12	19	12	18	16	2	12	
34	34	26	34	22	32	25	33	40	35	23	23	32	20	40	33	34	37	31	37	25	33	38	21	31	20	29	36	31	40	32	39	34	31	38	23	36	24	23	20	27	22	32	27	31	36	28	30	24	35	28	20	29	37	22	32	33	39	30	34	24	29	27	20	37	25	27	32	33	35	24	31	35	36	37	34	24	26	23	36	40	24	25	35	28	36	22	25	29	38	20	39	30	39	29	30	39	39	33	39	27	25	32	40	29	37	26	36	34	21	30	30	21	36	
13	26	43	35	47	22	50	11	13	28	34	29	41	43	38	49	31	16	34	10	26	45	48	36	34	33	42	13	37	22	27	31	37	39	37	45	38	36	33	28	21	18	41	32	31	36	21	25	39	31	14	41	44	49	22	48	36	47	10	24	34	38	28	50	40	49	27	30	28	47	45	23	35	14	42	39	47	34	31	18	22	21	28	26	41	42	38	24	41	43	10	17	39	20	39	22	17	12	48	10	28	48	32	18	18	28	32	29	10	33	24	32	35	22	
15
60
