133
20
0	0	192	0	0	0	0	0	0	500	0	0	48	0	0	0	0	0	0	0	
0	0	48	500	0	0	0	0	0	0	0	0	0	0	48	0	192	0	0	0	
192	48	0	0	0	0	0	0	0	0	0	0	0	0	0	0	0	0	0	0	
0	500	0	0	0	0	0	0	0	0	0	0	0	500	0	0	0	0	0	0	
0	0	0	0	0	48	500	0	0	0	0	0	0	48	0	0	192	0	0	0	
0	0	0	0	48	0	500	0	0	0	0	0	0	0	0	0	0	0	0	0	
0	0	0	0	500	500	0	0	0	0	0	0	0	0	0	0	0	0	0	0	
0	0	0	0	0	0	0	0	0	0	0	500	0	0	0	0	0	0	0	48	
0	0	0	0	0	0	0	0	0	0	0	0	0	0	0	48	0	48	0	0	
500	0	0	0	0	0	0	0	0	0	48	0	0	0	500	0	0	0	0	0	
0	0	0	0	0	0	0	0	0	48	0	96	0	0	0	0	0	0	192	0	
0	0	0	0	0	0	0	500	0	0	96	0	0	0	0	0	0	0	0	0	
48	0	0	0	0	0	0	0	0	0	0	0	0	0	48	0	0	0	0	0	
0	0	0	500	48	0	0	0	0	0	0	0	0	0	0	0	192	0	0	0	
0	48	0	0	0	0	0	0	0	500	0	0	48	0	0	0	0	0	0	0	
0	0	0	0	0	0	0	0	48	0	0	0	0	0	0	0	0	96	0	0	
0	192	0	0	192	0	0	0	0	0	0	0	0	192	0	0	0	0	0	0	
0	0	0	0	0	0	0	0	48	0	0	0	0	0	0	96	0	0	0	500	
0	0	0	0	0	0	0	0	0	0	192	0	0	0	0	0	0	0	0	500	
0	0	0	0	0	0	0	48	0	0	0	0	0	0	0	0	0	500	500	0	
9	17	2	6	18	18	14	9	17	0	14	6	5	16	2	19	6	5	4	11	10	17	5	16	1	0	10	16	0	13	12	19	9	1	8	5	7	18	14	17	14	13	4	3	16	2	15	0	8	7	4	13	18	13	0	7	8	16	3	19	9	13	8	10	5	10	6	14	18	12	11	6	11	19	8	4	16	17	6	2	11	15	17	12	7	1	15	2	12	0	6	19	12	19	5	7	18	8	17	7	14	15	13	16	9	3	9	11	9	1	9	5	6	19	11	7	14	2	0	3	4	18	5	12	15	1	18	9	8	3	18	9	15	
19	2	4	13	0	7	7	2	4	15	14	1	2	3	15	10	17	17	6	11	13	5	17	13	2	12	17	9	3	3	2	11	19	8	5	13	1	11	8	12	5	13	16	5	11	16	1	9	18	7	13	8	6	5	12	12	16	11	7	2	8	16	8	6	5	3	12	2	7	12	15	16	15	8	15	18	1	5	16	0	8	3	0	5	8	15	3	7	18	18	7	3	11	2	16	6	8	19	16	4	10	2	11	12	6	1	7	1	13	11	8	4	7	11	16	16	3	10	11	0	13	11	15	6	2	5	1	7	15	8	13	0	13	
22	21	23	28	25	32	24	25	36	40	29	38	35	40	33	22	31	39	27	36	32	39	27	40	20	39	27	39	20	22	40	25	33	39	23	24	30	40	33	28	40	22	21	35	26	34	39	20	25	20	35	39	24	26	23	30	36	23	35	24	32	25	25	30	38	33	20	33	33	23	29	39	35	39	30	38	28	22	40	28	23	33	39	30	36	20	38	29	28	35	23	24	23	31	34	38	34	25	34	38	33	31	39	26	25	35	31	37	31	33	24	40	31	34	23	28	31	38	25	37	37	20	31	37	34	38	30	29	37	40	26	25	37	
18	19	25	38	35	26	14	30	50	41	41	13	18	21	45	35	27	17	38	40	17	38	20	35	20	47	50	50	50	36	27	47	41	15	48	50	41	15	24	24	11	29	23	19	15	21	13	13	22	41	17	35	50	44	23	40	18	28	19	43	44	14	48	45	40	40	19	37	41	42	39	32	13	41	23	34	13	48	39	31	23	30	40	33	40	48	11	13	37	28	43	32	11	19	23	27	25	14	48	37	45	18	28	42	23	39	40	12	29	43	40	43	32	34	19	25	40	33	29	11	13	22	32	15	33	35	20	27	47	44	36	40	14	
5
70
