95
20
0	192	0	0	0	0	96	0	0	0	0	0	0	0	0	96	0	0	0	0	
192	0	0	0	0	0	0	0	0	0	48	192	0	0	0	0	0	0	0	0	
0	0	0	0	0	500	0	0	0	0	0	48	0	0	0	0	192	0	0	0	
0	0	0	0	0	48	0	0	0	0	0	0	0	0	0	0	96	0	0	0	
0	0	0	0	0	0	0	0	0	0	0	0	0	192	0	0	0	0	0	500	
0	0	500	48	0	0	0	0	0	0	0	0	0	0	0	96	192	0	0	0	
96	0	0	0	0	0	0	0	0	0	0	0	0	0	0	0	0	96	0	0	
0	0	0	0	0	0	0	0	500	0	0	0	192	0	48	0	0	0	0	0	
0	0	0	0	0	0	0	500	0	0	0	0	192	0	0	0	0	0	0	0	
0	0	0	0	0	0	0	0	0	0	96	0	0	96	0	0	0	0	96	48	
0	48	0	0	0	0	0	0	0	96	0	0	0	0	0	0	0	0	500	0	
0	192	48	0	0	0	0	0	0	0	0	0	0	0	0	0	0	0	0	0	
0	0	0	0	0	0	0	192	192	0	0	0	0	0	0	0	0	0	0	0	
0	0	0	0	192	0	0	0	0	96	0	0	0	0	0	0	0	48	0	0	
0	0	0	0	0	0	0	48	0	0	0	0	0	0	0	0	96	0	0	0	
96	0	0	0	0	96	0	0	0	0	0	0	0	0	0	0	0	0	0	0	
0	0	192	96	0	192	0	0	0	0	0	0	0	0	96	0	0	0	0	0	
0	0	0	0	0	0	96	0	0	0	0	0	0	48	0	0	0	0	0	0	
0	0	0	0	0	0	0	0	0	96	500	0	0	0	0	0	0	0	0	0	
0	0	0	0	500	0	0	0	0	48	0	0	0	0	0	0	0	0	0	0	
8	8	14	6	8	8	10	10	9	5	12	8	11	18	12	14	8	5	8	3	5	11	18	11	14	8	4	8	17	3	13	17	15	12	8	7	12	19	5	1	6	10	1	19	10	11	10	15	12	17	15	0	10	10	14	6	16	11	17	11	8	0	12	7	3	12	0	4	5	19	6	10	12	13	7	2	17	17	9	14	16	14	11	2	19	2	4	3	7	18	4	7	16	11	19	
7	2	18	13	18	9	9	5	15	19	0	6	15	11	2	13	15	13	12	15	8	3	0	8	16	9	3	3	14	16	17	11	8	2	12	2	0	19	0	17	1	12	19	5	6	6	2	18	19	3	1	19	0	3	1	19	4	8	5	8	7	2	16	19	10	6	19	9	18	17	8	14	4	17	11	1	6	2	3	1	3	18	14	4	5	17	16	3	2	0	8	14	5	8	19	
21	33	28	31	40	29	24	25	20	31	38	28	38	20	23	35	28	32	36	22	39	22	24	26	22	34	33	26	34	40	20	24	33	24	21	21	37	30	38	35	24	31	31	22	25	36	38	34	39	20	29	25	38	36	32	26	38	27	25	23	29	40	22	34	33	32	27	28	22	33	28	31	26	24	23	37	25	39	26	26	36	30	39	30	32	32	40	39	25	39	20	27	22	20	27	
21	20	42	15	45	34	44	22	31	10	38	29	26	10	19	22	31	14	32	19	14	13	43	37	47	33	16	19	22	24	44	21	30	23	38	27	40	32	26	24	27	41	15	19	38	14	29	39	10	41	39	32	12	15	28	14	26	37	30	31	12	35	23	48	20	39	26	26	23	44	28	37	37	50	30	14	45	13	46	28	12	28	21	35	13	27	10	23	44	31	22	44	21	46	25	
5
50
