114
20
0	192	0	0	0	0	96	0	0	0	0	0	0	0	0	96	0	0	0	0	
192	0	0	0	0	0	0	0	0	0	48	192	0	0	0	0	0	0	0	0	
0	0	0	0	0	500	0	0	0	0	0	48	0	0	0	0	192	0	0	0	
0	0	0	0	0	48	0	0	0	0	0	0	0	0	0	0	96	0	0	0	
0	0	0	0	0	0	0	0	0	0	0	0	0	192	0	0	0	0	0	500	
0	0	500	48	0	0	0	0	0	0	0	0	0	0	0	96	192	0	0	0	
96	0	0	0	0	0	0	0	0	0	0	0	0	0	0	0	0	96	0	0	
0	0	0	0	0	0	0	0	500	0	0	0	192	0	48	0	0	0	0	0	
0	0	0	0	0	0	0	500	0	0	0	0	192	0	0	0	0	0	0	0	
0	0	0	0	0	0	0	0	0	0	96	0	0	96	0	0	0	0	96	48	
0	48	0	0	0	0	0	0	0	96	0	0	0	0	0	0	0	0	500	0	
0	192	48	0	0	0	0	0	0	0	0	0	0	0	0	0	0	0	0	0	
0	0	0	0	0	0	0	192	192	0	0	0	0	0	0	0	0	0	0	0	
0	0	0	0	192	0	0	0	0	96	0	0	0	0	0	0	0	48	0	0	
0	0	0	0	0	0	0	48	0	0	0	0	0	0	0	0	96	0	0	0	
96	0	0	0	0	96	0	0	0	0	0	0	0	0	0	0	0	0	0	0	
0	0	192	96	0	192	0	0	0	0	0	0	0	0	96	0	0	0	0	0	
0	0	0	0	0	0	96	0	0	0	0	0	0	48	0	0	0	0	0	0	
0	0	0	0	0	0	0	0	0	96	500	0	0	0	0	0	0	0	0	0	
0	0	0	0	500	0	0	0	0	48	0	0	0	0	0	0	0	0	0	0	
6	0	2	13	14	12	11	8	11	16	17	10	18	18	0	5	5	2	8	12	8	6	7	10	9	15	2	7	12	9	10	12	2	18	16	2	17	7	9	2	17	8	14	2	4	7	19	2	10	8	19	2	4	10	17	9	0	12	16	3	6	19	7	1	15	17	4	13	9	15	16	10	0	9	8	19	14	9	0	16	3	16	3	5	17	18	9	17	15	5	14	9	13	6	8	16	1	17	12	0	10	4	12	11	5	8	11	17	10	13	14	19	14	13	
12	13	15	15	8	18	5	17	4	16	16	9	9	14	16	5	8	8	18	17	6	15	7	19	19	16	17	11	18	16	12	4	18	17	13	12	9	14	14	14	4	5	11	19	7	12	2	4	9	15	18	17	1	6	2	7	13	0	11	8	2	1	13	13	13	18	13	18	18	8	16	1	12	0	16	15	2	15	1	16	14	18	0	5	9	10	19	12	12	8	14	14	19	18	14	12	17	19	1	5	1	10	3	13	1	3	17	19	2	6	17	5	9	2	
25	30	33	25	34	39	32	27	28	22	26	39	37	22	31	30	39	24	36	33	28	22	32	23	38	34	37	36	30	40	32	37	40	39	33	29	27	24	37	30	21	31	39	38	28	37	28	36	35	35	20	39	26	30	39	20	39	29	38	23	37	29	27	36	26	22	37	28	25	26	37	23	27	36	26	35	30	31	25	40	29	32	32	24	28	27	27	36	33	31	37	38	32	24	25	21	20	31	25	20	29	34	26	27	36	32	36	38	34	24	38	25	25	32	
26	24	26	13	21	35	12	25	19	45	19	38	47	15	41	13	29	18	22	25	38	10	22	26	38	17	40	42	25	42	22	27	44	34	41	15	50	17	33	32	19	50	15	25	20	22	29	28	10	30	24	37	48	42	35	20	41	37	13	32	14	33	46	43	12	16	36	39	49	42	26	17	45	10	20	14	36	14	11	16	50	47	49	22	14	20	38	49	50	36	39	49	28	34	41	32	37	26	24	37	49	37	47	45	13	32	17	45	41	33	12	43	35	19	
10
60
