152
20
0	0	0	48	0	0	0	0	0	96	0	0	0	96	0	0	0	0	0	48	
0	0	0	0	0	0	500	0	0	0	0	0	96	0	0	0	48	0	0	0	
0	0	0	0	0	0	0	0	0	0	0	192	0	0	500	0	0	0	0	0	
48	0	0	0	0	0	0	0	0	0	0	0	0	0	0	0	0	0	0	48	
0	0	0	0	0	0	0	0	0	0	0	0	0	0	0	0	0	192	500	0	
0	0	0	0	0	0	0	0	192	0	0	0	0	48	0	0	0	0	96	0	
0	500	0	0	0	0	0	0	0	0	0	192	96	0	0	0	96	0	0	0	
0	0	0	0	0	0	0	0	0	500	192	0	0	0	0	96	0	0	0	0	
0	0	0	0	0	192	0	0	0	0	0	0	0	192	0	0	0	0	0	0	
96	0	0	0	0	0	0	500	0	0	0	0	0	0	0	0	0	0	0	0	
0	0	0	0	0	0	0	192	0	0	0	0	0	0	0	192	0	0	0	0	
0	0	192	0	0	0	192	0	0	0	0	0	0	0	48	0	0	0	0	0	
0	96	0	0	0	0	96	0	0	0	0	0	0	0	0	0	0	0	0	0	
96	0	0	0	0	48	0	0	192	0	0	0	0	0	0	0	0	0	0	0	
0	0	500	0	0	0	0	0	0	0	0	48	0	0	0	0	0	0	0	0	
0	0	0	0	0	0	0	96	0	0	192	0	0	0	0	0	192	0	0	0	
0	48	0	0	0	0	96	0	0	0	0	0	0	0	0	192	0	0	0	0	
0	0	0	0	192	0	0	0	0	0	0	0	0	0	0	0	0	0	96	0	
0	0	0	0	500	96	0	0	0	0	0	0	0	0	0	0	0	96	0	0	
48	0	0	48	0	0	0	0	0	0	0	0	0	0	0	0	0	0	0	0	
15	11	15	15	4	14	10	17	5	4	14	6	9	14	6	0	6	14	3	3	18	4	3	13	16	5	2	19	2	6	13	14	6	0	18	6	3	1	14	17	15	1	17	12	11	1	8	19	0	6	1	17	19	5	13	9	5	16	19	8	19	19	11	0	18	19	15	18	19	13	3	3	6	6	5	15	18	12	0	4	19	19	17	3	1	16	4	5	3	16	6	18	0	12	17	8	15	10	9	15	11	10	0	18	7	1	14	4	14	8	17	10	14	12	9	19	17	7	0	18	18	17	14	17	19	15	12	16	9	2	12	6	1	4	7	9	4	8	17	5	11	1	19	5	3	11	15	19	1	11	13	16	
1	7	5	1	8	18	1	0	7	16	15	5	14	1	4	4	18	3	13	6	0	18	18	7	13	19	9	6	11	8	6	10	5	9	3	13	10	19	5	8	2	0	12	12	2	1	2	14	3	5	3	19	18	7	14	12	1	0	2	13	3	8	8	17	11	16	14	3	9	14	5	13	10	18	13	16	11	13	4	17	17	1	11	17	1	14	10	17	5	2	3	14	9	5	3	0	17	4	18	14	8	1	18	15	15	12	16	5	9	7	8	1	8	18	8	8	14	18	8	19	6	9	2	15	19	7	11	5	13	1	4	5	17	17	9	18	0	12	3	19	0	9	5	14	0	11	13	13	11	15	15	7	
26	29	30	28	31	20	38	29	32	23	35	32	21	24	32	29	37	32	38	24	28	23	27	28	28	24	38	25	21	27	34	33	29	31	25	29	24	27	34	22	33	37	30	34	35	20	34	39	30	24	25	34	21	39	36	31	34	25	21	22	22	29	23	29	32	25	27	24	39	26	28	30	35	23	38	20	20	38	34	29	22	21	20	31	26	20	27	22	21	34	26	31	31	33	30	28	23	29	20	25	29	32	37	38	32	35	21	24	26	38	29	24	23	32	22	26	23	24	40	38	26	36	24	25	24	27	25	36	34	32	36	40	22	20	39	31	33	31	20	33	24	30	40	26	40	32	35	20	29	33	31	20	
26	31	37	19	25	26	30	15	10	44	16	37	24	29	40	24	12	24	41	18	17	24	20	16	47	27	49	30	15	50	11	28	13	22	24	38	24	17	30	13	27	45	38	42	47	37	18	31	36	48	49	12	20	25	32	49	16	41	38	21	33	34	49	18	17	29	10	12	15	12	17	20	39	36	40	23	38	47	38	18	23	20	33	27	34	38	24	49	24	25	16	45	50	46	48	38	38	46	31	14	39	25	45	33	11	30	17	19	30	18	23	15	13	43	40	20	33	34	10	15	11	44	40	16	18	48	47	16	39	25	12	49	16	19	22	11	40	41	50	19	35	19	43	20	27	50	26	44	15	19	39	48	
15
80
