95
20
0	0	0	0	0	500	192	0	0	500	0	0	0	0	0	0	0	0	0	0	
0	0	0	0	192	0	0	48	0	0	0	0	0	0	0	0	96	0	0	0	
0	0	0	500	0	0	0	0	0	0	192	0	0	0	0	0	0	0	500	0	
0	0	500	0	0	0	0	0	0	0	96	0	0	0	0	0	0	0	500	0	
0	192	0	0	0	0	0	0	0	0	0	0	0	192	0	0	0	0	0	0	
500	0	0	0	0	0	96	0	0	0	0	0	0	0	0	48	0	0	0	0	
192	0	0	0	0	96	0	0	0	0	0	0	0	0	0	192	0	0	0	0	
0	48	0	0	0	0	0	0	0	0	0	192	0	0	0	0	192	96	0	0	
0	0	0	0	0	0	0	0	0	0	0	0	0	0	96	0	0	192	0	192	
500	0	0	0	0	0	0	0	0	0	0	0	0	0	0	0	0	0	0	96	
0	0	192	96	0	0	0	0	0	0	0	0	0	0	0	0	0	0	0	0	
0	0	0	0	0	0	0	192	0	0	0	0	48	0	0	0	0	0	0	0	
0	0	0	0	0	0	0	0	0	0	0	48	0	192	0	0	192	0	0	0	
0	0	0	0	192	0	0	0	0	0	0	0	192	0	0	0	0	0	0	0	
0	0	0	0	0	0	0	0	96	0	0	0	0	0	0	0	0	0	48	0	
0	0	0	0	0	48	192	0	0	0	0	0	0	0	0	0	0	0	0	0	
0	96	0	0	0	0	0	192	0	0	0	0	192	0	0	0	0	0	0	0	
0	0	0	0	0	0	0	96	192	0	0	0	0	0	0	0	0	0	0	0	
0	0	500	500	0	0	0	0	0	0	0	0	0	0	48	0	0	0	0	0	
0	0	0	0	0	0	0	0	192	96	0	0	0	0	0	0	0	0	0	0	
8	4	3	6	0	7	16	3	14	2	5	14	6	5	0	0	2	8	17	9	3	10	1	2	6	7	17	5	11	3	15	19	17	5	15	12	15	9	3	14	6	16	6	13	5	6	7	6	19	10	14	16	18	16	8	9	15	1	3	16	3	18	11	10	18	11	9	19	6	3	6	17	0	18	4	12	1	1	19	2	1	13	16	3	18	15	4	13	5	0	17	8	19	13	11	
10	1	15	6	8	15	9	11	0	5	14	3	0	18	3	12	5	16	6	2	19	8	14	15	4	12	6	3	5	19	10	7	7	11	7	13	10	17	3	10	16	14	2	1	17	3	0	10	16	1	0	19	0	17	7	16	15	4	0	11	1	18	18	19	8	10	1	1	17	0	10	17	9	4	18	5	16	13	3	5	0	6	16	18	9	18	8	6	2	16	11	5	6	7	7	
36	30	20	30	30	34	35	30	27	25	33	32	29	29	26	36	35	37	31	21	38	30	27	36	28	25	37	35	20	20	21	28	27	28	38	21	33	36	28	29	30	27	39	31	23	36	39	35	35	33	33	28	33	22	32	33	25	25	23	39	20	24	30	28	28	35	31	39	35	39	33	27	22	20	38	37	33	34	21	30	23	40	20	27	30	38	40	34	30	36	38	37	24	27	32	
42	22	15	24	30	13	26	10	39	29	17	39	15	49	18	20	44	31	28	48	45	33	14	12	25	26	44	39	32	24	32	12	46	45	49	36	10	35	45	41	50	50	47	14	11	10	14	25	33	16	26	11	42	34	49	14	17	24	48	28	19	22	16	21	44	45	24	16	39	43	42	40	30	31	12	16	29	36	16	38	30	22	22	43	44	23	43	26	31	48	44	20	19	15	29	
15
50
