114
20
0	0	0	0	0	192	0	0	96	0	0	0	0	0	0	48	0	0	0	0	
0	0	0	0	0	0	0	0	0	192	0	0	0	0	0	500	192	0	0	0	
0	0	0	0	0	0	0	0	0	0	0	500	0	0	48	0	0	0	0	0	
0	0	0	0	0	0	0	0	0	0	0	0	500	0	0	0	0	0	192	0	
0	0	0	0	0	0	0	48	0	0	0	0	0	0	0	0	0	0	0	96	
192	0	0	0	0	0	0	0	500	0	0	0	0	0	0	0	0	0	0	0	
0	0	0	0	0	0	0	0	0	0	0	192	0	0	0	0	0	96	192	0	
0	0	0	0	48	0	0	0	0	0	96	0	0	0	0	0	0	0	0	0	
96	0	0	0	0	500	0	0	0	0	0	96	0	0	0	48	0	0	0	0	
0	192	0	0	0	0	0	0	0	0	0	0	0	0	0	96	192	0	0	0	
0	0	0	0	0	0	0	96	0	0	0	0	192	0	0	0	0	0	0	0	
0	0	500	0	0	0	192	0	96	0	0	0	0	0	0	0	0	0	0	0	
0	0	0	500	0	0	0	0	0	0	192	0	0	0	0	0	0	0	0	0	
0	0	0	0	0	0	0	0	0	0	0	0	0	0	96	0	192	0	0	500	
0	0	48	0	0	0	0	0	0	0	0	0	0	96	0	0	0	0	0	0	
48	500	0	0	0	0	0	0	48	96	0	0	0	0	0	0	0	0	0	0	
0	192	0	0	0	0	0	0	0	192	0	0	0	192	0	0	0	0	0	0	
0	0	0	0	0	0	96	0	0	0	0	0	0	0	0	0	0	0	500	500	
0	0	0	192	0	0	192	0	0	0	0	0	0	0	0	0	0	500	0	0	
0	0	0	0	96	0	0	0	0	0	0	0	0	500	0	0	0	500	0	0	
17	9	3	7	17	0	0	4	7	15	2	13	10	18	19	10	5	11	16	6	16	2	13	8	7	8	15	7	13	14	1	10	10	2	13	14	11	4	3	2	1	10	10	10	1	0	11	14	17	19	1	4	4	8	14	17	0	13	2	14	3	14	12	16	12	17	17	7	2	10	11	10	13	2	15	16	17	2	9	7	13	4	7	16	1	0	5	19	6	12	17	19	17	19	7	7	15	16	18	1	10	12	0	14	17	3	4	11	18	18	7	17	7	18	
3	6	6	0	13	2	10	19	6	7	17	18	14	4	1	7	13	1	1	15	3	14	0	10	6	6	2	17	2	9	9	18	14	19	9	18	1	7	15	9	9	5	12	5	15	18	2	14	7	6	16	5	16	12	5	12	13	0	6	12	12	15	18	13	13	18	4	5	3	1	8	4	9	3	16	0	5	16	15	9	7	1	4	9	10	19	19	12	13	7	14	12	2	6	13	5	18	9	5	13	5	1	7	17	17	15	4	4	3	16	18	14	8	9	
27	24	32	21	40	39	37	40	35	34	31	32	35	35	32	37	32	28	36	25	39	39	35	34	27	36	26	22	29	23	22	33	33	25	30	28	40	39	35	24	37	39	20	22	35	37	28	26	24	30	39	29	24	21	29	39	38	20	34	34	32	37	25	31	36	29	39	39	21	31	27	32	35	34	24	20	27	32	36	20	36	40	27	29	27	29	28	29	36	25	30	39	24	36	29	20	22	21	36	30	36	33	35	29	26	24	31	31	34	26	37	20	34	29	
27	13	29	34	26	13	40	12	12	14	33	49	11	35	33	12	38	46	17	21	48	37	18	46	33	49	28	32	25	32	12	11	21	39	49	24	29	28	33	10	17	10	25	45	47	27	24	43	11	35	38	35	12	19	33	47	42	15	11	41	41	28	42	38	23	22	34	49	35	33	16	33	30	43	37	46	18	33	23	28	50	42	40	25	10	37	30	38	10	31	30	44	34	33	41	17	41	11	25	21	44	46	30	35	28	16	11	12	25	13	43	36	25	45	
5
60
