133
20
0	0	0	0	0	0	0	96	0	0	0	48	0	0	0	0	0	0	0	0	
0	0	0	0	0	0	0	500	0	192	0	0	0	0	0	0	0	0	0	0	
0	0	0	0	0	0	0	0	48	0	48	0	0	0	0	500	0	0	0	0	
0	0	0	0	0	0	0	48	0	96	0	48	0	0	0	0	0	0	192	0	
0	0	0	0	0	0	0	0	0	0	0	0	0	0	96	0	0	0	0	500	
0	0	0	0	0	0	0	0	48	0	0	0	0	0	0	0	0	500	0	0	
0	0	0	0	0	0	0	0	0	0	0	0	48	0	500	0	0	0	0	0	
96	500	0	48	0	0	0	0	0	0	0	0	0	0	0	0	0	0	500	0	
0	0	48	0	0	48	0	0	0	0	500	0	0	0	0	192	0	0	0	0	
0	192	0	96	0	0	0	0	0	0	0	0	0	0	0	0	0	0	0	0	
0	0	48	0	0	0	0	0	500	0	0	0	0	0	0	0	0	0	0	0	
48	0	0	48	0	0	0	0	0	0	0	0	0	0	0	0	0	0	0	0	
0	0	0	0	0	0	48	0	0	0	0	0	0	0	192	0	0	192	0	0	
0	0	0	0	0	0	0	0	0	0	0	0	0	0	0	0	96	0	0	192	
0	0	0	0	96	0	500	0	0	0	0	0	192	0	0	0	0	0	0	0	
0	0	500	0	0	0	0	0	192	0	0	0	0	0	0	0	0	0	0	0	
0	0	0	0	0	0	0	0	0	0	0	0	0	96	0	0	0	0	96	0	
0	0	0	0	0	500	0	0	0	0	0	0	192	0	0	0	0	0	0	0	
0	0	0	192	0	0	0	500	0	0	0	0	0	0	0	0	96	0	0	0	
0	0	0	0	500	0	0	0	0	0	0	0	0	192	0	0	0	0	0	0	
10	16	6	11	14	18	7	10	16	2	11	0	12	16	14	6	19	18	16	7	15	17	8	18	12	10	17	3	16	13	9	19	7	8	14	15	19	0	19	0	16	13	6	12	4	9	4	15	15	17	15	6	6	10	6	14	11	4	15	16	19	1	11	2	6	5	19	0	17	15	12	19	14	6	18	4	1	12	8	1	0	17	2	13	19	11	13	19	19	3	1	11	2	18	13	3	5	8	9	10	0	19	13	19	4	15	4	14	15	19	13	16	9	2	11	18	12	10	17	18	0	11	17	3	19	15	5	0	9	7	12	5	12	
10	11	0	5	18	17	11	17	10	18	8	0	14	15	1	16	12	0	10	16	5	8	0	17	13	6	7	2	6	17	3	7	0	4	14	18	10	1	14	2	14	1	9	11	12	1	10	3	3	14	0	14	17	17	3	10	14	6	0	3	4	12	0	10	16	14	13	13	14	14	18	16	0	9	18	8	11	8	13	3	15	4	16	17	2	10	12	0	12	3	18	0	3	12	15	18	4	13	1	4	16	16	11	18	15	15	16	6	2	5	8	8	16	8	8	1	0	9	1	15	3	9	13	14	16	8	7	0	10	13	6	1	18	
21	35	30	25	22	20	33	22	22	26	31	35	28	25	25	31	37	39	31	24	38	21	30	35	30	23	36	38	38	20	25	21	28	30	26	36	25	20	33	27	37	33	36	23	25	39	39	40	24	29	20	37	27	28	21	38	40	28	24	38	31	39	30	32	31	29	23	32	32	21	28	29	30	40	37	29	35	21	38	27	22	23	31	22	38	30	30	30	34	39	25	32	22	37	32	25	25	40	37	39	29	27	28	37	26	37	27	30	27	39	27	28	23	35	26	33	33	28	21	27	21	27	26	35	24	33	20	30	32	26	39	22	38	
33	16	24	22	27	48	14	33	21	22	15	15	32	39	31	35	32	30	27	37	44	40	39	16	26	27	38	28	13	21	14	47	42	48	35	45	21	41	26	20	14	12	47	34	23	11	44	29	28	18	14	50	42	46	11	22	24	50	21	44	16	36	40	23	46	46	49	46	30	13	34	44	39	13	15	30	18	40	21	43	13	47	46	38	17	29	47	14	33	25	50	27	34	49	43	41	50	26	28	30	18	44	10	28	29	32	41	41	32	15	50	42	49	13	23	26	17	12	46	31	25	25	48	49	25	16	25	35	50	41	11	11	25	
0.5
70
