152
20
0	0	192	0	0	0	0	0	0	500	0	0	48	0	0	0	0	0	0	0	
0	0	48	500	0	0	0	0	0	0	0	0	0	0	48	0	192	0	0	0	
192	48	0	0	0	0	0	0	0	0	0	0	0	0	0	0	0	0	0	0	
0	500	0	0	0	0	0	0	0	0	0	0	0	500	0	0	0	0	0	0	
0	0	0	0	0	48	500	0	0	0	0	0	0	48	0	0	192	0	0	0	
0	0	0	0	48	0	500	0	0	0	0	0	0	0	0	0	0	0	0	0	
0	0	0	0	500	500	0	0	0	0	0	0	0	0	0	0	0	0	0	0	
0	0	0	0	0	0	0	0	0	0	0	500	0	0	0	0	0	0	0	48	
0	0	0	0	0	0	0	0	0	0	0	0	0	0	0	48	0	48	0	0	
500	0	0	0	0	0	0	0	0	0	48	0	0	0	500	0	0	0	0	0	
0	0	0	0	0	0	0	0	0	48	0	96	0	0	0	0	0	0	192	0	
0	0	0	0	0	0	0	500	0	0	96	0	0	0	0	0	0	0	0	0	
48	0	0	0	0	0	0	0	0	0	0	0	0	0	48	0	0	0	0	0	
0	0	0	500	48	0	0	0	0	0	0	0	0	0	0	0	192	0	0	0	
0	48	0	0	0	0	0	0	0	500	0	0	48	0	0	0	0	0	0	0	
0	0	0	0	0	0	0	0	48	0	0	0	0	0	0	0	0	96	0	0	
0	192	0	0	192	0	0	0	0	0	0	0	0	192	0	0	0	0	0	0	
0	0	0	0	0	0	0	0	48	0	0	0	0	0	0	96	0	0	0	500	
0	0	0	0	0	0	0	0	0	0	192	0	0	0	0	0	0	0	0	500	
0	0	0	0	0	0	0	48	0	0	0	0	0	0	0	0	0	500	500	0	
18	16	15	5	15	6	3	7	14	13	9	7	17	2	0	17	16	10	8	18	5	9	2	16	16	5	7	11	7	3	9	16	19	8	15	5	4	5	19	2	4	7	3	4	11	18	10	9	19	0	19	5	5	2	13	5	1	5	19	19	4	14	5	15	1	5	4	14	2	5	9	14	15	5	17	11	7	15	17	14	7	12	14	5	1	16	9	12	18	14	16	0	10	1	6	19	19	7	2	5	18	1	11	7	19	4	8	11	7	9	17	13	12	8	3	14	11	4	19	11	1	16	6	18	9	18	13	8	19	6	9	8	10	11	7	1	12	12	8	3	9	0	14	4	11	18	4	12	6	16	1	12	
1	12	1	2	6	4	4	13	19	9	2	12	9	9	11	0	17	5	14	18	13	1	2	7	5	2	17	8	2	10	0	2	5	6	15	18	8	2	0	14	7	7	16	5	11	19	12	5	10	11	8	3	0	3	11	13	6	1	8	2	1	1	17	0	10	5	18	0	15	1	1	0	8	11	0	19	15	7	9	19	7	10	16	6	11	11	12	7	15	12	4	8	9	1	11	3	12	4	18	19	15	1	8	3	11	7	0	2	15	19	4	11	6	11	17	17	12	15	3	19	18	9	12	4	2	1	14	11	0	5	19	19	1	18	11	11	2	8	1	2	1	4	11	7	1	12	14	2	18	1	19	11	
33	36	39	20	28	23	38	39	26	31	39	22	35	26	23	38	39	38	22	28	31	33	20	37	24	36	40	34	29	28	35	26	29	33	38	37	32	28	25	34	39	22	37	37	34	29	29	29	32	31	39	38	26	27	35	33	20	20	22	38	30	22	36	33	35	40	39	27	23	38	32	21	39	29	28	28	30	24	31	38	26	21	25	30	30	37	36	36	36	37	22	20	23	20	28	31	33	26	23	22	29	33	22	29	27	21	21	36	34	26	24	40	23	20	40	25	35	24	30	31	37	33	32	25	38	23	28	27	30	36	40	26	31	39	21	36	33	22	36	33	40	40	38	24	25	37	26	38	31	28	36	40	
18	34	30	43	25	44	35	15	18	27	49	16	30	44	47	40	12	42	21	19	20	45	20	31	32	34	14	25	18	43	40	38	45	41	13	10	34	45	38	32	49	19	26	19	36	27	35	20	49	45	11	35	17	44	16	23	35	39	39	10	20	29	16	37	49	27	43	48	16	36	18	38	45	41	42	17	29	35	39	21	16	32	31	20	14	38	28	10	37	31	13	44	25	13	48	21	24	26	14	36	47	11	47	44	41	37	24	45	18	21	27	11	46	20	27	25	45	28	25	34	17	34	29	23	44	28	10	41	22	22	26	23	15	18	38	11	49	42	40	47	39	11	35	43	49	44	15	18	20	41	35	32	
5
80
