171
20
0	0	0	0	48	0	0	0	0	0	0	0	0	0	0	0	0	192	0	48	
0	0	0	0	0	0	192	0	500	0	0	0	0	0	0	0	0	0	0	0	
0	0	0	0	0	0	0	500	0	0	0	0	96	0	0	0	0	500	0	0	
0	0	0	0	500	0	0	0	0	0	0	0	0	0	0	0	96	0	192	0	
48	0	0	500	0	0	0	0	0	0	0	0	0	0	0	0	0	96	500	0	
0	0	0	0	0	0	0	0	0	0	0	0	500	0	0	0	0	48	192	0	
0	192	0	0	0	0	0	0	0	0	0	0	0	0	500	0	0	0	0	0	
0	0	500	0	0	0	0	0	0	0	96	0	0	192	0	0	0	0	0	0	
0	500	0	0	0	0	0	0	0	500	0	0	0	0	0	0	96	0	96	0	
0	0	0	0	0	0	0	0	500	0	0	0	500	0	192	0	0	0	0	48	
0	0	0	0	0	0	0	96	0	0	0	96	0	0	0	0	0	0	0	0	
0	0	0	0	0	0	0	0	0	0	96	0	0	96	0	192	0	0	0	0	
0	0	96	0	0	500	0	0	0	500	0	0	0	0	0	0	0	0	0	0	
0	0	0	0	0	0	0	192	0	0	0	96	0	0	0	0	0	0	0	0	
0	0	0	0	0	0	500	0	0	192	0	0	0	0	0	0	0	0	0	0	
0	0	0	0	0	0	0	0	0	0	0	192	0	0	0	0	500	0	0	0	
0	0	0	96	0	0	0	0	96	0	0	0	0	0	0	500	0	0	0	0	
192	0	500	0	96	48	0	0	0	0	0	0	0	0	0	0	0	0	0	0	
0	0	0	192	500	192	0	0	96	0	0	0	0	0	0	0	0	0	0	0	
48	0	0	0	0	0	0	0	0	48	0	0	0	0	0	0	0	0	0	0	
3	12	12	2	5	8	9	19	10	14	12	16	10	11	6	16	13	0	13	1	1	19	13	11	8	7	12	0	1	15	14	13	18	12	9	3	1	13	13	10	13	1	15	12	0	7	5	2	19	18	0	9	19	2	8	9	9	13	14	4	14	10	4	18	11	0	18	2	13	19	10	10	5	0	12	2	19	1	2	18	6	9	8	10	6	15	15	19	11	15	17	8	16	14	11	4	0	18	12	1	10	15	0	16	1	5	6	1	16	3	15	6	2	14	16	12	13	9	12	15	15	19	13	9	3	16	6	7	3	5	16	9	0	3	11	2	11	3	16	13	9	7	1	3	19	15	2	11	6	16	17	16	15	11	6	3	15	18	7	11	10	0	0	11	3	4	3	5	6	18	12	
15	16	15	17	0	13	2	12	18	11	9	15	4	4	10	19	6	12	10	1	13	9	1	1	2	15	2	14	2	11	7	7	15	3	8	7	16	19	16	5	0	12	12	3	19	16	3	6	10	4	8	15	6	3	16	18	8	12	5	6	18	16	12	15	15	15	6	5	14	14	7	18	3	3	9	12	11	14	12	18	3	4	2	14	12	3	12	9	12	11	14	3	10	14	18	7	9	16	1	13	1	14	3	13	3	18	10	1	12	4	19	7	17	10	14	2	19	8	9	12	8	19	16	10	16	5	17	17	11	6	13	5	8	7	8	17	11	6	4	16	10	4	2	13	8	8	10	19	19	13	10	4	5	4	3	17	2	13	9	7	11	13	10	15	5	2	10	18	17	16	12	
21	27	34	37	22	23	24	30	31	20	35	38	40	34	29	40	22	21	37	26	20	21	25	32	31	39	31	31	25	28	22	35	26	29	23	40	24	34	22	22	20	26	36	38	22	30	22	20	24	25	40	35	40	37	36	28	36	22	32	40	29	29	20	26	23	38	29	22	29	27	30	40	35	33	22	40	31	37	40	20	34	38	23	27	22	20	24	40	29	34	31	34	29	37	22	24	32	32	35	39	29	26	37	30	28	37	34	25	36	21	28	22	39	23	33	27	28	26	35	27	37	36	21	20	22	27	25	22	39	32	24	38	28	39	36	36	20	27	34	39	34	35	35	31	26	37	25	29	31	38	39	21	35	34	39	32	28	32	28	27	33	37	29	30	37	35	29	36	40	39	34	
37	24	13	19	47	43	49	10	28	16	10	49	38	32	40	15	48	26	43	32	42	28	16	29	39	44	30	12	47	19	25	42	22	49	24	34	27	10	20	47	50	19	48	13	17	10	32	48	29	39	35	47	11	22	10	20	26	20	32	13	29	44	17	22	50	17	46	44	29	20	25	12	28	31	36	39	11	14	39	29	33	35	32	46	48	16	25	27	29	10	36	35	13	11	11	47	30	49	24	28	44	31	39	16	41	24	19	27	12	34	25	19	31	28	39	18	42	16	26	17	29	20	30	17	30	17	13	16	25	34	15	33	19	29	25	50	22	43	46	24	22	34	48	18	24	23	11	11	15	45	10	50	48	41	20	40	11	27	21	16	16	38	48	50	41	39	45	29	23	31	30	
5
90
