133
20
0	48	0	0	0	0	0	0	0	0	96	0	0	0	0	0	0	0	0	0	
48	0	0	0	0	0	0	48	0	0	48	0	0	0	0	0	0	0	0	0	
0	0	0	0	0	0	0	0	0	0	0	96	500	0	0	0	0	96	0	0	
0	0	0	0	96	0	0	0	0	0	0	0	0	0	0	48	0	0	0	192	
0	0	0	96	0	0	0	0	192	0	0	0	0	0	0	0	500	0	0	0	
0	0	0	0	0	0	0	0	500	0	0	0	0	0	0	0	48	0	0	0	
0	0	0	0	0	0	0	0	0	0	0	96	0	0	0	0	0	500	0	500	
0	48	0	0	0	0	0	0	0	96	0	0	0	500	0	0	0	0	0	0	
0	0	0	0	192	500	0	0	0	0	0	0	0	0	0	0	0	0	0	0	
0	0	0	0	0	0	0	96	0	0	0	0	96	48	0	0	0	0	0	0	
96	48	0	0	0	0	0	0	0	0	0	0	0	0	0	0	0	0	0	0	
0	0	96	0	0	0	96	0	0	0	0	0	96	0	0	192	0	0	0	0	
0	0	500	0	0	0	0	0	0	96	0	96	0	500	0	0	0	0	48	0	
0	0	0	0	0	0	0	500	0	48	0	0	500	0	0	0	0	0	0	0	
0	0	0	0	0	0	0	0	0	0	0	0	0	0	0	192	0	0	192	0	
0	0	0	48	0	0	0	0	0	0	0	192	0	0	192	0	0	0	0	0	
0	0	0	0	500	48	0	0	0	0	0	0	0	0	0	0	0	0	0	0	
0	0	96	0	0	0	500	0	0	0	0	0	0	0	0	0	0	0	0	0	
0	0	0	0	0	0	0	0	0	0	0	0	48	0	192	0	0	0	0	0	
0	0	0	192	0	0	500	0	0	0	0	0	0	0	0	0	0	0	0	0	
3	4	0	7	18	3	7	10	12	15	5	12	15	2	17	0	3	9	2	14	18	13	3	4	8	18	11	17	12	15	9	9	8	19	13	14	11	4	16	4	6	7	3	16	10	13	3	7	7	2	13	19	18	4	10	0	17	9	16	4	13	16	14	15	10	11	11	10	6	18	14	14	10	0	6	9	6	12	2	11	19	12	5	14	8	13	11	1	11	8	13	11	0	2	16	1	10	19	1	15	14	14	1	18	10	10	14	7	19	9	15	0	1	7	2	1	14	7	5	7	10	12	7	12	7	5	7	0	6	1	13	1	11	
14	2	15	2	12	1	10	2	16	11	9	4	2	0	9	7	7	5	7	18	12	8	7	17	3	14	7	4	12	7	4	10	16	4	11	15	16	19	12	3	10	17	10	1	10	10	12	1	13	16	15	12	13	3	18	6	6	4	4	18	1	5	15	4	3	7	12	5	18	6	12	10	10	12	7	7	4	5	7	3	17	15	1	18	3	14	2	1	10	8	10	9	19	17	15	7	3	3	10	16	4	18	4	13	18	12	18	3	18	14	0	15	10	19	4	2	10	3	3	5	11	13	17	17	14	2	9	15	5	0	10	12	19	
34	31	35	26	27	22	30	37	26	20	33	28	39	30	38	29	34	21	40	32	35	22	21	24	20	30	37	37	29	32	20	34	31	40	30	28	21	25	24	33	33	27	38	32	37	37	36	37	27	20	32	25	39	29	26	25	35	31	30	25	39	20	22	25	38	35	28	36	27	22	35	30	36	30	30	24	40	39	28	40	33	26	30	29	25	29	39	31	33	25	26	29	39	40	38	21	31	36	21	26	33	29	25	22	30	26	20	34	23	32	32	37	32	21	20	37	21	22	24	34	23	24	35	22	21	26	25	36	32	39	35	35	26	
40	38	24	13	26	14	10	41	27	32	16	32	46	50	16	32	45	18	48	25	24	11	18	44	42	48	22	29	24	10	10	46	44	22	31	39	19	19	39	17	21	32	39	28	31	26	49	29	14	27	14	19	40	22	30	27	32	45	41	38	34	35	18	17	16	24	23	31	47	40	43	38	29	11	14	41	22	36	35	21	10	33	16	26	18	46	43	45	29	24	31	27	42	17	36	37	23	28	50	50	19	21	40	42	10	27	18	20	11	42	45	11	17	45	20	15	15	19	32	26	17	13	50	29	41	25	40	43	17	19	25	16	20	
20
70
