152
20
0	192	0	0	0	0	96	0	0	0	0	0	0	0	0	96	0	0	0	0	
192	0	0	0	0	0	0	0	0	0	48	192	0	0	0	0	0	0	0	0	
0	0	0	0	0	500	0	0	0	0	0	48	0	0	0	0	192	0	0	0	
0	0	0	0	0	48	0	0	0	0	0	0	0	0	0	0	96	0	0	0	
0	0	0	0	0	0	0	0	0	0	0	0	0	192	0	0	0	0	0	500	
0	0	500	48	0	0	0	0	0	0	0	0	0	0	0	96	192	0	0	0	
96	0	0	0	0	0	0	0	0	0	0	0	0	0	0	0	0	96	0	0	
0	0	0	0	0	0	0	0	500	0	0	0	192	0	48	0	0	0	0	0	
0	0	0	0	0	0	0	500	0	0	0	0	192	0	0	0	0	0	0	0	
0	0	0	0	0	0	0	0	0	0	96	0	0	96	0	0	0	0	96	48	
0	48	0	0	0	0	0	0	0	96	0	0	0	0	0	0	0	0	500	0	
0	192	48	0	0	0	0	0	0	0	0	0	0	0	0	0	0	0	0	0	
0	0	0	0	0	0	0	192	192	0	0	0	0	0	0	0	0	0	0	0	
0	0	0	0	192	0	0	0	0	96	0	0	0	0	0	0	0	48	0	0	
0	0	0	0	0	0	0	48	0	0	0	0	0	0	0	0	96	0	0	0	
96	0	0	0	0	96	0	0	0	0	0	0	0	0	0	0	0	0	0	0	
0	0	192	96	0	192	0	0	0	0	0	0	0	0	96	0	0	0	0	0	
0	0	0	0	0	0	96	0	0	0	0	0	0	48	0	0	0	0	0	0	
0	0	0	0	0	0	0	0	0	96	500	0	0	0	0	0	0	0	0	0	
0	0	0	0	500	0	0	0	0	48	0	0	0	0	0	0	0	0	0	0	
10	17	17	9	18	14	0	15	11	18	12	6	5	7	5	9	2	9	2	0	13	18	17	15	9	1	10	17	17	10	7	1	12	15	5	5	18	15	17	14	0	14	11	9	11	2	16	15	4	7	14	13	1	19	2	7	2	14	17	0	3	17	7	19	19	2	2	14	2	17	2	15	17	8	10	17	10	18	0	18	8	19	16	2	6	17	1	0	4	19	5	4	14	14	12	18	3	2	8	17	16	4	17	8	0	6	2	17	5	12	6	13	9	7	6	1	4	13	12	10	7	2	5	5	7	0	6	10	5	6	3	16	2	16	17	18	3	5	7	7	14	2	16	2	11	12	17	13	7	9	17	17	
10	0	18	12	19	13	15	17	11	11	16	9	16	13	17	0	15	6	5	12	12	12	0	12	5	0	15	8	6	10	19	2	9	17	9	1	7	8	14	1	12	13	3	3	17	1	2	1	5	5	6	7	6	2	2	15	8	12	1	12	18	13	6	9	9	10	1	3	15	4	14	17	1	12	4	3	3	3	19	3	11	9	0	8	10	4	8	18	8	9	12	2	14	13	2	2	3	13	17	10	17	18	12	19	8	12	2	11	19	17	2	6	11	2	7	13	2	8	0	14	13	0	1	13	12	6	7	3	5	5	15	14	0	4	6	10	3	5	13	0	15	9	5	2	16	13	7	16	16	9	13	3	
32	31	21	24	20	21	31	34	26	22	30	25	30	40	28	28	30	38	36	37	33	32	40	22	39	24	34	36	30	34	34	34	25	35	29	30	27	23	32	32	40	31	24	31	39	22	24	30	31	25	24	33	31	32	39	35	23	32	26	27	28	23	40	34	37	39	20	36	35	27	35	39	28	39	26	38	20	37	21	24	40	21	21	34	24	39	22	24	24	27	30	38	24	37	34	33	35	32	24	24	21	38	28	38	40	30	38	26	31	24	34	20	31	37	27	21	28	25	35	34	38	29	25	35	30	30	24	21	26	35	34	24	32	27	38	25	32	30	37	21	23	34	28	25	24	32	36	39	34	38	26	39	
43	25	40	39	34	41	11	28	48	37	20	23	14	50	43	18	28	27	30	49	20	39	27	16	22	14	35	32	12	20	31	46	31	27	23	34	35	42	48	39	13	18	21	41	20	33	33	50	30	46	18	14	43	37	23	23	14	20	12	10	42	30	45	43	43	23	31	32	25	15	11	13	20	25	23	26	44	46	21	41	47	28	22	25	14	10	42	10	25	32	31	16	41	42	40	26	36	10	23	46	38	32	22	46	14	45	50	50	29	34	48	15	21	40	18	32	23	41	44	20	21	35	32	24	24	14	50	30	36	48	31	19	49	28	21	39	32	17	27	48	32	17	32	37	41	40	22	43	14	45	50	19	
10
80
