133
20
0	0	0	0	48	0	0	0	0	0	0	0	0	0	0	0	0	192	0	48	
0	0	0	0	0	0	192	0	500	0	0	0	0	0	0	0	0	0	0	0	
0	0	0	0	0	0	0	500	0	0	0	0	96	0	0	0	0	500	0	0	
0	0	0	0	500	0	0	0	0	0	0	0	0	0	0	0	96	0	192	0	
48	0	0	500	0	0	0	0	0	0	0	0	0	0	0	0	0	96	500	0	
0	0	0	0	0	0	0	0	0	0	0	0	500	0	0	0	0	48	192	0	
0	192	0	0	0	0	0	0	0	0	0	0	0	0	500	0	0	0	0	0	
0	0	500	0	0	0	0	0	0	0	96	0	0	192	0	0	0	0	0	0	
0	500	0	0	0	0	0	0	0	500	0	0	0	0	0	0	96	0	96	0	
0	0	0	0	0	0	0	0	500	0	0	0	500	0	192	0	0	0	0	48	
0	0	0	0	0	0	0	96	0	0	0	96	0	0	0	0	0	0	0	0	
0	0	0	0	0	0	0	0	0	0	96	0	0	96	0	192	0	0	0	0	
0	0	96	0	0	500	0	0	0	500	0	0	0	0	0	0	0	0	0	0	
0	0	0	0	0	0	0	192	0	0	0	96	0	0	0	0	0	0	0	0	
0	0	0	0	0	0	500	0	0	192	0	0	0	0	0	0	0	0	0	0	
0	0	0	0	0	0	0	0	0	0	0	192	0	0	0	0	500	0	0	0	
0	0	0	96	0	0	0	0	96	0	0	0	0	0	0	500	0	0	0	0	
192	0	500	0	96	48	0	0	0	0	0	0	0	0	0	0	0	0	0	0	
0	0	0	192	500	192	0	0	96	0	0	0	0	0	0	0	0	0	0	0	
48	0	0	0	0	0	0	0	0	48	0	0	0	0	0	0	0	0	0	0	
5	14	5	2	12	2	4	17	6	17	3	6	12	16	10	13	14	8	18	4	18	18	12	6	4	10	17	0	15	11	11	6	10	8	5	5	3	12	6	11	18	19	14	17	17	17	11	18	13	4	0	14	18	18	12	19	11	2	3	5	11	2	14	14	7	8	19	1	10	15	5	19	11	5	7	12	7	15	9	5	13	14	8	8	8	15	6	14	18	7	2	6	7	15	19	16	6	16	5	14	10	19	1	11	8	4	13	16	11	18	4	13	14	1	9	8	15	17	0	1	18	5	2	9	17	16	17	18	9	13	16	4	7	
8	15	18	3	19	12	1	4	17	7	17	19	17	3	13	1	19	16	2	14	3	15	16	4	16	13	8	16	5	7	8	18	0	7	12	12	14	8	5	11	4	13	5	7	19	6	4	2	0	0	4	0	12	8	12	11	7	15	8	0	3	7	11	7	18	3	14	18	7	10	18	10	4	8	17	19	2	2	3	15	2	1	10	15	17	2	10	11	11	19	13	5	15	15	19	1	0	1	1	9	17	13	9	2	5	16	3	9	6	3	0	14	17	7	14	18	15	6	9	4	9	19	19	11	19	17	16	8	4	4	13	6	11	
35	23	23	36	30	34	28	30	23	27	39	21	29	36	34	39	25	39	30	28	40	36	21	36	34	39	21	25	26	34	30	22	38	32	28	30	38	30	39	35	28	31	24	38	21	24	34	37	21	26	32	22	21	24	37	40	21	25	36	32	33	36	32	27	22	39	33	29	22	21	25	28	23	31	36	24	28	24	40	23	35	27	32	22	32	40	31	21	36	36	34	31	40	27	40	27	39	27	32	22	23	35	40	35	27	20	36	25	29	39	20	32	29	23	31	27	24	22	32	30	20	35	32	26	20	30	32	39	27	38	22	28	24	
47	13	49	35	22	21	37	34	30	11	41	38	13	17	48	27	35	27	46	31	21	41	10	33	45	21	39	34	20	26	35	15	30	34	20	29	36	32	17	44	19	11	13	27	17	47	11	15	44	45	14	21	33	40	39	38	34	23	36	39	33	45	13	13	28	12	17	47	42	45	20	25	28	24	34	21	41	25	45	38	36	15	30	15	28	12	48	18	35	34	23	28	39	23	29	10	50	40	11	15	14	10	27	26	30	42	36	19	33	45	41	45	32	22	35	27	27	28	19	29	26	26	14	48	28	15	13	33	33	27	27	10	36	
10
70
