5712
120
0	0	0	0	0	0	0	0	0	0	0	0	0	0	0	0	0	0	0	0	0	0	0	0	0	0	0	0	0	0	0	0	0	0	0	0	0	0	0	0	0	0	0	0	0	0	0	0	0	0	0	0	0	0	0	96	0	0	0	0	0	0	0	0	0	0	0	192	0	0	0	0	0	0	0	0	0	0	0	0	0	0	0	0	0	0	0	0	0	0	0	0	0	0	0	0	0	0	0	0	0	0	0	0	0	0	0	0	0	0	0	0	0	0	0	0	0	0	0	0	
0	0	0	0	0	0	0	0	0	0	0	0	0	0	0	0	0	0	0	0	0	0	0	0	0	0	0	0	0	0	0	0	0	0	0	0	0	0	0	0	0	0	0	0	0	0	0	0	0	0	0	0	0	0	0	0	0	0	0	0	48	0	0	0	0	0	0	0	0	0	0	0	0	0	0	0	0	0	0	0	0	0	0	0	0	0	0	0	0	0	0	0	0	192	0	0	0	0	0	0	0	0	0	0	0	0	0	0	0	0	0	0	0	0	0	0	0	0	0	0	
0	0	0	0	0	0	0	0	0	0	0	0	0	0	0	0	0	0	0	0	0	0	0	0	0	0	0	0	0	0	192	0	0	0	0	0	0	0	0	0	0	0	0	0	192	0	0	0	0	0	500	0	0	0	0	0	0	0	0	0	0	0	0	0	0	0	0	0	0	0	0	0	0	0	0	0	0	0	0	0	0	0	0	0	0	0	0	0	0	0	0	0	0	0	96	0	0	0	0	0	0	0	0	0	0	0	0	0	0	0	0	0	0	0	0	0	0	96	0	0	
0	0	0	0	0	0	0	0	0	0	0	0	0	0	0	0	0	0	0	0	0	0	192	0	0	0	0	0	0	0	0	0	0	0	0	0	0	0	0	0	0	0	0	0	0	0	0	0	0	0	0	0	0	0	0	0	0	0	0	0	0	0	0	0	0	0	0	0	0	0	0	0	0	0	0	0	0	0	0	0	0	0	0	0	0	0	0	0	0	0	0	0	0	0	192	0	0	0	0	0	0	0	0	0	0	0	0	0	500	0	0	0	0	0	0	0	0	0	0	0	
0	0	0	0	0	0	0	0	48	0	0	0	0	0	0	0	0	0	0	0	0	0	0	0	0	0	0	0	0	0	0	0	0	0	0	0	500	0	0	0	0	0	0	48	0	0	0	0	0	0	0	0	0	0	0	0	0	0	0	0	0	0	0	0	0	0	0	0	0	0	0	0	0	0	0	0	0	0	0	0	0	0	0	0	0	0	0	0	0	0	0	0	0	0	0	0	0	0	0	0	0	0	0	0	0	0	0	0	0	0	0	0	0	0	0	0	0	0	0	0	
0	0	0	0	0	0	0	0	0	0	0	0	0	0	0	0	0	0	0	0	0	0	0	0	0	0	0	0	0	0	0	0	0	0	0	0	0	0	96	0	0	0	0	0	0	0	0	0	0	0	0	0	0	0	0	48	0	0	0	0	0	0	0	0	0	0	0	96	0	0	0	0	0	0	0	0	0	0	0	0	0	0	0	0	0	0	0	0	0	0	0	0	0	0	0	0	0	0	0	0	0	0	0	0	0	0	0	0	0	0	0	0	500	0	0	0	0	0	0	0	
0	0	0	0	0	0	0	0	0	0	0	0	0	0	0	0	0	0	0	0	500	0	0	0	0	0	0	0	0	0	0	0	0	0	0	0	0	0	0	0	0	0	0	0	0	0	0	0	0	500	0	0	0	0	0	0	0	0	0	0	0	0	0	0	0	0	0	0	0	0	0	0	0	0	0	0	0	0	0	0	0	0	0	0	0	0	0	0	0	0	0	0	0	0	0	0	0	0	0	0	0	0	0	0	0	0	0	0	0	0	0	0	0	0	0	0	0	0	0	0	
0	0	0	0	0	0	0	0	0	0	0	192	0	0	0	0	0	0	0	0	0	0	0	0	0	0	0	48	0	0	0	0	192	0	0	0	0	0	0	0	0	0	0	0	0	0	0	0	0	0	0	0	0	0	0	0	0	0	0	0	0	0	0	0	0	0	0	0	0	0	0	0	0	0	0	0	0	0	0	0	0	0	0	0	0	0	0	0	0	0	0	0	0	0	0	0	0	0	0	0	0	0	500	0	0	0	0	0	0	0	0	0	0	0	96	0	0	0	0	0	
0	0	0	0	48	0	0	0	0	0	0	0	0	0	0	0	0	0	0	0	0	0	0	0	0	0	0	0	0	0	0	0	0	0	0	0	192	0	0	0	0	0	0	0	0	0	0	0	0	0	0	0	0	0	0	0	0	0	0	0	0	0	0	0	0	0	0	0	0	0	0	0	0	0	0	0	0	0	0	0	96	0	0	0	0	0	0	0	0	0	0	0	0	0	0	0	0	0	0	0	0	0	0	0	0	0	0	0	0	0	0	0	0	0	0	0	0	0	0	0	
0	0	0	0	0	0	0	0	0	0	0	0	0	0	0	0	0	0	0	0	0	0	0	0	0	0	0	0	0	0	0	0	0	0	0	0	0	0	0	0	0	0	0	0	0	0	0	0	0	0	0	0	0	0	0	0	0	0	0	0	0	0	0	0	0	0	0	0	0	0	0	0	500	0	0	0	0	0	0	0	0	0	0	0	0	0	0	0	0	0	0	0	0	0	0	0	0	0	0	0	48	0	0	0	0	0	0	0	0	0	0	0	0	0	0	0	0	0	0	0	
0	0	0	0	0	0	0	0	0	0	0	0	192	0	0	0	0	0	0	96	0	0	0	0	0	0	0	0	0	0	0	0	0	0	0	0	0	0	0	0	0	0	0	0	0	0	0	0	0	0	0	0	0	0	0	0	0	0	0	0	0	0	0	0	0	0	0	0	0	48	0	0	0	0	0	0	0	0	0	0	0	0	0	0	0	0	0	0	0	0	0	0	0	0	0	0	0	0	0	0	0	0	0	0	0	0	0	0	0	0	0	0	0	0	0	0	0	0	0	0	
0	0	0	0	0	0	0	192	0	0	0	0	0	0	0	0	0	0	0	0	0	0	0	0	0	0	0	500	0	0	0	0	0	0	0	0	0	0	0	0	0	0	0	0	0	0	0	500	0	0	0	0	0	0	0	0	0	0	0	0	0	0	0	0	0	0	0	0	0	0	0	0	0	0	0	0	0	0	0	0	0	0	0	0	0	0	0	0	0	0	0	0	0	0	0	0	0	0	0	0	0	0	0	0	0	0	0	0	0	0	0	0	0	0	0	0	0	0	0	0	
0	0	0	0	0	0	0	0	0	0	192	0	0	0	0	0	0	0	0	96	0	0	0	0	0	0	0	0	0	0	0	0	0	0	0	0	0	0	0	500	0	0	0	0	0	0	0	0	0	0	0	0	0	0	0	0	0	0	0	0	0	0	0	0	0	0	0	0	0	48	0	0	0	0	0	0	0	0	0	0	0	0	96	0	0	0	0	0	0	0	0	0	0	0	0	0	0	0	0	0	0	0	0	0	0	0	0	0	0	0	0	0	0	0	0	0	0	0	0	0	
0	0	0	0	0	0	0	0	0	0	0	0	0	0	0	0	0	0	0	0	0	0	0	0	0	0	0	0	0	0	0	0	0	0	0	0	0	0	0	0	0	0	0	0	0	0	0	0	0	0	0	0	0	0	0	0	0	0	0	0	0	0	0	0	0	0	0	0	0	0	0	0	96	0	96	0	0	0	0	0	0	0	0	0	0	0	0	0	0	0	0	0	0	0	0	0	0	0	0	0	192	0	0	0	0	0	0	0	0	0	0	0	0	0	0	0	0	0	0	0	
0	0	0	0	0	0	0	0	0	0	0	0	0	0	0	0	0	0	0	0	0	0	0	0	0	0	0	0	0	0	0	0	0	0	0	0	0	0	0	0	0	0	0	0	0	0	48	0	0	0	0	0	0	0	0	0	0	0	0	0	0	0	0	0	0	0	0	0	0	0	0	0	0	0	0	0	0	0	0	0	0	0	0	0	0	0	0	0	0	0	0	0	0	0	0	0	0	0	0	0	0	0	0	0	0	0	0	500	0	0	0	0	0	0	0	0	0	0	0	0	
0	0	0	0	0	0	0	0	0	0	0	0	0	0	0	0	0	0	0	0	0	0	0	0	0	0	0	0	0	0	0	0	0	0	0	0	0	0	0	0	0	0	0	0	0	0	0	0	0	0	0	0	0	500	0	0	0	0	0	0	0	0	0	0	0	0	0	0	0	0	0	0	0	0	0	0	0	0	0	0	0	0	0	0	0	0	0	0	0	96	0	0	0	0	0	0	0	0	0	0	0	0	0	0	0	0	0	0	0	0	0	0	0	0	0	0	0	0	0	0	
0	0	0	0	0	0	0	0	0	0	0	0	0	0	0	0	0	0	0	0	0	0	0	0	0	0	0	0	0	0	0	0	0	0	0	0	0	0	0	0	0	0	0	0	0	0	96	0	0	48	0	0	0	0	0	0	0	0	0	0	0	0	0	500	0	0	0	0	0	0	0	0	0	0	0	0	0	0	0	0	0	0	0	0	0	0	0	0	0	0	500	0	0	0	0	0	0	0	0	0	0	0	0	0	0	0	0	96	0	0	0	0	0	0	0	0	0	0	0	0	
0	0	0	0	0	0	0	0	0	0	0	0	0	0	0	0	0	0	0	0	0	0	0	0	0	0	0	0	0	500	0	0	0	0	0	0	0	0	0	0	0	0	0	0	0	0	0	0	0	0	0	0	0	0	0	0	0	0	0	0	0	0	0	0	0	0	0	0	0	0	0	0	0	0	0	0	0	0	0	0	0	0	0	0	0	0	0	0	0	0	0	0	0	0	0	0	0	0	0	0	0	0	0	0	0	0	0	0	0	0	0	0	0	0	0	96	0	0	0	0	
0	0	0	0	0	0	0	0	0	0	0	0	0	0	0	0	0	0	0	0	0	0	0	0	0	0	0	0	0	0	0	0	0	0	0	0	0	48	0	0	0	0	0	0	0	0	0	0	0	0	0	0	0	0	0	0	0	0	0	0	0	0	0	0	0	0	0	0	0	0	0	0	0	0	0	0	0	0	0	0	0	0	0	0	0	0	0	0	0	0	0	0	0	192	0	0	0	0	0	0	0	0	0	0	0	96	96	0	0	192	0	0	0	0	0	0	0	0	0	0	
0	0	0	0	0	0	0	0	0	0	96	0	96	0	0	0	0	0	0	0	0	0	0	0	0	0	0	0	0	192	0	0	0	0	0	0	0	0	0	48	0	0	0	0	0	0	0	0	0	0	0	0	0	0	0	0	0	0	0	0	0	0	0	0	0	0	0	0	0	48	0	0	0	0	0	0	0	0	0	0	0	0	0	0	0	0	0	0	0	0	0	0	0	0	0	0	0	0	0	0	0	0	0	0	0	0	0	0	0	0	0	0	0	0	0	0	0	0	0	0	
0	0	0	0	0	0	500	0	0	0	0	0	0	0	0	0	0	0	0	0	0	0	0	0	0	0	0	0	0	0	0	96	0	0	0	0	0	0	0	0	0	0	0	0	0	0	0	0	0	0	0	0	0	0	0	0	0	0	48	0	0	0	0	0	0	0	0	0	0	0	0	0	0	0	0	0	0	0	0	0	0	0	0	0	0	0	0	0	96	0	0	0	0	0	0	0	0	0	0	0	0	0	0	0	500	0	0	0	0	0	0	0	0	0	0	0	0	0	0	0	
0	0	0	0	0	0	0	0	0	0	0	0	0	0	0	0	0	0	0	0	0	0	0	0	0	0	0	0	0	0	0	0	0	0	0	0	0	0	0	0	0	0	0	0	0	0	0	0	0	0	0	0	0	0	0	0	0	0	0	0	0	0	0	0	0	0	0	0	0	0	0	0	0	0	0	0	0	0	0	0	0	0	0	0	0	0	0	500	0	0	0	0	0	0	0	0	0	0	0	96	0	0	0	0	0	0	0	0	0	0	0	0	0	48	0	0	0	0	0	0	
0	0	0	192	0	0	0	0	0	0	0	0	0	0	0	0	0	0	0	0	0	0	0	0	0	0	0	0	0	0	0	0	0	0	0	0	0	0	0	0	0	0	0	0	0	0	0	0	0	0	0	0	0	0	0	0	0	0	0	0	0	0	0	0	0	0	0	0	0	0	0	500	0	0	0	0	0	0	0	48	0	0	0	0	0	0	0	0	0	0	0	0	0	0	0	0	0	0	0	0	0	0	0	0	0	0	0	0	500	0	0	0	0	0	0	0	0	0	0	0	
0	0	0	0	0	0	0	0	0	0	0	0	0	0	0	0	0	0	0	0	0	0	0	0	0	0	0	0	0	0	0	0	0	0	0	0	0	0	0	0	0	0	0	0	0	0	0	0	0	0	0	0	0	0	0	0	0	192	0	0	0	0	0	0	0	0	0	0	0	0	0	0	0	0	0	0	0	0	0	0	0	0	0	0	0	0	0	0	0	0	0	0	0	0	0	0	0	0	0	0	0	0	192	0	0	0	0	0	0	0	0	0	0	0	0	0	0	0	0	0	
0	0	0	0	0	0	0	0	0	0	0	0	0	0	0	0	0	0	0	0	0	0	0	0	0	0	0	0	0	0	0	0	0	0	0	192	0	0	0	0	0	0	0	0	0	0	0	0	0	0	0	0	0	0	0	0	0	0	0	0	0	0	0	0	0	0	0	0	0	0	0	0	0	0	0	0	0	0	0	0	0	0	0	0	0	0	0	0	0	0	0	0	0	0	0	0	0	0	0	0	0	0	0	0	0	0	0	0	0	0	0	0	0	0	0	0	0	0	96	0	
0	0	0	0	0	0	0	0	0	0	0	0	0	0	0	0	0	0	0	0	0	0	0	0	0	0	0	0	0	0	0	0	0	0	0	0	0	0	0	0	0	0	0	0	0	0	0	0	0	0	0	0	0	0	0	0	192	0	0	0	0	0	0	0	0	0	0	0	0	0	0	0	0	0	0	0	0	0	0	0	0	0	0	0	0	0	0	0	0	0	0	0	0	0	0	0	0	0	96	0	0	0	0	0	0	0	0	0	0	0	0	0	0	0	0	0	0	0	0	0	
0	0	0	0	0	0	0	0	0	0	0	0	0	0	0	0	0	0	0	0	0	0	0	0	0	0	0	0	0	0	0	0	0	0	0	0	0	0	0	0	0	0	0	0	0	0	0	0	0	0	0	0	0	0	0	0	0	0	0	192	0	0	0	0	0	500	0	0	0	0	0	0	0	0	0	0	0	0	0	0	0	0	0	0	0	0	0	0	0	0	0	0	0	0	0	0	0	0	0	0	0	0	0	0	0	0	0	0	0	0	0	0	0	0	0	0	0	0	0	0	
0	0	0	0	0	0	0	48	0	0	0	500	0	0	0	0	0	0	0	0	0	0	0	0	0	0	0	0	0	0	0	0	0	0	0	0	0	0	0	0	0	0	0	0	0	0	0	0	0	0	0	0	0	0	0	0	0	0	0	0	0	0	0	0	0	0	0	0	0	0	0	0	0	0	0	0	0	0	0	0	0	0	0	0	0	0	0	0	0	0	0	0	0	0	0	0	0	0	0	0	0	0	0	0	0	0	0	0	0	0	0	0	0	0	0	0	0	0	0	0	
0	0	0	0	0	0	0	0	0	0	0	0	0	0	0	0	0	0	0	0	0	0	0	0	0	0	0	0	0	0	0	0	0	0	0	0	0	0	0	0	0	0	0	0	0	0	0	0	0	0	0	0	0	0	0	0	0	0	0	0	0	0	0	0	0	0	0	0	0	0	0	0	0	0	0	0	96	0	0	0	0	0	0	0	0	0	0	0	0	0	0	192	0	0	0	500	0	0	0	0	0	0	0	0	0	0	0	0	0	0	0	192	0	0	0	0	0	0	0	0	
0	0	0	0	0	0	0	0	0	0	0	0	0	0	0	0	0	500	0	192	0	0	0	0	0	0	0	0	0	0	0	0	0	0	0	0	0	0	0	0	0	0	0	0	0	0	0	0	0	0	0	0	0	0	0	0	0	0	0	0	0	0	0	0	0	0	0	0	0	0	0	0	0	0	0	0	0	0	0	0	0	0	0	0	0	0	0	0	0	0	0	0	0	0	0	0	0	0	0	0	0	0	0	0	0	0	0	0	0	0	0	0	0	0	0	500	0	0	0	0	
0	0	192	0	0	0	0	0	0	0	0	0	0	0	0	0	0	0	0	0	0	0	0	0	0	0	0	0	0	0	0	0	0	0	0	0	0	0	0	0	0	0	0	0	500	0	0	0	0	0	48	0	0	0	0	0	0	0	0	0	0	0	0	0	0	0	0	0	0	0	0	0	0	0	0	0	0	0	0	0	0	0	0	0	0	0	0	0	0	0	0	0	0	0	0	0	0	0	0	0	0	0	0	0	0	0	0	0	0	0	0	0	0	0	0	0	0	0	0	0	
0	0	0	0	0	0	0	0	0	0	0	0	0	0	0	0	0	0	0	0	96	0	0	0	0	0	0	0	0	0	0	0	0	0	0	0	0	0	0	0	0	0	0	0	0	0	0	0	0	0	0	0	0	0	0	0	0	0	0	0	0	0	0	0	0	0	0	0	0	0	0	0	0	0	0	0	0	0	0	0	0	0	0	0	0	0	0	0	192	0	0	0	0	0	0	0	0	0	0	0	0	0	0	0	500	0	0	0	0	0	0	0	0	0	0	0	0	0	0	0	
0	0	0	0	0	0	0	192	0	0	0	0	0	0	0	0	0	0	0	0	0	0	0	0	0	0	0	0	0	0	0	0	0	0	0	0	0	0	0	0	0	0	0	0	0	0	0	0	0	0	0	0	0	0	0	0	0	0	0	0	0	0	0	0	0	0	0	0	0	0	0	0	0	0	0	0	0	0	0	0	0	0	0	0	0	0	0	0	0	0	0	0	0	0	0	0	0	0	0	0	0	0	500	0	0	0	0	0	0	0	0	0	0	0	500	0	0	0	0	0	
0	0	0	0	0	0	0	0	0	0	0	0	0	0	0	0	0	0	0	0	0	0	0	0	0	0	0	0	0	0	0	0	0	0	500	0	0	0	0	0	0	0	0	0	0	0	0	0	48	0	0	0	0	0	0	0	0	0	0	0	0	0	0	0	48	0	0	0	0	0	0	0	0	0	0	0	0	0	0	0	0	0	0	0	0	0	0	0	0	0	0	0	0	0	0	0	0	0	0	0	0	0	0	0	0	96	500	0	0	0	0	0	0	0	0	0	0	0	0	0	
0	0	0	0	0	0	0	0	0	0	0	0	0	0	0	0	0	0	0	0	0	0	0	0	0	0	0	0	0	0	0	0	0	500	0	0	0	0	0	0	0	0	0	0	0	0	0	0	96	0	0	0	0	0	0	0	0	0	0	0	0	0	0	0	0	0	0	0	0	0	0	0	0	0	0	0	0	0	0	0	0	0	0	0	0	0	0	0	0	0	0	0	0	0	0	0	0	0	0	0	0	0	0	0	0	0	0	0	0	0	0	0	0	0	0	0	0	0	0	0	
0	0	0	0	0	0	0	0	0	0	0	0	0	0	0	0	0	0	0	0	0	0	0	0	192	0	0	0	0	0	0	0	0	0	0	0	0	0	0	0	0	0	0	0	0	0	0	0	0	0	0	0	0	0	0	0	0	0	0	0	0	0	0	0	0	0	0	0	0	0	0	0	0	0	0	0	0	0	192	0	0	0	0	0	0	0	0	0	0	0	0	0	0	0	0	0	0	0	0	0	0	0	0	0	0	0	0	0	0	0	0	0	0	0	0	0	0	0	500	0	
0	0	0	0	500	0	0	0	192	0	0	0	0	0	0	0	0	0	0	0	0	0	0	0	0	0	0	0	0	0	0	0	0	0	0	0	0	0	0	0	0	192	0	0	0	0	0	0	0	0	0	0	0	0	0	0	0	0	0	0	0	0	0	0	0	0	0	0	0	0	0	0	0	0	0	0	0	0	0	0	0	0	0	0	0	0	0	0	0	0	0	0	0	0	0	0	0	0	0	0	0	0	0	0	0	0	0	0	0	0	0	0	0	0	0	0	0	0	0	0	
0	0	0	0	0	0	0	0	0	0	0	0	0	0	0	0	0	0	48	0	0	0	0	0	0	0	0	0	0	0	0	0	0	0	0	0	0	0	0	0	0	0	0	0	0	0	0	0	192	0	0	0	0	0	0	0	0	0	0	0	192	0	0	0	0	0	0	0	0	0	0	0	0	0	0	0	0	0	0	0	0	0	0	0	0	0	0	0	0	0	0	0	0	0	0	0	0	0	0	0	0	0	0	0	0	0	48	0	0	0	0	0	0	0	0	0	0	0	0	0	
0	0	0	0	0	96	0	0	0	0	0	0	0	0	0	0	0	0	0	0	0	0	0	0	0	0	0	0	0	0	0	0	0	0	0	0	0	0	0	0	0	0	0	0	0	0	0	0	0	0	0	0	0	0	0	0	0	0	0	0	0	0	0	0	0	0	0	0	0	0	0	0	0	0	0	0	0	0	0	0	0	0	0	0	0	0	0	0	0	0	0	0	0	0	0	0	0	0	0	0	0	0	0	0	0	0	0	0	0	0	0	0	96	0	0	0	0	0	0	0	
0	0	0	0	0	0	0	0	0	0	0	0	500	0	0	0	0	0	0	48	0	0	0	0	0	0	0	0	0	0	0	0	0	0	0	0	0	0	0	0	0	0	0	0	0	0	0	0	0	0	0	0	0	0	0	0	0	0	0	0	0	0	0	0	0	0	0	0	0	0	0	0	0	0	0	0	0	0	0	0	0	0	0	0	0	0	0	0	0	0	0	0	0	0	0	0	0	0	0	0	0	0	0	0	0	0	0	0	0	0	0	0	0	0	0	0	0	0	0	0	
0	0	0	0	0	0	0	0	0	0	0	0	0	0	0	0	0	0	0	0	0	0	0	0	0	0	0	0	0	0	0	0	0	0	0	0	0	0	0	0	0	0	192	0	0	0	0	0	0	0	0	0	0	0	0	0	0	0	0	0	0	0	0	0	0	0	0	0	0	0	0	0	0	0	0	0	0	0	0	0	0	0	0	0	0	0	0	0	0	0	0	0	0	0	0	0	0	0	0	0	0	500	0	0	0	0	0	0	0	0	0	0	0	0	0	0	192	0	0	0	
0	0	0	0	0	0	0	0	0	0	0	0	0	0	0	0	0	0	0	0	0	0	0	0	0	0	0	0	0	0	0	0	0	0	0	0	192	0	0	0	0	0	0	0	0	0	0	0	0	0	0	0	0	192	0	0	0	0	0	0	0	0	0	0	0	0	0	0	0	0	192	0	0	0	0	0	0	0	0	0	0	0	0	0	0	0	0	0	0	96	0	0	0	0	0	0	0	0	0	0	0	0	0	0	0	0	0	0	0	0	0	0	0	0	0	0	0	0	0	0	
0	0	0	0	0	0	0	0	0	0	0	0	0	0	0	0	0	0	0	0	0	0	0	0	0	0	0	0	0	0	0	0	0	0	0	0	0	0	0	0	192	0	0	192	0	0	0	0	0	0	0	0	0	0	0	0	0	0	0	0	0	0	0	0	0	0	0	0	0	0	0	0	0	0	0	0	0	0	0	0	0	0	0	0	0	0	0	0	0	0	0	0	0	0	0	0	0	0	0	0	0	192	0	0	0	0	0	0	0	0	0	0	0	0	0	0	0	0	0	0	
0	0	0	0	48	0	0	0	0	0	0	0	0	0	0	0	0	0	0	0	0	0	0	0	0	0	0	0	0	0	0	0	0	0	0	0	0	0	0	0	0	0	192	0	0	0	0	0	0	0	0	0	0	0	0	0	0	0	0	0	0	0	0	0	0	0	0	0	0	0	0	0	0	0	0	0	0	0	0	0	0	0	0	0	0	0	0	0	0	0	0	0	0	0	0	0	0	0	0	0	0	0	0	0	0	0	0	0	0	0	0	0	0	0	0	0	0	0	0	0	
0	0	192	0	0	0	0	0	0	0	0	0	0	0	0	0	0	0	0	0	0	0	0	0	0	0	0	0	0	0	500	0	0	0	0	0	0	0	0	0	0	0	0	0	0	0	0	0	0	0	192	0	0	0	0	0	0	0	0	0	0	0	0	0	0	0	0	0	0	0	0	0	0	0	0	0	0	0	0	0	0	0	0	0	0	0	0	0	0	0	0	0	0	0	0	0	0	0	0	0	0	0	0	0	0	0	0	0	0	0	0	0	0	0	0	0	0	0	0	0	
0	0	0	0	0	0	0	0	0	0	0	0	0	0	0	0	0	0	0	0	0	0	0	0	0	0	0	0	0	0	0	0	0	0	0	0	0	0	0	0	0	0	0	0	0	0	0	0	0	0	0	0	0	0	0	0	500	0	0	0	0	0	0	0	0	0	0	500	0	0	0	0	0	0	0	0	0	0	0	0	0	0	0	0	0	0	0	0	0	0	0	0	0	0	0	0	0	0	0	0	0	0	0	0	0	0	0	0	0	0	0	0	0	0	0	0	0	0	0	0	
0	0	0	0	0	0	0	0	0	0	0	0	0	0	48	0	96	0	0	0	0	0	0	0	0	0	0	0	0	0	0	0	0	0	0	0	0	0	0	0	0	0	0	0	0	0	0	0	0	0	0	0	0	0	0	0	0	0	0	0	0	0	0	0	0	0	0	0	0	0	0	0	0	0	0	0	0	0	0	0	0	0	0	0	0	0	0	0	0	0	0	0	0	0	0	0	0	0	0	0	0	0	0	0	0	0	0	0	0	0	0	0	0	0	0	0	0	0	0	0	
0	0	0	0	0	0	0	0	0	0	0	500	0	0	0	0	0	0	0	0	0	0	0	0	0	0	0	0	0	0	0	0	0	0	0	0	0	0	0	0	0	0	0	0	0	0	0	0	0	0	0	0	0	0	0	0	0	0	0	0	0	0	0	0	0	0	0	0	0	0	0	0	0	0	0	0	192	0	0	0	0	0	0	0	0	0	0	0	0	0	0	0	0	0	0	0	0	0	0	0	0	0	0	0	0	0	0	0	0	0	0	0	0	0	0	0	0	0	0	0	
0	0	0	0	0	0	0	0	0	0	0	0	0	0	0	0	0	0	0	0	0	0	0	0	0	0	0	0	0	0	0	0	0	48	96	0	0	192	0	0	0	0	0	0	0	0	0	0	0	0	0	0	0	0	0	0	0	0	0	0	96	0	0	0	0	0	0	0	0	0	0	0	0	0	0	0	0	0	0	0	0	0	0	0	0	0	0	0	0	0	0	0	0	0	0	0	0	0	0	0	0	0	0	0	0	0	0	0	0	0	0	0	0	0	0	0	0	0	0	0	
0	0	0	0	0	0	500	0	0	0	0	0	0	0	0	0	48	0	0	0	0	0	0	0	0	0	0	0	0	0	0	0	0	0	0	0	0	0	0	0	0	0	0	0	0	0	0	0	0	0	0	0	0	0	0	0	0	0	0	0	0	0	0	0	0	0	0	0	0	0	0	0	0	0	0	0	0	0	0	0	0	0	0	0	0	0	0	0	0	0	0	0	0	0	0	0	0	0	0	0	0	0	0	0	0	0	0	0	0	0	0	0	0	0	0	0	0	0	0	0	
0	0	500	0	0	0	0	0	0	0	0	0	0	0	0	0	0	0	0	0	0	0	0	0	0	0	0	0	0	0	48	0	0	0	0	0	0	0	0	0	0	0	0	0	192	0	0	0	0	0	0	0	0	0	0	0	0	0	0	0	0	0	0	0	0	0	0	0	0	0	0	0	0	0	0	0	0	0	0	0	0	0	0	0	0	0	0	0	0	0	0	0	0	0	0	0	0	0	0	0	0	0	0	0	0	0	0	0	0	0	0	0	0	0	0	0	0	0	0	0	
0	0	0	0	0	0	0	0	0	0	0	0	0	0	0	0	0	0	0	0	0	0	0	0	0	0	0	0	0	0	0	0	0	0	0	0	0	0	0	0	0	0	0	0	0	0	0	0	0	0	0	0	0	0	0	0	0	0	0	0	0	0	0	0	0	0	0	0	192	0	0	0	0	0	0	0	0	0	0	0	0	0	0	0	0	0	0	0	0	0	0	0	0	0	0	0	0	0	0	0	0	48	0	0	0	0	0	0	0	0	0	0	0	0	0	0	0	0	0	0	
0	0	0	0	0	0	0	0	0	0	0	0	0	0	0	0	0	0	0	0	0	0	0	0	0	0	0	0	0	0	0	0	0	0	0	0	0	0	0	0	0	0	0	0	0	0	0	0	0	0	0	0	0	0	0	0	0	0	0	0	0	0	0	0	0	0	0	0	0	0	0	0	0	0	0	0	0	0	0	0	0	0	0	96	0	0	0	0	0	0	0	0	0	0	0	0	0	0	0	0	0	0	0	0	0	0	0	0	0	0	0	0	0	0	0	0	0	0	0	96	
0	0	0	0	0	0	0	0	0	0	0	0	0	0	0	500	0	0	0	0	0	0	0	0	0	0	0	0	0	0	0	0	0	0	0	0	0	0	0	0	0	192	0	0	0	0	0	0	0	0	0	0	0	0	0	0	0	0	0	0	0	0	0	0	0	0	0	0	0	0	0	0	0	0	0	0	0	0	0	0	0	0	0	0	0	0	0	0	0	0	0	0	0	0	0	0	0	0	0	0	0	0	0	0	0	0	0	0	0	0	0	0	0	0	0	0	0	0	0	0	
0	0	0	0	0	0	0	0	0	0	0	0	0	0	0	0	0	0	0	0	0	0	0	0	0	0	0	0	0	0	0	0	0	0	0	0	0	0	0	0	0	0	0	0	0	0	0	0	0	0	0	0	0	0	0	0	0	0	0	0	0	0	96	0	0	0	0	0	0	0	0	0	0	0	0	0	0	0	0	0	0	0	0	0	0	0	0	0	0	0	0	0	0	0	0	0	192	0	0	0	0	0	0	0	0	0	0	0	0	0	0	0	0	0	0	0	0	0	0	0	
96	0	0	0	0	48	0	0	0	0	0	0	0	0	0	0	0	0	0	0	0	0	0	0	0	0	0	0	0	0	0	0	0	0	0	0	0	0	0	0	0	0	0	0	0	0	0	0	0	0	0	0	0	0	0	0	0	0	0	0	0	0	0	0	0	0	0	0	0	0	0	0	0	0	0	0	0	0	0	0	0	0	0	0	0	0	0	0	0	0	0	0	0	0	0	0	0	0	0	0	0	0	0	0	0	0	0	0	0	0	0	0	0	0	0	0	0	0	0	0	
0	0	0	0	0	0	0	0	0	0	0	0	0	0	0	0	0	0	0	0	0	0	0	0	0	192	0	0	0	0	0	0	0	0	0	0	0	0	0	0	0	0	0	0	0	500	0	0	0	0	0	0	0	0	0	0	0	0	0	0	0	0	0	0	0	0	0	0	0	0	0	0	0	0	0	0	0	0	0	0	0	0	0	0	0	0	0	0	0	0	0	0	0	0	0	0	0	0	500	0	0	0	0	0	0	0	0	0	0	0	0	0	0	0	0	0	0	0	0	0	
0	0	0	0	0	0	0	0	0	0	0	0	0	0	0	0	0	0	0	0	0	0	0	192	0	0	0	0	0	0	0	0	0	0	0	0	0	0	0	0	0	0	0	0	0	0	0	0	0	0	0	0	0	0	0	0	0	0	0	0	0	0	0	0	0	0	96	0	96	0	0	0	0	0	0	0	0	0	0	96	0	0	0	0	0	0	0	0	0	0	0	0	0	0	0	0	0	0	0	0	0	0	0	0	0	0	0	0	0	0	0	0	0	0	48	0	0	0	0	0	
0	0	0	0	0	0	0	0	0	0	0	0	0	0	0	0	0	0	0	0	48	0	0	0	0	0	0	0	0	0	0	0	0	0	0	0	0	0	0	0	0	0	0	0	0	0	0	0	0	0	0	0	0	0	0	0	0	0	0	0	0	0	0	0	0	0	0	0	0	0	0	0	0	0	0	0	0	0	0	0	0	0	0	0	0	0	0	0	0	0	0	0	0	0	0	0	48	0	0	0	0	0	0	0	0	0	0	0	0	0	0	0	0	0	0	0	0	0	0	0	
0	0	0	0	0	0	0	0	0	0	0	0	0	0	0	0	0	0	0	0	0	0	0	0	0	0	192	0	0	0	0	0	0	0	0	0	0	0	0	0	0	0	0	0	0	0	0	0	0	0	0	0	0	0	0	0	0	0	0	0	0	0	0	0	0	48	0	0	0	0	0	0	0	0	0	0	0	0	0	0	0	0	0	0	0	0	0	0	0	0	0	0	0	0	0	0	0	0	0	0	0	0	0	0	0	0	0	0	0	0	192	0	0	0	0	0	0	0	0	0	
0	48	0	0	0	0	0	0	0	0	0	0	0	0	0	0	0	0	0	0	0	0	0	0	0	0	0	0	0	0	0	0	0	0	0	0	0	192	0	0	0	0	0	0	0	0	0	0	96	0	0	0	0	0	0	0	0	0	0	0	0	0	0	0	0	0	0	0	0	0	0	0	0	0	0	0	0	0	0	0	0	0	0	0	192	0	0	0	0	0	0	0	0	0	0	0	0	0	0	0	0	0	0	0	0	0	0	0	0	0	48	0	0	0	0	0	0	0	0	0	
0	0	0	0	0	0	0	0	0	0	0	0	0	0	0	0	0	0	0	0	0	0	0	0	0	0	0	0	0	0	0	0	0	0	0	0	0	0	0	0	0	0	0	0	0	0	0	0	0	0	0	0	0	0	0	0	0	0	0	0	0	0	0	0	0	0	0	0	0	0	0	0	0	0	0	500	0	0	0	0	0	0	0	0	0	0	0	0	0	0	0	0	0	0	0	0	0	0	0	0	0	0	0	48	0	0	0	0	0	0	0	0	0	0	0	0	0	0	0	0	
0	0	0	0	0	0	0	0	0	0	0	0	0	0	0	0	0	0	0	0	0	0	0	0	0	0	0	0	0	0	0	0	0	0	0	0	0	0	0	0	0	0	0	0	0	0	0	0	0	0	0	0	0	0	96	0	0	0	0	0	0	0	0	0	0	0	0	0	0	0	0	0	0	0	0	0	0	0	0	0	0	0	0	0	0	0	0	0	0	0	0	0	0	0	0	0	500	0	0	0	0	0	0	0	0	0	0	0	0	0	0	0	0	0	0	0	0	0	0	0	
0	0	0	0	0	0	0	0	0	0	0	0	0	0	0	0	500	0	0	0	0	0	0	0	0	0	0	0	0	0	0	0	0	0	0	0	0	0	0	0	0	0	0	0	0	0	0	0	0	0	0	0	0	0	0	0	0	0	0	0	0	0	0	0	0	0	0	0	0	0	0	0	0	0	0	0	0	0	0	0	0	0	0	0	0	0	0	0	0	0	96	0	0	0	0	0	0	0	0	0	0	0	0	0	0	0	0	0	0	0	0	0	0	0	0	0	0	0	0	0	
0	0	0	0	0	0	0	0	0	0	0	0	0	0	0	0	0	0	0	0	0	0	0	0	0	0	0	0	0	0	0	0	0	48	0	0	0	0	0	0	0	0	0	0	0	0	0	0	0	0	0	0	0	0	0	0	0	0	0	0	0	0	0	0	0	0	0	0	0	0	0	0	0	0	0	0	0	0	0	0	0	0	0	0	0	0	0	0	0	0	0	0	0	0	0	0	0	192	0	0	0	0	0	0	0	0	0	0	0	0	0	0	0	0	0	0	0	0	0	0	
0	0	0	0	0	0	0	0	0	0	0	0	0	0	0	0	0	0	0	0	0	0	0	0	0	0	500	0	0	0	0	0	0	0	0	0	0	0	0	0	0	0	0	0	0	0	0	0	0	0	0	0	0	0	0	0	0	0	0	48	0	0	0	0	0	0	0	0	0	0	0	0	0	0	0	0	0	0	0	0	0	0	0	0	0	0	0	0	0	0	0	0	0	0	0	0	0	0	0	0	0	0	0	0	0	0	0	0	0	0	0	0	0	0	0	0	0	0	0	0	
0	0	0	0	0	0	0	0	0	0	0	0	0	0	0	0	0	0	0	0	0	0	0	0	0	0	0	0	0	0	0	0	0	0	0	0	0	0	0	0	0	0	0	0	0	0	0	0	0	0	0	0	0	0	0	0	0	96	0	0	0	0	0	0	0	0	0	0	0	0	0	0	0	0	0	0	0	0	0	0	0	0	0	0	0	500	0	0	0	0	0	0	0	0	0	0	0	0	0	0	0	0	0	0	0	0	0	0	0	0	0	0	0	0	0	0	0	0	0	0	
192	0	0	0	0	96	0	0	0	0	0	0	0	0	0	0	0	0	0	0	0	0	0	0	0	0	0	0	0	0	0	0	0	0	0	0	0	0	0	0	0	0	0	0	0	500	0	0	0	0	0	0	0	0	0	0	0	0	0	0	0	0	0	0	0	0	0	0	0	0	0	0	0	0	0	0	0	0	0	0	0	0	0	0	0	0	0	0	0	0	0	0	0	0	0	0	0	0	0	0	0	0	0	0	0	0	0	0	0	0	0	0	0	0	0	0	0	0	0	0	
0	0	0	0	0	0	0	0	0	0	0	0	0	0	0	0	0	0	0	0	0	0	0	0	0	0	0	0	0	0	0	0	0	0	0	0	0	0	0	0	0	0	0	0	0	0	0	0	0	0	0	192	0	0	0	0	0	96	0	0	0	0	0	0	0	0	0	0	0	0	0	0	0	0	0	0	0	0	0	0	0	0	0	0	0	0	0	0	0	0	0	0	0	0	0	0	0	0	0	0	0	0	0	0	0	0	0	0	0	0	0	0	0	0	0	0	0	0	0	0	
0	0	0	0	0	0	0	0	0	0	48	0	48	0	0	0	0	0	0	48	0	0	0	0	0	0	0	0	0	0	0	0	0	0	0	0	0	0	0	0	0	0	0	0	0	0	0	0	0	0	0	0	0	0	0	0	0	0	0	0	0	0	0	0	0	0	0	0	0	0	0	0	0	0	0	0	0	0	0	0	0	0	500	0	0	0	0	0	0	0	0	0	96	0	0	0	0	0	0	0	0	0	0	0	0	0	0	0	0	0	0	0	0	0	0	0	0	0	0	0	
0	0	0	0	0	0	0	0	0	0	0	0	0	0	0	0	0	0	0	0	0	0	0	0	0	0	0	0	0	0	0	0	0	0	0	0	0	0	0	0	0	192	0	0	0	0	0	0	0	0	0	0	0	0	0	0	0	0	0	0	0	0	0	0	0	0	0	0	0	0	0	0	0	500	0	0	0	0	0	0	0	0	0	0	0	0	0	0	0	0	0	0	0	0	0	0	0	0	0	0	0	0	0	0	0	0	0	0	0	0	0	0	0	0	0	0	0	0	0	0	
0	0	0	0	0	0	0	0	0	0	0	0	0	0	0	0	0	0	0	0	0	0	500	0	0	0	0	0	0	0	0	0	0	0	0	0	0	0	0	0	0	0	0	0	0	0	0	0	0	0	0	0	0	0	0	0	0	0	0	0	0	0	0	0	0	0	0	0	0	0	0	0	0	0	0	0	0	0	0	0	0	0	0	0	0	0	500	0	0	0	0	0	0	0	0	0	0	0	0	0	0	0	0	0	0	0	0	0	0	0	0	0	0	0	0	0	0	0	0	0	
0	0	0	0	0	0	0	0	0	500	0	0	0	96	0	0	0	0	0	0	0	0	0	0	0	0	0	0	0	0	0	0	0	0	0	0	0	0	0	0	0	0	0	0	0	0	0	0	0	0	0	0	0	0	0	0	0	0	0	0	0	0	0	0	0	0	0	0	0	0	0	0	0	0	0	0	0	0	0	0	0	0	0	0	0	0	0	0	0	0	0	0	0	0	0	0	0	0	0	0	0	0	0	0	0	0	0	0	0	0	0	0	0	0	0	0	0	0	0	0	
0	0	0	0	0	0	0	0	0	0	0	0	0	0	0	0	0	0	0	0	0	0	0	0	0	0	0	0	0	0	0	0	0	0	0	0	0	0	0	0	0	0	0	0	0	0	0	0	0	0	0	0	0	0	0	0	0	0	0	0	0	0	0	0	0	0	0	0	0	0	500	0	0	0	0	0	0	0	0	0	192	0	0	0	0	0	0	0	0	0	0	0	0	0	0	0	0	0	0	0	0	0	0	0	0	0	0	0	0	0	0	0	0	0	0	0	0	0	0	0	
0	0	0	0	0	0	0	0	0	0	0	0	0	96	0	0	0	0	0	0	0	0	0	0	0	0	0	0	0	0	0	0	0	0	0	0	0	0	0	0	0	0	0	0	0	0	0	0	0	0	0	0	0	0	0	0	0	0	0	0	0	0	0	0	0	0	0	0	0	0	0	0	0	0	0	0	0	0	0	0	0	500	0	0	0	0	0	0	0	0	0	0	0	0	0	0	0	0	0	0	96	0	0	0	0	0	0	0	0	0	0	0	0	0	0	0	0	0	0	0	
0	0	0	0	0	0	0	0	0	0	0	0	0	0	0	0	0	0	0	0	0	0	0	0	0	0	0	0	0	0	0	0	0	0	0	0	0	0	0	0	0	0	0	0	0	0	0	0	0	0	0	0	0	0	0	0	0	0	0	0	0	500	0	0	0	0	0	0	0	0	0	0	0	0	0	0	0	0	0	0	0	0	0	0	0	0	0	0	0	0	0	0	0	0	0	0	0	0	0	0	0	0	0	192	0	0	0	0	0	0	0	0	0	0	0	0	0	0	0	0	
0	0	0	0	0	0	0	0	0	0	0	0	0	0	0	0	0	0	0	0	0	0	0	0	0	0	0	0	96	0	0	0	0	0	0	0	0	0	0	0	0	0	0	0	0	0	0	192	0	0	0	0	0	0	0	0	0	0	0	0	0	0	0	0	0	0	0	0	0	0	0	0	0	0	0	0	0	0	0	0	0	0	0	0	0	0	0	0	0	0	0	0	0	0	0	0	0	0	0	0	0	0	0	0	0	0	0	0	0	0	0	0	0	0	0	0	0	0	0	0	
0	0	0	0	0	0	0	0	0	0	0	0	0	0	0	0	0	0	0	0	0	0	0	0	0	0	0	0	0	0	0	0	0	0	0	0	0	0	0	0	0	0	0	0	0	0	0	0	0	0	0	0	0	0	0	0	0	0	0	0	0	0	0	0	0	0	0	0	0	0	0	0	0	0	0	0	0	0	0	0	0	0	0	48	0	0	500	0	0	0	0	0	0	0	0	0	0	0	0	0	0	0	0	0	0	0	0	0	0	0	0	0	0	0	0	0	0	48	0	48	
0	0	0	0	0	0	0	0	0	0	0	0	0	0	0	0	0	0	0	0	0	0	0	0	0	0	0	0	0	0	0	0	0	0	0	192	0	0	0	0	0	0	0	0	0	0	0	0	0	0	0	0	0	0	0	0	0	0	0	0	0	0	0	0	0	0	0	0	0	0	0	0	0	0	0	0	0	0	0	0	0	0	0	0	0	0	0	0	0	0	0	0	0	0	0	0	0	0	0	0	0	0	0	0	0	0	0	0	0	0	0	48	0	0	0	0	0	0	0	0	
0	0	0	0	0	0	0	0	0	0	0	0	0	0	0	0	0	0	0	0	0	0	48	0	0	0	0	0	0	0	0	0	0	0	0	0	0	0	0	0	0	0	0	0	0	0	0	0	0	0	0	0	0	0	0	0	0	96	0	0	0	0	0	0	0	0	0	0	0	0	0	0	0	0	0	0	0	0	0	0	0	0	0	0	0	0	0	0	0	0	0	0	0	0	0	0	0	0	0	0	0	0	0	0	0	0	0	0	0	0	0	0	0	0	48	0	0	0	0	0	
0	0	0	0	0	0	0	0	96	0	0	0	0	0	0	0	0	0	0	0	0	0	0	0	0	0	0	0	0	0	0	0	0	0	0	0	0	0	0	0	0	0	0	0	0	0	0	0	0	0	0	0	0	0	0	0	0	0	0	0	0	0	0	0	0	0	0	0	0	0	0	0	0	192	0	0	0	0	0	0	0	96	0	0	0	0	0	0	0	0	0	0	0	0	0	0	0	0	0	0	0	0	0	0	0	0	0	0	0	0	0	0	0	0	0	0	0	0	0	0	
0	0	0	0	0	0	0	0	0	0	0	0	0	0	0	0	0	0	0	0	0	0	0	0	0	0	0	0	0	0	0	0	0	0	0	0	0	0	0	0	0	0	0	0	0	0	0	0	0	0	0	0	0	0	0	0	0	0	0	0	0	0	0	0	0	0	0	0	0	0	0	0	0	0	500	0	0	0	0	0	96	0	0	0	0	0	0	0	0	0	0	0	0	0	0	0	0	0	0	0	0	0	0	0	0	0	0	0	0	0	0	0	0	0	0	0	0	0	0	0	
0	0	0	0	0	0	0	0	0	0	0	0	96	0	0	0	0	0	0	0	0	0	0	0	0	0	0	0	0	0	0	0	0	0	0	0	0	0	0	0	0	0	0	0	0	0	0	0	0	0	0	0	0	0	0	0	0	0	0	0	0	0	0	0	0	0	0	0	0	500	0	0	0	0	0	0	0	0	0	0	0	0	0	0	0	0	0	0	0	0	0	0	500	0	0	0	0	0	0	0	0	0	0	0	0	0	0	0	0	0	0	0	0	0	0	0	0	0	0	0	
0	0	0	0	0	0	0	0	0	0	0	0	0	0	0	0	0	0	0	0	0	0	0	0	0	0	0	0	0	0	0	0	0	0	0	0	0	0	0	0	0	0	0	0	0	0	0	0	0	0	0	0	96	0	0	0	0	0	0	0	0	0	0	0	0	0	0	0	0	0	0	0	0	0	0	0	0	48	0	0	0	0	0	0	0	0	0	0	0	0	0	0	0	0	0	0	0	0	0	0	0	0	0	0	0	0	0	0	0	0	0	0	0	0	0	0	0	0	0	48	
0	0	0	0	0	0	0	0	0	0	0	0	0	0	0	0	0	0	0	0	0	0	0	0	0	0	0	0	0	0	0	0	0	0	0	0	0	0	0	0	0	0	0	0	0	0	0	0	0	0	0	0	0	0	0	0	0	0	0	0	192	0	0	0	0	0	0	0	0	0	0	0	0	0	0	0	0	0	0	0	0	0	0	0	0	500	0	0	0	0	0	0	0	0	0	0	0	96	0	0	0	0	0	0	0	0	0	0	0	192	0	0	192	0	0	0	0	0	0	0	
0	0	0	0	0	0	0	0	0	0	0	0	0	0	0	0	0	0	0	0	0	0	0	0	0	0	0	0	0	0	0	0	0	0	0	0	0	0	0	0	0	0	0	0	0	0	0	0	0	0	0	0	0	0	0	0	0	0	0	0	0	0	0	0	0	0	500	0	0	0	0	0	0	0	0	0	0	0	0	0	0	0	0	0	500	0	0	0	0	0	0	0	0	0	0	0	0	0	0	0	0	0	0	0	0	0	0	0	0	0	0	0	0	0	0	0	0	0	0	0	
0	0	0	0	0	0	0	0	0	0	0	0	0	0	0	0	0	0	0	0	0	0	0	0	0	0	0	0	0	0	0	0	0	0	0	0	0	0	0	0	0	0	0	0	0	0	0	0	0	0	0	0	0	0	0	0	0	0	0	0	0	0	0	0	0	0	0	0	0	0	0	500	0	0	0	0	0	500	0	0	0	0	0	0	0	0	0	0	0	0	0	0	0	0	0	0	0	0	0	96	0	0	0	0	0	0	0	0	0	0	0	0	0	0	0	0	0	0	0	0	
0	0	0	0	0	0	0	0	0	0	0	0	0	0	0	0	0	0	0	0	0	500	0	0	0	0	0	0	0	0	0	0	0	0	0	0	0	0	0	0	0	0	0	0	0	0	0	0	0	0	0	0	0	0	0	0	0	0	0	0	0	0	0	0	0	0	0	0	0	0	0	0	0	0	0	0	0	0	0	0	0	0	0	0	0	0	0	0	0	0	0	0	0	0	0	0	0	0	0	0	0	0	0	0	0	0	0	0	0	0	0	0	0	96	0	0	500	0	0	0	
0	0	0	0	0	0	0	0	0	0	0	0	0	0	0	0	0	0	0	0	96	0	0	0	0	0	0	0	0	0	0	192	0	0	0	0	0	0	0	0	0	0	0	0	0	0	0	0	0	0	0	0	0	0	0	0	0	0	0	0	0	0	0	0	0	0	0	0	0	0	0	0	0	0	0	0	0	0	0	0	0	0	0	0	0	0	0	0	0	0	0	0	0	0	0	0	48	0	0	0	0	0	0	0	96	0	0	0	0	0	0	0	0	0	0	0	0	0	0	0	
0	0	0	0	0	0	0	0	0	0	0	0	0	0	0	96	0	0	0	0	0	0	0	0	0	0	0	0	0	0	0	0	0	0	0	0	0	0	0	0	0	96	0	0	0	0	0	0	0	0	0	0	0	0	0	0	0	0	0	0	0	0	0	0	0	0	0	0	0	0	0	0	0	0	0	0	0	0	0	0	0	0	0	0	0	0	0	0	0	0	0	0	0	0	0	0	0	0	0	0	0	0	0	0	0	0	0	0	0	0	0	0	0	0	0	0	0	0	0	0	
0	0	0	0	0	0	0	0	0	0	0	0	0	0	0	0	500	0	0	0	0	0	0	0	0	0	0	0	0	0	0	0	0	0	0	0	0	0	0	0	0	0	0	0	0	0	0	0	0	0	0	0	0	0	0	0	0	0	0	0	0	0	0	96	0	0	0	0	0	0	0	0	0	0	0	0	0	0	0	0	0	0	0	0	0	0	0	0	0	0	0	0	0	0	0	0	0	0	0	0	0	0	0	0	0	0	0	0	0	0	0	0	0	0	0	96	0	0	0	0	
0	0	0	0	0	0	0	0	0	0	0	0	0	0	0	0	0	0	0	0	0	0	0	0	0	0	0	0	192	0	0	0	0	0	0	0	0	0	0	0	0	0	0	0	0	0	0	0	0	0	0	0	0	0	0	0	0	0	0	0	0	0	0	0	0	0	0	0	0	0	0	0	0	0	0	0	0	0	0	0	0	0	0	0	0	0	0	0	0	0	0	0	0	0	0	0	0	48	0	0	0	0	0	0	0	0	0	0	0	0	0	0	0	0	0	0	0	0	0	0	
0	0	0	0	0	0	0	0	0	0	0	0	0	0	0	0	0	0	0	0	0	0	0	0	0	0	0	0	0	0	0	0	0	0	0	0	0	0	0	0	0	0	0	0	0	0	0	0	0	0	0	0	0	0	0	0	0	0	0	0	0	0	0	0	0	0	0	0	0	96	0	0	0	0	0	0	0	0	0	0	0	0	500	0	0	0	0	0	0	0	0	0	0	0	0	500	0	0	0	0	0	0	0	192	0	0	0	0	0	0	0	0	0	0	0	0	0	0	0	0	
0	192	0	0	0	0	0	0	0	0	0	0	0	0	0	0	0	0	192	0	0	0	0	0	0	0	0	0	0	0	0	0	0	0	0	0	0	0	0	0	0	0	0	0	0	0	0	0	0	0	0	0	0	0	0	0	0	0	0	0	0	0	0	0	0	0	0	0	0	0	0	0	0	0	0	0	0	0	0	0	0	0	0	0	0	0	0	0	0	0	0	0	0	0	0	0	0	0	0	0	0	0	0	0	0	0	0	0	0	0	0	0	0	0	0	0	0	0	0	0	
0	0	96	192	0	0	0	0	0	0	0	0	0	0	0	0	0	0	0	0	0	0	0	0	0	0	0	0	0	0	0	0	0	0	0	0	0	0	0	0	0	0	0	0	0	0	0	0	0	0	0	0	0	0	0	0	0	0	0	0	0	0	0	0	0	0	0	0	0	0	0	0	0	0	0	0	0	0	0	0	0	0	0	0	0	0	0	0	0	0	0	0	0	0	0	0	0	0	0	0	0	0	0	0	0	0	0	0	0	0	0	0	0	0	0	0	0	0	0	0	
0	0	0	0	0	0	0	0	0	0	0	0	0	0	0	0	0	0	0	0	0	0	0	0	0	0	0	0	500	0	0	0	0	0	0	0	0	0	0	0	0	0	0	0	0	0	0	0	0	0	0	0	0	0	0	0	0	0	0	0	0	0	0	0	0	0	0	0	0	0	0	0	0	0	0	0	0	0	0	0	0	0	0	0	0	0	0	0	0	0	0	0	500	0	0	0	0	0	0	0	0	0	0	0	0	0	0	0	0	0	0	0	0	0	0	0	0	0	0	0	
0	0	0	0	0	0	0	0	0	0	0	0	0	0	0	0	0	0	0	0	0	0	0	0	0	0	0	0	0	0	0	0	0	0	0	0	0	0	0	0	0	0	0	0	0	0	0	0	0	0	0	0	0	0	192	0	0	0	48	0	0	0	500	0	0	0	0	0	0	0	0	0	0	0	0	0	0	0	0	0	0	0	0	0	0	0	0	0	48	0	0	0	0	0	0	0	0	0	0	0	0	0	0	0	0	0	0	0	0	0	0	0	0	0	0	0	0	0	0	0	
0	0	0	0	0	0	0	0	0	0	0	0	0	0	0	0	0	0	0	0	0	0	0	0	0	0	0	0	0	0	0	0	0	0	0	0	0	0	0	0	0	0	0	0	0	0	0	0	0	0	0	0	0	0	0	0	0	0	0	0	0	0	0	0	192	0	0	0	0	0	0	0	0	0	0	0	0	0	0	0	0	0	0	0	96	0	0	0	0	0	0	48	0	0	0	0	0	0	0	0	0	0	0	0	0	0	0	0	0	0	0	0	0	0	0	0	0	0	0	0	
0	0	0	0	0	0	0	0	0	0	0	0	0	0	0	0	0	0	0	0	0	0	0	0	0	96	0	0	0	0	0	0	0	0	0	0	0	0	0	0	0	0	0	0	0	0	0	0	0	0	0	0	0	0	0	0	500	0	0	0	0	0	0	0	0	0	0	0	0	0	0	0	0	0	0	0	0	0	0	0	0	0	0	0	0	0	0	0	0	0	0	0	0	0	0	0	0	0	0	0	0	0	0	0	0	0	0	0	0	0	0	0	0	0	0	0	0	0	0	0	
0	0	0	0	0	0	0	0	0	0	0	0	0	0	0	0	0	0	0	0	0	96	0	0	0	0	0	0	0	0	0	0	0	0	0	0	0	0	0	0	0	0	0	0	0	0	0	0	0	0	0	0	0	0	0	0	0	0	0	0	0	0	0	0	0	0	0	0	0	0	0	0	0	0	0	0	0	0	0	0	0	0	0	0	0	0	96	0	0	0	0	0	0	0	0	0	0	0	0	0	0	0	0	0	0	0	0	0	0	0	0	0	0	96	0	0	0	0	0	0	
0	0	0	0	0	0	0	0	0	48	0	0	0	192	0	0	0	0	0	0	0	0	0	0	0	0	0	0	0	0	0	0	0	0	0	0	0	0	0	0	0	0	0	0	0	0	0	0	0	0	0	0	0	0	0	0	0	0	0	0	0	0	0	0	0	0	0	0	0	0	0	0	0	0	96	0	0	0	0	0	0	0	0	0	0	0	0	0	0	0	0	0	0	0	0	0	0	0	0	0	0	0	0	0	0	0	0	0	0	0	0	0	0	0	0	0	0	0	0	0	
0	0	0	0	0	0	0	0	0	0	0	0	0	0	0	0	0	0	0	0	0	0	0	0	0	0	0	0	0	0	0	0	0	0	0	0	0	0	0	0	500	0	192	0	0	0	0	0	0	0	0	48	0	0	0	0	0	0	0	0	0	0	0	0	0	0	0	0	0	0	0	0	0	0	0	0	0	0	0	0	0	0	0	0	0	0	0	0	0	0	0	0	0	0	0	0	0	0	0	0	0	0	0	0	0	0	0	0	0	0	0	0	0	0	0	0	500	0	0	0	
0	0	0	0	0	0	0	500	0	0	0	0	0	0	0	0	0	0	0	0	0	0	0	192	0	0	0	0	0	0	0	0	500	0	0	0	0	0	0	0	0	0	0	0	0	0	0	0	0	0	0	0	0	0	0	0	0	0	0	0	0	0	0	0	0	0	0	0	0	0	0	0	0	0	0	0	0	0	0	0	0	0	0	0	0	0	0	0	0	0	0	0	0	0	0	0	0	0	0	0	0	0	0	0	0	0	0	0	0	0	0	0	0	0	0	0	0	0	0	0	
0	0	0	0	0	0	0	0	0	0	0	0	0	0	0	0	0	0	0	0	0	0	0	0	0	0	0	0	0	0	0	0	0	0	0	0	0	0	0	0	0	0	0	0	0	0	0	0	0	0	0	0	0	0	0	0	0	0	0	0	0	48	0	0	0	0	0	0	0	0	0	0	0	0	0	192	0	0	0	0	0	0	0	0	0	0	0	0	0	0	0	0	192	0	0	0	0	0	0	0	0	0	0	0	0	0	0	0	0	0	0	0	0	0	0	0	0	0	0	0	
0	0	0	0	0	0	0	0	0	0	0	0	0	0	0	0	0	0	0	0	500	0	0	0	0	0	0	0	0	0	0	500	0	0	0	0	0	0	0	0	0	0	0	0	0	0	0	0	0	0	0	0	0	0	0	0	0	0	0	0	0	0	0	0	0	0	0	0	0	0	0	0	0	0	0	0	0	0	0	0	0	0	0	0	0	0	0	0	96	0	0	0	0	0	0	0	0	0	0	0	0	0	0	0	0	0	0	0	0	0	0	0	0	0	0	96	0	0	0	0	
0	0	0	0	0	0	0	0	0	0	0	0	0	0	0	0	0	0	96	0	0	0	0	0	0	0	0	0	0	0	0	0	0	96	0	0	0	0	0	0	0	0	0	0	0	0	0	0	0	0	0	0	0	0	0	0	0	0	0	0	0	0	0	0	0	0	0	0	0	0	0	0	0	0	0	0	0	0	0	0	0	0	0	0	0	0	0	0	0	0	0	0	0	0	0	0	0	0	0	0	0	0	0	0	0	0	0	0	0	0	0	0	0	0	0	0	0	0	0	0	
0	0	0	0	0	0	0	0	0	0	0	0	0	0	0	0	0	0	96	0	0	0	0	0	0	0	0	0	0	0	0	0	0	500	0	0	0	48	0	0	0	0	0	0	0	0	0	0	0	0	0	0	0	0	0	0	0	0	0	0	0	0	0	0	0	0	0	0	0	0	0	0	0	0	0	0	0	0	0	0	0	0	0	0	0	0	0	0	0	0	0	0	0	0	0	0	0	0	0	0	0	0	0	0	0	0	0	0	0	0	0	0	0	0	0	0	0	0	0	0	
0	0	0	0	0	0	0	0	0	0	0	0	0	0	500	0	96	0	0	0	0	0	0	0	0	0	0	0	0	0	0	0	0	0	0	0	0	0	0	0	0	0	0	0	0	0	0	0	0	0	0	0	0	0	0	0	0	0	0	0	0	0	0	0	0	0	0	0	0	0	0	0	0	0	0	0	0	0	0	0	0	0	0	0	0	0	0	0	0	0	0	0	0	0	0	0	0	0	0	0	0	0	0	0	0	0	0	0	0	0	0	0	0	0	0	0	0	0	0	0	
0	0	0	500	0	0	0	0	0	0	0	0	0	0	0	0	0	0	0	0	0	0	500	0	0	0	0	0	0	0	0	0	0	0	0	0	0	0	0	0	0	0	0	0	0	0	0	0	0	0	0	0	0	0	0	0	0	0	0	0	0	0	0	0	0	0	0	0	0	0	0	0	0	0	0	0	0	0	0	0	0	0	0	0	0	0	0	0	0	0	0	0	0	0	0	0	0	0	0	0	0	0	0	0	0	0	0	0	0	0	0	0	0	0	0	0	0	0	0	0	
0	0	0	0	0	0	0	0	0	0	0	0	0	0	0	0	0	0	192	0	0	0	0	0	0	0	0	0	0	0	0	0	0	0	0	0	0	0	0	0	0	0	0	0	0	0	0	0	0	0	0	0	0	0	0	0	0	0	0	0	0	0	0	0	0	0	0	0	0	0	0	0	0	0	0	0	0	0	0	0	0	0	0	0	192	0	0	0	0	0	0	0	0	0	0	0	0	0	0	0	0	0	0	0	0	0	0	0	0	0	0	0	0	0	0	0	0	0	0	0	
0	0	0	0	0	0	0	0	0	0	0	0	0	0	0	0	0	0	0	0	0	0	0	0	0	0	0	0	0	0	0	0	0	0	0	0	0	0	0	0	0	0	0	0	0	0	0	0	0	0	0	0	0	0	0	0	0	0	0	192	48	0	0	0	0	0	0	0	0	0	0	0	0	0	0	0	0	0	0	0	0	0	0	0	0	0	0	0	0	0	0	0	0	0	0	0	0	0	0	0	0	0	0	0	0	0	0	0	0	0	0	0	0	0	0	0	0	0	0	0	
0	0	0	0	0	0	0	0	0	0	0	0	0	0	0	0	0	0	0	0	0	0	0	0	0	0	0	0	192	0	0	0	0	0	0	0	0	0	0	0	0	0	0	0	0	0	0	0	0	0	0	0	0	0	0	0	0	0	0	0	0	0	0	0	0	0	0	0	0	0	0	0	0	0	0	0	0	0	48	0	0	0	0	0	0	0	0	0	0	0	0	0	0	0	0	0	0	0	0	0	0	0	0	0	0	0	0	0	0	0	0	0	0	0	0	0	0	0	0	0	
0	0	0	0	0	500	0	0	0	0	0	0	0	0	0	0	0	0	0	0	0	0	0	0	0	0	0	0	0	0	0	0	0	0	0	0	0	0	96	0	0	0	0	0	0	0	0	0	0	0	0	0	0	0	0	0	0	0	0	0	0	0	0	0	0	0	0	0	0	0	0	0	0	0	0	0	0	0	0	0	0	0	0	0	192	0	0	0	0	0	0	0	0	0	0	0	0	0	0	0	0	0	0	0	0	0	0	0	0	0	0	0	0	0	0	0	0	0	0	0	
0	0	0	0	0	0	0	0	0	0	0	0	0	0	0	0	0	0	0	0	0	48	0	0	0	0	0	0	0	0	0	0	0	0	0	0	0	0	0	0	0	0	0	0	0	0	0	0	0	0	0	0	0	0	0	0	0	0	0	0	0	0	0	0	0	0	0	0	0	0	0	0	0	0	0	0	0	0	0	0	0	0	0	0	0	0	0	96	0	0	0	0	0	0	0	0	0	0	0	96	0	0	0	0	0	0	0	0	0	0	0	0	0	0	0	0	0	0	0	0	
0	0	0	0	0	0	0	96	0	0	0	0	0	0	0	0	0	0	0	0	0	0	0	0	0	0	0	0	0	0	0	0	500	0	0	0	0	0	0	0	0	0	0	0	0	0	0	0	0	0	0	0	0	0	0	0	0	48	0	0	0	0	0	0	0	0	0	0	0	0	0	0	0	0	0	0	0	0	0	48	0	0	0	0	0	0	0	0	0	0	0	0	0	0	0	0	0	0	0	0	0	0	0	0	0	0	0	0	0	0	0	0	0	0	0	0	0	0	0	0	
0	0	0	0	0	0	0	0	0	0	0	0	0	0	0	0	0	96	0	0	0	0	0	0	0	0	0	0	0	500	0	0	0	0	0	0	0	0	0	0	0	0	0	0	0	0	0	0	0	0	0	0	0	0	0	0	0	0	0	0	0	0	0	0	0	0	0	0	0	0	0	0	0	0	0	0	0	0	0	0	0	0	0	0	0	0	0	0	0	0	96	0	0	0	0	0	0	0	0	0	0	0	0	0	96	0	0	0	0	0	0	0	0	0	0	0	0	0	192	0	
0	0	0	0	0	0	0	0	0	0	0	0	0	0	0	0	0	0	0	0	0	0	0	0	0	0	0	0	0	0	0	0	0	0	0	0	0	0	0	0	192	0	0	0	0	0	0	0	0	0	0	0	0	0	0	0	0	0	0	0	0	0	0	0	0	0	0	0	0	0	0	0	0	0	0	0	0	0	0	0	0	0	0	0	0	0	0	500	0	0	0	0	0	0	0	0	0	0	0	0	0	500	0	0	0	0	0	0	0	0	0	0	0	0	0	0	0	0	0	0	
0	0	96	0	0	0	0	0	0	0	0	0	0	0	0	0	0	0	0	0	0	0	0	0	0	0	0	0	0	0	0	0	0	0	0	0	0	0	0	0	0	0	0	0	0	0	0	0	0	0	0	0	0	0	0	0	0	0	0	0	0	0	0	0	0	0	0	0	0	0	0	0	0	0	0	0	0	48	0	0	0	0	0	0	0	0	0	0	0	0	0	0	0	0	0	0	0	0	0	0	0	0	0	0	0	0	0	0	0	0	0	0	0	0	0	0	0	0	0	0	
0	0	0	0	0	0	0	0	0	0	0	0	0	0	0	0	0	0	0	0	0	0	0	0	96	0	0	0	0	0	0	0	0	0	0	500	0	0	0	0	0	0	0	0	0	0	0	0	0	0	0	0	0	0	0	0	0	0	0	0	0	0	0	0	0	0	0	0	0	0	0	0	0	0	0	0	0	0	0	0	0	0	0	0	0	0	0	0	0	0	0	0	0	0	0	0	0	0	0	0	0	0	0	0	0	0	0	0	0	0	0	0	0	0	0	192	0	0	0	0	
0	0	0	0	0	0	0	0	0	0	0	0	0	0	0	0	0	0	0	0	0	0	0	0	0	0	0	0	0	0	0	0	0	0	0	0	0	0	0	0	0	0	0	0	0	0	0	0	0	0	0	0	96	0	0	0	0	0	0	0	0	0	0	0	0	0	0	0	0	0	0	0	0	0	0	0	0	48	0	0	0	0	0	48	0	0	0	0	0	0	0	0	0	0	0	0	0	0	0	0	0	0	0	0	0	0	0	0	0	0	0	0	0	0	0	0	0	0	0	0	
30	104	44	66	0	73	92	104	12	3	111	21	75	93	109	12	108	33	48	53	35	72	103	34	55	74	52	11	74	18	56	113	44	23	53	54	15	107	106	10	19	95	98	22	58	100	93	4	29	59	107	36	108	12	119	71	9	90	97	31	100	52	18	115	103	52	91	119	51	3	93	73	88	113	82	100	95	41	57	80	91	114	68	47	114	30	53	57	112	70	27	95	100	19	17	91	23	37	47	60	35	87	69	102	33	24	78	55	9	10	2	26	101	54	74	119	101	100	39	8	67	103	82	101	8	118	53	79	108	76	39	15	41	88	34	103	39	35	80	39	112	112	48	1	13	95	117	60	14	88	63	76	60	53	30	103	17	79	21	104	70	15	68	23	4	94	100	13	50	4	94	92	92	59	84	28	1	77	77	119	35	65	19	68	18	0	111	119	56	5	43	86	77	71	23	4	99	97	35	97	11	18	114	110	21	76	116	29	11	104	82	102	117	6	29	2	21	49	78	59	67	112	110	49	73	93	14	93	48	41	79	17	96	52	26	13	83	9	9	34	105	23	3	42	60	17	83	37	117	38	57	84	4	112	109	33	10	47	50	92	17	38	0	54	10	76	80	73	86	75	19	61	101	44	98	83	64	56	70	85	9	64	57	99	33	108	42	62	56	39	20	32	72	56	30	113	58	65	27	82	102	3	26	45	69	22	118	18	65	101	119	58	11	95	78	14	115	78	28	56	43	27	34	65	28	63	57	0	54	107	114	72	74	7	31	113	59	45	63	5	7	6	100	100	58	107	112	111	51	109	75	39	27	117	101	94	84	35	89	93	71	57	103	67	60	48	32	75	21	89	69	61	67	93	23	11	86	76	47	52	39	49	62	52	72	27	94	49	50	60	110	62	37	5	112	115	3	119	30	82	21	10	0	2	67	104	6	54	46	91	11	119	17	106	103	117	2	94	27	65	101	114	16	76	33	46	23	112	87	50	33	37	113	8	111	77	72	9	51	31	108	118	116	86	39	23	93	27	1	47	13	62	76	45	55	32	97	27	83	98	8	66	41	94	115	67	36	92	26	23	36	93	111	14	10	3	58	10	31	62	5	108	53	71	25	61	91	80	70	38	51	105	78	15	47	51	97	27	14	80	105	105	91	24	103	115	53	20	11	34	31	6	70	119	41	6	11	26	12	21	8	62	49	37	105	106	73	54	5	112	61	57	21	1	102	104	27	21	13	35	72	71	100	11	36	54	82	10	105	20	66	8	88	58	83	62	41	73	104	14	13	50	49	72	62	29	55	5	69	76	114	94	74	89	117	117	71	11	73	10	117	27	13	63	20	12	27	76	70	13	20	82	59	41	98	27	61	55	76	111	52	1	21	111	82	63	92	108	119	68	4	24	110	7	93	107	101	3	7	119	7	15	77	60	93	77	95	75	72	45	54	93	40	18	76	100	22	83	24	16	4	90	4	83	35	56	66	45	35	6	25	103	30	45	28	90	53	109	42	16	40	89	118	113	88	96	56	111	88	4	25	114	30	46	73	115	70	22	52	35	7	119	80	52	90	88	119	94	9	3	50	106	29	41	10	82	22	83	73	38	102	26	102	80	13	30	92	15	29	9	58	103	63	61	59	6	11	97	103	87	11	94	23	34	103	111	100	24	17	75	15	51	1	21	25	59	17	4	67	65	106	98	86	47	44	63	84	117	89	62	108	116	1	102	57	62	78	33	34	91	25	40	114	52	90	68	33	83	107	70	119	48	116	23	15	12	7	79	25	49	20	64	22	87	53	3	56	103	18	17	54	83	102	75	26	83	63	17	117	72	105	69	1	4	2	1	93	39	6	92	20	82	116	79	78	38	101	13	11	69	100	38	38	32	71	26	103	38	114	83	55	50	68	106	87	84	62	0	72	30	106	61	68	0	73	76	34	107	83	100	44	1	34	63	108	82	110	110	113	87	57	2	70	41	60	27	2	74	7	108	80	26	19	100	40	91	83	29	27	101	69	112	34	33	5	70	22	24	50	55	48	4	77	110	65	93	25	42	11	13	12	61	5	52	34	40	66	3	73	27	49	43	117	33	109	94	61	25	30	20	67	69	44	79	119	118	26	110	19	5	96	53	15	75	71	18	93	104	24	32	109	47	100	79	49	63	37	88	34	26	18	93	104	17	93	94	117	20	80	13	114	6	34	97	87	110	54	85	29	14	44	74	22	63	69	24	51	58	42	40	100	39	91	35	99	105	75	75	17	15	107	56	118	19	58	59	51	30	74	38	18	113	116	41	108	36	66	5	50	114	19	116	91	34	26	6	3	54	7	68	1	79	114	40	111	21	46	98	77	43	11	35	117	8	10	93	63	63	108	64	5	79	90	101	56	113	53	30	112	96	111	99	6	68	95	5	21	93	15	6	116	117	113	101	36	29	85	22	79	6	67	111	94	40	6	27	65	118	70	27	1	63	36	78	105	69	65	95	32	89	70	46	111	108	4	29	72	31	108	92	92	58	71	68	19	95	23	39	55	23	59	12	104	59	30	39	112	52	15	94	88	107	105	20	0	104	68	89	49	109	73	95	46	83	113	70	70	99	13	63	98	46	38	43	4	53	93	12	85	112	67	50	5	113	113	71	85	89	49	83	24	105	106	71	5	50	87	36	85	20	103	4	2	34	5	7	109	19	97	31	102	105	100	107	95	85	103	118	64	15	83	33	67	114	89	44	25	61	106	8	2	66	47	6	79	82	74	64	11	46	58	118	84	119	10	49	62	109	73	67	8	106	42	92	107	119	28	54	49	69	50	0	115	93	100	117	25	40	11	14	5	102	88	83	104	1	28	45	74	42	24	69	92	98	54	53	105	74	37	5	23	59	47	62	10	69	14	2	25	114	66	1	45	43	75	68	104	81	36	117	75	93	77	44	22	71	119	74	107	90	115	57	2	117	98	89	109	90	37	43	21	42	109	65	58	85	19	99	22	110	41	50	17	108	118	15	101	9	117	60	66	118	37	114	58	92	81	8	118	12	41	41	70	38	29	101	116	77	32	94	48	40	34	12	76	73	36	24	24	112	48	44	30	32	37	96	7	89	5	77	99	35	33	28	116	64	67	39	34	105	10	94	119	87	33	19	76	66	56	94	97	5	40	56	72	23	113	19	25	66	102	94	102	23	23	37	111	102	101	14	6	34	74	116	52	114	29	119	81	65	72	17	23	6	92	9	14	82	35	51	64	8	28	93	85	64	2	98	103	2	21	74	79	56	102	78	29	75	21	88	27	44	77	72	97	100	86	64	33	43	42	104	68	115	8	105	98	6	98	4	44	99	57	3	85	43	87	6	3	81	19	86	90	92	80	45	33	7	21	3	65	9	21	82	85	4	56	41	91	56	71	19	103	112	107	81	87	75	45	66	23	84	30	25	110	66	79	87	6	63	25	92	71	67	78	17	66	1	45	55	114	80	41	72	118	27	33	84	15	9	88	36	39	76	38	58	15	44	83	110	71	4	90	17	97	75	107	61	77	91	103	50	5	45	15	57	18	50	93	51	60	51	104	74	117	8	58	95	109	12	85	33	62	38	112	43	88	0	110	14	45	115	119	73	54	39	107	15	115	31	45	24	46	58	93	94	63	114	92	41	96	56	91	2	33	21	83	83	108	57	93	12	50	47	75	22	83	38	84	90	105	64	3	18	29	6	63	6	70	113	11	64	40	26	102	56	58	33	3	47	94	96	42	111	20	96	116	55	46	10	74	83	44	119	101	81	72	95	6	76	83	93	70	60	117	24	119	91	56	66	0	88	116	84	92	78	27	7	106	78	109	43	61	24	12	50	92	109	113	70	42	102	36	38	23	69	39	3	28	34	114	72	74	119	111	4	2	75	119	90	53	18	106	1	69	66	50	67	97	30	103	9	59	118	115	27	117	115	94	76	62	31	34	35	113	50	24	58	14	21	16	98	78	10	91	92	81	113	116	24	2	100	106	17	65	26	14	38	104	6	114	81	118	113	15	43	101	34	37	93	6	60	6	111	67	96	10	36	107	85	19	19	57	6	49	62	52	108	54	46	119	118	35	116	58	71	104	72	62	104	79	101	108	104	40	106	13	66	45	65	34	15	71	11	4	6	6	112	21	34	36	27	36	4	49	35	19	59	7	82	100	50	110	33	70	65	48	57	52	66	14	11	94	45	88	95	109	27	32	15	106	70	30	53	102	70	84	39	2	116	35	57	103	26	59	115	30	95	101	45	48	15	99	98	55	96	14	17	106	85	71	116	52	14	102	115	68	93	92	113	5	18	115	85	79	62	116	74	91	106	23	55	26	64	6	53	37	80	25	87	21	108	74	13	115	12	66	63	72	113	9	95	21	52	81	14	20	71	106	5	28	18	110	45	80	119	38	94	39	22	74	51	92	112	83	51	55	110	115	96	105	34	19	91	75	4	108	68	54	78	77	110	83	87	74	0	115	98	18	68	63	80	103	115	65	17	65	70	104	78	58	78	46	24	66	59	21	25	27	79	69	9	102	12	14	1	75	8	3	35	116	63	4	39	41	17	74	95	60	54	30	82	85	105	25	91	86	105	4	27	8	39	49	1	115	30	63	24	81	30	104	73	50	55	86	59	80	83	8	9	19	83	73	36	14	8	41	51	31	75	17	41	113	29	10	95	61	30	109	60	12	56	67	11	110	20	85	45	36	51	92	49	0	14	1	90	27	21	94	32	69	58	58	101	56	23	72	81	13	99	39	37	68	47	2	3	118	46	113	35	93	7	100	118	74	61	54	22	69	103	71	91	32	23	8	110	12	110	114	112	17	92	87	99	56	92	46	72	20	101	49	54	83	41	26	0	57	73	112	6	85	110	94	2	104	72	116	116	36	26	18	101	18	91	27	30	42	53	71	9	6	41	31	22	47	16	116	95	13	26	55	52	9	18	34	38	101	55	28	22	82	107	31	70	88	71	93	118	97	19	77	96	118	82	42	84	63	11	20	75	117	0	4	94	19	26	18	119	87	50	89	102	93	73	25	60	36	7	51	19	29	71	81	3	74	72	106	38	76	4	80	84	75	107	85	22	73	0	56	37	118	51	76	27	116	28	16	104	52	117	15	21	30	79	65	116	52	99	79	29	14	81	82	41	70	60	59	2	100	27	27	56	26	8	107	69	97	52	108	112	73	0	0	20	44	116	46	106	114	11	105	97	61	108	8	100	46	81	46	68	45	75	43	96	107	26	63	11	115	9	77	110	43	119	117	64	119	46	16	12	78	39	47	26	49	43	108	52	58	11	54	2	90	0	119	61	65	82	65	23	89	99	43	24	27	76	8	49	95	86	95	108	14	17	43	89	34	104	20	49	60	82	75	78	60	17	1	103	76	14	111	0	93	66	118	103	87	94	39	15	12	74	60	56	92	48	84	84	73	25	113	115	99	6	117	94	20	88	72	23	92	40	90	109	70	110	78	44	32	12	92	114	77	99	21	10	22	92	58	36	116	16	20	50	7	8	60	76	16	76	75	83	41	6	3	8	75	95	35	101	62	56	46	18	92	34	99	9	110	13	93	97	100	44	115	118	79	46	24	54	2	61	20	84	3	18	88	96	54	101	109	75	114	65	20	111	8	77	62	76	42	11	53	68	89	84	32	118	29	105	17	70	40	26	34	50	26	34	106	37	69	104	68	111	2	14	32	81	1	77	30	5	20	70	73	91	27	106	9	84	24	33	31	26	67	61	100	13	54	31	66	118	58	80	40	7	31	1	64	64	15	11	4	74	90	38	27	79	90	84	56	39	8	46	82	75	36	13	4	13	31	106	86	117	92	117	9	28	26	113	6	100	2	93	102	69	78	115	50	72	102	116	51	23	53	104	42	10	113	90	97	74	22	105	47	73	98	71	119	103	41	85	104	101	10	44	93	29	54	53	14	95	8	48	116	60	94	72	32	109	4	36	19	108	81	118	70	18	38	30	114	118	29	7	112	91	111	88	97	89	68	52	39	58	110	90	9	70	77	28	66	38	19	58	9	35	41	7	33	103	79	90	2	11	46	86	37	110	113	74	106	59	70	80	4	114	105	88	100	85	57	77	9	67	95	118	77	0	70	85	73	114	44	92	23	28	37	65	118	70	95	96	17	90	6	1	47	63	57	28	27	8	106	59	109	118	57	87	102	33	8	105	55	90	119	18	57	106	64	26	5	3	107	115	68	77	42	15	39	42	22	116	23	113	31	78	14	85	79	45	83	55	15	25	113	63	119	85	0	14	64	64	48	53	100	116	12	70	12	105	100	97	80	82	113	79	26	102	76	18	115	80	22	82	51	63	0	56	115	5	76	46	101	34	9	20	10	65	97	91	90	113	118	13	39	21	31	58	34	100	63	59	91	47	46	42	44	65	85	111	53	10	61	91	0	18	22	56	13	51	92	62	110	22	85	62	76	28	43	74	111	46	95	2	80	44	35	79	66	9	118	19	100	60	58	86	55	7	81	65	61	51	107	118	7	24	16	45	29	57	11	39	72	29	60	117	27	46	108	113	61	109	116	44	79	19	93	37	99	72	73	87	98	39	23	66	76	119	17	96	67	106	73	113	111	25	70	86	98	5	27	40	77	86	80	105	64	79	29	113	60	71	109	34	52	96	96	52	31	11	111	24	14	1	99	79	51	114	21	43	15	33	39	28	66	45	0	108	109	112	2	107	11	107	79	50	115	86	78	106	46	52	42	93	54	100	99	99	68	48	17	38	64	97	15	102	92	72	117	92	40	78	4	41	14	19	101	55	111	90	90	22	67	82	58	87	3	109	71	76	98	28	67	85	78	39	93	52	91	17	88	88	40	73	35	69	6	25	65	73	95	90	18	71	28	85	39	55	53	18	17	42	92	20	57	114	106	82	24	31	7	86	31	2	44	65	103	101	52	92	82	24	5	47	95	44	3	13	112	19	29	37	63	37	116	9	108	27	106	74	47	71	24	25	59	113	110	38	88	58	94	75	47	52	40	66	97	103	46	98	39	12	97	5	82	85	97	75	100	90	8	111	52	84	86	40	53	85	77	64	118	93	69	72	66	77	8	113	16	22	103	68	51	66	90	33	83	106	107	74	33	109	114	32	38	102	1	100	27	77	112	15	65	100	41	42	33	3	93	29	101	91	108	3	44	86	64	75	72	116	89	103	35	110	9	63	5	45	81	62	94	115	41	91	57	8	75	88	62	110	119	47	102	93	15	6	2	118	83	113	35	42	101	8	98	115	118	51	80	49	38	4	15	118	47	28	94	82	105	60	39	62	30	117	36	51	110	47	69	67	91	117	106	38	86	6	110	54	23	92	17	42	32	40	44	110	73	34	56	0	84	45	94	19	2	112	15	15	115	93	116	85	32	61	55	119	100	65	71	69	21	26	63	41	23	8	46	10	57	77	63	19	68	19	90	5	99	104	39	8	76	0	17	85	75	27	104	93	94	33	109	66	57	76	105	84	59	118	30	84	69	29	3	68	2	69	42	60	24	78	117	53	59	96	27	89	58	5	23	104	6	6	96	83	65	84	9	92	92	104	2	3	39	74	116	49	60	45	72	88	75	8	7	80	6	5	18	26	38	69	58	64	27	81	48	42	119	33	30	81	66	71	83	47	38	93	42	3	75	50	58	1	83	87	70	103	103	47	6	32	71	81	91	13	77	104	70	77	33	11	47	91	29	92	26	119	1	28	29	67	95	51	2	79	104	68	74	52	44	70	95	28	101	3	112	86	115	44	56	110	112	114	62	42	61	29	85	21	114	112	69	47	81	18	22	106	82	37	11	62	23	58	60	44	80	58	19	93	87	117	119	51	61	61	82	70	82	92	13	16	80	73	50	89	71	46	8	114	73	83	18	52	86	99	15	113	56	93	50	57	40	51	27	54	54	70	99	95	60	7	59	15	82	119	92	103	26	102	79	23	21	55	77	64	75	41	79	27	94	86	78	10	38	70	20	21	37	116	0	29	35	0	93	52	58	106	83	2	3	36	2	97	110	47	85	112	28	100	28	58	24	115	112	104	33	15	106	2	72	55	19	17	79	29	12	46	71	2	14	59	64	71	3	16	52	36	34	118	27	4	94	111	15	46	30	11	88	100	37	11	104	87	51	105	8	71	49	21	64	15	7	64	26	46	104	36	6	110	52	105	118	88	45	104	19	85	82	11	5	54	53	90	70	67	95	70	14	95	82	16	95	9	77	58	73	67	51	85	54	118	28	0	15	82	112	70	100	82	18	119	111	93	50	21	32	101	25	72	25	83	8	49	115	64	96	58	38	93	91	67	3	34	64	61	12	81	65	41	66	11	88	25	86	65	20	94	48	20	88	31	1	117	52	47	51	36	72	102	79	99	111	22	53	75	65	94	63	53	23	42	117	82	58	104	9	74	83	83	76	48	44	75	102	51	100	34	105	21	117	111	37	63	105	86	4	90	15	109	95	94	114	111	62	29	34	44	50	73	15	29	37	41	12	20	48	102	49	49	75	107	7	102	96	64	79	67	56	45	42	41	59	52	90	41	83	62	38	101	40	52	32	77	12	78	10	2	15	111	116	110	43	22	86	1	65	93	35	109	25	37	27	33	13	15	79	96	5	44	56	83	35	84	47	25	47	17	21	61	59	60	83	24	64	110	10	74	6	104	91	4	87	35	96	111	19	87	80	77	12	46	94	6	98	41	34	27	88	73	52	110	12	31	63	55	73	91	11	103	112	80	17	32	66	21	2	74	15	116	95	14	48	54	33	37	47	115	10	113	85	94	113	59	50	6	65	106	24	61	105	9	79	108	52	89	34	68	1	65	71	62	11	60	49	42	2	74	73	59	95	69	95	48	75	53	109	75	79	115	92	108	44	73	92	38	67	103	38	48	77	14	13	29	68	119	71	92	119	36	112	71	49	53	63	38	65	12	29	92	114	89	92	96	68	69	85	93	80	90	32	42	7	55	7	113	26	104	75	58	18	75	108	0	0	91	35	26	85	80	90	18	50	68	106	105	57	38	3	104	81	98	79	24	29	102	7	26	5	53	107	38	73	111	4	62	60	101	93	107	14	57	12	70	8	83	53	112	27	13	31	65	80	30	107	83	24	74	67	119	4	119	112	6	38	40	98	1	117	117	51	17	100	95	83	102	114	56	12	83	82	24	111	55	76	40	68	76	112	2	21	2	41	86	34	44	39	22	85	9	51	41	86	84	94	106	15	92	9	2	33	115	118	104	68	49	68	39	18	89	54	40	35	114	99	114	57	7	78	81	45	71	102	27	31	43	14	114	104	118	54	88	67	64	7	46	78	25	58	59	21	99	96	90	63	79	66	116	117	102	41	24	25	33	30	113	60	96	91	32	54	46	15	92	49	10	117	112	78	62	52	12	29	75	111	66	39	105	70	114	38	75	34	109	99	112	91	93	118	106	84	18	41	74	5	61	45	57	96	112	18	23	52	50	90	103	115	15	29	40	111	21	5	12	71	15	74	36	30	109	22	41	3	105	25	59	25	11	117	53	48	60	83	110	56	85	35	56	100	64	103	108	60	117	72	115	33	14	30	21	101	83	74	109	87	77	46	98	89	109	91	86	109	117	81	66	66	29	34	118	67	31	63	29	55	67	72	6	41	18	6	27	57	37	100	53	96	94	56	45	70	13	14	4	30	68	93	98	89	34	46	42	22	42	107	11	79	29	61	15	101	59	84	39	18	5	50	67	29	60	119	102	89	10	77	31	69	79	45	56	116	4	119	34	94	35	53	46	36	28	103	116	87	41	79	23	0	25	85	22	16	15	51	3	32	116	106	15	97	47	2	27	45	107	77	63	27	17	83	86	30	104	14	39	117	3	55	76	107	3	46	118	56	103	44	86	20	10	44	44	114	13	37	114	106	7	112	98	77	43	15	107	76	42	106	110	89	99	68	46	115	97	107	91	28	5	26	77	62	86	58	94	8	119	76	47	61	88	32	1	5	3	31	93	40	112	68	67	113	112	61	21	24	93	86	28	54	103	62	65	20	15	110	13	11	46	72	33	36	38	29	93	49	64	85	115	65	115	98	5	79	82	100	97	74	29	53	27	21	78	102	35	39	69	7	17	19	67	81	47	33	113	39	111	90	17	103	47	15	75	117	3	97	41	0	11	17	51	65	63	48	74	91	65	104	39	52	74	24	92	48	59	59	113	13	29	8	8	31	88	18	33	85	47	57	13	73	81	109	69	67	96	9	3	69	21	101	71	79	40	34	27	27	36	97	70	113	56	51	67	51	86	74	11	58	103	85	38	14	52	110	117	113	102	39	25	4	101	39	92	15	3	49	30	91	81	53	16	66	40	92	116	117	25	70	42	92	29	54	27	9	12	12	113	37	64	18	44	64	34	31	118	43	59	61	6	56	36	29	95	32	78	25	58	35	113	0	38	19	23	93	6	113	49	64	83	13	56	57	92	65	53	83	68	117	48	86	116	115	4	35	115	91	24	91	44	111	78	111	40	16	71	72	14	38	20	32	57	106	69	46	89	79	108	84	88	51	83	4	30	74	64	78	92	51	87	34	116	56	16	51	70	25	11	9	75	79	19	29	77	13	55	104	60	50	65	19	105	31	114	47	13	118	74	29	66	104	4	118	56	37	15	52	41	111	69	14	109	54	7	55	45	36	6	118	35	34	10	22	14	112	6	103	106	71	9	18	61	66	93	96	18	8	43	114	105	82	91	89	28	34	88	6	115	9	113	90	55	95	33	94	97	5	87	52	91	118	77	51	5	113	99	86	41	23	84	12	62	18	47	8	96	75	102	114	77	98	10	11	24	57	116	116	17	0	93	22	9	81	5	114	34	84	110	89	20	28	106	100	57	95	32	5	104	0	33	19	93	16	8	9	94	96	92	86	62	48	112	13	5	17	19	101	60	21	95	1	5	85	69	9	0	9	13	70	94	115	90	89	57	60	91	91	65	36	74	5	7	84	112	25	117	111	78	14	11	3	28	46	26	20	84	3	44	73	88	109	97	115	119	84	19	52	107	19	73	61	20	2	6	62	69	50	10	65	37	92	23	86	118	113	101	119	105	66	101	93	103	104	17	72	89	4	1	49	31	24	46	107	28	75	106	29	79	104	85	64	114	94	8	86	110	88	37	104	115	94	92	22	36	64	6	34	104	89	36	4	73	1	8	6	64	113	75	56	110	67	4	36	28	30	6	67	74	92	97	21	90	70	31	44	101	118	104	72	12	107	37	99	88	56	112	54	106	101	88	81	10	58	41	62	2	10	49	101	3	5	75	64	102	20	87	95	12	16	95	4	21	59	34	24	36	92	36	75	8	61	43	55	115	71	114	76	6	44	49	116	98	59	2	47	23	47	44	119	7	8	18	21	100	63	69	81	29	92	37	5	91	98	99	25	41	1	8	15	15	18	30	56	93	31	29	36	61	39	47	52	32	84	19	51	111	0	36	103	18	66	43	28	92	101	40	65	108	88	4	63	108	46	24	113	77	39	78	85	56	116	22	87	78	22	9	37	15	118	105	35	109	13	78	96	113	76	25	109	60	92	4	45	31	7	71	102	18	84	43	28	112	38	114	38	112	60	28	61	36	49	50	43	21	61	54	17	108	16	80	103	105	5	41	15	103	36	83	89	21	46	94	39	77	60	115	90	96	72	100	42	14	49	41	73	106	81	3	103	67	50	4	110	91	83	36	54	67	119	84	9	52	45	14	56	47	48	58	67	20	56	17	44	45	102	92	75	76	91	77	50	64	56	61	65	114	78	11	82	13	30	114	46	80	82	74	37	102	17	93	25	78	30	59	26	106	104	13	106	34	74	68	42	81	35	50	34	30	118	7	52	28	3	77	24	82	51	60	24	106	71	13	28	12	112	10	30	43	55	58	111	70	45	9	15	95	116	117	88	39	83	41	26	87	53	13	7	24	57	18	95	26	114	90	20	32	55	21	15	65	75	37	24	31	6	50	41	67	57	61	34	117	93	39	61	48	43	66	51	115	116	94	60	72	10	116	58	112	108	6	29	36	44	84	31	13	76	104	56	91	91	25	66	9	36	27	102	110	111	28	100	100	101	79	109	107	14	116	92	102	21	4	24	36	82	9	82	104	14	83	4	25	115	51	111	25	24	35	91	8	7	59	98	57	18	4	60	83	112	16	51	88	60	39	55	42	77	66	106	47	62	19	69	83	7	42	8	38	73	104	85	80	101	63	108	91	108	23	95	112	87	81	15	48	79	23	68	28	30	57	48	44	99	64	59	99	0	30	47	0	47	19	36	61	31	80	60	42	19	38	40	34	43	95	32	77	104	116	118	75	59	12	98	62	21	10	54	63	95	54	59	23	82	50	1	30	39	14	33	7	95	99	77	65	108	99	46	14	117	94	37	47	45	85	66	85	51	9	110	64	66	20	91	59	50	110	34	85	4	25	83	80	1	109	16	53	42	11	1	93	16	4	0	32	116	66	30	81	87	93	51	63	34	87	105	100	79	112	88	89	61	9	26	110	79	91	47	94	92	88	82	24	31	112	73	6	32	101	31	17	8	55	45	42	112	31	27	98	57	94	107	113	76	22	54	74	98	95	116	36	20	2	103	25	52	89	71	50	33	116	30	111	45	37	52	99	66	19	43	37	96	73	20	23	55	72	95	50	66	16	46	95	65	42	9	78	77	87	66	26	119	9	81	90	88	88	0	64	17	85	96	13	76	98	17	26	8	87	101	23	95	13	4	119	99	110	104	25	107	18	105	23	58	58	2	50	24	104	81	50	86	12	17	106	5	71	35	97	46	91	16	82	82	0	72	84	26	111	92	72	23	34	30	9	82	49	95	87	77	5	111	18	39	72	88	52	3	18	18	78	64	116	15	81	9	7	56	77	70	85	37	85	71	55	8	80	79	28	73	40	30	63	34	70	117	56	28	59	69	105	39	80	48	74	36	101	13	60	
40	67	53	27	119	8	0	13	2	78	61	62	61	18	50	52	38	72	41	50	88	86	50	38	18	112	48	78	88	84	10	53	0	22	75	81	22	116	96	16	46	66	0	93	88	14	38	71	38	116	112	1	63	50	83	82	111	29	115	21	99	17	15	33	89	99	18	105	29	25	25	84	52	15	67	69	83	27	99	43	16	26	95	49	46	96	4	30	13	2	63	38	95	14	36	37	3	17	106	2	69	39	28	9	82	13	15	14	95	33	106	112	26	8	112	99	95	54	55	19	27	1	12	31	12	45	59	91	38	103	107	36	78	22	95	47	57	12	85	72	61	104	57	70	6	7	33	61	17	13	107	82	75	112	74	34	34	68	83	98	2	79	5	111	104	45	99	101	41	100	19	19	27	89	65	53	10	7	92	72	107	62	31	1	100	57	0	69	89	45	100	89	79	32	40	10	91	78	40	85	90	13	58	15	58	82	3	86	87	81	39	45	71	39	69	34	37	42	32	26	112	63	110	82	77	42	92	119	95	80	22	22	21	63	74	76	91	28	109	79	54	75	4	114	67	33	92	83	56	29	41	71	33	89	105	108	59	76	25	101	44	27	53	56	112	98	68	107	44	31	17	49	85	78	90	80	33	5	91	62	92	104	19	94	35	85	69	62	67	96	71	100	114	111	117	83	76	78	30	10	110	43	77	20	110	58	48	63	31	49	68	1	81	109	77	5	54	17	10	98	36	77	118	27	113	60	86	15	73	99	73	58	90	32	42	24	71	88	0	112	119	111	13	21	78	18	97	70	10	87	39	111	30	91	30	20	105	82	89	116	47	1	69	19	46	86	41	85	26	14	48	113	96	45	32	51	13	16	78	64	94	22	22	4	97	105	47	102	26	16	108	42	47	104	27	53	27	45	48	100	13	53	90	99	25	60	12	105	61	88	4	26	108	21	86	59	61	89	41	57	36	72	16	73	15	8	41	64	90	109	73	99	106	29	92	95	76	117	64	81	45	64	106	86	115	54	103	43	82	2	4	37	87	89	61	97	0	49	112	60	49	14	98	107	103	46	72	3	71	62	62	17	15	42	34	34	43	87	57	107	96	51	56	57	100	43	99	34	50	67	8	89	81	81	12	28	61	57	12	88	60	96	117	50	18	92	3	16	68	82	68	37	47	78	61	31	17	118	18	20	109	22	66	31	115	20	40	118	45	28	34	15	98	60	108	77	109	64	29	54	6	118	16	88	111	42	27	94	15	58	50	70	106	2	44	54	85	56	52	49	101	48	0	46	0	48	29	16	114	44	87	54	32	50	5	59	88	47	58	38	14	55	60	106	103	95	63	46	56	21	49	94	47	77	32	86	56	13	110	5	80	114	59	46	76	72	43	80	42	36	34	7	86	76	62	31	21	13	115	31	76	3	32	19	57	84	8	39	88	52	105	74	62	0	64	40	81	38	113	70	21	107	67	16	31	83	25	93	52	100	73	41	74	90	103	97	61	27	34	58	26	3	13	113	118	32	94	74	87	22	89	36	89	91	37	99	25	51	85	92	116	60	47	100	112	114	16	112	113	115	116	29	44	67	73	40	55	40	20	46	46	111	98	12	54	92	48	39	12	60	106	44	30	117	38	112	119	51	17	88	31	68	0	113	72	93	23	112	57	2	76	98	117	40	4	29	100	53	92	92	40	70	80	93	88	95	38	101	32	101	91	57	117	95	36	95	53	47	118	2	43	116	21	24	6	115	39	102	19	72	65	58	53	41	15	31	115	90	40	83	25	113	119	36	52	42	106	109	34	10	93	84	79	112	79	79	0	78	83	17	11	108	55	64	83	69	7	114	31	70	42	98	27	53	91	47	13	102	88	60	81	63	78	32	100	60	17	54	35	3	8	37	115	8	78	24	90	113	65	14	20	107	37	34	111	114	1	115	62	11	88	100	112	52	56	100	41	58	69	87	47	105	46	73	29	102	110	89	106	15	59	115	11	57	17	51	67	24	79	24	1	89	96	6	73	75	26	81	64	72	98	80	84	95	77	23	48	101	47	27	83	110	102	73	58	0	103	37	80	111	94	46	20	65	2	48	18	74	102	112	0	56	112	67	89	63	100	30	100	93	97	118	70	102	66	39	98	24	37	32	95	103	23	85	41	17	28	3	117	26	42	103	16	104	95	70	0	87	93	5	9	53	36	9	113	95	63	31	67	81	68	52	30	72	112	37	6	26	56	24	65	20	80	80	42	50	46	115	96	25	63	94	71	55	88	102	37	49	101	80	21	35	61	1	62	114	114	47	85	68	76	13	37	6	79	65	21	108	71	96	81	76	2	72	94	66	13	52	10	35	36	90	1	70	6	24	16	69	22	25	92	104	82	115	91	81	46	76	1	0	65	47	11	79	22	82	6	54	43	11	96	39	5	85	77	42	32	23	58	25	66	108	84	92	72	106	33	86	95	23	37	44	116	110	62	4	3	38	119	90	50	106	95	4	102	89	58	31	3	31	117	63	8	96	110	1	32	19	41	107	97	59	59	97	119	71	33	49	57	83	113	40	26	19	71	34	88	6	0	13	32	72	26	21	70	117	112	31	88	116	57	97	35	73	18	104	60	65	118	72	48	0	44	95	91	13	72	81	83	100	71	52	117	34	55	116	21	75	20	30	106	70	3	33	47	95	73	47	58	11	116	24	103	47	88	94	5	104	42	105	71	35	96	12	19	85	37	68	94	11	8	87	84	10	62	1	108	39	42	8	97	47	99	112	96	15	69	15	104	84	21	82	52	75	113	85	82	105	21	77	31	51	14	40	16	86	49	74	97	31	100	65	56	67	99	58	10	47	27	57	44	88	81	99	26	4	75	111	59	22	61	103	74	116	92	98	12	83	14	101	16	112	62	68	57	113	67	77	93	49	18	60	41	22	22	102	98	86	22	73	76	84	94	10	101	94	52	101	74	33	11	48	95	59	98	95	91	79	53	0	89	52	106	111	103	45	28	74	26	112	18	45	118	75	41	102	105	17	68	18	64	65	98	4	80	14	31	116	22	111	104	45	118	63	99	52	94	45	27	95	43	92	112	106	65	35	100	115	71	37	78	39	0	97	81	42	98	11	37	89	97	119	52	42	60	116	53	98	14	54	84	117	29	65	118	104	30	92	64	1	5	43	16	29	88	26	26	16	20	56	35	112	62	113	49	89	19	114	24	81	95	95	117	4	88	55	93	7	3	38	118	105	12	73	59	60	98	5	108	8	72	79	91	15	44	11	47	25	107	80	59	88	97	66	63	60	108	78	93	23	97	17	68	9	101	16	16	101	28	48	6	104	21	78	12	0	19	79	93	49	91	48	96	89	12	6	106	28	73	38	46	104	80	53	99	58	6	32	61	118	104	60	26	17	90	94	101	49	114	91	5	11	77	33	78	51	64	43	62	94	103	87	17	106	49	42	20	76	97	25	12	64	84	74	102	92	41	32	56	116	83	73	70	117	64	58	45	45	21	89	91	1	63	9	52	101	10	24	5	47	4	3	43	35	74	104	44	31	113	26	36	39	37	56	112	89	36	29	61	41	115	55	25	61	79	60	80	65	76	15	111	35	80	7	92	111	80	63	34	51	41	110	104	36	96	55	59	6	1	97	62	6	98	71	24	10	16	32	53	78	119	39	34	24	78	51	85	21	96	87	114	1	83	66	70	57	3	104	87	83	63	45	88	28	82	56	24	40	2	61	3	108	12	0	63	86	116	48	80	83	104	97	115	71	93	31	117	80	112	105	3	34	102	3	91	66	59	26	89	111	13	59	3	115	105	42	12	69	68	22	11	26	114	91	76	118	73	38	52	55	78	84	1	65	118	18	119	82	29	5	27	86	57	49	107	59	47	77	58	62	44	101	55	50	108	118	55	95	30	109	53	88	117	55	112	34	87	97	108	43	112	16	6	39	118	57	116	36	62	113	18	23	45	93	21	4	88	67	114	96	59	30	55	1	100	52	48	4	24	26	106	37	52	93	90	49	85	106	86	118	23	78	66	33	64	7	91	86	44	96	63	82	42	63	114	4	37	97	97	78	27	84	49	23	81	11	95	92	60	92	81	41	48	92	11	68	91	113	75	33	98	94	76	22	98	106	29	71	31	96	74	90	103	38	113	91	87	42	70	8	44	55	38	117	18	76	30	80	119	76	27	29	112	93	83	114	90	77	114	35	90	71	29	6	116	34	114	80	54	81	69	117	21	11	115	82	30	44	57	37	29	32	5	59	88	118	27	79	28	113	56	113	70	40	25	36	74	111	108	77	94	34	21	27	119	104	25	16	98	29	29	35	51	13	55	73	17	71	67	14	15	119	30	15	90	42	102	19	73	36	23	44	95	52	118	57	82	118	48	7	79	55	115	18	59	43	3	48	18	97	37	109	50	117	86	71	32	92	92	34	1	91	43	68	41	39	32	65	30	77	0	7	101	18	17	90	51	27	15	56	85	109	103	102	119	13	47	7	7	96	43	59	90	43	88	117	44	11	75	2	83	5	65	112	29	70	24	83	20	115	28	65	88	113	75	71	108	69	80	33	15	84	2	44	91	43	110	30	104	119	55	76	98	54	44	42	109	107	73	86	87	76	91	44	29	30	15	97	11	78	115	107	39	66	27	79	118	5	28	9	93	29	28	15	89	112	7	5	78	41	90	65	114	62	26	79	10	116	93	29	51	57	103	63	73	80	61	19	50	56	20	21	11	116	42	19	33	106	115	81	64	24	20	101	95	97	11	3	33	36	4	65	115	28	84	3	4	24	24	55	119	115	29	34	82	52	41	56	58	38	72	118	52	56	40	34	36	93	84	32	96	60	43	54	69	25	113	9	64	40	100	29	77	80	103	7	74	109	73	85	28	67	46	76	48	65	76	80	42	59	79	7	65	85	20	85	24	70	8	39	116	42	104	43	44	94	58	22	83	54	74	76	71	97	94	43	37	67	57	71	114	33	34	6	66	16	117	4	107	61	72	55	42	52	86	43	4	60	62	54	117	41	100	108	43	24	22	99	19	86	56	103	2	32	15	118	77	3	24	116	64	20	104	23	73	80	109	4	85	12	59	63	56	93	79	37	73	0	23	92	107	26	111	8	60	88	68	71	104	71	35	46	14	100	42	33	89	52	93	117	39	85	89	8	116	114	76	55	31	41	17	110	51	23	39	2	46	97	10	65	21	117	88	112	68	86	69	51	81	98	102	8	89	62	104	99	65	16	17	10	22	59	60	113	84	117	17	45	73	83	18	61	58	51	110	35	100	112	112	31	43	9	64	107	117	97	32	63	7	46	71	101	62	78	89	69	94	92	107	106	14	79	26	33	97	10	36	24	100	100	109	67	94	40	42	16	114	93	41	99	70	6	70	66	119	2	30	50	66	76	110	15	107	107	84	62	0	34	52	45	78	56	115	113	98	105	86	70	80	65	75	49	118	31	54	96	89	87	76	32	110	109	83	109	97	64	14	108	9	12	84	51	9	5	58	23	62	106	11	108	7	39	62	0	31	25	87	47	76	12	27	103	99	87	88	108	105	102	98	20	2	94	70	19	20	108	1	119	84	69	113	92	15	54	58	40	41	19	97	111	81	27	59	95	41	34	54	100	9	117	46	116	85	57	56	27	105	19	106	7	59	16	80	108	88	117	119	8	20	31	12	24	94	43	109	104	49	102	37	37	43	21	20	5	16	62	100	45	7	4	84	1	91	85	88	118	98	14	53	114	80	92	24	98	100	84	111	90	97	67	86	23	69	79	82	15	37	3	25	23	93	77	94	83	51	74	80	97	53	24	44	77	109	98	53	68	115	62	114	13	82	81	31	10	96	73	41	107	2	17	110	66	117	39	74	78	53	1	98	116	64	34	20	105	83	73	35	16	115	105	62	81	109	41	25	86	117	28	74	119	49	24	69	119	61	27	87	83	104	0	85	25	117	86	37	37	10	48	34	29	100	13	3	14	56	97	13	92	114	80	3	28	40	41	60	44	55	63	60	64	60	113	97	30	91	67	22	83	2	49	90	59	62	34	114	28	28	34	57	114	89	29	102	26	89	90	21	34	82	61	51	95	49	114	62	93	98	8	49	90	51	99	28	82	1	88	89	75	33	108	78	1	40	3	89	89	74	76	6	50	21	27	115	30	62	29	35	61	18	63	29	17	29	94	22	66	30	79	97	3	56	111	13	73	80	43	118	50	109	32	81	66	106	3	60	71	93	9	66	13	83	119	34	66	56	66	1	83	19	15	82	19	87	67	44	50	82	35	19	3	64	84	45	43	96	11	61	56	13	69	106	39	45	87	112	92	4	38	29	100	89	56	92	85	15	112	100	28	36	20	74	21	61	33	73	70	94	68	64	75	62	115	75	105	24	1	79	47	105	28	26	87	112	105	64	48	64	46	118	79	63	14	105	80	82	23	111	105	102	79	108	94	111	57	29	45	11	116	103	18	119	75	56	3	80	60	44	116	115	117	32	51	28	49	50	21	17	71	85	109	111	74	16	75	34	33	32	74	112	95	0	95	30	75	47	64	105	64	97	1	30	5	11	32	57	13	75	50	96	79	53	51	0	71	78	104	70	65	3	31	94	92	74	5	86	44	63	94	67	37	39	39	58	78	112	110	24	67	117	8	65	80	69	17	3	100	117	23	91	67	8	6	69	2	13	60	31	21	32	77	79	99	38	70	63	8	29	118	39	113	113	95	42	99	63	96	110	58	60	30	80	61	94	69	29	88	105	107	97	16	2	85	11	58	23	54	46	67	59	30	87	40	109	40	29	30	98	1	83	106	77	103	47	65	85	86	86	24	54	4	52	68	45	85	104	42	64	79	117	31	19	39	57	16	51	49	8	26	93	58	25	10	119	80	103	109	29	0	112	65	28	62	0	73	81	47	110	83	82	113	37	44	83	9	59	41	105	91	101	104	2	5	63	36	97	43	0	99	94	34	115	2	91	8	61	63	46	50	21	77	13	4	30	10	52	4	87	43	89	118	58	62	103	32	55	102	85	78	97	50	111	22	79	93	43	52	100	45	4	62	69	64	41	64	97	81	119	0	11	31	57	106	1	29	102	108	16	98	10	35	20	1	114	43	115	9	68	33	3	61	116	43	22	52	87	21	116	33	82	77	72	27	67	8	40	37	45	74	41	62	48	104	0	82	54	72	105	13	102	31	3	14	84	81	96	81	93	83	72	10	6	83	15	72	45	38	49	111	110	24	20	3	6	31	45	83	99	71	40	3	73	21	84	40	77	16	60	38	116	90	85	44	68	98	86	54	48	37	26	33	112	31	56	82	70	118	26	30	65	6	32	18	37	85	6	42	39	63	16	85	84	10	28	31	74	82	38	5	21	93	77	68	106	64	28	65	47	103	57	65	119	71	81	65	49	54	1	54	18	48	93	109	53	51	19	3	73	12	96	61	2	39	80	1	22	89	50	114	112	64	1	102	87	9	59	58	47	32	77	91	70	74	35	30	80	53	43	96	18	86	26	23	57	89	37	94	42	67	0	3	83	90	106	27	16	3	86	20	78	90	90	65	3	93	74	104	99	96	100	102	67	33	46	25	112	92	50	12	88	87	104	117	15	30	3	114	90	31	26	94	78	78	48	0	1	73	98	115	39	28	71	45	45	45	50	84	105	0	1	19	110	115	1	1	75	74	38	33	109	59	111	58	111	83	55	31	112	102	83	87	76	65	66	62	1	98	23	0	98	21	8	28	30	104	50	45	81	80	98	42	9	41	108	71	105	64	111	72	40	19	38	52	34	31	70	63	109	32	70	29	13	12	57	53	23	31	5	27	88	118	55	43	93	64	11	36	108	103	88	26	65	34	73	26	82	22	92	73	66	55	85	75	32	35	26	119	32	94	89	89	32	54	21	70	51	103	43	83	64	47	106	37	3	106	61	41	26	118	114	116	40	7	46	43	84	75	29	19	107	15	61	25	80	70	99	18	66	104	84	3	21	104	29	9	46	83	114	113	51	47	17	96	96	88	79	75	106	84	57	7	62	8	43	89	58	24	67	30	58	49	6	67	35	1	105	77	106	45	112	26	85	9	33	37	40	35	49	84	40	31	109	108	67	26	26	74	21	114	20	20	83	20	57	53	42	52	78	43	16	80	47	59	64	100	43	75	49	38	77	86	48	2	59	114	64	46	1	117	8	62	78	2	92	88	93	104	98	104	60	42	54	36	31	94	45	32	29	10	60	74	25	105	72	70	17	50	103	18	82	8	85	82	112	10	119	108	114	11	11	13	59	90	45	112	64	58	82	13	112	98	119	103	30	53	42	99	105	50	7	31	35	13	59	16	4	66	107	42	119	32	85	82	51	107	45	30	11	79	104	3	52	3	51	85	69	67	12	34	73	27	55	54	78	26	113	62	105	68	112	96	102	78	8	57	52	108	102	117	118	69	47	98	82	109	25	116	20	57	48	97	35	6	65	53	90	88	57	70	55	46	70	112	46	44	68	17	38	7	24	101	10	44	95	10	64	88	95	28	117	40	68	113	109	1	99	101	70	88	66	118	77	26	29	65	87	84	89	33	9	51	3	62	47	44	57	67	119	76	78	21	118	48	17	66	41	45	95	55	12	56	76	64	53	22	44	18	81	101	7	83	85	40	79	88	101	77	99	5	7	97	23	79	8	105	64	28	77	42	91	113	27	10	14	98	94	76	53	69	28	110	110	6	18	118	76	27	44	55	38	8	81	55	112	34	36	107	23	80	83	17	33	4	106	108	66	70	72	75	111	64	40	25	93	10	32	52	42	70	116	10	58	52	91	102	34	87	72	87	72	84	49	112	96	49	19	8	39	58	106	58	34	85	117	101	14	54	15	4	33	67	70	70	87	105	30	22	86	92	102	67	25	105	105	112	95	86	101	92	108	40	78	35	110	91	3	17	40	108	79	117	105	113	16	27	62	7	26	71	82	2	4	64	60	119	113	34	72	92	119	25	91	86	83	36	35	57	65	23	115	11	88	47	66	40	67	32	29	78	56	33	71	33	11	118	103	87	67	36	97	20	59	72	35	54	17	95	104	57	57	30	55	91	50	65	100	56	111	103	53	46	118	60	110	25	4	117	92	95	85	15	92	84	47	15	115	22	95	98	15	57	82	61	20	75	69	77	16	1	4	23	62	119	93	56	21	66	93	101	81	96	49	4	119	118	69	8	37	72	79	87	55	27	28	30	74	45	25	98	108	91	114	56	0	17	93	37	93	108	39	79	0	74	61	9	108	96	116	65	88	42	88	76	48	46	111	64	33	80	30	40	73	37	73	106	28	60	111	43	15	7	59	89	39	101	115	71	2	99	67	91	75	37	114	91	42	81	107	74	65	27	84	47	79	57	114	85	80	104	17	82	89	83	47	20	111	26	97	86	80	88	36	111	64	2	28	42	92	102	112	94	114	96	51	14	70	102	107	9	101	109	60	67	12	56	109	32	49	47	113	79	56	37	22	35	102	31	72	67	8	59	14	11	100	6	51	103	94	20	45	30	27	35	96	12	65	23	115	21	19	21	41	80	88	19	16	9	13	86	109	68	93	50	37	104	87	85	84	81	87	27	56	44	18	82	14	78	78	62	66	11	71	12	115	106	114	3	4	47	76	5	19	79	43	34	68	31	11	52	14	108	105	75	4	83	18	113	36	41	92	14	75	35	27	5	85	70	68	75	112	55	117	6	42	115	26	90	85	63	48	117	81	72	76	12	1	51	84	74	51	45	52	79	12	107	57	70	65	114	16	76	94	71	71	39	41	87	90	76	95	95	118	119	37	12	64	37	47	84	22	52	36	114	4	113	119	12	103	64	53	7	117	87	53	104	97	82	18	21	58	62	82	33	53	26	2	58	117	0	14	85	17	23	5	32	5	76	26	22	87	59	51	37	74	82	116	59	29	93	84	51	108	26	54	28	13	45	80	9	51	108	15	96	109	59	55	63	112	56	86	33	71	32	41	93	57	22	29	86	34	26	119	91	47	39	115	95	62	10	39	1	42	81	48	4	10	16	66	111	19	5	60	77	112	53	17	85	8	116	31	99	47	103	106	43	59	68	25	28	16	16	103	58	18	7	114	81	1	86	39	88	15	27	50	59	11	91	105	38	89	74	1	104	118	46	55	45	64	91	8	90	42	31	32	91	44	86	69	111	16	117	76	10	44	67	65	113	78	2	51	97	2	113	37	6	70	45	69	7	6	50	72	56	70	6	50	118	46	46	41	118	112	85	66	21	35	99	90	32	3	98	93	36	45	74	34	86	63	78	28	83	52	51	88	80	51	31	45	42	73	86	22	6	113	54	113	33	42	84	115	72	80	100	97	16	25	35	87	118	48	103	43	39	28	45	42	65	25	73	9	15	77	56	4	39	59	0	90	62	114	110	30	33	119	110	69	45	117	94	86	8	67	82	108	29	101	119	53	26	48	91	46	52	98	35	100	113	15	11	3	20	76	17	57	43	54	73	115	36	19	81	13	18	55	109	102	75	87	3	1	117	64	55	36	67	80	119	76	28	27	47	69	43	94	13	69	15	71	85	113	19	25	93	110	54	75	26	9	83	34	15	118	9	1	44	99	75	63	20	29	48	40	68	64	43	113	58	67	91	88	107	57	11	73	83	16	18	57	31	76	84	5	5	28	69	27	34	107	108	119	66	87	61	94	50	85	44	54	8	49	48	50	105	65	29	89	25	74	63	56	86	49	85	50	44	99	91	86	88	52	70	48	96	114	106	21	65	10	62	99	47	1	46	6	40	3	111	11	112	38	86	7	53	47	8	104	115	83	98	106	72	46	104	34	88	110	81	94	81	72	9	57	39	33	101	18	0	117	34	14	81	35	109	80	118	62	107	111	52	83	113	31	65	89	108	5	113	75	9	31	66	39	29	113	65	34	117	16	66	25	71	25	10	56	38	90	7	85	48	111	61	109	50	21	19	53	113	17	27	113	42	105	100	8	18	73	75	109	7	54	92	93	116	118	108	87	23	93	57	6	101	40	104	24	36	28	29	50	23	14	22	105	76	20	31	105	16	106	54	16	17	62	23	75	74	83	88	119	89	32	101	40	44	81	28	68	110	92	65	72	102	36	74	41	15	72	59	75	31	45	66	108	68	102	83	89	97	114	52	47	5	69	105	67	19	36	40	1	50	29	78	119	5	20	23	34	11	78	32	38	104	48	95	18	56	104	104	113	82	9	65	89	57	19	39	86	60	96	94	39	119	15	35	71	14	28	68	84	88	84	30	115	1	52	85	104	5	2	55	41	59	82	104	115	15	65	101	91	69	61	45	70	108	114	34	32	24	109	59	71	30	27	29	40	3	114	20	112	67	93	22	99	45	4	7	15	29	9	21	65	64	115	100	94	35	6	18	114	59	79	83	91	93	83	101	70	118	48	92	48	19	74	86	37	73	86	111	12	117	42	117	24	76	65	93	87	51	107	91	85	23	106	100	32	61	68	94	70	26	31	29	17	3	111	95	89	45	26	1	105	69	83	119	64	8	89	110	56	51	0	84	49	67	22	70	7	94	39	96	30	103	112	31	20	60	22	2	21	98	102	11	56	30	78	113	64	118	2	1	115	69	103	87	6	81	99	81	14	79	42	67	71	13	105	75	47	70	109	29	59	24	20	111	80	25	66	53	18	76	100	93	23	0	95	67	60	104	41	109	38	50	6	95	65	28	75	111	92	81	54	9	74	88	66	19	64	68	118	33	45	28	71	97	116	115	32	104	99	32	32	97	71	30	3	20	5	44	63	108	33	101	39	30	65	72	66	56	10	81	44	15	17	108	91	111	50	80	106	45	107	17	112	31	1	43	81	50	9	85	11	34	95	35	114	60	34	113	59	79	13	70	11	85	53	118	95	93	41	30	109	84	84	74	97	94	52	113	49	25	62	63	88	89	47	41	93	52	83	12	116	38	80	76	83	77	19	72	21	5	97	116	113	84	22	109	51	30	104	32	81	33	52	114	119	1	119	8	42	108	86	23	39	22	85	116	67	93	26	108	44	54	90	4	46	116	41	41	22	31	29	48	2	34	84	30	30	90	56	88	119	53	49	43	10	0	18	84	21	79	82	24	92	87	12	77	84	30	5	110	67	65	60	73	100	4	36	67	110	84	107	65	29	95	78	112	79	50	113	22	0	17	50	78	109	66	86	118	35	25	34	115	0	92	75	19	63	15	21	17	63	71	14	83	69	91	51	7	60	21	9	64	59	93	52	52	15	77	90	33	75	69	0	82	110	87	59	14	68	35	39	24	66	12	11	47	37	119	74	110	11	2	57	4	8	49	79	92	1	82	119	77	20	9	23	34	93	4	20	98	65	32	75	104	45	105	104	107	7	20	33	94	107	63	19	96	22	79	3	101	109	48	61	49	54	39	95	107	5	58	62	55	87	86	7	49	49	79	38	32	25	2	42	88	35	61	118	5	36	29	63	110	34	54	20	87	97	22	96	93	30	81	65	20	78	45	68	3	31	22	46	94	21	26	83	10	101	77	113	116	108	101	5	17	80	70	108	94	85	22	2	23	80	49	29	19	86	109	18	110	29	14	6	77	49	58	38	5	103	69	118	99	45	29	76	84	47	62	93	101	82	14	69	19	115	34	51	75	64	6	90	34	108	15	40	13	55	67	25	81	115	6	12	92	31	6	20	105	6	104	79	118	16	88	33	8	47	12	17	108	42	56	34	39	77	1	10	39	77	13	30	47	55	105	26	5	113	1	84	102	119	51	65	64	63	75	22	6	68	54	40	118	93	107	83	29	110	52	37	57	68	96	59	21	101	68	26	103	109	100	6	93	81	102	37	74	31	62	20	37	106	18	0	33	17	7	117	20	16	8	114	100	69	45	98	52	76	113	26	43	74	33	33	100	76	107	2	62	103	27	35	4	89	111	1	101	6	76	9	52	100	77	111	64	
32	30	24	40	35	37	31	30	31	22	28	29	36	24	22	28	33	24	35	20	39	25	29	20	30	30	20	28	25	34	37	23	38	37	40	35	29	29	31	40	34	40	26	39	34	35	31	33	25	27	36	29	37	34	23	26	30	24	34	22	33	26	31	23	39	40	25	22	34	25	32	31	27	36	22	29	31	28	36	31	36	30	24	30	35	23	32	31	21	29	27	40	31	37	21	24	31	40	34	24	20	30	28	22	36	35	21	35	36	30	28	28	31	22	31	32	34	35	27	34	22	26	39	25	34	22	33	21	23	20	37	32	27	33	35	25	39	33	20	23	29	36	35	23	21	21	21	40	22	32	34	29	25	36	27	39	24	36	38	27	24	33	33	27	21	24	34	21	25	40	33	32	27	28	27	31	26	37	21	21	37	21	37	23	26	40	23	20	29	22	34	21	35	27	34	29	23	27	20	35	37	39	29	23	31	25	29	38	36	33	21	30	31	29	28	23	33	20	34	24	30	30	40	32	23	26	32	24	23	31	29	31	30	26	35	37	36	22	27	38	24	24	27	26	32	34	33	36	28	29	30	31	24	32	25	39	26	21	24	27	29	20	30	28	32	21	22	39	37	25	33	21	35	31	31	35	37	39	23	27	40	36	36	39	39	28	39	34	37	34	23	37	28	25	21	22	37	25	29	24	37	21	31	33	34	27	31	31	34	35	37	32	23	36	25	23	35	40	37	25	39	22	20	27	39	36	24	39	28	22	27	31	29	29	25	30	24	30	38	22	24	23	32	30	40	35	34	23	22	39	32	20	25	30	22	25	24	34	34	25	28	21	21	34	30	39	30	27	28	24	24	34	37	36	36	34	31	28	36	33	28	39	22	24	33	32	33	38	39	32	37	36	36	35	24	32	20	33	29	31	20	32	37	34	40	23	24	23	20	26	21	30	30	27	26	25	22	34	37	30	26	40	31	20	28	31	28	20	37	35	34	20	28	30	38	27	21	35	38	33	21	40	30	39	40	38	21	36	30	32	26	31	30	32	36	23	34	26	22	24	40	22	23	29	21	36	33	22	24	26	33	37	21	30	32	29	26	22	28	36	37	22	33	26	20	35	21	21	35	40	35	39	37	31	29	25	35	26	36	32	22	36	22	26	39	38	21	35	35	30	36	20	31	21	36	30	30	35	34	31	25	32	22	35	39	39	30	22	31	31	37	37	38	27	39	36	33	29	22	32	29	25	33	27	21	27	26	21	34	40	26	38	40	36	30	27	33	28	38	32	29	40	34	21	26	21	39	40	33	30	39	39	35	30	35	31	37	22	29	27	35	23	21	40	21	40	30	31	20	22	23	36	35	24	20	22	29	38	22	29	26	36	24	29	31	29	27	40	38	30	37	29	28	37	26	33	25	40	35	31	25	40	39	33	40	32	27	24	35	40	27	34	23	24	22	21	27	32	35	38	20	20	33	39	21	30	23	22	33	35	21	27	33	22	30	38	34	35	32	28	24	28	25	25	32	31	40	24	25	35	38	33	26	33	32	30	38	25	35	24	31	34	23	34	27	34	21	28	24	30	36	34	21	22	21	31	33	34	39	39	27	22	21	33	23	20	30	30	23	35	36	29	32	34	31	31	21	24	25	28	29	40	34	22	20	38	20	31	35	23	21	35	27	31	21	22	28	27	40	33	29	28	20	38	40	23	22	39	39	32	25	28	27	20	32	39	28	25	22	38	33	35	24	29	35	30	39	37	34	39	33	30	22	28	32	31	39	21	30	29	21	24	28	22	21	38	31	31	21	21	24	25	22	39	39	27	24	23	30	23	37	30	27	23	23	37	36	21	22	24	26	24	30	40	25	38	34	33	26	32	34	22	31	20	26	32	31	23	31	36	28	40	25	24	21	40	38	21	25	38	36	28	28	36	20	28	28	20	32	23	31	21	29	26	34	38	38	24	24	28	37	28	26	20	28	28	35	38	30	29	23	37	30	30	36	34	34	33	28	24	25	34	38	35	28	29	27	36	32	28	33	33	36	33	40	26	39	27	26	24	23	30	24	22	22	26	26	20	39	25	32	30	21	31	24	29	32	40	27	21	40	31	40	20	25	31	21	37	20	20	25	21	20	22	31	25	34	28	32	39	31	26	36	23	22	22	21	28	37	37	34	29	20	23	39	33	32	22	24	32	35	31	32	20	28	28	22	39	21	24	38	35	24	27	26	39	31	30	35	21	24	37	24	25	23	36	34	23	38	28	25	32	30	29	38	36	37	32	24	39	37	26	28	36	21	39	22	22	34	28	38	25	29	36	23	30	36	26	29	38	32	33	24	24	35	25	34	21	34	23	28	22	24	23	23	29	38	23	20	21	34	24	33	32	33	30	31	36	28	22	39	24	29	26	40	34	38	23	40	37	40	33	32	39	25	24	20	32	20	32	27	21	25	32	26	22	24	38	24	38	28	22	38	21	24	30	21	23	40	32	27	28	32	30	34	20	21	29	32	27	26	27	34	31	39	23	31	21	32	22	23	27	24	37	28	38	40	24	36	38	29	35	26	22	31	32	35	26	27	39	35	34	36	40	32	36	25	20	30	25	37	33	38	39	37	40	33	39	29	22	27	24	22	22	24	34	24	28	30	40	32	37	30	40	25	40	20	22	31	20	37	31	35	33	27	26	23	39	39	39	22	24	36	23	20	38	30	29	22	37	26	30	29	35	20	37	28	30	39	38	35	28	29	35	35	26	37	29	24	20	28	36	34	39	40	27	24	39	25	27	32	33	21	34	23	34	32	25	28	21	23	23	27	25	25	21	39	37	31	21	28	31	36	26	25	35	21	32	38	20	34	30	23	34	35	37	34	34	29	40	30	24	26	23	35	29	23	40	33	33	22	30	22	25	25	36	34	37	35	27	34	22	28	29	37	37	37	24	30	28	24	26	27	34	34	26	20	37	37	34	27	33	28	34	38	34	20	22	31	29	32	36	29	25	38	26	27	26	33	33	20	36	30	25	32	28	30	25	39	25	36	33	30	28	36	28	34	27	23	30	35	20	30	38	24	20	29	33	25	30	37	40	27	20	23	37	33	38	34	34	32	29	39	21	22	32	27	38	27	28	21	29	32	28	30	25	36	31	21	31	23	26	31	20	24	31	29	20	26	38	24	26	27	28	39	35	28	23	29	30	25	27	37	21	32	28	27	39	37	27	26	27	37	37	22	34	34	32	27	23	25	26	25	34	22	24	39	33	33	26	28	32	23	35	40	38	37	33	35	33	31	32	28	20	23	21	34	33	24	32	22	33	26	26	28	39	29	27	32	28	28	29	20	38	24	34	21	29	33	36	30	33	32	37	32	25	35	35	27	26	33	35	32	34	38	28	27	39	25	21	23	29	20	23	39	26	29	34	21	39	38	37	20	39	36	30	29	40	29	27	38	39	31	32	36	29	27	35	39	30	38	37	39	33	24	24	35	24	25	40	23	28	25	38	36	33	31	36	26	40	26	28	32	39	36	32	39	22	38	37	34	31	29	22	36	36	37	31	34	26	36	20	34	23	30	28	37	33	39	24	27	39	34	22	28	32	36	27	38	23	37	24	27	36	26	23	25	30	31	24	20	39	36	27	31	33	22	20	39	26	27	26	24	28	30	40	24	24	33	31	33	32	20	20	35	31	27	29	28	29	36	36	27	28	26	22	26	22	29	28	35	28	33	24	30	22	35	30	34	32	34	35	29	25	22	28	37	23	31	21	27	33	27	37	39	21	22	29	30	38	32	31	30	36	29	22	21	36	36	24	40	40	36	38	32	26	26	25	29	32	28	20	28	22	34	20	40	39	27	25	24	40	28	30	37	24	40	37	22	35	36	37	28	20	40	20	24	26	25	35	26	38	38	20	37	22	38	26	35	40	20	21	25	37	29	38	20	34	38	31	22	31	29	40	38	23	35	28	27	28	36	27	32	21	38	31	31	37	38	37	24	24	26	25	37	33	40	35	24	37	32	28	22	34	26	30	40	26	20	29	30	37	39	25	38	37	35	24	21	27	39	31	25	27	24	22	33	29	34	34	21	20	26	39	30	35	27	23	32	30	34	27	33	32	21	32	30	22	32	22	37	25	21	35	30	27	30	36	37	34	34	23	24	20	26	20	22	28	40	38	21	35	23	21	20	20	22	25	25	25	36	22	24	28	27	35	23	39	34	35	22	25	35	28	22	26	28	21	31	20	21	27	39	34	31	25	38	24	21	29	30	27	37	21	25	37	32	35	30	20	29	37	33	37	23	37	24	33	28	28	35	39	25	32	21	28	23	39	37	36	27	32	36	39	29	37	25	31	37	36	21	27	36	26	35	37	37	21	38	36	40	34	20	37	26	34	23	36	38	22	22	27	20	38	21	36	28	22	40	31	30	21	32	33	40	31	39	31	29	36	31	40	26	30	30	26	35	23	27	33	27	21	40	26	38	37	31	24	20	39	29	24	21	30	38	29	20	37	31	26	22	40	34	24	34	27	39	29	30	22	35	24	29	32	20	27	27	32	31	31	32	27	39	23	38	33	31	31	40	39	36	28	39	22	39	38	34	36	28	32	22	23	34	31	30	30	30	22	22	21	25	22	26	38	34	29	28	23	37	31	40	27	24	33	27	39	39	40	32	39	38	34	27	36	26	26	32	35	20	40	26	20	25	33	29	35	25	34	21	20	27	29	28	33	23	39	27	28	37	23	32	40	21	29	24	35	27	36	31	27	29	23	29	27	38	21	40	28	31	26	39	20	27	32	28	39	23	31	37	32	39	21	27	35	36	37	24	26	38	28	29	40	28	36	23	37	26	21	28	27	32	23	36	40	21	21	20	35	31	34	35	22	37	29	21	20	33	39	27	24	36	28	33	33	31	23	38	27	31	34	21	37	23	29	34	21	22	21	33	32	21	38	31	20	36	39	28	35	25	34	36	21	32	24	32	31	20	34	36	21	28	32	22	26	26	20	21	37	35	21	36	32	37	37	35	39	28	30	23	20	29	29	25	40	20	30	35	20	22	32	31	30	24	22	25	38	31	26	28	37	23	20	37	40	28	37	20	25	32	31	36	28	39	31	22	37	37	23	23	27	29	25	32	36	31	40	20	23	23	31	33	35	28	38	37	32	24	26	22	38	38	21	26	21	38	26	38	35	35	20	32	31	38	20	27	29	40	35	40	24	34	31	20	30	39	35	31	32	27	31	30	40	39	34	23	29	39	29	26	39	38	39	30	33	28	25	32	20	29	21	28	20	23	23	24	26	35	31	22	30	40	25	38	28	40	28	28	35	34	26	20	38	40	21	39	32	25	24	21	33	31	36	25	34	27	24	33	40	21	34	39	29	36	27	36	32	25	40	24	37	32	37	26	35	23	39	40	37	26	20	39	37	37	36	34	26	26	39	22	39	23	36	36	40	31	33	23	36	21	20	33	30	22	35	36	28	22	26	35	31	31	38	37	35	25	36	28	30	39	35	26	29	25	24	26	24	40	20	22	36	26	23	35	25	34	35	37	40	35	30	26	40	24	25	24	38	36	22	39	35	35	30	28	27	26	39	28	21	32	23	38	29	30	31	26	20	26	28	27	34	31	23	35	23	31	36	38	36	24	35	24	22	20	27	30	29	25	33	21	26	27	30	28	33	20	20	28	32	24	29	34	20	25	27	38	34	36	21	38	32	38	27	23	25	29	26	31	31	26	26	30	29	24	26	36	29	27	40	29	36	20	32	32	30	20	26	34	22	31	30	33	37	35	25	27	25	36	32	28	32	29	20	39	40	40	39	38	30	31	23	25	28	31	36	37	33	23	37	20	30	29	36	31	33	20	38	21	40	21	20	22	33	31	35	33	30	27	33	33	37	27	37	30	40	22	27	36	23	37	24	39	21	27	31	22	31	31	38	38	25	31	29	22	25	37	36	33	35	30	25	32	34	37	40	40	28	21	40	40	21	22	35	38	33	30	36	27	21	28	37	21	32	22	34	24	32	26	38	40	40	22	34	21	25	37	35	22	29	30	21	36	21	36	29	37	29	39	38	21	35	28	37	37	37	34	32	21	24	37	20	36	32	40	24	39	20	40	32	40	34	36	31	24	29	22	40	33	39	36	36	34	26	30	24	29	37	31	27	38	23	20	29	37	38	23	33	38	36	22	26	27	39	35	30	36	39	36	22	35	25	27	24	38	34	25	38	25	21	40	29	27	28	30	26	30	32	38	25	33	36	34	33	39	32	21	30	38	22	26	36	32	33	38	23	37	20	20	20	28	20	22	21	37	21	35	23	32	33	26	28	27	37	21	29	38	40	27	33	38	22	33	25	36	25	40	33	32	29	24	23	37	39	33	21	31	40	22	35	30	36	36	27	35	28	26	22	25	37	21	38	34	37	34	40	31	32	30	25	23	39	39	33	37	25	37	38	36	26	30	40	40	31	37	23	38	34	25	28	30	21	32	31	30	20	28	31	39	29	37	22	37	30	27	31	40	30	37	35	35	25	22	27	36	37	28	38	25	39	31	31	33	30	28	40	40	31	26	28	20	20	29	24	37	27	26	24	36	38	34	29	21	33	40	21	27	27	36	36	24	23	37	32	30	39	29	25	35	33	34	37	39	38	40	36	35	28	25	24	27	30	26	25	32	33	39	37	21	35	31	31	24	20	38	23	22	31	21	40	23	28	37	35	27	29	33	32	37	28	33	32	21	32	37	24	22	21	23	27	21	29	33	32	35	32	27	33	39	38	37	29	36	35	25	39	35	32	29	32	26	25	20	36	20	33	39	39	40	21	36	40	35	20	30	22	35	35	38	28	35	21	32	36	40	35	34	20	39	30	25	30	37	35	22	34	27	30	25	36	25	40	32	34	38	24	32	31	22	26	26	34	24	20	40	39	30	33	38	21	38	40	26	26	24	35	22	33	20	25	32	23	29	29	24	22	30	39	34	31	29	22	26	25	23	22	23	37	22	39	31	27	34	24	24	20	37	36	25	35	39	23	32	34	24	34	38	33	22	34	30	23	40	28	28	22	20	34	38	32	23	35	24	23	31	28	32	33	24	33	22	39	28	29	38	20	35	33	37	32	22	25	23	40	36	32	38	30	37	28	26	31	31	40	37	26	31	20	27	22	27	24	20	22	40	29	27	23	21	35	21	26	31	31	20	20	24	31	40	31	28	24	21	33	25	35	39	20	33	38	20	31	34	25	23	30	24	23	39	31	25	28	21	22	23	34	32	27	35	29	26	38	36	25	20	24	21	25	36	27	26	31	25	26	20	21	22	27	28	34	30	20	22	26	37	27	22	37	37	25	29	23	36	35	28	34	35	40	35	20	29	40	27	37	39	25	20	20	24	25	30	38	27	28	35	38	32	35	23	37	21	28	34	22	26	25	34	28	39	25	20	39	26	31	38	31	33	36	30	28	33	26	20	24	28	39	37	31	40	32	40	39	35	37	27	39	36	29	21	24	36	20	34	27	29	35	32	26	20	32	38	40	27	37	39	39	39	33	22	25	37	38	34	24	31	24	28	33	37	31	40	39	31	27	22	23	33	31	24	36	26	21	31	25	39	36	30	22	37	31	36	37	36	27	21	24	33	38	26	38	21	39	29	35	37	24	28	40	40	20	23	31	35	21	33	28	26	24	39	33	20	34	38	21	21	38	38	29	22	22	23	34	27	40	26	23	30	39	21	38	32	29	34	31	31	35	31	26	34	36	30	35	28	26	29	23	26	32	31	21	27	27	21	21	35	26	32	40	30	37	22	28	28	30	27	29	27	20	21	22	28	23	23	22	20	24	26	25	35	29	21	40	37	38	35	35	40	26	35	29	23	33	31	33	29	24	33	25	36	38	38	27	20	34	37	36	25	25	38	39	40	36	40	31	40	40	33	23	27	27	23	28	26	26	33	24	30	24	40	33	34	37	36	36	28	21	21	29	23	38	25	32	37	39	20	21	27	29	30	27	38	26	39	25	39	31	20	32	25	39	24	32	34	40	24	26	30	25	36	40	28	21	36	37	28	32	38	34	34	24	29	40	28	39	24	32	25	34	29	39	25	33	39	23	28	37	32	29	33	39	39	24	35	29	39	29	30	35	34	31	22	40	37	33	40	32	34	31	30	34	29	27	29	33	40	31	34	40	39	27	20	22	28	27	29	36	22	33	35	21	24	30	27	20	22	36	40	39	36	33	40	33	40	35	27	35	36	34	23	36	35	23	37	30	31	38	32	26	36	37	27	31	37	20	23	28	36	33	29	31	26	20	25	30	31	26	34	28	29	33	30	25	36	28	36	20	22	33	39	29	40	39	40	38	27	27	25	36	36	33	33	32	26	33	32	32	31	31	32	37	34	33	29	20	35	32	21	36	24	22	22	37	30	30	37	37	36	33	24	30	32	28	36	26	24	23	32	24	27	32	40	26	32	30	34	23	36	38	25	35	32	23	28	22	37	24	23	38	20	20	24	24	21	40	31	34	29	31	29	36	22	40	25	35	32	20	37	33	32	23	26	37	27	20	29	34	31	28	32	23	34	28	24	32	23	40	21	22	21	31	22	40	40	36	37	39	23	23	22	37	40	25	23	22	25	20	28	24	38	30	27	33	40	31	30	34	36	29	33	32	38	21	39	22	31	33	28	35	25	32	36	40	40	32	33	20	33	31	31	39	30	34	34	33	30	40	33	36	30	20	38	23	26	33	27	31	27	20	30	27	22	26	29	37	28	35	29	29	28	39	31	20	24	36	24	38	36	24	23	39	36	22	28	34	20	20	28	24	35	29	29	33	28	27	40	35	38	24	36	35	30	28	31	40	29	26	23	26	32	28	36	36	38	40	35	26	24	36	26	37	32	33	28	33	32	26	27	34	34	23	24	32	37	24	37	32	33	37	23	33	27	29	33	26	27	21	23	20	39	35	38	22	39	32	34	28	20	35	29	26	37	35	21	27	40	29	21	30	29	28	21	24	34	21	21	31	34	38	24	21	32	34	24	33	35	20	24	24	31	26	25	27	27	29	31	26	37	32	28	35	22	32	38	27	38	25	33	23	27	25	38	24	33	23	30	30	39	24	38	22	37	20	33	28	21	24	25	38	27	38	22	31	40	32	28	29	31	22	31	24	21	20	28	29	22	34	40	33	30	39	27	35	35	39	37	23	28	36	36	27	29	36	38	27	35	24	27	35	30	36	30	32	32	36	28	28	29	36	38	36	24	33	36	22	32	40	37	28	28	34	34	21	29	23	24	36	37	25	26	32	22	36	25	35	33	24	36	29	29	25	23	25	24	32	38	39	38	32	30	40	30	21	39	35	30	30	20	24	29	33	22	35	31	33	31	26	34	26	21	40	23	39	28	20	37	25	28	29	33	40	30	33	21	37	21	26	39	20	32	20	25	23	28	22	23	30	38	25	37	22	31	37	20	27	31	36	32	31	21	22	27	40	40	27	33	22	21	30	38	29	37	21	34	20	28	29	36	38	24	25	36	25	37	23	29	26	37	38	38	36	28	23	27	20	24	38	24	21	30	24	29	28	20	23	31	33	22	34	28	26	30	27	25	36	23	40	38	34	30	33	21	27	34	28	22	22	37	29	40	32	31	25	28	27	28	39	39	40	20	39	23	39	31	32	30	26	37	38	27	33	23	28	26	40	24	35	21	31	29	29	32	29	39	39	29	28	25	28	36	29	35	35	24	24	29	30	29	38	27	38	34	27	20	30	40	31	30	29	34	33	39	24	30	31	37	31	35	23	35	37	27	25	25	37	24	28	32	25	25	30	28	27	39	33	28	33	37	37	38	27	39	32	38	21	30	20	29	29	40	22	38	33	26	31	21	32	31	40	21	36	33	37	29	39	38	34	38	36	20	34	30	34	25	29	39	28	25	20	22	27	39	35	32	37	29	38	23	33	22	29	20	28	21	38	38	40	24	33	34	33	38	40	34	30	30	37	39	29	39	21	36	23	34	38	28	34	37	21	36	40	39	40	23	36	33	35	32	38	35	20	29	31	31	39	27	37	35	36	30	27	25	21	26	26	20	20	32	32	38	39	31	26	28	21	25	40	34	38	35	38	38	27	40	29	36	39	29	24	26	25	25	26	20	28	25	21	20	20	29	24	20	32	39	32	31	25	20	33	21	23	27	27	21	23	40	29	40	25	30	29	34	21	21	37	25	27	40	31	21	35	30	31	22	28	26	23	33	26	20	35	30	36	39	34	27	25	20	22	33	33	36	23	26	20	31	28	36	34	33	26	25	33	28	25	35	20	31	22	26	22	21	26	34	32	37	22	31	29	27	31	28	34	40	28	25	40	26	36	33	26	37	21	22	24	21	27	35	33	24	20	27	37	25	20	23	20	31	28	26	26	24	34	28	30	37	37	38	22	32	34	25	40	25	23	24	21	20	38	31	32	33	40	36	27	27	39	38	26	22	31	37	32	23	38	28	40	29	27	20	38	33	34	21	32	35	38	37	26	31	21	24	23	20	39	30	20	21	39	26	25	26	31	23	37	23	37	30	24	32	36	35	24	35	39	29	26	37	33	31	28	26	34	23	26	32	37	22	24	39	29	26	22	36	34	27	31	23	30	29	37	40	27	30	31	36	25	39	25	38	22	25	24	29	22	37	23	27	24	29	20	30	36	37	39	23	27	24	26	28	32	20	31	22	22	25	35	26	21	30	27	29	25	26	40	25	24	33	26	31	23	38	32	22	33	28	26	34	31	23	31	22	29	24	33	40	22	25	40	34	21	32	36	27	36	37	36	28	23	29	23	20	24	39	21	32	26	27	34	33	33	25	21	31	20	31	30	21	38	23	34	28	33	20	32	34	33	23	30	20	29	29	39	36	31	32	35	33	37	36	34	23	38	39	28	25	27	36	27	34	32	29	37	29	20	29	27	33	30	37	39	28	38	25	23	26	33	34	40	28	25	31	40	26	33	32	29	24	30	31	21	30	30	37	37	34	24	21	32	28	36	31	34	31	21	31	39	40	29	25	34	24	22	32	31	31	34	34	40	35	35	22	30	20	25	28	39	35	26	39	29	26	36	21	30	40	34	35	36	33	39	34	28	32	24	36	30	38	38	33	31	26	36	22	28	37	39	33	31	24	38	20	37	26	37	22	24	32	22	25	25	39	23	30	25	38	24	24	39	32	40	38	40	39	32	39	25	24	36	30	30	27	21	25	30	38	25	24	29	34	33	31	23	21	22	34	28	25	21	37	37	24	40	29	21	28	30	29	21	35	25	24	22	20	22	33	32	32	28	26	39	31	33	28	34	26	22	21	26	34	21	39	25	33	38	23	27	21	24	20	31	26	32	29	21	24	33	32	28	31	40	39	22	26	36	23	33	25	39	20	32	35	33	21	29	30	26	34	40	25	21	28	24	24	37	34	27	31	22	39	34	31	38	36	20	20	34	26	32	23	28	34	35	26	37	35	24	28	28	24	37	21	28	35	40	22	20	33	33	30	23	26	40	36	39	33	27	32	36	31	40	24	26	37	38	35	24	36	36	25	20	36	21	38	31	33	23	28	21	28	31	21	20	39	36	40	28	32	32	23	26	26	40	22	40	22	23	23	29	31	37	32	31	29	25	31	37	28	23	31	28	28	30	30	37	29	25	34	33	28	27	36	34	20	22	21	27	34	22	26	40	35	35	21	27	28	21	33	40	25	34	26	33	22	21	21	31	25	39	35	32	36	22	27	23	30	32	34	31	26	33	26	21	32	31	39	21	39	29	30	31	35	33	28	37	38	29	39	22	25	39	37	27	38	40	28	30	28	37	37	22	35	22	30	20	34	22	28	21	32	39	26	33	24	36	40	33	36	21	22	34	37	36	31	37	28	23	37	34	31	28	30	23	28	37	29	25	39	33	35	27	34	33	34	32	36	40	27	40	33	23	30	30	33	20	34	29	22	31	21	27	28	38	31	33	26	39	40	29	33	40	32	31	28	35	25	27	32	37	21	20	31	23	34	31	38	36	27	30	22	37	30	39	39	39	32	25	40	31	31	31	39	31	30	20	29	23	37	33	33	34	28	25	37	33	39	23	24	32	27	34	31	20	36	33	32	30	25	40	36	23	31	24	25	40	27	23	31	32	35	36	34	37	20	38	40	36	37	22	29	32	25	27	27	24	31	31	24	35	28	31	23	20	34	38	40	27	23	32	23	40	39	22	25	35	34	27	28	20	25	33	33	34	20	29	29	38	21	33	29	37	33	37	30	32	30	29	39	23	28	39	35	21	25	40	35	38	30	38	32	32	37	35	31	33	40	34	23	25	30	32	30	32	32	32	26	28	39	40	37	33	30	26	26	23	35	21	22	30	24	35	38	39	23	30	34	40	32	27	33	24	22	28	20	24	22	31	32	40	39	22	28	24	37	40	26	33	23	40	39	27	31	37	27	32	30	38	34	32	37	38	24	21	40	22	37	25	24	25	23	21	26	39	36	38	29	40	31	37	38	36	22	27	33	32	29	36	21	25	27	25	33	39	28	24	37	27	20	28	27	37	20	32	36	27	34	39	24	39	34	20	29	37	40	32	23	20	20	39	30	38	30	30	32	21	31	35	40	31	26	40	39	24	34	34	38	34	32	27	22	37	31	31	30	21	30	26	28	36	33	25	20	30	36	29	25	28	23	35	29	31	28	27	36	35	31	38	31	35	24	32	21	37	31	31	38	24	34	27	30	31	31	32	38	21	33	20	32	25	24	37	20	23	30	38	22	22	20	26	26	28	33	38	40	28	35	23	32	32	29	30	23	32	28	35	27	26	38	27	23	31	32	22	27	33	33	32	33	26	30	38	38	27	32	33	27	34	39	39	29	31	36	32	31	35	21	33	27	32	38	40	23	21	25	29	35	20	25	26	39	21	22	26	21	20	39	30	24	34	23	40	23	28	21	38	27	37	38	40	36	36	28	21	34	35	
48	11	25	40	18	49	44	40	42	40	23	20	29	42	24	18	37	49	18	26	27	49	46	41	10	17	10	50	19	10	49	16	11	17	44	26	24	45	41	44	20	27	36	18	21	42	21	19	13	13	29	47	32	31	22	18	24	15	19	20	14	45	26	47	12	39	16	31	44	21	20	40	50	48	35	49	40	25	35	20	11	37	43	18	13	40	16	49	49	19	32	38	45	29	12	48	12	28	31	24	13	23	19	38	25	46	37	10	13	44	11	20	26	10	37	33	26	12	44	20	13	24	50	14	23	27	26	38	45	44	45	24	24	26	37	40	48	17	21	17	48	16	30	30	49	22	20	32	31	14	11	25	32	45	25	49	23	25	37	18	31	38	15	23	38	14	27	13	10	18	45	37	34	35	39	11	11	26	19	13	41	49	49	23	25	36	40	20	47	18	20	30	45	38	43	32	30	24	32	41	46	11	36	40	35	36	14	12	49	48	11	39	30	43	12	23	19	24	41	21	47	21	36	11	48	27	31	27	20	31	37	29	35	45	30	37	13	45	14	45	21	41	47	49	49	40	50	28	15	33	44	11	25	30	28	44	33	42	40	33	24	28	50	42	35	31	26	27	12	47	48	36	32	22	20	11	11	17	41	15	15	49	18	41	14	28	39	16	43	16	36	46	22	43	18	50	14	47	12	21	14	36	20	20	36	17	40	39	30	48	19	26	11	25	32	48	50	42	21	10	21	27	39	49	28	28	31	29	16	27	37	21	23	28	21	14	42	20	34	40	28	37	26	29	39	20	11	15	11	17	16	45	10	17	25	11	13	31	33	22	25	47	37	44	39	28	28	30	36	26	20	45	38	42	16	27	18	26	24	10	22	27	11	31	21	14	11	33	11	16	35	39	44	41	39	10	24	43	27	26	18	41	16	25	29	25	30	29	32	29	39	27	35	50	22	19	29	42	26	34	24	49	13	40	32	14	11	12	36	35	27	46	24	28	40	21	19	44	46	44	23	14	34	43	34	37	28	28	45	47	27	24	36	32	34	36	24	23	20	40	11	21	46	25	22	45	28	19	50	43	16	34	36	49	34	18	39	15	36	18	21	21	43	45	17	34	18	35	13	12	27	41	16	27	20	16	30	45	39	45	50	17	14	49	31	44	40	44	24	20	34	31	32	33	49	25	33	30	41	39	42	16	17	17	45	15	49	41	16	45	50	34	46	22	44	17	41	17	48	40	43	17	29	36	48	17	24	48	45	31	21	26	23	10	17	40	25	34	28	16	16	48	29	39	38	21	15	29	20	45	15	24	47	20	40	34	44	16	17	49	15	38	25	30	29	40	27	16	33	37	48	45	30	30	44	19	21	31	45	38	10	29	10	31	29	26	13	12	31	49	13	30	48	21	32	18	31	31	32	20	10	18	21	34	44	17	31	24	28	37	21	21	13	46	11	38	32	48	28	35	11	17	32	33	33	28	50	42	13	27	11	28	50	35	31	49	26	44	31	16	28	24	41	19	12	22	34	46	49	22	41	48	41	39	40	36	45	23	23	39	19	35	22	42	24	31	13	34	44	46	48	44	48	28	10	12	11	43	48	24	32	45	18	36	18	16	16	40	36	12	12	33	40	28	33	23	46	11	35	33	25	17	32	47	47	32	10	32	43	10	40	14	33	49	20	26	49	17	17	14	40	41	25	12	38	13	21	29	37	23	33	45	37	24	19	47	20	22	27	16	37	23	17	35	35	31	22	19	13	16	31	41	27	12	38	48	47	25	12	21	32	20	16	50	39	20	18	33	50	24	39	46	17	36	48	37	33	45	43	16	26	18	24	49	22	23	39	38	29	17	17	42	22	37	43	38	35	13	48	46	15	32	21	43	19	41	10	41	37	18	11	36	49	47	48	39	28	29	36	24	16	37	21	27	19	50	50	30	48	15	43	13	24	13	24	25	12	15	31	47	40	24	33	30	34	40	15	30	36	23	46	16	43	49	24	19	49	12	14	25	50	34	22	10	28	20	34	33	21	25	18	24	35	18	38	17	15	30	47	23	49	12	48	16	30	28	21	20	21	31	44	35	23	23	35	13	46	21	19	38	15	25	40	23	15	15	10	39	35	45	18	29	10	42	18	32	12	18	20	47	30	42	17	18	21	49	36	34	14	17	47	40	21	39	34	36	32	42	10	24	46	27	49	47	21	15	14	34	30	26	32	20	26	48	42	36	26	15	25	41	14	17	46	17	40	12	16	49	20	12	36	14	18	45	37	47	25	29	47	23	37	48	10	32	44	24	14	38	42	29	29	25	50	24	32	42	24	11	46	15	39	31	43	28	49	50	16	39	47	48	29	18	26	27	36	41	37	39	33	44	19	44	16	39	32	23	33	13	15	31	20	34	34	13	41	17	27	29	20	33	25	38	41	12	50	39	14	17	46	45	26	15	43	45	45	18	43	31	17	44	49	46	27	16	38	46	46	41	27	38	42	21	25	42	21	22	41	28	43	12	24	27	19	41	23	17	20	47	37	42	34	39	36	10	13	21	12	11	46	28	42	32	20	22	50	38	45	50	20	10	11	25	24	11	23	11	45	27	32	12	47	42	39	33	28	23	29	50	40	49	39	11	33	45	35	46	50	19	21	24	12	31	17	35	19	32	23	47	18	19	26	27	24	14	39	35	49	45	18	30	33	29	13	50	43	43	40	44	19	42	28	28	11	16	47	35	22	16	28	38	28	28	43	40	31	35	44	14	21	12	31	14	25	29	16	23	15	40	46	44	41	30	33	38	17	50	37	42	24	48	15	24	16	30	37	41	32	40	40	20	18	32	13	43	17	14	45	13	33	42	19	38	36	40	13	47	33	26	27	49	28	31	43	26	36	19	17	42	49	23	45	15	42	18	47	45	45	20	16	48	17	45	38	28	29	15	35	33	11	22	14	44	19	23	16	34	38	21	33	19	24	10	27	40	44	26	44	21	28	42	39	38	42	32	28	40	31	24	19	38	27	22	47	17	47	26	16	28	49	21	30	48	40	28	14	31	19	19	14	31	41	22	42	25	19	31	41	26	26	18	32	32	40	11	21	20	15	18	38	16	46	45	27	15	19	19	13	32	50	46	17	34	36	20	41	28	32	25	20	46	17	25	18	14	44	14	27	23	17	24	41	33	47	46	40	11	25	19	43	11	16	29	19	33	15	28	24	16	33	10	26	10	45	29	20	36	41	18	19	25	35	29	11	14	20	41	38	48	30	45	49	19	32	33	16	46	12	41	39	22	24	10	26	10	13	23	14	35	16	16	37	37	31	36	48	43	33	24	48	43	17	50	40	15	43	26	50	24	29	27	24	24	39	12	46	24	14	17	35	44	19	25	28	29	49	12	38	49	13	21	38	49	28	19	35	11	27	21	23	27	17	37	36	32	39	31	15	44	41	13	35	33	44	48	50	50	30	42	49	40	37	26	26	34	17	19	50	48	41	33	27	24	21	40	21	37	49	31	31	48	37	36	17	10	43	10	30	20	28	11	48	19	46	47	39	39	26	36	22	12	13	39	49	15	24	19	21	19	30	36	32	37	22	32	21	18	19	30	27	32	25	45	23	35	21	46	45	35	15	21	10	38	20	42	14	44	37	19	20	19	34	24	43	21	12	17	26	35	45	19	26	44	33	47	23	50	17	50	21	30	11	42	23	12	13	28	32	38	12	17	29	15	36	19	34	11	19	34	49	22	33	44	47	26	37	33	25	40	38	42	26	27	23	34	15	17	35	12	30	16	24	37	41	31	15	26	21	38	25	20	25	19	35	39	48	30	37	49	47	49	11	40	28	35	37	32	28	21	37	21	27	11	34	34	17	22	28	10	15	49	42	50	24	37	36	41	24	23	27	20	34	44	35	47	22	22	13	21	37	36	23	17	39	33	26	23	14	12	45	17	10	36	22	26	13	45	27	34	16	48	10	31	27	28	49	39	17	32	25	36	29	21	17	18	44	18	19	40	19	20	50	30	46	50	31	49	41	12	20	44	18	25	27	17	12	50	26	10	22	32	36	13	13	17	30	48	20	42	31	30	10	47	13	27	29	19	39	39	14	31	40	24	32	21	14	45	16	31	20	18	23	34	47	17	16	13	13	20	24	41	22	26	26	21	41	42	48	26	39	44	40	10	17	31	11	20	30	36	39	29	22	25	38	37	41	11	48	32	43	43	34	48	44	47	23	34	22	50	50	49	33	37	27	42	15	20	37	42	28	39	17	46	27	39	26	12	22	12	43	20	39	50	19	50	31	35	49	46	22	15	10	48	46	16	22	23	37	16	14	13	34	16	18	11	35	13	32	50	31	37	20	50	34	36	45	30	35	26	42	26	43	34	12	24	49	33	24	36	35	13	32	17	16	25	19	46	41	23	16	28	13	48	38	11	32	27	49	16	49	47	18	25	46	21	49	28	24	16	10	10	11	18	38	24	41	50	29	40	36	13	26	40	19	31	33	35	16	18	41	49	33	40	37	44	15	32	18	29	15	49	47	17	41	36	40	33	39	46	34	33	33	41	26	12	41	42	23	49	38	33	46	41	14	33	36	20	43	22	41	38	15	16	23	45	43	42	24	23	33	38	33	46	14	19	48	38	33	35	18	15	49	40	24	19	43	18	31	27	32	15	30	13	35	13	37	45	11	30	40	37	27	11	23	46	24	14	37	27	37	36	11	33	44	11	11	25	31	13	33	34	34	39	28	47	18	37	33	37	20	26	23	33	21	23	12	18	22	11	11	38	36	39	44	44	15	43	26	19	44	13	17	10	24	45	19	18	39	20	22	20	32	14	34	23	41	45	27	38	35	45	29	42	43	11	12	37	14	40	26	11	11	42	21	15	22	11	23	27	27	19	12	37	38	31	49	15	17	35	27	50	22	10	27	38	49	46	24	21	24	37	39	10	16	46	34	32	12	11	15	34	17	50	38	16	41	11	13	20	22	46	39	30	28	23	14	29	49	30	49	20	49	11	43	19	34	49	20	48	37	23	15	40	32	36	20	17	34	21	49	40	41	45	40	22	35	28	17	33	44	28	30	20	49	27	13	15	43	46	12	14	49	48	30	14	43	43	25	33	20	22	19	42	45	26	39	43	15	19	13	50	26	44	18	24	49	48	50	31	20	14	35	31	50	23	39	16	34	46	29	40	31	24	25	37	25	23	22	45	41	45	11	10	40	22	22	41	50	50	50	36	16	27	36	18	33	13	27	38	16	41	43	31	20	29	34	27	25	14	48	48	26	27	29	35	36	11	37	30	15	19	20	49	33	31	22	17	32	46	11	49	23	12	11	34	30	13	32	20	30	24	44	42	11	23	12	14	50	14	31	44	18	20	29	20	14	50	45	47	49	41	34	19	48	25	23	32	14	43	28	18	40	47	37	16	32	27	10	37	33	17	23	10	20	48	45	11	43	29	16	26	45	49	48	38	43	26	26	13	13	30	49	41	18	27	36	42	48	33	41	34	45	44	29	11	45	48	46	22	31	45	18	48	45	22	23	26	10	49	28	49	21	43	21	47	46	31	27	50	45	49	41	46	13	40	18	15	15	35	16	22	20	40	38	40	10	35	16	34	34	37	46	37	31	25	14	38	18	44	50	48	32	37	37	32	38	31	17	34	22	13	47	21	46	33	10	35	24	25	47	31	24	50	18	10	46	43	27	34	37	19	20	39	36	14	30	13	30	43	44	27	41	40	35	11	28	16	27	11	39	16	50	18	47	49	43	28	25	40	14	25	44	14	27	31	25	15	45	29	16	38	27	44	41	20	46	10	41	25	32	19	48	45	36	46	41	50	24	20	35	12	25	40	33	23	39	36	35	16	10	10	46	24	32	15	17	27	40	30	37	28	36	19	12	13	40	43	22	40	45	26	46	25	36	22	16	30	10	21	48	20	43	38	24	37	28	22	43	47	45	30	18	26	23	12	47	30	20	10	42	44	50	48	43	14	17	38	25	22	22	30	36	44	21	49	42	19	33	43	48	24	36	20	27	47	44	26	32	47	37	39	12	23	16	23	26	22	44	40	46	24	20	21	31	32	44	37	42	38	33	28	47	26	32	42	48	33	36	44	10	42	34	49	48	28	33	35	39	27	35	48	47	21	22	15	28	10	16	19	37	47	28	30	12	36	43	24	50	11	15	44	38	39	22	18	30	10	48	10	34	13	49	11	22	16	37	20	18	13	28	39	42	22	14	26	17	49	12	16	19	49	42	27	13	34	26	30	31	38	37	32	46	47	39	40	47	17	10	29	14	35	25	24	35	39	39	48	23	42	40	30	38	48	10	12	42	10	16	11	13	23	49	29	25	50	39	37	40	50	32	12	48	43	16	15	43	10	31	35	22	48	13	25	18	45	21	41	36	36	49	45	10	31	22	11	24	29	11	28	36	36	39	27	33	31	19	33	25	26	26	28	50	12	32	11	43	14	50	33	47	22	22	19	15	40	23	21	27	30	28	47	29	42	17	36	33	34	11	27	17	47	24	28	17	42	40	30	33	41	26	39	27	28	43	25	30	43	10	35	46	19	44	32	28	35	16	38	29	29	10	18	20	50	43	12	16	10	47	19	13	12	15	28	10	37	29	23	48	24	21	46	13	40	26	23	18	26	13	45	44	49	34	14	17	29	38	24	39	13	31	10	26	42	36	10	30	13	50	23	30	11	23	32	31	36	35	22	34	25	25	24	41	39	10	50	21	42	39	32	31	46	49	24	32	45	17	18	48	44	40	35	11	38	33	26	43	26	47	49	44	25	31	28	11	25	15	12	23	10	10	36	11	45	38	20	26	45	24	39	16	12	10	19	32	48	30	16	43	12	39	21	43	11	48	47	31	33	49	41	18	33	24	16	27	11	17	49	41	19	27	24	18	47	35	35	46	19	31	33	40	43	29	22	13	18	44	29	28	48	17	17	48	12	35	45	25	44	34	39	38	44	42	33	47	37	26	34	46	26	44	47	19	40	25	31	16	22	14	46	20	23	49	21	23	24	12	19	23	47	44	32	10	30	48	17	23	33	17	27	34	12	16	27	23	19	15	47	28	17	40	37	25	25	41	33	20	13	12	11	22	15	48	29	41	28	20	36	21	18	28	31	44	14	37	16	46	17	16	40	49	20	17	33	29	39	20	44	40	37	13	10	24	45	21	16	42	39	27	50	34	38	26	39	37	48	10	31	47	18	46	12	41	34	13	13	23	50	45	31	43	49	33	48	12	50	41	19	14	49	29	28	23	26	28	29	47	16	37	24	29	39	32	21	48	26	37	20	11	43	34	38	24	43	49	11	40	24	17	24	25	35	10	12	22	10	13	43	35	46	35	14	17	41	32	19	11	39	34	21	34	44	23	41	15	37	38	34	18	17	27	23	44	30	31	20	33	23	47	41	27	22	39	43	13	43	34	17	16	19	13	28	46	47	12	25	11	23	19	44	29	30	37	26	14	21	26	46	17	11	50	42	32	28	28	40	11	29	46	32	13	23	33	40	38	37	37	25	22	19	40	42	50	49	34	43	19	41	47	35	31	30	47	47	44	42	42	45	11	34	45	16	14	45	30	19	14	40	16	26	31	19	38	28	18	10	19	42	29	26	37	11	13	35	17	25	47	47	26	28	16	43	49	30	45	38	22	32	47	41	26	37	33	17	49	23	49	28	26	26	19	44	47	43	29	18	17	18	20	39	47	49	19	40	35	32	15	10	36	23	18	25	26	35	47	21	23	36	44	16	24	45	32	14	14	41	40	39	26	45	20	43	25	18	46	12	20	33	18	46	21	18	32	27	34	23	47	34	38	17	16	23	23	27	37	28	45	15	39	40	11	17	17	43	27	28	24	34	15	35	39	40	24	11	20	23	45	41	37	42	19	19	39	12	48	14	20	46	37	16	28	17	39	33	45	26	20	46	38	41	14	46	37	27	44	19	14	48	50	28	17	19	35	19	24	48	36	16	14	36	29	13	32	44	39	45	16	17	33	33	22	26	17	36	47	33	26	36	18	14	44	25	14	42	45	18	45	26	47	42	30	11	50	48	30	49	36	40	12	50	42	49	38	49	10	16	40	42	29	38	46	11	45	32	47	14	35	16	33	22	47	13	11	18	43	49	38	24	32	10	27	30	14	46	18	30	10	26	39	41	21	27	38	33	21	29	49	11	32	25	12	31	23	20	41	44	50	26	17	47	20	47	13	14	19	41	24	18	28	27	39	23	20	23	26	33	23	15	24	50	37	22	25	18	25	23	31	49	17	21	19	10	20	38	22	45	24	36	31	16	40	39	40	46	12	48	46	37	44	34	13	44	34	30	23	28	31	41	24	10	42	44	19	32	30	34	38	10	46	41	10	49	23	20	45	22	47	18	48	30	21	22	11	49	42	47	10	47	25	34	21	36	22	14	28	15	38	36	22	34	32	25	34	13	45	22	48	18	20	37	27	29	27	11	19	28	29	14	19	17	49	11	49	37	46	32	39	34	20	45	49	19	22	31	24	33	32	15	40	19	31	44	33	37	25	31	29	30	22	23	11	38	17	16	27	41	20	17	13	17	34	39	30	25	10	26	46	35	45	39	33	10	16	38	20	30	24	31	36	17	31	10	19	31	18	49	39	22	33	20	16	47	18	28	18	13	39	12	21	12	19	14	44	26	34	31	20	43	33	14	41	15	40	19	38	14	30	15	37	16	22	42	18	20	29	46	45	31	12	49	31	42	13	42	41	43	21	31	28	11	38	47	36	41	18	50	28	11	31	29	14	18	15	11	44	10	37	19	14	34	37	15	29	27	36	40	19	13	26	41	44	10	16	33	25	49	24	30	23	17	37	19	13	43	19	10	23	13	17	49	18	15	25	35	17	25	41	28	10	46	46	28	22	25	17	40	40	13	44	21	24	18	17	35	26	37	13	17	21	35	39	14	41	40	20	35	30	30	30	31	26	44	39	45	12	50	18	27	35	28	37	14	26	38	40	39	48	33	13	33	40	40	29	38	12	46	12	35	50	35	20	34	43	33	23	50	32	20	46	38	11	11	40	19	30	22	31	40	48	17	48	27	32	43	13	17	38	34	48	27	16	50	47	39	38	48	25	22	50	43	28	40	10	47	10	13	20	46	18	48	10	16	34	41	40	31	43	25	39	14	45	21	35	36	20	48	28	33	13	36	20	31	23	36	27	30	16	31	47	46	10	23	18	22	40	44	25	46	12	40	18	20	21	28	19	19	15	37	25	46	46	18	24	10	49	44	45	45	35	41	24	46	35	16	24	45	35	46	12	16	22	22	48	13	34	15	50	15	43	40	20	49	28	21	48	47	10	23	33	19	44	11	25	50	18	36	30	13	12	47	44	24	48	22	41	35	22	25	49	20	48	36	16	50	50	12	19	14	29	26	36	35	21	35	11	25	19	13	29	17	14	18	41	48	28	50	40	15	11	27	50	27	30	33	39	11	48	44	46	40	10	20	27	29	46	31	15	16	16	20	22	43	16	50	37	30	10	17	38	42	41	32	47	44	25	24	16	30	31	25	15	15	45	40	28	36	42	50	32	38	25	35	36	19	47	21	25	16	32	31	37	39	27	39	40	41	33	20	24	21	35	26	35	29	45	22	22	32	41	19	22	45	24	27	40	28	32	32	39	12	11	12	21	13	50	18	14	19	48	38	45	50	19	28	24	35	11	48	10	11	38	23	28	23	32	38	27	21	41	34	49	14	46	34	42	16	13	20	30	30	31	39	50	20	19	20	18	18	11	16	28	41	10	30	33	28	15	28	31	43	31	37	48	47	43	43	12	17	50	46	23	50	49	34	33	39	35	33	26	45	13	39	26	32	40	49	41	14	10	15	13	21	39	19	20	13	18	31	45	41	32	25	43	14	38	22	35	10	43	47	25	28	35	15	49	43	30	42	12	16	18	43	48	29	34	13	26	31	23	49	21	49	31	47	34	47	48	14	41	50	31	20	24	25	22	25	16	18	49	18	21	11	14	39	47	13	32	38	41	43	33	34	15	19	12	32	48	13	23	12	13	21	16	46	26	30	24	40	42	33	15	19	28	32	26	13	20	47	12	13	26	36	27	19	29	17	47	31	29	10	15	33	33	31	39	42	48	37	18	19	31	32	37	31	19	15	22	39	26	17	22	30	24	34	30	14	47	36	48	13	27	32	41	30	23	15	13	28	26	13	22	12	43	50	11	39	45	36	30	13	43	18	18	49	28	24	44	29	39	22	26	21	27	22	46	20	38	16	38	38	28	34	22	40	20	14	26	11	49	49	16	26	14	15	30	39	40	30	22	34	39	32	39	22	31	49	39	14	17	12	32	39	13	21	18	43	39	48	37	15	41	19	40	40	14	13	22	10	44	48	45	28	40	18	31	27	33	24	37	46	27	37	22	11	17	14	37	10	18	47	35	36	48	32	39	14	45	18	36	45	10	11	19	22	36	17	45	37	33	46	19	19	18	26	35	26	40	25	15	14	34	14	15	10	30	33	29	17	27	34	47	40	13	47	42	26	36	44	25	22	25	27	43	40	43	23	30	23	36	21	43	32	47	39	36	20	29	46	29	32	34	38	43	28	14	39	11	41	25	45	29	31	11	33	45	15	14	36	34	42	37	46	25	35	17	34	17	34	31	48	17	37	20	22	31	28	29	33	15	36	46	13	36	34	25	42	43	16	36	27	15	13	47	35	20	13	12	34	33	32	37	42	41	32	27	14	31	41	37	12	33	21	19	14	13	23	20	15	45	13	40	13	50	17	25	23	38	19	33	16	12	37	17	46	47	38	39	38	18	36	31	27	49	38	10	35	27	17	37	19	39	26	17	29	16	34	39	27	13	30	40	13	13	35	27	43	12	14	35	39	20	14	36	47	33	15	21	19	48	27	38	29	42	45	43	10	13	13	48	41	14	37	19	43	13	20	39	28	37	43	31	44	38	35	22	50	11	44	13	41	20	11	48	32	22	40	39	40	26	16	15	50	41	20	20	27	31	10	36	27	38	12	38	45	15	50	23	10	32	44	21	38	43	12	29	30	38	31	28	47	25	42	13	39	48	28	29	23	42	38	38	17	20	13	49	20	12	37	32	14	25	34	45	44	34	49	22	31	34	49	31	33	27	20	37	43	12	14	15	16	24	49	10	40	16	14	15	11	45	38	42	46	24	48	29	43	31	41	21	38	21	32	24	15	18	34	46	38	15	27	43	33	27	37	15	41	19	18	22	27	43	22	14	40	40	12	25	22	42	40	28	35	16	14	16	28	48	19	44	18	34	47	44	34	37	11	45	38	30	34	21	31	31	30	32	33	39	19	17	47	34	45	28	32	46	21	42	16	44	10	13	50	23	33	32	28	22	21	11	14	45	22	46	38	19	42	48	40	18	38	48	29	45	26	21	40	29	37	14	46	42	24	39	37	32	26	29	50	42	29	28	46	30	42	17	44	35	49	14	25	16	38	38	28	42	34	10	35	32	50	46	21	10	23	40	46	29	47	18	44	40	12	18	46	45	45	18	23	45	29	14	44	21	11	21	37	33	30	29	33	34	18	28	49	39	15	43	21	41	45	32	36	35	44	14	23	18	49	33	11	28	24	40	11	41	17	41	40	15	31	40	39	11	16	24	33	33	44	25	38	36	41	43	29	27	20	27	19	15	16	31	44	41	44	14	32	20	25	39	24	28	30	34	37	22	32	37	16	42	45	36	41	41	35	34	23	11	16	31	11	14	37	39	46	31	17	10	44	10	36	18	23	48	46	46	44	35	24	29	49	20	21	12	15	24	36	47	28	29	18	39	44	33	40	26	22	37	17	21	39	27	10	30	12	22	39	28	45	36	35	23	43	40	12	30	18	44	15	45	21	33	17	34	42	41	26	17	37	14	31	49	45	18	48	50	19	40	20	33	42	33	35	22	24	15	30	40	12	37	12	10	28	24	25	36	41	13	46	14	27	45	10	46	13	31	29	39	36	46	38	11	13	46	32	29	27	44	10	37	23	30	39	37	34	29	10	19	26	18	19	10	28	32	14	14	44	45	34	49	50	10	45	38	24	19	37	35	28	47	18	21	27	33	14	27	33	25	22	28	33	25	45	39	32	36	35	28	48	26	42	23	13	31	19	25	28	11	43	44	21	18	10	37	18	12	37	22	10	30	23	23	36	50	45	39	49	32	10	40	12	12	22	45	23	44	11	16	41	22	35	38	32	48	49	26	23	45	20	26	24	13	13	38	30	39	19	16	39	22	31	20	42	11	48	27	26	28	23	43	18	37	38	29	37	23	24	33	25	50	30	22	35	31	11	33	41	34	27	33	29	49	49	34	43	31	48	10	15	50	22	27	34	44	40	43	39	20	34	17	10	13	11	20	20	30	26	35	14	19	20	32	37	32	42	34	39	28	41	20	47	27	10	43	15	42	40	48	22	48	41	14	45	34	30	15	46	28	11	13	14	22	17	15	23	31	11	31	26	32	19	27	45	20	47	12	46	17	40	29	37	34	44	24	10	40	40	39	25	25	16	42	36	44	27	16	38	21	48	18	28	49	42	24	25	23	44	48	20	28	10	30	13	46	23	33	36	17	50	46	15	17	18	32	16	19	44	37	42	31	31	29	23	27	29	13	12	36	18	22	15	42	40	10	40	20	18	50	35	15	28	46	20	11	20	28	28	25	45	30	21	18	20	16	13	45	31	19	43	44	12	18	47	15	50	36	39	47	32	20	33	20	36	22	14	26	22	13	17	21	31	38	34	20	16	22	14	37	49	44	11	17	36	30	37	19	19	38	27	31	41	25	15	32	14	19	24	30	34	39	50	26	21	44	32	35	20	40	13	46	12	50	32	22	18	17	42	49	19	39	30	22	39	28	16	46	24	28	35	18	33	16	31	24	48	20	34	19	10	31	43	25	10	19	20	26	33	23	49	41	29	11	42	38	43	
5
80
