4998
120
0	0	0	0	0	0	0	0	0	0	0	0	0	0	0	0	0	0	0	0	0	0	0	0	0	0	0	0	0	0	0	0	0	0	0	0	0	0	0	0	0	0	0	0	0	0	0	0	0	0	0	0	0	0	0	96	0	0	0	0	0	0	0	0	0	0	0	192	0	0	0	0	0	0	0	0	0	0	0	0	0	0	0	0	0	0	0	0	0	0	0	0	0	0	0	0	0	0	0	0	0	0	0	0	0	0	0	0	0	0	0	0	0	0	0	0	0	0	0	0	
0	0	0	0	0	0	0	0	0	0	0	0	0	0	0	0	0	0	0	0	0	0	0	0	0	0	0	0	0	0	0	0	0	0	0	0	0	0	0	0	0	0	0	0	0	0	0	0	0	0	0	0	0	0	0	0	0	0	0	0	48	0	0	0	0	0	0	0	0	0	0	0	0	0	0	0	0	0	0	0	0	0	0	0	0	0	0	0	0	0	0	0	0	192	0	0	0	0	0	0	0	0	0	0	0	0	0	0	0	0	0	0	0	0	0	0	0	0	0	0	
0	0	0	0	0	0	0	0	0	0	0	0	0	0	0	0	0	0	0	0	0	0	0	0	0	0	0	0	0	0	192	0	0	0	0	0	0	0	0	0	0	0	0	0	192	0	0	0	0	0	500	0	0	0	0	0	0	0	0	0	0	0	0	0	0	0	0	0	0	0	0	0	0	0	0	0	0	0	0	0	0	0	0	0	0	0	0	0	0	0	0	0	0	0	96	0	0	0	0	0	0	0	0	0	0	0	0	0	0	0	0	0	0	0	0	0	0	96	0	0	
0	0	0	0	0	0	0	0	0	0	0	0	0	0	0	0	0	0	0	0	0	0	192	0	0	0	0	0	0	0	0	0	0	0	0	0	0	0	0	0	0	0	0	0	0	0	0	0	0	0	0	0	0	0	0	0	0	0	0	0	0	0	0	0	0	0	0	0	0	0	0	0	0	0	0	0	0	0	0	0	0	0	0	0	0	0	0	0	0	0	0	0	0	0	192	0	0	0	0	0	0	0	0	0	0	0	0	0	500	0	0	0	0	0	0	0	0	0	0	0	
0	0	0	0	0	0	0	0	48	0	0	0	0	0	0	0	0	0	0	0	0	0	0	0	0	0	0	0	0	0	0	0	0	0	0	0	500	0	0	0	0	0	0	48	0	0	0	0	0	0	0	0	0	0	0	0	0	0	0	0	0	0	0	0	0	0	0	0	0	0	0	0	0	0	0	0	0	0	0	0	0	0	0	0	0	0	0	0	0	0	0	0	0	0	0	0	0	0	0	0	0	0	0	0	0	0	0	0	0	0	0	0	0	0	0	0	0	0	0	0	
0	0	0	0	0	0	0	0	0	0	0	0	0	0	0	0	0	0	0	0	0	0	0	0	0	0	0	0	0	0	0	0	0	0	0	0	0	0	96	0	0	0	0	0	0	0	0	0	0	0	0	0	0	0	0	48	0	0	0	0	0	0	0	0	0	0	0	96	0	0	0	0	0	0	0	0	0	0	0	0	0	0	0	0	0	0	0	0	0	0	0	0	0	0	0	0	0	0	0	0	0	0	0	0	0	0	0	0	0	0	0	0	500	0	0	0	0	0	0	0	
0	0	0	0	0	0	0	0	0	0	0	0	0	0	0	0	0	0	0	0	500	0	0	0	0	0	0	0	0	0	0	0	0	0	0	0	0	0	0	0	0	0	0	0	0	0	0	0	0	500	0	0	0	0	0	0	0	0	0	0	0	0	0	0	0	0	0	0	0	0	0	0	0	0	0	0	0	0	0	0	0	0	0	0	0	0	0	0	0	0	0	0	0	0	0	0	0	0	0	0	0	0	0	0	0	0	0	0	0	0	0	0	0	0	0	0	0	0	0	0	
0	0	0	0	0	0	0	0	0	0	0	192	0	0	0	0	0	0	0	0	0	0	0	0	0	0	0	48	0	0	0	0	192	0	0	0	0	0	0	0	0	0	0	0	0	0	0	0	0	0	0	0	0	0	0	0	0	0	0	0	0	0	0	0	0	0	0	0	0	0	0	0	0	0	0	0	0	0	0	0	0	0	0	0	0	0	0	0	0	0	0	0	0	0	0	0	0	0	0	0	0	0	500	0	0	0	0	0	0	0	0	0	0	0	96	0	0	0	0	0	
0	0	0	0	48	0	0	0	0	0	0	0	0	0	0	0	0	0	0	0	0	0	0	0	0	0	0	0	0	0	0	0	0	0	0	0	192	0	0	0	0	0	0	0	0	0	0	0	0	0	0	0	0	0	0	0	0	0	0	0	0	0	0	0	0	0	0	0	0	0	0	0	0	0	0	0	0	0	0	0	96	0	0	0	0	0	0	0	0	0	0	0	0	0	0	0	0	0	0	0	0	0	0	0	0	0	0	0	0	0	0	0	0	0	0	0	0	0	0	0	
0	0	0	0	0	0	0	0	0	0	0	0	0	0	0	0	0	0	0	0	0	0	0	0	0	0	0	0	0	0	0	0	0	0	0	0	0	0	0	0	0	0	0	0	0	0	0	0	0	0	0	0	0	0	0	0	0	0	0	0	0	0	0	0	0	0	0	0	0	0	0	0	500	0	0	0	0	0	0	0	0	0	0	0	0	0	0	0	0	0	0	0	0	0	0	0	0	0	0	0	48	0	0	0	0	0	0	0	0	0	0	0	0	0	0	0	0	0	0	0	
0	0	0	0	0	0	0	0	0	0	0	0	192	0	0	0	0	0	0	96	0	0	0	0	0	0	0	0	0	0	0	0	0	0	0	0	0	0	0	0	0	0	0	0	0	0	0	0	0	0	0	0	0	0	0	0	0	0	0	0	0	0	0	0	0	0	0	0	0	48	0	0	0	0	0	0	0	0	0	0	0	0	0	0	0	0	0	0	0	0	0	0	0	0	0	0	0	0	0	0	0	0	0	0	0	0	0	0	0	0	0	0	0	0	0	0	0	0	0	0	
0	0	0	0	0	0	0	192	0	0	0	0	0	0	0	0	0	0	0	0	0	0	0	0	0	0	0	500	0	0	0	0	0	0	0	0	0	0	0	0	0	0	0	0	0	0	0	500	0	0	0	0	0	0	0	0	0	0	0	0	0	0	0	0	0	0	0	0	0	0	0	0	0	0	0	0	0	0	0	0	0	0	0	0	0	0	0	0	0	0	0	0	0	0	0	0	0	0	0	0	0	0	0	0	0	0	0	0	0	0	0	0	0	0	0	0	0	0	0	0	
0	0	0	0	0	0	0	0	0	0	192	0	0	0	0	0	0	0	0	96	0	0	0	0	0	0	0	0	0	0	0	0	0	0	0	0	0	0	0	500	0	0	0	0	0	0	0	0	0	0	0	0	0	0	0	0	0	0	0	0	0	0	0	0	0	0	0	0	0	48	0	0	0	0	0	0	0	0	0	0	0	0	96	0	0	0	0	0	0	0	0	0	0	0	0	0	0	0	0	0	0	0	0	0	0	0	0	0	0	0	0	0	0	0	0	0	0	0	0	0	
0	0	0	0	0	0	0	0	0	0	0	0	0	0	0	0	0	0	0	0	0	0	0	0	0	0	0	0	0	0	0	0	0	0	0	0	0	0	0	0	0	0	0	0	0	0	0	0	0	0	0	0	0	0	0	0	0	0	0	0	0	0	0	0	0	0	0	0	0	0	0	0	96	0	96	0	0	0	0	0	0	0	0	0	0	0	0	0	0	0	0	0	0	0	0	0	0	0	0	0	192	0	0	0	0	0	0	0	0	0	0	0	0	0	0	0	0	0	0	0	
0	0	0	0	0	0	0	0	0	0	0	0	0	0	0	0	0	0	0	0	0	0	0	0	0	0	0	0	0	0	0	0	0	0	0	0	0	0	0	0	0	0	0	0	0	0	48	0	0	0	0	0	0	0	0	0	0	0	0	0	0	0	0	0	0	0	0	0	0	0	0	0	0	0	0	0	0	0	0	0	0	0	0	0	0	0	0	0	0	0	0	0	0	0	0	0	0	0	0	0	0	0	0	0	0	0	0	500	0	0	0	0	0	0	0	0	0	0	0	0	
0	0	0	0	0	0	0	0	0	0	0	0	0	0	0	0	0	0	0	0	0	0	0	0	0	0	0	0	0	0	0	0	0	0	0	0	0	0	0	0	0	0	0	0	0	0	0	0	0	0	0	0	0	500	0	0	0	0	0	0	0	0	0	0	0	0	0	0	0	0	0	0	0	0	0	0	0	0	0	0	0	0	0	0	0	0	0	0	0	96	0	0	0	0	0	0	0	0	0	0	0	0	0	0	0	0	0	0	0	0	0	0	0	0	0	0	0	0	0	0	
0	0	0	0	0	0	0	0	0	0	0	0	0	0	0	0	0	0	0	0	0	0	0	0	0	0	0	0	0	0	0	0	0	0	0	0	0	0	0	0	0	0	0	0	0	0	96	0	0	48	0	0	0	0	0	0	0	0	0	0	0	0	0	500	0	0	0	0	0	0	0	0	0	0	0	0	0	0	0	0	0	0	0	0	0	0	0	0	0	0	500	0	0	0	0	0	0	0	0	0	0	0	0	0	0	0	0	96	0	0	0	0	0	0	0	0	0	0	0	0	
0	0	0	0	0	0	0	0	0	0	0	0	0	0	0	0	0	0	0	0	0	0	0	0	0	0	0	0	0	500	0	0	0	0	0	0	0	0	0	0	0	0	0	0	0	0	0	0	0	0	0	0	0	0	0	0	0	0	0	0	0	0	0	0	0	0	0	0	0	0	0	0	0	0	0	0	0	0	0	0	0	0	0	0	0	0	0	0	0	0	0	0	0	0	0	0	0	0	0	0	0	0	0	0	0	0	0	0	0	0	0	0	0	0	0	96	0	0	0	0	
0	0	0	0	0	0	0	0	0	0	0	0	0	0	0	0	0	0	0	0	0	0	0	0	0	0	0	0	0	0	0	0	0	0	0	0	0	48	0	0	0	0	0	0	0	0	0	0	0	0	0	0	0	0	0	0	0	0	0	0	0	0	0	0	0	0	0	0	0	0	0	0	0	0	0	0	0	0	0	0	0	0	0	0	0	0	0	0	0	0	0	0	0	192	0	0	0	0	0	0	0	0	0	0	0	96	96	0	0	192	0	0	0	0	0	0	0	0	0	0	
0	0	0	0	0	0	0	0	0	0	96	0	96	0	0	0	0	0	0	0	0	0	0	0	0	0	0	0	0	192	0	0	0	0	0	0	0	0	0	48	0	0	0	0	0	0	0	0	0	0	0	0	0	0	0	0	0	0	0	0	0	0	0	0	0	0	0	0	0	48	0	0	0	0	0	0	0	0	0	0	0	0	0	0	0	0	0	0	0	0	0	0	0	0	0	0	0	0	0	0	0	0	0	0	0	0	0	0	0	0	0	0	0	0	0	0	0	0	0	0	
0	0	0	0	0	0	500	0	0	0	0	0	0	0	0	0	0	0	0	0	0	0	0	0	0	0	0	0	0	0	0	96	0	0	0	0	0	0	0	0	0	0	0	0	0	0	0	0	0	0	0	0	0	0	0	0	0	0	48	0	0	0	0	0	0	0	0	0	0	0	0	0	0	0	0	0	0	0	0	0	0	0	0	0	0	0	0	0	96	0	0	0	0	0	0	0	0	0	0	0	0	0	0	0	500	0	0	0	0	0	0	0	0	0	0	0	0	0	0	0	
0	0	0	0	0	0	0	0	0	0	0	0	0	0	0	0	0	0	0	0	0	0	0	0	0	0	0	0	0	0	0	0	0	0	0	0	0	0	0	0	0	0	0	0	0	0	0	0	0	0	0	0	0	0	0	0	0	0	0	0	0	0	0	0	0	0	0	0	0	0	0	0	0	0	0	0	0	0	0	0	0	0	0	0	0	0	0	500	0	0	0	0	0	0	0	0	0	0	0	96	0	0	0	0	0	0	0	0	0	0	0	0	0	48	0	0	0	0	0	0	
0	0	0	192	0	0	0	0	0	0	0	0	0	0	0	0	0	0	0	0	0	0	0	0	0	0	0	0	0	0	0	0	0	0	0	0	0	0	0	0	0	0	0	0	0	0	0	0	0	0	0	0	0	0	0	0	0	0	0	0	0	0	0	0	0	0	0	0	0	0	0	500	0	0	0	0	0	0	0	48	0	0	0	0	0	0	0	0	0	0	0	0	0	0	0	0	0	0	0	0	0	0	0	0	0	0	0	0	500	0	0	0	0	0	0	0	0	0	0	0	
0	0	0	0	0	0	0	0	0	0	0	0	0	0	0	0	0	0	0	0	0	0	0	0	0	0	0	0	0	0	0	0	0	0	0	0	0	0	0	0	0	0	0	0	0	0	0	0	0	0	0	0	0	0	0	0	0	192	0	0	0	0	0	0	0	0	0	0	0	0	0	0	0	0	0	0	0	0	0	0	0	0	0	0	0	0	0	0	0	0	0	0	0	0	0	0	0	0	0	0	0	0	192	0	0	0	0	0	0	0	0	0	0	0	0	0	0	0	0	0	
0	0	0	0	0	0	0	0	0	0	0	0	0	0	0	0	0	0	0	0	0	0	0	0	0	0	0	0	0	0	0	0	0	0	0	192	0	0	0	0	0	0	0	0	0	0	0	0	0	0	0	0	0	0	0	0	0	0	0	0	0	0	0	0	0	0	0	0	0	0	0	0	0	0	0	0	0	0	0	0	0	0	0	0	0	0	0	0	0	0	0	0	0	0	0	0	0	0	0	0	0	0	0	0	0	0	0	0	0	0	0	0	0	0	0	0	0	0	96	0	
0	0	0	0	0	0	0	0	0	0	0	0	0	0	0	0	0	0	0	0	0	0	0	0	0	0	0	0	0	0	0	0	0	0	0	0	0	0	0	0	0	0	0	0	0	0	0	0	0	0	0	0	0	0	0	0	192	0	0	0	0	0	0	0	0	0	0	0	0	0	0	0	0	0	0	0	0	0	0	0	0	0	0	0	0	0	0	0	0	0	0	0	0	0	0	0	0	0	96	0	0	0	0	0	0	0	0	0	0	0	0	0	0	0	0	0	0	0	0	0	
0	0	0	0	0	0	0	0	0	0	0	0	0	0	0	0	0	0	0	0	0	0	0	0	0	0	0	0	0	0	0	0	0	0	0	0	0	0	0	0	0	0	0	0	0	0	0	0	0	0	0	0	0	0	0	0	0	0	0	192	0	0	0	0	0	500	0	0	0	0	0	0	0	0	0	0	0	0	0	0	0	0	0	0	0	0	0	0	0	0	0	0	0	0	0	0	0	0	0	0	0	0	0	0	0	0	0	0	0	0	0	0	0	0	0	0	0	0	0	0	
0	0	0	0	0	0	0	48	0	0	0	500	0	0	0	0	0	0	0	0	0	0	0	0	0	0	0	0	0	0	0	0	0	0	0	0	0	0	0	0	0	0	0	0	0	0	0	0	0	0	0	0	0	0	0	0	0	0	0	0	0	0	0	0	0	0	0	0	0	0	0	0	0	0	0	0	0	0	0	0	0	0	0	0	0	0	0	0	0	0	0	0	0	0	0	0	0	0	0	0	0	0	0	0	0	0	0	0	0	0	0	0	0	0	0	0	0	0	0	0	
0	0	0	0	0	0	0	0	0	0	0	0	0	0	0	0	0	0	0	0	0	0	0	0	0	0	0	0	0	0	0	0	0	0	0	0	0	0	0	0	0	0	0	0	0	0	0	0	0	0	0	0	0	0	0	0	0	0	0	0	0	0	0	0	0	0	0	0	0	0	0	0	0	0	0	0	96	0	0	0	0	0	0	0	0	0	0	0	0	0	0	192	0	0	0	500	0	0	0	0	0	0	0	0	0	0	0	0	0	0	0	192	0	0	0	0	0	0	0	0	
0	0	0	0	0	0	0	0	0	0	0	0	0	0	0	0	0	500	0	192	0	0	0	0	0	0	0	0	0	0	0	0	0	0	0	0	0	0	0	0	0	0	0	0	0	0	0	0	0	0	0	0	0	0	0	0	0	0	0	0	0	0	0	0	0	0	0	0	0	0	0	0	0	0	0	0	0	0	0	0	0	0	0	0	0	0	0	0	0	0	0	0	0	0	0	0	0	0	0	0	0	0	0	0	0	0	0	0	0	0	0	0	0	0	0	500	0	0	0	0	
0	0	192	0	0	0	0	0	0	0	0	0	0	0	0	0	0	0	0	0	0	0	0	0	0	0	0	0	0	0	0	0	0	0	0	0	0	0	0	0	0	0	0	0	500	0	0	0	0	0	48	0	0	0	0	0	0	0	0	0	0	0	0	0	0	0	0	0	0	0	0	0	0	0	0	0	0	0	0	0	0	0	0	0	0	0	0	0	0	0	0	0	0	0	0	0	0	0	0	0	0	0	0	0	0	0	0	0	0	0	0	0	0	0	0	0	0	0	0	0	
0	0	0	0	0	0	0	0	0	0	0	0	0	0	0	0	0	0	0	0	96	0	0	0	0	0	0	0	0	0	0	0	0	0	0	0	0	0	0	0	0	0	0	0	0	0	0	0	0	0	0	0	0	0	0	0	0	0	0	0	0	0	0	0	0	0	0	0	0	0	0	0	0	0	0	0	0	0	0	0	0	0	0	0	0	0	0	0	192	0	0	0	0	0	0	0	0	0	0	0	0	0	0	0	500	0	0	0	0	0	0	0	0	0	0	0	0	0	0	0	
0	0	0	0	0	0	0	192	0	0	0	0	0	0	0	0	0	0	0	0	0	0	0	0	0	0	0	0	0	0	0	0	0	0	0	0	0	0	0	0	0	0	0	0	0	0	0	0	0	0	0	0	0	0	0	0	0	0	0	0	0	0	0	0	0	0	0	0	0	0	0	0	0	0	0	0	0	0	0	0	0	0	0	0	0	0	0	0	0	0	0	0	0	0	0	0	0	0	0	0	0	0	500	0	0	0	0	0	0	0	0	0	0	0	500	0	0	0	0	0	
0	0	0	0	0	0	0	0	0	0	0	0	0	0	0	0	0	0	0	0	0	0	0	0	0	0	0	0	0	0	0	0	0	0	500	0	0	0	0	0	0	0	0	0	0	0	0	0	48	0	0	0	0	0	0	0	0	0	0	0	0	0	0	0	48	0	0	0	0	0	0	0	0	0	0	0	0	0	0	0	0	0	0	0	0	0	0	0	0	0	0	0	0	0	0	0	0	0	0	0	0	0	0	0	0	96	500	0	0	0	0	0	0	0	0	0	0	0	0	0	
0	0	0	0	0	0	0	0	0	0	0	0	0	0	0	0	0	0	0	0	0	0	0	0	0	0	0	0	0	0	0	0	0	500	0	0	0	0	0	0	0	0	0	0	0	0	0	0	96	0	0	0	0	0	0	0	0	0	0	0	0	0	0	0	0	0	0	0	0	0	0	0	0	0	0	0	0	0	0	0	0	0	0	0	0	0	0	0	0	0	0	0	0	0	0	0	0	0	0	0	0	0	0	0	0	0	0	0	0	0	0	0	0	0	0	0	0	0	0	0	
0	0	0	0	0	0	0	0	0	0	0	0	0	0	0	0	0	0	0	0	0	0	0	0	192	0	0	0	0	0	0	0	0	0	0	0	0	0	0	0	0	0	0	0	0	0	0	0	0	0	0	0	0	0	0	0	0	0	0	0	0	0	0	0	0	0	0	0	0	0	0	0	0	0	0	0	0	0	192	0	0	0	0	0	0	0	0	0	0	0	0	0	0	0	0	0	0	0	0	0	0	0	0	0	0	0	0	0	0	0	0	0	0	0	0	0	0	0	500	0	
0	0	0	0	500	0	0	0	192	0	0	0	0	0	0	0	0	0	0	0	0	0	0	0	0	0	0	0	0	0	0	0	0	0	0	0	0	0	0	0	0	192	0	0	0	0	0	0	0	0	0	0	0	0	0	0	0	0	0	0	0	0	0	0	0	0	0	0	0	0	0	0	0	0	0	0	0	0	0	0	0	0	0	0	0	0	0	0	0	0	0	0	0	0	0	0	0	0	0	0	0	0	0	0	0	0	0	0	0	0	0	0	0	0	0	0	0	0	0	0	
0	0	0	0	0	0	0	0	0	0	0	0	0	0	0	0	0	0	48	0	0	0	0	0	0	0	0	0	0	0	0	0	0	0	0	0	0	0	0	0	0	0	0	0	0	0	0	0	192	0	0	0	0	0	0	0	0	0	0	0	192	0	0	0	0	0	0	0	0	0	0	0	0	0	0	0	0	0	0	0	0	0	0	0	0	0	0	0	0	0	0	0	0	0	0	0	0	0	0	0	0	0	0	0	0	0	48	0	0	0	0	0	0	0	0	0	0	0	0	0	
0	0	0	0	0	96	0	0	0	0	0	0	0	0	0	0	0	0	0	0	0	0	0	0	0	0	0	0	0	0	0	0	0	0	0	0	0	0	0	0	0	0	0	0	0	0	0	0	0	0	0	0	0	0	0	0	0	0	0	0	0	0	0	0	0	0	0	0	0	0	0	0	0	0	0	0	0	0	0	0	0	0	0	0	0	0	0	0	0	0	0	0	0	0	0	0	0	0	0	0	0	0	0	0	0	0	0	0	0	0	0	0	96	0	0	0	0	0	0	0	
0	0	0	0	0	0	0	0	0	0	0	0	500	0	0	0	0	0	0	48	0	0	0	0	0	0	0	0	0	0	0	0	0	0	0	0	0	0	0	0	0	0	0	0	0	0	0	0	0	0	0	0	0	0	0	0	0	0	0	0	0	0	0	0	0	0	0	0	0	0	0	0	0	0	0	0	0	0	0	0	0	0	0	0	0	0	0	0	0	0	0	0	0	0	0	0	0	0	0	0	0	0	0	0	0	0	0	0	0	0	0	0	0	0	0	0	0	0	0	0	
0	0	0	0	0	0	0	0	0	0	0	0	0	0	0	0	0	0	0	0	0	0	0	0	0	0	0	0	0	0	0	0	0	0	0	0	0	0	0	0	0	0	192	0	0	0	0	0	0	0	0	0	0	0	0	0	0	0	0	0	0	0	0	0	0	0	0	0	0	0	0	0	0	0	0	0	0	0	0	0	0	0	0	0	0	0	0	0	0	0	0	0	0	0	0	0	0	0	0	0	0	500	0	0	0	0	0	0	0	0	0	0	0	0	0	0	192	0	0	0	
0	0	0	0	0	0	0	0	0	0	0	0	0	0	0	0	0	0	0	0	0	0	0	0	0	0	0	0	0	0	0	0	0	0	0	0	192	0	0	0	0	0	0	0	0	0	0	0	0	0	0	0	0	192	0	0	0	0	0	0	0	0	0	0	0	0	0	0	0	0	192	0	0	0	0	0	0	0	0	0	0	0	0	0	0	0	0	0	0	96	0	0	0	0	0	0	0	0	0	0	0	0	0	0	0	0	0	0	0	0	0	0	0	0	0	0	0	0	0	0	
0	0	0	0	0	0	0	0	0	0	0	0	0	0	0	0	0	0	0	0	0	0	0	0	0	0	0	0	0	0	0	0	0	0	0	0	0	0	0	0	192	0	0	192	0	0	0	0	0	0	0	0	0	0	0	0	0	0	0	0	0	0	0	0	0	0	0	0	0	0	0	0	0	0	0	0	0	0	0	0	0	0	0	0	0	0	0	0	0	0	0	0	0	0	0	0	0	0	0	0	0	192	0	0	0	0	0	0	0	0	0	0	0	0	0	0	0	0	0	0	
0	0	0	0	48	0	0	0	0	0	0	0	0	0	0	0	0	0	0	0	0	0	0	0	0	0	0	0	0	0	0	0	0	0	0	0	0	0	0	0	0	0	192	0	0	0	0	0	0	0	0	0	0	0	0	0	0	0	0	0	0	0	0	0	0	0	0	0	0	0	0	0	0	0	0	0	0	0	0	0	0	0	0	0	0	0	0	0	0	0	0	0	0	0	0	0	0	0	0	0	0	0	0	0	0	0	0	0	0	0	0	0	0	0	0	0	0	0	0	0	
0	0	192	0	0	0	0	0	0	0	0	0	0	0	0	0	0	0	0	0	0	0	0	0	0	0	0	0	0	0	500	0	0	0	0	0	0	0	0	0	0	0	0	0	0	0	0	0	0	0	192	0	0	0	0	0	0	0	0	0	0	0	0	0	0	0	0	0	0	0	0	0	0	0	0	0	0	0	0	0	0	0	0	0	0	0	0	0	0	0	0	0	0	0	0	0	0	0	0	0	0	0	0	0	0	0	0	0	0	0	0	0	0	0	0	0	0	0	0	0	
0	0	0	0	0	0	0	0	0	0	0	0	0	0	0	0	0	0	0	0	0	0	0	0	0	0	0	0	0	0	0	0	0	0	0	0	0	0	0	0	0	0	0	0	0	0	0	0	0	0	0	0	0	0	0	0	500	0	0	0	0	0	0	0	0	0	0	500	0	0	0	0	0	0	0	0	0	0	0	0	0	0	0	0	0	0	0	0	0	0	0	0	0	0	0	0	0	0	0	0	0	0	0	0	0	0	0	0	0	0	0	0	0	0	0	0	0	0	0	0	
0	0	0	0	0	0	0	0	0	0	0	0	0	0	48	0	96	0	0	0	0	0	0	0	0	0	0	0	0	0	0	0	0	0	0	0	0	0	0	0	0	0	0	0	0	0	0	0	0	0	0	0	0	0	0	0	0	0	0	0	0	0	0	0	0	0	0	0	0	0	0	0	0	0	0	0	0	0	0	0	0	0	0	0	0	0	0	0	0	0	0	0	0	0	0	0	0	0	0	0	0	0	0	0	0	0	0	0	0	0	0	0	0	0	0	0	0	0	0	0	
0	0	0	0	0	0	0	0	0	0	0	500	0	0	0	0	0	0	0	0	0	0	0	0	0	0	0	0	0	0	0	0	0	0	0	0	0	0	0	0	0	0	0	0	0	0	0	0	0	0	0	0	0	0	0	0	0	0	0	0	0	0	0	0	0	0	0	0	0	0	0	0	0	0	0	0	192	0	0	0	0	0	0	0	0	0	0	0	0	0	0	0	0	0	0	0	0	0	0	0	0	0	0	0	0	0	0	0	0	0	0	0	0	0	0	0	0	0	0	0	
0	0	0	0	0	0	0	0	0	0	0	0	0	0	0	0	0	0	0	0	0	0	0	0	0	0	0	0	0	0	0	0	0	48	96	0	0	192	0	0	0	0	0	0	0	0	0	0	0	0	0	0	0	0	0	0	0	0	0	0	96	0	0	0	0	0	0	0	0	0	0	0	0	0	0	0	0	0	0	0	0	0	0	0	0	0	0	0	0	0	0	0	0	0	0	0	0	0	0	0	0	0	0	0	0	0	0	0	0	0	0	0	0	0	0	0	0	0	0	0	
0	0	0	0	0	0	500	0	0	0	0	0	0	0	0	0	48	0	0	0	0	0	0	0	0	0	0	0	0	0	0	0	0	0	0	0	0	0	0	0	0	0	0	0	0	0	0	0	0	0	0	0	0	0	0	0	0	0	0	0	0	0	0	0	0	0	0	0	0	0	0	0	0	0	0	0	0	0	0	0	0	0	0	0	0	0	0	0	0	0	0	0	0	0	0	0	0	0	0	0	0	0	0	0	0	0	0	0	0	0	0	0	0	0	0	0	0	0	0	0	
0	0	500	0	0	0	0	0	0	0	0	0	0	0	0	0	0	0	0	0	0	0	0	0	0	0	0	0	0	0	48	0	0	0	0	0	0	0	0	0	0	0	0	0	192	0	0	0	0	0	0	0	0	0	0	0	0	0	0	0	0	0	0	0	0	0	0	0	0	0	0	0	0	0	0	0	0	0	0	0	0	0	0	0	0	0	0	0	0	0	0	0	0	0	0	0	0	0	0	0	0	0	0	0	0	0	0	0	0	0	0	0	0	0	0	0	0	0	0	0	
0	0	0	0	0	0	0	0	0	0	0	0	0	0	0	0	0	0	0	0	0	0	0	0	0	0	0	0	0	0	0	0	0	0	0	0	0	0	0	0	0	0	0	0	0	0	0	0	0	0	0	0	0	0	0	0	0	0	0	0	0	0	0	0	0	0	0	0	192	0	0	0	0	0	0	0	0	0	0	0	0	0	0	0	0	0	0	0	0	0	0	0	0	0	0	0	0	0	0	0	0	48	0	0	0	0	0	0	0	0	0	0	0	0	0	0	0	0	0	0	
0	0	0	0	0	0	0	0	0	0	0	0	0	0	0	0	0	0	0	0	0	0	0	0	0	0	0	0	0	0	0	0	0	0	0	0	0	0	0	0	0	0	0	0	0	0	0	0	0	0	0	0	0	0	0	0	0	0	0	0	0	0	0	0	0	0	0	0	0	0	0	0	0	0	0	0	0	0	0	0	0	0	0	96	0	0	0	0	0	0	0	0	0	0	0	0	0	0	0	0	0	0	0	0	0	0	0	0	0	0	0	0	0	0	0	0	0	0	0	96	
0	0	0	0	0	0	0	0	0	0	0	0	0	0	0	500	0	0	0	0	0	0	0	0	0	0	0	0	0	0	0	0	0	0	0	0	0	0	0	0	0	192	0	0	0	0	0	0	0	0	0	0	0	0	0	0	0	0	0	0	0	0	0	0	0	0	0	0	0	0	0	0	0	0	0	0	0	0	0	0	0	0	0	0	0	0	0	0	0	0	0	0	0	0	0	0	0	0	0	0	0	0	0	0	0	0	0	0	0	0	0	0	0	0	0	0	0	0	0	0	
0	0	0	0	0	0	0	0	0	0	0	0	0	0	0	0	0	0	0	0	0	0	0	0	0	0	0	0	0	0	0	0	0	0	0	0	0	0	0	0	0	0	0	0	0	0	0	0	0	0	0	0	0	0	0	0	0	0	0	0	0	0	96	0	0	0	0	0	0	0	0	0	0	0	0	0	0	0	0	0	0	0	0	0	0	0	0	0	0	0	0	0	0	0	0	0	192	0	0	0	0	0	0	0	0	0	0	0	0	0	0	0	0	0	0	0	0	0	0	0	
96	0	0	0	0	48	0	0	0	0	0	0	0	0	0	0	0	0	0	0	0	0	0	0	0	0	0	0	0	0	0	0	0	0	0	0	0	0	0	0	0	0	0	0	0	0	0	0	0	0	0	0	0	0	0	0	0	0	0	0	0	0	0	0	0	0	0	0	0	0	0	0	0	0	0	0	0	0	0	0	0	0	0	0	0	0	0	0	0	0	0	0	0	0	0	0	0	0	0	0	0	0	0	0	0	0	0	0	0	0	0	0	0	0	0	0	0	0	0	0	
0	0	0	0	0	0	0	0	0	0	0	0	0	0	0	0	0	0	0	0	0	0	0	0	0	192	0	0	0	0	0	0	0	0	0	0	0	0	0	0	0	0	0	0	0	500	0	0	0	0	0	0	0	0	0	0	0	0	0	0	0	0	0	0	0	0	0	0	0	0	0	0	0	0	0	0	0	0	0	0	0	0	0	0	0	0	0	0	0	0	0	0	0	0	0	0	0	0	500	0	0	0	0	0	0	0	0	0	0	0	0	0	0	0	0	0	0	0	0	0	
0	0	0	0	0	0	0	0	0	0	0	0	0	0	0	0	0	0	0	0	0	0	0	192	0	0	0	0	0	0	0	0	0	0	0	0	0	0	0	0	0	0	0	0	0	0	0	0	0	0	0	0	0	0	0	0	0	0	0	0	0	0	0	0	0	0	96	0	96	0	0	0	0	0	0	0	0	0	0	96	0	0	0	0	0	0	0	0	0	0	0	0	0	0	0	0	0	0	0	0	0	0	0	0	0	0	0	0	0	0	0	0	0	0	48	0	0	0	0	0	
0	0	0	0	0	0	0	0	0	0	0	0	0	0	0	0	0	0	0	0	48	0	0	0	0	0	0	0	0	0	0	0	0	0	0	0	0	0	0	0	0	0	0	0	0	0	0	0	0	0	0	0	0	0	0	0	0	0	0	0	0	0	0	0	0	0	0	0	0	0	0	0	0	0	0	0	0	0	0	0	0	0	0	0	0	0	0	0	0	0	0	0	0	0	0	0	48	0	0	0	0	0	0	0	0	0	0	0	0	0	0	0	0	0	0	0	0	0	0	0	
0	0	0	0	0	0	0	0	0	0	0	0	0	0	0	0	0	0	0	0	0	0	0	0	0	0	192	0	0	0	0	0	0	0	0	0	0	0	0	0	0	0	0	0	0	0	0	0	0	0	0	0	0	0	0	0	0	0	0	0	0	0	0	0	0	48	0	0	0	0	0	0	0	0	0	0	0	0	0	0	0	0	0	0	0	0	0	0	0	0	0	0	0	0	0	0	0	0	0	0	0	0	0	0	0	0	0	0	0	0	192	0	0	0	0	0	0	0	0	0	
0	48	0	0	0	0	0	0	0	0	0	0	0	0	0	0	0	0	0	0	0	0	0	0	0	0	0	0	0	0	0	0	0	0	0	0	0	192	0	0	0	0	0	0	0	0	0	0	96	0	0	0	0	0	0	0	0	0	0	0	0	0	0	0	0	0	0	0	0	0	0	0	0	0	0	0	0	0	0	0	0	0	0	0	192	0	0	0	0	0	0	0	0	0	0	0	0	0	0	0	0	0	0	0	0	0	0	0	0	0	48	0	0	0	0	0	0	0	0	0	
0	0	0	0	0	0	0	0	0	0	0	0	0	0	0	0	0	0	0	0	0	0	0	0	0	0	0	0	0	0	0	0	0	0	0	0	0	0	0	0	0	0	0	0	0	0	0	0	0	0	0	0	0	0	0	0	0	0	0	0	0	0	0	0	0	0	0	0	0	0	0	0	0	0	0	500	0	0	0	0	0	0	0	0	0	0	0	0	0	0	0	0	0	0	0	0	0	0	0	0	0	0	0	48	0	0	0	0	0	0	0	0	0	0	0	0	0	0	0	0	
0	0	0	0	0	0	0	0	0	0	0	0	0	0	0	0	0	0	0	0	0	0	0	0	0	0	0	0	0	0	0	0	0	0	0	0	0	0	0	0	0	0	0	0	0	0	0	0	0	0	0	0	0	0	96	0	0	0	0	0	0	0	0	0	0	0	0	0	0	0	0	0	0	0	0	0	0	0	0	0	0	0	0	0	0	0	0	0	0	0	0	0	0	0	0	0	500	0	0	0	0	0	0	0	0	0	0	0	0	0	0	0	0	0	0	0	0	0	0	0	
0	0	0	0	0	0	0	0	0	0	0	0	0	0	0	0	500	0	0	0	0	0	0	0	0	0	0	0	0	0	0	0	0	0	0	0	0	0	0	0	0	0	0	0	0	0	0	0	0	0	0	0	0	0	0	0	0	0	0	0	0	0	0	0	0	0	0	0	0	0	0	0	0	0	0	0	0	0	0	0	0	0	0	0	0	0	0	0	0	0	96	0	0	0	0	0	0	0	0	0	0	0	0	0	0	0	0	0	0	0	0	0	0	0	0	0	0	0	0	0	
0	0	0	0	0	0	0	0	0	0	0	0	0	0	0	0	0	0	0	0	0	0	0	0	0	0	0	0	0	0	0	0	0	48	0	0	0	0	0	0	0	0	0	0	0	0	0	0	0	0	0	0	0	0	0	0	0	0	0	0	0	0	0	0	0	0	0	0	0	0	0	0	0	0	0	0	0	0	0	0	0	0	0	0	0	0	0	0	0	0	0	0	0	0	0	0	0	192	0	0	0	0	0	0	0	0	0	0	0	0	0	0	0	0	0	0	0	0	0	0	
0	0	0	0	0	0	0	0	0	0	0	0	0	0	0	0	0	0	0	0	0	0	0	0	0	0	500	0	0	0	0	0	0	0	0	0	0	0	0	0	0	0	0	0	0	0	0	0	0	0	0	0	0	0	0	0	0	0	0	48	0	0	0	0	0	0	0	0	0	0	0	0	0	0	0	0	0	0	0	0	0	0	0	0	0	0	0	0	0	0	0	0	0	0	0	0	0	0	0	0	0	0	0	0	0	0	0	0	0	0	0	0	0	0	0	0	0	0	0	0	
0	0	0	0	0	0	0	0	0	0	0	0	0	0	0	0	0	0	0	0	0	0	0	0	0	0	0	0	0	0	0	0	0	0	0	0	0	0	0	0	0	0	0	0	0	0	0	0	0	0	0	0	0	0	0	0	0	96	0	0	0	0	0	0	0	0	0	0	0	0	0	0	0	0	0	0	0	0	0	0	0	0	0	0	0	500	0	0	0	0	0	0	0	0	0	0	0	0	0	0	0	0	0	0	0	0	0	0	0	0	0	0	0	0	0	0	0	0	0	0	
192	0	0	0	0	96	0	0	0	0	0	0	0	0	0	0	0	0	0	0	0	0	0	0	0	0	0	0	0	0	0	0	0	0	0	0	0	0	0	0	0	0	0	0	0	500	0	0	0	0	0	0	0	0	0	0	0	0	0	0	0	0	0	0	0	0	0	0	0	0	0	0	0	0	0	0	0	0	0	0	0	0	0	0	0	0	0	0	0	0	0	0	0	0	0	0	0	0	0	0	0	0	0	0	0	0	0	0	0	0	0	0	0	0	0	0	0	0	0	0	
0	0	0	0	0	0	0	0	0	0	0	0	0	0	0	0	0	0	0	0	0	0	0	0	0	0	0	0	0	0	0	0	0	0	0	0	0	0	0	0	0	0	0	0	0	0	0	0	0	0	0	192	0	0	0	0	0	96	0	0	0	0	0	0	0	0	0	0	0	0	0	0	0	0	0	0	0	0	0	0	0	0	0	0	0	0	0	0	0	0	0	0	0	0	0	0	0	0	0	0	0	0	0	0	0	0	0	0	0	0	0	0	0	0	0	0	0	0	0	0	
0	0	0	0	0	0	0	0	0	0	48	0	48	0	0	0	0	0	0	48	0	0	0	0	0	0	0	0	0	0	0	0	0	0	0	0	0	0	0	0	0	0	0	0	0	0	0	0	0	0	0	0	0	0	0	0	0	0	0	0	0	0	0	0	0	0	0	0	0	0	0	0	0	0	0	0	0	0	0	0	0	0	500	0	0	0	0	0	0	0	0	0	96	0	0	0	0	0	0	0	0	0	0	0	0	0	0	0	0	0	0	0	0	0	0	0	0	0	0	0	
0	0	0	0	0	0	0	0	0	0	0	0	0	0	0	0	0	0	0	0	0	0	0	0	0	0	0	0	0	0	0	0	0	0	0	0	0	0	0	0	0	192	0	0	0	0	0	0	0	0	0	0	0	0	0	0	0	0	0	0	0	0	0	0	0	0	0	0	0	0	0	0	0	500	0	0	0	0	0	0	0	0	0	0	0	0	0	0	0	0	0	0	0	0	0	0	0	0	0	0	0	0	0	0	0	0	0	0	0	0	0	0	0	0	0	0	0	0	0	0	
0	0	0	0	0	0	0	0	0	0	0	0	0	0	0	0	0	0	0	0	0	0	500	0	0	0	0	0	0	0	0	0	0	0	0	0	0	0	0	0	0	0	0	0	0	0	0	0	0	0	0	0	0	0	0	0	0	0	0	0	0	0	0	0	0	0	0	0	0	0	0	0	0	0	0	0	0	0	0	0	0	0	0	0	0	0	500	0	0	0	0	0	0	0	0	0	0	0	0	0	0	0	0	0	0	0	0	0	0	0	0	0	0	0	0	0	0	0	0	0	
0	0	0	0	0	0	0	0	0	500	0	0	0	96	0	0	0	0	0	0	0	0	0	0	0	0	0	0	0	0	0	0	0	0	0	0	0	0	0	0	0	0	0	0	0	0	0	0	0	0	0	0	0	0	0	0	0	0	0	0	0	0	0	0	0	0	0	0	0	0	0	0	0	0	0	0	0	0	0	0	0	0	0	0	0	0	0	0	0	0	0	0	0	0	0	0	0	0	0	0	0	0	0	0	0	0	0	0	0	0	0	0	0	0	0	0	0	0	0	0	
0	0	0	0	0	0	0	0	0	0	0	0	0	0	0	0	0	0	0	0	0	0	0	0	0	0	0	0	0	0	0	0	0	0	0	0	0	0	0	0	0	0	0	0	0	0	0	0	0	0	0	0	0	0	0	0	0	0	0	0	0	0	0	0	0	0	0	0	0	0	500	0	0	0	0	0	0	0	0	0	192	0	0	0	0	0	0	0	0	0	0	0	0	0	0	0	0	0	0	0	0	0	0	0	0	0	0	0	0	0	0	0	0	0	0	0	0	0	0	0	
0	0	0	0	0	0	0	0	0	0	0	0	0	96	0	0	0	0	0	0	0	0	0	0	0	0	0	0	0	0	0	0	0	0	0	0	0	0	0	0	0	0	0	0	0	0	0	0	0	0	0	0	0	0	0	0	0	0	0	0	0	0	0	0	0	0	0	0	0	0	0	0	0	0	0	0	0	0	0	0	0	500	0	0	0	0	0	0	0	0	0	0	0	0	0	0	0	0	0	0	96	0	0	0	0	0	0	0	0	0	0	0	0	0	0	0	0	0	0	0	
0	0	0	0	0	0	0	0	0	0	0	0	0	0	0	0	0	0	0	0	0	0	0	0	0	0	0	0	0	0	0	0	0	0	0	0	0	0	0	0	0	0	0	0	0	0	0	0	0	0	0	0	0	0	0	0	0	0	0	0	0	500	0	0	0	0	0	0	0	0	0	0	0	0	0	0	0	0	0	0	0	0	0	0	0	0	0	0	0	0	0	0	0	0	0	0	0	0	0	0	0	0	0	192	0	0	0	0	0	0	0	0	0	0	0	0	0	0	0	0	
0	0	0	0	0	0	0	0	0	0	0	0	0	0	0	0	0	0	0	0	0	0	0	0	0	0	0	0	96	0	0	0	0	0	0	0	0	0	0	0	0	0	0	0	0	0	0	192	0	0	0	0	0	0	0	0	0	0	0	0	0	0	0	0	0	0	0	0	0	0	0	0	0	0	0	0	0	0	0	0	0	0	0	0	0	0	0	0	0	0	0	0	0	0	0	0	0	0	0	0	0	0	0	0	0	0	0	0	0	0	0	0	0	0	0	0	0	0	0	0	
0	0	0	0	0	0	0	0	0	0	0	0	0	0	0	0	0	0	0	0	0	0	0	0	0	0	0	0	0	0	0	0	0	0	0	0	0	0	0	0	0	0	0	0	0	0	0	0	0	0	0	0	0	0	0	0	0	0	0	0	0	0	0	0	0	0	0	0	0	0	0	0	0	0	0	0	0	0	0	0	0	0	0	48	0	0	500	0	0	0	0	0	0	0	0	0	0	0	0	0	0	0	0	0	0	0	0	0	0	0	0	0	0	0	0	0	0	48	0	48	
0	0	0	0	0	0	0	0	0	0	0	0	0	0	0	0	0	0	0	0	0	0	0	0	0	0	0	0	0	0	0	0	0	0	0	192	0	0	0	0	0	0	0	0	0	0	0	0	0	0	0	0	0	0	0	0	0	0	0	0	0	0	0	0	0	0	0	0	0	0	0	0	0	0	0	0	0	0	0	0	0	0	0	0	0	0	0	0	0	0	0	0	0	0	0	0	0	0	0	0	0	0	0	0	0	0	0	0	0	0	0	48	0	0	0	0	0	0	0	0	
0	0	0	0	0	0	0	0	0	0	0	0	0	0	0	0	0	0	0	0	0	0	48	0	0	0	0	0	0	0	0	0	0	0	0	0	0	0	0	0	0	0	0	0	0	0	0	0	0	0	0	0	0	0	0	0	0	96	0	0	0	0	0	0	0	0	0	0	0	0	0	0	0	0	0	0	0	0	0	0	0	0	0	0	0	0	0	0	0	0	0	0	0	0	0	0	0	0	0	0	0	0	0	0	0	0	0	0	0	0	0	0	0	0	48	0	0	0	0	0	
0	0	0	0	0	0	0	0	96	0	0	0	0	0	0	0	0	0	0	0	0	0	0	0	0	0	0	0	0	0	0	0	0	0	0	0	0	0	0	0	0	0	0	0	0	0	0	0	0	0	0	0	0	0	0	0	0	0	0	0	0	0	0	0	0	0	0	0	0	0	0	0	0	192	0	0	0	0	0	0	0	96	0	0	0	0	0	0	0	0	0	0	0	0	0	0	0	0	0	0	0	0	0	0	0	0	0	0	0	0	0	0	0	0	0	0	0	0	0	0	
0	0	0	0	0	0	0	0	0	0	0	0	0	0	0	0	0	0	0	0	0	0	0	0	0	0	0	0	0	0	0	0	0	0	0	0	0	0	0	0	0	0	0	0	0	0	0	0	0	0	0	0	0	0	0	0	0	0	0	0	0	0	0	0	0	0	0	0	0	0	0	0	0	0	500	0	0	0	0	0	96	0	0	0	0	0	0	0	0	0	0	0	0	0	0	0	0	0	0	0	0	0	0	0	0	0	0	0	0	0	0	0	0	0	0	0	0	0	0	0	
0	0	0	0	0	0	0	0	0	0	0	0	96	0	0	0	0	0	0	0	0	0	0	0	0	0	0	0	0	0	0	0	0	0	0	0	0	0	0	0	0	0	0	0	0	0	0	0	0	0	0	0	0	0	0	0	0	0	0	0	0	0	0	0	0	0	0	0	0	500	0	0	0	0	0	0	0	0	0	0	0	0	0	0	0	0	0	0	0	0	0	0	500	0	0	0	0	0	0	0	0	0	0	0	0	0	0	0	0	0	0	0	0	0	0	0	0	0	0	0	
0	0	0	0	0	0	0	0	0	0	0	0	0	0	0	0	0	0	0	0	0	0	0	0	0	0	0	0	0	0	0	0	0	0	0	0	0	0	0	0	0	0	0	0	0	0	0	0	0	0	0	0	96	0	0	0	0	0	0	0	0	0	0	0	0	0	0	0	0	0	0	0	0	0	0	0	0	48	0	0	0	0	0	0	0	0	0	0	0	0	0	0	0	0	0	0	0	0	0	0	0	0	0	0	0	0	0	0	0	0	0	0	0	0	0	0	0	0	0	48	
0	0	0	0	0	0	0	0	0	0	0	0	0	0	0	0	0	0	0	0	0	0	0	0	0	0	0	0	0	0	0	0	0	0	0	0	0	0	0	0	0	0	0	0	0	0	0	0	0	0	0	0	0	0	0	0	0	0	0	0	192	0	0	0	0	0	0	0	0	0	0	0	0	0	0	0	0	0	0	0	0	0	0	0	0	500	0	0	0	0	0	0	0	0	0	0	0	96	0	0	0	0	0	0	0	0	0	0	0	192	0	0	192	0	0	0	0	0	0	0	
0	0	0	0	0	0	0	0	0	0	0	0	0	0	0	0	0	0	0	0	0	0	0	0	0	0	0	0	0	0	0	0	0	0	0	0	0	0	0	0	0	0	0	0	0	0	0	0	0	0	0	0	0	0	0	0	0	0	0	0	0	0	0	0	0	0	500	0	0	0	0	0	0	0	0	0	0	0	0	0	0	0	0	0	500	0	0	0	0	0	0	0	0	0	0	0	0	0	0	0	0	0	0	0	0	0	0	0	0	0	0	0	0	0	0	0	0	0	0	0	
0	0	0	0	0	0	0	0	0	0	0	0	0	0	0	0	0	0	0	0	0	0	0	0	0	0	0	0	0	0	0	0	0	0	0	0	0	0	0	0	0	0	0	0	0	0	0	0	0	0	0	0	0	0	0	0	0	0	0	0	0	0	0	0	0	0	0	0	0	0	0	500	0	0	0	0	0	500	0	0	0	0	0	0	0	0	0	0	0	0	0	0	0	0	0	0	0	0	0	96	0	0	0	0	0	0	0	0	0	0	0	0	0	0	0	0	0	0	0	0	
0	0	0	0	0	0	0	0	0	0	0	0	0	0	0	0	0	0	0	0	0	500	0	0	0	0	0	0	0	0	0	0	0	0	0	0	0	0	0	0	0	0	0	0	0	0	0	0	0	0	0	0	0	0	0	0	0	0	0	0	0	0	0	0	0	0	0	0	0	0	0	0	0	0	0	0	0	0	0	0	0	0	0	0	0	0	0	0	0	0	0	0	0	0	0	0	0	0	0	0	0	0	0	0	0	0	0	0	0	0	0	0	0	96	0	0	500	0	0	0	
0	0	0	0	0	0	0	0	0	0	0	0	0	0	0	0	0	0	0	0	96	0	0	0	0	0	0	0	0	0	0	192	0	0	0	0	0	0	0	0	0	0	0	0	0	0	0	0	0	0	0	0	0	0	0	0	0	0	0	0	0	0	0	0	0	0	0	0	0	0	0	0	0	0	0	0	0	0	0	0	0	0	0	0	0	0	0	0	0	0	0	0	0	0	0	0	48	0	0	0	0	0	0	0	96	0	0	0	0	0	0	0	0	0	0	0	0	0	0	0	
0	0	0	0	0	0	0	0	0	0	0	0	0	0	0	96	0	0	0	0	0	0	0	0	0	0	0	0	0	0	0	0	0	0	0	0	0	0	0	0	0	96	0	0	0	0	0	0	0	0	0	0	0	0	0	0	0	0	0	0	0	0	0	0	0	0	0	0	0	0	0	0	0	0	0	0	0	0	0	0	0	0	0	0	0	0	0	0	0	0	0	0	0	0	0	0	0	0	0	0	0	0	0	0	0	0	0	0	0	0	0	0	0	0	0	0	0	0	0	0	
0	0	0	0	0	0	0	0	0	0	0	0	0	0	0	0	500	0	0	0	0	0	0	0	0	0	0	0	0	0	0	0	0	0	0	0	0	0	0	0	0	0	0	0	0	0	0	0	0	0	0	0	0	0	0	0	0	0	0	0	0	0	0	96	0	0	0	0	0	0	0	0	0	0	0	0	0	0	0	0	0	0	0	0	0	0	0	0	0	0	0	0	0	0	0	0	0	0	0	0	0	0	0	0	0	0	0	0	0	0	0	0	0	0	0	96	0	0	0	0	
0	0	0	0	0	0	0	0	0	0	0	0	0	0	0	0	0	0	0	0	0	0	0	0	0	0	0	0	192	0	0	0	0	0	0	0	0	0	0	0	0	0	0	0	0	0	0	0	0	0	0	0	0	0	0	0	0	0	0	0	0	0	0	0	0	0	0	0	0	0	0	0	0	0	0	0	0	0	0	0	0	0	0	0	0	0	0	0	0	0	0	0	0	0	0	0	0	48	0	0	0	0	0	0	0	0	0	0	0	0	0	0	0	0	0	0	0	0	0	0	
0	0	0	0	0	0	0	0	0	0	0	0	0	0	0	0	0	0	0	0	0	0	0	0	0	0	0	0	0	0	0	0	0	0	0	0	0	0	0	0	0	0	0	0	0	0	0	0	0	0	0	0	0	0	0	0	0	0	0	0	0	0	0	0	0	0	0	0	0	96	0	0	0	0	0	0	0	0	0	0	0	0	500	0	0	0	0	0	0	0	0	0	0	0	0	500	0	0	0	0	0	0	0	192	0	0	0	0	0	0	0	0	0	0	0	0	0	0	0	0	
0	192	0	0	0	0	0	0	0	0	0	0	0	0	0	0	0	0	192	0	0	0	0	0	0	0	0	0	0	0	0	0	0	0	0	0	0	0	0	0	0	0	0	0	0	0	0	0	0	0	0	0	0	0	0	0	0	0	0	0	0	0	0	0	0	0	0	0	0	0	0	0	0	0	0	0	0	0	0	0	0	0	0	0	0	0	0	0	0	0	0	0	0	0	0	0	0	0	0	0	0	0	0	0	0	0	0	0	0	0	0	0	0	0	0	0	0	0	0	0	
0	0	96	192	0	0	0	0	0	0	0	0	0	0	0	0	0	0	0	0	0	0	0	0	0	0	0	0	0	0	0	0	0	0	0	0	0	0	0	0	0	0	0	0	0	0	0	0	0	0	0	0	0	0	0	0	0	0	0	0	0	0	0	0	0	0	0	0	0	0	0	0	0	0	0	0	0	0	0	0	0	0	0	0	0	0	0	0	0	0	0	0	0	0	0	0	0	0	0	0	0	0	0	0	0	0	0	0	0	0	0	0	0	0	0	0	0	0	0	0	
0	0	0	0	0	0	0	0	0	0	0	0	0	0	0	0	0	0	0	0	0	0	0	0	0	0	0	0	500	0	0	0	0	0	0	0	0	0	0	0	0	0	0	0	0	0	0	0	0	0	0	0	0	0	0	0	0	0	0	0	0	0	0	0	0	0	0	0	0	0	0	0	0	0	0	0	0	0	0	0	0	0	0	0	0	0	0	0	0	0	0	0	500	0	0	0	0	0	0	0	0	0	0	0	0	0	0	0	0	0	0	0	0	0	0	0	0	0	0	0	
0	0	0	0	0	0	0	0	0	0	0	0	0	0	0	0	0	0	0	0	0	0	0	0	0	0	0	0	0	0	0	0	0	0	0	0	0	0	0	0	0	0	0	0	0	0	0	0	0	0	0	0	0	0	192	0	0	0	48	0	0	0	500	0	0	0	0	0	0	0	0	0	0	0	0	0	0	0	0	0	0	0	0	0	0	0	0	0	48	0	0	0	0	0	0	0	0	0	0	0	0	0	0	0	0	0	0	0	0	0	0	0	0	0	0	0	0	0	0	0	
0	0	0	0	0	0	0	0	0	0	0	0	0	0	0	0	0	0	0	0	0	0	0	0	0	0	0	0	0	0	0	0	0	0	0	0	0	0	0	0	0	0	0	0	0	0	0	0	0	0	0	0	0	0	0	0	0	0	0	0	0	0	0	0	192	0	0	0	0	0	0	0	0	0	0	0	0	0	0	0	0	0	0	0	96	0	0	0	0	0	0	48	0	0	0	0	0	0	0	0	0	0	0	0	0	0	0	0	0	0	0	0	0	0	0	0	0	0	0	0	
0	0	0	0	0	0	0	0	0	0	0	0	0	0	0	0	0	0	0	0	0	0	0	0	0	96	0	0	0	0	0	0	0	0	0	0	0	0	0	0	0	0	0	0	0	0	0	0	0	0	0	0	0	0	0	0	500	0	0	0	0	0	0	0	0	0	0	0	0	0	0	0	0	0	0	0	0	0	0	0	0	0	0	0	0	0	0	0	0	0	0	0	0	0	0	0	0	0	0	0	0	0	0	0	0	0	0	0	0	0	0	0	0	0	0	0	0	0	0	0	
0	0	0	0	0	0	0	0	0	0	0	0	0	0	0	0	0	0	0	0	0	96	0	0	0	0	0	0	0	0	0	0	0	0	0	0	0	0	0	0	0	0	0	0	0	0	0	0	0	0	0	0	0	0	0	0	0	0	0	0	0	0	0	0	0	0	0	0	0	0	0	0	0	0	0	0	0	0	0	0	0	0	0	0	0	0	96	0	0	0	0	0	0	0	0	0	0	0	0	0	0	0	0	0	0	0	0	0	0	0	0	0	0	96	0	0	0	0	0	0	
0	0	0	0	0	0	0	0	0	48	0	0	0	192	0	0	0	0	0	0	0	0	0	0	0	0	0	0	0	0	0	0	0	0	0	0	0	0	0	0	0	0	0	0	0	0	0	0	0	0	0	0	0	0	0	0	0	0	0	0	0	0	0	0	0	0	0	0	0	0	0	0	0	0	96	0	0	0	0	0	0	0	0	0	0	0	0	0	0	0	0	0	0	0	0	0	0	0	0	0	0	0	0	0	0	0	0	0	0	0	0	0	0	0	0	0	0	0	0	0	
0	0	0	0	0	0	0	0	0	0	0	0	0	0	0	0	0	0	0	0	0	0	0	0	0	0	0	0	0	0	0	0	0	0	0	0	0	0	0	0	500	0	192	0	0	0	0	0	0	0	0	48	0	0	0	0	0	0	0	0	0	0	0	0	0	0	0	0	0	0	0	0	0	0	0	0	0	0	0	0	0	0	0	0	0	0	0	0	0	0	0	0	0	0	0	0	0	0	0	0	0	0	0	0	0	0	0	0	0	0	0	0	0	0	0	0	500	0	0	0	
0	0	0	0	0	0	0	500	0	0	0	0	0	0	0	0	0	0	0	0	0	0	0	192	0	0	0	0	0	0	0	0	500	0	0	0	0	0	0	0	0	0	0	0	0	0	0	0	0	0	0	0	0	0	0	0	0	0	0	0	0	0	0	0	0	0	0	0	0	0	0	0	0	0	0	0	0	0	0	0	0	0	0	0	0	0	0	0	0	0	0	0	0	0	0	0	0	0	0	0	0	0	0	0	0	0	0	0	0	0	0	0	0	0	0	0	0	0	0	0	
0	0	0	0	0	0	0	0	0	0	0	0	0	0	0	0	0	0	0	0	0	0	0	0	0	0	0	0	0	0	0	0	0	0	0	0	0	0	0	0	0	0	0	0	0	0	0	0	0	0	0	0	0	0	0	0	0	0	0	0	0	48	0	0	0	0	0	0	0	0	0	0	0	0	0	192	0	0	0	0	0	0	0	0	0	0	0	0	0	0	0	0	192	0	0	0	0	0	0	0	0	0	0	0	0	0	0	0	0	0	0	0	0	0	0	0	0	0	0	0	
0	0	0	0	0	0	0	0	0	0	0	0	0	0	0	0	0	0	0	0	500	0	0	0	0	0	0	0	0	0	0	500	0	0	0	0	0	0	0	0	0	0	0	0	0	0	0	0	0	0	0	0	0	0	0	0	0	0	0	0	0	0	0	0	0	0	0	0	0	0	0	0	0	0	0	0	0	0	0	0	0	0	0	0	0	0	0	0	96	0	0	0	0	0	0	0	0	0	0	0	0	0	0	0	0	0	0	0	0	0	0	0	0	0	0	96	0	0	0	0	
0	0	0	0	0	0	0	0	0	0	0	0	0	0	0	0	0	0	96	0	0	0	0	0	0	0	0	0	0	0	0	0	0	96	0	0	0	0	0	0	0	0	0	0	0	0	0	0	0	0	0	0	0	0	0	0	0	0	0	0	0	0	0	0	0	0	0	0	0	0	0	0	0	0	0	0	0	0	0	0	0	0	0	0	0	0	0	0	0	0	0	0	0	0	0	0	0	0	0	0	0	0	0	0	0	0	0	0	0	0	0	0	0	0	0	0	0	0	0	0	
0	0	0	0	0	0	0	0	0	0	0	0	0	0	0	0	0	0	96	0	0	0	0	0	0	0	0	0	0	0	0	0	0	500	0	0	0	48	0	0	0	0	0	0	0	0	0	0	0	0	0	0	0	0	0	0	0	0	0	0	0	0	0	0	0	0	0	0	0	0	0	0	0	0	0	0	0	0	0	0	0	0	0	0	0	0	0	0	0	0	0	0	0	0	0	0	0	0	0	0	0	0	0	0	0	0	0	0	0	0	0	0	0	0	0	0	0	0	0	0	
0	0	0	0	0	0	0	0	0	0	0	0	0	0	500	0	96	0	0	0	0	0	0	0	0	0	0	0	0	0	0	0	0	0	0	0	0	0	0	0	0	0	0	0	0	0	0	0	0	0	0	0	0	0	0	0	0	0	0	0	0	0	0	0	0	0	0	0	0	0	0	0	0	0	0	0	0	0	0	0	0	0	0	0	0	0	0	0	0	0	0	0	0	0	0	0	0	0	0	0	0	0	0	0	0	0	0	0	0	0	0	0	0	0	0	0	0	0	0	0	
0	0	0	500	0	0	0	0	0	0	0	0	0	0	0	0	0	0	0	0	0	0	500	0	0	0	0	0	0	0	0	0	0	0	0	0	0	0	0	0	0	0	0	0	0	0	0	0	0	0	0	0	0	0	0	0	0	0	0	0	0	0	0	0	0	0	0	0	0	0	0	0	0	0	0	0	0	0	0	0	0	0	0	0	0	0	0	0	0	0	0	0	0	0	0	0	0	0	0	0	0	0	0	0	0	0	0	0	0	0	0	0	0	0	0	0	0	0	0	0	
0	0	0	0	0	0	0	0	0	0	0	0	0	0	0	0	0	0	192	0	0	0	0	0	0	0	0	0	0	0	0	0	0	0	0	0	0	0	0	0	0	0	0	0	0	0	0	0	0	0	0	0	0	0	0	0	0	0	0	0	0	0	0	0	0	0	0	0	0	0	0	0	0	0	0	0	0	0	0	0	0	0	0	0	192	0	0	0	0	0	0	0	0	0	0	0	0	0	0	0	0	0	0	0	0	0	0	0	0	0	0	0	0	0	0	0	0	0	0	0	
0	0	0	0	0	0	0	0	0	0	0	0	0	0	0	0	0	0	0	0	0	0	0	0	0	0	0	0	0	0	0	0	0	0	0	0	0	0	0	0	0	0	0	0	0	0	0	0	0	0	0	0	0	0	0	0	0	0	0	192	48	0	0	0	0	0	0	0	0	0	0	0	0	0	0	0	0	0	0	0	0	0	0	0	0	0	0	0	0	0	0	0	0	0	0	0	0	0	0	0	0	0	0	0	0	0	0	0	0	0	0	0	0	0	0	0	0	0	0	0	
0	0	0	0	0	0	0	0	0	0	0	0	0	0	0	0	0	0	0	0	0	0	0	0	0	0	0	0	192	0	0	0	0	0	0	0	0	0	0	0	0	0	0	0	0	0	0	0	0	0	0	0	0	0	0	0	0	0	0	0	0	0	0	0	0	0	0	0	0	0	0	0	0	0	0	0	0	0	48	0	0	0	0	0	0	0	0	0	0	0	0	0	0	0	0	0	0	0	0	0	0	0	0	0	0	0	0	0	0	0	0	0	0	0	0	0	0	0	0	0	
0	0	0	0	0	500	0	0	0	0	0	0	0	0	0	0	0	0	0	0	0	0	0	0	0	0	0	0	0	0	0	0	0	0	0	0	0	0	96	0	0	0	0	0	0	0	0	0	0	0	0	0	0	0	0	0	0	0	0	0	0	0	0	0	0	0	0	0	0	0	0	0	0	0	0	0	0	0	0	0	0	0	0	0	192	0	0	0	0	0	0	0	0	0	0	0	0	0	0	0	0	0	0	0	0	0	0	0	0	0	0	0	0	0	0	0	0	0	0	0	
0	0	0	0	0	0	0	0	0	0	0	0	0	0	0	0	0	0	0	0	0	48	0	0	0	0	0	0	0	0	0	0	0	0	0	0	0	0	0	0	0	0	0	0	0	0	0	0	0	0	0	0	0	0	0	0	0	0	0	0	0	0	0	0	0	0	0	0	0	0	0	0	0	0	0	0	0	0	0	0	0	0	0	0	0	0	0	96	0	0	0	0	0	0	0	0	0	0	0	96	0	0	0	0	0	0	0	0	0	0	0	0	0	0	0	0	0	0	0	0	
0	0	0	0	0	0	0	96	0	0	0	0	0	0	0	0	0	0	0	0	0	0	0	0	0	0	0	0	0	0	0	0	500	0	0	0	0	0	0	0	0	0	0	0	0	0	0	0	0	0	0	0	0	0	0	0	0	48	0	0	0	0	0	0	0	0	0	0	0	0	0	0	0	0	0	0	0	0	0	48	0	0	0	0	0	0	0	0	0	0	0	0	0	0	0	0	0	0	0	0	0	0	0	0	0	0	0	0	0	0	0	0	0	0	0	0	0	0	0	0	
0	0	0	0	0	0	0	0	0	0	0	0	0	0	0	0	0	96	0	0	0	0	0	0	0	0	0	0	0	500	0	0	0	0	0	0	0	0	0	0	0	0	0	0	0	0	0	0	0	0	0	0	0	0	0	0	0	0	0	0	0	0	0	0	0	0	0	0	0	0	0	0	0	0	0	0	0	0	0	0	0	0	0	0	0	0	0	0	0	0	96	0	0	0	0	0	0	0	0	0	0	0	0	0	96	0	0	0	0	0	0	0	0	0	0	0	0	0	192	0	
0	0	0	0	0	0	0	0	0	0	0	0	0	0	0	0	0	0	0	0	0	0	0	0	0	0	0	0	0	0	0	0	0	0	0	0	0	0	0	0	192	0	0	0	0	0	0	0	0	0	0	0	0	0	0	0	0	0	0	0	0	0	0	0	0	0	0	0	0	0	0	0	0	0	0	0	0	0	0	0	0	0	0	0	0	0	0	500	0	0	0	0	0	0	0	0	0	0	0	0	0	500	0	0	0	0	0	0	0	0	0	0	0	0	0	0	0	0	0	0	
0	0	96	0	0	0	0	0	0	0	0	0	0	0	0	0	0	0	0	0	0	0	0	0	0	0	0	0	0	0	0	0	0	0	0	0	0	0	0	0	0	0	0	0	0	0	0	0	0	0	0	0	0	0	0	0	0	0	0	0	0	0	0	0	0	0	0	0	0	0	0	0	0	0	0	0	0	48	0	0	0	0	0	0	0	0	0	0	0	0	0	0	0	0	0	0	0	0	0	0	0	0	0	0	0	0	0	0	0	0	0	0	0	0	0	0	0	0	0	0	
0	0	0	0	0	0	0	0	0	0	0	0	0	0	0	0	0	0	0	0	0	0	0	0	96	0	0	0	0	0	0	0	0	0	0	500	0	0	0	0	0	0	0	0	0	0	0	0	0	0	0	0	0	0	0	0	0	0	0	0	0	0	0	0	0	0	0	0	0	0	0	0	0	0	0	0	0	0	0	0	0	0	0	0	0	0	0	0	0	0	0	0	0	0	0	0	0	0	0	0	0	0	0	0	0	0	0	0	0	0	0	0	0	0	0	192	0	0	0	0	
0	0	0	0	0	0	0	0	0	0	0	0	0	0	0	0	0	0	0	0	0	0	0	0	0	0	0	0	0	0	0	0	0	0	0	0	0	0	0	0	0	0	0	0	0	0	0	0	0	0	0	0	96	0	0	0	0	0	0	0	0	0	0	0	0	0	0	0	0	0	0	0	0	0	0	0	0	48	0	0	0	0	0	48	0	0	0	0	0	0	0	0	0	0	0	0	0	0	0	0	0	0	0	0	0	0	0	0	0	0	0	0	0	0	0	0	0	0	0	0	
46	15	81	31	108	13	17	48	2	25	42	0	25	37	100	88	43	65	25	64	87	95	98	27	48	15	63	0	6	2	25	25	42	41	51	119	92	30	19	75	7	97	13	62	27	100	96	64	66	102	61	108	107	74	110	65	72	1	68	1	106	115	55	85	99	17	1	117	58	60	18	36	114	86	68	49	82	31	88	30	45	56	110	44	51	91	80	92	77	80	70	22	76	112	58	45	1	101	108	96	13	7	70	25	81	0	33	49	62	103	29	81	102	71	108	73	48	49	78	68	63	52	117	57	42	27	106	18	92	87	69	48	85	39	119	11	29	6	75	38	95	109	103	56	107	67	111	52	98	99	34	81	37	70	49	56	118	19	6	84	12	5	74	53	25	52	93	83	95	18	17	104	61	87	119	53	78	68	71	75	90	27	18	2	1	44	34	117	70	104	72	99	17	9	61	86	83	95	72	103	21	59	53	103	88	54	35	47	117	106	44	111	6	119	96	25	74	7	17	102	12	90	7	39	107	9	92	117	18	62	112	33	56	41	6	3	48	59	28	13	2	101	86	8	111	41	82	5	16	111	60	93	78	1	99	105	26	31	104	1	77	114	29	95	81	3	43	12	69	4	35	33	92	77	28	111	29	56	42	38	75	29	108	65	29	109	68	39	38	1	50	66	14	43	7	11	110	83	110	114	31	42	118	82	26	74	48	18	8	83	30	100	3	23	97	105	98	85	81	50	15	57	104	48	68	1	119	115	8	96	37	37	62	86	110	15	38	116	89	66	57	44	0	31	47	14	91	79	51	83	84	106	77	117	92	42	15	20	51	16	24	49	2	101	34	54	59	42	30	115	95	112	54	74	6	47	97	34	34	57	10	22	20	71	104	95	68	10	86	12	116	59	36	112	60	58	75	84	30	18	100	103	10	114	112	92	106	12	24	115	110	33	101	38	73	17	113	13	105	47	51	9	10	82	53	68	42	100	57	102	93	30	30	112	2	65	119	4	18	118	76	50	24	85	78	59	66	57	86	33	12	9	21	35	37	63	76	69	14	91	4	5	57	48	54	62	31	38	83	96	24	117	5	101	62	71	75	109	57	29	32	73	107	112	3	11	13	88	103	34	23	8	12	82	114	55	51	97	25	15	117	26	82	81	67	69	57	77	78	92	109	22	79	23	79	75	119	87	10	15	15	109	20	41	105	115	81	10	28	17	48	77	107	73	2	114	13	106	73	81	101	56	38	20	107	57	113	116	16	56	84	58	61	85	71	63	27	9	28	11	99	78	51	88	54	28	95	72	93	117	46	50	18	24	35	111	108	72	39	90	45	62	59	66	111	114	103	34	26	53	4	33	38	88	84	17	86	45	64	34	58	20	40	79	75	22	46	24	98	109	19	85	96	33	119	8	54	107	75	58	110	29	81	43	79	71	98	78	75	26	79	98	44	88	119	26	33	97	118	93	69	70	19	77	48	105	80	98	19	98	37	95	39	82	76	11	101	59	29	112	22	13	90	119	43	105	100	89	21	33	83	47	29	5	88	33	29	70	6	74	116	6	52	1	45	21	51	32	111	84	69	96	61	37	35	65	55	112	53	6	29	94	117	102	90	40	43	43	30	96	81	14	114	95	71	104	23	108	71	81	111	58	26	12	57	9	104	24	95	19	27	111	59	88	43	106	28	113	74	90	61	79	9	24	6	36	24	28	87	9	81	8	107	13	92	61	26	75	107	100	29	91	102	14	5	31	47	35	75	118	7	14	1	52	78	62	46	103	101	85	4	2	7	20	85	109	83	92	88	25	2	13	112	8	78	49	101	82	72	98	0	89	16	31	97	61	8	113	107	87	8	27	6	8	50	93	67	2	55	87	4	29	71	107	96	43	35	74	105	35	54	21	33	72	38	116	95	3	95	26	70	20	32	54	109	44	18	82	39	100	87	15	12	102	32	94	109	98	29	39	27	49	56	29	63	77	26	119	18	30	35	7	69	53	4	22	65	28	104	69	16	59	109	84	113	35	63	86	23	86	5	58	105	12	24	90	98	38	42	7	97	62	12	26	97	100	110	27	114	113	2	37	109	47	72	31	75	118	98	51	93	47	9	98	101	100	21	44	10	85	24	116	86	11	90	65	27	72	45	29	24	84	17	73	80	88	24	62	10	118	83	69	81	13	2	6	21	97	103	3	47	32	26	62	8	29	93	93	1	0	112	12	35	107	85	27	55	86	37	34	55	90	88	4	98	9	40	112	98	27	93	40	89	17	1	52	87	12	85	79	4	46	9	64	35	79	39	114	44	89	47	36	80	52	43	63	32	73	67	30	101	49	49	17	16	70	6	56	90	16	114	109	45	105	55	25	16	41	53	61	37	1	6	34	94	34	18	96	3	110	11	98	28	77	42	23	68	105	103	49	19	58	20	49	10	97	49	7	98	23	72	86	36	86	82	13	89	78	71	78	11	32	72	50	9	22	8	26	21	48	118	7	113	48	91	105	12	53	65	90	57	50	32	36	48	32	107	62	73	95	32	105	63	0	67	80	34	28	18	10	99	29	113	18	19	27	31	119	52	7	46	11	5	51	6	6	72	95	17	19	55	100	71	17	41	36	50	58	105	15	114	55	70	94	17	49	99	19	32	73	24	110	47	96	62	40	48	94	118	75	115	117	25	31	10	38	64	61	86	66	116	15	23	18	62	37	31	70	112	64	30	64	41	34	14	82	116	51	95	19	48	12	115	68	112	22	43	16	12	99	119	79	61	60	25	105	68	112	81	72	58	74	81	53	104	42	17	57	47	10	100	116	8	42	56	97	68	107	96	39	13	63	93	72	66	53	72	61	94	17	113	7	64	65	9	14	99	64	98	117	87	54	117	3	109	85	18	50	29	85	11	83	58	111	72	7	5	36	107	86	21	118	77	91	12	85	118	45	27	115	96	110	20	96	91	15	102	45	57	24	108	99	66	116	45	28	104	106	12	32	68	36	89	105	30	59	21	46	0	104	1	115	74	4	62	62	86	111	13	90	117	108	71	63	103	114	85	94	30	99	72	89	26	0	66	0	29	9	90	93	55	65	43	95	82	23	117	89	47	29	56	4	14	28	39	15	56	45	58	94	16	72	82	95	29	80	72	77	24	20	101	16	3	118	18	89	63	7	57	90	20	104	17	51	52	1	12	101	103	13	92	58	15	11	40	106	20	109	107	14	64	68	61	96	20	8	47	8	88	60	1	111	86	63	6	31	63	3	111	0	74	90	67	19	83	106	60	18	73	79	51	77	110	17	89	117	50	64	24	116	95	22	71	41	53	116	25	88	94	3	102	87	27	19	102	17	36	111	36	103	3	70	32	56	88	58	75	111	29	12	62	92	19	117	34	57	106	6	81	30	91	87	106	60	17	18	79	68	74	96	82	40	114	58	42	113	64	65	10	110	21	70	50	90	51	65	18	53	75	52	53	113	5	0	3	46	115	46	13	101	117	55	84	103	101	12	89	30	100	109	14	34	90	92	98	13	9	82	7	63	9	112	63	17	4	63	33	92	27	79	8	26	6	67	44	75	38	26	61	73	21	54	94	27	60	48	95	28	76	16	17	5	108	41	109	14	40	2	77	104	39	93	72	100	27	107	72	116	92	69	63	56	12	108	20	9	107	24	50	33	75	91	48	24	53	46	81	8	57	42	29	112	113	56	85	11	13	25	66	10	95	117	117	109	7	6	23	117	63	117	73	59	64	27	92	41	34	105	90	39	103	32	114	30	47	64	54	24	28	35	24	37	111	18	88	30	64	86	102	37	96	56	45	34	113	40	45	86	4	57	23	19	18	66	100	17	43	85	101	49	0	107	59	101	67	108	112	100	21	59	35	34	38	55	103	85	32	106	19	56	4	5	10	92	90	105	115	96	35	87	105	119	1	95	60	113	45	4	61	104	47	37	45	20	65	92	117	30	4	73	22	8	112	39	41	58	22	13	40	61	89	54	66	26	87	89	33	115	92	24	55	72	87	108	28	35	1	13	88	4	108	29	54	68	25	14	6	61	0	111	113	62	19	66	112	43	91	63	92	18	40	25	102	30	83	111	95	95	30	20	25	47	26	71	107	45	47	9	23	29	87	21	95	21	11	99	3	88	67	107	3	86	56	103	90	24	93	32	16	8	96	103	46	62	69	45	77	92	115	10	94	90	107	64	106	73	7	9	90	58	72	67	0	111	102	106	3	88	67	86	30	38	7	103	24	91	52	56	84	111	59	104	98	60	108	105	34	25	73	3	31	1	58	49	97	5	105	10	105	116	62	105	24	97	83	117	104	45	49	64	8	16	48	18	42	67	50	110	112	15	23	59	57	54	73	20	56	48	9	24	20	30	23	81	112	98	20	111	20	60	115	37	81	77	34	90	48	47	101	48	114	89	43	16	56	23	77	59	107	23	117	114	116	100	4	93	53	71	114	55	37	71	73	87	79	95	82	47	114	8	93	16	33	33	75	98	28	53	6	40	20	92	23	25	33	0	79	119	102	49	69	51	28	96	101	46	114	103	118	112	10	5	82	92	117	118	57	33	93	48	29	33	33	38	6	77	12	8	54	14	5	64	69	68	103	46	22	10	74	115	103	119	86	56	11	29	118	15	59	29	10	57	104	24	27	13	26	6	67	22	10	106	25	36	58	75	47	80	19	75	79	60	86	59	104	72	58	27	53	118	19	62	29	94	48	99	11	49	19	28	63	80	116	2	18	101	92	46	85	112	38	89	9	83	9	3	79	93	54	55	32	98	119	108	29	88	37	116	103	66	48	112	16	96	74	40	7	59	116	63	103	45	13	36	111	94	57	65	10	23	55	95	56	106	57	15	10	55	15	33	65	88	51	112	30	100	69	67	106	62	80	116	110	31	18	108	27	14	62	84	3	14	5	108	13	56	15	111	92	43	54	76	15	26	91	109	9	6	46	67	74	30	25	39	91	109	100	57	108	100	65	27	80	106	80	79	23	98	67	12	43	69	82	92	83	34	112	87	57	84	59	112	38	100	39	62	68	65	90	75	2	38	24	0	107	91	112	86	87	26	19	46	102	51	52	56	19	31	57	14	70	0	62	73	112	70	42	18	26	50	54	26	77	93	4	90	99	105	37	106	91	111	65	69	31	22	18	58	81	33	104	107	40	40	101	32	71	93	106	12	102	104	39	6	93	66	45	25	47	84	31	116	28	24	11	56	61	14	37	64	11	88	76	84	87	102	9	84	27	81	55	10	46	10	116	95	42	91	116	12	81	36	46	82	34	31	59	89	96	52	69	52	67	100	37	50	107	104	91	77	99	66	57	102	99	42	111	37	52	98	15	37	71	9	17	93	93	58	16	31	0	62	42	108	7	109	50	93	84	88	33	107	57	80	72	30	37	119	79	32	11	101	63	59	35	27	18	13	102	3	73	82	21	61	20	90	72	10	45	61	27	60	29	21	28	27	36	116	85	25	83	56	31	29	68	61	91	2	96	43	51	33	48	106	46	89	67	92	23	85	101	50	70	78	21	37	115	75	5	94	17	39	69	86	0	27	95	5	113	94	75	29	77	43	115	71	69	59	8	84	106	13	34	37	70	36	74	2	96	0	43	61	66	59	100	88	46	5	94	106	108	87	19	84	44	75	116	57	89	1	17	32	75	50	27	100	51	104	117	12	90	83	102	106	9	12	103	31	33	116	2	99	67	13	0	41	88	31	89	56	2	60	39	34	56	4	10	104	5	56	100	35	88	114	110	75	68	42	40	19	97	33	116	74	16	24	66	2	82	81	116	20	32	36	18	57	51	11	62	17	60	46	89	46	108	6	11	66	12	68	77	12	110	26	18	118	57	40	49	56	32	0	3	61	75	82	18	76	58	119	111	39	88	112	10	15	21	23	117	45	90	108	48	114	88	16	21	94	72	85	117	60	59	67	64	11	10	108	95	61	87	112	109	42	97	56	64	29	75	85	116	118	60	89	8	45	23	20	61	84	76	71	109	92	43	76	113	94	71	19	65	106	16	13	111	107	95	4	68	72	29	104	80	3	43	34	20	21	35	76	75	63	60	30	75	9	113	58	96	46	33	95	9	69	87	112	55	88	66	14	76	112	117	112	73	29	40	97	22	10	12	98	5	6	26	114	78	35	27	36	75	66	0	0	93	28	58	64	20	74	34	100	34	116	114	13	23	61	49	69	85	108	74	116	36	3	108	3	62	11	18	52	116	12	116	15	30	81	58	37	54	41	103	56	4	54	19	87	10	65	79	102	24	51	93	43	112	21	52	73	99	31	102	16	25	99	4	50	108	82	80	47	100	77	41	48	51	21	74	7	74	19	11	115	25	47	93	32	58	35	104	12	109	64	31	74	4	47	34	18	39	9	18	22	104	30	97	86	112	113	30	43	63	1	83	6	23	72	58	113	48	23	34	84	52	87	54	25	99	88	93	55	7	60	98	98	1	5	21	104	9	58	23	100	17	108	56	62	89	86	107	71	27	64	81	81	104	66	49	20	16	54	53	98	60	93	94	74	103	88	62	119	48	71	44	90	8	85	59	67	33	73	18	75	51	21	116	35	89	98	9	85	65	49	34	41	39	83	8	104	105	0	100	44	51	114	103	61	92	2	90	44	54	113	22	19	73	104	37	90	62	32	78	18	64	41	52	45	110	117	78	99	73	93	15	37	75	50	79	21	101	85	30	43	79	70	7	72	27	40	74	54	97	82	112	85	67	6	98	14	106	45	66	91	62	79	55	12	65	87	99	26	91	68	0	87	54	32	85	11	98	44	109	71	1	105	16	85	20	24	54	109	83	89	90	104	16	63	92	111	83	81	37	92	118	33	6	88	41	87	32	114	111	94	36	53	86	61	20	49	113	79	47	112	97	91	40	66	7	19	22	16	74	119	12	19	14	82	49	77	106	91	72	55	0	29	81	32	48	47	5	3	36	19	77	56	100	33	34	113	82	20	69	109	87	51	31	72	75	56	2	80	64	20	109	96	70	72	19	40	79	37	91	98	99	52	24	101	36	117	74	44	75	58	17	64	80	92	104	41	5	60	119	24	106	75	119	38	25	65	89	109	107	0	46	21	0	41	8	40	74	77	38	5	41	101	82	39	111	90	102	87	108	52	33	53	50	118	6	34	42	111	45	31	84	33	119	22	41	68	36	15	52	3	55	43	36	109	48	68	114	21	25	2	80	10	1	70	71	110	2	114	71	49	13	78	74	102	52	27	48	100	102	59	19	118	118	54	19	67	28	53	34	100	8	50	105	28	5	5	112	35	115	63	49	105	3	42	5	56	102	70	75	1	101	92	39	21	1	78	40	61	20	28	56	57	37	31	7	76	54	113	7	93	97	50	40	6	6	67	68	0	29	54	76	99	25	18	56	50	58	19	42	68	33	31	2	99	7	89	82	0	29	73	43	20	76	89	101	71	21	73	89	12	73	10	106	2	2	118	14	59	47	37	89	48	67	88	50	74	29	16	42	25	64	39	51	40	52	93	54	54	66	100	3	77	115	100	100	46	24	54	89	18	98	43	116	105	114	109	22	94	113	92	63	112	24	42	97	105	25	103	92	34	11	44	114	35	33	114	4	87	106	99	114	13	89	71	77	87	78	8	103	110	26	102	81	3	38	114	108	79	3	29	23	98	98	65	6	103	76	70	8	85	114	45	15	22	22	24	27	83	55	63	118	100	111	84	48	20	104	46	43	58	106	16	32	112	93	75	95	7	4	15	50	24	71	53	105	11	23	54	30	67	69	68	1	39	26	63	28	17	119	104	64	2	94	113	69	35	118	98	85	92	57	100	64	104	73	25	80	78	94	89	22	16	104	37	58	15	10	71	69	84	68	87	9	7	87	86	71	82	52	54	48	79	116	103	4	61	24	2	12	77	105	25	74	10	56	20	111	4	55	28	3	83	77	27	56	49	93	105	95	111	14	95	32	62	67	70	36	119	36	8	77	90	65	14	4	33	37	39	105	101	56	78	14	95	27	75	28	88	104	80	91	89	14	13	100	18	23	35	2	109	116	68	91	100	103	95	107	53	55	16	97	28	15	13	30	97	47	17	108	116	15	44	108	111	50	80	86	28	0	13	68	17	18	116	119	74	97	62	95	39	110	85	29	0	43	105	11	55	15	12	106	85	60	14	106	27	4	80	45	74	110	51	60	58	101	41	103	102	41	58	23	85	83	56	79	113	27	34	5	67	44	92	93	107	118	44	14	44	114	53	33	5	2	63	48	72	21	11	116	38	61	3	77	40	92	71	77	95	89	65	84	107	31	48	12	14	77	31	22	17	30	31	114	37	26	64	82	35	18	43	78	92	47	41	80	0	26	44	88	41	108	116	64	25	94	26	49	22	49	8	67	44	111	38	0	11	71	101	112	43	84	63	77	118	109	84	88	53	5	5	41	33	92	84	1	27	106	65	11	115	50	13	85	92	108	114	99	29	25	80	68	64	98	96	33	86	17	52	44	56	29	116	6	62	40	17	95	90	76	69	97	14	80	71	29	8	39	51	3	52	0	31	28	74	78	54	10	90	9	97	22	95	106	31	41	88	74	59	26	63	2	77	117	61	11	103	73	18	14	113	8	65	5	108	50	41	15	98	89	100	95	2	61	27	108	40	96	79	73	2	114	40	13	3	14	89	91	11	42	81	43	100	65	34	30	102	68	53	37	2	68	91	17	41	9	60	43	45	100	10	44	118	47	119	102	110	99	90	80	69	0	45	5	36	104	48	92	52	28	94	16	55	28	30	40	13	25	50	31	72	6	99	101	87	17	18	35	77	62	24	98	75	12	21	19	81	68	84	63	104	112	4	88	33	17	7	29	62	63	85	72	47	116	73	19	45	80	82	53	58	93	107	33	62	4	83	95	27	29	108	72	40	18	119	116	104	99	4	118	108	66	14	54	116	119	28	29	41	69	32	45	76	10	67	5	47	57	86	103	18	43	97	117	30	56	46	118	45	106	111	61	47	90	59	89	69	96	44	13	89	30	90	1	43	116	0	6	76	100	13	53	94	46	19	71	97	44	11	93	22	86	46	104	55	79	69	74	60	93	104	98	118	28	98	50	118	114	2	60	62	83	58	63	39	110	91	78	40	44	93	41	60	0	43	1	19	96	4	119	119	56	58	44	32	15	38	73	95	70	41	23	22	55	92	23	13	51	39	114	117	2	28	82	71	6	52	6	109	79	88	105	47	47	1	90	103	39	112	68	117	31	77	31	2	96	74	44	40	53	80	84	6	92	24	96	80	65	59	113	108	99	57	40	101	11	13	6	3	52	54	44	104	76	102	92	35	15	102	13	32	52	63	90	101	20	65	90	13	105	30	88	48	84	112	44	71	5	78	23	4	118	89	114	79	15	76	70	18	2	23	52	29	119	82	29	73	80	111	58	7	78	63	53	89	105	99	117	7	99	43	28	18	53	50	52	76	39	95	101	117	106	52	39	63	72	106	13	81	106	18	15	110	40	117	118	15	108	11	27	51	111	118	31	77	33	39	83	14	75	7	65	118	47	39	104	38	94	103	50	23	41	114	73	99	63	55	60	98	28	40	6	117	95	38	15	94	18	26	112	37	85	28	74	51	114	79	118	106	9	58	21	58	52	15	0	20	76	87	0	9	49	50	62	115	4	11	116	99	48	105	113	64	116	6	23	69	9	27	96	67	105	49	52	97	93	49	36	10	21	67	48	30	106	9	75	71	15	21	101	5	83	6	111	1	119	37	26	93	37	85	32	65	102	61	8	54	98	80	52	109	91	85	94	56	33	6	45	31	70	19	76	76	51	63	99	119	32	89	90	25	23	108	44	11	56	55	33	79	21	60	66	110	94	107	24	15	5	23	100	13	115	119	48	0	24	117	75	98	29	10	87	18	29	71	22	67	23	5	111	86	36	101	69	43	110	111	72	51	78	21	0	55	84	40	24	41	66	41	48	81	64	24	33	105	104	64	84	16	67	8	11	106	81	42	77	53	67	63	116	76	92	88	106	71	42	110	6	103	105	25	19	102	80	100	40	76	88	54	112	18	11	25	99	42	106	93	74	68	29	69	54	10	86	88	64	83	54	73	105	114	93	55	106	80	4	84	108	84	30	24	105	89	41	46	16	64	41	117	67	104	53	79	116	108	22	110	99	21	54	16	96	90	94	89	70	38	30	65	13	42	0	64	70	37	100	24	114	66	84	82	66	82	97	87	64	52	75	8	115	19	116	29	101	72	44	1	40	10	101	27	99	108	55	13	9	14	116	63	41	90	45	68	62	32	90	52	24	1	61	103	96	119	54	87	111	90	119	101	14	35	32	50	22	59	19	102	40	36	49	4	46	47	114	67	63	99	96	69	109	91	43	19	58	111	45	38	14	49	39	14	105	9	9	110	14	64	69	45	53	31	67	77	119	88	101	39	77	83	59	108	96	10	87	76	113	21	50	90	49	117	92	69	90	99	95	63	83	25	35	65	38	23	114	115	29	7	76	72	96	17	35	23	95	14	16	18	29	7	107	106	106	70	102	112	79	91	105	117	101	88	94	9	117	44	22	95	16	66	105	30	119	51	96	32	116	31	6	54	46	103	50	48	56	68	5	1	81	24	105	0	84	59	62	95	65	6	87	119	88	67	2	113	36	90	51	93	37	85	8	22	44	99	61	19	26	15	1	62	105	34	38	56	32	75	12	42	113	69	4	28	110	41	73	65	94	54	98	64	92	79	80	35	23	21	85	99	26	79	18	41	13	48	87	5	57	65	6	73	31	9	79	39	104	11	20	86	37	88	46	39	55	63	37	53	111	27	59	32	39	36	0	8	54	92	70	63	47	43	93	38	49	114	23	118	55	19	29	32	9	118	79	116	48	52	63	52	69	23	37	17	81	39	11	76	5	69	49	78	2	58	114	32	65	48	4	2	99	96	26	118	114	41	21	14	61	94	110	0	7	55	100	32	31	14	107	86	88	27	90	26	50	7	115	14	62	83	94	19	108	33	85	74	119	9	56	68	104	85	113	106	70	13	49	52	11	98	112	12	72	117	16	3	63	56	41	90	55	11	109	26	91	96	28	115	26	63	0	16	55	65	10	112	114	71	82	37	28	91	98	64	86	117	2	97	49	102	76	107	46	104	113	117	46	83	41	81	82	113	46	64	43	66	104	99	43	119	17	99	65	17	1	96	8	66	114	36	8	66	37	40	25	42	50	13	86	20	58	76	39	64	0	70	69	119	107	51	89	91	28	69	28	36	117	77	71	116	55	36	60	98	114	91	10	81	96	59	115	66	17	68	33	76	55	0	3	18	66	48	12	5	68	53	28	60	
66	105	16	36	46	64	54	35	97	37	18	101	113	4	41	32	75	114	1	32	36	12	14	115	72	22	13	29	109	7	43	60	104	35	14	36	38	119	106	107	83	24	12	101	69	91	98	88	73	85	31	96	100	3	74	59	66	42	32	21	82	39	108	60	71	55	101	60	86	87	87	91	22	20	15	38	26	43	35	17	0	41	71	97	45	115	24	28	6	78	99	119	103	7	22	38	78	67	101	70	64	7	53	85	34	41	99	16	81	4	29	35	89	118	39	11	88	116	46	94	26	35	24	49	46	57	81	80	119	97	54	17	91	9	52	40	103	118	64	114	8	6	16	94	90	108	0	22	115	38	70	106	96	58	101	28	30	99	100	27	73	55	31	4	23	12	28	44	117	37	87	46	24	57	52	42	116	35	3	114	111	25	38	30	110	57	28	9	54	22	9	88	52	79	82	97	116	23	29	56	68	53	110	27	9	76	58	87	47	35	110	0	77	102	112	67	54	41	100	70	96	115	103	109	56	71	14	38	114	76	111	46	60	78	62	25	83	81	104	69	108	20	10	6	11	59	2	65	38	50	4	68	42	16	85	44	68	57	11	13	9	82	82	101	101	16	119	112	118	103	119	68	73	14	112	101	27	25	110	104	64	101	46	84	14	7	117	107	90	60	1	5	41	56	6	68	55	10	89	16	106	38	31	60	31	41	118	5	107	40	10	41	3	104	24	84	107	102	14	20	113	111	32	85	82	24	51	13	42	86	36	65	39	38	24	4	119	5	85	46	12	0	7	58	94	76	12	29	88	94	79	109	9	116	55	103	3	9	41	47	54	19	8	106	30	119	27	102	71	50	54	64	103	49	22	20	91	50	48	0	71	0	10	88	25	89	112	25	46	42	15	106	83	89	61	93	85	65	102	89	16	80	95	27	10	92	117	7	96	40	70	91	39	90	86	59	19	56	26	53	82	13	39	61	9	71	19	1	69	36	50	29	66	111	9	15	87	39	110	92	119	71	21	15	7	30	11	96	118	47	85	26	111	89	40	98	64	111	34	30	102	32	55	26	94	63	101	116	84	27	55	9	22	56	68	109	73	74	80	37	74	88	105	31	109	29	82	64	0	112	58	20	48	101	45	32	90	72	65	58	2	88	114	79	47	17	29	83	116	16	103	100	110	73	21	46	92	3	93	55	57	98	27	67	35	11	85	15	47	50	62	34	74	118	117	38	72	99	70	34	7	118	15	3	116	36	3	13	44	10	1	22	99	93	101	3	47	34	101	63	93	5	45	18	50	29	106	70	83	78	17	43	108	37	111	68	75	119	114	30	77	97	118	55	14	8	112	43	85	73	22	24	93	98	52	91	43	78	23	32	78	107	36	68	41	54	89	21	115	100	34	64	71	34	116	1	26	101	93	21	11	34	32	90	37	103	28	101	62	55	37	10	43	88	65	87	56	55	4	64	91	17	75	74	9	84	75	59	15	35	2	32	82	60	67	109	54	53	30	8	89	105	93	77	112	46	39	50	24	74	23	51	13	0	45	22	29	46	27	71	93	82	112	28	26	55	56	49	0	76	96	20	118	12	109	89	23	6	5	38	48	21	84	64	104	80	111	114	98	50	36	12	12	18	15	105	99	43	53	110	4	100	59	97	27	32	31	15	14	110	29	36	10	25	2	53	12	48	99	72	112	7	30	82	12	114	111	95	45	48	115	28	48	13	79	87	49	77	33	37	79	23	37	114	29	119	65	116	80	34	48	111	55	60	73	0	85	28	104	94	96	94	58	115	21	79	101	70	57	52	45	20	96	9	87	1	88	93	104	99	70	68	30	62	39	107	101	96	103	31	50	69	20	85	50	99	19	90	51	14	49	99	1	36	51	93	113	10	77	85	33	76	85	64	93	23	64	67	34	89	58	19	109	86	34	45	28	60	59	70	114	8	19	3	79	62	70	57	53	3	91	117	43	21	13	36	44	65	10	75	64	75	78	24	113	8	24	6	46	94	115	43	91	2	77	28	93	56	19	54	74	53	17	95	61	7	85	10	61	43	92	29	103	5	19	69	110	35	103	104	49	33	68	25	44	93	104	78	92	91	16	93	111	17	97	49	25	11	47	8	87	31	88	88	111	89	9	60	28	7	15	11	69	93	38	48	30	9	85	57	21	31	55	92	102	77	65	116	102	111	18	56	42	3	93	27	0	46	40	20	43	4	8	94	66	106	18	16	98	54	26	110	46	68	14	76	101	98	43	89	107	37	118	64	110	33	115	112	81	91	104	85	99	1	74	43	73	48	118	73	62	100	32	27	105	51	119	61	46	33	38	102	106	107	98	58	107	96	18	14	36	58	65	55	4	80	77	97	40	111	91	3	99	83	104	65	4	58	8	72	103	88	25	61	18	43	64	53	80	39	42	108	56	42	59	57	47	80	18	64	8	31	58	62	26	107	112	8	49	66	35	19	90	112	14	116	26	51	23	72	87	48	59	60	53	3	62	5	50	89	23	64	41	8	9	50	9	12	50	0	54	27	78	39	62	74	108	52	68	109	87	29	71	105	69	13	99	20	82	50	62	75	61	25	67	10	57	103	113	7	36	73	61	30	11	45	74	44	74	6	71	39	0	66	72	52	56	118	2	63	103	88	27	110	28	75	31	109	74	5	27	42	63	12	20	41	64	51	56	112	10	8	91	59	9	81	26	80	27	33	50	91	5	14	113	50	36	6	99	41	69	20	45	94	4	63	92	29	111	98	70	4	51	84	63	15	100	104	117	52	88	29	67	80	20	110	8	102	69	82	80	6	16	60	96	3	89	35	102	58	30	75	46	49	52	16	45	109	32	33	32	42	110	9	109	101	20	39	16	100	7	87	38	92	52	13	5	89	80	56	96	1	55	12	38	80	15	62	84	59	37	26	69	8	101	111	104	4	13	49	65	11	82	37	21	19	25	39	66	80	95	30	12	40	64	46	104	71	50	20	3	75	114	93	35	48	45	118	108	108	95	60	99	43	55	84	94	115	72	42	80	72	111	117	24	32	43	97	51	111	47	19	84	115	9	24	114	1	54	69	49	28	26	95	38	36	36	19	63	100	63	31	112	9	25	86	62	49	110	54	62	25	101	92	38	37	81	93	2	74	8	94	111	86	46	44	66	86	18	92	97	70	95	52	104	107	51	87	68	67	19	75	67	35	91	29	24	39	82	66	98	101	19	104	110	1	19	74	119	17	113	94	20	89	64	106	89	86	78	17	100	47	0	49	0	102	27	80	108	75	11	97	108	56	87	2	94	101	73	65	5	52	81	57	8	21	75	1	20	43	91	36	76	75	63	9	31	67	4	43	97	119	102	89	87	21	83	46	119	105	80	65	20	25	34	117	102	58	6	105	63	40	96	32	70	112	62	105	102	8	21	55	47	21	106	65	91	83	113	35	113	103	24	81	109	23	92	58	12	48	82	82	35	62	71	45	0	6	7	114	31	22	80	21	13	99	23	59	48	81	64	104	20	54	26	27	70	14	0	24	19	79	71	84	105	61	22	84	51	78	8	60	105	70	52	83	53	67	76	85	14	105	40	31	16	54	76	38	80	78	116	39	67	103	78	15	95	5	54	59	32	46	59	88	11	110	40	35	94	27	35	49	44	113	49	95	20	54	63	26	83	63	81	15	92	104	101	19	62	102	56	3	109	7	30	108	55	119	62	11	71	60	3	93	68	75	67	71	106	24	83	15	7	49	119	88	15	34	5	0	47	72	10	52	116	41	35	9	51	42	84	37	50	119	92	11	29	70	110	105	81	51	16	28	28	3	102	50	26	101	38	94	0	3	38	110	99	116	80	80	49	101	4	23	70	58	69	57	103	73	26	100	113	94	102	91	74	7	38	37	46	25	73	101	74	87	10	81	108	65	23	79	111	18	45	106	74	79	32	17	90	38	71	87	18	3	93	107	97	28	39	80	19	6	100	29	109	68	39	110	77	102	110	55	39	103	86	79	0	20	116	41	54	51	116	84	92	105	101	100	9	26	90	77	113	28	104	38	26	19	118	107	64	68	95	8	16	101	1	84	15	99	57	35	50	74	27	114	39	112	118	93	2	89	69	59	25	34	101	16	111	26	5	89	3	43	88	107	89	77	13	19	55	34	94	13	8	82	43	88	19	111	24	112	116	65	89	42	49	2	68	3	77	50	61	88	71	4	91	118	84	13	9	34	47	27	109	9	111	26	44	24	96	72	51	60	55	34	30	58	2	11	3	15	85	59	31	0	77	21	86	66	47	94	103	26	57	44	85	46	47	4	14	73	78	82	71	81	115	83	4	11	60	21	27	76	77	21	33	97	83	71	75	104	36	65	53	36	20	47	30	19	104	86	73	10	21	101	84	87	104	54	11	45	31	8	5	90	102	8	53	36	11	114	48	22	97	116	77	70	103	2	40	82	113	10	93	109	109	96	82	93	79	26	27	64	92	52	55	81	97	4	97	87	51	111	7	69	56	96	62	42	4	119	10	17	108	87	66	25	22	21	57	5	94	95	68	92	57	105	58	81	116	73	38	27	5	20	55	30	80	94	119	94	18	108	38	82	40	52	119	29	56	99	9	94	86	93	111	25	103	31	118	114	96	71	109	16	47	66	79	63	112	60	2	12	80	75	11	75	77	107	110	27	35	33	42	16	103	116	42	23	38	22	116	68	86	87	60	62	3	73	73	65	74	99	70	58	0	82	33	14	35	98	46	42	7	49	44	35	89	4	94	94	38	46	42	111	20	71	5	69	39	17	19	52	28	36	74	25	73	107	103	33	82	99	39	89	28	90	111	62	84	84	19	37	48	63	9	4	75	0	62	78	84	99	39	65	24	85	8	42	114	116	95	54	41	93	73	82	26	20	19	3	40	70	49	110	114	41	25	33	76	66	112	103	83	37	3	118	4	96	103	19	61	63	8	91	82	23	36	52	65	30	112	113	117	57	64	96	45	68	67	87	53	5	12	41	90	48	33	116	18	19	118	110	89	34	66	50	20	107	32	6	80	90	14	64	11	5	48	19	25	104	21	70	87	17	16	52	35	84	119	84	1	71	47	89	6	7	28	74	31	63	61	98	113	39	101	0	26	114	10	31	102	117	0	22	91	62	101	24	84	2	15	44	0	85	0	101	107	44	16	66	51	101	3	119	115	93	109	56	90	0	52	28	92	67	108	71	7	108	36	117	71	0	79	29	81	35	99	59	90	11	13	60	8	68	73	76	6	83	46	26	19	94	55	34	60	34	114	9	20	11	43	108	34	39	65	55	50	10	95	97	10	98	19	70	77	35	49	11	90	99	16	53	109	14	11	81	36	114	0	100	51	75	12	19	39	87	75	27	85	75	107	1	42	42	25	10	76	100	26	59	55	108	11	41	49	79	32	65	101	27	7	8	34	37	37	115	4	105	7	95	0	92	113	41	116	36	33	6	60	101	12	3	77	69	39	14	13	9	118	10	47	93	7	109	26	95	7	60	2	59	67	36	93	14	8	115	47	46	26	108	85	0	119	109	92	72	84	115	58	12	21	76	66	40	1	83	92	98	35	6	82	38	33	3	51	58	7	13	10	34	12	82	79	4	91	48	28	76	26	10	0	48	101	23	87	68	91	66	30	6	111	89	50	2	7	18	49	54	0	0	63	94	94	74	97	80	56	75	69	49	97	82	15	85	95	18	36	25	46	82	25	35	109	102	92	39	111	98	33	99	98	93	21	68	34	114	85	78	118	104	31	78	49	115	31	90	17	71	98	7	90	35	6	9	27	59	6	110	95	27	41	26	52	82	52	34	55	108	82	60	45	30	74	5	2	20	112	25	92	93	81	78	96	69	35	32	98	113	106	61	73	86	19	49	96	113	91	82	45	78	24	20	52	116	30	29	60	47	58	97	72	108	41	86	62	96	33	56	75	40	70	85	35	41	13	9	100	88	76	58	115	42	95	21	21	36	59	118	111	115	61	26	77	12	35	7	109	12	73	57	68	112	92	46	103	45	89	107	74	32	62	36	11	31	111	30	79	53	97	119	19	0	41	20	99	85	117	41	102	81	65	107	86	105	82	17	35	115	46	69	1	82	104	110	100	68	111	17	82	70	88	114	24	94	54	39	18	95	96	28	39	87	90	55	114	52	114	92	49	49	75	105	112	28	12	2	6	59	41	69	38	105	80	62	118	52	44	43	59	82	36	56	33	62	60	107	22	95	106	96	39	104	98	53	49	24	81	38	89	18	68	25	51	69	9	59	53	20	59	7	100	54	97	85	76	22	40	104	52	19	3	13	103	56	49	114	43	76	6	60	92	107	16	87	1	105	43	64	69	29	27	21	14	51	112	91	49	119	92	14	74	80	102	35	119	66	114	25	85	106	77	26	33	100	53	101	8	119	5	39	30	103	13	28	41	81	119	18	62	17	9	37	81	78	97	11	97	20	99	104	65	8	5	34	119	23	114	37	55	6	65	71	64	18	71	12	45	64	55	90	116	92	104	29	74	21	30	27	11	79	54	64	78	47	62	42	6	18	17	94	16	45	38	7	43	45	10	45	34	15	104	27	75	16	71	54	43	62	83	52	103	20	42	10	3	8	79	12	37	111	49	119	18	6	100	41	71	82	118	95	112	88	74	21	60	46	71	96	102	111	74	38	11	105	118	12	82	33	106	30	94	92	34	82	45	48	67	28	28	40	107	10	40	50	22	48	61	100	49	107	9	57	57	74	81	7	92	39	65	36	70	58	40	99	20	53	97	66	107	48	34	63	17	117	48	61	114	76	71	67	51	64	117	60	82	6	79	103	18	60	66	31	34	62	3	35	63	2	46	86	36	68	81	55	32	10	9	25	55	57	98	99	22	37	59	8	83	43	103	55	66	25	76	51	56	12	86	43	90	16	4	11	30	50	33	39	72	16	43	78	5	79	119	92	11	115	65	61	117	17	47	8	58	39	94	113	55	106	43	37	55	62	91	104	33	73	18	33	89	103	22	4	36	118	20	86	72	26	16	116	1	25	9	114	52	47	2	7	102	74	1	31	109	102	59	39	77	113	28	76	11	119	50	75	77	118	26	97	22	90	17	83	21	25	115	38	95	23	15	111	119	106	64	59	84	102	11	63	2	9	47	64	6	16	23	67	62	63	25	29	30	43	82	99	3	106	111	34	114	48	20	95	41	67	111	23	20	16	85	103	80	83	83	20	10	10	37	20	40	25	114	26	38	69	69	68	113	108	3	15	63	91	19	97	51	30	16	61	101	59	16	41	23	62	0	82	87	60	93	54	67	92	67	112	87	32	88	22	41	111	9	118	100	110	107	27	87	73	2	83	22	78	44	44	111	25	30	49	45	16	69	97	79	112	101	71	10	4	28	97	97	92	15	13	43	75	51	30	68	54	85	107	73	27	41	111	48	70	61	65	53	77	70	36	13	45	96	47	85	65	2	86	75	9	7	85	74	72	85	11	50	51	0	43	77	112	7	52	2	28	85	18	53	83	96	33	35	98	53	72	17	80	112	3	53	63	103	110	3	54	79	112	104	34	109	37	74	63	54	114	37	107	78	67	102	10	27	95	90	113	82	42	95	119	0	1	64	94	65	9	117	6	27	111	24	73	51	111	8	87	62	80	73	34	56	110	0	50	87	14	106	57	48	101	13	23	24	104	53	87	3	28	119	110	48	46	1	26	50	51	46	23	7	104	54	11	11	58	59	58	36	54	19	10	79	41	76	8	57	88	74	104	23	80	59	95	13	46	74	91	105	112	14	73	24	89	35	117	39	47	79	116	107	119	6	60	48	118	85	26	84	105	57	114	3	70	119	58	36	32	77	118	98	93	79	83	99	58	74	88	36	101	4	63	58	113	1	47	57	4	94	45	111	60	64	93	73	20	101	77	116	10	41	65	12	12	49	23	103	37	90	3	106	11	2	107	114	60	53	59	115	75	48	41	3	95	25	114	79	83	67	105	4	22	37	14	87	3	116	92	36	49	35	64	1	43	9	88	43	104	98	64	87	3	116	86	1	115	114	31	39	27	75	7	54	82	115	59	75	108	80	9	10	109	69	118	81	92	89	102	69	37	72	22	91	52	104	28	103	24	21	37	63	13	52	93	25	95	90	42	95	101	116	112	25	19	16	12	98	70	42	101	64	107	32	21	0	118	85	67	55	78	48	100	17	47	53	92	28	94	18	41	21	8	42	111	65	26	44	68	52	1	44	60	36	113	24	13	54	113	100	52	87	77	4	76	20	50	16	85	49	85	66	26	76	99	33	104	2	49	97	5	47	28	39	53	81	81	113	102	118	61	83	69	88	38	66	30	63	47	115	38	94	110	60	83	28	32	25	50	91	106	95	31	83	49	75	47	96	26	107	112	78	99	91	79	43	103	48	64	28	44	48	40	37	71	39	46	108	69	74	28	62	100	102	113	32	95	89	10	55	92	62	27	31	25	60	50	70	65	8	11	25	82	93	44	101	106	66	17	70	4	100	8	50	54	54	93	14	70	15	30	79	71	27	39	113	88	47	62	43	52	112	71	48	66	84	32	53	117	79	62	17	91	54	76	31	114	119	58	13	118	22	59	48	99	72	108	61	88	98	83	72	104	58	109	95	10	68	70	7	25	13	35	85	116	106	66	13	71	113	96	37	22	54	73	66	88	110	98	113	33	38	73	30	117	28	67	32	59	100	20	66	71	35	18	9	110	63	73	108	60	92	38	70	56	31	31	13	54	93	73	30	83	36	0	46	4	64	50	97	5	110	67	109	53	75	97	31	96	109	64	68	115	112	94	112	107	25	15	9	29	69	1	44	6	18	64	94	19	108	2	52	113	32	68	18	117	84	113	30	92	52	113	117	11	109	119	35	87	76	0	39	37	87	98	28	82	49	2	63	67	98	19	7	37	44	109	23	45	102	43	118	8	67	66	31	11	11	64	71	27	8	58	109	102	89	84	92	87	66	116	66	60	72	62	68	50	88	31	118	102	72	69	46	110	84	13	33	29	114	19	100	65	109	37	76	0	12	31	117	45	115	31	93	22	103	97	1	57	86	35	54	65	44	57	48	52	54	41	109	88	114	63	114	104	75	25	68	10	16	35	95	108	13	67	18	89	0	93	32	80	93	87	70	84	73	77	115	116	17	101	26	83	58	52	105	48	90	102	77	22	53	64	19	52	49	56	71	54	49	2	39	16	52	28	40	73	94	99	15	68	29	43	16	48	12	57	65	49	66	115	95	67	44	70	7	21	53	102	21	59	76	41	16	25	13	75	75	38	37	81	91	62	34	81	71	6	31	56	2	2	83	34	114	49	51	29	44	47	66	29	93	1	119	48	81	116	30	58	54	13	85	1	97	0	71	49	71	92	43	0	12	61	53	50	14	0	3	21	18	26	25	61	37	32	12	104	100	87	41	74	83	20	45	49	32	28	78	42	0	108	96	105	103	1	49	19	28	48	76	6	42	110	104	30	103	56	41	65	79	67	92	76	49	92	103	83	8	57	6	3	98	61	22	90	19	94	109	13	26	105	86	72	98	75	0	16	25	97	16	4	4	97	1	30	55	118	50	53	24	94	7	38	117	102	93	37	8	4	66	16	9	83	90	67	67	73	10	116	52	60	119	7	105	63	63	25	95	16	86	57	66	53	33	105	56	17	21	33	54	106	72	92	89	118	14	63	61	8	60	48	49	87	39	43	24	6	101	30	55	44	10	53	21	84	3	46	21	69	102	37	29	74	79	96	18	114	43	44	81	16	87	21	22	83	73	72	119	62	37	3	41	104	0	3	105	85	103	68	19	49	16	27	53	43	23	110	28	103	97	74	117	17	28	115	76	72	35	62	16	24	45	18	52	109	119	113	94	78	20	10	42	87	67	74	6	53	56	101	7	93	8	17	50	19	57	50	84	78	95	102	73	18	71	57	79	76	46	113	83	97	58	82	74	102	63	26	112	112	18	29	52	11	57	57	105	46	111	34	44	13	75	22	44	93	33	81	116	35	79	73	74	36	17	11	115	101	68	90	3	11	69	102	49	107	66	58	32	18	119	35	78	6	25	39	47	10	5	51	34	4	41	91	66	41	89	108	37	6	10	108	47	24	25	48	103	44	84	92	80	71	15	21	48	95	119	113	68	47	26	45	80	5	99	13	51	22	73	111	80	80	57	47	108	38	70	59	94	94	55	119	1	110	104	64	67	57	55	93	105	109	39	32	112	72	79	33	20	117	27	98	115	90	41	115	66	85	4	110	22	33	19	3	20	37	67	12	24	44	119	49	40	92	94	109	17	107	20	117	87	116	14	39	24	78	2	23	25	69	11	43	111	13	41	48	15	109	86	82	29	72	16	86	95	29	5	98	18	15	97	115	11	45	74	13	22	67	116	109	113	21	19	57	1	58	47	110	99	14	90	104	60	45	35	28	32	54	70	104	5	53	16	113	24	39	39	99	5	72	79	84	82	71	93	0	45	72	94	29	32	112	15	47	11	116	110	92	81	80	95	72	80	11	64	64	117	9	69	35	77	119	66	43	36	18	39	88	1	71	6	5	47	75	38	111	115	67	59	4	4	12	26	104	117	35	57	65	44	101	99	19	110	119	15	76	103	118	26	25	94	87	71	14	14	55	93	32	109	35	48	77	31	112	30	33	115	19	50	66	52	97	67	13	104	95	93	14	27	42	118	26	84	24	97	16	54	68	117	2	7	52	23	47	28	37	50	68	73	4	101	53	5	15	36	104	51	65	4	65	48	40	11	53	91	34	21	91	39	26	39	109	34	14	22	114	1	60	8	55	97	119	17	88	14	5	46	11	63	60	28	68	30	39	105	81	99	4	25	78	74	65	33	81	63	73	119	119	64	91	78	75	66	42	93	29	81	101	41	72	19	103	117	1	101	39	112	54	116	88	38	75	45	89	44	6	92	14	0	28	87	19	86	89	91	31	27	74	77	69	68	109	25	100	71	63	14	88	80	76	118	69	116	49	65	10	113	77	115	99	74	50	64	116	86	71	46	100	106	73	114	63	73	116	88	74	66	94	119	65	57	99	114	91	75	64	6	84	54	20	2	113	38	25	113	55	0	103	50	51	41	104	71	113	95	28	80	40	46	61	49	20	107	91	94	66	84	104	101	111	52	52	114	80	74	34	100	82	11	15	94	18	106	17	62	109	78	68	105	32	59	54	36	80	30	11	51	2	77	1	108	91	36	5	84	16	112	51	31	118	54	32	52	34	12	10	78	90	78	78	43	81	41	24	80	29	18	77	97	59	111	83	12	72	60	87	30	81	78	37	12	60	59	107	34	108	47	61	119	71	23	16	14	74	
21	33	30	36	31	25	33	37	25	27	39	22	36	39	24	32	24	32	37	39	36	34	24	21	22	20	25	31	21	34	24	30	27	23	35	40	37	39	33	40	34	35	22	27	38	27	33	31	31	36	36	36	26	28	22	33	32	40	28	32	33	38	32	25	37	40	32	30	29	39	34	28	31	33	27	28	25	20	38	20	39	40	37	26	32	37	40	20	27	23	21	24	22	36	23	34	24	20	36	36	36	30	29	38	21	20	25	35	37	40	40	21	40	28	36	29	29	36	34	21	23	29	39	21	29	38	26	34	25	40	28	21	35	28	35	39	21	40	24	22	39	25	20	39	31	29	34	25	38	31	32	33	34	20	23	30	25	35	29	28	29	25	39	36	21	25	40	21	20	21	22	29	34	22	35	28	33	21	27	26	34	29	37	37	32	35	38	25	20	21	40	40	23	36	26	23	24	21	24	25	27	28	27	37	37	27	32	21	23	28	24	35	32	29	35	33	33	20	20	39	22	24	20	25	22	33	37	21	20	38	38	36	21	39	39	38	30	38	20	35	33	39	39	21	23	33	24	36	30	22	29	31	20	30	40	30	37	35	21	24	35	34	36	32	20	27	40	34	40	27	35	37	27	36	25	37	37	31	24	35	28	37	32	34	35	33	33	23	33	30	30	32	20	35	32	24	36	33	32	36	31	37	37	40	39	39	22	36	21	27	38	22	20	20	30	26	30	25	20	20	35	32	40	38	20	31	22	28	21	30	31	34	35	26	28	24	32	21	22	24	21	27	26	20	30	30	32	34	23	27	33	27	34	39	29	29	20	32	36	29	34	25	32	30	25	29	38	30	32	24	34	30	33	30	25	39	30	30	26	23	22	26	38	31	37	26	28	32	20	20	20	36	33	38	22	37	25	39	35	33	31	40	33	39	30	22	21	29	39	28	21	30	37	21	36	38	26	33	26	26	30	37	38	32	36	21	38	36	34	28	39	21	34	27	28	25	37	39	33	34	34	32	27	33	39	27	22	30	37	33	22	33	37	25	36	34	35	31	20	38	29	39	26	36	25	21	33	28	24	33	39	22	34	26	22	25	20	22	28	23	31	32	35	24	31	34	23	32	26	25	31	32	38	35	39	29	38	38	31	22	40	28	29	40	24	27	24	26	35	29	25	23	23	39	30	29	23	38	37	37	40	31	40	23	22	33	25	33	36	25	36	39	34	36	31	35	23	24	34	39	31	26	38	38	30	26	30	32	27	34	29	31	23	35	33	21	29	39	20	31	32	27	22	35	32	21	35	38	37	29	27	26	28	20	25	31	22	25	24	21	35	38	37	25	38	31	21	29	39	30	39	27	23	22	21	26	38	37	27	33	22	23	38	25	33	39	39	28	35	40	40	30	36	37	28	31	40	26	38	24	39	23	36	31	30	38	33	31	38	23	31	30	39	39	29	32	37	27	38	31	30	27	25	31	31	36	37	29	20	40	32	21	31	23	21	31	37	28	33	24	23	20	33	31	31	24	36	25	37	29	26	22	35	22	31	24	31	22	34	31	35	25	32	33	39	39	35	27	20	31	35	37	26	21	23	36	38	37	32	26	25	26	29	20	40	31	36	32	34	24	25	40	39	30	20	36	36	35	33	20	35	29	22	26	25	27	37	39	37	20	40	26	35	29	32	36	31	34	38	23	24	26	35	25	32	28	30	38	38	38	37	35	30	34	37	28	32	39	36	37	34	32	35	28	30	29	35	23	33	32	36	31	22	23	36	31	24	31	39	23	38	23	36	21	40	20	39	20	38	27	40	27	26	20	39	23	36	20	26	34	29	37	27	28	26	36	24	36	23	20	33	38	21	37	37	21	33	34	23	26	21	27	26	27	35	30	40	20	37	30	34	38	21	21	26	22	34	36	21	20	38	36	23	22	40	31	21	35	30	21	21	28	35	33	22	39	22	25	26	23	33	32	20	25	25	22	27	40	36	23	31	29	29	31	22	28	39	35	34	22	23	38	25	37	29	35	31	34	35	27	27	36	34	25	21	32	35	38	40	27	32	34	39	32	21	25	20	38	29	26	28	28	22	21	39	35	31	37	39	35	25	20	24	34	40	37	25	22	33	20	33	39	35	32	20	40	27	33	25	28	30	26	31	23	35	20	30	20	24	24	36	31	37	28	32	21	22	33	32	34	26	32	26	26	35	33	33	35	36	20	32	37	40	27	40	37	38	27	33	37	33	37	37	35	27	22	40	21	32	29	32	36	33	38	38	39	30	29	29	29	34	27	28	20	37	25	27	33	36	29	36	34	31	20	37	27	25	36	20	33	36	30	33	31	24	40	26	20	26	33	33	23	20	35	37	22	32	39	39	20	21	33	22	35	22	38	30	33	39	24	39	29	23	23	23	38	40	28	34	20	36	20	30	37	40	21	32	25	39	33	25	23	40	26	25	23	40	40	40	29	28	38	35	29	35	28	31	31	22	27	25	23	36	29	32	24	31	23	24	26	35	24	24	20	22	26	35	36	26	27	40	38	32	40	30	37	34	26	26	29	40	27	40	25	26	34	24	37	32	31	26	22	31	30	24	25	35	36	39	36	29	34	33	31	28	35	20	33	40	37	21	35	21	29	39	31	25	22	31	32	34	26	20	31	34	26	27	38	21	34	33	26	40	20	26	23	27	24	36	37	39	26	28	31	35	34	32	22	23	32	33	38	36	36	30	27	34	39	27	31	36	35	31	38	21	26	30	40	38	33	35	23	20	21	31	36	22	27	34	29	26	38	39	20	24	26	35	36	38	33	39	24	20	39	29	28	29	38	31	37	35	24	27	32	38	37	36	24	39	23	27	36	26	27	29	21	29	37	38	34	28	30	38	21	21	30	36	25	39	29	32	24	24	28	29	23	22	31	35	34	27	28	26	39	20	25	20	24	22	21	34	23	39	30	21	31	31	32	40	35	21	26	27	32	40	20	34	21	40	39	24	29	40	30	25	22	30	27	21	40	29	35	30	22	22	34	21	38	34	36	20	40	24	38	27	24	23	26	38	25	21	27	32	40	35	27	21	28	30	33	33	38	28	28	37	34	35	34	27	38	22	36	29	35	26	21	31	31	29	21	29	36	38	21	20	28	23	33	21	28	21	27	23	21	39	23	29	27	22	31	35	28	21	40	33	26	23	32	29	34	34	23	37	37	36	29	25	25	40	23	27	31	21	25	21	35	24	40	40	27	23	31	26	38	28	32	20	21	22	23	28	33	39	20	22	26	20	37	40	34	26	29	28	21	22	27	36	34	25	23	34	23	37	35	36	30	22	28	33	26	35	27	31	22	26	25	33	20	29	31	26	32	30	32	39	20	22	25	35	22	31	29	24	26	20	36	38	32	29	27	34	23	25	25	40	32	22	25	38	28	34	26	28	35	35	38	21	36	40	27	27	31	28	23	26	38	26	39	28	29	20	37	37	36	25	23	29	21	33	20	25	28	27	21	33	33	40	40	23	33	40	20	34	22	28	33	22	22	40	27	37	21	34	29	30	34	21	22	34	25	20	23	32	29	26	23	21	24	23	26	34	32	27	30	23	40	30	24	20	38	31	40	30	30	21	32	29	20	25	28	29	33	26	22	23	22	31	34	30	24	29	29	35	21	35	31	32	29	31	37	36	26	21	29	22	26	28	24	37	26	33	22	37	29	28	22	31	29	38	24	39	22	39	21	20	39	27	36	20	37	31	32	23	31	26	29	26	34	26	20	33	29	39	37	40	39	37	32	28	22	20	30	38	23	27	32	34	40	22	24	30	34	26	29	25	21	40	40	25	21	20	36	21	37	26	25	24	28	38	23	24	31	23	36	35	32	21	34	29	29	26	24	24	26	31	35	37	38	32	29	37	29	24	40	36	27	27	34	21	30	24	38	26	23	39	29	26	36	40	38	20	29	29	36	37	21	29	23	25	26	30	36	37	22	33	35	32	31	36	39	30	21	32	27	23	39	31	37	24	33	20	27	33	37	31	31	23	30	33	34	26	33	37	33	40	20	40	20	31	31	28	38	20	24	21	33	24	20	33	25	40	26	36	20	38	37	29	38	25	30	27	28	30	33	39	29	32	35	37	32	29	38	36	38	27	23	31	27	38	30	21	29	35	39	29	24	32	38	37	23	31	38	29	30	29	23	26	29	31	26	29	26	39	34	25	33	33	28	39	39	32	39	29	35	36	36	35	40	25	24	24	33	29	21	25	29	26	21	33	21	38	27	21	39	25	38	20	22	24	28	35	24	28	37	20	21	25	25	36	40	37	38	38	35	28	20	27	24	37	24	37	32	29	39	26	28	21	37	20	20	32	28	27	28	35	28	28	23	26	25	39	30	37	38	34	34	37	30	34	22	35	27	28	34	37	24	20	37	23	37	24	33	22	38	26	27	21	21	24	27	26	39	26	32	40	25	33	25	23	20	30	30	31	35	34	28	25	31	24	37	32	20	36	28	39	39	30	38	35	28	26	40	34	35	20	26	40	33	20	29	29	22	20	34	25	24	24	40	28	32	22	28	23	39	27	32	35	23	37	29	32	24	39	28	37	39	30	39	21	21	40	38	30	40	29	28	33	38	26	32	22	32	32	31	26	27	30	31	34	21	40	24	26	26	21	38	30	27	21	36	37	36	23	39	27	28	22	40	29	33	30	28	27	27	33	32	34	22	31	32	22	35	29	31	26	25	40	23	24	36	26	31	35	32	37	32	29	24	40	27	37	20	34	37	32	34	30	26	29	28	34	29	31	36	31	34	28	37	30	24	25	35	22	25	33	22	37	38	24	39	25	25	36	27	31	39	33	39	20	31	27	35	22	28	26	34	31	34	20	40	33	27	36	22	37	32	30	33	32	28	21	21	37	40	29	28	32	39	32	27	32	21	23	25	31	30	39	31	40	23	37	35	24	26	39	34	32	29	24	31	30	26	21	36	34	39	31	30	23	25	28	27	27	37	39	38	23	20	35	32	35	39	21	34	26	28	34	32	22	20	27	39	32	29	20	33	33	20	24	31	20	24	26	24	40	39	29	27	23	21	38	33	38	29	26	40	35	40	25	22	23	37	36	25	22	24	27	21	28	35	24	26	33	29	40	26	32	40	36	32	33	24	34	39	23	39	28	23	35	40	38	20	29	32	40	28	39	27	35	25	31	25	31	20	28	28	38	34	32	40	35	27	28	31	21	31	33	24	36	26	26	30	24	37	31	40	25	31	20	22	27	35	39	34	35	31	28	39	35	23	37	39	40	31	33	33	32	27	37	22	30	27	26	31	30	20	33	33	35	23	34	30	25	20	23	40	23	27	28	29	33	21	31	23	33	26	29	31	31	24	20	30	27	30	27	27	39	37	21	33	38	29	21	25	38	38	29	24	37	32	21	20	20	21	35	29	30	23	25	34	30	32	35	23	28	28	34	34	22	27	27	26	20	25	37	33	25	24	30	32	20	22	34	23	27	36	38	33	39	25	29	32	27	27	20	27	21	28	31	30	27	30	37	31	21	20	37	20	24	32	38	32	39	36	36	21	40	33	27	22	35	22	29	35	21	27	20	30	29	33	39	30	25	28	20	23	32	27	21	36	36	34	21	23	37	29	21	32	40	37	33	40	40	25	27	34	31	21	33	29	33	26	26	33	25	24	38	29	29	26	29	23	36	29	29	33	22	25	39	23	23	39	35	36	29	37	27	23	35	40	25	28	27	29	21	20	22	37	40	26	22	38	30	39	25	20	37	27	28	35	37	21	20	40	38	34	37	27	25	29	23	34	28	24	28	20	34	24	27	20	30	39	31	27	30	21	25	39	31	33	32	40	31	40	22	40	39	23	26	40	23	40	23	26	32	33	37	24	36	26	32	34	31	24	32	22	29	24	40	26	23	24	21	24	28	26	34	40	25	27	31	24	25	20	25	39	30	34	21	29	27	38	20	40	30	30	40	24	37	35	21	35	26	20	24	26	39	39	28	36	27	24	26	24	22	39	28	23	28	32	31	39	38	21	25	28	29	21	36	25	26	33	27	33	37	36	23	28	28	33	22	35	37	22	35	38	34	28	30	38	29	31	22	36	26	35	24	21	31	35	36	40	28	31	38	37	27	29	25	40	30	35	23	30	27	34	32	27	23	28	30	28	26	20	27	27	32	33	25	32	22	36	34	24	36	24	29	32	21	22	28	25	40	38	20	21	21	26	31	36	30	33	26	22	25	37	35	39	34	35	29	21	35	22	40	24	39	25	22	34	34	27	32	35	39	35	35	22	25	39	36	34	20	20	30	22	29	24	21	29	29	35	31	20	32	31	22	28	24	34	26	33	28	25	24	39	30	26	36	24	31	25	27	32	39	27	27	30	31	32	36	22	30	40	26	40	20	27	34	28	31	31	21	33	37	36	28	40	20	33	30	26	36	34	26	33	28	39	29	30	37	24	39	35	21	36	38	29	23	30	39	38	21	21	32	30	37	25	39	40	33	40	27	21	40	29	29	27	36	29	34	27	29	38	31	35	28	30	39	24	22	20	39	24	29	20	31	20	27	20	23	39	20	22	36	30	27	26	23	38	20	30	20	28	21	29	37	28	30	29	32	23	33	27	20	34	26	36	27	22	27	36	25	31	21	27	38	25	23	37	24	22	40	36	27	33	27	35	38	39	24	27	25	29	29	20	35	26	30	32	37	39	20	30	31	35	21	40	27	27	33	23	35	37	24	40	33	31	21	32	33	27	36	36	29	24	34	22	20	30	33	29	20	40	27	25	39	20	32	20	34	29	28	31	36	40	29	30	36	37	38	37	40	25	24	25	29	26	21	39	27	38	20	30	27	28	32	33	20	22	23	30	31	38	21	40	36	24	22	25	27	30	20	34	39	24	27	38	28	40	28	30	32	35	31	24	25	36	32	27	32	33	30	29	23	21	30	23	23	30	31	32	25	33	36	32	39	25	29	23	29	34	33	30	21	29	35	35	36	23	26	35	23	29	35	23	30	24	39	29	27	40	34	32	29	35	21	23	36	32	30	34	32	24	35	24	30	21	24	21	35	22	34	22	35	26	24	39	33	23	27	37	28	23	35	37	24	20	36	20	23	22	27	23	20	37	24	21	35	24	40	37	31	23	34	24	21	34	29	31	36	27	20	26	34	32	25	20	35	27	32	26	38	20	33	26	27	26	28	27	22	40	31	20	25	29	23	40	26	24	27	38	25	27	37	38	35	20	40	37	26	29	25	38	28	35	32	34	22	23	37	28	23	29	37	28	26	38	27	35	36	27	40	35	31	27	34	38	26	27	34	39	38	39	37	31	34	21	28	28	21	31	37	38	37	33	22	24	22	38	24	23	20	38	29	28	40	36	30	21	21	35	27	27	40	25	32	23	32	27	36	28	25	27	32	37	32	32	33	29	30	33	34	34	28	34	22	23	35	25	25	26	24	26	39	29	39	31	34	31	23	25	26	20	21	35	34	31	26	39	33	25	35	27	27	32	39	25	22	29	31	37	37	40	20	27	32	23	38	36	36	39	24	27	37	20	20	37	29	21	39	34	23	30	28	23	29	37	30	29	23	30	30	34	29	23	21	25	27	37	31	34	36	35	28	23	40	33	30	22	28	21	39	22	40	23	23	32	24	30	30	22	28	22	26	36	22	29	20	39	20	30	29	35	32	32	31	38	27	25	39	24	30	24	28	20	27	36	29	36	24	31	39	28	22	37	28	23	34	32	25	30	26	37	23	31	22	23	34	39	37	37	39	24	33	29	21	33	26	29	21	34	23	26	39	28	40	34	20	21	36	37	26	30	28	30	40	32	20	29	21	38	20	29	23	33	36	37	29	28	26	26	34	40	38	22	32	22	30	22	27	26	33	31	31	21	30	24	37	40	29	30	38	31	31	34	38	33	22	36	30	31	35	35	30	32	40	34	21	33	33	40	25	34	38	29	28	35	34	31	25	39	21	31	27	22	25	33	25	35	32	37	34	30	30	40	23	34	21	40	27	22	39	29	31	23	35	30	39	20	36	32	24	25	23	36	31	20	36	25	39	37	31	20	38	30	35	20	30	28	20	34	24	29	34	21	39	36	29	21	39	29	40	26	32	24	38	34	38	31	35	25	36	26	22	28	33	40	22	20	39	33	28	23	23	27	29	30	22	36	25	36	29	36	27	27	27	38	38	34	36	30	27	32	24	29	25	33	38	31	38	29	22	24	39	35	37	29	31	23	32	40	23	20	26	39	27	23	28	22	28	36	34	26	38	40	25	20	25	21	39	34	25	30	25	39	28	35	27	32	30	26	28	31	20	35	30	20	26	33	34	36	22	40	33	31	31	36	34	31	21	40	25	22	26	20	36	40	37	30	38	31	24	35	20	26	22	21	31	24	36	30	35	27	36	33	30	36	40	25	33	30	37	28	32	37	28	36	27	38	21	27	28	37	27	27	23	37	27	30	29	28	35	21	30	34	21	28	37	34	35	28	30	22	38	28	20	38	40	36	28	36	34	20	21	39	21	37	31	24	33	23	20	35	27	34	25	33	33	26	38	24	36	26	34	25	23	39	20	30	30	25	22	24	33	29	33	21	29	24	40	33	32	20	34	35	40	20	32	34	33	32	34	30	34	39	32	26	30	25	26	38	40	27	23	26	25	27	29	22	38	30	26	27	29	28	30	23	36	35	20	26	27	21	34	22	21	32	27	31	32	24	32	30	26	34	40	33	20	34	28	37	29	27	35	36	29	34	25	39	36	25	25	35	29	40	26	30	36	20	35	22	40	34	20	36	20	38	27	20	39	23	22	34	26	29	30	35	32	30	33	31	28	36	29	37	34	27	32	29	29	23	36	31	24	27	26	35	36	34	40	38	37	22	35	26	36	21	20	23	27	24	36	23	35	28	39	26	22	24	27	39	34	35	25	32	32	25	39	20	29	35	20	22	34	38	28	36	28	33	20	30	35	23	29	39	40	29	24	36	20	32	34	40	27	21	26	23	21	29	40	33	20	20	31	25	21	23	22	20	29	36	32	32	27	35	28	36	26	25	25	35	31	27	39	31	29	23	39	28	24	30	36	33	28	31	32	29	26	31	33	36	24	31	37	25	34	36	21	28	29	22	40	33	40	34	31	20	37	20	26	37	37	21	37	33	22	21	32	25	38	22	30	31	24	32	36	21	35	29	30	35	32	29	34	35	32	37	40	35	22	25	21	39	20	40	24	34	29	29	27	35	36	37	33	26	28	37	26	37	35	34	22	31	39	31	31	22	26	37	33	27	31	40	35	31	39	22	20	20	33	29	26	29	24	28	24	36	21	21	27	40	26	37	27	22	31	35	38	33	20	26	32	37	35	22	21	39	30	36	20	30	34	29	22	39	30	36	27	30	28	31	36	22	26	33	20	37	38	35	24	23	35	26	33	26	31	28	22	29	33	36	31	24	29	34	32	26	37	34	21	32	34	34	25	34	28	40	35	40	30	30	39	31	40	29	37	40	40	36	33	28	34	20	29	36	24	31	31	22	37	37	38	39	24	36	20	38	22	32	28	26	30	34	28	38	33	22	33	25	25	40	28	31	36	24	37	25	38	28	25	31	22	36	36	35	38	30	20	25	27	29	20	27	26	35	36	36	20	34	28	35	25	39	23	28	33	33	20	25	40	30	26	20	30	25	31	22	32	30	35	25	22	34	28	33	39	31	36	27	28	36	40	32	39	35	27	22	21	35	30	24	38	32	27	22	26	32	26	40	26	36	24	35	25	23	40	26	31	24	31	21	39	21	20	25	32	40	27	40	20	28	27	40	29	34	37	40	38	29	28	20	31	36	39	30	28	38	28	38	30	26	36	31	33	31	40	26	29	28	39	27	29	34	26	27	32	28	23	22	34	38	27	25	33	27	32	35	23	39	30	30	27	39	25	38	29	25	33	38	35	33	24	36	38	20	38	40	32	22	36	34	27	31	31	36	22	26	34	28	28	25	21	21	26	33	21	23	38	24	29	31	21	34	33	22	33	39	33	30	27	37	22	24	22	28	27	35	26	31	38	36	35	33	35	27	34	38	40	28	37	34	21	27	34	38	37	32	25	30	37	39	30	23	32	33	31	23	39	33	27	22	20	25	28	39	20	38	21	39	34	34	27	21	35	38	24	39	34	26	21	20	31	34	38	39	25	25	40	23	20	40	39	21	29	30	20	38	34	31	33	24	27	22	32	20	20	34	38	36	32	36	25	39	22	25	23	32	39	20	40	35	20	27	26	33	25	30	37	29	23	22	35	26	34	34	24	31	23	37	39	31	32	23	28	22	20	24	25	26	33	29	28	32	34	38	33	25	25	26	29	36	22	30	39	39	29	30	35	26	37	30	32	36	29	27	24	26	27	20	34	21	37	34	25	26	22	34	33	32	39	22	35	27	35	29	28	20	35	33	29	26	29	40	38	24	26	30	21	36	29	31	21	30	39	38	27	32	21	25	29	31	37	30	26	26	34	30	38	33	34	27	38	40	37	34	25	23	31	35	29	40	24	38	20	32	27	40	28	23	34	32	36	31	24	38	36	24	36	31	31	37	33	38	21	36	20	29	22	20	32	32	35	31	40	33	36	22	31	20	32	27	24	28	36	32	22	30	29	23	29	27	24	38	35	39	31	26	30	29	39	20	37	32	20	28	29	38	33	26	31	32	31	22	26	37	36	27	33	23	21	31	34	29	27	30	34	22	37	20	32	25	34	39	36	38	30	40	30	24	30	31	23	29	30	23	32	23	39	38	30	26	21	24	28	27	28	33	33	30	39	34	28	39	33	21	29	31	27	39	21	21	38	37	29	38	34	37	29	22	25	34	23	33	39	31	32	32	40	20	39	34	22	26	22	28	40	28	33	40	26	32	28	34	36	23	37	25	34	29	28	26	26	32	34	21	33	33	26	26	33	32	29	23	39	38	28	29	20	33	27	30	30	25	24	30	21	31	35	39	37	40	36	37	27	24	31	27	21	22	35	33	35	20	36	20	25	29	34	20	27	35	22	20	25	40	37	22	36	35	32	31	26	30	35	24	40	32	21	36	37	32	31	22	37	35	37	38	36	25	28	36	24	36	26	21	22	28	36	24	34	32	37	21	35	27	28	40	21	28	35	26	31	29	31	33	35	20	39	24	20	22	27	34	24	27	35	28	28	24	36	23	29	30	30	25	27	22	28	32	32	31	40	22	21	28	23	20	23	32	24	35	25	38	33	39	32	31	33	39	25	29	31	25	34	24	28	20	35	25	25	39	29	37	25	25	28	20	28	34	34	20	28	37	28	40	24	39	32	26	34	36	28	28	39	38	25	40	
26	26	28	41	37	19	40	17	30	24	47	16	33	33	12	48	49	45	32	32	45	46	16	47	43	35	19	24	38	31	36	32	27	35	31	47	19	32	15	37	39	42	27	16	39	12	17	47	34	16	38	26	42	36	16	12	16	43	44	38	27	42	30	29	20	46	42	23	39	29	43	47	49	12	10	13	12	20	21	45	11	26	34	18	30	30	35	11	30	39	32	36	48	39	50	38	15	12	45	34	35	11	35	30	35	18	48	32	33	45	35	36	48	46	23	43	50	31	45	38	30	44	34	12	28	25	47	13	28	42	50	26	23	20	25	46	17	36	11	25	14	38	11	36	30	43	17	45	47	38	28	37	44	49	36	34	36	41	31	10	46	46	43	23	13	25	15	14	11	18	47	11	48	19	34	50	18	19	39	50	48	40	38	34	29	31	38	44	47	24	29	33	29	43	25	29	24	36	48	35	37	24	13	15	20	19	45	44	29	26	43	42	12	18	16	23	13	43	35	28	21	15	42	50	11	34	39	12	40	22	26	10	21	14	46	39	47	17	47	12	40	40	38	49	16	43	48	21	46	34	28	21	44	26	22	21	34	19	37	46	40	34	42	49	30	30	35	20	49	14	42	29	19	45	50	23	19	23	11	13	32	25	50	40	25	25	11	46	43	10	44	36	22	23	39	30	43	50	14	15	11	20	15	32	42	29	41	31	39	11	23	35	30	16	23	38	41	12	13	37	16	25	39	15	24	49	19	45	26	43	17	26	23	37	25	14	29	23	11	49	30	24	25	38	49	16	20	41	20	31	11	12	42	15	38	42	12	31	25	45	40	42	46	40	32	41	48	33	38	47	27	39	24	15	39	31	25	37	36	35	10	18	48	13	26	31	19	21	38	20	50	26	28	16	12	32	14	25	45	50	23	30	19	18	25	33	38	17	17	37	31	12	48	23	43	49	19	42	41	35	13	17	46	44	42	25	40	36	18	49	19	43	16	44	10	12	24	48	44	13	11	28	47	22	20	40	23	42	46	16	23	12	20	41	15	13	16	21	42	48	23	32	43	37	11	18	12	15	15	30	30	13	16	18	29	36	17	46	39	48	44	47	17	35	14	11	32	31	11	21	50	33	14	26	38	26	28	13	10	12	18	19	41	43	50	10	19	21	26	42	34	21	14	44	39	40	25	18	17	50	44	36	17	37	41	39	29	36	25	19	45	19	32	27	45	47	49	22	18	12	13	37	18	28	31	26	27	13	18	24	36	16	50	17	45	35	30	32	28	42	38	15	30	41	43	21	19	10	22	36	21	35	15	34	18	14	14	44	38	28	32	29	18	44	49	15	18	20	19	47	26	49	35	44	15	12	37	45	13	40	46	50	19	44	23	10	44	44	40	49	41	31	46	20	38	30	48	49	38	20	16	31	17	23	25	32	17	40	14	25	31	49	39	45	16	13	32	47	30	22	37	18	22	46	44	30	48	48	35	29	16	19	38	47	35	17	43	31	48	37	42	14	46	13	28	42	45	19	19	25	36	15	12	36	32	27	36	28	50	35	26	15	18	42	14	42	10	29	18	43	17	29	16	11	39	17	22	41	25	38	26	35	48	27	43	39	23	24	50	15	37	33	41	17	14	44	11	49	47	32	40	26	41	42	36	28	33	28	49	10	33	32	46	14	17	23	49	19	29	38	43	10	11	11	37	27	30	41	46	46	26	33	13	41	50	20	29	32	32	49	34	43	29	18	48	35	36	39	14	36	11	15	12	14	47	11	20	23	34	26	48	26	31	35	28	17	26	30	13	26	27	15	46	16	37	23	50	28	47	20	30	41	44	20	37	37	15	11	21	39	20	27	43	47	47	46	29	26	46	16	24	18	22	34	44	32	29	30	29	43	22	40	34	11	39	39	33	39	31	44	34	19	13	28	39	29	33	27	36	47	37	21	12	19	40	18	23	41	28	43	36	48	17	35	19	40	38	17	39	30	33	15	20	47	24	22	15	23	33	47	48	41	25	14	13	40	12	43	33	11	47	29	14	46	11	40	18	46	36	19	42	11	28	21	13	33	46	19	38	39	40	49	19	16	13	29	36	30	11	35	10	45	28	23	23	14	19	41	27	30	34	41	20	42	36	26	24	46	31	30	25	38	48	50	49	15	42	10	16	10	32	29	13	10	22	10	40	17	13	21	12	11	25	25	21	10	41	45	28	37	22	21	14	28	25	11	14	17	15	24	14	20	34	19	19	50	47	25	33	41	35	39	24	31	11	30	33	21	13	33	36	16	13	29	13	20	29	33	25	12	26	24	47	40	12	31	46	41	39	45	29	48	28	25	17	18	26	19	22	30	50	46	32	34	45	38	39	15	30	18	26	20	25	36	10	19	48	41	21	27	25	21	38	47	25	29	42	13	22	48	17	20	40	48	36	19	21	41	21	23	31	42	17	11	38	45	44	19	14	43	12	26	47	21	35	38	39	34	33	28	42	22	16	10	26	46	24	13	43	16	26	14	14	49	25	16	36	27	44	30	24	22	37	38	15	30	48	33	21	44	41	31	37	15	15	10	33	33	45	26	45	28	30	28	23	23	26	14	10	26	19	41	41	13	14	34	47	33	36	41	46	27	12	23	11	13	33	12	22	46	37	27	29	41	12	35	10	33	31	16	46	17	37	42	15	33	29	13	30	24	35	22	33	25	44	23	38	43	27	35	36	18	25	50	38	21	21	36	19	22	34	12	44	37	25	45	32	35	32	37	20	20	14	26	50	24	33	23	29	47	26	48	27	27	20	39	24	11	43	10	41	25	26	22	16	20	10	49	33	36	18	15	39	16	21	15	34	32	21	41	36	12	46	11	20	15	38	37	22	30	36	38	38	17	43	48	29	42	42	33	39	30	38	38	28	36	11	48	42	21	42	39	34	44	25	16	35	10	17	36	41	21	47	49	44	35	11	16	42	47	16	49	26	11	26	45	32	25	25	11	34	38	33	26	43	24	11	23	15	36	14	23	25	18	25	44	21	22	41	10	17	29	41	46	44	37	42	35	34	50	49	12	14	46	45	44	46	43	41	42	35	48	17	31	17	49	46	33	33	13	18	50	21	46	35	36	38	11	22	11	12	14	10	37	15	22	44	21	38	11	25	41	15	20	25	38	10	16	30	27	10	25	33	12	22	42	33	36	17	50	25	23	25	34	18	14	38	31	26	49	29	38	47	23	39	30	23	45	38	35	12	25	27	42	40	30	15	11	37	40	49	16	28	39	33	14	48	48	28	27	41	14	35	25	18	47	50	11	22	12	30	34	32	38	36	19	47	24	32	29	41	24	20	49	40	21	37	19	19	14	36	36	26	33	35	49	13	23	18	50	15	40	11	15	37	35	31	22	33	43	35	21	45	32	30	29	47	27	41	35	49	17	14	35	29	10	13	14	11	11	18	39	45	39	24	44	44	26	12	36	47	48	50	24	35	31	15	14	17	10	27	15	33	34	36	25	46	19	12	26	10	12	34	15	46	29	31	26	29	45	23	45	43	18	45	31	29	24	43	39	18	28	40	17	13	27	24	24	37	29	25	22	47	36	36	34	47	18	14	27	44	27	16	45	12	34	14	18	36	19	32	49	18	11	40	26	14	14	11	26	27	50	12	44	41	43	17	42	14	40	26	22	33	24	26	11	40	25	33	29	42	37	18	18	44	23	19	36	23	28	31	49	26	50	41	28	26	43	20	40	49	41	10	25	45	28	12	19	44	34	20	31	15	18	33	23	14	18	45	42	40	46	44	44	12	23	40	42	45	46	29	47	14	45	50	43	27	27	50	44	44	28	10	18	23	32	49	17	46	31	13	50	10	30	13	38	10	37	43	46	50	21	46	46	31	39	16	19	28	11	10	50	25	50	38	25	25	40	48	49	26	20	32	23	33	21	12	17	30	43	43	50	43	10	32	33	15	15	42	40	24	23	27	12	28	38	31	28	16	41	25	49	13	47	12	19	37	37	25	14	18	19	42	46	40	23	21	24	46	33	21	39	35	50	42	47	16	41	16	12	46	15	30	25	25	39	36	32	47	40	21	47	22	39	33	20	29	20	15	12	39	12	15	44	37	43	49	49	20	43	34	20	10	34	17	12	30	28	26	47	41	39	45	19	11	39	50	49	26	20	39	25	33	35	38	39	47	13	18	43	28	32	29	21	49	37	18	36	15	26	15	40	28	35	30	16	21	22	21	25	41	15	22	46	16	39	20	17	44	50	25	34	16	16	22	17	16	23	28	41	37	50	36	15	26	46	37	44	12	29	46	26	11	24	30	30	45	26	36	47	45	42	20	38	43	29	36	16	13	45	47	21	33	21	43	37	22	25	49	25	18	47	21	35	43	48	33	24	49	45	47	22	26	22	38	40	36	41	24	30	48	20	38	34	12	30	45	33	23	22	29	17	40	18	12	38	25	15	15	42	45	16	37	26	39	18	40	33	30	19	30	26	25	10	24	33	42	27	28	15	39	14	42	15	15	11	12	21	46	17	19	49	18	31	17	37	19	23	29	36	27	24	13	30	35	14	18	44	41	42	34	32	24	45	26	34	18	17	23	17	21	46	47	50	20	18	12	48	43	45	28	42	44	40	41	45	23	35	43	11	13	24	23	46	28	33	37	28	50	16	47	45	39	48	10	10	35	19	24	34	19	45	40	36	35	11	32	47	48	40	30	42	31	26	22	25	28	29	47	33	48	40	35	15	37	15	15	16	33	44	15	32	26	10	35	44	32	12	39	30	28	41	34	49	40	15	41	11	34	42	48	14	28	26	23	36	25	48	41	10	21	30	17	26	40	47	30	50	29	22	38	42	40	46	36	49	26	44	22	31	39	34	33	16	18	16	12	12	28	16	22	11	37	42	24	41	19	50	25	50	37	40	29	15	11	16	18	36	30	31	19	20	35	23	35	15	28	20	36	17	25	20	10	11	47	26	38	23	42	30	32	28	32	36	24	38	41	44	25	36	47	35	46	22	26	50	26	47	33	48	15	20	23	20	48	38	21	15	11	47	26	29	35	42	32	12	40	32	25	15	48	34	36	41	43	45	12	36	30	22	20	18	24	31	10	25	29	34	26	28	18	15	47	16	37	12	14	17	13	46	31	46	41	24	24	34	34	42	12	31	49	31	30	24	15	18	34	47	46	36	38	26	29	28	25	34	20	30	36	21	11	42	50	40	13	14	20	17	20	49	10	45	43	27	50	25	31	17	41	45	19	18	36	17	28	38	27	50	46	16	36	26	25	46	45	41	32	16	10	40	37	49	16	37	39	46	14	40	23	11	32	29	14	17	27	44	18	38	29	43	49	28	31	49	17	34	15	39	16	38	12	21	35	19	48	28	38	21	14	29	36	37	41	41	33	49	31	35	40	47	10	46	41	19	30	10	31	50	30	23	42	33	35	45	27	44	42	18	10	38	37	34	21	28	38	18	37	34	32	50	38	48	19	28	45	14	19	25	49	20	25	24	28	36	16	15	37	50	16	48	11	24	17	32	21	20	39	43	10	32	50	31	14	37	32	41	32	41	15	47	42	19	50	22	10	14	21	48	25	40	30	48	13	12	46	26	29	31	23	35	45	35	43	47	11	39	37	43	36	43	29	11	36	43	41	48	20	20	10	21	27	31	18	36	40	38	29	16	38	21	38	13	12	21	46	17	22	38	42	13	10	14	37	34	40	35	25	41	30	21	19	43	44	50	40	36	21	37	14	21	50	50	39	19	27	14	20	24	40	21	32	25	27	11	25	18	39	12	11	50	22	43	16	26	27	16	23	34	30	36	20	42	17	19	27	13	42	19	40	37	26	22	50	25	49	30	43	33	36	50	17	27	32	48	19	10	12	20	35	33	12	36	34	39	13	37	18	14	27	10	26	25	24	16	49	38	37	46	27	28	22	11	20	33	28	12	46	25	49	24	13	42	27	46	13	30	10	17	50	14	48	15	12	40	16	40	37	40	17	21	35	14	42	12	38	26	46	43	24	20	42	45	46	20	50	29	35	18	32	24	30	41	25	17	41	40	46	37	25	42	39	13	46	34	14	29	48	27	36	12	21	48	33	27	30	11	50	32	18	44	49	45	37	37	33	21	15	36	25	32	48	45	47	47	36	32	46	47	27	26	34	18	14	27	14	47	33	42	22	27	40	45	36	31	46	30	24	24	27	29	46	12	24	19	43	37	14	33	18	19	25	35	40	23	21	16	21	47	23	14	40	22	17	22	13	32	17	12	50	40	21	29	11	43	20	13	29	49	16	25	44	20	37	30	49	35	42	18	23	13	18	36	23	12	18	17	37	20	28	43	22	43	46	14	45	36	15	29	40	18	41	39	45	19	12	46	20	16	40	32	44	12	46	20	39	12	12	48	36	42	36	42	47	20	49	49	18	19	17	36	26	28	36	45	24	18	38	50	39	25	47	38	47	38	23	16	25	26	24	36	46	44	38	10	13	45	37	39	46	17	11	35	22	16	50	13	13	34	32	22	47	45	17	36	32	26	18	33	38	39	32	31	27	27	41	48	36	23	30	26	18	14	49	46	39	48	28	33	39	20	12	34	48	30	41	35	26	43	49	42	47	28	46	34	45	50	15	25	27	10	44	20	39	38	25	27	30	36	20	25	29	34	37	16	33	47	14	38	30	11	11	43	38	17	41	14	29	26	26	10	20	43	26	22	30	41	38	21	18	47	43	41	27	38	11	26	47	49	37	12	13	18	37	46	21	10	36	22	13	11	11	36	26	24	15	33	34	39	35	47	15	24	44	39	50	49	16	16	49	44	44	10	34	27	29	19	21	16	17	17	22	42	30	31	29	28	40	32	35	28	24	15	14	27	31	39	34	11	47	47	25	35	13	40	11	14	47	47	48	36	35	20	35	11	49	37	31	33	36	27	35	33	13	27	50	26	13	34	46	32	31	36	25	39	44	14	39	46	18	16	47	47	15	22	26	45	47	32	34	31	20	11	36	38	40	50	41	20	26	41	39	32	27	27	35	18	23	32	10	44	42	17	10	43	35	33	40	39	49	16	22	41	12	44	31	30	22	36	22	11	28	21	22	21	44	37	14	21	18	21	25	17	23	12	39	42	23	31	46	26	25	42	38	23	19	45	14	42	35	13	36	27	16	35	21	33	36	28	39	42	47	25	20	39	12	10	26	36	27	49	19	25	32	28	43	37	20	24	35	11	40	47	27	11	30	32	39	12	35	49	28	25	37	43	14	23	25	21	16	11	34	23	20	28	48	34	30	25	40	32	29	21	13	41	45	30	15	23	26	34	45	21	26	46	47	14	22	27	40	45	42	43	13	38	24	12	19	11	42	24	49	29	48	38	21	29	43	36	21	19	36	34	25	34	15	49	22	20	48	36	34	12	33	27	30	12	42	22	25	10	22	49	31	25	12	17	34	21	14	48	33	28	42	47	33	18	40	10	12	29	19	44	25	45	13	28	22	14	26	32	13	50	22	23	29	30	19	33	37	36	34	50	21	11	15	17	16	13	19	14	35	44	35	36	32	39	27	50	40	27	50	38	40	41	26	34	37	36	48	20	38	26	30	45	11	11	31	11	23	40	29	28	27	32	33	48	30	38	35	20	18	29	36	14	44	43	45	37	22	31	42	15	25	49	28	41	12	13	49	14	31	48	20	14	47	14	28	45	29	10	21	12	25	21	26	46	32	16	22	24	45	14	44	43	38	16	30	40	42	10	22	10	26	16	37	30	31	13	33	31	15	38	27	21	20	21	36	20	33	11	41	23	40	28	16	47	31	37	39	20	37	13	26	36	49	28	30	29	38	15	40	32	38	17	16	23	40	32	45	10	22	29	22	49	18	33	22	14	44	13	37	15	14	21	11	35	45	42	35	37	36	23	41	24	43	14	21	45	42	13	46	44	50	39	31	16	45	16	24	10	33	14	27	42	34	13	31	33	32	38	20	30	20	36	40	42	40	24	35	47	22	15	23	41	13	10	38	39	18	42	15	28	38	39	11	12	32	32	36	15	28	24	12	11	23	25	28	39	13	29	18	38	22	48	27	42	50	34	27	46	35	16	38	14	44	40	24	35	26	36	11	48	10	35	11	38	47	39	50	24	13	50	47	13	35	31	44	19	26	30	41	38	16	12	13	34	21	45	25	13	25	45	50	35	28	38	12	23	11	49	16	39	49	14	41	46	12	23	34	19	30	40	41	43	46	49	15	22	36	15	40	22	23	20	21	11	27	13	24	24	15	14	50	29	34	35	34	32	40	18	40	47	32	42	20	36	33	46	28	24	24	31	39	38	13	10	41	43	25	32	24	44	45	16	15	20	19	11	18	47	35	34	14	36	25	37	12	10	15	45	23	15	37	22	48	13	30	49	31	25	31	34	21	50	19	35	34	29	20	33	47	36	16	31	40	22	19	35	19	34	40	25	41	29	19	39	35	16	10	43	23	41	21	27	42	36	14	38	38	18	47	20	13	23	11	19	20	23	24	46	43	18	46	26	26	44	10	42	26	31	44	32	11	28	15	46	23	37	39	19	42	46	45	13	18	35	27	49	47	31	24	30	18	22	17	50	12	20	48	10	23	11	26	18	48	20	39	17	23	29	30	28	15	23	32	33	45	16	42	30	22	42	39	29	46	38	37	34	10	49	18	15	20	45	17	12	34	34	11	43	42	47	46	42	34	49	26	39	48	43	42	33	31	21	35	21	38	44	49	20	13	10	28	36	26	24	43	13	14	23	49	32	43	35	14	23	18	36	37	40	28	49	28	49	34	13	41	48	19	41	23	18	46	42	39	24	17	37	22	41	11	13	39	13	17	19	11	20	32	10	40	39	28	29	34	15	24	36	23	38	41	39	35	29	47	18	36	48	45	37	31	16	46	30	31	11	50	34	37	27	48	38	22	13	40	10	20	46	35	41	50	41	47	39	43	22	33	36	27	19	31	50	28	28	22	27	11	43	42	47	28	30	48	32	33	36	18	25	14	38	28	15	50	19	39	19	35	48	13	16	50	27	39	19	42	47	12	21	38	39	46	20	11	20	45	10	50	44	45	10	32	32	46	32	39	22	28	12	18	26	13	18	22	42	22	22	49	25	19	38	48	39	15	20	45	50	22	46	10	31	32	32	43	40	31	19	37	10	30	46	12	48	44	17	10	24	41	34	17	20	46	39	50	14	22	32	16	46	21	44	11	24	12	45	34	21	19	21	19	43	47	22	42	42	49	24	25	24	22	49	14	34	34	34	30	45	30	42	24	20	37	21	40	14	39	32	21	35	29	12	46	31	49	50	37	10	39	49	43	21	33	10	48	46	28	16	38	21	30	33	47	12	30	21	15	13	14	20	14	42	36	29	43	34	11	31	13	10	39	44	50	46	41	36	25	46	28	20	10	41	17	41	28	34	33	29	45	30	11	35	32	43	10	14	47	12	26	43	31	35	10	25	13	19	25	11	35	13	37	31	14	17	32	42	50	45	50	21	16	34	43	22	18	47	17	35	18	16	14	28	35	22	27	38	43	50	10	20	14	31	31	25	49	39	29	30	26	22	31	24	47	16	20	23	23	34	27	46	22	15	41	46	24	13	11	17	16	50	49	48	21	17	28	37	30	46	49	31	38	50	21	39	13	47	17	47	24	36	24	12	38	10	27	17	27	50	44	37	49	36	33	38	41	32	45	11	47	19	14	30	31	46	44	43	15	36	26	39	40	22	50	29	23	11	47	30	19	29	29	35	21	42	15	50	35	37	21	14	36	37	29	12	23	31	28	12	39	33	10	41	46	11	27	21	24	19	21	17	11	33	50	13	40	46	38	45	38	40	11	40	47	43	16	12	32	37	50	40	12	50	11	30	20	36	20	24	30	12	33	16	28	31	18	19	41	49	46	40	50	11	36	23	34	45	48	47	26	41	10	12	35	14	13	41	13	24	40	33	37	32	26	32	49	33	17	49	44	21	39	28	16	25	31	41	38	23	47	38	32	14	12	37	42	49	26	10	18	28	39	13	14	39	43	16	40	31	49	13	25	43	11	28	36	26	37	28	36	17	13	34	18	28	30	34	20	32	36	11	36	16	42	10	18	11	36	19	30	13	16	12	33	12	46	33	36	39	26	28	14	30	14	29	43	31	33	21	19	25	12	30	45	30	19	48	28	22	16	33	18	42	12	39	47	43	24	28	45	11	21	17	31	38	50	17	11	46	48	24	48	37	11	11	29	39	13	31	19	50	40	13	39	24	19	37	11	32	50	39	30	23	16	30	14	44	43	15	13	50	44	28	20	18	11	22	48	12	39	18	11	23	46	24	22	42	40	34	15	22	45	18	18	36	14	43	22	47	25	17	17	14	13	27	18	30	39	14	30	32	28	10	20	15	18	44	33	15	27	14	38	30	11	25	18	29	15	50	41	27	32	49	18	28	23	47	26	32	14	46	32	26	22	26	15	45	31	24	33	44	32	43	24	40	24	12	47	33	13	27	39	24	23	46	25	45	10	33	13	34	11	31	32	47	46	17	24	41	45	33	47	39	30	35	22	39	34	46	43	27	11	18	25	41	34	11	16	41	33	50	47	36	22	34	48	13	20	42	13	36	23	22	13	19	41	15	43	29	44	29	32	13	32	39	34	13	24	43	48	28	20	43	23	18	19	41	26	16	28	14	11	49	39	10	20	26	40	49	40	50	47	30	14	31	39	45	36	15	29	13	49	38	36	47	24	21	26	46	46	25	22	39	25	49	45	21	24	29	38	33	12	40	46	42	16	29	32	11	39	35	49	20	46	48	12	38	11	45	45	26	13	41	35	31	43	28	34	19	24	29	29	10	29	41	32	41	14	29	46	13	29	13	29	26	48	29	13	10	17	29	27	14	28	41	30	46	22	45	17	10	37	46	45	37	26	13	40	20	28	19	43	36	24	20	19	39	41	12	49	30	37	46	49	28	25	19	40	29	41	21	28	31	10	29	48	28	21	49	40	39	25	33	46	24	42	46	14	12	34	27	24	11	30	33	39	31	14	25	17	16	25	15	10	34	32	39	31	49	22	34	49	18	32	38	26	44	10	30	37	21	13	15	11	50	32	40	31	38	23	28	13	31	34	19	15	35	50	36	37	43	49	20	44	15	26	45	50	49	28	12	28	10	28	44	32	10	12	20	49	35	18	38	12	20	46	11	27	30	21	30	18	29	46	17	42	24	15	15	45	15	41	36	42	37	15	26	20	49	18	32	24	48	27	24	16	48	27	24	16	43	24	31	49	50	30	17	13	20	19	47	38	18	17	37	10	14	33	19	17	29	37	35	30	31	18	18	18	19	15	36	
20
70
