5712
120
0	0	0	0	0	0	0	0	0	0	0	0	0	0	0	0	0	0	0	0	0	0	0	0	0	0	0	0	0	0	0	0	0	0	0	0	0	0	0	0	0	0	0	0	0	0	0	0	0	0	0	0	0	0	0	0	0	0	0	0	0	0	0	0	0	0	0	0	0	0	48	0	0	0	0	0	0	0	0	0	0	0	0	0	0	0	0	0	0	0	0	0	0	0	0	0	0	0	0	0	0	0	0	0	0	0	0	0	0	96	0	0	0	0	0	0	0	0	0	0	
0	0	0	0	0	0	0	0	0	0	0	48	0	0	0	0	0	0	0	0	0	0	0	0	0	0	0	0	0	0	0	0	0	0	0	0	0	0	0	0	0	0	0	0	0	0	0	0	0	0	0	0	0	0	0	0	0	0	0	0	0	0	0	0	0	0	0	0	0	0	0	0	0	500	0	0	0	0	0	0	0	0	0	0	0	0	0	0	0	0	0	0	0	0	0	0	0	0	0	0	0	0	0	0	0	0	0	0	0	0	0	0	0	0	0	0	0	0	0	0	
0	0	0	0	0	0	0	0	0	0	0	0	0	0	0	0	0	0	0	0	0	0	0	0	0	0	0	0	0	0	0	0	0	0	0	0	0	0	0	0	0	0	0	192	0	0	0	0	0	0	0	0	0	0	0	0	0	0	0	0	0	0	0	0	0	0	0	0	0	0	0	0	0	0	0	0	0	48	0	0	0	96	0	0	0	0	0	0	0	0	0	0	0	0	0	0	0	0	0	0	0	0	0	0	0	0	0	0	0	0	0	0	0	0	0	0	0	0	0	0	
0	0	0	0	0	0	0	0	0	0	0	0	0	0	0	0	96	0	0	0	0	0	0	0	0	0	0	0	192	0	0	0	0	0	0	0	0	0	0	0	0	0	0	0	0	0	0	0	0	0	0	0	0	0	0	0	0	0	0	0	0	0	0	0	0	0	0	0	0	0	0	0	0	0	0	0	0	0	0	0	0	0	0	0	0	0	0	0	0	0	0	0	0	0	0	0	0	0	0	0	0	0	0	0	0	0	0	0	0	0	0	0	0	0	0	0	0	0	0	0	
0	0	0	0	0	0	0	0	0	96	0	0	0	0	0	0	0	0	0	0	0	0	0	0	0	0	0	0	0	0	0	0	0	0	0	0	0	0	0	0	0	0	0	0	0	0	0	0	0	0	0	0	0	0	0	0	0	0	0	0	0	0	0	0	0	0	0	0	0	0	0	0	0	0	0	0	0	0	0	0	0	0	0	0	0	0	0	0	0	0	0	0	0	0	0	0	0	0	0	0	0	0	48	0	0	0	0	0	0	0	0	0	0	0	0	0	0	0	0	0	
0	0	0	0	0	0	0	96	0	0	0	0	0	0	0	0	0	0	0	0	0	0	0	0	0	0	0	0	0	0	0	0	0	0	0	0	0	0	0	0	0	0	0	0	0	0	0	0	0	0	0	0	0	0	0	0	0	0	0	0	0	0	0	0	0	0	0	0	0	0	0	0	0	0	0	0	0	0	0	0	0	0	0	0	0	0	0	0	0	0	0	0	0	0	0	0	0	0	0	0	0	0	0	0	0	0	0	0	0	0	0	0	0	0	500	0	0	0	0	0	
0	0	0	0	0	0	0	0	0	0	0	0	0	0	0	0	0	0	0	0	0	0	0	0	0	0	0	0	0	0	0	0	0	0	0	0	0	0	0	0	0	0	0	0	0	0	0	0	0	0	0	96	0	0	0	0	0	0	0	0	0	0	0	0	0	0	0	0	0	0	0	0	0	0	0	0	0	0	0	0	0	0	0	0	0	0	0	0	0	0	0	500	0	0	0	0	0	0	0	0	0	0	0	0	0	0	0	0	0	0	0	0	0	0	0	0	0	0	0	0	
0	0	0	0	0	96	0	0	0	0	0	0	0	0	0	0	0	0	0	0	0	0	0	0	0	0	0	0	0	0	0	0	0	0	0	0	0	0	0	0	0	0	0	0	0	0	0	0	0	0	0	0	0	0	0	0	0	0	0	0	0	0	0	0	0	0	0	0	0	0	0	0	0	0	0	0	0	0	96	0	0	0	0	0	0	0	0	0	0	0	0	0	0	0	0	0	0	0	0	0	0	0	0	0	0	0	0	0	0	0	0	0	0	0	192	0	0	0	0	0	
0	0	0	0	0	0	0	0	0	0	0	0	0	0	0	0	0	0	0	0	0	0	0	0	96	0	0	0	0	0	0	0	0	0	0	0	0	0	0	0	0	0	0	0	0	0	0	0	0	0	0	0	0	0	0	0	0	0	0	0	0	0	0	0	0	0	0	0	0	0	0	0	0	0	0	0	500	0	500	0	0	0	0	0	0	0	0	0	0	0	0	0	0	500	0	0	0	0	0	0	0	0	0	0	0	0	0	0	0	0	0	0	0	0	0	0	0	0	0	0	
0	0	0	0	96	0	0	0	0	0	0	0	0	0	0	0	0	0	0	0	0	500	0	0	0	0	0	0	0	0	0	0	0	0	0	0	0	0	0	0	0	0	0	0	0	0	0	0	0	0	0	0	0	0	0	0	0	0	0	0	0	0	0	0	0	0	0	0	0	0	0	0	0	0	0	0	0	0	0	0	0	0	0	0	0	0	0	0	0	0	0	0	0	0	0	0	0	0	0	0	0	0	0	0	0	0	0	0	0	0	0	0	0	0	0	0	0	0	0	0	
0	0	0	0	0	0	0	0	0	0	0	0	0	0	0	0	0	0	0	0	0	0	0	0	0	0	0	0	0	0	48	0	0	0	0	0	0	0	0	0	0	0	0	0	0	0	0	0	0	0	0	0	0	0	0	0	0	0	0	0	0	0	0	0	0	0	0	0	0	0	0	0	0	0	0	0	0	0	0	0	0	0	0	0	0	0	0	0	48	0	0	0	0	0	0	0	0	0	0	0	0	0	0	0	0	0	0	0	0	0	0	0	0	0	0	0	0	0	0	0	
0	48	0	0	0	0	0	0	0	0	0	0	0	0	0	0	0	0	0	0	0	0	0	0	0	0	0	0	0	0	0	0	0	0	0	0	0	0	0	0	48	0	0	0	0	0	0	0	0	0	0	0	0	0	0	0	0	0	0	0	0	0	0	0	0	0	0	0	0	0	0	0	0	0	0	0	0	0	0	0	0	0	0	0	0	0	0	0	0	0	0	0	0	0	0	0	0	0	0	0	0	0	0	0	0	0	0	0	0	0	0	0	0	0	0	0	0	0	0	0	
0	0	0	0	0	0	0	0	0	0	0	0	0	0	0	0	0	0	0	0	0	0	0	0	0	0	0	0	0	48	0	0	0	0	0	0	0	0	0	0	0	0	0	0	0	0	0	0	0	0	0	0	0	0	0	0	0	0	0	0	0	0	0	0	0	0	0	0	0	0	0	0	48	0	0	0	0	0	0	0	0	0	0	0	0	0	0	0	0	0	0	0	0	0	0	0	0	0	0	0	0	0	0	0	0	0	0	0	0	0	0	0	0	0	0	0	0	0	500	0	
0	0	0	0	0	0	0	0	0	0	0	0	0	0	0	0	0	0	0	0	0	48	0	0	0	0	0	0	0	0	0	0	0	0	0	0	0	0	0	0	0	0	0	0	0	0	0	0	0	0	0	0	0	0	0	0	0	0	0	0	0	0	0	0	0	0	0	0	0	0	0	0	0	0	0	0	0	0	0	0	96	0	0	0	0	0	0	0	0	0	0	0	0	0	0	0	0	0	0	0	0	0	0	0	0	0	0	0	0	0	0	0	0	0	0	0	0	0	0	0	
0	0	0	0	0	0	0	0	0	0	0	0	0	0	0	0	0	0	0	0	0	0	0	0	0	0	0	0	0	0	0	0	0	0	0	0	96	0	0	0	96	0	0	0	0	0	0	48	0	0	0	0	0	0	0	0	0	0	48	0	0	0	0	0	0	0	0	0	0	0	0	0	0	0	0	0	0	0	0	0	0	0	0	0	0	0	0	0	0	0	0	0	0	0	0	0	0	0	0	0	0	0	0	0	0	0	0	0	192	0	0	0	0	0	0	0	0	0	0	0	
0	0	0	0	0	0	0	0	0	0	0	0	0	0	0	0	0	0	0	0	0	0	0	0	0	0	0	0	0	0	0	0	0	0	0	48	0	0	0	0	0	0	0	0	0	48	0	0	0	0	0	0	0	0	0	0	0	0	0	0	0	0	0	0	0	0	0	0	0	0	0	0	0	0	0	0	0	0	0	0	0	0	0	0	0	0	0	0	0	0	0	500	0	0	0	0	0	0	0	0	0	0	0	0	0	0	0	0	0	0	0	0	0	0	0	0	0	0	0	0	
0	0	0	96	0	0	0	0	0	0	0	0	0	0	0	0	0	0	0	0	96	0	0	0	0	0	0	0	0	0	0	0	0	0	0	0	0	0	0	0	0	0	0	0	0	0	0	0	0	0	0	96	0	0	0	0	0	0	0	0	0	0	0	0	0	0	0	0	0	0	0	0	0	0	0	0	0	0	0	0	0	0	0	0	0	0	0	0	0	0	0	0	0	0	0	0	0	0	0	0	0	0	0	0	0	0	0	0	0	0	0	0	0	0	0	0	0	0	0	0	
0	0	0	0	0	0	0	0	0	0	0	0	0	0	0	0	0	0	0	0	0	0	0	0	0	0	0	0	0	0	0	0	0	0	0	0	0	0	0	0	0	0	0	0	0	0	0	0	0	0	0	96	0	0	0	0	0	0	0	0	0	0	0	0	0	0	0	0	0	0	0	0	0	0	0	0	0	0	0	0	0	0	0	0	0	0	0	96	0	0	0	0	0	0	0	0	0	0	0	0	0	0	0	0	0	0	0	0	0	0	0	0	0	0	0	0	0	0	0	0	
0	0	0	0	0	0	0	0	0	0	0	0	0	0	0	0	0	0	0	0	0	0	0	0	0	0	0	0	0	0	0	0	0	0	0	0	48	0	0	0	0	0	0	0	0	0	0	0	0	0	0	0	0	0	0	0	0	0	0	0	0	0	0	0	0	0	0	0	0	0	0	0	0	500	0	0	0	0	0	0	0	0	0	0	0	0	500	0	0	0	0	0	0	0	0	0	0	0	0	0	0	0	0	0	0	0	0	0	0	0	0	0	0	0	0	0	0	0	0	0	
0	0	0	0	0	0	0	0	0	0	0	0	0	0	0	0	0	0	0	0	0	0	0	0	0	0	0	0	0	0	0	0	0	0	0	0	0	0	0	0	0	0	0	0	0	0	0	0	0	96	48	0	0	0	0	0	0	0	0	0	0	0	0	0	0	0	0	0	0	0	0	0	0	0	0	0	0	0	0	0	0	0	0	0	0	0	0	0	0	0	0	0	0	0	0	0	0	0	0	0	0	0	0	0	0	0	0	0	0	0	0	0	0	0	0	0	0	0	0	0	
0	0	0	0	0	0	0	0	0	0	0	0	0	0	0	0	96	0	0	0	0	0	0	0	0	0	0	0	192	0	0	0	0	0	0	0	0	0	0	0	0	0	0	0	0	0	0	0	0	0	0	96	0	0	0	0	0	0	0	0	0	0	0	0	0	0	0	0	0	0	0	0	0	0	0	0	0	0	0	0	0	0	0	0	0	0	0	0	0	0	96	0	0	0	0	0	0	0	0	0	0	0	0	0	0	0	0	0	0	0	0	0	0	0	0	0	0	0	0	0	
0	0	0	0	0	0	0	0	0	500	0	0	0	48	0	0	0	0	0	0	0	0	0	0	0	0	0	0	0	0	0	0	0	0	0	0	0	0	0	0	0	0	0	0	0	0	0	0	0	0	0	0	0	0	0	0	0	0	0	0	0	0	0	0	0	0	0	0	0	0	0	0	0	0	0	0	0	0	0	0	0	0	0	0	0	0	0	0	0	0	0	0	0	0	0	0	0	0	0	0	0	0	0	0	0	0	0	0	0	0	0	0	0	0	0	0	0	0	0	0	
0	0	0	0	0	0	0	0	0	0	0	0	0	0	0	0	0	0	0	0	0	0	0	0	0	0	0	0	0	0	0	0	0	0	0	0	0	0	0	0	0	0	0	0	0	0	0	0	0	0	0	0	0	0	0	0	0	0	0	0	0	0	0	0	0	0	0	0	0	0	0	0	0	0	0	0	0	0	0	0	0	0	0	0	0	0	0	0	0	0	0	0	0	0	0	0	0	0	0	0	0	0	0	0	0	0	0	192	0	0	0	0	0	0	0	0	0	500	0	0	
0	0	0	0	0	0	0	0	0	0	0	0	0	0	0	0	0	0	0	0	0	0	0	0	0	0	0	0	0	0	0	0	0	0	500	0	0	0	0	0	0	96	0	0	0	0	0	0	0	0	0	0	0	0	0	0	0	0	0	0	0	0	0	0	0	0	0	0	0	48	0	0	0	0	0	0	0	0	0	0	0	0	192	0	0	0	0	0	0	0	0	0	0	0	0	0	0	0	0	0	0	0	0	0	0	0	0	0	0	0	0	0	0	0	0	0	0	0	0	0	
0	0	0	0	0	0	0	0	96	0	0	0	0	0	0	0	0	0	0	0	0	0	0	0	0	0	0	0	0	0	0	0	0	0	0	0	0	0	0	0	0	0	0	0	0	0	0	0	0	0	0	0	0	0	0	0	0	0	0	0	0	0	0	0	0	0	0	0	0	0	0	0	0	0	0	0	0	0	0	0	0	0	0	0	0	0	0	0	0	500	0	0	0	0	0	0	0	0	0	0	0	48	0	0	0	0	0	0	0	0	0	0	0	0	0	0	0	0	0	0	
0	0	0	0	0	0	0	0	0	0	0	0	0	0	0	0	0	0	0	0	0	0	0	0	0	0	0	0	0	0	0	0	0	0	0	0	48	0	0	0	0	0	0	0	0	0	0	0	0	0	0	0	0	0	0	0	0	0	0	0	0	0	0	0	0	0	0	0	0	0	0	0	0	0	0	0	0	0	0	0	0	0	0	0	0	0	0	0	0	0	0	0	0	0	0	0	0	0	0	0	0	0	0	0	0	0	0	0	96	0	0	0	0	0	0	0	0	0	0	0	
0	0	0	0	0	0	0	0	0	0	0	0	0	0	0	0	0	0	0	0	0	0	0	0	0	0	0	0	0	0	0	0	0	0	0	0	0	96	0	0	0	0	0	0	0	0	0	0	0	0	0	0	0	0	0	0	0	0	0	0	0	0	0	0	0	0	0	0	0	0	0	0	0	0	0	0	0	0	0	0	0	0	0	0	0	0	0	0	0	0	0	0	0	0	0	0	0	0	0	0	0	0	0	0	0	0	0	192	0	0	0	0	0	0	0	0	0	0	0	0	
0	0	0	0	0	0	0	0	0	0	0	0	0	0	0	0	0	0	0	0	0	0	0	0	0	0	0	0	0	0	0	0	0	0	0	0	0	0	0	0	0	0	0	0	0	0	0	0	0	0	0	0	0	0	0	0	0	96	0	0	0	0	0	0	0	0	0	0	0	0	0	0	0	0	0	0	0	0	0	0	0	0	0	0	0	0	0	0	500	0	0	0	0	0	0	0	0	0	0	0	0	0	0	0	0	0	0	0	0	0	0	0	0	0	0	0	0	0	0	0	
0	0	0	192	0	0	0	0	0	0	0	0	0	0	0	0	0	0	0	0	192	0	0	0	0	0	0	0	0	0	0	500	0	0	0	0	0	0	0	0	0	0	0	0	0	0	0	0	0	0	0	0	0	0	0	0	0	0	0	0	0	0	0	0	0	0	0	0	0	0	0	0	0	0	0	0	0	0	0	0	0	0	0	0	0	0	0	0	0	0	0	0	0	0	0	0	0	0	0	0	0	0	0	0	0	0	0	0	0	0	0	0	0	0	0	0	0	0	0	0	
0	0	0	0	0	0	0	0	0	0	0	0	48	0	0	0	0	0	0	0	0	0	0	0	0	0	0	0	0	0	0	0	0	0	0	0	0	0	0	0	0	0	0	0	0	0	0	0	0	0	0	0	0	0	0	0	0	0	0	0	0	0	0	0	0	0	0	0	0	0	0	0	0	0	0	0	0	0	0	0	0	0	0	0	0	0	0	0	0	0	0	0	0	0	0	0	0	48	0	0	0	0	0	0	0	0	0	0	0	0	0	0	0	0	0	0	0	0	0	0	
0	0	0	0	0	0	0	0	0	0	48	0	0	0	0	0	0	0	0	0	0	0	0	0	0	0	0	0	0	0	0	0	0	0	0	0	0	0	0	0	0	0	0	0	0	0	0	0	0	0	0	0	0	0	0	0	0	192	0	0	0	0	0	0	0	0	0	0	48	0	0	0	0	0	0	0	0	0	0	0	0	0	0	0	0	0	0	0	0	0	0	0	0	0	0	0	0	0	0	0	0	0	0	0	0	0	0	0	0	0	0	0	0	0	0	0	0	0	0	0	
0	0	0	0	0	0	0	0	0	0	0	0	0	0	0	0	0	0	0	0	0	0	0	0	0	0	0	0	500	0	0	0	0	0	0	0	0	0	0	0	0	0	0	0	0	0	0	0	0	0	0	0	0	0	0	0	0	0	0	96	0	0	0	0	0	0	0	0	0	0	0	0	0	0	0	0	0	0	0	0	0	0	0	0	0	0	0	0	0	0	0	0	0	0	0	0	0	0	500	0	0	0	0	0	0	0	0	0	0	0	0	0	0	0	0	0	0	192	0	0	
0	0	0	0	0	0	0	0	0	0	0	0	0	0	0	0	0	0	0	0	0	0	0	0	0	0	0	0	0	0	0	0	0	0	0	0	0	0	0	0	0	0	0	0	0	0	0	0	0	0	0	0	0	48	0	0	0	0	0	0	0	0	0	0	0	0	0	0	0	0	0	0	0	0	0	0	0	0	0	0	0	0	0	0	192	0	0	0	0	0	0	0	0	0	0	0	0	0	0	0	0	0	0	0	0	0	0	0	0	0	0	0	0	0	0	96	0	0	0	0	
0	0	0	0	0	0	0	0	0	0	0	0	0	0	0	0	0	0	0	0	0	0	0	0	0	0	0	0	0	0	0	0	0	0	0	0	0	0	0	0	0	0	0	0	500	0	0	0	0	0	0	0	0	0	0	0	0	0	0	0	0	96	48	0	0	0	0	0	0	0	0	48	0	0	0	0	0	0	0	0	0	0	0	0	0	0	0	0	0	0	0	0	0	0	0	0	500	0	0	0	0	0	0	0	0	0	0	0	0	0	0	0	0	0	0	0	0	0	0	0	
0	0	0	0	0	0	0	0	0	0	0	0	0	0	0	0	0	0	0	0	0	0	0	500	0	0	0	0	0	0	0	0	0	0	0	0	0	0	0	0	0	0	0	0	0	0	0	0	0	0	0	0	0	0	0	0	0	0	0	0	0	0	0	0	0	0	0	0	0	96	0	0	0	0	0	0	0	0	0	0	0	0	48	0	0	0	0	0	0	0	0	0	0	0	0	0	0	0	0	0	0	0	0	0	0	0	0	0	0	0	0	0	0	0	0	0	0	0	0	0	
0	0	0	0	0	0	0	0	0	0	0	0	0	0	0	48	0	0	0	0	0	0	0	0	0	0	0	0	0	0	0	0	0	0	0	0	0	0	0	0	0	0	0	0	0	192	0	0	0	0	0	0	0	0	0	0	0	0	0	0	0	0	0	0	0	0	0	0	0	0	0	0	0	0	0	0	0	0	0	0	0	0	0	0	0	0	0	0	0	0	0	0	0	0	0	0	0	0	0	0	0	0	0	0	0	0	0	0	0	0	0	0	96	0	0	0	0	0	0	0	
0	0	0	0	0	0	0	0	0	0	0	0	0	0	96	0	0	0	48	0	0	0	0	0	0	48	0	0	0	0	0	0	0	0	0	0	0	0	0	0	0	0	0	0	0	0	0	0	0	0	0	0	0	0	0	0	0	0	0	0	0	0	0	0	0	0	0	0	0	0	0	0	0	0	0	0	0	0	0	0	0	0	0	0	0	0	0	0	0	0	0	0	0	0	0	0	0	0	0	0	0	0	0	0	0	0	0	0	0	0	0	0	0	0	0	0	0	0	0	0	
0	0	0	0	0	0	0	0	0	0	0	0	0	0	0	0	0	0	0	0	0	0	0	0	0	0	96	0	0	0	0	0	0	0	0	0	0	0	0	0	0	0	0	0	0	0	0	0	0	0	0	0	0	0	0	0	0	0	0	0	0	0	0	0	0	0	0	0	0	0	0	0	0	0	0	0	0	0	0	0	0	0	0	0	0	0	0	0	0	0	0	0	0	0	0	0	0	0	0	0	0	0	500	0	0	48	0	48	0	48	0	0	0	0	0	0	0	0	0	0	
0	0	0	0	0	0	0	0	0	0	0	0	0	0	0	0	0	0	0	0	0	0	0	0	0	0	0	0	0	0	0	0	0	0	0	0	0	0	0	0	0	0	0	0	0	0	0	0	0	0	0	0	0	0	0	0	0	0	0	0	0	0	0	0	0	500	0	0	0	0	0	0	0	0	96	0	0	0	0	0	0	0	0	0	0	96	0	0	0	0	0	0	0	0	0	0	0	0	0	0	0	0	96	0	0	0	0	0	0	0	0	0	0	0	0	0	0	0	0	0	
0	0	0	0	0	0	0	0	0	0	0	0	0	0	0	0	0	0	0	0	0	0	0	0	0	0	0	0	0	0	0	0	0	0	0	0	0	0	0	0	0	0	0	96	0	0	0	0	0	96	96	0	0	0	0	0	0	0	0	0	0	0	0	0	0	0	0	0	0	0	0	0	0	0	0	0	0	0	0	0	0	0	0	0	0	0	0	0	0	0	0	0	0	0	0	0	0	0	0	0	192	0	0	0	0	0	0	0	0	0	0	0	0	0	0	0	0	0	0	500	
0	0	0	0	0	0	0	0	0	0	0	48	0	0	96	0	0	0	0	0	0	0	0	0	0	0	0	0	0	0	0	0	0	0	0	0	0	0	0	0	0	0	0	0	0	0	0	0	0	0	0	0	0	0	0	0	0	0	192	0	0	0	0	0	0	0	0	0	0	0	0	0	0	0	0	0	0	0	0	0	0	0	0	0	0	0	0	0	0	0	0	0	0	0	0	0	0	0	0	0	0	0	0	0	96	0	0	0	0	0	0	0	0	0	0	0	0	0	0	0	
0	0	0	0	0	0	0	0	0	0	0	0	0	0	0	0	0	0	0	0	0	0	0	96	0	0	0	0	0	0	0	0	0	0	0	0	0	0	0	0	0	0	0	0	0	0	0	0	0	0	0	0	0	0	0	0	0	0	0	0	48	0	0	0	0	0	0	48	0	0	0	0	0	0	0	0	0	0	0	0	0	0	0	0	0	0	0	0	0	0	0	0	0	0	0	0	0	0	0	0	0	0	0	0	0	0	0	0	0	0	0	0	0	0	0	0	0	0	0	0	
0	0	0	0	0	0	0	0	0	0	0	0	0	0	0	0	0	0	0	0	0	0	0	0	0	0	0	0	0	0	0	0	0	0	0	0	0	0	0	0	0	0	0	0	0	0	0	0	0	0	0	0	0	0	0	0	0	0	0	0	0	500	0	0	0	0	0	0	0	0	0	0	0	0	0	0	0	0	0	0	0	0	0	0	0	0	0	0	0	0	0	0	0	0	0	0	500	0	0	0	0	0	0	0	0	0	0	0	0	0	0	0	0	0	0	0	0	0	0	0	
0	0	192	0	0	0	0	0	0	0	0	0	0	0	0	0	0	0	0	0	0	0	0	0	0	0	0	0	0	0	0	0	0	0	0	0	0	0	0	96	0	0	0	0	0	0	0	0	0	0	0	0	0	0	0	0	0	0	0	0	0	0	0	0	0	0	0	0	0	0	0	0	0	0	0	0	0	0	0	0	0	0	0	0	0	0	0	0	0	0	0	0	0	0	0	0	0	0	0	0	0	0	0	0	0	0	0	0	0	0	0	0	0	0	0	0	0	0	0	0	
0	0	0	0	0	0	0	0	0	0	0	0	0	0	0	0	0	0	0	0	0	0	0	0	0	0	0	0	0	0	0	0	0	500	0	0	0	0	0	0	0	0	0	0	0	0	0	0	0	0	0	0	0	0	0	0	0	0	0	0	0	0	0	0	0	0	0	0	0	0	0	0	0	0	0	0	0	0	0	0	0	0	0	0	0	0	0	0	0	0	0	0	0	0	0	48	0	0	0	0	0	0	0	0	0	0	0	0	0	0	0	0	0	0	0	0	0	0	0	0	
0	0	0	0	0	0	0	0	0	0	0	0	0	0	0	48	0	0	0	0	0	0	0	0	0	0	0	0	0	0	0	0	0	0	0	192	0	0	0	0	0	0	0	0	0	0	0	0	0	0	0	0	0	0	0	0	0	0	0	0	0	0	0	0	0	0	0	0	0	0	0	0	0	0	0	0	0	0	0	0	0	0	0	0	0	0	0	0	0	0	0	0	0	0	0	0	0	0	0	0	0	0	0	0	0	0	0	0	0	0	0	0	0	0	0	0	0	0	0	0	
0	0	0	0	0	0	0	0	0	0	0	0	0	0	0	0	0	0	0	0	0	0	0	0	0	0	0	0	0	0	0	0	0	0	0	0	0	0	0	0	0	0	0	0	0	0	0	0	0	0	0	0	0	0	0	500	0	0	0	0	0	0	0	0	0	0	0	0	0	0	0	0	0	0	0	0	0	0	0	0	0	0	0	0	0	0	0	0	0	0	0	0	0	0	0	0	0	0	0	0	0	0	0	192	0	0	0	0	0	0	0	500	0	0	0	0	0	0	0	0	
0	0	0	0	0	0	0	0	0	0	0	0	0	0	48	0	0	0	0	0	0	0	0	0	0	0	0	0	0	0	0	0	0	0	0	0	0	0	0	0	0	0	0	0	0	0	0	0	0	0	0	0	0	0	0	0	0	0	96	500	0	0	0	0	0	0	0	0	0	0	0	0	0	0	0	0	0	0	0	0	0	0	0	0	0	0	0	0	0	0	0	0	0	0	0	0	0	0	0	0	0	0	0	0	0	0	0	0	0	0	0	0	0	0	0	0	0	0	0	0	
0	0	0	0	0	0	0	0	0	0	0	0	0	0	0	0	0	0	0	0	0	0	0	0	0	0	0	0	0	0	0	0	0	0	0	0	0	0	0	0	0	0	0	0	0	0	0	0	0	0	0	0	48	0	0	0	0	0	0	0	0	0	0	0	500	0	0	0	0	0	0	0	0	0	0	0	0	0	0	0	0	0	0	0	0	0	0	0	0	0	0	0	0	0	0	0	0	0	0	0	0	0	0	0	0	0	0	0	0	0	0	0	0	0	0	0	0	0	0	0	
0	0	0	0	0	0	0	0	0	0	0	0	0	0	0	0	0	0	0	96	0	0	0	0	0	0	0	0	0	0	0	0	0	0	0	0	0	0	0	96	0	0	0	0	0	0	0	0	0	0	48	0	0	0	0	0	0	0	0	0	0	0	0	0	0	0	0	0	0	0	0	0	0	0	0	0	0	0	0	0	0	0	0	0	0	0	0	0	0	0	0	0	0	0	0	0	0	0	0	0	96	0	0	0	0	0	0	0	0	0	0	0	0	0	0	0	0	0	0	0	
0	0	0	0	0	0	0	0	0	0	0	0	0	0	0	0	0	0	0	48	0	0	0	0	0	0	0	0	0	0	0	0	0	0	0	0	0	0	0	96	0	0	0	0	0	0	0	0	0	48	0	0	0	0	0	0	0	0	0	0	0	0	0	0	0	0	0	0	0	0	0	0	0	0	0	0	0	0	0	0	0	0	0	0	0	0	0	0	0	0	0	0	0	0	0	0	0	0	0	0	0	0	0	0	0	0	0	0	0	0	0	0	0	0	0	0	0	0	0	96	
0	0	0	0	0	0	96	0	0	0	0	0	0	0	0	0	96	96	0	0	96	0	0	0	0	0	0	0	0	0	0	0	0	0	0	0	0	0	0	0	0	0	0	0	0	0	0	0	0	0	0	0	0	0	0	0	0	0	0	0	0	0	0	0	0	0	0	0	0	0	0	0	0	0	0	0	0	0	0	0	0	0	0	0	0	0	0	0	0	0	0	0	0	0	96	0	0	0	0	0	0	0	0	0	0	0	0	0	0	0	0	0	0	0	0	0	0	0	0	0	
0	0	0	0	0	0	0	0	0	0	0	0	0	0	0	0	0	0	0	0	0	0	0	0	0	0	0	0	0	0	0	0	0	0	0	0	0	0	0	0	0	0	0	0	0	0	0	0	48	0	0	0	0	0	0	0	0	0	0	0	0	0	0	0	0	0	0	0	0	0	0	0	0	0	0	48	0	0	0	0	0	0	0	0	0	0	0	0	0	0	0	0	0	0	0	192	0	0	0	0	0	0	0	0	0	0	0	0	0	0	0	0	0	0	0	0	0	0	192	0	
0	0	0	0	0	0	0	0	0	0	0	0	0	0	0	0	0	0	0	0	0	0	0	0	0	0	0	0	0	0	0	0	48	0	0	0	0	0	0	0	0	0	0	0	0	0	0	0	0	0	0	0	0	0	0	0	0	0	0	0	0	0	0	0	0	0	0	96	0	0	0	0	0	0	0	0	0	0	0	0	0	0	0	0	0	0	0	0	0	0	0	0	0	0	0	0	0	0	0	0	0	0	0	0	0	0	0	0	0	0	0	0	0	0	0	48	0	0	0	0	
0	0	0	0	0	0	0	0	0	0	0	0	0	0	0	0	0	0	0	0	0	0	0	0	0	0	0	0	0	0	0	0	0	0	0	0	0	0	0	0	0	0	0	0	0	0	0	0	0	0	0	0	0	0	0	0	0	0	0	0	0	0	0	0	0	500	0	0	0	0	0	0	0	0	96	0	0	0	0	0	0	0	0	0	0	192	0	0	0	0	0	0	192	0	0	0	0	0	0	0	0	0	0	0	0	0	0	0	0	0	0	0	0	0	0	0	0	0	0	0	
0	0	0	0	0	0	0	0	0	0	0	0	0	0	0	0	0	0	0	0	0	0	0	0	0	0	0	0	0	0	0	0	0	0	0	0	0	0	0	0	0	0	0	0	0	0	500	0	0	0	0	0	0	0	0	0	0	0	0	0	0	0	0	0	0	0	0	0	0	0	0	0	0	0	0	0	0	0	0	0	0	0	0	0	0	0	0	0	0	0	0	0	0	0	0	0	0	0	0	0	0	0	0	500	0	0	0	0	0	0	0	0	0	192	0	0	0	0	0	0	
0	0	0	0	0	0	0	0	0	0	0	0	0	0	0	0	0	0	0	0	0	0	0	0	0	0	0	0	0	0	0	0	0	0	0	0	0	0	0	0	0	0	0	0	0	0	0	0	0	0	0	0	0	0	0	0	0	0	0	0	0	0	0	0	192	0	96	0	0	0	0	0	0	0	0	0	0	0	0	0	0	0	0	192	0	0	0	0	0	0	0	0	192	0	0	0	0	0	0	0	0	0	0	0	0	0	0	0	0	0	0	0	0	0	0	0	0	0	0	0	
0	0	0	0	0	0	0	0	0	0	0	0	0	0	0	0	0	0	0	0	0	0	0	0	0	0	0	96	0	0	192	0	0	0	0	0	0	0	0	0	0	0	0	0	0	0	0	0	0	0	0	0	0	0	0	0	0	0	0	0	0	0	0	0	0	0	0	0	0	0	0	0	0	0	0	0	0	0	0	0	0	0	0	0	0	0	0	0	0	0	0	0	0	0	0	0	0	0	0	0	0	0	0	0	0	0	0	0	0	0	0	0	0	0	0	0	0	0	0	0	
0	0	0	0	0	0	0	0	0	0	0	0	0	0	48	0	0	0	0	0	0	0	0	0	0	0	0	0	0	0	0	0	0	0	0	0	0	0	0	0	192	0	0	0	0	0	0	96	0	0	0	0	0	0	0	0	0	0	0	0	0	0	0	0	0	0	0	0	0	0	0	0	0	0	0	0	0	0	0	0	0	0	0	0	0	0	0	0	0	0	0	0	0	0	0	0	0	0	0	0	0	0	0	0	0	0	0	0	96	0	0	0	0	0	0	0	0	0	0	0	
0	0	0	0	0	0	0	0	0	0	0	0	0	0	0	0	0	0	0	0	0	0	0	0	0	0	0	0	0	0	0	96	0	0	0	0	0	0	0	0	0	0	0	0	0	0	0	500	0	0	0	0	0	0	0	0	0	0	0	0	0	0	0	0	0	0	0	0	0	0	0	0	0	0	0	0	0	0	0	0	0	0	0	0	0	0	0	0	0	0	0	0	0	0	0	0	0	0	0	0	0	0	0	0	0	0	0	0	0	0	0	0	0	0	0	0	0	0	0	0	
0	0	0	0	0	0	0	0	0	0	0	0	0	0	0	0	0	0	0	0	0	0	0	0	0	0	0	0	0	0	0	0	0	0	0	0	0	0	0	0	0	48	0	0	0	0	0	0	0	0	0	0	0	0	0	0	0	0	0	0	0	0	0	0	0	0	0	0	0	0	0	0	0	0	0	0	0	0	0	0	0	0	0	0	0	0	0	0	0	0	0	0	0	0	0	0	0	0	0	48	0	0	0	0	0	0	0	0	0	0	0	0	0	0	0	0	0	0	0	0	
0	0	0	0	0	0	0	0	0	0	0	0	0	0	0	0	0	0	0	0	0	0	0	0	0	0	0	0	0	0	0	0	0	96	0	0	0	0	0	0	0	0	500	0	0	0	0	0	0	0	0	0	0	0	0	0	0	0	0	0	0	0	0	0	0	0	0	0	0	0	0	48	0	0	0	0	0	0	0	0	0	0	0	0	0	0	0	0	0	0	0	0	0	0	0	0	0	0	0	0	0	0	0	0	0	0	0	0	0	0	0	0	0	0	0	0	0	0	0	0	
0	0	0	0	0	0	0	0	0	0	0	0	0	0	0	0	0	0	0	0	0	0	0	0	0	0	0	0	0	0	0	0	0	48	0	0	0	0	0	0	0	0	0	0	0	0	0	0	0	0	0	0	0	0	0	0	0	0	0	0	0	0	0	0	0	0	0	0	0	0	0	0	0	0	0	48	500	0	0	0	0	0	0	0	0	0	0	0	0	0	0	0	0	0	0	500	0	0	0	0	0	0	0	0	0	0	0	0	0	0	500	0	0	0	0	0	0	0	0	0	
0	0	0	0	0	0	0	0	0	0	0	0	0	0	0	0	0	0	0	0	0	0	0	0	0	0	0	0	0	0	0	0	0	0	0	0	0	0	0	0	0	0	0	0	0	0	0	0	0	0	0	0	0	0	0	0	0	0	0	0	0	0	0	0	0	0	0	0	0	0	0	0	0	0	0	0	0	0	0	96	0	0	0	0	96	0	0	0	0	0	0	0	0	0	0	0	0	0	0	0	0	0	0	0	0	0	0	0	0	0	0	0	0	0	0	0	0	0	0	0	
0	0	0	0	0	0	0	0	0	0	0	0	0	0	0	0	0	0	0	0	0	0	0	0	0	0	0	0	0	0	0	0	0	0	0	0	0	0	0	0	0	0	0	0	0	0	0	0	500	0	0	0	0	0	0	0	192	0	0	0	0	0	0	0	0	0	0	0	0	0	0	0	0	0	0	0	0	0	0	0	0	0	0	500	0	0	0	0	0	0	0	0	0	0	0	0	0	0	0	0	0	0	0	0	0	0	0	0	0	0	0	0	0	0	0	0	0	0	0	0	
0	0	0	0	0	0	0	0	0	0	0	0	0	0	0	0	0	0	0	0	0	0	0	0	0	0	0	0	0	0	0	0	0	0	0	0	0	0	500	0	0	0	0	0	0	0	0	0	0	0	0	0	0	0	500	0	0	0	0	0	0	0	0	0	0	0	0	0	0	0	0	0	0	0	96	0	0	0	0	0	0	0	0	0	0	0	0	0	0	0	0	0	0	0	0	0	0	0	0	0	0	0	0	0	0	0	0	0	0	0	0	0	0	0	0	0	0	0	0	0	
0	0	0	0	0	0	0	0	0	0	0	0	0	0	0	0	0	0	0	0	0	0	0	0	0	0	0	0	0	0	0	0	0	0	0	0	0	0	0	0	0	0	0	0	0	0	0	0	0	0	0	0	0	0	0	0	96	0	0	0	0	0	0	0	0	0	0	0	0	0	0	0	0	0	0	0	0	0	0	0	0	0	0	0	0	0	0	0	0	0	0	0	0	0	0	0	0	0	0	0	0	0	0	0	0	0	96	0	0	0	0	0	0	0	0	0	500	0	0	0	
0	0	0	0	0	0	0	0	0	0	0	0	0	0	0	0	0	0	0	0	0	0	0	0	0	0	0	0	0	0	0	0	0	0	0	0	0	0	0	0	0	48	0	0	0	0	0	0	0	0	0	0	0	96	0	0	0	0	0	0	0	0	0	0	0	0	0	0	0	0	0	0	0	0	0	0	0	0	0	0	0	0	0	0	0	0	0	0	0	0	0	0	0	0	0	0	0	0	0	0	0	0	0	0	0	0	0	0	0	0	0	0	0	0	0	0	0	0	0	0	
0	0	0	0	0	0	0	0	0	0	0	0	0	0	0	0	0	0	0	0	0	0	0	0	0	0	0	0	0	0	48	0	0	0	0	0	0	0	0	0	0	0	0	0	0	0	0	0	0	0	0	0	0	0	0	0	0	0	0	0	0	0	0	0	0	0	0	0	0	0	0	0	0	0	0	0	0	0	0	0	0	0	0	0	0	0	0	0	0	0	0	0	0	0	0	0	0	0	0	0	0	0	0	0	0	192	0	0	0	0	0	0	0	0	0	0	0	500	0	0	
0	0	0	0	0	0	0	0	0	0	0	0	0	0	0	0	0	0	0	0	0	0	0	48	0	0	0	0	0	0	0	0	0	0	96	0	0	0	0	0	0	0	0	0	0	0	0	0	0	0	0	0	0	0	0	0	0	0	0	0	0	0	0	0	0	0	0	0	0	0	0	0	0	0	0	0	0	0	0	0	0	0	0	0	0	0	0	0	0	0	0	0	0	0	0	0	0	0	0	0	0	0	0	0	0	0	0	0	0	0	0	0	0	0	0	0	0	0	0	0	
48	0	0	0	0	0	0	0	0	0	0	0	0	0	0	0	0	0	0	0	0	0	0	0	0	0	0	0	0	0	0	0	0	0	0	0	0	0	0	0	0	0	0	0	0	0	0	0	0	0	0	0	0	0	0	0	0	0	0	0	0	0	0	0	0	0	0	0	0	0	0	0	0	0	0	0	0	0	0	0	48	0	0	0	0	0	0	0	0	0	0	0	0	0	0	0	0	0	0	0	0	0	0	0	0	0	0	0	0	0	0	0	0	0	0	0	0	0	0	0	
0	0	0	0	0	0	0	0	0	0	0	0	0	0	0	0	0	0	0	0	0	0	0	0	0	0	0	0	0	0	0	0	0	48	0	0	0	0	0	0	0	0	0	0	0	0	0	0	0	0	0	0	0	0	0	0	0	0	0	0	0	48	0	0	0	0	0	0	0	0	0	0	0	0	0	0	0	0	0	0	0	0	0	0	0	0	0	0	0	0	0	0	0	0	0	0	0	0	0	0	0	0	0	0	0	0	0	0	0	0	0	0	0	0	0	0	0	0	0	0	
0	0	0	0	0	0	0	0	0	0	0	0	48	0	0	0	0	0	0	0	0	0	0	0	0	0	0	0	0	0	0	0	0	0	0	0	0	0	0	0	0	0	0	0	0	0	0	0	0	0	0	0	0	0	0	0	0	0	0	0	0	0	0	0	0	0	0	0	0	0	0	0	0	0	0	0	0	0	0	0	0	0	0	0	0	0	0	0	0	192	0	0	0	0	0	0	0	0	0	0	0	0	0	0	0	0	0	0	0	0	0	0	0	0	0	0	0	0	0	0	
0	500	0	0	0	0	0	0	0	0	0	0	0	0	0	0	0	0	500	0	0	0	0	0	0	0	0	0	0	0	0	0	0	0	0	0	0	0	0	0	0	0	0	0	0	0	0	0	0	0	0	0	0	0	0	0	0	0	0	0	0	0	0	0	0	0	0	0	0	0	0	0	0	0	0	0	0	0	0	0	0	0	0	0	0	0	48	0	0	0	0	0	0	0	0	0	0	0	0	0	0	0	0	0	0	0	0	0	0	0	0	0	0	0	0	0	0	0	0	0	
0	0	0	0	0	0	0	0	0	0	0	0	0	0	0	0	0	0	0	0	0	0	0	0	0	0	0	0	0	0	0	0	0	0	0	0	0	0	96	0	0	0	0	0	0	0	0	0	0	0	0	0	0	0	96	0	0	0	0	0	0	0	0	0	0	96	0	0	0	0	0	0	0	0	0	0	0	0	0	0	0	0	0	0	0	0	0	0	0	0	0	0	0	0	0	0	0	0	0	0	0	0	0	0	0	0	0	0	0	0	0	0	0	0	0	0	0	0	0	0	
0	0	0	0	0	0	0	0	0	0	0	0	0	0	0	0	0	0	0	0	0	0	0	0	0	0	0	0	0	0	0	0	0	0	0	0	0	0	0	0	0	0	0	0	0	0	0	0	0	0	0	0	48	0	0	0	0	0	0	0	0	0	48	0	0	0	0	0	0	0	0	0	0	0	0	0	0	0	0	0	0	0	0	0	0	0	0	0	0	0	0	0	0	0	0	0	0	0	0	0	0	0	0	0	0	0	0	0	0	0	0	0	0	0	0	0	0	0	0	0	
0	0	0	0	0	0	0	0	500	0	0	0	0	0	0	0	0	0	0	0	0	0	0	0	0	0	0	0	0	0	0	0	0	0	0	0	0	0	0	0	0	0	0	0	0	0	0	0	0	0	0	0	0	0	0	0	0	0	0	0	0	0	500	0	0	0	0	0	0	0	0	0	0	0	0	0	0	0	0	0	0	0	0	0	0	0	0	0	0	0	0	0	0	0	0	0	0	0	0	0	0	0	0	0	0	0	0	0	0	0	0	0	0	0	0	0	0	0	0	0	
0	0	48	0	0	0	0	0	0	0	0	0	0	0	0	0	0	0	0	0	0	0	0	0	0	0	0	0	0	0	0	0	0	0	0	0	0	0	0	0	0	0	0	0	0	0	0	0	0	0	0	0	0	0	0	0	0	0	0	0	0	0	0	0	0	0	0	0	0	0	0	0	0	0	0	0	0	0	0	0	0	500	0	0	0	0	0	0	0	0	192	0	0	0	0	0	0	0	0	0	0	0	0	0	0	0	0	0	0	0	0	0	0	192	0	0	0	0	0	0	
0	0	0	0	0	0	0	96	500	0	0	0	0	0	0	0	0	0	0	0	0	0	0	0	0	0	0	0	0	0	0	0	0	0	0	0	0	0	0	0	0	0	0	0	0	0	0	0	0	0	0	0	0	0	0	0	0	0	0	0	0	0	0	0	0	0	0	0	0	0	0	0	0	0	0	0	0	0	0	0	0	0	0	0	0	0	0	0	0	0	0	0	0	0	0	0	0	0	0	0	0	192	0	0	0	0	0	0	0	0	0	0	0	0	0	0	0	0	0	0	
0	0	0	0	0	0	0	0	0	0	0	0	0	0	0	0	0	0	0	0	0	0	0	0	0	0	0	0	0	0	0	0	0	0	0	0	0	0	0	0	0	0	0	0	0	0	0	0	0	0	0	0	0	0	0	0	0	0	0	0	0	0	0	96	0	0	0	0	0	0	0	0	0	0	0	0	0	0	0	0	0	0	0	0	0	0	0	0	0	0	0	0	0	0	0	0	0	0	0	96	0	0	0	0	0	0	0	0	0	0	0	0	0	0	0	0	0	0	0	0	
0	0	0	0	0	0	0	0	0	0	0	0	0	96	0	0	0	0	0	0	0	0	0	0	0	0	0	0	0	0	0	0	0	0	0	0	0	0	0	0	0	0	0	0	0	0	0	0	0	0	0	0	0	0	0	0	0	0	0	0	0	0	0	0	0	0	0	0	0	0	48	0	0	0	0	0	0	0	0	0	0	0	0	0	0	0	0	0	0	0	0	0	0	0	0	0	0	0	0	0	0	0	0	0	0	0	0	0	0	0	0	0	0	0	0	0	0	0	0	0	
0	0	96	0	0	0	0	0	0	0	0	0	0	0	0	0	0	0	0	0	0	0	0	0	0	0	0	0	0	0	0	0	0	0	0	0	0	0	0	0	0	0	0	0	0	0	0	0	0	0	0	0	0	0	0	0	0	0	0	0	0	0	0	0	0	0	0	0	0	0	0	0	0	0	0	0	0	500	0	0	0	0	0	0	0	0	0	0	0	0	0	0	0	0	0	0	0	0	0	0	0	0	0	0	0	0	0	0	0	0	0	0	0	0	0	0	0	0	0	0	
0	0	0	0	0	0	0	0	0	0	0	0	0	0	0	0	0	0	0	0	0	0	0	192	0	0	0	0	0	0	0	0	0	0	48	0	0	0	0	0	0	0	0	0	0	0	0	0	0	0	0	0	0	0	0	0	0	0	0	0	0	0	0	0	0	0	0	0	0	0	0	0	0	0	0	0	0	0	0	0	0	0	0	0	0	0	0	0	0	0	0	0	0	0	0	0	0	0	0	0	0	0	0	0	0	0	0	0	0	0	0	0	0	0	0	0	0	0	0	0	
0	0	0	0	0	0	0	0	0	0	0	0	0	0	0	0	0	0	0	0	0	0	0	0	0	0	0	0	0	0	0	0	0	0	0	0	0	0	0	0	0	0	0	0	0	0	0	0	0	0	0	0	0	0	0	0	192	0	0	0	0	0	0	0	500	0	0	0	0	0	0	0	0	0	0	0	0	0	0	0	0	0	0	0	0	0	0	0	0	0	0	0	48	0	0	0	0	0	0	0	0	0	0	0	0	0	0	0	0	0	0	0	0	0	0	0	0	0	0	0	
0	0	0	0	0	0	0	0	0	0	0	0	0	0	0	0	0	0	0	0	0	0	0	0	0	0	0	0	0	0	0	0	192	0	0	0	0	0	0	0	0	0	0	0	0	0	0	0	0	0	0	0	0	0	0	0	0	0	0	0	0	0	0	96	0	0	0	0	0	0	0	0	0	0	0	0	0	0	0	0	0	0	0	0	0	0	0	0	0	0	0	0	0	0	0	0	0	0	0	0	0	0	0	0	0	0	0	0	0	0	0	0	0	0	0	0	0	0	0	0	
0	0	0	0	0	0	0	0	0	0	0	0	0	0	0	0	0	0	0	0	0	0	0	0	0	0	0	0	0	0	0	0	0	0	0	0	0	0	96	0	0	0	0	0	0	0	0	0	0	0	0	0	0	0	192	0	0	0	0	0	0	0	0	0	0	0	0	0	0	0	0	0	0	0	0	0	0	0	0	0	0	0	0	0	0	0	0	0	0	0	0	0	0	0	0	0	0	0	0	0	0	0	0	0	0	0	0	0	0	0	0	0	0	0	0	0	192	0	0	0	
0	0	0	0	0	0	0	0	0	0	0	0	0	0	0	0	0	0	500	0	0	0	0	0	0	0	0	0	0	0	0	0	0	0	0	0	0	0	0	0	0	0	0	0	0	0	0	0	0	0	0	0	0	0	0	0	0	0	0	0	0	0	0	0	0	0	0	0	0	0	0	0	0	48	0	0	0	0	0	0	0	0	0	0	0	0	0	0	0	0	0	0	0	0	0	0	0	0	0	0	0	0	0	0	96	0	0	0	0	0	0	0	0	0	0	0	0	0	0	0	
0	0	0	0	0	0	0	0	0	0	0	0	0	0	0	0	0	96	0	0	0	0	0	0	0	0	0	0	0	0	0	0	0	0	0	0	0	0	0	0	0	0	0	0	0	0	0	0	0	0	0	0	0	0	0	0	0	0	0	0	0	0	0	0	0	0	0	0	0	0	0	0	0	0	0	0	0	0	0	0	0	0	0	0	0	0	0	0	0	0	0	0	0	0	192	0	0	0	0	0	0	0	0	0	0	0	0	0	0	0	0	0	0	0	0	0	0	0	0	0	
0	0	0	0	0	0	0	0	0	0	48	0	0	0	0	0	0	0	0	0	0	0	0	0	0	0	0	500	0	0	0	0	0	0	0	0	0	0	0	0	0	0	0	0	0	0	0	0	0	0	0	0	0	0	0	0	0	0	0	0	0	0	0	0	0	0	0	0	0	0	0	0	0	0	0	0	0	0	0	0	0	0	0	0	0	0	0	0	0	0	0	0	0	0	0	0	0	0	0	0	0	0	0	0	0	0	0	0	0	0	0	0	0	0	0	0	0	0	0	0	
0	0	0	0	0	0	0	0	0	0	0	0	0	0	0	0	0	0	0	0	0	0	0	0	500	0	0	0	0	0	0	0	0	0	0	0	0	0	0	0	0	0	0	0	0	0	0	0	0	0	0	0	0	0	0	0	0	0	0	0	0	0	0	0	0	0	0	0	0	0	0	0	192	0	0	0	0	0	0	0	0	0	0	0	0	0	0	0	0	0	0	0	0	0	0	0	0	0	0	0	0	0	0	0	0	0	0	0	0	0	0	0	0	0	0	0	0	0	0	0	
0	0	0	0	0	0	0	0	0	0	0	0	0	0	0	0	0	0	0	0	96	0	0	0	0	0	0	0	0	0	0	0	0	0	0	0	0	0	0	0	0	0	0	0	0	0	0	0	0	0	0	0	0	0	0	0	0	0	0	0	0	0	0	0	0	0	0	0	0	0	0	0	0	0	0	0	0	192	0	0	0	0	0	0	0	0	0	0	0	0	0	0	0	0	0	0	0	0	0	0	0	0	0	0	0	0	0	0	0	0	0	0	0	0	0	0	0	0	0	0	
0	0	0	0	0	0	500	0	0	0	0	0	0	0	0	500	0	0	0	0	0	0	0	0	0	0	0	0	0	0	0	0	0	0	0	0	0	0	0	0	0	0	0	0	0	0	0	0	0	0	0	0	0	0	0	0	0	0	0	0	0	0	0	0	0	0	0	0	0	0	0	0	0	0	0	0	0	0	0	0	0	0	0	0	0	0	0	0	0	0	0	0	0	0	0	0	0	0	0	0	0	0	0	0	0	0	0	0	0	0	0	0	0	0	0	0	0	0	0	0	
0	0	0	0	0	0	0	0	0	0	0	0	0	0	0	0	0	0	0	0	0	0	0	0	0	0	0	0	0	0	0	0	0	0	0	0	0	0	0	0	0	0	0	0	0	0	0	0	0	0	0	0	0	0	192	0	192	0	0	0	0	0	0	0	0	0	0	0	0	0	0	0	0	0	0	0	0	0	0	0	0	0	0	48	0	0	0	0	0	0	0	0	0	0	0	0	0	0	0	0	0	0	0	0	0	0	0	0	0	0	0	0	0	0	0	0	0	0	0	0	
0	0	0	0	0	0	0	0	500	0	0	0	0	0	0	0	0	0	0	0	0	0	0	0	0	0	0	0	0	0	0	0	0	0	0	0	0	0	0	0	0	0	0	0	0	0	0	0	0	0	0	0	0	0	0	0	0	0	0	0	0	0	0	0	0	0	0	0	0	0	0	0	0	0	0	0	0	0	0	0	0	0	0	0	0	0	0	0	0	0	0	0	0	0	0	0	0	0	0	0	0	0	0	0	0	0	0	0	0	0	48	0	48	0	0	0	0	0	0	192	
0	0	0	0	0	0	0	0	0	0	0	0	0	0	0	0	0	0	0	0	0	0	0	0	0	0	0	0	0	0	0	0	0	0	0	0	0	0	0	0	0	0	0	0	0	0	0	0	0	0	0	96	0	0	0	0	0	0	0	0	0	0	0	0	0	0	0	0	0	0	0	0	0	0	0	0	0	0	0	0	0	0	0	0	0	0	0	192	0	0	0	0	0	0	0	0	0	48	0	0	0	0	0	0	0	0	0	500	0	0	0	0	0	0	0	0	0	0	0	0	
0	0	0	0	0	0	0	0	0	0	0	0	0	0	0	0	0	0	0	0	0	0	0	0	0	0	0	0	0	0	0	0	0	0	0	0	0	0	0	0	0	0	0	0	48	0	0	0	0	0	0	0	192	0	0	0	0	0	0	0	0	0	500	0	0	0	0	0	0	0	0	0	0	0	0	0	0	0	0	0	0	0	0	0	0	0	0	0	0	0	0	0	0	0	0	0	0	0	0	0	0	0	0	0	0	0	0	0	0	0	0	0	0	0	0	0	0	0	0	0	
0	0	0	0	0	0	0	0	0	0	0	0	0	0	0	0	0	0	0	0	0	0	0	0	0	0	0	0	0	0	0	0	0	500	0	0	0	0	0	0	0	0	500	0	0	0	0	0	0	0	0	0	0	0	0	0	0	0	0	0	0	0	0	0	0	0	0	0	0	0	0	0	0	0	0	0	0	0	0	0	0	0	0	0	0	0	0	0	0	0	0	0	0	0	0	0	0	0	0	0	0	0	0	0	0	0	0	0	0	0	0	0	0	0	0	0	0	0	0	0	
0	0	0	0	0	0	0	0	0	0	0	0	0	0	0	0	0	0	0	0	0	0	0	0	0	0	0	0	0	48	0	0	0	0	0	0	0	0	0	0	0	0	0	0	0	0	0	0	0	0	0	0	0	0	0	0	0	0	0	0	0	0	0	0	0	0	0	0	0	0	0	0	0	0	0	0	0	0	0	0	0	0	0	0	0	0	0	0	0	0	0	0	0	0	48	0	0	0	0	0	0	0	0	0	0	0	0	0	0	0	0	0	0	0	0	0	0	0	0	0	
0	0	0	0	0	0	0	0	0	0	0	0	0	0	0	0	0	0	0	0	0	0	0	0	0	0	0	0	0	0	0	500	0	0	0	0	0	0	0	0	0	0	0	0	0	0	0	0	0	0	0	0	0	0	0	0	0	0	0	0	0	0	0	0	0	0	0	0	0	0	0	0	0	0	0	0	0	0	0	0	0	0	0	0	0	0	0	0	0	0	0	0	0	0	0	0	0	0	0	0	0	0	0	0	0	0	0	0	0	0	0	192	0	0	0	0	0	96	0	0	
0	0	0	0	0	0	0	0	0	0	0	0	0	0	0	0	0	0	0	0	0	0	0	0	0	0	0	0	0	0	0	0	0	0	0	0	0	0	0	0	0	0	0	0	0	0	0	0	0	0	0	0	0	0	0	0	0	0	0	0	48	0	0	0	0	0	0	0	0	0	0	0	0	0	0	0	0	0	0	96	0	0	0	0	0	0	0	0	0	0	0	0	0	0	0	0	0	0	0	0	0	0	0	0	0	0	0	0	0	0	0	0	0	0	0	96	192	0	0	0	
0	0	0	0	0	0	0	0	0	0	0	0	0	0	0	0	0	0	0	0	0	0	0	0	0	0	0	0	0	0	0	0	0	0	0	0	0	0	0	192	0	0	0	0	0	0	0	0	0	96	0	0	0	0	0	0	0	0	0	0	0	0	0	0	0	0	0	0	0	0	0	0	0	0	0	0	0	0	0	0	0	0	0	0	0	0	0	0	0	0	0	0	0	0	0	0	0	0	0	0	0	0	0	0	0	0	0	0	0	0	0	0	0	0	0	0	0	0	0	0	
0	0	0	0	0	0	0	0	0	0	0	0	0	0	0	0	0	0	0	0	0	0	0	0	48	0	0	0	0	0	0	0	0	0	0	0	0	0	0	0	0	0	0	0	0	0	0	0	0	0	0	0	0	0	0	0	0	0	0	0	0	0	0	0	0	0	0	0	0	0	0	0	0	0	0	0	0	0	192	0	0	0	0	0	0	0	0	0	0	0	0	0	0	0	0	0	0	0	0	0	0	0	0	0	0	0	0	0	0	0	0	0	0	0	0	0	0	0	0	0	
0	0	0	0	48	0	0	0	0	0	0	0	0	0	0	0	0	0	0	0	0	0	0	0	0	0	0	0	0	0	0	0	0	0	0	0	0	500	96	0	0	0	0	0	0	0	0	0	0	0	0	0	0	0	0	0	0	0	0	0	0	0	0	0	0	0	0	0	0	0	0	0	0	0	0	0	0	0	0	0	0	0	0	0	0	0	0	0	0	0	0	0	0	0	0	0	0	0	0	0	0	0	0	0	0	0	0	0	0	0	0	0	0	0	0	0	0	0	0	0	
0	0	0	0	0	0	0	0	0	0	0	0	0	0	0	0	0	0	0	0	0	0	0	0	0	0	0	0	0	0	0	0	0	0	0	0	0	0	0	0	0	0	0	0	0	0	192	0	0	0	0	0	0	0	0	500	0	0	0	0	0	0	0	0	0	0	0	0	0	0	0	0	0	0	0	0	0	0	0	0	0	0	0	0	0	0	0	0	0	0	0	0	0	0	0	0	0	0	0	0	0	0	0	0	0	0	0	0	0	0	0	0	500	48	0	0	0	0	0	0	
0	0	0	0	0	0	0	0	0	0	0	0	0	0	0	0	0	0	0	0	0	0	0	0	0	0	0	0	0	0	0	0	0	0	0	0	0	0	0	0	96	0	0	0	0	0	0	0	0	0	0	0	0	0	0	0	0	0	0	0	0	0	0	0	0	0	0	0	0	0	0	0	0	0	0	0	0	0	0	0	0	0	0	0	0	0	96	0	0	0	0	0	0	0	0	0	0	0	0	0	0	0	0	0	0	0	0	0	0	0	0	0	0	0	0	0	0	0	0	0	
0	0	0	0	0	0	0	0	0	0	0	0	0	0	0	0	0	0	0	0	0	0	0	0	0	0	0	0	0	0	0	0	0	0	0	0	0	48	0	0	0	0	0	0	0	0	0	0	0	0	0	0	0	0	0	0	0	0	0	0	0	0	0	0	0	0	0	0	192	0	0	0	0	0	0	0	0	0	0	0	0	0	0	0	0	0	0	0	0	0	0	0	0	0	0	0	0	0	0	0	0	0	0	0	0	0	0	0	0	0	0	0	0	0	0	0	0	0	0	0	
0	0	0	0	0	0	0	0	0	0	0	0	0	0	0	0	0	0	0	0	0	0	0	0	0	0	0	0	0	0	0	0	0	0	0	0	0	0	0	0	0	0	0	0	0	0	0	0	0	0	0	0	0	0	0	0	0	0	0	0	0	0	0	0	0	0	96	0	0	0	0	0	0	0	0	0	0	0	0	0	0	0	0	0	0	0	0	0	0	0	0	0	0	0	0	0	0	0	0	0	0	0	0	0	0	0	0	0	0	0	0	0	0	0	0	192	0	0	0	0	
0	0	0	0	0	0	0	0	0	0	0	0	0	0	0	0	0	0	0	0	0	0	192	0	0	0	192	0	0	0	0	0	0	0	0	0	0	48	0	0	0	0	0	0	0	0	0	0	0	0	0	0	0	0	0	0	0	0	0	0	0	0	0	0	0	0	0	0	0	0	0	0	0	0	0	0	0	0	0	0	0	0	0	0	0	0	0	0	0	0	0	0	0	0	500	0	0	0	0	0	0	0	0	0	0	0	0	0	0	0	0	0	0	0	0	0	0	0	0	0	
0	0	0	0	0	0	0	0	0	0	0	0	0	0	192	0	0	0	0	0	0	0	0	0	0	96	0	0	0	0	0	0	0	0	0	0	0	0	0	0	0	0	0	0	0	0	0	0	0	0	0	0	0	0	0	0	0	0	96	0	0	0	0	0	0	0	0	0	0	0	0	0	0	0	0	0	0	0	0	0	0	0	0	0	0	0	0	0	0	0	0	0	0	0	0	0	0	0	0	0	0	0	0	0	0	0	0	0	0	0	0	0	0	0	0	0	0	0	0	0	
96	0	0	0	0	0	0	0	0	0	0	0	0	0	0	0	0	0	0	0	0	0	0	0	0	0	0	0	0	0	0	0	0	0	0	0	0	48	0	0	0	0	0	0	0	0	0	0	0	0	0	0	0	0	0	0	0	0	0	0	0	0	0	0	0	0	0	0	0	0	0	0	0	0	0	0	0	0	0	0	0	0	0	0	0	0	0	0	0	0	0	0	0	0	0	0	0	0	0	0	0	0	0	0	0	0	0	0	0	0	0	0	0	0	0	0	0	0	0	0	
0	0	0	0	0	0	0	0	0	0	0	0	0	0	0	0	0	0	0	0	0	0	0	0	0	0	0	0	0	0	0	0	0	0	0	0	0	0	0	0	0	0	0	0	0	0	0	0	0	0	0	0	0	0	0	0	0	0	0	0	0	0	500	0	0	0	0	0	0	0	0	0	0	0	0	0	0	0	0	0	0	0	0	0	0	0	0	0	0	0	0	0	0	48	0	0	0	0	0	0	0	0	0	0	0	0	0	0	0	0	0	0	192	0	0	0	0	0	0	0	
0	0	0	0	0	0	0	0	0	0	0	0	0	0	0	0	0	0	0	0	0	0	0	0	0	0	0	0	0	0	0	0	0	0	0	0	0	0	0	0	0	0	0	0	0	0	500	0	0	0	0	0	0	0	0	0	0	0	0	0	0	0	0	0	0	0	0	0	0	0	0	0	0	0	0	0	0	0	0	0	0	0	0	0	0	0	0	0	0	0	0	0	0	0	0	0	0	0	192	0	0	0	0	0	0	0	0	0	0	0	0	0	0	0	0	0	0	0	0	0	
0	0	0	0	0	0	0	0	0	0	0	0	0	0	0	0	0	0	0	0	0	0	0	0	0	0	0	0	0	0	0	0	0	0	0	96	0	0	0	0	0	0	0	0	0	0	0	0	0	0	0	0	0	0	0	0	0	0	0	0	0	0	0	0	0	0	0	0	0	0	0	0	0	0	0	0	0	0	0	0	0	0	0	0	0	0	0	0	0	0	0	0	0	48	0	0	0	0	0	0	0	0	0	500	0	0	0	0	0	0	192	0	0	0	0	0	0	0	0	0	
0	0	0	0	0	0	0	0	0	0	0	0	0	0	0	0	0	0	0	0	0	0	0	0	0	0	0	0	0	0	0	0	0	0	0	0	0	0	0	0	0	0	0	0	0	0	0	0	0	0	0	0	0	0	0	192	0	0	0	0	0	0	0	0	0	0	0	0	0	0	0	0	0	0	0	0	0	192	0	0	0	0	0	0	0	0	0	0	0	0	0	0	0	0	0	0	0	0	0	0	0	0	0	48	0	0	0	0	0	0	0	0	0	0	0	0	0	0	0	0	
0	0	0	0	0	500	0	192	0	0	0	0	0	0	0	0	0	0	0	0	0	0	0	0	0	0	0	0	0	0	0	0	0	0	0	0	0	0	0	0	0	0	0	0	0	0	0	0	0	0	0	0	0	0	0	0	0	0	0	0	0	0	0	0	0	0	0	0	0	0	0	0	0	0	0	0	0	0	0	0	0	0	0	0	0	0	0	0	0	0	0	0	0	0	0	0	0	0	0	0	0	0	0	0	0	0	0	0	0	0	0	0	0	0	0	0	0	0	0	0	
0	0	0	0	0	0	0	0	0	0	0	0	0	0	0	0	0	0	0	0	0	0	0	0	0	0	0	0	0	0	0	0	96	0	0	0	0	0	0	0	0	0	0	0	0	0	0	0	0	0	0	0	0	48	0	0	0	0	0	0	0	0	0	0	0	0	0	0	0	0	0	0	0	0	0	0	0	0	0	0	0	0	0	0	0	0	0	0	0	0	0	0	0	0	0	0	0	0	0	96	0	0	0	0	0	0	192	0	0	0	0	0	0	0	0	0	96	0	0	0	
0	0	0	0	0	0	0	0	0	0	0	0	0	0	0	0	0	0	0	0	0	0	0	0	0	0	0	0	0	0	0	0	0	0	0	0	0	0	0	0	0	0	0	0	0	0	0	0	0	0	0	0	0	0	0	0	0	0	0	0	0	0	0	0	0	0	500	0	0	0	0	0	0	0	0	0	0	0	0	0	0	0	0	0	0	192	0	0	0	0	0	0	0	0	0	0	0	0	0	192	0	0	0	0	0	0	0	0	0	0	0	0	0	0	0	96	0	0	0	0	
0	0	0	0	0	0	0	0	0	0	0	0	0	0	0	0	0	0	0	0	0	0	500	0	0	0	0	0	0	0	0	192	0	0	0	0	0	0	0	0	0	0	0	0	0	0	0	0	0	0	0	0	0	0	0	0	0	0	0	0	0	0	0	0	0	0	0	0	500	0	0	0	0	0	0	0	0	0	0	0	0	0	0	0	0	0	0	0	0	0	0	0	0	0	0	0	0	0	96	0	0	0	0	0	0	0	0	0	0	0	0	0	0	0	0	0	0	0	0	0	
0	0	0	0	0	0	0	0	0	0	0	0	500	0	0	0	0	0	0	0	0	0	0	0	0	0	0	0	0	0	0	0	0	0	0	0	0	0	0	0	0	0	0	0	0	0	0	0	0	0	0	0	192	0	0	0	0	0	0	0	0	0	0	0	0	0	0	0	0	0	0	0	0	0	0	0	0	0	0	0	0	0	0	0	0	0	0	0	0	0	0	0	0	0	0	0	0	0	0	0	0	0	0	0	0	0	0	0	0	0	0	0	0	0	0	0	0	0	0	0	
0	0	0	0	0	0	0	0	0	0	0	0	0	0	0	0	0	0	0	0	0	0	0	0	0	0	0	0	0	0	0	0	0	0	0	0	0	0	0	500	0	0	0	0	0	0	0	0	0	0	96	0	0	0	0	0	0	0	0	0	0	0	0	0	0	0	0	0	0	0	0	0	0	0	0	0	0	0	0	0	0	0	0	0	0	0	0	0	0	0	0	0	0	192	0	0	0	0	0	0	0	0	0	0	0	0	0	0	0	0	0	0	0	0	0	0	0	0	0	0	
70	49	86	82	20	53	9	109	65	1	54	42	84	40	99	30	104	73	28	69	44	64	47	93	99	18	56	34	27	20	61	2	25	91	33	34	106	28	68	30	43	53	24	60	48	82	36	113	16	24	37	1	46	91	22	74	97	27	47	80	4	58	18	90	53	78	54	74	113	5	63	104	45	66	35	95	46	68	38	69	81	31	14	38	10	40	7	56	96	108	86	40	30	73	89	10	90	98	44	116	97	78	4	27	24	25	111	51	12	88	105	58	18	56	88	100	103	30	0	71	32	119	78	64	73	57	64	36	96	7	18	87	27	112	18	62	37	24	12	88	20	4	13	104	13	89	19	115	53	21	10	40	112	35	24	74	69	106	57	94	7	38	90	26	77	91	1	11	42	32	2	22	20	34	2	23	16	108	63	108	35	4	53	17	34	80	50	108	90	84	82	98	24	37	43	87	72	104	80	41	104	50	73	109	78	32	96	95	93	88	100	5	11	77	18	19	109	118	46	88	88	79	29	86	97	109	4	69	100	21	17	72	64	44	1	45	32	112	55	104	83	12	34	87	44	95	31	111	49	5	34	44	7	75	32	108	51	118	95	19	97	51	75	8	96	112	42	102	60	0	7	106	41	98	114	34	85	42	101	67	46	69	7	33	47	56	93	66	70	40	91	91	16	58	14	25	33	116	75	79	0	34	88	5	49	88	90	118	80	13	117	64	44	70	102	80	24	118	98	10	106	91	119	84	47	19	82	34	76	41	118	26	38	84	58	97	57	72	115	28	100	114	93	7	106	95	85	103	18	5	65	99	119	7	77	38	15	36	54	85	39	96	50	86	4	8	53	46	3	41	61	34	97	72	30	70	74	2	94	32	101	45	8	12	53	20	84	112	112	94	52	81	4	31	15	67	92	20	89	20	77	90	64	65	22	7	72	46	19	14	15	25	89	110	41	23	84	99	27	108	59	41	99	70	25	63	5	17	4	98	39	51	1	77	20	33	53	118	92	88	117	107	89	108	54	56	66	66	60	114	44	65	22	102	75	92	71	41	44	80	45	104	45	67	78	105	50	106	37	31	112	10	88	33	93	95	76	91	85	39	45	26	29	14	90	19	107	66	79	75	12	56	56	24	116	108	11	29	40	68	21	89	13	77	116	112	33	19	99	87	112	116	103	75	96	5	87	1	85	34	111	23	53	1	107	64	12	87	2	75	7	96	95	36	43	97	32	96	39	49	67	28	37	99	67	109	28	77	77	40	24	27	16	99	31	51	16	98	109	50	105	89	79	100	82	79	99	103	30	88	5	87	51	114	106	18	7	104	64	21	13	113	52	85	91	48	98	30	101	92	55	30	42	65	24	1	46	84	67	21	45	50	52	63	13	105	81	35	108	52	94	7	85	74	57	24	46	87	13	82	68	40	106	67	4	90	90	71	66	26	76	12	45	101	77	15	0	89	113	69	82	41	21	58	118	28	38	99	74	78	34	7	107	20	22	81	46	35	53	6	80	9	23	101	94	89	86	105	108	42	65	47	1	55	76	117	72	71	29	8	0	118	40	85	44	34	59	112	10	118	34	71	47	8	18	102	8	118	89	3	25	76	91	115	57	71	45	82	3	60	13	22	22	72	39	116	77	48	97	80	78	66	47	64	22	9	94	56	114	36	100	6	63	39	61	79	66	71	47	0	112	97	22	61	77	26	55	28	32	48	32	25	84	110	101	42	95	115	115	108	110	83	0	11	62	35	113	101	116	40	89	38	101	39	47	53	118	86	80	84	91	8	0	107	99	108	84	29	81	46	114	64	67	99	38	72	86	40	21	99	23	58	69	102	43	110	106	21	103	2	18	102	88	34	113	118	58	42	4	65	60	41	89	85	65	75	108	111	79	46	27	115	91	5	114	119	10	55	86	15	89	95	109	105	101	92	35	106	51	2	109	70	87	70	57	99	40	109	100	38	1	13	17	59	48	97	111	8	59	80	3	74	37	118	9	21	67	56	14	111	20	91	63	93	4	116	11	11	64	56	28	15	36	53	9	101	70	62	70	51	36	42	97	118	9	45	78	10	59	20	58	45	31	52	99	44	114	35	101	99	88	20	5	80	8	22	17	32	118	12	6	39	118	61	23	67	78	93	91	104	35	82	47	76	26	95	103	84	0	50	80	60	66	97	64	34	109	24	35	11	6	36	38	19	17	98	31	72	77	7	58	111	45	104	5	116	95	98	100	13	112	11	76	31	61	23	67	38	59	35	77	88	47	4	64	33	45	15	8	55	60	9	114	63	63	64	52	85	53	23	98	111	17	29	2	74	33	22	48	18	34	31	41	53	81	5	83	112	35	37	82	71	116	68	19	8	19	64	84	23	83	93	89	59	43	88	80	94	30	78	5	0	106	108	45	76	52	23	118	56	49	28	20	16	54	49	21	98	111	74	101	98	35	51	97	7	5	27	95	12	28	46	59	22	115	18	107	59	24	34	51	24	40	69	80	66	80	54	24	13	45	84	119	95	75	3	19	12	97	80	47	106	74	24	115	22	117	97	113	52	69	30	8	66	72	38	21	12	19	61	20	41	11	72	26	68	53	28	85	98	30	102	73	65	10	107	59	22	64	73	73	93	19	91	119	85	105	24	107	16	56	44	25	86	83	4	70	42	24	5	72	65	115	77	67	34	19	47	13	63	28	58	1	104	66	97	47	16	76	11	90	117	29	108	55	84	83	1	27	65	67	24	108	81	58	100	22	67	53	52	111	74	81	28	11	4	34	8	23	5	63	96	113	115	115	110	110	59	85	32	17	57	8	67	89	67	50	37	83	77	64	106	10	93	55	79	14	64	107	57	73	107	19	21	58	50	35	32	77	58	31	71	56	50	29	0	23	45	35	95	8	96	116	65	63	34	6	75	1	94	6	98	68	105	0	3	60	82	91	83	102	3	11	104	24	100	92	30	30	72	92	18	54	53	41	32	52	47	14	112	110	12	41	108	31	49	87	18	119	10	116	24	56	53	71	105	65	103	20	12	15	60	47	29	101	106	30	105	99	70	23	46	107	92	29	71	92	90	102	50	18	108	63	53	83	0	44	60	59	115	4	68	88	49	83	114	54	56	37	27	98	21	113	109	10	12	50	91	10	35	118	84	111	63	106	36	55	12	19	71	14	48	102	37	34	80	31	0	31	56	117	14	58	46	100	29	57	62	48	8	48	46	79	86	61	27	94	75	4	1	42	108	66	70	40	30	101	71	93	22	41	32	110	42	108	71	55	22	26	32	95	62	80	34	65	41	108	48	84	35	42	7	75	33	95	85	4	25	49	63	84	62	100	17	88	103	14	9	60	80	35	84	15	109	9	38	21	53	27	45	26	5	57	78	60	64	5	29	56	108	14	96	76	79	89	52	107	37	26	37	50	59	110	9	8	118	74	100	17	99	60	44	113	87	73	6	71	63	28	54	30	41	5	82	20	57	22	63	14	84	38	57	97	47	1	102	10	79	53	27	118	41	110	100	58	18	90	71	58	16	68	72	117	23	28	69	110	99	36	83	99	83	59	119	41	44	94	37	101	81	65	82	28	88	57	117	43	23	115	81	87	9	5	19	28	45	100	98	57	63	4	25	89	28	98	13	58	10	35	92	113	116	13	83	75	112	21	31	21	84	46	60	116	36	95	39	61	77	101	79	36	44	68	63	48	14	41	29	108	49	66	61	103	32	11	53	68	82	33	113	65	50	2	56	83	63	106	60	54	109	47	53	9	26	109	110	40	17	18	77	15	25	81	110	29	53	82	47	93	108	87	45	109	26	119	109	66	76	38	3	81	119	66	68	39	112	31	86	17	21	43	86	83	42	90	41	76	43	113	91	95	39	78	98	2	114	45	10	3	49	36	18	77	82	46	28	78	40	67	24	42	10	117	81	32	68	99	5	76	90	106	104	10	99	6	88	41	52	36	57	100	96	90	26	9	93	116	110	77	17	111	90	85	72	17	116	46	87	118	49	101	67	76	22	46	25	14	31	64	54	84	25	46	55	113	75	47	26	42	104	102	35	52	85	73	71	109	105	77	75	41	87	95	60	22	108	20	39	112	110	16	105	101	98	50	40	97	85	37	88	81	51	112	77	27	42	86	110	43	78	69	24	118	37	10	62	90	44	10	6	51	111	82	70	79	60	54	25	50	80	45	14	1	111	34	105	34	7	76	39	65	93	102	13	116	61	30	41	46	117	81	14	103	73	92	35	34	71	4	116	116	116	14	38	50	84	86	118	90	13	99	89	72	52	112	44	34	85	115	101	12	118	57	48	20	44	7	105	93	51	90	47	55	105	23	14	108	2	75	84	83	101	2	116	65	4	51	76	18	15	89	98	115	89	19	90	57	56	4	17	26	48	26	36	115	79	10	32	87	42	81	98	22	77	83	96	58	110	119	109	74	17	16	24	18	69	29	109	112	28	33	113	80	86	2	65	64	94	45	91	92	98	47	34	41	86	53	13	61	40	12	103	76	21	96	79	75	105	32	97	64	2	47	19	31	101	76	112	38	54	90	30	25	115	55	99	13	65	104	75	88	84	50	42	54	50	34	15	69	103	108	31	41	25	119	69	7	5	94	31	45	15	87	75	15	109	40	45	90	44	60	41	12	40	57	38	10	31	12	57	119	110	81	5	58	1	71	112	16	70	106	56	93	1	102	97	70	16	73	71	25	64	1	113	98	54	105	51	62	118	111	43	115	45	24	116	5	98	104	21	66	112	78	33	78	52	86	55	78	117	116	59	72	37	102	34	112	60	18	73	116	117	27	94	72	70	119	116	9	115	35	18	45	35	76	68	112	96	110	63	47	74	104	88	8	20	85	28	64	91	108	88	50	70	80	58	117	104	79	94	78	94	54	64	81	7	42	23	99	53	0	95	114	64	109	38	66	35	13	71	72	68	95	64	2	7	102	39	20	58	96	32	108	66	114	40	70	59	57	108	47	67	74	17	37	119	90	108	28	3	78	27	41	29	27	105	98	90	37	13	36	94	114	27	98	79	48	32	19	1	58	65	76	83	38	44	73	31	113	52	23	93	104	112	92	16	112	67	100	117	69	76	44	19	86	63	66	45	38	17	58	104	3	0	90	115	75	23	110	96	1	85	51	103	51	62	119	67	54	54	30	18	38	100	54	112	82	117	11	12	45	108	74	48	70	7	89	92	16	76	44	99	57	63	17	66	94	100	4	104	36	42	10	64	8	54	81	39	55	43	77	11	6	31	75	1	105	64	81	62	55	49	107	86	11	89	39	23	75	84	9	45	20	15	46	54	43	32	12	95	61	74	23	84	111	20	77	115	46	33	74	57	22	40	83	98	38	29	6	12	65	117	7	43	61	69	36	22	104	35	97	71	69	58	107	38	73	33	80	70	91	12	92	109	103	32	101	47	98	90	46	82	0	63	23	27	119	60	106	22	13	15	103	9	13	100	88	17	85	71	100	26	58	103	7	26	1	8	47	101	6	8	56	18	72	2	47	27	10	100	26	80	75	100	45	68	86	54	102	77	97	95	25	23	25	52	75	88	43	66	42	53	76	22	42	114	1	54	113	85	62	29	34	10	10	2	45	48	112	17	29	1	46	103	103	101	58	57	72	95	39	61	110	69	27	94	13	35	91	67	91	7	99	87	44	70	2	81	117	100	51	101	12	87	21	56	110	60	107	0	118	79	75	88	11	62	34	95	106	69	45	25	118	67	57	114	39	74	3	65	39	42	96	43	53	118	68	67	45	52	118	87	101	88	89	21	1	72	59	113	71	17	57	23	83	71	24	102	50	64	77	50	42	17	61	49	47	14	36	110	38	5	49	64	37	34	31	66	88	19	45	11	53	37	86	39	0	44	56	27	71	71	56	29	21	64	19	112	114	71	110	43	112	71	77	25	62	85	95	89	33	63	64	15	60	42	68	64	103	35	105	113	116	22	12	96	114	113	50	80	29	72	104	88	19	57	43	68	48	25	112	73	90	5	59	100	101	81	75	66	62	90	3	88	75	63	9	108	88	83	90	66	42	59	107	110	23	5	9	63	11	30	25	105	36	3	104	10	62	64	59	29	110	115	54	64	82	8	7	41	62	117	100	36	40	79	64	70	4	66	57	100	87	12	20	59	111	98	30	72	72	40	91	57	24	36	98	9	19	11	62	119	54	41	22	95	39	44	37	86	90	40	113	41	44	19	63	22	83	90	28	32	19	34	117	118	50	15	79	27	20	110	15	86	79	110	49	107	39	2	108	15	57	87	27	112	2	75	92	97	88	11	44	1	40	100	88	75	86	82	69	102	95	107	40	30	8	11	13	48	47	96	91	66	33	7	101	39	97	109	50	30	23	30	29	58	21	39	68	34	10	46	4	90	10	32	106	63	115	26	99	15	89	24	59	101	26	80	49	48	105	39	24	35	118	57	47	77	83	116	17	90	71	60	92	95	15	63	29	34	31	82	9	110	36	57	93	114	51	106	53	1	18	18	64	90	30	13	49	25	11	17	119	99	54	50	29	85	116	103	1	45	3	82	64	62	32	107	7	63	102	5	59	116	100	94	16	58	15	66	117	22	43	23	77	53	69	50	7	44	91	79	94	81	57	76	88	111	68	102	2	61	90	57	33	7	119	67	58	34	81	16	58	27	68	46	93	32	14	98	106	76	58	25	12	110	72	95	33	98	58	89	23	85	7	54	25	28	84	89	21	116	108	7	79	26	102	23	110	28	23	116	22	37	43	107	75	4	55	74	92	13	113	86	20	109	101	44	1	17	113	88	104	54	112	88	6	114	34	96	72	25	97	30	67	31	44	119	99	99	24	39	87	73	9	36	58	118	36	67	19	88	111	96	5	58	102	65	30	43	110	74	59	110	13	106	73	26	63	99	44	11	106	29	83	14	113	83	90	97	52	35	37	103	78	33	34	111	92	83	86	28	91	110	7	21	17	30	112	14	10	97	94	76	60	91	40	61	75	27	66	12	45	108	112	24	22	67	25	68	83	78	24	39	10	10	115	117	111	91	8	91	111	23	74	39	32	19	30	68	22	35	59	88	15	93	85	89	79	102	48	35	83	74	19	59	89	39	97	118	77	66	81	105	37	31	70	2	12	92	110	12	90	21	14	70	98	24	18	36	17	74	57	107	116	112	23	80	113	22	16	8	36	17	18	56	19	56	11	62	26	110	118	117	47	24	1	52	61	60	113	71	84	7	107	19	54	6	107	61	90	93	56	11	5	90	29	24	83	9	97	75	81	0	119	8	20	92	85	12	26	1	64	60	56	77	37	5	41	21	105	116	29	61	49	103	102	91	57	1	107	44	40	17	56	28	65	11	19	9	99	52	24	7	65	105	45	68	41	23	70	77	80	100	56	94	75	27	113	54	54	83	101	95	24	0	89	9	29	119	51	71	113	29	39	118	74	64	75	28	53	75	51	102	103	109	60	97	69	113	28	25	84	118	79	68	1	112	67	86	65	60	4	61	80	40	95	14	29	31	34	109	35	8	97	8	0	14	57	4	113	112	104	37	99	106	43	1	35	97	5	69	22	67	13	29	65	75	80	95	0	0	42	119	50	45	96	76	90	17	56	80	30	112	118	11	51	15	15	64	78	51	25	117	84	106	88	14	18	103	2	33	61	49	3	99	57	36	72	112	69	117	55	14	4	105	68	105	4	61	117	55	90	87	14	21	67	34	108	56	4	117	109	116	42	60	37	79	114	100	25	21	24	34	79	76	115	67	92	1	30	116	115	8	7	43	107	71	60	91	97	67	104	75	57	16	17	119	32	100	59	76	92	99	5	119	1	75	59	86	76	105	81	20	19	82	22	32	82	66	117	110	55	94	12	91	78	21	40	84	4	90	70	70	23	10	99	110	83	44	43	34	29	83	101	13	83	76	85	38	50	37	71	89	109	51	49	27	83	43	72	57	73	73	114	72	91	43	1	102	86	29	5	6	88	101	50	63	77	40	21	21	26	26	2	5	37	97	48	84	66	10	66	24	23	105	118	44	48	4	25	79	26	63	16	100	3	72	104	26	7	116	30	101	28	72	86	74	86	40	63	23	42	66	76	79	86	98	52	97	38	30	2	24	32	75	20	51	40	53	95	14	3	2	56	6	63	94	36	33	16	32	47	58	27	26	64	80	46	84	98	86	53	65	4	27	110	87	105	91	85	66	95	115	79	80	43	72	10	22	42	104	90	112	81	38	21	44	100	1	23	119	74	117	117	13	102	71	37	36	79	76	27	33	56	65	117	40	71	52	15	119	57	24	70	82	107	76	32	39	10	76	33	107	66	36	119	34	114	12	45	66	22	94	115	0	50	104	3	40	76	32	69	80	33	17	91	101	70	18	76	51	96	39	76	96	20	77	57	57	119	81	39	114	117	17	115	1	13	72	3	2	18	5	75	51	26	60	33	89	51	89	41	112	80	100	56	6	119	87	68	112	60	0	25	82	78	61	45	82	33	73	108	77	81	59	35	79	117	15	32	86	112	34	47	30	24	9	85	109	82	57	40	0	11	8	12	27	104	73	23	36	38	91	101	72	105	50	83	83	8	91	95	11	78	67	118	85	2	96	67	93	87	77	101	1	43	73	9	94	3	55	66	24	116	102	104	21	18	90	109	97	12	40	112	18	22	46	21	77	76	111	2	110	84	10	27	43	100	50	22	81	103	94	63	76	91	82	3	82	29	35	112	48	81	79	98	34	22	73	110	38	80	32	26	80	35	79	66	31	21	45	60	37	100	46	20	10	27	23	56	65	88	101	115	88	40	62	53	91	15	5	56	8	84	65	27	51	115	14	99	11	96	41	19	115	73	15	75	96	116	5	29	0	4	25	0	24	79	94	104	117	74	67	91	35	33	83	5	48	43	45	20	32	60	14	28	1	96	97	98	16	62	20	52	49	105	29	22	10	31	31	37	23	29	113	119	31	8	63	104	5	5	22	78	110	80	59	93	96	96	44	2	40	73	52	19	10	95	98	60	85	88	90	83	91	73	0	20	36	63	107	84	75	71	48	41	69	118	42	103	65	49	55	20	97	77	69	52	45	46	88	20	48	66	13	26	0	39	81	42	98	32	65	73	58	67	106	45	53	117	50	67	74	3	4	46	100	33	55	37	73	14	87	13	61	46	25	106	38	101	74	73	0	113	39	95	106	64	54	90	111	37	82	111	52	46	106	98	95	15	106	112	5	87	95	54	51	90	94	98	109	100	101	17	40	12	15	14	27	21	107	81	33	53	100	12	31	105	105	46	4	86	86	43	19	89	72	41	41	39	84	4	28	101	8	106	1	31	87	102	101	108	8	8	100	119	95	18	44	30	97	43	97	70	99	80	17	84	10	93	81	69	108	79	61	54	12	3	51	4	1	7	8	51	103	8	0	74	43	18	17	4	50	74	56	47	113	109	41	16	5	105	90	20	4	91	23	32	98	62	110	1	83	81	20	36	110	97	5	93	31	18	111	91	84	49	39	81	112	28	17	94	34	87	99	69	117	55	58	100	8	66	90	96	87	108	65	5	31	35	36	18	61	27	7	11	47	90	87	4	80	75	107	12	79	46	38	62	79	85	86	88	71	23	39	103	107	97	55	32	81	70	11	24	92	61	103	60	34	83	9	8	113	28	101	75	117	109	58	48	99	92	35	69	40	53	109	112	113	46	30	68	107	106	91	79	4	1	64	77	31	37	67	29	67	13	41	11	12	54	86	115	31	68	64	108	9	60	108	57	95	100	30	64	103	16	76	118	116	109	75	8	21	89	71	35	46	40	86	116	100	0	44	88	108	28	87	35	67	36	68	11	39	11	103	86	35	62	6	95	54	18	30	44	92	117	59	82	26	115	35	102	117	82	75	29	58	102	23	43	95	5	37	47	23	43	33	84	9	5	41	73	41	105	106	9	116	27	73	2	111	16	58	33	47	70	114	11	106	57	40	77	51	87	47	107	49	84	116	4	16	93	94	19	53	24	104	103	69	49	23	107	29	110	57	109	114	90	75	106	114	29	50	95	41	58	10	33	75	14	16	45	15	102	91	103	73	16	46	22	39	88	79	109	20	36	82	34	47	32	117	18	51	18	84	34	55	45	102	7	103	89	29	22	112	40	65	44	79	97	101	85	18	25	31	64	44	52	51	0	68	23	31	60	29	39	80	87	62	50	115	95	91	85	60	17	50	35	64	26	54	36	77	118	109	106	48	60	85	44	6	71	42	86	115	70	17	102	69	84	39	96	80	7	33	114	27	92	52	104	0	8	86	79	119	72	34	109	43	33	7	30	97	80	57	87	40	97	5	94	91	106	88	63	47	57	23	80	107	81	88	117	34	48	46	115	33	19	24	40	54	55	34	8	14	97	113	57	77	109	82	23	58	82	74	87	55	75	47	111	76	55	28	99	84	105	24	32	100	23	63	36	11	78	14	116	28	67	50	115	36	50	104	24	17	98	94	48	24	119	71	87	118	77	82	58	79	2	11	87	113	36	119	90	56	54	51	0	66	62	92	39	68	105	72	107	10	91	2	82	106	35	81	24	9	93	113	114	51	53	95	38	118	1	56	104	7	47	1	22	34	34	103	60	101	104	64	31	68	22	24	77	109	9	59	50	45	69	96	51	32	81	19	30	36	112	98	88	6	9	88	84	114	55	59	89	54	0	65	52	119	73	22	41	65	95	103	53	18	55	17	110	78	46	1	56	20	88	92	40	110	4	56	68	84	69	57	0	73	97	59	58	75	69	77	110	14	23	75	49	88	17	91	57	94	3	32	18	108	105	32	97	104	112	113	108	118	20	87	48	93	116	23	64	103	91	70	43	4	87	65	46	55	13	61	29	6	34	72	37	109	3	13	28	34	37	3	86	2	108	118	0	33	119	51	72	109	89	95	90	67	0	63	44	87	114	25	34	87	74	0	9	48	78	11	87	54	83	70	16	22	37	6	114	39	43	16	97	28	112	1	34	3	75	39	59	88	31	85	72	25	90	18	55	99	50	2	36	90	82	50	36	108	111	103	29	38	104	118	19	12	17	13	115	92	22	103	107	98	78	91	47	100	20	117	69	55	102	90	1	56	113	39	16	43	50	17	0	69	110	110	101	101	90	113	101	6	27	105	60	53	85	34	71	105	63	33	68	76	68	19	7	118	106	21	102	106	47	100	29	54	14	94	105	94	60	47	0	41	40	35	62	97	110	1	57	78	35	101	44	83	19	5	47	69	36	92	52	107	36	80	19	32	14	39	38	25	96	21	68	101	15	95	1	38	112	106	107	68	15	67	22	106	19	23	23	78	71	116	4	84	90	62	89	42	47	49	28	69	44	20	65	113	6	43	117	28	34	75	14	107	69	26	8	82	20	59	49	47	51	69	85	79	49	20	9	118	73	109	91	10	89	21	7	119	103	89	74	115	70	22	10	115	28	82	3	28	94	88	35	34	40	47	62	114	89	51	25	67	44	65	2	16	56	6	30	30	8	87	104	92	42	26	119	12	75	90	32	6	64	86	94	69	110	42	73	7	50	27	43	40	17	30	115	118	15	80	13	14	19	31	111	117	32	86	101	71	52	36	85	41	4	37	115	66	85	14	108	29	116	44	54	87	70	92	85	6	40	92	86	103	102	7	103	119	103	52	84	106	14	7	67	54	97	45	0	71	45	83	73	107	119	78	73	119	20	116	48	71	81	24	16	105	75	1	80	10	86	19	85	30	41	115	98	91	63	86	111	13	54	89	94	27	3	105	118	55	75	84	3	113	83	101	67	44	16	115	58	62	47	98	110	115	76	87	75	65	86	8	94	29	64	32	61	75	88	101	60	57	59	93	88	60	111	52	111	96	110	79	45	91	56	19	40	41	81	29	4	17	118	50	86	61	11	112	100	53	70	59	50	52	29	119	70	56	3	107	52	53	62	3	49	1	67	12	19	105	103	52	6	105	102	54	88	15	103	73	109	7	30	73	82	63	71	35	77	36	72	4	2	67	70	97	78	80	22	39	47	89	109	116	106	18	112	11	2	49	44	27	78	75	30	0	51	20	2	39	117	34	15	77	105	74	72	111	28	8	115	99	20	34	45	84	62	20	91	17	62	93	18	62	41	79	23	56	84	90	14	4	85	89	22	71	9	106	26	15	27	65	49	39	59	100	102	70	11	40	119	56	42	57	97	34	108	45	73	113	71	57	68	26	103	113	54	83	82	75	6	23	83	43	31	77	58	95	96	33	73	116	28	96	79	102	105	55	57	20	20	19	27	80	90	81	66	34	56	87	83	29	74	9	76	110	111	76	34	51	114	92	25	41	106	1	62	29	2	93	14	35	48	110	71	97	57	42	94	11	90	68	38	119	56	67	30	50	119	19	99	9	94	89	113	112	80	114	109	4	92	12	109	12	101	18	101	11	17	107	90	86	109	11	66	35	30	55	66	47	25	4	29	7	115	15	106	103	24	53	118	53	79	36	116	117	11	71	4	101	42	37	56	50	74	2	55	56	54	75	78	117	116	5	88	86	112	86	20	79	105	33	95	110	43	13	45	24	90	22	27	57	93	40	7	63	39	27	21	94	94	105	67	76	111	8	20	38	47	45	96	57	59	38	49	81	48	55	14	11	50	69	68	22	112	93	63	53	77	68	92	69	80	119	57	76	76	108	98	39	111	102	108	91	54	52	117	12	46	10	49	0	75	93	6	59	52	58	0	51	21	102	36	21	98	103	40	38	89	48	80	114	0	0	57	94	50	43	57	56	101	102	21	29	109	62	88	66	97	40	65	99	53	106	101	118	93	31	40	112	88	46	95	69	33	83	88	114	118	115	7	22	45	75	73	20	1	80	92	98	71	7	28	4	14	70	55	24	10	9	57	115	23	76	31	57	36	94	79	56	76	12	93	68	70	25	87	4	37	3	25	58	63	72	16	30	89	75	34	35	39	11	99	71	
63	111	66	95	77	21	16	105	59	46	95	21	83	99	23	6	109	28	115	76	34	51	42	112	28	96	86	99	83	21	56	62	40	34	17	34	61	41	105	112	57	99	107	66	80	0	30	119	48	50	92	105	68	1	102	74	20	7	13	74	2	45	9	57	38	59	77	114	25	91	104	29	84	61	60	115	97	3	82	53	80	93	35	84	99	77	15	73	2	100	105	117	78	18	48	114	88	9	78	87	10	113	4	103	52	116	50	65	56	50	11	56	6	93	30	19	39	94	101	109	108	69	97	6	103	12	11	7	96	75	4	73	41	52	12	101	105	88	38	36	100	95	41	16	88	107	55	32	48	108	105	62	28	116	79	84	109	83	12	81	101	67	63	80	36	85	90	17	43	33	6	20	20	64	20	36	111	93	76	1	38	79	105	60	24	39	26	6	8	55	1	113	15	48	103	108	28	34	101	97	18	23	43	26	90	23	44	14	3	92	79	56	32	54	86	103	10	39	26	6	80	112	76	101	109	89	108	37	34	76	12	103	54	105	118	52	108	42	81	69	37	64	14	75	72	99	16	72	16	45	47	91	110	78	91	46	49	0	38	115	108	51	41	41	71	105	85	107	100	59	99	81	107	57	107	52	61	37	103	93	84	119	72	29	8	9	23	69	106	92	109	94	19	0	27	17	101	94	33	71	97	16	81	58	14	23	93	1	31	52	76	39	108	95	63	43	55	97	81	48	88	60	49	102	56	1	73	54	48	8	67	57	10	91	109	112	38	18	51	44	22	79	37	38	18	27	3	31	27	30	111	112	10	98	82	19	9	103	29	15	72	31	17	79	113	106	46	2	76	99	79	51	58	64	75	90	76	92	92	112	92	112	83	22	26	12	40	85	24	18	110	38	77	99	116	10	76	7	92	106	54	104	31	32	59	70	30	75	68	3	58	45	26	55	99	16	55	116	35	68	11	43	35	113	103	44	76	98	61	96	103	55	117	82	117	105	48	41	14	1	40	46	12	80	117	35	9	95	9	105	27	88	11	112	30	10	54	34	10	95	91	71	47	89	49	97	71	39	59	24	99	100	18	62	36	80	29	108	19	28	31	42	112	25	49	66	54	79	90	21	116	18	69	115	28	96	19	93	103	67	11	101	30	28	32	100	97	69	34	106	106	53	43	113	27	118	35	73	91	98	3	68	3	97	45	51	6	75	49	14	59	75	40	87	13	17	116	102	51	30	45	85	119	51	68	13	90	17	10	78	108	58	57	105	16	93	41	65	77	28	52	36	45	73	82	38	25	67	60	22	106	101	100	109	32	23	18	45	46	73	119	23	75	78	44	91	113	22	91	83	89	82	60	103	20	51	25	17	34	66	18	26	5	33	96	2	55	87	60	43	95	62	32	85	87	56	4	74	39	108	106	67	18	109	97	32	87	11	37	98	8	14	12	67	62	65	73	60	34	12	84	54	101	88	22	97	119	94	89	6	115	8	117	71	80	117	92	21	80	79	21	88	51	32	92	82	28	95	63	115	74	47	17	29	32	55	10	113	13	90	83	55	75	72	38	33	3	106	67	111	109	17	19	51	4	6	40	5	103	106	98	95	24	54	10	18	88	59	18	78	104	35	18	61	24	69	20	23	115	75	47	22	24	71	46	59	81	49	2	38	31	113	90	72	82	50	81	100	21	4	80	48	7	56	54	72	34	119	94	91	31	34	72	50	23	115	30	39	19	49	24	107	3	118	79	102	114	36	45	82	31	2	106	96	60	35	95	32	90	102	54	67	81	102	63	11	92	35	115	73	18	6	4	37	5	112	81	9	94	2	30	38	86	53	17	28	102	98	53	12	38	27	42	17	8	39	34	89	77	72	93	80	62	40	108	13	12	111	17	97	104	85	83	22	50	45	78	37	108	111	88	62	87	4	108	107	4	85	26	109	68	107	116	20	119	39	113	97	112	106	37	70	118	38	118	92	11	90	79	67	56	96	104	13	102	42	35	59	61	0	71	13	47	18	104	60	46	3	52	107	33	99	46	104	105	99	30	79	57	84	53	55	33	39	13	41	41	21	86	39	11	39	82	98	88	63	72	42	41	52	91	113	102	97	92	23	50	45	107	38	36	19	33	63	14	75	95	90	1	69	71	1	86	68	81	68	62	104	70	5	89	66	16	44	65	99	79	3	31	109	12	43	44	23	49	36	89	75	14	96	79	59	4	119	118	102	109	115	48	31	1	29	38	53	89	85	9	115	31	116	26	49	27	21	65	88	14	30	113	41	50	11	1	117	47	91	99	5	78	47	24	90	17	41	96	13	112	66	22	8	108	66	9	106	55	43	51	110	89	110	53	107	99	19	96	12	111	115	109	41	21	48	76	43	30	115	0	59	115	45	80	42	102	21	70	49	8	39	106	81	48	98	119	19	89	48	108	88	99	113	116	82	88	63	62	0	72	66	76	85	12	84	30	80	45	53	55	4	37	88	78	1	60	59	54	32	44	50	110	1	61	43	104	119	64	34	76	91	55	78	61	84	65	0	82	20	90	98	61	76	64	5	55	118	22	50	57	25	116	80	92	112	11	75	33	50	109	26	80	82	10	87	43	64	76	106	99	93	19	109	65	50	104	88	22	72	100	13	106	112	105	84	15	59	111	39	6	114	16	95	56	94	91	52	6	25	75	96	49	58	113	12	25	20	85	40	57	103	72	13	56	59	27	13	96	83	32	113	105	71	47	65	86	0	89	15	22	79	88	28	12	53	44	0	47	11	30	44	17	90	104	114	106	116	50	27	69	72	37	119	73	33	3	0	33	46	36	47	84	10	33	92	99	69	84	17	97	16	101	46	118	51	93	5	10	33	78	94	15	18	56	3	110	16	36	84	96	114	84	92	22	42	64	105	24	105	17	111	25	41	73	100	88	89	88	4	79	60	23	14	38	58	96	67	72	19	50	6	21	90	25	93	61	55	83	4	10	43	3	2	45	79	105	32	15	92	103	48	56	76	45	99	99	54	92	1	55	36	86	84	6	96	11	100	57	65	12	107	25	18	74	98	6	19	119	25	115	68	67	73	23	80	40	45	60	23	62	4	19	74	54	7	37	10	73	72	90	72	1	103	45	14	14	103	13	99	18	22	4	9	117	24	83	74	56	44	10	85	44	3	76	21	99	87	72	74	117	57	24	60	76	57	37	46	104	81	16	80	74	73	10	43	51	83	83	64	109	31	38	112	72	64	58	109	13	20	97	54	70	118	60	53	27	31	91	108	6	96	1	99	70	17	101	50	22	75	1	52	7	64	118	1	49	17	69	106	85	110	70	64	68	81	52	44	24	83	70	87	9	92	62	10	56	29	13	38	63	64	36	44	6	94	99	102	14	32	77	3	81	53	89	110	31	9	97	23	73	43	46	102	9	117	41	86	55	47	74	119	84	99	51	26	34	57	70	64	113	59	58	58	58	42	8	73	119	86	43	15	112	88	11	35	38	11	40	64	99	22	20	53	111	18	16	13	115	17	21	119	24	44	92	30	32	11	37	82	108	8	106	4	27	43	52	5	16	62	20	78	99	1	67	96	70	110	18	4	33	38	17	44	13	33	50	31	36	25	31	7	29	78	6	118	116	82	11	27	87	102	86	1	89	58	55	0	98	88	32	9	76	56	50	69	119	108	6	69	108	28	77	98	52	2	96	117	25	31	111	87	51	67	76	90	100	16	88	13	116	118	28	10	28	15	89	75	13	75	55	24	33	68	25	113	72	75	86	9	52	80	80	72	60	21	96	95	44	50	6	7	26	41	101	25	33	99	100	70	81	0	53	15	91	105	89	62	9	1	81	34	83	38	6	110	19	28	104	25	72	98	33	110	117	25	98	53	19	11	60	54	1	65	96	52	67	75	7	55	15	91	49	64	48	98	104	80	86	24	77	112	90	118	17	90	46	15	117	93	2	49	58	36	39	96	32	14	111	35	105	102	2	35	86	107	97	66	112	96	46	73	112	5	25	40	46	51	91	73	13	27	22	36	60	6	106	27	69	21	24	47	1	81	114	16	33	51	16	24	109	45	51	111	55	62	20	47	88	17	37	24	105	101	119	36	43	85	1	52	63	73	78	56	13	114	30	106	112	16	75	26	79	54	21	98	4	52	101	74	8	92	53	52	11	69	69	113	112	49	110	97	102	58	49	14	7	87	16	112	52	115	76	9	102	117	100	82	45	88	67	83	12	52	33	94	66	57	32	75	97	10	112	116	42	87	114	81	69	113	119	108	69	114	41	38	41	1	88	119	28	56	70	113	61	1	11	92	117	75	32	2	103	89	30	51	99	58	39	97	49	89	115	29	3	22	4	55	106	66	9	49	47	85	21	3	27	82	25	103	22	114	117	70	90	52	26	80	113	82	113	110	42	117	36	67	78	71	3	118	24	71	23	40	79	40	74	43	110	41	108	79	108	53	63	95	51	12	2	17	68	39	0	81	23	95	42	29	15	29	64	57	11	26	35	44	93	63	20	64	38	5	53	85	111	30	38	21	56	105	112	64	43	57	93	48	82	21	45	109	44	16	97	49	35	50	75	109	63	19	3	9	27	102	2	47	118	27	58	31	90	83	35	19	16	16	70	92	65	17	69	2	118	40	15	39	71	14	56	67	79	37	62	48	53	84	116	38	99	62	35	71	2	75	34	84	90	35	68	29	62	81	33	12	93	85	99	81	89	56	18	94	107	3	111	12	92	79	60	115	37	13	17	76	118	71	23	65	97	116	23	35	63	95	91	83	65	55	11	9	64	47	113	22	5	30	61	84	96	87	104	100	11	114	20	110	63	88	40	44	29	26	64	62	22	65	26	38	10	54	25	109	84	114	117	27	99	119	56	74	57	108	57	58	7	20	84	5	38	118	111	59	78	5	109	46	33	105	110	47	9	98	59	102	5	19	78	45	6	44	15	60	63	22	56	53	96	82	1	49	9	41	27	64	108	53	79	44	74	109	23	69	44	59	11	29	34	1	20	28	63	38	92	92	74	77	11	22	29	62	35	66	89	106	59	1	95	57	118	6	112	70	37	32	76	65	47	88	21	60	95	24	116	110	70	1	74	41	83	27	16	86	106	0	110	79	9	56	119	11	19	109	10	117	56	7	89	109	73	96	69	83	96	113	15	10	109	82	31	18	57	13	16	36	6	35	49	65	19	44	36	42	52	65	82	0	119	44	51	85	119	118	18	72	61	103	94	107	0	33	33	24	91	36	12	39	118	114	0	80	3	28	54	30	18	42	70	97	4	102	42	106	107	88	92	18	15	66	83	42	9	53	64	51	91	49	94	86	4	55	60	116	112	66	37	95	53	104	72	30	6	117	55	60	51	80	10	64	110	50	84	61	55	61	84	107	87	106	109	59	55	41	78	70	17	108	73	5	85	83	46	57	21	16	40	59	113	20	110	68	18	15	50	37	41	19	69	80	0	24	40	92	55	16	12	52	0	92	1	111	11	36	90	56	81	1	110	119	91	101	119	53	11	9	86	107	9	102	107	74	103	116	89	59	36	36	95	63	76	80	47	71	117	17	58	29	98	7	97	112	11	20	21	3	9	96	46	13	110	5	55	113	50	76	103	78	46	53	48	103	52	18	58	108	68	99	40	94	112	90	113	38	15	79	16	53	28	100	12	12	8	34	7	61	10	89	65	31	93	115	85	68	74	80	10	6	16	98	10	21	26	74	111	25	33	104	87	77	116	85	86	97	102	19	52	46	16	99	65	53	113	54	55	63	52	92	111	101	114	70	58	40	2	30	73	81	87	37	76	82	58	115	118	34	58	10	38	68	90	43	78	15	2	54	54	102	20	116	89	57	32	95	39	40	63	8	88	70	83	55	70	67	4	118	66	64	35	70	53	15	25	103	63	39	32	42	51	66	9	90	40	105	35	101	32	22	1	79	12	8	67	103	61	34	107	54	43	68	57	30	89	7	94	104	6	11	3	100	12	67	50	84	52	15	51	25	31	104	96	59	53	16	65	115	1	102	31	91	2	52	43	68	98	35	95	110	106	45	59	35	42	1	57	36	109	18	105	65	106	56	12	11	59	84	99	53	113	38	64	61	53	17	19	119	56	117	54	58	106	36	0	39	110	93	60	0	51	114	107	30	3	116	21	1	7	109	99	75	119	84	110	12	30	76	24	14	59	12	1	10	88	95	90	48	54	5	101	58	94	79	90	112	48	46	34	84	111	83	79	22	2	7	81	24	35	3	82	51	75	72	89	31	35	104	9	118	107	74	75	8	86	33	78	119	91	92	85	84	100	14	89	63	90	31	9	25	37	31	104	53	80	65	119	57	26	69	21	81	102	84	21	44	3	79	0	3	114	0	93	72	70	14	23	20	111	51	46	87	13	49	12	83	50	111	113	41	47	0	38	1	21	28	93	108	60	3	110	68	71	32	82	90	101	99	43	87	40	69	105	18	49	55	69	79	65	90	104	37	65	119	100	46	81	32	81	26	99	36	89	11	72	62	84	105	57	21	59	78	95	84	88	18	3	50	75	104	101	10	5	102	39	84	111	56	2	89	19	84	103	58	89	14	87	80	11	37	27	28	105	50	115	95	44	15	81	43	53	93	14	111	86	69	83	6	103	78	113	87	58	4	32	69	23	22	75	111	23	78	97	112	91	76	84	112	117	73	13	24	37	8	20	33	28	0	36	20	116	58	44	34	101	72	110	77	41	91	19	20	15	51	12	49	51	90	82	14	91	25	13	2	58	7	79	16	88	64	105	112	54	59	108	35	78	2	65	89	56	45	9	53	37	14	84	71	7	30	92	33	6	37	58	98	35	52	47	68	72	85	28	64	69	17	58	112	4	88	105	91	92	68	11	92	112	30	65	58	1	86	84	64	14	54	117	70	114	70	12	69	6	24	20	94	81	4	84	10	46	28	78	98	69	104	3	15	32	43	35	19	63	83	17	101	27	28	36	47	94	12	78	19	40	39	56	104	114	84	43	97	102	12	88	102	20	90	71	80	61	116	91	72	107	70	3	31	77	15	41	30	111	64	93	38	87	83	90	80	80	65	40	21	82	106	103	119	95	88	73	29	7	67	79	106	35	5	2	93	69	71	82	9	92	33	18	6	60	100	113	37	19	19	33	15	36	116	91	13	79	43	103	112	14	71	96	105	9	57	101	49	49	28	33	1	63	110	75	51	109	27	92	94	67	2	119	85	107	4	20	39	12	19	3	87	114	88	110	93	59	51	46	26	34	62	92	7	63	113	113	53	27	54	109	5	32	85	26	104	78	49	114	79	47	72	116	84	98	45	97	54	98	49	36	15	64	117	116	17	108	105	108	20	87	110	27	24	58	78	91	96	111	90	92	4	86	26	41	101	8	8	34	4	31	117	47	26	43	9	82	40	5	37	28	64	79	27	61	25	57	52	48	37	116	73	60	70	50	57	4	19	99	40	119	55	16	69	55	58	19	50	68	77	20	79	81	65	36	102	45	7	69	63	106	72	119	36	97	21	91	118	83	87	43	77	89	87	79	98	35	119	8	56	60	14	64	54	3	31	111	37	90	97	110	55	114	63	39	69	59	1	2	31	24	47	8	71	48	116	18	13	61	80	42	91	24	92	49	25	10	89	86	9	35	57	108	92	38	27	27	90	42	113	45	85	25	45	18	85	68	6	107	4	4	63	49	91	50	64	6	66	70	113	11	99	98	5	79	118	111	76	109	53	14	7	13	112	72	63	105	49	13	13	16	9	72	83	46	8	112	64	89	103	31	102	28	105	14	63	71	61	46	90	83	28	71	42	74	56	3	119	60	26	100	10	11	98	105	19	63	10	59	85	97	82	109	72	50	108	103	5	108	1	57	86	103	57	61	106	117	93	44	83	29	88	47	11	2	88	94	97	29	57	108	8	46	66	40	7	102	36	108	57	102	113	1	46	80	98	72	79	76	39	33	85	59	50	71	1	31	36	113	100	80	77	105	79	103	118	24	43	102	74	119	106	85	95	86	107	29	81	80	81	88	95	68	3	46	98	20	108	8	4	17	11	8	14	28	67	46	64	45	52	91	52	103	39	89	10	49	29	8	76	61	103	65	59	4	79	30	55	118	100	79	58	30	88	93	52	83	85	42	71	71	42	86	27	35	90	26	42	104	44	32	21	95	51	47	12	48	79	43	89	93	97	42	28	112	82	7	15	7	11	106	98	70	13	117	55	5	25	48	15	92	49	20	106	54	28	59	10	58	116	109	39	34	99	43	75	118	1	14	79	17	94	48	83	18	85	113	89	116	94	67	105	110	34	118	21	9	34	19	109	0	71	35	75	27	106	112	40	26	76	34	76	71	95	3	81	3	26	91	63	79	39	115	16	12	0	4	76	58	85	80	21	84	78	79	28	49	118	51	97	43	85	92	54	27	12	19	35	1	76	89	34	8	118	104	52	7	75	64	89	64	53	18	34	44	19	40	74	76	23	10	72	17	19	106	85	99	94	111	11	100	107	20	74	94	90	66	37	72	27	97	2	107	65	10	109	98	116	70	36	76	61	15	19	44	5	101	105	9	102	81	64	37	15	37	8	88	74	25	27	53	81	6	1	43	3	62	52	92	35	73	100	17	112	96	11	91	45	117	66	107	26	88	25	26	32	42	2	72	80	29	93	47	11	73	20	80	106	103	48	4	6	97	81	4	56	55	97	16	18	58	16	114	3	28	80	28	38	77	17	13	90	102	45	22	50	80	13	74	14	45	41	33	31	38	43	115	22	34	107	26	44	84	27	119	26	60	35	19	49	52	102	14	10	28	66	67	94	69	26	113	95	25	95	42	108	47	50	87	8	67	107	105	10	99	35	104	93	90	76	95	57	0	79	37	63	87	108	44	15	63	13	61	100	97	26	1	7	46	45	8	15	72	23	93	30	15	104	31	101	45	34	112	62	66	13	65	24	71	107	34	54	93	36	110	39	30	26	116	94	66	86	94	51	75	56	77	119	112	58	114	43	69	84	30	64	40	80	57	7	12	119	14	97	81	25	12	39	112	24	13	114	19	116	82	108	114	15	43	28	55	81	83	37	65	52	65	79	91	1	119	18	62	96	78	17	49	58	79	92	8	90	2	84	49	79	58	66	95	82	78	119	2	109	40	92	75	113	73	91	116	54	90	51	13	94	67	70	39	65	63	86	108	49	77	114	76	38	111	61	48	90	22	39	98	78	66	81	10	98	22	115	25	72	65	0	9	65	85	9	66	116	44	21	93	69	76	102	4	43	97	85	7	88	107	27	15	68	18	18	22	65	0	25	99	119	22	99	90	56	109	80	65	21	109	16	107	110	97	30	113	53	104	18	10	26	52	85	33	7	110	8	14	69	111	68	11	20	48	115	48	13	89	44	46	99	4	73	62	100	106	36	66	4	108	108	83	82	75	100	56	79	72	76	28	61	75	4	23	61	118	39	35	119	18	13	56	37	48	79	119	103	81	118	25	71	78	115	16	78	15	64	116	108	110	84	95	99	116	81	57	75	74	9	75	86	97	3	118	21	105	34	52	72	109	30	21	80	116	47	83	79	104	112	5	38	82	41	6	6	66	51	15	6	27	15	88	74	60	7	26	113	15	58	30	53	45	26	78	94	55	9	74	22	54	110	3	45	74	76	27	77	37	34	58	39	48	59	98	51	116	39	58	19	2	31	77	119	107	100	108	57	7	23	31	97	96	73	15	73	63	51	77	26	117	38	91	100	3	36	33	57	10	84	0	41	26	80	106	86	13	10	31	33	44	74	96	2	64	112	71	66	26	111	68	27	26	71	32	22	91	49	29	44	60	30	3	117	63	87	35	18	101	5	119	69	38	50	62	31	61	117	84	88	49	1	23	26	116	5	26	110	63	108	118	76	115	5	98	61	89	51	1	99	113	86	35	7	62	79	82	17	63	95	94	75	102	95	104	86	99	88	114	50	113	99	108	88	39	2	79	75	72	92	52	25	3	19	53	14	106	33	66	9	22	30	5	91	39	26	94	22	71	72	78	43	104	24	15	26	41	35	104	85	100	90	85	109	113	30	92	34	3	40	48	85	49	57	89	80	70	43	33	20	9	93	71	25	3	1	111	73	87	97	79	37	37	61	26	37	61	21	56	10	105	108	66	55	114	58	18	98	49	16	72	23	7	23	14	53	20	32	76	45	34	68	27	113	83	108	20	2	45	106	97	16	4	101	18	109	56	32	64	97	65	82	117	86	34	102	49	69	10	116	62	14	91	68	115	11	93	1	99	68	43	35	15	99	44	35	62	64	99	98	19	5	95	114	87	43	58	106	98	18	60	20	93	28	112	114	9	41	45	115	56	51	30	74	74	83	74	30	0	105	91	26	36	22	113	118	6	69	55	19	55	84	36	98	81	47	66	68	107	21	26	66	41	7	93	77	73	31	68	86	94	46	7	47	33	68	81	87	33	99	1	97	97	92	17	4	74	111	50	67	67	13	4	118	87	8	82	70	38	9	115	83	10	73	57	56	27	103	93	38	82	87	96	92	113	88	90	100	79	60	38	111	48	75	83	23	98	119	99	43	0	72	71	22	34	16	88	39	66	63	6	73	48	88	84	12	29	25	1	8	26	69	111	72	81	37	95	20	3	34	106	117	119	52	24	29	64	44	76	11	54	12	29	97	106	45	45	97	110	88	77	114	66	76	5	87	88	77	32	119	64	50	85	61	51	5	62	113	26	110	108	92	15	6	16	95	26	24	83	107	37	91	45	49	103	32	57	18	84	9	94	71	74	119	110	113	84	106	42	18	58	28	42	33	117	110	57	73	103	79	46	41	64	107	3	52	57	113	113	2	116	27	17	12	65	57	51	35	10	69	58	0	78	103	93	92	16	26	6	32	105	36	22	29	0	64	38	5	72	15	22	39	82	73	9	54	69	56	118	65	84	69	79	51	8	40	109	20	0	59	73	93	79	86	99	78	110	27	5	42	60	50	9	9	20	77	54	85	111	44	30	85	116	50	73	59	102	13	58	64	94	25	112	30	59	28	21	52	64	66	114	29	61	42	40	33	92	109	104	104	117	86	10	101	9	75	24	32	42	88	35	98	80	108	84	68	60	72	116	79	23	118	100	93	99	39	76	117	73	107	31	105	104	12	28	3	35	82	5	74	98	87	10	17	119	12	94	96	18	17	112	55	4	7	51	1	86	1	102	14	2	21	34	103	112	119	58	13	106	14	6	89	56	75	78	45	11	41	116	0	60	54	97	84	53	30	62	115	62	96	84	92	33	21	83	90	54	103	62	29	14	55	108	61	82	109	95	85	12	3	112	21	116	9	55	54	76	9	103	73	51	27	119	119	76	66	41	74	80	36	22	49	39	20	55	118	74	19	21	3	42	98	56	31	89	57	66	93	103	17	29	109	85	100	55	80	45	75	116	55	103	94	20	74	76	103	39	21	78	95	71	46	13	22	38	39	11	21	114	73	47	102	47	5	84	18	101	109	83	10	36	40	27	101	46	105	55	119	52	16	112	47	111	93	77	63	40	51	41	79	40	2	69	89	7	99	72	77	119	95	117	37	17	15	13	114	46	20	119	4	47	104	86	52	92	34	18	69	23	60	85	70	66	0	63	40	12	54	81	101	62	22	45	110	27	3	91	83	18	69	60	69	14	45	50	55	118	100	5	80	84	75	54	33	33	67	70	28	21	101	31	34	43	18	25	51	42	108	54	65	36	10	30	20	34	79	18	118	45	66	52	48	69	94	108	50	37	91	11	102	12	2	66	60	28	92	91	30	30	98	54	4	83	85	61	24	83	86	32	59	72	38	80	29	76	6	30	47	46	64	20	84	80	3	98	3	98	2	34	117	87	101	116	84	118	52	65	33	9	74	2	68	57	31	1	87	79	36	86	90	44	2	26	47	72	98	39	31	110	109	117	18	53	116	38	113	7	41	74	111	28	43	74	82	95	45	87	54	48	86	83	10	111	9	46	39	86	62	41	103	46	53	22	27	40	17	85	51	68	42	119	73	117	113	46	38	42	71	2	98	69	21	52	102	103	101	6	13	81	6	24	21	107	83	20	90	8	51	57	75	47	73	106	97	114	52	72	6	98	7	26	43	119	98	11	64	116	38	44	23	40	52	4	112	29	69	22	29	44	106	106	119	22	4	82	22	116	92	54	44	118	84	71	73	55	67	7	87	118	60	86	14	53	86	29	56	21	28	54	22	6	54	25	8	99	84	71	8	99	1	34	94	72	61	41	12	75	57	56	98	77	39	29	50	95	110	3	45	57	64	34	11	117	22	76	46	116	66	105	14	39	19	42	101	63	76	97	44	45	69	85	59	97	111	34	76	5	2	78	23	114	73	116	70	89	12	52	57	59	76	96	98	16	35	104	2	51	112	29	105	43	101	0	17	10	36	11	26	9	12	46	38	33	56	83	5	18	23	1	97	6	4	68	75	7	39	18	99	12	65	102	19	54	34	72	43	48	53	113	77	74	11	59	50	28	3	94	2	8	63	60	118	63	80	68	17	106	32	49	98	41	46	116	90	47	117	93	67	51	36	13	69	47	14	37	115	84	51	63	11	19	12	19	49	69	66	114	99	42	30	118	53	108	65	103	22	108	108	94	48	115	0	101	43	26	7	116	48	34	72	12	82	35	102	39	80	119	96	5	19	31	25	15	37	68	1	87	103	87	0	109	25	88	65	50	77	106	4	96	35	108	74	95	45	16	108	24	36	71	44	13	88	33	25	6	107	1	93	108	53	86	58	49	80	66	103	5	108	6	119	17	19	19	50	119	78	58	24	15	93	19	28	50	10	41	22	1	85	11	111	70	40	75	16	66	27	25	2	4	81	72	6	15	64	119	14	99	11	9	97	42	67	37	50	28	73	5	32	42	28	65	46	13	16	20	19	79	52	53	10	89	42	31	11	10	106	1	79	69	14	85	79	
35	36	35	29	32	21	25	28	38	22	39	26	21	32	26	22	21	30	37	33	22	37	27	35	38	29	31	21	28	21	25	31	34	30	24	36	40	32	26	28	23	23	31	22	27	36	26	26	38	22	33	38	22	30	31	40	20	35	29	37	27	24	24	23	30	36	23	23	27	31	32	34	29	29	29	23	39	37	38	25	31	29	38	29	35	21	21	34	22	24	27	23	32	34	36	21	34	24	36	33	22	28	40	31	26	25	25	25	24	24	38	25	27	36	20	30	37	39	24	29	20	21	28	26	25	26	39	30	33	30	28	38	28	20	21	20	22	27	27	25	25	32	40	23	39	27	38	32	30	27	38	28	21	37	28	33	22	38	40	40	30	32	33	38	20	33	24	23	21	33	24	29	39	27	20	23	23	34	39	24	32	30	35	30	36	29	30	31	39	27	30	22	20	21	27	28	20	26	40	33	37	40	37	25	25	28	21	40	21	31	37	26	34	38	34	30	38	40	20	27	28	31	21	39	40	27	31	29	24	22	26	30	24	37	24	40	34	32	32	28	31	24	30	32	36	29	33	40	37	40	31	37	23	33	20	23	22	34	23	34	40	22	24	36	27	37	24	33	28	36	40	27	37	24	24	36	23	32	33	21	22	28	40	40	23	24	26	37	40	26	23	23	24	23	23	36	21	21	29	34	29	24	37	39	40	34	25	32	21	33	24	35	30	33	27	20	39	21	22	32	31	25	35	39	39	30	31	31	20	36	26	20	38	27	28	29	29	23	25	32	37	40	26	35	26	33	32	38	37	20	23	29	27	38	32	25	25	32	39	30	20	24	25	29	33	22	40	33	34	39	22	25	39	38	37	20	36	39	25	27	28	28	33	23	23	27	26	31	20	21	25	39	24	29	39	39	20	33	36	36	23	27	29	39	37	38	24	35	20	26	34	40	20	20	38	35	35	23	37	31	25	20	23	25	36	22	34	23	25	37	30	35	39	35	26	39	33	30	24	21	36	34	21	27	29	39	29	24	37	36	35	25	36	26	38	36	33	34	28	30	33	23	27	26	29	39	37	40	21	39	38	23	37	25	34	30	24	24	26	24	24	36	40	27	27	31	28	31	35	20	34	27	27	30	33	27	23	37	39	36	40	26	22	27	38	23	32	23	25	39	36	30	28	22	30	30	22	37	39	32	22	27	22	20	24	21	40	36	39	37	28	26	29	31	32	20	36	27	34	26	24	25	21	29	36	37	33	22	29	36	23	32	24	23	29	31	25	36	32	29	20	24	40	33	24	31	29	22	20	32	31	21	36	36	22	27	22	39	32	38	38	29	27	32	29	26	36	32	27	20	30	31	34	25	29	30	22	34	22	35	40	29	35	21	35	34	24	24	31	22	27	28	36	23	35	25	40	20	30	32	31	21	39	23	40	40	39	29	24	34	30	24	27	30	39	39	37	36	20	31	37	40	23	37	40	22	39	33	32	36	24	24	25	36	23	27	35	33	24	20	27	39	36	25	28	36	28	36	24	20	29	24	22	29	33	36	38	28	38	36	27	37	36	22	26	20	37	36	33	22	21	28	38	27	33	25	37	20	29	32	33	37	21	40	36	40	35	34	39	33	31	40	21	33	24	28	22	33	24	23	31	26	23	21	25	35	35	36	36	32	33	22	38	36	32	37	40	28	20	37	38	39	39	33	22	29	30	20	22	31	31	37	30	27	23	27	27	27	32	27	32	29	39	40	21	21	37	31	37	27	37	25	25	38	38	37	21	22	22	26	30	30	30	22	40	28	39	32	38	27	22	31	38	27	38	31	31	25	30	28	35	38	35	33	21	27	33	37	32	22	21	34	39	20	31	21	28	22	30	22	39	25	35	22	32	25	23	32	39	28	36	36	37	26	34	27	37	29	39	34	30	34	27	37	25	35	29	23	33	38	27	36	40	33	40	20	33	26	21	34	31	24	20	21	38	21	20	23	27	36	26	29	23	34	37	36	31	22	29	32	40	40	31	28	34	33	35	20	40	21	30	40	31	22	23	25	33	36	31	34	26	24	28	36	31	20	30	24	24	28	36	21	33	38	27	21	34	36	34	29	37	26	28	21	34	39	36	20	34	30	27	32	30	24	29	35	31	29	40	36	37	35	22	28	34	30	39	25	34	27	35	34	26	27	27	40	22	32	37	35	39	39	25	26	21	32	21	40	35	38	22	39	21	33	39	30	32	40	34	31	20	35	24	21	23	20	21	37	37	26	25	23	39	22	40	30	36	34	32	39	22	36	26	27	28	33	20	37	36	37	30	25	26	25	33	40	22	35	34	24	35	30	20	39	29	34	34	23	28	39	24	30	33	36	36	33	38	32	30	40	35	27	33	25	38	26	21	27	20	29	25	25	31	22	34	20	38	35	36	34	21	39	26	30	32	27	28	38	34	35	36	33	22	39	35	27	37	24	20	27	40	26	34	32	27	27	24	32	35	37	22	29	32	36	27	32	28	27	31	35	25	31	27	25	31	37	21	29	33	35	28	39	35	25	31	37	20	33	39	38	28	31	26	22	33	27	35	21	40	33	24	25	33	26	37	23	39	39	26	35	36	36	33	29	20	34	31	30	31	26	20	26	20	34	39	35	20	25	20	27	27	29	30	30	20	36	40	34	38	22	24	26	40	38	25	25	34	26	37	23	29	23	37	30	35	22	34	40	38	32	36	30	40	38	36	22	37	30	38	31	21	36	32	38	34	23	36	22	24	22	29	24	30	33	25	32	31	21	36	38	40	32	28	36	25	39	21	23	22	26	32	28	27	24	39	28	27	32	33	32	40	21	26	28	29	34	40	24	27	40	31	21	21	22	35	25	28	26	37	39	35	37	27	27	28	26	25	40	29	26	35	37	35	34	40	27	21	38	38	20	23	36	31	34	26	28	28	40	29	33	21	24	35	23	37	40	29	37	21	26	21	29	24	36	32	31	23	29	30	25	31	28	30	34	35	27	29	31	27	40	29	28	36	27	31	24	30	35	24	34	36	27	39	26	38	31	28	28	34	20	21	23	34	22	22	23	21	22	26	35	31	39	39	37	37	39	27	30	36	39	28	23	39	37	38	33	38	21	38	24	24	37	28	28	30	36	28	29	22	20	39	39	40	30	21	36	24	28	24	31	23	32	25	25	28	29	20	36	31	29	23	36	28	30	24	36	39	20	38	27	24	35	35	26	22	35	36	35	23	29	40	37	21	37	29	25	25	31	21	35	28	34	40	39	23	28	38	25	39	35	39	29	39	39	25	27	40	26	33	39	26	22	39	40	32	24	37	20	40	37	25	24	30	35	23	32	21	26	31	25	29	36	34	39	24	40	38	39	30	32	28	37	25	34	33	21	22	37	21	37	40	20	31	40	22	35	37	31	21	36	40	27	29	32	39	33	21	25	35	38	20	27	25	34	40	32	31	36	33	27	28	21	35	21	36	23	28	33	35	22	30	32	34	22	30	36	28	21	40	36	24	29	28	24	22	27	21	30	34	30	33	38	38	33	26	21	29	29	28	24	24	34	38	22	34	27	31	22	25	36	26	32	38	22	33	37	39	34	36	21	38	22	23	40	32	37	32	35	24	24	28	20	38	32	38	40	30	25	39	40	33	40	33	27	28	22	32	33	34	31	35	35	26	30	21	22	40	20	30	33	26	36	39	24	29	37	36	26	29	20	37	33	31	37	39	30	32	39	40	26	40	36	39	24	25	30	28	32	38	30	26	39	37	39	20	35	34	30	23	27	36	24	32	30	30	24	22	39	24	28	40	30	29	39	37	21	40	27	33	30	27	35	33	31	35	23	32	27	26	32	27	30	24	25	36	26	25	39	23	28	20	23	40	25	39	30	37	28	30	32	24	28	38	33	23	32	33	28	24	20	31	21	30	30	38	30	27	34	32	26	25	26	23	25	29	25	23	20	31	38	25	27	32	36	30	27	35	28	25	36	36	30	22	21	20	26	23	40	33	25	33	28	22	33	28	33	36	39	40	27	24	31	29	23	28	39	34	36	28	39	34	25	35	35	36	31	37	34	24	33	37	39	23	29	26	29	38	30	31	31	28	27	21	21	22	38	28	25	25	37	26	25	20	32	32	30	25	39	30	33	23	34	24	31	31	34	36	28	20	34	26	23	33	25	30	38	27	35	34	22	26	38	22	30	22	27	38	22	23	28	40	36	36	39	37	31	26	31	22	23	38	21	29	37	21	23	27	25	40	32	26	37	38	24	30	24	26	21	20	32	29	39	37	25	28	39	37	31	24	40	33	23	25	30	37	32	30	34	25	25	28	40	22	35	37	34	26	22	29	38	31	33	33	25	35	33	33	30	39	26	33	23	39	20	34	37	34	35	27	34	24	40	29	20	23	25	24	37	24	26	32	21	27	33	21	27	40	21	37	32	26	24	22	32	40	30	36	39	35	26	21	25	21	40	23	25	26	22	38	23	29	35	32	28	30	39	27	32	37	31	22	25	26	39	28	30	25	32	37	25	23	27	36	20	37	27	27	26	32	25	38	24	26	22	23	24	38	38	37	34	30	26	33	37	30	21	38	26	23	40	29	29	27	39	26	37	22	36	37	25	30	28	26	30	29	23	28	30	21	29	25	20	34	25	28	22	24	28	34	40	33	34	24	40	23	34	39	23	36	34	33	27	33	24	40	31	28	24	23	31	27	35	36	23	31	24	26	39	33	26	40	34	25	36	23	33	37	26	32	25	24	40	25	30	36	35	27	38	37	40	23	33	20	29	30	33	30	34	27	24	30	28	30	26	32	31	35	28	21	37	27	40	20	21	22	29	20	21	22	28	32	23	30	23	35	39	38	20	21	34	21	28	40	37	20	34	40	35	34	29	21	26	33	36	34	20	20	22	36	36	22	38	35	35	33	21	33	23	33	22	24	29	36	21	20	37	26	25	27	27	23	25	24	28	30	39	24	30	28	27	31	40	36	24	30	29	34	22	23	38	26	22	38	22	22	36	32	37	22	27	26	36	26	34	27	23	37	25	40	31	26	20	35	34	32	33	23	25	35	32	29	21	24	32	20	20	20	27	20	29	40	36	23	21	30	32	35	25	34	25	29	30	32	27	29	25	32	34	20	25	33	28	23	29	32	26	23	23	20	32	30	37	25	20	22	30	38	24	21	35	30	31	33	21	26	30	35	20	25	30	32	23	34	31	40	36	23	24	27	26	38	37	27	32	35	33	30	30	25	28	31	25	21	24	31	24	33	40	24	34	20	32	39	31	30	22	36	33	34	29	38	34	27	22	23	36	39	37	25	26	34	33	31	38	36	38	33	35	33	26	35	39	27	38	38	38	28	35	22	36	38	40	39	29	24	20	38	20	37	23	33	29	32	36	31	33	24	33	39	31	35	27	21	37	26	30	30	30	38	30	20	31	27	23	37	31	32	30	29	29	40	35	25	31	22	21	31	37	33	22	36	29	35	27	26	27	35	27	25	35	20	28	36	26	21	27	31	35	33	32	36	21	22	23	35	33	28	27	30	38	25	29	26	35	29	36	38	24	34	39	32	39	26	27	32	20	31	39	24	20	26	25	39	22	33	38	20	20	37	29	27	29	37	23	38	29	31	39	33	29	33	30	33	31	29	20	27	24	30	24	33	33	24	26	28	22	21	37	34	22	31	39	22	32	23	36	29	25	25	23	38	35	33	29	21	23	39	28	38	21	36	40	27	30	21	34	23	34	23	37	34	40	35	40	25	40	26	23	25	32	25	36	24	23	31	21	23	30	32	37	39	35	22	36	39	36	33	21	23	30	26	22	27	37	34	29	36	25	21	31	39	36	35	33	26	34	28	33	23	33	20	21	23	36	33	37	34	33	34	31	40	39	20	23	38	37	24	24	33	38	32	28	34	36	22	24	33	33	21	23	35	31	24	20	38	27	21	26	23	34	35	23	26	27	34	36	32	40	37	22	36	30	39	32	26	34	29	35	32	29	24	39	22	31	29	32	27	28	38	28	28	26	36	22	40	36	29	26	29	39	39	20	36	36	38	27	30	23	32	35	36	29	34	28	32	30	40	31	30	34	39	25	26	30	27	27	34	33	21	23	20	22	33	36	20	36	38	23	20	25	32	35	34	40	31	25	29	24	22	37	32	23	24	37	37	40	36	26	20	36	26	32	25	37	35	25	32	31	21	25	30	20	25	38	22	22	33	38	24	32	40	24	26	32	24	38	31	30	34	31	31	22	26	21	22	35	20	26	25	27	38	22	36	35	28	28	31	23	20	23	26	29	36	33	37	39	20	27	28	26	20	25	32	30	24	36	23	32	31	23	24	33	27	40	30	37	34	23	25	24	23	20	37	25	25	25	37	38	30	28	26	23	34	20	35	35	20	34	36	28	22	39	36	21	34	34	20	32	26	20	38	24	22	32	32	22	22	32	24	31	20	24	26	21	34	38	39	29	25	24	29	31	30	23	32	34	25	35	37	30	21	38	21	38	35	20	35	32	24	31	33	38	40	26	26	35	23	31	22	20	34	40	31	21	29	37	30	23	25	27	39	30	33	38	34	25	21	39	31	28	32	38	33	25	24	25	38	23	25	21	25	37	21	34	25	25	22	40	38	31	35	28	26	31	25	23	36	20	40	24	34	33	35	39	38	20	37	25	40	22	27	20	26	30	23	26	39	23	25	24	39	30	22	35	37	37	24	27	37	33	36	38	20	25	22	21	33	39	26	35	39	37	40	40	37	23	30	28	22	37	20	28	32	33	32	24	22	38	21	39	37	39	40	32	32	32	21	32	37	31	20	33	38	29	29	35	28	29	21	36	23	25	37	20	25	38	37	26	23	30	33	35	36	35	28	25	38	30	24	20	22	28	21	22	25	39	33	22	34	28	28	39	33	37	35	39	20	21	33	33	37	27	24	34	23	27	35	25	26	36	30	30	20	34	26	35	32	33	20	29	40	33	38	28	22	39	39	27	33	25	31	34	22	22	20	39	36	25	24	30	28	26	28	40	25	39	29	33	37	27	32	31	31	26	20	36	39	24	36	23	26	38	32	26	33	37	22	40	35	33	35	25	29	20	28	37	40	34	33	36	26	39	38	29	27	28	37	38	20	27	29	24	27	24	37	27	33	31	39	21	21	32	26	26	35	33	40	28	32	27	32	31	23	38	33	38	32	24	24	31	40	36	34	40	28	26	37	34	35	32	33	34	33	23	24	31	30	30	21	21	25	33	23	25	29	23	20	33	32	22	23	33	35	36	25	34	34	24	32	23	39	26	26	21	22	28	26	29	28	26	34	30	33	39	29	34	37	23	20	23	26	38	37	40	38	35	35	23	29	40	26	21	21	28	27	35	22	33	20	26	26	36	35	37	20	23	24	28	22	25	23	36	26	30	40	38	23	20	20	27	33	30	20	36	23	39	40	37	30	24	29	38	33	39	29	32	34	30	23	39	33	34	31	26	39	32	22	23	34	33	34	21	40	40	31	32	37	31	37	25	20	29	20	21	31	21	39	40	31	30	23	29	27	40	25	23	27	39	25	39	29	20	22	23	26	26	25	40	39	26	23	30	23	36	24	36	26	39	38	22	38	39	26	23	23	34	23	34	26	38	39	23	28	21	29	22	25	31	22	36	29	38	25	36	40	39	29	36	32	24	23	26	27	35	27	25	35	40	25	34	40	22	30	31	30	32	29	31	21	22	20	25	40	26	34	27	39	37	37	40	33	25	30	34	23	29	28	39	40	21	34	40	26	25	30	36	26	38	25	39	21	39	36	38	25	25	38	27	21	37	36	37	22	36	40	36	32	38	39	26	37	35	32	30	33	29	39	34	23	39	33	22	24	36	26	25	20	36	30	31	33	35	31	20	30	22	21	36	26	31	20	35	25	40	35	34	31	26	26	22	33	38	28	27	35	27	25	22	20	32	36	32	26	38	20	26	24	40	25	24	24	28	29	32	23	23	30	22	40	25	28	31	34	27	24	22	25	26	29	29	38	20	36	40	31	37	37	37	23	34	25	20	24	36	26	37	24	26	35	27	30	23	40	23	25	20	25	25	28	26	26	27	29	28	39	31	35	21	25	25	30	27	39	24	27	23	29	24	26	36	23	24	29	39	36	39	26	26	26	33	35	28	32	21	27	36	28	23	30	38	39	40	20	39	31	29	31	22	32	34	28	39	33	30	28	23	40	25	28	38	30	29	32	20	38	29	32	24	38	22	34	34	22	38	37	22	35	33	26	36	30	28	21	22	31	23	25	30	34	36	30	40	24	25	32	21	21	27	28	27	31	28	35	24	34	24	27	33	24	23	34	35	25	26	20	22	20	20	21	34	39	32	31	30	32	25	32	27	27	25	28	25	37	34	35	28	21	30	29	29	34	40	32	35	35	37	20	36	29	25	35	22	24	38	31	34	29	39	24	23	26	36	24	32	23	29	35	32	35	38	28	33	20	24	31	35	20	36	38	25	27	29	37	29	26	40	40	32	29	30	23	31	37	28	21	28	33	39	40	24	27	38	38	39	26	36	27	38	30	30	22	38	22	28	26	26	40	39	24	25	36	29	33	23	30	40	32	28	21	24	22	27	23	36	20	25	25	24	36	22	39	27	26	28	38	26	22	37	27	27	37	40	32	20	33	21	34	27	36	31	30	27	20	37	37	27	25	36	35	33	31	37	23	21	36	21	27	35	24	33	37	34	36	23	25	21	20	26	32	28	30	39	22	27	34	38	32	22	29	34	37	20	36	27	39	33	22	33	36	38	31	36	31	38	20	37	31	29	36	39	38	40	35	24	40	22	35	28	22	27	38	21	38	22	39	21	21	20	32	22	30	31	34	25	33	35	30	27	40	20	30	37	27	26	30	21	39	38	20	30	38	37	23	28	30	30	38	26	32	35	30	24	33	26	32	37	38	22	28	35	39	25	30	24	31	38	25	39	33	22	40	22	26	21	32	38	40	34	23	37	40	40	22	26	40	40	24	30	33	25	29	20	24	28	28	32	30	31	20	21	39	29	34	27	25	34	29	32	31	37	37	32	21	38	20	28	33	22	30	38	29	40	24	38	38	33	21	23	33	32	28	31	40	20	32	30	20	37	25	33	31	24	36	27	24	28	31	22	20	39	28	35	34	29	33	35	35	23	30	37	28	28	20	28	29	40	31	40	24	20	21	32	29	40	39	34	39	26	24	40	33	32	30	29	38	33	26	30	39	23	33	33	39	25	22	34	23	37	24	30	22	28	22	23	22	26	39	22	39	31	21	23	38	39	35	34	20	25	31	39	24	38	21	20	28	33	34	35	26	24	29	20	40	25	34	37	25	35	21	37	34	26	20	37	37	30	29	21	33	26	39	28	27	36	36	25	22	36	40	30	23	24	26	25	29	35	33	23	32	36	31	27	34	33	33	40	27	38	37	35	22	37	21	39	22	27	33	28	25	31	24	29	27	21	25	38	28	27	28	38	40	27	20	38	26	38	38	24	31	22	37	34	20	23	32	31	26	32	33	30	32	28	36	38	31	21	21	27	38	40	30	34	30	24	36	39	33	23	34	26	28	39	36	24	33	35	35	39	27	24	27	37	26	32	31	37	23	24	32	25	35	30	37	26	38	26	22	21	31	21	27	40	37	35	32	34	23	36	29	22	34	37	22	24	34	40	22	27	28	23	21	26	20	34	29	34	27	36	31	20	35	27	23	37	24	27	31	38	40	23	34	28	21	39	31	39	39	20	22	22	39	20	39	31	24	37	37	26	24	32	22	38	27	27	20	20	34	35	39	36	32	34	36	31	33	27	30	33	36	27	23	36	27	28	25	33	27	29	28	27	34	22	35	32	22	29	25	28	33	34	26	28	28	26	39	39	31	35	40	36	37	21	38	36	32	36	22	34	26	34	33	35	38	25	39	39	38	40	29	30	32	28	20	35	31	37	21	31	23	35	31	20	40	28	37	36	37	29	35	33	35	21	24	25	22	26	22	37	35	26	31	38	38	21	33	39	23	22	31	29	26	21	31	28	28	32	20	30	25	36	28	24	25	37	36	36	33	33	37	21	21	28	21	26	27	33	22	38	33	32	39	39	28	31	24	23	25	35	26	30	31	34	35	29	36	30	30	25	23	32	28	24	27	28	29	23	30	36	28	32	35	40	23	28	38	20	23	37	40	29	34	33	30	20	40	34	39	24	28	20	36	39	40	36	21	25	24	34	34	24	21	24	40	34	24	31	30	40	20	20	40	24	23	37	39	28	30	33	27	38	27	23	27	31	32	27	26	36	26	28	34	35	21	35	27	40	33	40	36	33	27	28	34	38	24	22	25	31	36	33	31	20	28	28	23	40	39	34	37	28	34	30	20	36	35	37	36	39	36	24	35	38	22	28	39	26	24	39	32	22	38	27	39	36	28	26	37	27	35	35	28	29	25	30	34	34	33	30	25	22	38	30	25	23	26	26	22	27	28	31	40	38	33	25	40	21	28	40	34	20	37	33	22	34	34	20	24	38	27	22	26	22	31	25	27	22	23	31	34	25	28	28	32	35	35	39	36	36	39	22	24	40	27	40	37	34	38	26	26	31	24	29	26	22	20	23	24	37	39	36	36	38	29	36	33	23	28	21	21	26	30	21	38	31	32	30	25	40	23	25	37	33	36	27	28	32	33	38	30	39	39	26	37	26	31	36	20	28	26	35	21	26	39	23	28	30	24	23	31	22	35	29	38	40	28	27	27	36	40	21	28	38	35	39	25	23	39	27	27	26	26	40	29	25	34	38	38	35	30	22	20	30	39	25	29	40	25	29	39	22	40	30	21	22	27	26	30	27	24	32	39	28	28	30	34	34	21	28	31	23	40	26	26	37	25	29	29	27	34	26	25	31	32	23	30	27	33	35	34	33	20	36	26	24	32	38	24	22	21	38	27	31	26	22	35	30	23	38	33	23	33	31	22	25	28	29	24	20	32	33	33	31	40	27	39	38	27	32	38	21	32	33	23	24	36	30	29	29	36	21	20	32	33	39	25	22	35	20	40	40	36	34	20	39	39	40	37	20	35	39	40	29	39	33	21	31	27	40	36	30	37	32	30	32	35	24	37	40	31	31	32	29	31	31	20	28	33	26	37	35	32	27	22	28	40	35	30	29	23	27	27	29	30	32	29	27	37	26	32	25	20	29	22	39	29	33	28	21	32	36	35	33	27	29	32	21	28	22	26	24	20	31	38	33	35	21	32	39	30	32	26	26	30	40	40	25	22	25	40	23	36	34	32	25	35	39	33	21	29	38	37	24	29	35	35	29	37	25	23	20	21	37	35	39	39	33	34	34	23	37	36	31	37	21	25	27	31	37	39	39	28	22	31	28	40	20	28	37	29	34	38	21	30	20	28	40	26	21	33	34	29	20	25	34	40	20	28	37	33	38	34	36	38	20	39	39	33	30	27	39	22	31	38	38	40	36	26	26	22	39	32	22	21	30	39	24	37	22	37	31	25	20	24	31	23	29	21	27	35	35	34	26	23	35	31	28	24	25	40	35	40	25	21	24	37	26	24	32	28	29	22	35	36	27	22	27	31	27	34	37	36	38	23	22	31	22	20	37	28	29	36	24	32	35	21	37	22	22	23	34	31	34	23	38	34	31	26	22	23	21	33	25	29	30	38	26	36	21	21	32	38	33	38	31	23	28	31	36	36	27	32	40	38	25	32	25	28	33	28	40	37	34	28	23	20	35	26	25	31	27	29	33	37	37	28	32	20	25	28	33	29	26	25	21	36	21	34	25	36	27	29	36	20	31	39	34	29	23	31	26	30	39	34	23	40	31	35	23	35	21	37	32	29	20	27	37	35	39	33	23	22	25	31	37	28	40	29	36	38	39	35	37	37	31	22	40	38	20	20	32	25	37	40	30	40	23	31	27	35	22	33	29	33	37	22	25	24	34	20	24	22	32	24	23	30	24	32	33	30	26	20	26	31	24	24	37	36	23	33	25	28	21	40	40	20	35	33	37	22	28	30	30	26	34	37	22	37	31	24	27	28	28	30	23	23	38	21	24	40	34	29	20	27	21	37	27	30	34	31	32	20	21	40	26	35	28	29	30	27	21	35	39	31	21	40	28	29	25	39	35	39	28	28	30	29	24	20	35	35	33	26	39	37	37	28	33	29	38	34	25	35	33	39	39	38	26	29	21	40	20	32	33	24	27	31	39	28	29	32	25	32	34	40	27	32	25	36	37	32	34	21	23	25	20	31	31	35	28	29	25	34	36	30	23	36	24	28	23	37	30	20	29	21	22	28	30	36	21	21	20	37	27	34	36	30	32	22	32	39	22	27	20	31	34	21	28	33	28	36	34	32	28	35	39	23	35	25	30	29	35	35	36	29	29	33	33	36	34	20	33	30	37	26	24	31	35	21	40	25	37	40	27	26	37	23	36	40	30	36	38	29	37	33	30	35	27	36	26	33	34	40	25	27	31	21	21	23	24	33	27	20	26	31	28	40	37	22	25	26	35	25	23	37	34	22	37	25	36	22	31	35	32	32	30	23	25	36	28	28	31	31	27	30	22	38	34	37	29	20	33	33	23	26	25	30	23	33	26	39	22	35	26	27	28	37	21	22	27	24	23	24	36	39	39	20	34	31	35	30	27	40	39	33	37	24	39	40	29	21	21	36	26	38	35	21	38	37	20	39	24	22	36	31	24	24	25	37	26	29	21	32	24	36	28	39	29	24	21	26	33	34	34	35	22	25	28	37	40	22	39	28	30	25	30	27	37	29	37	36	20	23	37	27	22	30	26	28	27	40	40	27	37	35	39	34	30	33	22	40	29	34	27	25	24	36	23	24	36	37	30	33	38	29	25	28	20	26	22	34	30	27	20	23	24	26	34	26	32	22	34	33	34	21	22	21	35	29	24	21	34	35	30	24	39	22	37	22	20	38	26	20	34	
12	41	12	50	37	28	12	43	48	29	10	50	15	33	13	42	27	25	41	50	30	14	44	17	25	41	21	16	37	33	45	31	18	39	46	16	28	29	24	31	39	44	31	45	31	44	20	14	44	49	21	19	29	41	16	30	35	17	16	16	39	28	20	41	21	17	20	23	24	21	39	22	48	50	42	49	34	43	49	38	39	43	48	47	21	44	18	47	43	10	36	41	15	18	37	21	36	40	14	14	10	20	31	39	45	24	33	20	16	12	39	15	16	15	17	33	39	20	10	39	41	34	50	48	49	28	45	35	23	32	27	28	17	20	10	41	34	45	21	39	33	42	18	25	10	40	10	18	25	28	17	26	11	16	14	38	31	24	20	42	29	11	26	17	12	49	46	19	49	24	46	49	36	24	25	28	43	34	33	43	35	10	20	21	11	20	20	43	36	22	43	41	14	33	50	20	36	19	35	14	32	50	34	49	49	26	17	48	18	13	13	17	20	14	45	32	41	22	24	13	39	38	41	48	34	31	36	30	21	29	15	17	48	16	25	38	13	44	45	10	48	43	22	13	45	24	32	11	33	21	45	22	21	47	11	39	40	23	14	45	43	34	27	19	40	11	27	41	36	23	34	20	27	49	37	31	20	37	48	20	13	49	30	36	17	15	44	28	38	14	42	48	42	19	48	29	30	19	48	25	18	50	14	38	27	39	14	12	34	39	42	29	45	32	39	38	49	49	16	24	38	31	37	49	35	41	34	20	11	46	37	12	33	29	13	12	23	45	44	47	45	36	22	27	30	19	28	19	10	33	26	18	46	39	38	28	13	26	27	42	39	37	20	45	14	47	20	25	49	34	45	45	28	12	37	16	50	33	39	29	25	33	23	50	13	12	23	28	40	38	33	46	25	30	28	32	26	49	42	28	45	13	23	38	16	23	13	49	22	10	37	10	25	47	16	22	44	50	22	38	28	44	20	21	23	18	28	14	19	31	48	10	37	39	28	17	33	37	30	23	37	37	32	33	26	27	20	15	33	45	11	19	22	19	38	41	26	40	19	22	19	20	27	45	47	14	27	23	12	19	48	42	18	49	31	26	39	12	26	20	21	12	29	33	25	30	34	33	17	39	18	49	49	30	45	20	19	27	11	47	27	44	33	14	41	31	32	12	18	36	42	37	23	42	45	49	10	32	27	20	20	31	15	12	10	38	12	38	16	12	27	48	20	36	43	32	15	29	36	41	47	47	35	15	31	35	48	18	50	10	14	34	19	23	27	15	40	49	17	18	32	18	11	49	24	45	27	26	28	10	49	46	28	38	45	38	19	41	23	11	39	12	45	34	45	30	12	28	17	40	26	33	39	36	36	17	45	13	25	16	39	41	49	34	15	16	40	46	11	34	42	21	17	23	38	20	23	38	19	41	38	34	40	43	31	24	35	18	44	29	22	14	24	13	15	38	10	47	26	39	49	29	39	46	33	16	40	24	45	44	38	44	12	31	25	28	21	48	40	10	34	35	49	31	15	17	16	49	20	47	44	17	16	44	47	38	37	31	20	28	27	41	13	30	38	22	29	30	12	33	27	25	49	31	32	16	27	26	49	17	35	41	20	11	18	12	32	27	11	20	16	50	18	27	16	39	25	48	12	50	49	36	37	31	22	50	11	41	10	16	24	33	48	45	35	14	15	30	43	24	22	23	28	22	25	18	14	29	29	50	13	36	44	32	35	42	27	49	35	17	31	13	47	39	25	25	15	25	22	25	46	41	19	31	42	26	40	39	15	25	10	37	48	21	28	37	21	17	47	11	29	33	31	13	28	33	47	47	50	26	22	11	42	47	19	34	37	12	46	24	27	17	15	32	27	47	18	27	45	38	24	36	44	23	33	42	14	48	16	36	17	26	48	15	38	34	13	34	32	30	27	11	41	14	35	44	48	21	36	48	31	23	23	48	28	35	22	35	15	34	30	49	45	16	33	34	33	41	15	21	24	22	46	36	22	47	23	46	36	17	25	44	20	27	27	22	39	21	21	38	28	32	38	20	11	18	42	10	35	43	19	27	22	18	14	14	29	27	25	15	24	36	28	22	20	27	28	14	35	11	13	28	22	34	24	47	14	43	26	11	10	15	47	19	26	19	28	11	11	17	42	38	19	26	49	48	31	46	41	10	24	48	39	28	45	38	13	23	44	40	50	34	41	23	34	13	10	25	40	43	26	34	16	19	37	20	32	38	18	34	50	48	46	40	16	37	13	27	18	37	27	41	15	12	44	24	21	26	48	18	22	35	32	21	44	13	29	19	17	17	22	32	45	30	36	18	35	49	18	10	41	32	13	37	27	45	36	11	22	22	23	48	49	44	28	50	36	29	43	12	21	11	20	40	10	44	25	25	19	19	16	19	16	15	49	27	19	33	16	23	31	27	36	15	22	13	31	38	15	40	45	41	25	48	50	31	10	35	21	50	44	14	17	37	15	43	12	45	33	26	32	43	11	48	34	33	47	22	31	10	39	32	45	16	14	49	30	22	19	18	32	13	10	42	18	30	14	50	33	49	11	39	44	31	15	20	26	29	26	22	45	24	26	42	31	40	10	44	50	47	38	32	15	17	32	35	38	22	44	11	29	30	41	46	18	26	47	39	12	26	22	13	31	11	32	15	22	50	48	26	37	46	41	19	21	23	33	20	24	13	39	24	49	20	10	15	35	21	10	49	16	24	28	19	29	23	40	47	16	19	27	43	29	19	11	47	16	30	16	43	36	44	33	14	11	50	47	43	20	46	27	48	21	23	50	47	47	41	33	24	29	39	46	29	35	39	13	22	49	28	36	30	30	15	48	47	12	49	12	40	24	12	21	12	33	37	17	40	20	23	43	10	44	49	13	32	13	24	39	28	28	10	43	16	16	18	27	39	43	30	29	38	45	49	27	14	29	43	15	46	11	44	14	46	45	50	36	37	22	15	32	21	43	15	22	38	32	33	36	33	39	11	22	19	18	49	35	44	50	23	37	31	46	21	42	41	30	43	14	17	50	26	46	19	29	36	37	31	38	20	24	18	40	47	33	10	47	31	21	13	11	18	16	29	42	18	37	45	32	49	14	21	33	34	42	46	17	21	21	21	49	11	48	19	45	24	36	49	34	48	49	11	45	20	35	46	30	11	23	31	35	37	26	33	44	21	26	18	24	45	47	13	34	38	10	43	30	14	14	28	21	29	28	11	26	18	28	50	36	16	24	49	28	31	25	10	16	19	31	41	49	34	27	25	23	29	23	42	27	10	32	24	38	36	16	30	13	45	17	15	50	32	23	40	21	20	36	18	31	28	40	10	50	10	16	30	23	37	21	14	10	43	41	25	29	39	44	34	47	28	27	48	39	49	43	13	30	14	40	32	15	48	45	22	34	16	38	36	44	40	47	16	20	40	23	23	24	18	15	49	43	31	41	33	11	28	37	32	35	46	40	27	50	20	20	43	11	41	34	28	42	11	23	23	15	15	36	27	42	16	34	39	11	13	10	36	47	50	19	15	14	14	40	20	19	26	30	15	29	46	39	20	36	32	24	10	12	17	30	10	31	22	42	30	39	15	41	14	32	14	22	35	15	42	34	48	13	25	26	20	37	11	35	20	23	31	43	34	10	39	29	31	49	37	24	20	45	10	24	24	15	36	20	10	36	49	44	23	32	40	32	50	11	20	45	13	36	20	43	29	50	30	16	14	45	44	43	44	38	16	43	17	36	42	46	45	46	33	23	34	41	29	32	21	32	30	45	36	17	50	26	11	15	31	24	24	44	50	11	16	15	15	22	34	12	22	41	26	43	50	16	15	40	35	39	48	26	34	26	34	40	21	17	28	37	33	18	29	29	39	24	12	36	39	36	49	42	10	31	17	34	27	26	23	37	48	14	40	33	31	21	21	38	24	29	14	33	27	40	12	16	18	32	21	48	15	25	46	43	28	48	36	29	38	25	24	41	50	13	39	29	43	44	14	44	42	46	35	11	12	32	11	13	44	11	37	29	48	23	23	23	11	16	38	26	40	48	43	49	18	19	43	45	22	39	21	32	32	29	48	20	22	50	21	19	10	42	33	49	47	45	14	14	25	18	50	32	16	26	15	20	48	15	17	48	25	29	24	35	27	23	46	19	15	36	38	32	13	10	49	44	12	42	17	40	19	28	45	48	17	35	27	22	17	34	38	45	27	14	31	27	27	21	27	46	14	32	16	21	22	29	28	14	26	30	16	10	25	38	41	49	23	15	46	34	48	50	30	37	26	34	18	18	23	16	16	37	19	12	25	43	17	40	37	47	37	40	26	46	10	21	43	24	26	33	24	33	50	14	50	40	15	16	31	38	47	12	20	32	29	32	16	47	50	37	22	21	28	47	15	10	40	12	37	24	36	38	50	18	14	32	22	44	34	48	24	21	18	12	23	30	37	11	48	40	19	33	27	33	17	11	39	15	41	34	28	15	42	37	49	39	22	47	14	16	41	48	34	41	39	38	32	48	33	46	36	32	49	13	50	24	18	30	32	19	26	29	34	45	27	32	46	20	24	31	32	14	20	24	46	40	38	24	13	35	17	38	45	21	47	50	26	21	31	44	10	39	47	21	37	24	42	36	48	43	11	27	10	19	42	17	27	42	47	36	41	50	21	20	20	47	15	44	10	21	47	37	30	33	44	43	37	18	35	34	31	26	24	50	45	16	36	42	41	30	16	32	41	40	35	16	40	13	24	12	28	25	34	33	26	50	25	18	48	48	30	25	18	25	13	10	41	45	32	40	47	37	19	19	20	32	11	41	38	22	25	26	37	48	15	24	46	48	24	40	24	19	37	17	17	40	10	45	36	23	23	46	36	28	13	31	44	48	39	46	41	20	19	39	22	31	22	26	23	35	31	23	34	43	36	41	35	29	23	15	46	39	31	42	48	45	40	49	38	32	19	14	13	28	27	15	29	10	23	38	25	10	36	50	32	13	37	41	15	42	27	44	13	12	32	42	27	21	32	25	18	15	33	10	22	31	19	36	43	37	41	26	17	31	32	31	23	44	23	39	14	44	30	47	37	40	42	40	19	39	48	16	50	38	31	17	24	19	25	37	30	26	26	23	47	47	27	45	34	20	24	20	39	44	23	34	42	31	27	18	50	23	30	44	50	43	44	18	43	40	38	40	48	38	28	13	26	34	44	20	20	30	50	47	33	42	47	21	44	43	21	50	46	47	49	20	43	21	33	46	15	31	47	39	38	50	29	18	34	23	41	11	40	43	10	32	36	35	43	30	49	34	13	18	21	12	33	42	45	21	38	34	37	13	13	16	40	30	29	22	14	31	11	44	44	16	10	29	39	32	43	45	11	44	37	48	43	24	46	18	31	42	41	47	33	12	16	35	38	48	20	17	14	16	35	28	23	38	48	32	41	41	24	17	50	40	50	31	26	26	38	23	40	10	42	45	21	17	30	31	40	41	32	18	17	27	12	19	50	37	11	22	35	30	32	43	27	39	45	40	28	48	19	23	24	16	31	34	15	38	33	35	28	47	34	50	32	31	35	41	20	42	37	25	10	28	44	24	30	22	21	10	34	27	10	49	31	16	10	47	42	41	46	41	19	25	40	30	24	18	44	45	11	31	42	13	50	12	10	43	36	15	50	14	17	33	44	44	36	28	42	26	17	34	21	13	11	34	18	47	27	46	38	13	50	43	27	29	21	32	35	15	28	48	43	35	26	35	48	33	14	33	13	36	46	48	47	33	39	30	41	11	39	32	19	12	28	44	25	48	39	35	37	32	45	17	30	46	37	48	45	47	13	16	37	28	15	26	17	45	17	23	27	29	35	25	50	15	36	44	25	10	21	39	16	27	38	34	22	50	23	23	35	29	17	17	23	17	30	33	29	21	12	42	40	41	40	24	48	23	15	32	37	23	40	43	45	24	39	34	31	20	43	48	19	36	42	35	11	26	24	12	16	28	40	33	39	40	29	46	15	10	24	24	35	36	13	47	24	48	49	16	36	29	20	19	50	17	45	38	26	49	38	35	29	24	27	16	15	32	40	40	14	41	18	30	26	34	47	25	12	48	25	29	18	44	30	38	24	29	19	32	26	18	22	27	16	17	28	18	50	27	27	14	44	17	33	39	34	30	35	18	22	31	23	31	49	33	22	10	46	33	12	17	11	48	17	39	43	39	28	30	12	23	28	17	25	11	24	26	28	27	16	26	24	48	20	30	40	43	28	14	34	42	31	33	45	40	47	28	44	40	34	26	24	28	27	17	29	49	18	33	29	29	24	14	40	23	31	25	39	15	15	42	21	40	19	15	13	27	45	43	35	28	13	39	36	49	40	11	38	22	29	26	47	30	25	32	29	30	31	33	39	25	41	36	37	11	33	44	31	15	20	42	14	43	38	43	30	37	33	40	28	45	25	44	15	11	36	47	32	43	35	44	20	23	38	29	33	18	39	47	39	37	37	41	24	20	26	38	16	17	22	39	15	28	29	15	22	48	21	50	40	22	11	24	34	15	15	28	18	14	21	21	46	44	20	41	45	32	34	24	33	11	32	39	39	18	41	19	19	31	15	15	35	14	24	33	20	42	36	40	15	21	18	16	34	10	19	31	46	11	47	16	14	12	19	16	17	47	11	31	47	27	48	24	26	20	40	19	21	30	36	25	25	14	23	31	43	50	25	37	19	33	29	15	50	26	10	10	24	27	30	11	48	26	31	45	45	24	33	31	27	29	23	30	37	27	34	33	34	15	47	49	26	38	38	18	50	22	29	29	18	13	21	30	20	13	12	34	42	30	21	36	37	35	11	24	11	50	35	30	38	20	50	42	37	11	49	34	46	39	24	40	21	29	11	31	46	10	48	50	49	40	19	33	44	10	17	45	11	49	42	22	37	16	49	49	41	16	38	31	38	44	29	33	35	26	14	15	27	33	41	42	25	37	34	39	37	18	17	12	46	17	21	15	40	50	30	45	22	44	10	47	17	44	19	25	50	28	39	12	11	43	22	19	11	36	49	44	18	42	25	22	25	26	29	18	38	32	40	29	28	21	32	10	15	31	33	15	33	18	18	38	22	44	32	28	30	38	41	15	17	23	50	35	13	10	50	30	21	27	12	40	11	28	29	40	41	30	23	11	41	10	10	21	20	39	29	28	41	49	16	42	36	28	24	16	49	35	41	50	32	27	46	15	42	41	18	32	27	22	28	12	41	48	29	41	35	50	29	27	44	20	31	42	15	30	14	39	20	50	27	13	11	47	33	25	40	10	22	18	23	32	40	26	15	23	11	23	18	44	16	34	20	25	19	31	44	29	37	46	22	39	24	41	49	29	32	46	29	40	40	13	11	43	50	20	12	41	11	41	20	29	29	14	12	38	39	42	25	10	48	29	14	18	48	11	46	47	49	36	16	34	24	18	41	47	18	34	25	44	38	38	21	13	20	40	19	42	15	41	38	28	32	35	47	27	24	20	10	43	17	43	26	46	14	30	22	28	15	26	35	24	33	44	22	27	29	39	23	30	13	45	35	25	47	24	10	32	50	18	39	41	45	27	16	38	24	18	18	40	34	22	50	36	37	28	47	47	38	26	33	15	48	35	14	42	16	12	36	35	28	22	27	24	48	36	29	24	39	29	30	35	41	44	13	33	41	38	21	31	23	33	31	31	47	37	41	46	48	38	34	49	38	22	29	16	18	28	45	27	25	31	24	28	11	27	46	38	13	31	18	37	32	36	49	20	25	50	42	28	25	21	36	17	32	35	13	41	37	19	24	32	40	24	15	21	33	11	25	34	40	17	20	46	40	35	14	47	39	32	48	44	14	49	34	14	49	29	43	41	46	42	40	29	16	46	12	27	49	45	25	45	26	35	46	11	22	27	40	45	22	23	11	12	14	50	35	12	32	33	45	49	22	31	50	44	11	25	38	30	36	14	27	13	26	19	26	27	35	21	27	15	24	49	43	40	16	21	13	45	29	24	44	39	44	17	15	50	32	17	11	13	41	31	39	43	49	43	43	38	13	26	25	22	37	50	23	10	19	13	27	15	15	42	39	44	31	17	38	38	23	45	13	41	39	40	13	47	36	41	16	34	46	48	16	31	50	42	22	45	49	32	50	17	15	45	30	38	15	29	30	34	39	13	35	34	46	22	12	39	28	11	48	40	34	37	50	43	23	35	42	48	29	38	42	12	36	50	31	22	20	22	39	19	38	32	27	28	37	44	12	43	48	36	26	40	35	10	27	42	29	18	22	33	27	28	10	16	44	48	18	43	20	44	49	19	13	39	21	34	28	14	29	19	41	40	24	15	15	49	20	50	10	49	14	33	39	21	10	10	23	13	16	20	24	44	17	25	13	31	17	17	35	22	21	14	35	42	22	32	22	37	38	42	23	45	40	30	18	46	10	20	30	27	24	40	23	39	26	10	43	49	47	11	23	36	38	20	34	22	30	31	49	24	22	10	42	14	17	50	13	49	33	36	40	16	33	24	49	27	18	41	47	20	29	38	10	21	11	19	34	46	31	47	21	42	44	19	44	46	20	43	38	50	47	33	10	20	34	27	12	18	32	26	41	32	36	50	11	50	24	37	12	24	32	11	27	24	33	20	35	49	47	14	19	27	35	13	15	47	17	41	41	10	20	23	33	45	27	21	10	17	35	15	23	45	16	40	11	11	20	19	31	40	50	48	23	28	36	12	21	14	34	40	31	20	21	32	46	24	26	16	14	44	34	27	44	43	16	24	19	11	28	17	47	18	18	36	14	42	42	41	44	21	25	25	29	37	28	17	38	10	31	19	30	16	14	47	48	42	39	39	27	33	16	38	28	41	35	43	10	47	12	34	18	15	40	34	27	30	39	13	43	21	34	20	42	14	15	17	12	26	27	25	19	24	25	15	12	48	18	28	25	49	10	13	32	14	11	36	25	47	37	10	19	13	35	44	16	14	36	19	23	25	22	40	34	43	46	13	33	26	21	40	44	40	46	44	29	49	29	46	37	14	23	25	30	19	25	33	17	47	11	20	26	17	22	42	24	17	38	34	38	46	14	29	25	35	27	29	16	23	34	47	49	12	36	39	11	22	45	11	13	39	39	11	17	32	10	16	28	16	24	41	31	34	36	50	32	26	27	40	50	40	37	31	17	39	28	37	10	23	45	35	28	39	19	16	41	45	18	48	21	17	45	36	41	48	30	24	32	37	37	11	24	36	28	45	15	32	29	10	44	10	48	22	19	46	26	18	44	16	15	18	29	19	10	25	20	37	35	15	10	10	48	17	36	17	30	49	43	21	41	22	13	10	31	29	11	36	18	41	44	34	31	21	25	31	42	50	15	50	44	29	44	10	29	39	20	15	11	26	11	32	44	17	39	46	49	48	11	40	36	36	32	15	17	50	49	50	18	44	44	13	47	25	47	29	42	20	33	15	34	41	30	45	49	49	24	19	20	13	44	34	20	17	49	10	47	48	44	44	34	40	40	48	11	29	24	23	47	17	41	39	28	27	22	38	36	39	26	12	26	28	44	49	13	10	36	26	37	37	26	13	26	12	10	40	43	14	33	20	44	29	28	22	15	17	16	50	47	33	18	13	26	13	17	20	46	47	43	11	11	43	11	13	17	34	20	29	50	13	50	49	47	31	42	14	27	35	45	16	42	31	49	49	34	15	13	28	36	29	43	34	29	38	15	35	38	39	35	31	43	40	39	38	33	48	49	12	32	32	27	40	10	50	13	29	18	26	24	40	26	21	13	34	21	25	45	14	50	29	41	38	43	16	18	34	26	29	42	16	11	14	35	33	17	39	15	41	10	30	16	14	29	47	49	36	29	26	36	32	11	49	35	25	11	37	10	29	15	31	28	43	48	23	28	10	29	15	13	13	11	49	37	40	21	48	37	32	13	49	43	45	26	19	42	32	18	44	14	39	10	47	14	42	19	33	30	46	39	10	32	24	42	26	30	35	18	50	41	38	35	11	10	30	13	36	45	17	16	22	24	30	25	17	16	30	20	36	47	40	36	47	16	42	31	35	43	16	28	35	38	43	23	20	17	19	45	42	35	38	45	44	36	44	37	39	27	15	28	15	15	50	13	20	34	26	42	10	19	14	41	36	33	25	10	16	48	27	40	29	13	44	13	43	44	37	20	24	36	20	25	35	40	33	18	10	39	23	34	23	37	46	50	27	44	14	17	16	28	45	30	12	18	11	45	10	38	19	22	44	27	37	10	29	46	40	25	25	47	11	39	49	10	29	13	41	44	35	13	19	23	17	15	24	24	20	48	44	50	37	35	34	25	48	49	30	42	28	44	24	16	10	48	39	17	44	34	20	10	30	21	33	49	16	18	39	49	29	15	22	16	19	41	16	28	20	27	30	10	46	23	21	19	47	29	17	42	26	42	28	38	24	42	16	23	39	48	17	26	14	17	31	14	35	17	15	20	11	17	44	50	19	46	10	14	31	46	49	19	47	27	41	14	47	33	17	18	22	46	46	12	46	24	24	38	31	19	24	49	20	10	14	13	39	11	45	35	50	17	43	37	42	12	18	43	18	27	44	33	47	12	46	13	21	17	33	46	27	45	15	17	47	37	46	19	13	43	38	31	32	47	47	39	11	46	47	11	44	48	22	11	38	19	30	15	28	27	32	20	42	14	31	13	48	18	50	22	40	17	44	43	15	22	21	23	33	40	47	23	32	21	17	50	36	17	23	33	48	24	44	18	41	31	38	12	50	25	50	28	37	39	22	20	17	15	22	22	44	25	42	38	33	20	19	34	49	15	49	24	25	29	22	48	25	23	26	30	43	49	20	43	43	28	21	37	29	17	40	36	43	32	46	38	45	37	13	20	36	36	18	21	40	44	21	42	32	23	20	42	26	17	42	21	36	23	40	20	16	19	50	48	29	22	44	41	34	29	21	33	12	29	36	33	19	17	32	27	40	11	45	14	16	34	42	40	14	17	46	24	29	22	12	33	10	26	36	20	10	29	28	31	50	46	36	34	34	32	40	40	38	38	50	12	13	49	20	36	17	40	39	16	24	15	14	39	35	43	28	25	20	20	15	46	44	27	19	31	29	28	27	34	42	13	10	11	14	23	32	33	12	44	42	21	11	40	49	41	21	25	12	38	15	18	49	36	26	45	32	48	26	48	17	49	12	50	32	18	37	37	20	37	47	36	22	15	37	47	16	14	17	44	12	18	11	38	38	26	20	27	26	12	10	18	33	17	36	17	24	49	40	32	49	25	50	32	28	44	29	27	31	24	31	49	11	38	47	49	40	32	49	37	35	29	11	33	19	14	33	38	11	38	22	49	29	12	10	39	27	43	19	12	18	27	12	10	41	16	10	31	45	11	49	34	31	15	39	13	48	30	18	20	50	33	32	37	25	13	35	17	19	28	22	11	29	50	27	22	28	25	21	35	38	38	17	50	39	44	19	38	12	47	15	37	17	27	37	48	11	37	23	22	50	16	30	38	18	26	25	21	22	24	46	44	32	38	12	44	10	34	41	19	25	10	48	16	42	18	37	13	29	25	34	20	32	21	26	29	37	44	46	20	29	27	13	15	21	28	24	39	41	18	13	27	22	38	36	21	45	22	38	23	44	27	25	13	28	10	33	48	10	47	34	30	41	20	43	22	36	22	21	44	42	26	34	23	44	43	49	44	39	23	40	28	48	17	13	22	32	49	37	45	11	33	11	41	32	49	11	15	44	28	50	41	37	18	30	47	14	15	33	42	17	28	19	18	33	19	29	40	17	32	26	11	24	36	35	43	43	50	18	36	44	30	38	39	50	26	32	30	49	27	26	16	27	12	47	27	14	33	39	33	47	37	10	37	30	13	32	29	41	37	30	33	11	35	26	11	23	42	48	33	17	14	29	30	36	23	18	13	15	42	21	26	43	17	36	23	13	39	33	39	26	28	27	48	20	18	11	16	21	23	13	27	47	25	39	43	10	13	14	17	28	20	37	17	50	20	31	19	47	20	23	31	13	37	46	32	43	36	43	27	37	43	40	23	16	24	34	47	24	21	32	21	27	17	31	39	12	13	27	39	25	42	24	21	26	32	17	24	33	33	16	11	43	20	22	10	32	47	12	49	18	22	40	25	13	15	33	11	11	19	39	11	10	11	12	26	16	27	15	48	44	46	44	34	23	19	33	31	27	49	12	23	17	41	46	28	33	23	21	45	20	46	27	47	36	43	36	27	39	40	23	14	38	19	10	22	10	47	48	26	33	15	12	19	46	44	17	14	38	47	34	11	24	37	38	16	45	22	13	26	45	12	16	20	19	41	37	39	28	46	25	26	26	44	50	28	45	47	25	23	11	38	30	30	45	41	31	41	20	46	24	13	19	34	42	40	31	46	20	44	10	16	45	10	38	50	45	42	49	16	47	14	17	46	17	13	36	40	15	31	18	40	45	19	25	29	11	34	46	18	38	28	39	31	43	22	20	27	44	50	30	26	48	10	48	36	43	31	10	33	37	18	38	29	34	46	37	24	21	32	49	46	50	32	39	16	18	41	27	24	16	12	13	34	19	10	37	32	27	44	34	45	16	43	14	28	31	43	15	33	29	44	30	23	32	47	11	18	10	47	35	14	40	10	41	15	50	16	49	43	26	44	26	43	40	15	11	46	44	42	15	24	45	44	47	48	16	23	11	23	36	42	12	15	44	26	36	35	35	18	35	42	21	20	32	18	28	48	22	16	40	42	28	11	26	39	49	44	17	33	22	37	45	24	37	32	34	19	32	19	46	48	19	15	38	24	46	42	27	19	19	36	19	36	30	12	20	21	21	37	35	45	37	44	12	50	28	50	43	31	13	24	50	24	25	41	34	27	49	26	46	10	36	40	28	23	44	41	28	22	26	34	29	41	28	50	11	14	11	36	13	42	42	25	24	19	36	21	10	40	35	19	12	44	47	44	26	34	30	34	25	43	
0.5
80
