4998
120
0	48	0	0	0	0	0	0	0	0	0	0	0	96	0	0	0	0	0	0	0	0	0	0	0	0	0	0	0	0	0	0	0	0	0	0	0	0	0	0	0	0	0	0	0	0	0	0	0	0	0	0	0	0	0	0	0	0	0	0	0	0	0	0	0	0	0	192	0	0	0	500	0	0	0	0	0	0	0	0	0	0	0	0	0	0	0	0	0	0	0	0	0	0	0	0	0	0	0	0	0	0	0	0	0	0	0	0	0	0	0	0	0	0	0	0	0	0	0	0	
48	0	0	0	0	0	0	0	0	0	0	0	0	0	0	0	192	0	0	0	0	0	0	0	0	0	0	0	0	0	0	0	0	0	0	0	0	0	0	0	0	0	0	0	0	0	0	0	0	0	0	48	0	0	0	0	0	0	0	0	0	0	0	0	0	0	0	0	0	0	0	0	0	0	0	0	0	0	0	0	0	0	0	0	0	0	0	0	0	0	0	0	0	0	0	0	0	0	0	0	0	0	0	0	0	0	0	0	0	0	48	0	0	0	0	0	0	0	0	0	
0	0	0	0	0	0	0	0	0	0	0	0	0	0	0	0	0	0	0	0	0	0	0	0	0	0	0	0	0	0	0	0	0	0	0	0	0	0	0	0	0	0	0	0	0	0	0	0	0	0	0	0	0	0	0	0	0	0	0	0	0	0	0	0	192	0	0	0	0	0	0	0	0	0	0	0	0	0	0	0	0	0	0	0	0	0	0	0	0	0	0	0	0	0	0	0	0	0	0	0	192	0	0	0	0	0	0	0	0	0	0	0	0	0	0	0	0	0	0	0	
0	0	0	0	0	0	0	0	0	0	0	0	0	0	0	0	0	0	0	0	500	0	0	0	0	0	0	0	0	0	0	0	0	0	0	0	0	0	0	0	0	0	0	0	0	0	0	0	0	0	0	0	0	0	0	0	0	0	0	0	0	0	0	0	0	0	0	0	0	48	0	0	0	0	192	0	0	0	0	0	0	0	0	0	0	0	0	0	0	0	0	0	0	0	0	0	0	0	0	0	0	0	0	0	0	0	0	0	0	0	0	0	0	0	192	0	0	0	0	0	
0	0	0	0	0	0	0	0	0	0	0	0	0	0	0	0	0	0	0	0	0	0	0	0	0	0	0	48	0	0	0	0	96	0	0	0	0	0	0	0	0	0	0	0	0	0	0	0	0	0	0	0	0	96	0	0	0	0	0	0	0	0	0	0	0	48	0	0	0	0	0	0	0	0	0	0	0	0	0	0	0	0	0	0	0	0	0	0	0	0	0	0	0	0	0	0	0	0	0	0	0	0	0	0	0	0	0	0	0	0	0	0	0	0	0	0	0	0	0	0	
0	0	0	0	0	0	0	0	0	0	0	0	0	0	0	0	0	0	0	0	0	0	0	0	0	0	0	0	0	0	0	0	0	0	500	0	0	0	0	0	0	0	0	0	0	0	0	0	0	0	0	0	0	0	0	0	0	0	0	0	0	0	0	0	0	0	0	0	0	0	0	0	0	0	0	0	0	0	0	0	0	0	0	0	0	0	0	0	0	0	0	0	0	0	0	0	0	0	0	0	0	0	0	0	0	0	0	0	0	0	0	0	48	0	0	0	0	0	0	192	
0	0	0	0	0	0	0	0	0	0	0	0	0	0	0	0	0	0	0	0	0	0	0	0	0	0	0	0	0	0	0	0	0	0	0	0	0	0	0	0	0	0	0	0	0	0	0	0	0	500	0	0	0	0	0	0	0	0	0	0	0	0	0	0	0	0	0	0	0	0	0	0	0	0	0	0	0	0	0	0	0	0	0	0	0	0	0	0	0	0	0	0	0	0	0	0	0	0	0	0	0	0	0	0	0	0	0	500	0	0	0	0	0	500	0	0	48	0	0	0	
0	0	0	0	0	0	0	0	0	0	0	0	0	0	0	0	0	0	0	0	0	0	0	0	0	0	0	0	0	0	0	0	0	0	0	0	0	0	0	192	0	0	0	0	0	48	0	0	0	0	0	0	0	0	0	0	0	0	0	0	0	0	0	0	0	0	0	0	0	0	0	0	0	0	0	0	0	0	0	0	192	0	0	0	0	0	0	0	0	0	0	0	0	0	0	0	0	0	0	500	0	0	0	0	48	0	0	0	0	0	0	0	0	0	0	0	0	0	0	0	
0	0	0	0	0	0	0	0	0	0	0	0	0	0	0	0	0	0	0	0	0	0	0	0	0	0	0	0	0	192	0	0	0	0	0	0	0	0	0	0	0	0	0	0	0	0	0	0	0	0	0	0	0	0	0	0	0	0	0	0	0	0	0	0	0	0	0	0	0	0	0	0	0	0	0	0	0	0	0	0	0	0	0	0	0	0	0	0	0	0	0	0	0	0	48	0	0	0	0	0	0	0	0	0	0	0	0	0	0	0	0	0	0	0	0	0	0	0	0	0	
0	0	0	0	0	0	0	0	0	0	0	0	0	0	0	0	0	0	0	0	0	0	0	0	0	0	0	0	0	0	0	0	0	0	0	0	0	0	0	0	0	0	0	0	0	0	0	0	0	0	0	0	0	0	0	0	0	0	0	0	0	0	0	0	0	0	0	0	0	0	0	0	500	0	0	0	0	0	192	0	0	0	0	0	0	0	0	0	0	0	0	0	0	0	0	0	0	0	0	0	0	0	0	0	0	0	0	0	0	0	0	0	0	0	0	0	0	0	0	0	
0	0	0	0	0	0	0	0	0	0	0	0	0	0	0	0	0	0	0	0	0	0	0	0	0	0	0	0	0	0	0	0	0	0	0	0	0	0	0	0	0	0	0	0	0	0	0	0	0	0	0	0	0	0	0	0	0	0	500	0	0	0	0	0	0	0	0	0	0	0	0	0	0	0	0	0	0	0	0	0	0	0	0	0	0	0	0	0	0	0	192	0	0	0	0	0	0	0	0	0	0	0	0	0	0	0	0	0	0	0	0	0	0	0	0	0	0	0	0	0	
0	0	0	0	0	0	0	0	0	0	0	0	0	0	0	0	0	0	0	0	0	0	0	0	0	0	0	0	0	0	0	0	0	0	0	0	0	0	0	0	0	0	0	0	0	0	0	0	0	0	0	0	0	0	0	0	500	0	0	0	0	0	0	0	0	0	0	0	500	0	0	0	0	0	0	0	0	0	0	0	0	0	0	0	0	0	0	0	0	0	0	0	0	0	48	0	0	0	0	0	0	0	0	0	0	0	0	0	0	0	0	0	0	0	0	0	0	0	0	0	
0	0	0	0	0	0	0	0	0	0	0	0	0	0	0	0	0	0	0	0	0	0	0	0	0	0	0	0	0	0	0	192	0	0	0	0	0	0	0	0	0	0	0	0	0	0	0	0	0	0	0	0	0	0	0	0	0	0	0	0	0	0	0	0	0	0	0	0	0	0	0	0	0	0	0	0	0	0	0	0	0	0	0	0	0	0	0	0	0	0	0	0	0	0	0	192	0	0	0	0	0	0	0	0	0	0	0	0	0	0	0	0	0	0	0	0	0	0	0	0	
96	0	0	0	0	0	0	0	0	0	0	0	0	0	0	96	0	48	0	0	0	0	0	0	0	0	0	0	0	0	0	0	0	0	0	48	0	0	0	0	0	0	0	0	0	0	0	0	0	0	0	0	0	0	0	0	0	0	0	0	0	0	0	96	0	0	0	0	0	0	0	0	0	0	0	0	0	0	0	0	0	0	0	0	0	0	0	0	0	0	0	0	0	0	0	0	0	0	0	0	0	0	0	0	0	0	0	0	0	0	0	0	0	0	0	0	0	48	0	0	
0	0	0	0	0	0	0	0	0	0	0	0	0	0	0	0	0	0	0	0	0	0	0	0	0	0	500	0	0	0	0	0	0	0	0	0	0	0	0	0	0	0	0	0	0	0	0	0	0	0	0	0	0	0	0	0	0	0	0	0	0	0	0	0	0	0	0	0	0	0	192	0	0	0	0	0	0	0	0	0	0	0	0	0	0	0	0	0	0	0	0	48	0	0	0	0	0	0	96	0	0	0	0	0	0	0	0	0	0	0	0	0	0	0	0	0	0	0	0	0	
0	0	0	0	0	0	0	0	0	0	0	0	0	96	0	0	0	48	0	0	0	0	0	0	0	0	0	0	0	0	0	0	0	0	0	96	0	0	0	0	0	0	0	0	0	0	0	0	0	0	0	0	0	0	0	0	0	0	0	0	0	0	0	96	0	0	0	0	0	0	0	0	0	0	0	0	0	0	0	0	0	0	0	0	0	0	0	0	0	0	0	0	0	0	0	0	0	0	0	0	0	0	0	0	0	0	0	0	0	0	0	0	0	0	0	0	0	96	0	0	
0	192	0	0	0	0	0	0	0	0	0	0	0	0	0	0	0	0	0	0	0	0	0	0	192	0	0	0	0	0	0	0	0	0	0	0	0	0	0	0	0	0	0	0	96	0	0	0	0	0	0	0	0	0	0	0	0	0	0	0	0	0	0	0	0	0	0	0	0	0	0	0	0	0	0	0	0	0	0	0	0	0	0	0	0	0	0	0	0	0	0	0	0	0	0	0	0	0	0	0	0	0	0	0	0	0	0	0	0	0	0	0	0	0	0	0	0	0	0	0	
0	0	0	0	0	0	0	0	0	0	0	0	0	48	0	48	0	0	0	0	0	0	0	0	0	0	0	0	0	0	0	0	0	0	0	0	0	0	0	0	0	0	0	0	0	0	0	0	0	0	0	0	0	0	0	0	0	0	0	0	0	0	0	0	0	0	0	0	0	0	0	0	0	0	0	0	0	0	0	0	0	0	0	0	0	0	0	0	0	0	0	0	0	0	0	0	0	0	0	0	0	0	0	0	0	0	0	0	0	0	0	0	0	0	0	0	0	0	0	0	
0	0	0	0	0	0	0	0	0	0	0	0	0	0	0	0	0	0	0	0	0	0	0	0	0	0	0	0	0	0	0	0	0	0	0	0	0	0	0	0	0	0	0	0	0	0	0	0	0	0	0	0	0	0	0	0	0	0	192	0	0	0	0	0	0	0	0	0	0	0	0	0	0	0	0	0	0	0	0	0	0	0	0	0	0	0	0	0	0	0	0	0	0	0	0	0	0	0	0	0	0	0	0	0	0	0	0	0	0	0	0	0	0	0	0	192	0	0	0	0	
0	0	0	0	0	0	0	0	0	0	0	0	0	0	0	0	0	0	0	0	0	0	96	0	0	0	0	0	0	0	0	0	0	0	0	0	0	0	0	0	0	0	0	0	0	0	0	0	0	0	0	0	0	0	0	0	0	0	0	0	0	0	0	0	0	0	0	0	0	0	0	0	0	0	0	0	0	0	0	0	0	0	0	0	0	0	0	0	0	0	0	0	0	0	0	0	0	0	0	0	0	0	500	0	0	0	0	0	0	0	0	0	0	0	0	0	0	0	0	0	
0	0	0	500	0	0	0	0	0	0	0	0	0	0	0	0	0	0	0	0	0	0	0	0	0	0	0	0	0	0	0	0	0	0	0	0	0	0	0	0	0	0	0	0	0	0	0	0	0	0	0	0	0	0	0	0	0	0	0	0	0	0	0	0	0	0	0	0	0	0	0	0	48	0	0	0	0	0	48	0	0	0	0	0	0	0	0	0	0	0	0	0	0	0	0	0	0	0	0	0	0	0	0	0	0	0	0	0	0	0	0	0	0	0	0	0	0	0	0	0	
0	0	0	0	0	0	0	0	0	0	0	0	0	0	0	0	0	0	0	0	0	0	0	0	0	0	0	0	0	0	0	0	0	0	0	0	0	0	0	0	0	0	0	0	0	0	0	0	0	0	0	0	0	0	0	0	0	0	0	0	0	0	0	0	0	0	0	500	0	0	0	192	0	0	0	0	0	0	0	0	0	0	0	0	0	0	0	0	0	0	0	0	0	0	0	0	0	0	0	0	0	0	0	0	0	0	0	0	0	192	0	0	0	0	0	0	0	0	0	0	
0	0	0	0	0	0	0	0	0	0	0	0	0	0	0	0	0	0	0	96	0	0	0	0	0	0	0	0	0	0	0	0	0	0	0	0	0	0	0	0	0	0	0	48	0	0	0	0	0	0	0	0	0	0	0	0	0	0	0	0	0	0	0	0	0	0	0	0	0	0	0	0	0	0	0	0	0	0	0	0	0	0	0	0	0	0	0	0	0	0	0	0	0	0	0	192	0	0	0	0	0	0	48	0	0	0	0	0	0	0	0	0	0	0	0	0	0	0	0	0	
0	0	0	0	0	0	0	0	0	0	0	0	0	0	0	0	0	0	0	0	0	0	0	0	0	0	0	0	0	0	0	0	0	0	0	0	0	0	0	0	0	0	0	0	0	0	0	0	0	0	0	0	0	0	0	0	48	0	0	0	48	0	0	0	0	0	0	0	0	0	0	0	0	0	0	0	0	0	0	0	0	0	0	0	0	0	0	0	0	0	0	0	0	0	192	0	0	0	0	0	0	0	0	0	0	0	0	0	0	0	0	0	0	0	0	0	0	0	0	0	
0	0	0	0	0	0	0	0	0	0	0	0	0	0	0	0	192	0	0	0	0	0	0	0	0	0	0	0	0	0	0	0	0	0	0	0	0	0	0	0	0	0	0	0	48	0	0	0	0	0	0	0	0	0	0	0	0	0	0	0	0	0	0	0	0	0	0	0	0	0	0	0	0	0	0	0	0	0	0	0	0	0	0	0	0	0	0	0	0	0	0	0	0	0	0	0	0	0	0	0	0	0	0	0	0	0	0	0	0	0	0	0	0	0	0	0	0	0	0	0	
0	0	0	0	0	0	0	0	0	0	0	0	0	0	0	0	0	0	0	0	0	0	0	0	0	0	0	0	0	0	0	0	0	0	0	0	0	0	0	0	0	0	0	0	0	0	0	0	0	0	0	0	0	0	0	0	0	0	0	0	0	0	0	0	0	0	0	0	0	0	0	0	0	0	0	0	0	0	0	0	0	0	0	0	0	0	0	0	0	0	0	0	0	0	0	0	0	0	0	0	0	0	0	0	0	192	0	0	0	0	0	0	0	0	0	0	0	0	192	0	
0	0	0	0	0	0	0	0	0	0	0	0	0	0	500	0	0	0	0	0	0	0	0	0	0	0	0	0	0	0	0	0	0	0	0	0	0	0	0	0	0	0	0	0	0	0	0	0	0	0	0	0	0	0	0	0	0	0	0	0	0	0	0	0	0	0	0	0	0	0	0	0	0	0	0	0	0	0	0	0	0	0	0	0	0	0	0	0	0	0	0	0	0	0	0	0	0	0	192	0	0	0	0	0	0	0	0	0	0	0	0	0	0	0	0	0	0	0	0	0	
0	0	0	0	48	0	0	0	0	0	0	0	0	0	0	0	0	0	0	0	0	0	0	0	0	0	0	0	0	0	0	0	0	0	0	0	0	0	0	0	0	0	0	0	0	0	0	0	0	0	0	0	0	0	0	0	0	0	0	0	0	0	0	0	0	0	0	0	0	0	96	0	0	0	0	0	0	0	0	0	0	0	0	0	0	0	0	0	0	0	0	0	0	0	0	0	0	0	0	0	0	0	0	0	0	0	0	0	0	0	0	0	0	0	0	0	0	0	0	0	
0	0	0	0	0	0	0	0	0	0	0	0	0	0	0	0	0	0	0	0	0	0	0	0	0	0	0	0	0	0	0	0	0	0	0	0	0	0	0	500	0	0	0	0	0	0	0	0	0	0	0	0	0	0	0	0	0	0	0	0	0	0	0	0	0	0	0	0	0	0	0	0	0	0	0	0	0	0	0	0	0	0	0	0	0	0	0	0	0	0	0	0	0	0	0	0	0	0	0	0	0	0	0	0	0	0	96	0	0	0	0	0	0	0	0	0	0	0	0	0	
0	0	0	0	0	0	0	0	192	0	0	0	0	0	0	0	0	0	0	0	0	0	0	0	0	0	0	0	0	0	0	0	0	0	0	0	0	0	0	0	0	0	0	0	0	0	0	0	0	0	0	0	0	0	0	0	0	0	0	0	500	0	0	0	0	0	0	0	0	0	0	0	0	0	0	0	0	0	0	0	0	0	0	0	0	0	0	0	0	0	0	0	0	0	0	0	0	0	0	0	0	0	0	0	0	0	0	0	0	0	0	0	0	0	0	0	0	0	0	0	
0	0	0	0	0	0	0	0	0	0	0	0	0	0	0	0	0	0	0	0	0	0	0	0	0	0	0	0	0	0	0	0	0	0	0	0	0	0	48	0	0	0	0	0	0	0	0	0	0	0	0	0	0	0	0	0	0	0	0	0	0	0	0	0	0	0	0	0	0	0	0	0	0	0	0	0	0	0	0	0	0	0	0	0	0	0	0	0	0	0	0	0	0	0	0	0	500	0	0	0	0	0	0	0	0	0	0	0	0	0	0	0	0	0	0	0	0	0	0	0	
0	0	0	0	0	0	0	0	0	0	0	0	192	0	0	0	0	0	0	0	0	0	0	0	0	0	0	0	0	0	0	0	0	0	0	0	0	0	0	0	0	0	0	0	0	0	0	0	0	0	0	0	0	0	0	0	0	0	0	0	0	0	0	0	0	0	0	0	0	0	0	0	0	0	0	0	0	0	0	0	0	0	0	0	96	0	0	0	0	0	0	0	0	0	0	96	0	500	0	0	0	0	0	0	0	0	0	0	0	0	0	0	0	0	0	0	0	0	0	0	
0	0	0	0	96	0	0	0	0	0	0	0	0	0	0	0	0	0	0	0	0	0	0	0	0	0	0	0	0	0	0	0	0	0	0	0	0	0	0	0	0	0	0	0	0	0	0	0	0	0	0	0	0	0	0	0	0	0	0	0	0	0	0	0	0	96	0	0	0	0	0	0	0	0	0	0	0	0	0	0	0	0	0	0	0	0	0	0	0	0	0	0	0	0	0	0	0	0	0	0	0	0	0	0	0	0	0	0	0	0	0	0	0	0	0	0	0	0	0	0	
0	0	0	0	0	0	0	0	0	0	0	0	0	0	0	0	0	0	0	0	0	0	0	0	0	0	0	0	0	0	0	0	0	0	0	0	0	0	0	0	0	96	0	0	0	0	0	0	0	0	0	0	0	500	0	0	0	0	0	0	0	0	0	0	0	0	0	0	0	0	0	0	0	0	0	0	0	0	0	0	0	0	0	0	0	0	0	0	0	0	0	0	0	0	0	0	0	0	0	0	0	0	0	0	0	0	0	0	0	0	0	0	0	0	0	0	0	0	0	0	
0	0	0	0	0	500	0	0	0	0	0	0	0	0	0	0	0	0	0	0	0	0	0	0	0	0	0	0	0	0	0	0	0	0	0	0	0	0	0	0	0	0	0	0	0	0	0	0	0	0	0	0	0	0	0	0	0	0	0	0	0	0	0	0	0	0	0	0	0	0	0	0	0	0	0	0	0	0	0	0	0	0	0	0	0	0	0	0	0	0	0	48	0	0	0	0	0	0	0	0	0	0	0	0	0	0	0	0	0	0	0	0	0	0	0	0	0	0	0	192	
0	0	0	0	0	0	0	0	0	0	0	0	0	48	0	96	0	0	0	0	0	0	0	0	0	0	0	0	0	0	0	0	0	0	0	0	0	0	0	0	0	0	0	0	0	0	0	0	0	0	0	0	0	0	0	0	0	0	0	0	0	0	0	0	0	0	0	0	0	0	0	0	0	0	0	0	0	0	0	0	0	0	0	0	0	0	0	0	0	0	0	0	0	0	0	0	0	0	0	0	0	0	0	0	0	0	0	0	0	0	0	0	0	0	0	0	0	0	0	0	
0	0	0	0	0	0	0	0	0	0	0	0	0	0	0	0	0	0	0	0	0	0	0	0	0	0	0	0	0	0	0	0	0	0	0	0	0	0	0	0	0	0	0	0	0	0	0	0	0	0	192	0	0	0	0	0	0	0	0	0	0	0	0	0	0	0	0	0	0	0	0	0	0	0	0	0	0	0	0	0	0	0	0	0	500	0	0	0	0	0	0	0	0	0	0	0	0	96	0	96	0	0	0	0	192	0	0	0	0	0	0	0	0	0	0	0	0	0	0	0	
0	0	0	0	0	0	0	0	0	0	0	0	0	0	0	0	0	0	0	0	0	0	0	0	0	0	0	0	0	0	0	0	0	0	0	0	0	0	0	0	0	0	0	0	0	0	0	0	0	0	0	0	0	0	0	500	0	0	0	0	0	0	0	0	0	0	0	0	0	0	0	0	0	0	0	0	0	48	0	0	0	0	500	0	0	48	0	0	0	0	0	0	0	0	0	0	0	0	0	0	0	0	0	0	0	0	0	0	0	0	0	0	96	0	0	0	0	0	0	0	
0	0	0	0	0	0	0	0	0	0	0	0	0	0	0	0	0	0	0	0	0	0	0	0	0	0	0	0	0	0	48	0	0	0	0	0	0	0	0	0	0	0	0	0	0	0	0	0	0	0	0	0	0	0	0	0	0	0	0	0	0	0	0	0	0	0	0	0	0	0	0	0	0	0	0	0	0	0	0	0	0	0	0	0	0	0	0	0	0	0	0	0	0	0	0	0	48	0	0	0	0	0	0	0	0	0	0	0	0	0	0	0	0	0	0	0	0	0	0	0	
0	0	0	0	0	0	0	192	0	0	0	0	0	0	0	0	0	0	0	0	0	0	0	0	0	0	0	0	500	0	0	0	0	0	0	0	0	0	0	0	0	0	0	0	0	0	0	0	0	0	0	0	0	0	0	0	0	0	0	0	0	0	0	0	0	0	0	0	0	0	0	0	0	0	0	0	0	0	0	0	0	0	0	0	0	0	0	0	0	0	0	0	0	0	0	0	0	0	0	500	0	0	0	0	0	0	0	0	0	0	0	0	0	0	0	0	0	0	0	0	
0	0	0	0	0	0	0	0	0	0	0	0	0	0	0	0	0	0	0	0	0	0	0	0	0	0	0	0	0	0	0	0	0	0	0	0	0	0	0	0	0	0	0	0	0	0	0	0	0	0	0	0	0	0	0	0	0	0	0	0	0	0	0	0	96	0	0	0	0	0	0	0	0	0	0	0	0	0	0	0	0	0	0	0	0	0	0	0	0	0	0	0	0	0	0	0	0	0	0	0	96	0	0	0	0	0	0	0	0	0	0	0	0	0	0	0	0	0	0	0	
0	0	0	0	0	0	0	0	0	0	0	0	0	0	0	0	0	0	0	0	0	0	0	0	0	0	0	0	0	0	0	0	0	96	0	0	0	0	0	0	0	0	0	0	0	0	0	48	0	0	0	0	0	0	0	0	0	0	0	0	0	0	0	0	0	0	0	0	0	0	0	0	0	0	0	0	0	0	0	0	0	0	0	0	0	0	0	0	0	0	0	0	0	0	0	0	0	0	0	0	0	0	0	0	0	0	0	0	0	0	0	0	0	0	0	0	0	0	0	0	
0	0	0	0	0	0	0	0	0	0	0	0	0	0	0	0	0	0	0	0	0	0	0	0	0	0	0	0	0	0	0	0	0	0	0	0	0	0	0	0	0	0	0	0	0	0	0	0	0	0	0	0	500	0	0	0	0	48	0	0	0	0	0	0	0	0	0	0	0	0	0	0	0	96	0	0	0	0	0	0	0	0	0	0	0	0	0	0	0	0	0	0	0	0	0	0	0	0	0	0	0	0	0	0	0	0	0	0	0	0	0	0	0	0	0	0	0	0	0	0	
0	0	0	0	0	0	0	0	0	0	0	0	0	0	0	0	0	0	0	0	0	0	48	0	0	0	0	0	0	0	0	0	0	0	0	0	0	0	0	0	0	0	0	0	0	0	0	0	0	0	0	0	0	0	0	0	0	0	0	0	0	0	0	0	0	0	0	0	0	0	0	0	0	0	0	0	0	0	0	0	0	0	0	0	0	0	0	0	0	0	0	0	0	0	0	48	0	0	0	0	0	0	0	0	0	0	0	0	0	0	0	0	0	0	0	0	0	0	0	0	
0	0	0	0	0	0	0	0	0	0	0	0	0	0	0	0	96	0	0	0	0	0	0	0	48	0	0	0	0	0	0	0	0	0	0	0	0	0	0	0	0	0	0	0	0	0	0	0	0	0	0	0	0	0	0	0	0	0	0	0	0	0	0	0	0	0	0	0	0	0	0	0	0	0	0	0	0	0	0	0	0	0	0	0	0	0	0	0	0	0	0	0	0	0	0	0	0	0	0	0	0	0	0	0	0	0	0	0	0	0	0	0	0	0	0	0	0	0	0	0	
0	0	0	0	0	0	0	48	0	0	0	0	0	0	0	0	0	0	0	0	0	0	0	0	0	0	0	0	0	0	0	0	0	0	0	0	0	0	0	0	0	0	0	0	0	0	0	0	0	0	48	0	0	0	0	0	0	0	0	0	0	0	0	0	0	0	0	0	0	0	0	0	0	0	48	0	0	0	0	0	48	0	0	0	0	0	0	0	0	0	0	0	0	0	0	0	96	0	0	0	0	0	0	0	0	0	0	0	0	0	0	0	0	0	0	0	0	0	0	0	
0	0	0	0	0	0	0	0	0	0	0	0	0	0	0	0	0	0	0	0	0	0	0	0	0	0	0	0	0	0	0	0	0	0	0	0	0	0	0	0	0	0	0	0	0	0	0	0	0	0	0	0	0	0	0	0	0	0	0	0	0	0	0	0	0	0	0	0	0	0	0	0	0	0	0	0	0	0	0	48	0	0	0	0	0	0	0	0	0	96	0	0	0	0	0	0	0	0	0	0	0	0	0	0	0	0	0	0	0	0	0	0	0	0	0	0	0	0	0	0	
0	0	0	0	0	0	0	0	0	0	0	0	0	0	0	0	0	0	0	0	0	0	0	0	0	0	0	0	0	0	0	0	0	0	0	0	0	0	0	0	0	48	0	0	0	0	0	0	0	0	0	0	0	0	48	0	0	0	0	0	0	0	0	0	0	0	0	0	0	0	0	0	0	0	0	0	0	0	0	0	0	0	0	0	0	0	0	0	0	0	0	0	0	0	0	0	0	0	0	0	0	96	0	0	0	0	0	0	0	0	0	0	0	0	0	0	0	0	0	0	
0	0	0	0	0	0	0	0	0	0	0	0	0	0	0	0	0	0	0	0	0	0	0	0	0	0	0	0	0	0	0	0	0	0	0	0	0	0	0	0	0	0	0	0	0	0	0	0	0	0	0	0	0	0	0	0	0	0	0	0	0	48	0	0	0	0	0	0	0	0	0	0	0	0	0	192	0	0	0	0	0	0	0	0	0	0	192	0	0	0	0	0	0	0	0	0	0	0	0	0	0	0	0	0	0	0	0	0	48	0	0	0	0	0	0	0	0	0	0	0	
0	0	0	0	0	0	500	0	0	0	0	0	0	0	0	0	0	0	0	0	0	0	0	0	0	0	0	0	0	0	0	0	0	0	0	0	0	0	0	0	0	0	0	0	0	0	0	0	0	0	0	0	0	0	0	0	0	0	0	0	0	0	0	0	0	0	0	0	0	0	0	0	0	0	0	0	0	0	0	0	0	0	0	0	0	0	0	192	0	0	0	0	0	0	0	0	0	0	0	0	0	0	0	0	0	0	0	500	0	0	0	0	0	0	0	0	96	0	0	0	
0	0	0	0	0	0	0	0	0	0	0	0	0	0	0	0	0	0	0	0	0	0	0	0	0	0	0	0	0	0	0	0	0	0	0	0	192	0	0	0	0	0	0	0	0	48	0	0	0	0	0	0	0	0	0	0	0	0	0	0	0	0	0	0	0	0	0	0	0	0	0	0	0	0	0	0	0	0	0	0	0	0	0	0	0	0	0	0	0	0	0	0	0	0	0	0	0	0	0	0	0	0	0	0	0	0	0	0	0	0	0	0	0	0	0	0	0	0	0	0	
0	48	0	0	0	0	0	0	0	0	0	0	0	0	0	0	0	0	0	0	0	0	0	0	0	0	0	0	0	0	0	0	0	0	0	0	0	0	0	0	0	0	0	0	0	0	0	0	0	0	0	0	0	0	0	0	0	0	0	0	0	0	0	0	0	0	0	0	0	0	0	0	0	0	0	0	0	0	0	0	0	0	0	0	0	0	0	0	0	0	0	0	0	0	0	0	0	0	0	0	0	0	0	0	0	0	0	0	0	0	48	0	0	0	0	0	0	0	0	0	
0	0	0	0	0	0	0	0	0	0	0	0	0	0	0	0	0	0	0	0	0	0	0	0	0	0	0	0	0	0	0	0	0	0	0	0	0	0	0	0	0	0	500	0	0	0	0	0	0	0	0	0	0	0	0	0	0	192	0	0	0	0	0	0	0	0	0	0	0	0	0	0	0	0	0	0	0	0	0	0	0	0	0	0	0	0	0	0	0	0	0	0	0	0	0	0	0	0	0	0	0	0	0	0	0	0	0	0	0	0	0	0	0	0	0	0	0	0	0	0	
0	0	0	0	96	0	0	0	0	0	0	0	0	0	0	0	0	0	0	0	0	0	0	0	0	0	0	0	0	0	0	0	0	500	0	0	0	0	0	0	0	0	0	0	0	0	0	0	0	0	0	0	0	0	0	0	0	0	0	0	0	0	0	0	0	0	0	0	500	0	0	0	0	0	0	0	0	0	0	0	0	0	0	0	0	0	0	0	500	0	0	0	0	0	0	0	0	0	0	0	0	48	0	0	0	0	0	0	0	0	0	0	0	0	0	0	0	0	0	0	
0	0	0	0	0	0	0	0	0	0	0	0	0	0	0	0	0	0	0	0	0	0	0	0	0	0	0	0	0	0	0	0	0	0	0	0	0	0	0	0	0	0	0	0	0	0	0	48	0	0	0	0	0	0	0	0	0	0	0	192	192	0	0	0	0	0	0	0	0	0	0	0	0	0	0	0	0	0	0	0	0	0	0	0	0	0	0	0	0	0	0	0	0	0	0	0	0	0	0	0	0	0	0	0	0	0	0	0	0	0	0	0	0	0	0	0	0	0	0	0	
0	0	0	0	0	0	0	0	0	0	0	0	0	0	0	0	0	0	0	0	0	0	0	0	0	0	0	0	0	0	0	0	0	0	0	0	0	500	0	0	0	0	0	0	0	0	0	0	0	0	0	0	0	0	0	0	0	0	0	0	0	0	0	0	0	0	0	0	0	0	0	0	0	0	0	500	0	0	0	0	0	0	0	0	0	0	0	0	0	0	0	0	0	0	0	0	0	0	0	0	0	0	0	0	0	0	0	0	0	0	0	0	0	0	0	0	0	0	0	0	
0	0	0	0	0	0	0	0	0	0	0	500	0	0	0	0	0	0	0	0	0	0	0	48	0	0	0	0	0	0	0	0	0	0	0	0	0	0	0	0	0	0	0	0	0	0	0	0	0	0	0	0	0	0	0	0	0	0	0	0	0	0	0	0	0	0	0	0	0	0	0	0	0	0	0	0	0	0	0	0	0	0	0	0	0	0	0	0	0	0	0	0	0	0	0	0	0	0	0	0	0	0	0	0	0	0	0	0	0	0	0	0	0	0	0	0	0	0	0	0	
0	0	0	0	0	0	0	0	0	0	0	0	0	0	0	0	0	0	0	0	0	0	0	0	0	0	0	0	0	0	0	0	0	0	0	0	0	0	0	0	0	0	48	0	0	0	0	0	0	0	0	0	192	0	0	0	0	0	0	0	0	0	0	0	0	0	0	0	0	0	0	0	0	0	0	0	0	0	0	0	0	0	0	0	0	0	0	0	0	0	0	0	0	0	0	0	0	0	0	0	0	0	0	0	0	0	0	0	0	0	0	0	0	0	0	0	0	0	0	0	
0	0	0	0	0	0	0	0	0	0	500	0	0	0	0	0	0	0	192	0	0	0	0	0	0	0	0	0	0	0	0	0	0	0	0	0	0	0	0	0	0	0	0	0	0	0	0	0	0	0	0	0	0	0	0	0	0	0	0	0	0	0	0	0	0	0	0	0	0	0	0	0	0	0	0	0	0	0	0	0	0	0	0	0	0	0	0	0	0	0	0	0	0	0	0	0	0	0	0	0	0	0	0	0	0	0	0	0	0	0	0	0	0	0	0	0	0	0	0	0	
0	0	0	0	0	0	0	0	0	0	0	0	0	0	0	0	0	0	0	0	0	0	0	0	0	0	0	0	0	0	0	0	0	0	0	0	0	0	0	0	0	0	0	0	0	0	0	0	0	0	0	0	0	0	192	0	0	0	0	0	0	0	0	0	0	0	0	0	0	0	0	0	0	0	0	0	0	0	0	0	0	0	0	0	0	0	0	0	0	500	0	0	0	0	0	0	0	0	0	0	0	0	0	0	0	0	0	0	0	0	0	0	0	0	0	0	0	0	0	0	
0	0	0	0	0	0	0	0	0	0	0	0	0	0	0	0	0	0	0	0	0	0	0	48	0	0	0	0	0	500	0	0	0	0	0	0	0	0	0	0	0	0	0	0	0	0	0	0	0	0	0	0	0	0	192	0	0	0	0	0	0	0	0	0	0	0	0	0	0	0	0	0	0	0	0	0	0	0	0	0	0	0	0	0	0	0	0	0	0	0	0	0	0	0	0	0	0	0	0	0	0	0	0	0	0	0	0	0	0	0	0	0	0	0	0	0	0	0	0	0	
0	0	0	0	0	0	0	0	0	0	0	0	0	0	0	0	0	0	0	0	0	0	0	0	0	0	0	0	0	0	0	0	0	0	0	0	0	0	0	0	0	0	0	0	0	0	0	0	48	0	0	0	0	0	0	0	0	0	0	0	0	0	0	0	0	0	0	0	0	0	0	0	0	0	0	0	192	0	0	0	0	0	0	0	0	0	500	0	0	0	0	0	0	0	0	0	0	0	0	0	0	0	0	0	0	0	0	0	0	0	0	0	0	0	0	0	0	0	0	0	
0	0	0	0	0	0	0	0	0	0	0	0	0	0	0	0	0	0	0	0	0	0	0	0	0	0	0	0	0	0	0	0	0	0	0	0	0	0	0	0	0	0	0	0	0	0	0	0	0	0	0	0	0	0	0	0	0	0	0	0	0	0	0	0	0	0	0	0	0	0	0	0	0	0	0	0	0	0	0	0	96	0	0	0	0	0	192	0	0	0	0	0	0	0	0	0	0	0	0	0	0	0	0	192	0	0	0	0	500	0	0	0	0	0	0	0	0	0	0	0	
0	0	0	0	0	0	0	0	0	0	0	0	0	96	0	96	0	0	0	0	0	0	0	0	0	0	0	0	0	0	0	0	0	0	0	0	0	0	0	0	0	0	0	0	0	0	0	0	0	0	0	0	0	0	0	0	0	0	0	0	0	0	0	0	0	0	0	0	0	0	0	0	0	0	0	0	0	0	0	0	0	0	0	0	0	0	0	0	0	0	0	0	0	0	0	0	0	0	0	0	0	0	0	0	0	0	0	0	0	0	0	0	0	0	0	0	0	0	0	0	
0	0	192	0	0	0	0	0	0	0	0	0	0	0	0	0	0	0	0	0	0	0	0	0	0	0	0	0	0	0	0	0	0	0	0	0	0	0	0	0	96	0	0	0	0	0	0	0	0	0	0	0	0	0	0	0	0	0	0	0	0	0	0	0	0	0	0	0	0	0	0	0	0	0	0	0	0	0	0	0	0	0	500	0	0	0	0	0	0	0	0	0	0	0	0	0	0	0	0	0	0	0	0	0	0	0	0	0	0	0	0	0	0	0	0	0	0	0	0	0	
0	0	0	0	48	0	0	0	0	0	0	0	0	0	0	0	0	0	0	0	0	0	0	0	0	0	0	0	0	0	0	0	96	0	0	0	0	0	0	0	0	0	0	0	0	0	0	0	0	0	0	0	0	0	0	0	0	0	0	0	0	0	0	0	0	0	0	0	0	0	0	0	0	0	0	0	0	0	0	0	0	0	0	0	0	0	0	0	0	0	0	0	0	0	0	0	0	0	0	0	0	0	0	0	0	0	0	0	0	0	0	0	0	0	0	0	0	0	0	0	
0	0	0	0	0	0	0	0	0	0	0	0	0	0	0	0	0	0	0	0	0	0	0	0	0	0	0	0	0	0	0	0	0	0	0	0	0	0	0	0	0	0	0	0	0	0	0	0	0	0	0	0	0	0	0	0	0	0	0	0	0	0	0	0	0	0	0	0	0	0	0	0	0	0	0	0	0	0	0	0	0	0	0	0	0	192	0	0	0	0	0	0	48	192	0	0	0	0	0	0	0	0	0	0	0	0	0	0	0	0	0	0	0	0	0	0	0	0	0	0	
192	0	0	0	0	0	0	0	0	0	0	0	0	0	0	0	0	0	0	0	0	500	0	0	0	0	0	0	0	0	0	0	0	0	0	0	0	0	0	0	0	0	0	0	0	0	0	0	0	0	0	0	0	0	0	0	0	0	0	0	0	0	0	0	0	0	0	0	0	0	0	0	0	0	0	0	0	0	0	0	0	0	0	0	0	0	0	0	0	0	0	0	0	0	0	0	0	0	0	0	0	0	0	0	0	0	0	0	0	0	0	0	0	0	0	0	0	0	0	0	
0	0	0	0	0	0	0	0	0	0	0	500	0	0	0	0	0	0	0	0	0	0	0	0	0	0	0	0	0	0	0	0	0	0	0	0	0	0	0	0	0	0	0	0	0	0	0	0	0	0	0	0	0	500	0	0	0	0	0	0	0	0	0	0	0	0	0	0	0	0	0	0	0	0	0	0	0	0	0	0	0	0	0	0	0	0	0	0	0	0	0	0	0	0	0	0	0	0	0	0	0	0	0	0	0	0	0	0	0	0	0	0	0	0	0	0	0	0	0	0	
0	0	0	48	0	0	0	0	0	0	0	0	0	0	0	0	0	0	0	0	0	0	0	0	0	0	0	0	0	0	0	0	0	0	0	0	0	0	0	0	0	0	0	0	0	0	0	0	0	0	0	0	0	0	0	0	0	0	0	0	0	0	0	0	0	0	0	0	0	0	0	0	0	0	0	0	0	0	0	0	0	0	0	0	0	0	0	0	0	0	0	0	0	0	0	0	0	0	0	0	0	0	0	0	0	0	0	0	0	0	0	0	0	0	48	0	0	0	0	0	
0	0	0	0	0	0	0	0	0	0	0	0	0	0	192	0	0	0	0	0	0	0	0	0	0	0	0	96	0	0	0	0	0	0	0	0	0	0	0	0	0	0	0	0	0	0	0	0	0	0	0	0	0	0	0	0	0	0	0	0	0	0	0	0	0	0	0	0	0	0	0	0	0	0	0	0	0	0	0	0	0	0	0	0	0	0	0	0	0	0	0	0	0	192	0	0	0	0	0	0	0	0	0	0	0	0	0	0	0	0	0	0	0	0	0	0	0	0	0	0	
500	0	0	0	0	0	0	0	0	0	0	0	0	0	0	0	0	0	0	0	0	192	0	0	0	0	0	0	0	0	0	0	0	0	0	0	0	0	0	0	0	0	0	0	0	0	0	0	0	0	0	0	0	0	0	0	0	0	0	0	0	0	0	0	0	0	0	0	0	0	0	0	0	0	0	0	0	0	0	0	0	0	0	0	0	0	0	0	0	0	0	0	0	0	0	0	0	0	0	0	0	0	0	0	0	0	0	0	0	0	0	0	0	0	0	0	0	0	0	0	
0	0	0	0	0	0	0	0	0	500	0	0	0	0	0	0	0	0	0	0	48	0	0	0	0	0	0	0	0	0	0	0	0	0	0	0	0	0	0	0	0	0	0	0	0	0	0	0	0	0	0	0	0	0	0	0	0	0	0	0	0	0	0	0	0	0	0	0	0	0	0	0	0	0	0	0	0	0	96	0	0	0	0	0	0	0	0	0	0	0	0	0	0	0	0	0	0	0	0	0	0	0	500	0	0	0	0	0	0	0	0	0	0	0	0	0	0	0	0	0	
0	0	0	0	0	0	0	0	0	0	0	0	0	0	0	0	0	0	0	0	0	0	0	0	0	0	0	0	0	0	0	0	0	0	0	0	0	0	0	0	0	0	96	0	0	0	0	0	0	0	0	0	0	0	0	0	0	0	0	0	0	0	0	0	0	0	0	0	0	0	0	0	0	0	0	0	0	0	0	0	0	0	0	192	0	0	0	0	0	0	0	0	0	0	0	0	0	0	0	0	0	0	0	0	0	0	0	0	0	0	0	0	0	0	0	0	0	0	0	0	
0	0	0	192	0	0	0	0	0	0	0	0	0	0	0	0	0	0	0	0	0	0	0	0	0	0	0	0	0	0	0	0	0	0	0	0	0	0	0	0	0	0	0	0	0	48	0	0	0	0	0	0	0	0	0	0	0	0	0	0	0	0	0	0	0	0	0	0	0	0	0	0	0	0	0	0	0	0	96	0	0	0	0	0	0	0	0	0	0	0	0	0	0	0	0	0	0	0	0	0	0	0	0	0	0	0	0	0	0	0	0	0	0	0	0	0	0	0	0	0	
0	0	0	0	0	0	0	0	0	0	0	0	0	0	0	0	0	0	0	0	0	0	0	0	0	0	0	0	0	0	0	0	0	0	0	0	0	0	0	0	0	0	0	0	0	0	0	0	192	0	0	0	0	0	0	500	0	0	0	0	0	0	0	0	0	0	0	0	0	0	0	0	0	0	0	0	0	0	0	0	0	0	0	0	0	0	0	0	0	0	0	0	0	0	0	0	0	0	0	0	0	0	0	0	0	0	0	0	0	0	0	0	0	0	0	0	0	0	0	0	
0	0	0	0	0	0	0	0	0	0	0	0	0	0	0	0	0	0	0	0	0	0	0	0	0	0	0	0	0	0	0	0	0	0	0	0	0	0	0	0	0	0	0	0	0	0	0	0	0	0	0	0	0	0	0	0	0	0	0	0	0	192	0	0	0	0	0	0	0	0	0	0	0	0	0	0	0	0	0	0	0	0	0	48	0	0	0	0	0	0	0	0	0	0	0	0	0	0	0	0	0	0	0	0	0	0	96	0	0	0	0	0	0	0	0	0	0	0	0	0	
0	0	0	0	0	0	0	0	0	0	0	0	0	0	0	0	0	0	0	0	0	0	0	0	0	0	0	0	0	0	0	0	0	0	0	0	0	48	0	0	0	0	0	0	0	0	0	0	0	0	0	0	0	0	0	0	0	0	0	0	0	0	0	0	0	0	0	0	0	0	0	0	0	0	0	0	0	0	0	0	0	0	500	0	0	500	0	0	0	0	0	0	0	0	0	0	0	0	0	0	0	0	0	0	0	0	0	0	0	0	0	0	0	0	0	0	0	0	0	0	
0	0	0	0	0	0	0	0	0	192	0	0	0	0	0	0	0	0	0	0	48	0	0	0	0	0	0	0	0	0	0	0	0	0	0	0	0	0	0	0	0	0	0	0	0	0	0	0	0	0	0	0	0	0	0	0	0	0	0	0	0	0	0	0	0	0	0	0	0	0	0	0	96	0	96	0	0	0	0	0	0	0	0	0	0	0	0	0	0	0	0	0	0	0	0	0	0	0	0	0	0	0	0	0	0	0	0	0	0	0	0	0	0	0	0	0	0	0	0	0	
0	0	0	0	0	0	0	0	0	0	0	0	0	0	0	0	0	0	0	0	0	0	0	0	0	0	0	0	0	0	0	0	0	0	0	0	0	0	0	0	0	0	0	0	0	0	48	0	0	0	0	0	0	0	0	0	0	0	0	0	0	0	0	0	0	0	0	0	0	0	0	0	0	0	0	0	0	0	0	0	0	0	0	0	96	0	0	0	0	192	0	0	0	0	0	0	0	0	0	0	0	0	0	0	0	500	0	0	0	0	0	0	0	0	0	0	0	0	48	0	
0	0	0	0	0	0	0	192	0	0	0	0	0	0	0	0	0	0	0	0	0	0	0	0	0	0	0	0	0	0	0	0	0	0	0	0	0	0	0	0	0	0	0	0	0	48	0	0	0	0	0	0	0	0	0	0	0	0	0	0	0	0	96	0	0	0	0	0	0	0	0	0	0	0	0	0	0	0	0	0	0	0	0	0	0	0	500	0	0	0	0	0	0	0	0	0	0	0	0	0	0	0	0	48	0	0	0	0	0	0	0	0	0	0	0	0	0	0	0	0	
0	0	0	0	0	0	0	0	0	0	0	0	0	0	0	0	0	0	0	0	0	0	0	0	0	0	0	0	0	0	0	0	0	0	0	0	0	0	0	0	0	0	0	0	0	0	0	0	0	0	0	0	0	0	0	0	0	0	0	0	0	0	0	0	0	0	0	0	0	0	0	0	0	0	0	0	0	0	0	0	0	0	0	0	0	0	0	0	0	0	0	0	192	0	0	0	0	0	0	0	0	0	0	0	0	0	0	0	0	0	0	48	0	0	0	0	0	0	0	0	
0	0	0	0	0	0	0	0	0	0	0	0	0	0	0	0	0	0	0	0	0	0	0	0	0	0	0	0	0	0	0	0	0	0	0	0	0	500	0	0	0	0	0	0	0	0	0	0	0	0	0	0	0	0	0	0	0	0	0	0	0	0	0	0	500	0	0	0	0	0	0	0	0	0	0	0	0	500	0	0	0	0	0	0	0	0	0	0	0	0	0	0	0	0	0	0	0	0	0	0	0	0	0	0	0	0	0	0	0	0	0	0	0	0	0	0	0	0	0	0	
0	0	0	0	0	0	0	0	0	0	0	0	0	0	0	0	0	0	0	0	0	0	0	0	0	0	0	0	0	0	0	0	0	0	0	0	0	0	0	0	0	0	0	0	0	0	0	0	0	0	0	0	0	0	0	0	0	0	0	0	0	0	0	0	0	0	0	0	0	0	0	0	0	192	0	0	48	0	0	0	0	0	0	0	0	0	0	0	0	0	0	0	0	0	0	0	0	0	0	0	0	0	0	0	0	0	0	0	0	0	0	500	0	0	0	0	0	0	0	0	
0	0	0	0	0	0	0	0	0	0	0	0	0	0	0	0	0	0	0	0	0	0	0	0	0	0	0	0	0	0	0	96	0	0	0	0	500	0	0	0	0	0	0	0	0	0	0	0	0	0	0	0	0	0	0	0	0	0	0	0	0	0	0	0	0	0	0	0	0	0	0	0	0	0	0	0	0	0	0	96	0	0	0	0	0	0	0	0	0	0	0	0	0	0	0	0	0	0	0	0	0	0	0	0	0	0	0	0	0	0	0	0	0	0	0	0	0	0	0	0	
0	0	0	0	0	0	0	0	0	0	0	0	0	0	0	0	0	0	0	0	0	0	0	0	0	0	0	0	0	0	0	0	0	0	0	0	0	48	0	0	0	0	0	0	0	0	0	0	0	0	0	0	0	0	0	0	0	0	0	0	0	0	0	0	0	0	192	0	0	0	0	0	0	0	0	0	0	500	0	0	0	0	0	0	0	0	0	0	0	0	0	0	0	0	0	0	0	0	0	0	0	0	0	0	0	0	0	0	0	48	0	0	48	0	0	0	0	0	0	0	
0	0	0	0	0	0	0	0	0	0	0	0	0	0	0	0	0	0	0	0	0	0	0	0	0	0	0	0	0	0	0	0	0	0	0	0	0	0	0	0	0	0	0	0	0	0	0	0	192	0	0	0	0	0	0	0	0	0	0	0	0	500	192	0	0	0	0	0	0	0	0	0	0	0	0	0	0	0	0	0	500	0	0	0	0	0	0	0	0	0	0	0	0	0	0	0	0	0	0	0	0	0	0	500	0	0	0	0	0	0	0	0	0	0	0	0	0	0	0	0	
0	0	0	0	0	0	0	0	0	0	0	0	0	0	0	0	0	0	0	0	0	0	0	0	0	0	0	0	0	0	0	0	0	0	0	0	0	0	0	0	0	0	0	0	0	0	0	0	0	192	0	0	0	0	0	0	0	0	0	0	0	0	0	0	0	0	0	0	0	0	0	0	0	0	0	0	0	0	0	0	0	0	0	0	0	0	0	0	0	0	0	0	0	0	0	0	0	0	0	0	0	0	0	0	0	0	0	0	0	0	0	0	0	0	0	0	192	0	0	0	
0	0	0	0	0	0	0	0	0	0	0	0	0	0	0	0	0	0	0	0	0	0	0	0	0	0	0	0	0	0	0	0	0	0	0	0	0	0	0	0	0	0	0	0	0	0	0	0	0	0	0	0	0	500	0	0	0	0	0	0	0	0	0	0	0	0	0	0	0	0	0	0	0	0	0	0	0	0	0	0	0	0	0	0	0	0	0	0	0	0	0	0	500	0	0	0	0	0	0	0	0	192	0	0	0	0	0	0	0	0	0	0	0	0	0	0	0	0	0	0	
0	0	0	0	0	0	0	0	0	0	0	0	0	0	0	0	0	0	0	0	0	0	0	0	0	0	0	0	0	0	0	0	0	0	0	0	0	0	0	0	0	0	0	0	0	0	96	0	0	0	0	0	0	0	0	0	0	0	0	500	0	0	0	0	0	0	0	0	0	0	0	0	0	0	0	0	0	0	0	192	0	0	0	0	0	0	0	0	0	0	0	0	0	0	0	0	0	0	0	0	0	0	0	0	0	0	0	0	0	0	0	0	0	0	0	0	0	0	0	0	
0	0	0	0	0	0	0	0	0	0	192	0	0	0	0	0	0	0	0	0	0	0	0	0	0	0	0	0	0	0	0	0	0	0	0	0	0	0	0	0	0	0	0	0	0	0	0	0	0	0	0	0	0	0	0	0	0	0	0	0	0	0	0	0	0	0	0	0	0	0	0	0	0	0	0	0	0	0	0	0	0	0	0	0	0	0	0	0	0	0	0	0	0	0	0	0	0	0	0	0	0	0	0	0	0	0	0	0	500	0	0	0	0	0	0	96	0	0	0	0	
0	0	0	0	0	0	0	0	0	0	0	0	0	0	48	0	0	0	0	0	0	0	0	0	0	0	0	0	0	0	0	0	0	0	48	0	0	0	0	0	0	0	0	0	0	0	0	0	0	0	0	0	0	0	0	0	0	0	0	0	0	0	0	0	0	0	0	0	0	0	0	0	0	0	0	0	0	0	0	0	0	0	0	0	0	0	0	0	0	0	0	0	0	0	0	0	0	0	0	0	0	0	0	0	0	0	0	0	0	0	0	0	0	0	0	0	0	0	0	0	
0	0	0	0	0	0	0	0	0	0	0	0	0	0	0	0	0	0	0	0	0	0	0	0	0	0	0	0	0	0	0	0	0	0	0	0	0	0	0	0	0	0	0	0	0	0	0	0	0	0	0	0	0	0	0	0	0	0	0	0	0	0	0	0	0	0	48	0	0	0	0	0	0	0	0	0	0	0	0	0	0	192	0	0	0	0	0	0	500	0	0	0	0	0	0	0	0	0	0	0	0	0	0	0	0	0	0	0	0	0	0	0	0	0	0	0	0	0	0	0	
0	0	0	0	0	0	0	0	0	0	0	0	0	0	0	0	0	0	0	0	0	0	0	0	0	0	0	0	0	0	0	0	0	0	0	0	0	0	0	0	0	0	0	0	0	0	0	0	0	0	0	0	0	0	0	0	0	0	0	0	0	0	0	0	0	0	192	0	0	0	192	0	0	0	0	0	0	0	0	0	0	0	0	0	0	0	0	0	0	0	0	0	0	0	0	0	0	0	0	0	0	0	0	0	0	0	0	0	0	0	0	0	0	0	0	0	0	0	0	0	
0	0	0	0	0	0	0	0	48	0	0	48	0	0	0	0	0	0	0	0	0	0	0	192	0	0	0	0	0	0	0	0	0	0	0	0	0	0	0	0	0	0	0	0	0	0	0	0	0	0	0	0	0	0	0	0	0	0	0	0	0	0	0	0	0	0	0	0	0	0	0	0	0	0	0	0	0	0	0	0	0	0	0	0	0	0	0	0	0	0	0	0	0	0	0	0	0	0	0	0	0	0	0	0	0	0	0	0	0	0	0	0	0	0	0	0	0	0	0	0	
0	0	0	0	0	0	0	0	0	0	0	0	192	0	0	0	0	0	0	0	0	0	192	0	0	0	0	0	0	0	0	96	0	0	0	0	0	0	0	0	0	0	0	48	0	0	0	0	0	0	0	0	0	0	0	0	0	0	0	0	0	0	0	0	0	0	0	0	0	0	0	0	0	0	0	0	0	0	0	0	0	0	0	0	0	0	0	0	0	0	0	0	0	0	0	0	0	0	0	0	0	0	0	0	0	0	0	0	0	0	0	0	0	0	0	0	0	0	0	0	
0	0	0	0	0	0	0	0	0	0	0	0	0	0	0	0	0	0	0	0	0	0	0	0	0	0	0	0	0	0	500	0	0	0	0	0	0	0	48	0	0	0	0	0	0	96	0	0	0	0	0	0	0	0	0	0	0	0	0	0	0	0	0	0	0	0	0	0	0	0	0	0	0	0	0	0	0	0	0	0	0	0	0	0	0	0	0	0	0	0	0	0	0	0	0	0	0	0	0	0	0	0	0	0	0	0	0	0	0	0	0	0	0	0	0	0	0	0	0	0	
0	0	0	0	0	0	0	0	0	0	0	0	0	0	0	0	0	0	0	0	0	0	0	0	0	0	0	0	0	0	0	500	0	0	0	0	96	0	0	0	0	0	0	0	0	0	0	0	0	0	0	0	0	0	0	0	0	0	0	0	0	0	0	0	0	0	0	0	0	0	0	0	0	0	0	0	0	0	0	0	0	0	0	0	0	0	0	0	0	0	0	0	0	0	0	0	0	0	0	0	0	0	0	0	0	0	0	0	0	0	0	0	0	0	0	0	0	0	0	0	
0	0	0	0	0	0	0	0	0	0	0	0	0	0	96	0	0	0	0	0	0	0	0	0	0	0	192	0	0	0	0	0	0	0	0	0	0	0	0	0	0	0	0	0	0	0	0	0	0	0	0	0	0	0	0	0	0	0	0	0	0	0	0	0	0	0	0	0	0	0	0	0	0	0	0	0	0	0	0	0	0	0	0	0	0	0	0	0	0	0	0	0	0	0	0	0	0	0	0	0	0	0	0	0	0	0	0	0	0	0	0	0	0	0	0	0	0	0	0	0	
0	0	0	0	0	0	0	500	0	0	0	0	0	0	0	0	0	0	0	0	0	0	0	0	0	0	0	0	0	0	0	0	0	0	0	0	96	0	0	500	0	0	0	0	0	0	0	0	0	0	0	0	0	0	0	0	0	0	0	0	0	0	0	0	0	0	0	0	0	0	0	0	0	0	0	0	0	0	0	0	0	0	0	0	0	0	0	0	0	0	0	0	0	0	0	0	0	0	0	0	0	0	0	0	0	0	0	0	0	0	0	0	0	0	0	0	0	0	0	0	
0	0	192	0	0	0	0	0	0	0	0	0	0	0	0	0	0	0	0	0	0	0	0	0	0	0	0	0	0	0	0	0	0	0	0	0	0	0	0	0	96	0	0	0	0	0	0	0	0	0	0	0	0	0	0	0	0	0	0	0	0	0	0	0	0	0	0	0	0	0	0	0	0	0	0	0	0	0	0	0	0	0	0	0	0	0	0	0	0	0	0	0	0	0	0	0	0	0	0	0	0	0	0	0	0	0	0	0	0	0	0	0	0	0	0	0	0	0	0	0	
0	0	0	0	0	0	0	0	0	0	0	0	0	0	0	0	0	0	0	0	0	0	0	0	0	0	0	0	0	0	0	0	0	0	0	0	0	0	0	0	0	0	0	0	0	0	0	96	0	0	0	0	0	48	0	0	0	0	0	0	0	0	0	0	0	0	0	0	0	0	0	0	0	0	0	0	0	0	0	0	0	0	0	0	0	0	0	0	192	0	0	0	0	0	0	0	0	0	0	0	0	0	0	0	0	0	0	0	0	0	0	0	0	0	0	0	0	0	0	0	
0	0	0	0	0	0	0	0	0	0	0	0	0	0	0	0	0	0	0	500	0	0	48	0	0	0	0	0	0	0	0	0	0	0	0	0	0	0	0	0	0	0	0	0	0	0	0	0	0	0	0	0	0	0	0	0	0	0	0	0	0	0	0	0	0	0	0	0	0	0	0	0	500	0	0	0	0	0	0	0	0	0	0	0	0	0	0	0	0	0	0	0	0	0	0	0	0	0	0	0	0	0	0	0	0	0	0	500	0	48	0	0	0	0	0	0	0	0	0	0	
0	0	0	0	0	0	0	0	0	0	0	0	0	0	0	0	0	0	0	0	0	0	0	0	0	0	0	0	0	0	0	0	0	0	0	0	0	0	0	0	0	0	0	0	0	0	0	0	0	0	0	0	0	0	0	0	0	0	0	0	0	0	192	0	0	0	0	0	0	0	0	0	0	0	0	0	0	0	0	0	48	0	0	0	0	0	500	0	0	0	0	0	0	0	0	0	0	0	0	0	0	0	0	0	0	0	0	0	0	0	0	0	0	0	0	0	0	0	0	0	
0	0	0	0	0	0	0	48	0	0	0	0	0	0	0	0	0	0	0	0	0	0	0	0	0	0	0	0	0	0	0	0	0	0	0	0	192	0	0	0	0	0	0	0	0	0	0	0	0	0	0	0	0	0	0	0	0	0	0	0	0	0	0	0	0	0	0	0	0	0	0	0	0	0	0	0	0	0	0	0	0	0	0	0	0	0	0	0	0	0	0	0	0	0	0	0	0	0	0	0	0	0	0	0	0	0	0	0	0	0	0	0	0	0	0	0	0	0	0	0	
0	0	0	0	0	0	0	0	0	0	0	0	0	0	0	0	0	0	0	0	0	0	0	0	0	192	0	0	0	0	0	0	0	0	0	0	0	0	0	0	0	0	0	0	0	0	0	0	0	0	0	0	0	0	0	0	0	0	0	0	0	0	0	0	0	0	0	0	0	0	0	0	0	0	0	0	0	0	0	500	0	0	0	0	0	0	0	0	0	0	0	0	0	0	0	0	0	0	0	0	0	0	0	0	0	0	0	0	0	0	0	0	0	0	0	0	0	0	0	0	
0	0	0	0	0	0	0	0	0	0	0	0	0	0	0	0	0	0	0	0	0	0	0	0	0	0	0	0	96	0	0	0	0	0	0	0	0	0	0	0	0	0	0	0	0	0	0	0	0	0	0	0	0	0	0	0	0	0	0	0	0	0	0	0	0	0	0	0	0	0	0	0	0	0	0	0	96	0	0	0	0	0	0	0	0	0	0	0	0	0	0	0	0	0	0	0	0	0	0	0	0	0	0	0	0	0	0	0	0	0	0	0	0	0	0	0	0	0	0	0	
0	0	0	0	0	0	500	0	0	0	0	0	0	0	0	0	0	0	0	0	0	0	0	0	0	0	0	0	0	0	0	0	0	0	0	0	0	0	0	0	0	0	0	0	0	0	0	0	0	500	0	0	0	0	0	0	0	0	0	0	0	0	0	0	0	0	0	0	0	0	0	0	0	0	0	0	0	0	0	0	0	0	0	0	0	0	0	0	0	0	0	0	0	0	0	0	0	0	0	0	0	0	500	0	0	0	0	0	0	0	0	0	0	0	0	0	0	0	0	0	
0	0	0	0	0	0	0	0	0	0	0	0	0	0	0	0	0	0	0	0	0	0	0	0	0	0	0	0	0	0	0	0	0	0	0	0	0	0	0	0	0	0	0	0	0	0	0	0	48	0	0	0	0	0	0	0	0	0	0	0	0	0	500	0	0	0	0	0	0	0	0	0	0	0	0	0	0	0	0	0	0	0	0	0	0	0	0	0	0	0	500	0	0	0	0	0	0	0	0	0	0	0	0	0	0	0	0	0	0	0	0	0	0	0	0	0	0	0	0	0	
0	0	0	0	0	0	0	0	0	0	0	0	0	0	0	0	0	0	0	0	0	192	0	0	0	0	0	0	0	0	0	0	0	0	0	0	0	0	0	0	0	0	0	0	0	0	0	0	0	0	0	0	0	0	0	0	0	0	0	0	0	0	0	0	0	0	0	0	0	0	0	0	0	0	0	0	0	0	0	0	0	0	0	0	0	48	0	0	0	0	0	0	0	0	0	0	0	0	0	0	0	0	48	0	0	0	0	0	0	0	0	0	0	192	0	0	0	0	0	0	
0	48	0	0	0	0	0	0	0	0	0	0	0	0	0	0	0	0	0	0	0	0	0	0	0	0	0	0	0	0	0	0	0	0	0	0	0	0	0	0	0	0	0	0	0	0	0	0	0	0	0	48	0	0	0	0	0	0	0	0	0	0	0	0	0	0	0	0	0	0	0	0	0	0	0	0	0	0	0	0	0	0	0	0	0	0	0	0	0	0	0	0	0	0	0	0	0	0	0	0	0	0	0	0	0	0	0	0	0	0	0	0	0	0	0	0	0	0	0	0	
0	0	0	0	0	0	0	0	0	0	0	0	0	0	0	0	0	0	0	0	0	0	0	0	0	0	0	0	0	0	0	0	0	0	0	0	0	0	0	0	0	0	0	0	0	0	0	0	0	0	0	0	0	0	0	0	0	0	0	0	0	0	0	0	0	0	0	0	0	0	0	0	0	0	0	0	0	0	0	0	0	48	0	500	0	0	0	0	0	0	0	0	0	0	0	0	0	0	0	0	0	0	0	0	0	0	0	0	0	0	0	0	0	0	0	0	0	0	0	0	
0	0	0	0	0	48	0	0	0	0	0	0	0	0	0	0	0	0	0	0	0	0	0	0	0	0	0	0	0	0	0	0	0	0	0	0	0	96	0	0	0	0	0	0	0	0	0	0	0	0	0	0	0	0	0	0	0	0	0	0	0	0	0	0	0	0	0	0	0	0	0	0	0	0	0	0	0	0	0	0	0	0	0	0	0	48	0	0	0	0	0	0	0	0	0	0	0	0	0	0	0	0	0	0	0	0	0	0	0	0	0	0	0	0	0	0	0	0	0	0	
0	0	0	0	0	0	500	0	0	0	0	0	0	0	0	0	0	0	0	0	0	0	0	0	0	0	0	0	0	0	0	0	0	0	0	0	0	0	0	0	0	0	0	0	0	0	0	0	0	0	0	0	0	0	0	0	0	0	0	0	0	0	0	0	0	0	0	0	0	0	0	0	0	0	0	0	0	0	0	0	0	0	0	0	0	0	0	0	0	0	0	0	0	0	0	0	0	0	0	0	0	0	0	0	0	0	0	0	0	192	0	0	0	0	0	0	500	0	0	0	
0	0	0	192	0	0	0	0	0	0	0	0	0	0	0	0	0	0	0	0	0	0	0	0	0	0	0	0	0	0	0	0	0	0	0	0	0	0	0	0	0	0	0	0	0	0	0	0	0	0	0	0	0	0	0	0	0	0	0	0	0	0	0	0	0	0	0	0	0	48	0	0	0	0	0	0	0	0	0	0	0	0	0	0	0	0	0	0	0	0	0	0	0	0	0	0	0	0	0	0	0	0	0	0	0	0	0	0	0	0	0	0	0	0	0	0	0	0	0	0	
0	0	0	0	0	0	0	0	0	0	0	0	0	0	0	0	0	0	192	0	0	0	0	0	0	0	0	0	0	0	0	0	0	0	0	0	0	0	0	0	0	0	0	0	0	0	0	0	0	0	0	0	0	0	0	0	0	0	0	0	0	0	0	0	0	0	0	0	0	0	0	0	0	0	0	0	0	0	0	0	0	0	0	0	0	0	0	0	0	0	96	0	0	0	0	0	0	0	0	0	0	0	0	0	0	0	0	0	0	0	0	0	0	0	0	0	0	0	0	0	
0	0	0	0	0	0	48	0	0	0	0	0	0	0	0	0	0	0	0	0	0	0	0	0	0	0	0	0	0	0	0	0	0	0	0	0	0	0	0	0	0	0	0	0	0	0	0	0	0	96	0	0	0	0	0	0	0	0	0	0	0	0	0	0	0	0	0	0	0	0	0	0	0	0	0	0	0	0	0	0	0	0	0	0	0	0	0	192	0	0	0	0	0	0	0	0	0	0	0	0	0	0	0	0	0	0	0	0	0	0	0	0	0	500	0	0	0	0	0	0	
0	0	0	0	0	0	0	0	0	0	0	0	0	48	0	96	0	0	0	0	0	0	0	0	0	0	0	0	0	0	0	0	0	0	0	0	0	0	0	0	0	0	0	0	0	0	0	0	0	0	0	0	0	0	0	0	0	0	0	0	0	0	0	0	0	0	0	0	0	0	0	0	0	0	0	0	0	0	0	0	0	0	0	0	0	0	0	0	0	0	0	0	0	0	0	0	0	0	0	0	0	0	0	0	0	0	0	0	0	0	0	0	0	0	0	0	0	0	0	0	
0	0	0	0	0	0	0	0	0	0	0	0	0	0	0	0	0	0	0	0	0	0	0	0	0	192	0	0	0	0	0	0	0	0	0	0	0	0	0	0	0	0	0	0	0	0	0	0	0	0	0	0	0	0	0	0	0	0	0	0	0	0	0	0	0	0	0	0	0	0	0	0	0	0	0	0	0	0	0	48	0	0	0	0	0	0	0	0	0	0	0	0	0	0	0	0	0	0	0	0	0	0	0	0	0	0	0	0	0	0	0	0	0	0	0	0	0	0	0	0	
0	0	0	0	0	192	0	0	0	0	0	0	0	0	0	0	0	0	0	0	0	0	0	0	0	0	0	0	0	0	0	0	0	0	192	0	0	0	0	0	0	0	0	0	0	0	0	0	0	0	0	0	0	0	0	0	0	0	0	0	0	0	0	0	0	0	0	0	0	0	0	0	0	0	0	0	0	0	0	0	0	0	0	0	0	0	0	0	0	0	0	0	0	0	0	0	0	0	0	0	0	0	0	0	0	0	0	0	0	0	0	0	0	0	0	0	0	0	0	0	
108	79	83	80	75	116	21	60	2	37	34	79	33	49	20	67	72	115	116	105	10	3	98	66	111	10	111	6	55	10	117	39	69	58	109	13	48	85	38	99	106	3	36	8	77	61	117	21	8	77	28	5	69	2	2	79	78	79	47	61	18	4	101	79	11	35	28	103	10	43	93	86	40	15	82	101	94	23	83	84	13	84	66	21	14	87	7	49	81	113	20	105	97	44	9	101	118	88	55	15	17	70	72	39	90	23	29	15	4	13	14	24	22	79	92	43	19	96	97	104	26	64	117	49	94	81	58	15	70	50	72	3	100	102	65	93	50	5	109	15	103	96	22	97	77	32	100	94	13	95	24	37	104	20	108	23	63	74	112	79	27	1	62	84	69	3	71	24	94	15	66	115	71	112	99	79	105	6	64	61	44	50	4	94	99	53	88	34	46	105	44	51	53	22	9	34	107	69	65	95	23	23	5	84	76	21	100	114	33	89	106	90	25	43	37	52	67	115	48	114	89	5	84	93	52	63	25	117	118	28	41	68	14	107	44	67	54	15	19	98	39	105	88	75	18	16	107	55	64	55	94	31	2	93	97	83	97	85	86	101	45	72	101	94	105	93	32	78	37	63	87	39	33	29	107	26	72	58	78	111	2	63	89	49	71	83	68	39	90	41	64	2	42	40	7	68	113	75	89	6	81	115	40	81	73	39	44	94	99	10	55	5	49	84	25	56	98	54	99	111	96	9	79	84	52	14	85	0	79	111	79	4	106	4	118	0	78	110	1	46	36	54	20	103	28	94	5	75	17	85	63	69	27	70	99	115	107	57	97	33	41	48	106	78	56	42	56	60	103	66	84	20	41	32	94	70	85	45	23	4	118	18	65	39	59	56	116	7	22	17	18	63	57	85	43	14	75	85	88	21	70	106	43	30	59	22	21	42	43	1	54	98	79	36	95	54	0	56	2	1	87	94	87	105	61	56	112	58	107	69	85	27	26	64	96	102	114	105	17	36	62	58	97	5	70	98	18	3	18	4	101	119	101	112	42	57	78	31	66	107	64	90	23	102	26	27	113	11	31	114	82	74	70	40	10	117	17	54	59	28	33	117	45	26	112	39	113	54	53	100	1	66	10	85	14	22	104	67	96	4	88	7	72	37	115	27	24	82	82	95	80	19	94	108	50	82	47	67	46	0	24	85	29	69	97	28	41	35	67	24	11	107	94	98	91	77	117	99	2	35	87	44	82	118	15	39	108	79	76	36	71	22	41	76	15	13	21	112	98	37	98	81	91	94	97	105	27	90	12	88	58	114	66	119	42	95	69	7	91	33	118	18	54	18	38	23	77	35	70	41	48	60	103	96	89	103	26	109	80	85	79	74	55	110	65	23	70	100	72	76	102	72	117	84	98	11	48	8	64	29	44	31	115	104	24	4	107	29	39	63	18	76	16	9	96	15	22	75	23	15	72	95	7	100	104	92	74	16	0	101	96	12	111	18	51	81	23	21	11	7	73	45	57	96	94	101	55	109	95	117	30	110	117	6	29	5	9	97	80	51	76	24	37	1	79	99	80	111	35	91	31	55	48	9	69	25	17	54	35	32	94	108	57	27	7	10	40	51	7	75	2	3	61	87	112	18	116	104	73	106	91	53	33	75	13	41	38	16	57	76	28	56	65	111	97	36	30	76	32	23	10	90	50	24	20	20	71	72	30	106	8	74	1	109	7	85	14	86	68	67	30	111	9	60	50	96	14	35	115	26	101	39	81	94	94	1	111	5	19	68	109	57	4	39	60	98	51	92	100	105	31	91	104	7	92	78	103	14	49	30	76	61	119	12	14	63	0	72	24	12	60	20	33	53	37	9	75	92	43	119	79	64	32	96	79	76	28	117	34	64	56	39	66	29	78	70	104	53	118	20	45	104	66	57	90	30	107	8	88	42	80	64	112	29	61	106	2	38	40	73	1	88	20	92	21	107	74	117	39	32	82	92	95	16	14	92	96	77	61	52	25	30	27	61	13	78	103	10	43	93	114	90	54	28	54	71	101	29	99	41	98	80	107	74	111	46	30	3	91	24	21	29	56	15	10	8	63	44	22	70	17	65	113	64	119	94	28	118	2	100	25	98	91	29	64	101	19	40	75	63	115	80	90	91	108	77	111	40	70	16	42	63	76	42	36	2	6	117	39	10	12	41	68	80	65	70	59	61	92	80	37	41	112	61	20	118	108	48	96	52	83	64	35	5	36	96	93	50	113	56	88	4	43	58	108	107	68	53	82	97	35	108	20	79	114	63	27	22	106	119	63	70	28	30	113	25	57	67	51	103	26	113	21	2	40	96	1	83	27	41	119	115	6	102	0	66	57	38	103	59	13	20	2	108	74	96	12	33	75	35	117	57	7	111	87	14	33	107	99	32	112	2	32	114	47	116	98	19	101	58	111	108	12	54	10	56	21	0	92	38	10	64	53	56	2	25	15	54	79	68	26	75	2	8	55	5	100	0	48	88	54	84	53	91	33	69	88	56	46	36	81	56	29	2	82	100	57	33	43	36	106	41	6	2	113	19	43	38	78	72	83	34	92	74	16	7	106	16	98	6	75	61	107	111	70	41	59	101	86	102	36	70	34	107	38	70	116	107	3	116	30	46	67	2	7	101	0	0	49	97	26	33	21	20	18	92	44	21	106	74	23	71	99	78	31	99	100	47	77	112	25	7	10	112	112	6	103	117	109	78	29	23	102	48	60	119	54	21	7	23	86	29	38	14	102	66	33	95	55	69	35	106	99	94	51	0	83	71	52	90	86	33	93	114	64	61	9	64	79	35	119	117	103	109	49	10	30	44	72	56	23	40	38	57	99	35	98	20	82	78	22	92	45	113	43	90	22	94	18	61	77	22	76	16	28	90	114	10	100	42	93	62	100	104	13	29	119	85	69	6	102	57	69	84	89	86	46	14	90	29	24	63	33	15	38	48	79	100	39	96	78	70	6	58	38	21	2	101	41	20	6	37	7	26	113	16	82	112	29	104	10	25	67	23	65	20	53	37	15	51	98	107	53	30	108	10	53	55	52	3	79	95	83	72	29	111	82	89	8	63	50	63	15	73	76	27	22	46	48	79	51	70	113	106	25	52	87	111	33	102	99	38	107	88	101	65	25	97	32	15	106	99	19	83	74	95	105	29	24	13	81	110	61	55	118	71	91	30	95	82	66	67	54	46	116	22	117	94	105	1	115	114	114	100	2	20	73	97	75	99	63	33	55	98	36	29	47	65	9	118	76	113	24	76	103	107	81	24	49	1	22	69	27	106	23	82	30	49	110	89	34	78	107	27	42	115	71	0	70	39	108	74	70	53	11	34	45	53	116	0	58	96	0	94	48	72	57	77	30	28	55	102	23	47	36	105	74	1	48	104	113	91	37	43	5	78	27	69	40	92	91	77	89	93	23	85	114	74	80	85	52	20	14	15	96	76	82	68	79	76	54	13	90	36	10	42	50	45	48	85	23	48	104	47	60	78	83	56	25	73	84	18	31	97	97	102	62	7	93	36	105	52	96	87	63	89	12	85	3	24	58	98	36	1	33	29	13	5	37	24	69	37	52	4	6	114	42	17	81	30	77	42	88	9	32	109	74	76	36	70	41	96	57	4	14	31	88	49	114	72	3	14	54	38	98	59	27	9	79	10	82	114	2	84	60	19	85	97	49	68	72	19	84	85	21	51	117	98	36	2	60	105	86	40	36	28	85	87	20	117	81	96	119	84	108	75	76	42	7	66	38	40	97	70	60	80	53	31	32	25	92	31	12	78	22	111	39	79	117	96	27	22	25	66	105	26	19	23	58	38	21	40	79	58	104	101	25	31	27	80	41	22	2	26	16	57	51	12	15	48	58	102	103	44	29	42	96	14	79	72	69	79	1	19	110	73	75	34	11	27	54	78	87	48	116	10	1	0	38	117	116	109	27	17	47	22	79	46	13	118	40	111	13	5	42	43	49	52	3	107	75	5	118	66	74	47	68	111	8	101	77	83	30	111	2	81	29	30	29	96	38	60	6	34	66	8	23	111	74	69	105	114	23	59	83	34	73	107	72	104	91	87	57	47	45	14	94	78	96	27	1	87	76	46	74	114	44	48	50	1	95	83	27	53	16	14	53	23	110	52	2	23	60	29	66	31	89	10	39	32	63	85	89	42	71	13	10	111	107	85	98	104	58	45	98	70	110	78	20	33	8	98	81	107	73	1	96	36	90	51	77	63	84	43	46	91	64	58	23	50	55	79	46	60	113	37	70	67	97	84	88	96	47	69	60	28	59	81	20	95	96	98	72	83	93	111	105	8	93	3	113	65	63	94	0	21	78	18	48	54	41	102	9	92	34	45	45	25	75	111	52	102	35	117	7	100	12	104	8	59	103	58	24	61	53	90	63	107	111	59	22	53	102	93	7	53	11	98	26	12	31	41	73	74	67	45	116	18	16	118	93	19	6	45	100	38	80	35	98	109	30	114	105	74	88	26	66	99	33	68	101	116	104	73	67	20	0	98	14	85	16	97	118	23	99	53	85	28	64	113	99	37	113	30	34	11	40	75	50	30	28	34	20	0	95	45	10	82	2	100	53	93	78	0	69	81	60	27	91	48	53	52	49	26	58	110	39	17	12	89	79	78	35	78	17	34	58	31	23	37	9	19	105	34	1	29	48	103	66	61	102	104	87	44	51	108	15	92	105	93	45	28	9	36	104	23	74	1	43	101	80	30	53	48	33	68	72	15	49	91	29	93	102	101	110	41	107	35	42	30	105	29	75	85	72	38	42	77	57	29	80	105	62	59	70	17	71	83	93	46	46	76	14	97	91	55	34	3	72	87	57	14	13	67	14	98	4	101	17	80	69	29	114	113	65	38	108	7	74	94	118	66	40	73	51	18	37	103	34	11	50	24	6	3	70	117	46	28	53	1	68	96	101	3	58	79	81	101	87	90	34	7	77	34	8	84	77	57	68	19	32	15	32	117	31	60	21	69	83	60	66	114	13	85	27	102	94	81	94	9	55	114	55	69	1	32	60	27	20	52	32	52	75	104	12	8	78	43	88	57	61	40	37	88	19	15	61	93	15	81	89	43	68	31	8	56	73	11	70	24	33	77	41	2	99	102	85	88	65	7	16	115	29	41	77	83	6	70	77	114	110	38	56	81	46	41	119	112	95	59	12	98	66	90	96	101	16	89	2	5	42	39	38	113	25	23	42	91	29	90	65	68	73	23	108	36	29	89	19	5	106	119	8	24	24	52	43	22	2	25	117	23	55	101	16	93	98	67	52	24	2	35	3	83	66	110	101	29	81	29	44	7	41	33	24	60	83	36	3	19	105	102	45	30	26	24	55	53	56	115	83	18	100	104	10	54	15	17	27	82	114	46	74	118	70	0	69	100	52	112	72	109	5	40	25	49	9	119	36	27	67	24	15	81	11	3	53	15	89	66	111	100	56	92	85	10	111	100	0	42	97	10	10	60	117	39	35	98	46	116	45	13	59	91	56	118	22	59	22	85	97	95	103	92	83	15	68	43	94	45	39	20	27	40	25	16	3	59	66	64	71	78	83	45	80	42	86	23	55	112	11	55	85	58	108	72	115	15	9	9	74	26	60	60	114	36	5	114	70	44	101	99	6	92	14	9	58	78	97	53	37	106	6	47	94	25	110	65	80	37	11	36	82	13	45	57	63	84	46	16	6	74	6	83	17	112	71	43	26	31	57	104	24	9	117	92	53	86	101	80	26	47	74	28	56	69	108	18	40	9	20	83	91	117	20	48	26	97	108	49	46	102	94	72	55	13	90	78	16	63	66	27	1	110	54	113	43	42	111	89	78	20	23	107	29	117	119	2	95	118	118	44	39	1	56	101	52	78	36	28	25	46	107	27	45	74	62	75	90	11	40	44	113	67	55	105	84	34	46	88	18	17	86	37	61	49	63	79	78	36	58	72	118	105	105	105	94	19	84	50	119	42	117	21	74	104	92	83	88	76	35	76	81	105	2	50	24	87	99	30	45	87	22	105	0	82	28	35	68	9	103	46	57	94	103	43	119	97	14	58	64	67	77	101	102	109	91	101	96	57	28	82	1	71	38	39	64	47	116	82	23	13	111	95	79	15	95	109	65	119	29	62	78	87	27	75	111	103	106	92	101	56	81	19	1	51	92	113	4	82	113	15	111	101	92	85	99	101	75	13	73	3	25	95	41	96	7	118	54	30	21	25	63	20	116	98	87	5	46	113	102	17	4	88	36	106	29	32	51	87	45	1	69	67	90	70	17	46	112	14	89	105	77	50	47	46	12	93	74	116	14	54	44	62	19	78	70	116	44	80	105	47	99	99	102	25	105	113	38	17	85	26	18	34	11	57	91	84	105	21	114	104	98	79	7	40	15	18	29	75	104	109	68	60	119	74	100	83	52	113	32	81	48	36	15	24	45	68	4	79	35	26	22	41	52	78	24	38	112	26	81	71	89	39	99	70	71	69	112	74	36	110	55	86	96	75	10	18	60	93	74	0	10	108	80	7	91	66	37	2	54	7	18	64	103	110	8	45	69	102	64	79	41	97	35	96	108	39	33	106	41	34	109	45	38	59	111	90	94	67	79	18	66	98	32	111	10	106	82	56	111	67	109	40	59	112	3	79	54	48	30	111	90	29	29	47	87	15	19	114	39	88	79	48	10	73	27	74	41	43	16	65	54	102	79	47	74	36	17	107	53	22	39	8	72	92	10	78	37	104	107	39	36	35	91	34	119	70	59	10	62	57	84	23	3	110	119	58	78	5	12	12	88	81	110	95	91	1	92	107	104	118	57	57	71	43	37	58	17	103	56	119	56	44	100	18	76	90	43	26	55	51	20	2	25	8	49	107	28	10	84	84	48	57	36	16	14	7	83	86	48	77	58	9	15	20	106	113	3	76	28	24	109	63	89	21	95	61	18	107	97	17	40	82	85	65	84	99	91	65	46	64	93	9	1	112	43	9	37	30	30	82	98	10	112	47	35	37	42	15	63	57	51	44	113	62	95	39	24	36	45	112	79	78	118	25	53	21	11	19	60	88	7	118	86	66	48	36	18	3	89	6	2	28	115	100	119	102	46	113	2	18	107	44	116	74	4	22	14	54	17	66	89	7	52	87	22	22	21	46	86	117	110	58	113	107	31	90	98	35	58	72	89	5	23	4	78	18	95	33	52	44	52	62	67	99	22	4	83	87	23	78	46	84	88	59	86	8	32	28	106	61	115	44	69	69	15	2	22	96	15	64	87	79	108	7	25	75	38	7	61	78	38	50	76	0	6	24	87	42	111	44	63	13	81	45	5	50	77	61	106	42	117	4	63	103	49	44	29	25	74	110	21	97	58	83	79	49	106	99	46	48	2	48	17	97	59	99	51	28	79	76	20	34	23	6	12	84	99	71	101	20	4	91	113	82	60	73	7	71	115	59	9	108	50	42	25	18	51	102	30	67	111	57	58	47	78	76	110	95	1	103	75	12	50	93	34	111	42	52	12	26	32	40	10	60	16	56	117	104	32	70	94	23	59	27	13	24	34	119	45	94	117	36	94	89	86	3	72	26	101	29	22	106	83	50	119	90	2	100	110	60	114	19	50	72	21	10	54	47	115	16	89	26	54	6	101	74	94	79	36	25	109	10	85	31	11	1	2	45	113	68	52	92	41	85	76	70	100	5	3	74	65	45	66	107	60	37	18	49	60	103	76	69	50	28	9	1	47	21	73	116	94	106	103	41	45	45	99	80	55	46	13	59	5	87	16	41	103	25	4	101	86	93	17	103	36	99	81	88	57	5	30	25	55	100	79	92	102	33	31	64	96	20	13	80	21	47	99	28	62	98	2	54	53	64	19	93	43	104	111	4	24	91	23	83	93	76	12	83	84	74	55	101	101	71	49	99	114	59	11	28	43	40	46	107	50	23	11	105	79	73	26	77	52	62	110	9	97	48	86	103	103	56	85	31	64	86	51	66	28	28	40	114	21	107	70	102	83	4	39	113	104	23	106	19	20	54	89	5	33	34	102	96	23	3	56	38	71	91	73	55	99	75	106	4	4	75	108	118	10	13	24	54	6	90	39	22	26	75	10	22	14	48	98	23	68	51	8	90	12	101	28	32	96	102	25	19	80	80	111	99	53	68	22	25	1	42	113	46	61	29	47	19	24	108	11	82	102	88	116	27	94	11	85	71	105	14	69	103	0	18	102	13	78	72	74	88	81	32	16	59	108	51	2	70	64	108	9	114	5	26	70	33	76	79	58	10	7	68	62	112	110	25	19	59	83	32	106	85	118	66	44	117	41	39	41	14	100	73	4	72	113	105	21	68	64	80	108	35	26	22	36	102	49	5	29	63	54	94	55	94	80	33	109	76	75	8	94	50	21	12	60	26	58	117	25	100	40	30	52	0	18	37	55	50	33	86	51	112	85	24	73	76	95	85	18	0	89	102	79	12	36	59	105	57	56	71	17	73	110	64	40	91	104	2	23	18	46	52	23	38	57	88	97	96	11	119	69	97	61	81	54	99	15	8	52	13	106	101	31	74	24	88	18	27	26	43	4	95	88	39	111	32	67	61	53	0	69	21	69	71	102	105	57	22	79	97	75	79	74	112	114	49	16	117	16	119	1	65	46	105	6	63	109	64	105	86	102	102	19	56	50	10	83	54	18	111	77	112	95	93	63	0	82	85	61	38	83	97	29	93	69	8	50	12	80	77	37	45	60	0	70	112	76	98	102	63	103	69	119	67	48	8	65	13	94	14	30	117	44	31	94	13	113	12	67	38	55	39	93	88	88	7	102	93	59	71	30	38	10	95	86	100	94	33	56	55	88	36	29	9	41	115	69	83	2	62	57	29	100	30	19	105	112	84	99	16	63	113	90	2	9	39	67	113	49	118	28	22	95	103	56	90	19	67	40	85	8	116	4	1	6	113	45	118	61	69	53	23	0	56	36	75	38	84	60	116	73	104	93	50	59	47	81	15	19	89	16	28	67	15	3	90	60	10	28	17	95	36	60	115	37	108	91	41	15	69	42	3	86	55	115	35	11	84	94	50	79	11	93	57	99	79	64	80	80	40	81	65	39	63	112	84	112	101	7	44	118	68	14	40	33	60	78	113	1	30	89	74	25	35	15	58	40	12	34	107	104	43	74	37	43	104	81	59	24	115	119	91	25	48	70	113	64	77	94	68	84	101	56	119	7	119	22	64	50	22	25	59	70	91	113	63	36	5	63	62	61	103	69	80	26	80	91	8	108	59	27	37	68	112	93	80	74	89	83	84	49	69	29	88	9	23	52	53	66	71	58	102	23	23	72	42	47	6	45	107	101	79	101	18	112	41	63	87	43	39	84	4	101	98	30	74	96	33	21	17	70	23	42	83	94	76	119	89	18	17	53	52	91	95	68	52	18	71	85	51	72	35	114	97	6	75	11	41	13	80	106	90	86	59	7	21	66	94	76	21	97	64	97	105	110	68	32	27	89	42	25	91	90	27	53	20	44	73	86	5	55	116	61	47	35	21	57	45	115	29	54	78	102	117	42	51	94	78	97	71	117	34	97	113	34	105	5	11	23	52	118	110	29	108	116	34	93	91	64	65	40	89	28	52	79	7	1	19	91	78	23	88	37	7	63	12	46	108	75	111	119	84	91	4	97	10	16	65	69	6	13	90	11	106	0	62	62	53	84	23	30	18	18	102	11	25	17	44	80	99	5	81	12	1	117	71	65	13	106	30	1	71	6	24	83	32	73	22	113	81	20	89	69	99	81	1	94	64	73	112	46	48	28	55	110	20	51	78	103	77	16	72	58	116	36	108	48	75	110	59	34	66	50	103	25	42	78	41	86	60	102	106	113	17	16	66	101	75	23	51	10	42	100	86	56	119	87	12	82	59	97	69	111	71	44	99	58	45	112	118	34	101	79	49	98	96	65	3	33	15	0	5	89	99	84	90	28	14	23	113	113	72	25	76	26	58	91	75	96	61	47	25	108	27	6	68	31	3	40	112	66	40	94	68	14	90	90	106	28	10	76	67	61	66	118	96	73	106	80	57	67	42	3	112	107	21	97	69	97	44	67	66	16	94	57	32	72	86	108	16	105	60	110	2	102	1	119	24	54	46	105	59	19	77	68	60	95	61	98	67	89	57	107	2	43	25	112	25	78	55	107	91	67	10	109	63	35	61	30	110	23	80	31	107	112	116	10	117	95	82	7	78	69	12	48	46	83	34	5	63	66	60	96	98	75	46	73	24	30	102	58	17	14	39	99	79	43	112	37	51	53	60	42	117	63	91	106	95	48	63	87	42	98	63	49	63	55	6	90	30	14	68	82	9	89	2	35	17	98	26	29	14	16	59	82	82	13	24	33	54	2	73	94	106	96	31	72	112	56	91	48	81	27	39	88	94	50	51	88	31	78	56	90	14	16	39	94	116	80	113	54	49	97	32	26	31	99	28	43	31	14	22	35	89	13	87	59	48	55	24	107	43	31	35	84	67	108	80	80	106	73	88	39	113	21	4	99	65	42	14	60	83	82	101	43	71	4	60	106	7	42	107	90	51	5	43	115	77	102	14	22	78	46	19	85	15	78	69	72	112	87	60	105	27	74	58	64	33	48	30	95	114	49	27	14	81	40	41	55	52	45	41	26	39	33	108	64	1	52	68	43	68	41	24	52	9	31	83	82	0	73	77	9	27	14	95	111	27	80	99	8	24	97	1	82	13	80	66	88	105	7	79	3	69	79	81	11	51	9	17	81	100	14	25	79	113	87	33	14	26	37	58	86	106	73	86	56	7	12	92	22	93	103	47	56	11	3	71	79	35	49	61	54	6	33	82	51	36	94	32	65	95	80	111	33	96	15	7	50	55	94	20	88	110	28	68	66	38	92	82	17	0	85	45	103	76	49	88	28	60	65	51	9	16	23	96	64	3	90	94	58	44	28	56	39	45	70	78	24	30	41	65	39	65	30	43	93	103	118	107	1	65	66	52	71	39	27	86	69	83	98	58	71	110	95	26	99	40	29	53	36	27	20	94	11	8	60	21	24	95	48	107	76	74	7	106	1	58	20	49	15	112	102	99	56	28	104	16	4	104	81	49	93	21	67	8	51	91	104	45	104	68	119	48	4	113	58	44	32	99	42	58	22	106	16	41	23	64	101	92	3	30	26	43	59	52	0	119	25	100	88	81	93	47	19	106	9	69	25	76	21	56	37	63	74	89	15	100	58	105	8	100	70	56	40	105	38	0	90	34	27	34	53	82	87	38	36	25	66	86	86	33	78	67	37	25	27	69	19	100	
30	107	12	5	66	11	42	66	2	42	78	64	11	69	108	52	88	8	1	3	119	80	116	26	70	82	8	70	48	28	114	107	52	35	105	104	38	75	56	88	67	57	44	1	105	98	107	88	11	52	66	82	31	28	94	44	11	109	59	11	75	86	86	60	100	12	30	3	27	115	38	79	61	96	4	83	32	105	20	118	55	34	100	115	9	8	0	0	105	41	119	18	110	73	51	85	12	54	76	8	17	12	29	111	72	49	116	22	16	96	13	84	76	73	38	52	35	38	116	84	89	14	116	33	3	101	58	24	30	41	35	78	103	30	69	0	84	42	69	10	33	81	8	43	74	80	26	86	94	5	113	9	57	36	89	10	104	75	17	60	113	117	67	29	31	42	71	73	73	92	8	119	67	66	44	83	9	49	111	41	34	29	47	88	3	3	72	19	31	113	97	24	20	43	93	68	24	62	89	20	23	88	107	45	94	69	24	20	106	115	93	109	88	13	62	23	13	27	0	5	6	104	90	110	73	73	31	5	50	99	20	48	30	36	40	108	90	88	6	46	115	37	3	3	110	87	85	7	72	20	9	41	111	64	44	12	15	88	42	47	92	50	49	101	69	66	85	20	39	13	28	113	117	81	3	25	77	2	30	105	37	94	35	77	104	113	103	52	77	96	46	9	8	33	78	3	14	64	44	85	36	107	116	53	104	13	20	8	93	30	56	35	2	17	110	67	83	35	83	61	101	1	83	93	21	65	28	66	64	47	75	7	67	1	84	58	44	67	93	24	15	43	91	102	80	52	42	65	14	70	16	102	77	43	73	2	115	34	68	1	99	16	91	106	115	81	86	64	49	34	8	26	57	56	55	19	0	81	103	41	11	106	62	1	111	110	49	40	17	69	100	114	79	105	21	86	20	113	32	31	95	25	60	68	92	87	91	80	104	119	93	49	48	31	21	76	50	91	57	46	81	56	61	4	4	84	15	19	22	91	100	23	46	66	32	111	80	7	9	14	10	46	52	43	95	101	53	33	117	0	18	86	34	12	104	87	74	87	3	89	97	45	73	113	102	28	102	99	22	88	96	6	68	118	12	93	30	84	70	62	50	86	84	103	100	57	27	83	40	107	23	16	93	89	118	11	24	54	53	104	116	81	16	110	119	95	29	25	55	108	0	117	72	117	55	56	14	96	111	56	0	49	109	96	114	5	37	22	26	34	52	87	3	116	65	55	36	1	15	29	40	61	3	21	38	101	92	11	2	119	36	77	49	39	59	49	24	35	100	98	77	87	21	94	3	96	26	18	33	76	2	59	83	79	111	77	54	46	1	39	39	23	75	92	43	87	34	59	39	65	117	71	49	108	119	94	109	21	69	77	87	96	38	65	38	42	12	7	94	89	55	84	117	65	42	60	94	71	75	70	23	113	118	5	30	107	17	23	47	27	105	57	71	61	42	112	3	78	98	113	16	108	54	97	75	3	74	37	58	16	108	42	64	57	33	92	12	91	5	81	50	113	62	23	63	98	48	33	88	91	50	109	43	0	38	32	19	86	116	103	23	43	39	47	34	43	4	44	83	75	114	85	94	57	100	53	56	113	95	10	31	73	34	66	38	13	39	72	60	98	62	82	101	46	34	21	29	61	89	45	107	61	31	1	28	106	11	92	35	105	111	117	38	48	83	39	91	35	114	56	46	32	89	45	27	27	15	43	25	17	79	47	69	64	30	6	90	20	74	85	86	82	8	64	103	16	109	118	72	82	45	42	80	30	118	58	19	0	20	51	118	29	13	2	63	91	30	52	1	62	91	110	75	60	66	45	80	113	48	117	71	34	1	109	20	93	51	80	60	102	82	12	60	115	53	95	58	32	70	92	113	2	109	112	96	39	85	2	67	99	52	110	71	28	22	73	81	109	65	47	6	86	10	102	59	41	117	44	54	14	72	68	35	79	40	36	14	35	105	1	46	110	33	56	47	62	20	21	15	95	73	39	73	94	74	41	99	57	119	26	19	52	75	53	117	69	36	80	54	56	46	8	115	34	39	2	105	41	36	11	29	57	113	8	5	8	84	5	36	49	113	113	49	28	119	119	88	92	32	69	62	110	76	73	8	7	110	38	108	85	116	114	109	4	98	10	26	82	70	74	94	27	5	25	8	76	3	98	60	51	62	76	23	85	91	34	79	29	46	106	23	82	53	33	110	65	84	116	104	93	82	72	17	118	73	58	0	86	9	55	2	68	37	43	42	116	35	85	46	108	119	40	84	48	7	98	16	14	96	48	110	34	22	71	5	105	7	44	113	65	48	52	16	38	5	43	85	93	52	48	31	20	9	14	17	103	26	116	42	92	60	109	22	39	67	15	58	102	78	63	100	28	39	50	79	81	6	29	26	15	70	116	112	21	4	118	40	24	14	47	54	75	9	11	47	6	2	104	24	3	93	51	55	97	40	113	55	92	71	71	79	26	0	2	51	103	16	47	32	57	28	82	27	92	112	50	57	53	1	34	7	58	86	88	67	39	66	73	49	81	10	106	101	118	12	8	46	42	85	112	72	99	90	47	57	21	39	74	28	77	90	5	111	41	95	118	8	117	52	3	27	55	94	95	69	75	17	80	91	94	11	35	26	30	9	13	7	7	79	18	56	87	75	89	64	74	42	93	94	85	40	77	94	22	3	108	93	25	55	56	40	19	82	110	117	98	57	43	95	58	25	84	5	89	118	102	90	51	85	78	61	78	53	24	106	118	25	83	22	88	46	10	111	81	82	51	80	79	50	91	64	55	35	87	90	101	17	4	53	102	26	23	13	111	26	20	55	110	63	106	81	40	30	116	46	32	60	49	13	102	13	108	9	4	38	107	49	1	45	99	41	105	23	1	54	66	105	18	22	0	55	114	4	9	55	96	63	8	54	55	26	61	104	46	28	50	59	88	113	38	3	99	46	86	118	76	25	78	105	88	5	43	32	60	17	2	25	20	16	25	105	15	89	69	12	88	112	66	24	102	10	109	57	76	44	43	102	88	44	34	49	55	85	15	34	14	94	37	108	66	19	83	5	119	57	30	9	60	101	74	94	100	84	108	1	86	11	114	22	93	88	56	107	119	22	35	93	41	100	113	104	72	38	78	42	73	41	64	23	49	114	83	69	28	71	29	1	97	51	65	32	51	5	47	78	96	17	113	24	94	4	6	53	104	59	11	16	76	11	67	78	102	1	85	110	77	75	14	83	53	20	18	58	26	27	14	1	67	52	24	93	11	36	84	107	112	56	24	71	71	69	55	111	61	97	113	7	79	72	64	61	10	14	115	14	90	2	71	30	94	0	16	99	81	53	107	74	42	15	110	31	4	81	21	24	117	34	45	49	98	45	76	89	56	17	118	66	67	34	9	84	18	69	96	90	33	32	99	106	92	30	53	32	73	14	99	114	93	19	2	37	86	84	48	77	7	13	33	8	29	107	59	90	7	116	34	106	49	75	68	11	87	87	101	10	104	99	66	45	63	38	9	113	114	60	6	82	63	90	118	118	49	78	7	82	29	3	77	58	74	39	14	60	100	32	14	117	47	74	50	113	98	66	72	102	8	69	68	9	48	112	12	78	77	49	83	107	29	75	1	108	61	29	73	55	65	99	48	25	80	34	51	103	14	87	72	21	79	87	3	24	25	63	90	47	58	109	73	69	69	68	54	63	80	11	12	35	72	22	83	30	50	74	85	53	18	76	25	44	39	98	60	41	68	39	10	64	64	10	104	23	110	87	3	67	84	99	73	40	63	19	31	44	20	60	48	12	48	19	60	76	72	70	21	106	16	24	10	43	39	80	55	3	88	98	90	56	18	19	39	118	96	72	116	99	56	94	61	20	63	11	63	53	10	2	0	13	45	106	100	38	55	63	64	48	84	86	98	62	72	4	38	53	17	31	2	3	100	26	10	109	118	28	43	8	44	96	11	48	115	37	54	75	64	63	18	69	48	35	35	116	71	31	70	13	12	14	57	36	2	87	32	79	55	53	16	91	0	95	63	4	42	25	114	80	18	56	52	116	37	50	12	36	88	66	31	38	15	103	41	110	57	4	15	99	57	64	103	111	69	111	53	42	34	62	62	87	101	18	40	108	11	89	63	85	73	102	49	40	116	40	98	34	96	3	79	71	76	44	86	109	83	104	99	88	19	116	20	22	25	54	13	84	34	33	67	71	99	116	12	67	17	51	108	78	65	67	8	52	63	89	78	3	106	66	99	48	85	51	106	39	94	18	82	78	59	82	24	26	111	82	48	39	24	118	79	43	42	51	51	74	84	62	104	66	90	93	59	96	48	83	114	57	29	15	25	17	28	117	78	117	59	106	53	108	79	91	27	97	93	53	78	57	90	53	34	107	106	49	108	18	108	76	34	3	4	21	89	52	22	104	108	18	16	42	26	74	31	72	72	32	49	55	2	34	24	53	21	36	100	21	15	100	81	14	4	31	100	12	49	105	105	20	12	16	39	115	113	105	57	39	110	8	93	35	55	51	88	38	57	14	31	3	34	23	55	105	30	51	29	100	27	95	101	97	37	23	94	54	65	113	107	102	37	65	67	96	13	29	105	103	39	90	75	82	47	68	78	93	2	1	87	5	30	69	91	56	71	79	118	89	18	17	15	103	85	3	25	93	12	8	19	114	93	46	64	10	68	25	118	82	46	31	106	87	81	61	17	15	113	103	64	77	108	99	83	40	46	102	41	4	52	20	29	46	108	59	78	115	106	64	119	48	60	55	46	67	54	102	64	63	77	25	10	115	95	38	25	115	24	34	65	51	22	113	81	115	92	41	53	21	50	95	25	87	42	119	91	55	84	7	72	64	66	108	5	65	115	114	31	78	51	87	59	100	56	72	118	64	62	33	68	72	26	40	28	55	18	25	73	28	66	50	105	107	104	40	26	24	56	7	47	27	119	61	70	118	43	79	99	119	24	65	69	116	52	65	72	64	99	44	48	90	2	22	108	70	79	101	119	97	38	109	23	64	4	116	65	88	119	31	82	7	107	74	7	24	6	83	5	90	68	103	104	89	26	90	39	34	118	90	117	10	85	108	41	39	82	36	102	116	36	104	34	72	80	85	66	6	25	15	115	109	47	116	57	17	28	48	75	111	111	41	101	117	84	44	27	62	113	5	19	57	58	82	3	57	69	24	78	45	118	19	2	97	42	9	108	82	7	63	64	30	73	1	13	32	29	69	71	103	113	39	2	6	65	22	76	60	83	44	115	5	51	17	90	38	71	56	71	36	106	55	55	21	4	10	46	92	71	111	107	24	90	74	2	69	74	66	71	64	18	74	0	102	74	47	99	28	20	55	27	88	87	47	14	53	31	100	17	42	82	82	96	50	44	23	90	108	91	31	67	37	3	24	55	72	81	31	85	51	19	48	48	100	85	105	118	118	60	70	12	88	86	22	103	38	119	44	84	93	5	61	7	90	36	55	95	19	73	119	8	83	82	81	70	49	99	4	87	65	82	82	88	103	75	99	70	82	75	58	62	7	64	84	77	73	22	96	80	38	67	8	44	108	83	60	53	39	27	31	105	116	1	63	86	64	73	97	87	48	40	105	98	65	44	12	116	97	82	49	74	115	69	75	40	94	52	32	69	54	116	116	117	8	57	45	68	73	88	71	80	30	30	97	15	21	73	14	68	9	110	91	29	105	97	22	54	33	103	36	54	62	21	42	81	85	17	68	99	100	0	47	11	14	53	90	116	82	32	0	116	35	107	14	8	104	21	107	37	21	10	106	88	47	104	104	62	83	19	43	20	7	73	80	62	86	117	108	11	111	55	19	102	38	89	99	85	104	114	24	61	42	15	48	115	113	12	88	12	107	70	28	5	19	58	74	75	8	110	79	106	86	31	103	89	106	57	16	99	65	1	47	78	56	28	24	87	108	0	41	115	11	66	46	15	113	101	77	112	98	48	35	3	101	96	52	28	102	33	54	98	99	72	102	24	63	35	72	77	25	78	114	84	12	118	33	3	31	81	9	111	102	51	24	12	30	10	27	105	20	26	14	50	70	89	94	107	39	66	98	27	78	13	5	109	94	12	5	31	102	6	22	46	2	8	78	71	80	21	74	31	59	28	54	19	65	58	80	23	72	115	36	18	4	52	89	15	2	107	26	44	71	20	36	87	24	61	117	27	114	33	98	118	91	72	87	68	70	108	82	84	34	68	40	106	19	85	61	114	62	59	111	3	48	115	99	64	6	83	69	55	110	39	27	77	83	28	34	39	60	16	38	2	21	79	37	3	115	7	83	119	19	115	86	82	114	67	11	58	70	98	86	117	50	61	21	86	29	33	61	107	19	20	90	81	1	10	50	21	12	65	66	100	97	45	86	10	22	12	36	6	70	106	80	27	32	100	0	104	24	96	89	112	51	18	48	41	94	7	17	112	70	29	49	114	33	96	47	76	106	70	110	106	96	115	107	99	39	44	117	82	44	111	23	118	4	24	62	58	20	69	80	108	17	25	74	9	41	44	1	6	104	17	25	64	10	29	79	52	46	29	58	86	72	79	29	77	102	31	62	92	11	91	57	65	78	63	60	73	114	9	107	97	118	100	61	70	38	80	28	69	31	63	104	59	86	16	36	52	89	64	86	87	43	83	90	63	107	30	46	35	92	6	47	70	13	81	18	70	34	44	11	104	97	34	39	81	61	51	68	5	60	9	47	115	92	59	109	54	89	61	74	77	88	45	100	107	118	103	55	22	104	49	50	91	99	71	47	95	101	62	62	111	113	108	106	8	22	13	24	95	112	46	55	24	76	13	66	41	55	46	86	112	102	111	66	0	23	60	25	55	61	74	40	90	111	15	69	70	49	87	5	32	48	112	44	68	41	38	105	57	49	38	38	42	6	118	107	6	83	18	27	24	47	95	51	14	30	99	82	5	37	51	91	34	113	26	67	41	71	15	8	105	69	103	71	6	38	70	85	60	25	73	86	81	42	118	16	59	94	9	79	21	82	31	73	69	43	38	51	16	39	66	65	18	105	113	105	74	56	103	48	116	64	113	114	44	6	53	85	64	39	119	94	46	40	29	113	81	54	43	28	47	39	86	67	101	15	84	52	80	42	105	28	4	55	18	47	104	58	13	67	95	81	79	37	40	15	67	9	14	18	40	37	103	48	91	62	64	13	24	72	86	86	84	73	30	104	53	37	101	48	23	115	103	91	7	85	75	103	27	51	60	24	47	8	0	50	73	90	100	76	61	85	46	66	56	87	24	66	96	117	98	79	73	27	32	31	40	23	95	48	43	21	43	54	79	100	51	14	47	54	42	77	90	19	30	64	29	118	60	36	44	93	41	15	68	92	82	20	67	17	52	66	117	97	51	93	7	96	86	50	31	12	64	102	1	26	95	62	3	94	73	8	25	6	9	63	16	103	77	18	102	109	18	13	23	69	12	109	89	46	50	15	32	115	15	16	33	26	90	46	114	39	30	68	39	16	57	89	38	98	81	17	27	89	57	1	11	91	6	94	100	117	23	13	58	43	72	36	90	59	69	118	10	1	117	82	102	27	19	68	36	118	53	113	88	7	0	118	95	90	105	16	47	92	61	13	108	76	57	24	52	45	114	8	67	20	28	33	110	104	94	112	3	83	59	50	70	13	33	100	29	105	6	99	60	21	5	117	88	13	59	78	47	24	39	58	45	8	93	8	64	21	106	68	75	34	42	36	86	28	115	59	83	50	35	87	18	71	37	70	117	16	15	52	91	36	46	6	72	13	7	113	98	75	118	42	29	9	74	62	30	101	62	91	11	91	9	69	64	17	110	88	83	4	3	59	64	112	85	74	52	75	89	90	101	58	92	9	111	49	115	106	40	22	74	44	68	30	0	35	80	45	56	28	10	9	80	68	110	62	94	8	97	106	37	37	73	10	83	65	82	67	101	15	114	65	103	30	21	17	80	74	80	58	59	112	9	79	79	61	101	37	31	14	111	27	49	57	38	91	50	81	87	101	103	21	29	44	85	33	0	94	73	58	66	95	64	77	98	13	78	15	60	85	82	86	94	116	79	117	108	102	59	27	116	88	83	100	34	113	108	13	11	60	51	75	53	86	29	27	44	77	23	35	109	6	77	70	54	62	62	91	75	81	61	6	74	45	96	116	15	62	100	82	80	82	94	117	48	62	27	59	103	94	96	95	15	64	90	72	7	17	77	66	52	69	0	114	81	26	94	37	94	68	21	96	77	66	18	24	69	70	114	35	34	80	10	52	42	75	63	66	81	21	78	25	45	98	75	94	34	64	37	87	61	36	63	39	12	66	15	36	107	16	10	44	95	91	78	19	62	71	69	38	44	106	119	74	79	96	112	52	59	88	101	17	21	4	58	7	27	108	29	2	73	75	20	78	53	39	2	82	91	92	61	82	24	88	42	67	34	104	54	67	37	0	117	29	7	22	62	96	12	6	29	16	81	30	94	114	36	83	103	99	25	58	101	64	29	111	37	110	38	32	92	19	113	97	47	114	9	8	35	58	77	26	61	71	26	59	65	6	52	25	86	60	104	9	23	78	75	111	42	50	99	41	68	3	45	43	66	0	45	116	41	93	16	86	94	15	35	65	109	99	108	24	13	54	104	97	17	110	50	104	16	110	2	59	29	109	82	7	6	39	9	24	32	73	59	4	64	72	118	104	75	9	102	112	77	74	25	18	29	6	74	34	30	36	97	118	71	80	8	27	67	87	14	21	80	102	104	35	43	98	50	79	17	72	41	105	111	86	10	36	9	0	51	37	22	43	41	18	1	19	56	24	65	0	93	12	17	28	37	2	103	77	70	32	16	33	53	26	65	67	53	78	23	66	101	57	78	114	82	40	13	24	0	39	79	113	116	51	19	75	108	43	68	113	76	10	8	106	25	45	4	18	57	58	37	62	113	110	8	99	116	102	66	78	89	102	47	60	101	52	46	99	91	92	18	54	75	52	81	44	87	73	1	9	30	23	101	82	93	12	19	108	23	5	103	37	91	14	56	48	54	45	50	84	108	63	9	5	74	72	44	47	6	38	118	42	92	5	53	112	66	35	46	119	51	29	78	116	23	64	34	61	104	80	87	6	61	2	9	68	83	109	95	108	38	92	68	91	11	44	79	14	24	99	51	107	105	94	54	61	11	42	69	75	28	83	117	89	64	55	66	92	117	82	67	81	71	34	52	13	51	68	9	6	111	5	96	47	63	113	103	87	64	109	105	74	64	71	92	69	20	28	20	69	55	41	32	63	112	26	4	25	92	101	36	62	79	31	15	53	46	12	48	58	63	73	85	34	110	109	68	50	40	83	64	87	35	9	46	38	51	115	117	109	22	79	105	48	72	98	110	91	86	72	91	69	30	87	83	59	52	91	13	0	38	19	20	18	72	41	70	111	15	93	104	2	97	34	54	58	98	118	95	27	47	85	55	98	86	61	42	116	19	83	95	31	4	115	81	78	37	51	46	8	20	112	35	49	84	6	61	70	37	19	41	76	81	91	3	8	7	52	42	79	20	99	41	119	76	45	79	115	68	70	47	82	73	107	95	104	105	27	76	66	25	81	11	101	61	18	17	23	42	85	35	43	69	77	29	0	12	95	78	2	59	25	25	61	56	104	117	24	55	25	61	32	78	104	79	80	9	11	32	110	69	86	77	104	48	47	18	10	78	67	22	65	20	78	45	50	104	30	51	42	70	40	70	62	76	0	83	108	38	4	16	23	113	96	119	6	91	58	72	21	40	103	119	57	70	20	57	23	105	45	74	4	30	104	65	14	27	49	73	56	60	38	16	89	46	36	3	85	87	15	23	113	20	29	65	74	112	18	14	85	74	61	35	8	63	25	108	102	59	59	16	14	59	17	2	52	13	56	24	77	45	84	55	46	24	99	44	92	28	114	100	92	13	5	116	44	65	82	33	80	76	54	87	84	67	109	29	15	20	77	22	94	91	67	8	28	78	11	16	87	57	91	35	29	57	31	14	89	44	61	22	34	70	90	8	4	76	107	56	68	68	28	61	95	3	2	58	43	52	28	53	43	110	4	116	110	86	58	58	0	8	17	29	70	65	79	81	117	103	65	29	82	62	59	93	82	27	51	37	67	92	85	92	64	61	15	53	80	4	14	62	111	85	102	4	50	61	61	20	30	42	8	11	33	112	99	62	14	44	4	25	84	76	96	99	118	45	27	39	27	50	51	107	47	50	4	12	64	66	76	8	105	14	104	82	8	3	52	39	11	71	31	78	62	22	99	3	78	69	88	26	64	114	89	10	25	25	107	14	94	96	44	4	61	35	25	65	1	95	95	98	33	2	50	36	113	48	8	4	30	23	5	78	45	91	47	89	27	25	99	64	6	39	5	66	9	105	59	26	115	45	10	70	72	79	86	83	93	60	109	54	79	42	44	36	67	101	87	57	31	58	20	4	22	23	111	32	39	8	119	44	70	99	94	19	96	68	76	51	98	48	84	105	89	5	12	74	106	39	8	91	19	12	30	16	104	56	51	88	21	96	3	62	97	18	12	9	96	106	58	4	112	38	83	93	36	50	68	33	35	43	90	29	88	15	49	54	10	26	95	64	45	34	0	34	62	67	50	0	50	74	58	14	111	28	36	98	16	56	14	89	60	104	5	64	103	83	109	60	62	69	52	26	102	60	22	23	52	4	9	63	53	114	10	33	71	28	94	72	13	46	1	83	38	6	40	13	30	96	18	108	18	73	74	45	31	71	101	100	59	78	42	16	89	108	68	13	96	61	64	71	3	22	68	85	81	117	117	82	102	70	48	28	88	38	81	80	74	75	54	99	50	65	75	50	6	62	30	18	50	118	100	55	91	111	25	40	46	76	27	80	48	13	7	14	6	108	1	61	77	80	31	91	3	94	21	5	36	113	49	0	21	105	0	97	11	88	31	20	27	21	58	96	90	52	46	8	118	35	106	74	26	94	65	12	37	51	49	65	35	30	54	23	1	20	46	11	100	83	109	89	9	79	114	64	93	77	87	84	46	83	76	65	16	6	84	61	112	65	69	54	99	51	83	39	78	113	36	118	102	102	77	80	80	18	18	57	34	103	57	64	0	20	63	105	22	70	8	72	91	24	2	43	83	74	58	0	4	38	12	10	113	27	86	55	113	93	28	36	7	10	100	22	90	86	3	9	38	47	109	108	80	65	16	114	101	113	9	98	99	37	12	103	117	1	55	103	82	74	71	55	118	54	32	28	46	57	48	107	31	73	76	112	46	74	16	82	0	49	106	37	3	12	70	5	90	31	26	32	84	80	75	75	109	3	117	35	98	61	110	93	96	44	67	46	109	52	
26	23	29	27	23	31	32	36	38	20	33	39	22	25	38	21	24	27	38	33	24	24	21	29	38	28	26	21	32	20	30	34	34	37	30	39	23	25	33	30	27	25	27	30	27	40	27	28	39	38	31	28	29	20	35	33	29	21	29	32	26	40	28	22	35	36	25	35	27	23	27	29	32	23	28	33	23	25	37	21	40	31	34	21	21	40	40	31	37	32	29	32	38	22	38	40	22	27	20	35	21	26	29	39	34	27	40	24	21	24	37	30	30	28	30	39	40	40	26	23	28	34	28	27	33	36	38	22	27	36	30	39	34	23	39	32	39	35	28	30	27	21	32	36	21	33	39	38	40	35	25	30	31	36	39	36	20	40	24	39	22	36	35	30	24	23	27	27	23	37	21	22	21	31	32	37	39	28	23	40	30	36	35	20	20	37	25	40	27	25	29	20	34	25	37	32	28	38	23	25	26	25	20	21	33	35	37	35	33	22	28	22	29	30	25	30	29	38	38	35	35	20	36	34	30	32	29	33	33	27	35	24	37	27	20	27	21	38	28	39	39	40	24	40	20	28	35	30	24	28	33	36	30	21	36	32	26	31	26	36	25	29	36	38	28	35	20	37	22	21	40	30	25	20	37	37	38	40	34	28	29	30	31	28	35	23	33	33	30	40	29	37	27	37	39	32	30	26	24	25	36	20	33	36	40	29	35	40	26	27	20	28	23	20	21	38	36	38	26	29	35	40	40	22	33	29	35	31	33	24	35	30	29	40	21	40	29	34	23	34	23	31	25	38	27	21	21	39	27	32	24	28	29	28	31	35	30	27	20	21	21	37	25	32	38	33	40	28	33	31	26	32	35	37	26	21	36	35	22	27	39	30	34	35	39	40	39	30	39	28	35	29	34	27	39	20	21	38	27	28	36	37	22	34	29	39	34	32	37	38	29	38	20	32	23	22	26	40	20	23	34	25	22	35	27	31	26	26	37	23	29	23	29	27	28	40	27	27	40	37	38	32	39	36	38	37	39	29	33	33	22	31	36	38	25	29	40	31	32	39	34	24	35	36	28	23	22	27	22	30	26	40	26	26	28	35	29	32	38	28	24	25	26	28	40	26	23	33	40	38	26	22	24	38	30	24	40	24	21	22	36	38	27	28	22	32	30	34	29	34	23	32	29	31	25	39	32	20	25	24	36	31	22	28	33	25	37	25	25	23	24	26	23	33	38	34	21	30	26	24	40	25	35	20	22	35	21	38	35	22	30	37	21	22	28	38	22	24	28	28	40	29	40	29	23	23	23	24	31	30	37	33	26	22	28	39	25	23	28	21	35	36	29	36	39	27	38	31	33	29	34	24	30	20	34	24	32	40	35	24	39	21	39	25	26	33	22	27	23	21	35	25	35	29	27	27	33	20	40	23	40	37	31	25	23	30	31	25	38	23	30	39	24	34	21	35	31	28	34	37	25	24	40	33	40	26	26	37	34	20	24	24	35	37	40	25	21	37	35	38	31	33	32	22	23	29	30	28	22	36	21	27	26	27	20	39	32	21	31	38	35	27	38	27	21	31	21	36	39	29	29	40	23	28	34	40	23	37	36	21	30	27	21	39	27	33	33	21	40	23	20	37	30	31	38	32	20	21	22	23	22	28	25	32	28	40	31	30	24	26	31	37	24	36	25	31	34	31	30	25	21	31	39	38	20	35	28	31	38	25	32	27	32	38	27	33	31	29	21	34	20	26	30	32	30	25	24	35	35	31	29	33	35	25	29	35	28	34	25	37	29	32	23	26	24	34	34	36	29	35	31	28	21	20	33	20	26	40	22	31	38	22	20	20	39	28	37	26	39	32	27	21	35	36	31	40	26	25	21	26	20	37	30	28	26	38	24	29	40	31	23	38	30	40	29	23	20	28	39	25	21	37	27	25	35	21	35	34	37	36	21	22	21	38	34	38	30	40	26	21	40	26	25	27	20	28	25	38	36	24	40	38	22	39	33	33	32	36	32	36	33	26	25	25	33	36	23	24	33	31	31	32	33	25	26	27	22	20	26	39	24	38	36	29	31	20	31	25	26	31	40	21	34	33	30	20	20	31	21	40	30	39	23	39	26	40	24	22	29	35	25	38	21	30	34	33	20	30	25	40	33	34	23	33	35	40	33	34	20	34	31	23	21	40	33	35	37	29	28	39	23	33	37	35	26	31	23	35	25	39	31	31	24	34	25	37	35	34	39	23	34	26	33	28	22	23	24	27	35	25	24	29	39	37	34	34	28	37	21	33	39	34	29	37	37	36	31	29	31	27	31	30	26	26	35	39	20	40	29	40	25	28	29	27	36	31	40	37	34	23	33	28	38	39	22	29	23	26	38	32	22	28	21	32	34	34	35	30	36	21	32	26	27	24	21	22	28	22	32	35	39	40	29	39	33	23	22	23	38	30	22	24	24	38	34	22	38	40	26	39	36	36	22	33	27	39	30	38	39	37	29	27	22	22	34	39	21	28	25	37	22	21	25	30	23	40	40	26	23	33	32	40	36	36	25	38	27	38	21	30	20	34	28	34	20	33	39	32	37	32	29	34	30	30	28	23	34	38	30	39	28	37	27	38	36	39	25	22	28	21	32	33	27	37	27	34	33	22	20	25	33	22	32	38	23	33	29	31	25	38	21	29	30	39	20	38	31	39	40	31	32	34	33	40	35	35	36	40	39	32	37	32	23	35	40	38	22	32	33	37	22	26	25	26	38	21	27	35	29	20	33	22	25	22	28	20	36	38	27	30	30	31	32	30	38	27	20	35	27	29	29	35	27	24	20	20	40	30	38	25	22	39	22	38	35	39	37	23	26	22	36	25	31	28	38	33	21	27	26	34	20	34	38	24	29	20	36	25	21	32	38	32	34	22	33	28	22	30	26	20	32	36	22	37	24	35	38	26	24	31	27	35	36	23	20	24	27	31	30	34	40	30	30	31	31	29	34	33	29	20	25	24	21	23	29	32	22	32	36	23	32	21	37	30	26	32	31	26	29	40	35	32	35	40	33	30	26	33	24	39	29	25	29	20	22	25	29	35	28	37	24	22	26	34	30	32	28	37	31	32	21	27	26	38	33	39	32	21	22	22	29	23	24	20	21	22	36	24	38	40	21	23	25	37	28	26	26	20	34	40	26	38	21	38	36	24	22	27	30	30	27	37	38	28	26	29	21	28	22	38	33	25	29	20	39	32	32	31	29	28	39	31	34	38	28	26	35	25	32	36	30	23	20	37	27	32	32	40	33	38	36	27	20	31	28	27	20	34	31	35	21	20	30	39	31	26	36	29	35	39	35	34	33	25	30	32	25	26	36	35	40	31	31	22	22	29	30	24	35	36	35	30	29	22	28	33	30	40	26	30	24	38	25	24	34	31	23	24	39	30	21	31	33	33	36	33	32	39	38	21	20	37	21	27	30	29	36	28	33	24	26	22	30	36	24	35	23	24	28	23	27	24	21	23	37	37	31	21	39	27	23	27	22	28	28	24	28	38	25	29	33	35	23	38	36	23	25	23	35	33	40	39	28	27	34	36	22	28	38	36	20	31	30	38	30	24	28	34	27	28	33	30	40	35	32	24	26	21	32	37	31	29	38	40	39	25	20	23	34	33	29	26	35	33	30	37	20	23	28	34	30	33	24	28	39	31	26	23	23	28	35	20	22	30	38	28	23	30	36	22	22	36	33	35	40	29	26	39	25	39	37	27	38	32	28	25	40	38	28	21	40	24	38	22	27	23	32	20	34	36	26	29	24	32	33	39	33	27	38	40	23	36	27	21	25	22	32	31	40	39	38	24	26	28	21	38	31	28	23	33	27	33	21	24	25	26	40	40	38	39	26	23	24	20	36	28	32	27	36	27	39	33	29	28	27	25	24	36	21	24	32	34	20	22	40	40	23	24	29	27	32	38	34	39	25	39	20	27	34	36	35	31	31	22	37	24	26	29	30	35	40	24	25	20	39	31	38	35	21	32	21	24	20	36	20	27	39	23	26	29	29	29	29	24	38	23	22	34	22	38	40	35	20	25	31	22	26	22	22	37	31	35	33	39	21	40	26	26	20	20	36	24	36	32	21	29	20	30	39	33	32	31	31	26	30	30	37	26	33	23	33	30	23	33	29	20	37	21	34	37	30	36	21	20	24	24	24	30	25	29	27	38	26	37	29	32	39	27	30	24	23	40	26	34	30	26	31	40	27	25	36	30	23	35	34	29	39	39	26	34	21	24	30	23	29	32	24	40	24	40	26	31	38	24	28	36	40	32	34	25	35	21	26	35	20	32	22	22	38	27	28	25	34	22	34	34	32	22	33	27	23	31	38	28	22	24	20	27	39	39	39	40	38	31	22	33	36	23	28	39	37	30	23	39	22	38	26	38	26	29	23	29	34	21	27	40	38	23	38	20	23	37	39	24	20	24	36	33	21	31	38	28	37	40	40	31	34	34	34	23	28	30	21	36	21	31	27	21	35	36	26	35	33	40	22	38	34	30	34	39	29	33	32	39	25	20	32	24	29	38	34	35	37	39	36	22	37	37	20	22	31	40	28	38	23	32	30	27	36	23	40	34	22	35	20	26	29	20	28	28	30	36	38	28	36	33	35	24	35	34	27	32	36	28	38	20	39	29	29	36	29	36	33	25	33	30	29	26	32	24	28	24	37	32	40	37	29	34	37	26	29	26	27	32	29	20	34	36	25	28	36	25	27	26	34	37	25	32	32	29	29	25	27	38	39	28	29	27	28	32	38	36	38	34	23	40	20	23	34	22	31	22	36	33	32	37	37	24	21	31	38	38	21	28	33	35	33	36	33	33	24	28	26	36	28	36	28	24	27	20	23	28	37	38	30	28	37	36	31	24	34	28	33	40	24	28	26	33	25	34	39	22	34	28	28	21	29	40	24	20	21	20	37	37	38	27	26	25	36	26	23	39	34	21	39	39	37	35	33	21	25	21	33	40	36	38	32	30	36	22	24	38	20	21	23	36	33	28	20	22	30	24	34	36	33	24	24	30	22	36	29	22	39	33	25	28	27	22	39	32	31	37	31	33	34	22	35	29	26	36	39	27	21	25	38	40	40	30	28	24	32	23	35	33	35	32	22	21	38	36	21	40	36	38	37	27	34	30	20	40	29	35	34	22	23	33	22	26	21	37	40	37	23	30	25	27	39	25	32	31	27	36	30	39	33	21	37	32	24	36	34	36	38	39	29	38	39	35	36	38	33	31	32	22	35	21	20	22	35	40	20	24	24	36	22	37	25	23	39	36	30	33	37	33	31	25	33	22	30	22	37	23	26	24	27	25	22	38	36	20	20	26	30	33	28	21	35	37	39	28	30	33	28	27	23	22	25	27	23	39	31	23	22	32	25	31	39	20	25	23	31	31	34	32	35	30	30	39	36	21	31	20	39	28	36	25	33	32	40	24	29	23	23	34	32	27	29	21	20	23	26	26	21	23	24	31	30	40	26	20	23	20	25	28	32	36	25	39	35	38	30	37	38	32	20	36	20	38	35	24	21	32	31	31	28	40	25	32	27	25	28	33	34	37	40	22	30	33	26	34	22	22	36	30	25	40	32	28	36	33	24	30	28	26	30	30	37	37	39	37	36	28	27	21	36	38	40	31	28	21	23	24	38	22	20	22	30	29	23	22	25	34	38	32	21	24	27	31	36	29	29	32	38	24	27	31	27	34	33	25	34	39	20	21	35	25	28	27	20	38	37	26	29	40	26	36	23	21	26	23	20	21	37	21	25	30	40	37	24	35	20	38	35	30	38	24	33	30	21	37	32	40	25	23	35	31	39	35	40	33	25	30	39	28	28	32	33	21	28	36	28	23	25	28	31	30	21	40	21	30	21	23	24	32	31	21	37	30	34	27	40	22	30	28	22	39	32	38	30	27	37	29	32	35	38	21	25	24	40	33	27	21	31	35	26	24	35	32	24	33	24	34	37	38	23	31	35	22	22	22	23	31	24	27	38	24	23	25	30	30	29	30	24	28	34	21	23	32	24	22	37	23	24	25	33	21	37	36	36	21	20	25	32	21	27	39	39	29	25	23	33	37	40	25	35	38	34	37	24	30	38	37	29	30	34	31	34	40	34	25	33	33	33	28	33	40	37	26	36	32	21	31	37	26	23	22	24	21	30	34	24	29	28	22	21	22	29	32	29	37	38	37	22	39	27	27	25	24	24	39	25	20	30	33	34	28	25	20	30	27	39	30	24	31	30	31	21	22	29	38	32	40	29	22	22	28	20	37	32	36	26	34	33	25	21	34	32	32	40	20	23	31	31	28	30	25	24	21	24	26	38	26	36	20	23	30	21	31	35	23	24	25	29	25	32	37	39	21	26	27	34	20	26	36	39	38	30	21	25	36	37	30	40	23	24	30	32	37	27	29	31	31	32	21	21	31	34	27	35	40	24	35	24	35	20	38	25	32	32	21	34	30	20	30	37	35	36	26	26	23	27	32	31	26	29	38	35	24	21	22	20	23	34	26	23	27	32	32	22	24	24	36	24	32	22	28	29	21	40	29	29	35	37	21	28	31	23	20	29	23	39	24	39	37	35	30	33	24	38	22	34	20	20	40	38	33	38	20	33	21	21	22	34	31	36	22	37	34	34	31	39	37	34	36	22	27	22	28	33	40	29	37	23	25	34	28	28	20	26	23	27	33	31	21	36	24	24	21	29	29	38	30	36	35	25	24	27	27	37	30	33	31	28	39	29	26	27	31	29	39	23	33	28	24	34	21	21	27	25	23	38	23	21	37	24	23	22	20	23	34	33	33	30	33	29	23	29	28	34	25	31	22	29	31	28	26	40	28	40	40	40	22	32	28	25	32	36	23	31	34	32	22	31	31	29	29	33	35	26	24	35	25	37	28	30	26	37	32	34	34	28	34	33	36	30	30	36	37	21	33	27	27	28	24	26	34	30	26	21	20	27	20	31	28	40	31	36	30	26	35	34	30	25	35	21	25	29	36	30	30	38	25	32	28	22	32	38	39	40	38	21	24	20	22	22	24	21	35	20	23	25	34	30	32	29	22	38	33	26	29	27	33	23	39	39	27	20	24	22	26	38	29	40	34	25	22	33	26	28	34	24	23	20	33	40	35	31	24	37	23	34	37	21	34	22	26	28	35	33	37	40	20	28	40	25	28	25	20	33	40	37	27	22	24	36	34	28	37	39	31	26	31	21	20	22	37	39	21	29	31	22	39	24	30	23	28	25	27	24	29	26	31	25	26	27	22	28	27	25	38	20	35	21	26	22	29	29	37	23	21	27	26	22	22	37	32	33	21	26	27	34	21	25	33	23	39	21	29	35	21	37	20	32	23	35	37	23	24	29	25	20	34	39	30	36	23	32	28	26	38	38	39	25	28	25	32	37	36	24	25	20	40	32	31	37	21	21	25	20	25	29	36	34	39	37	33	33	25	30	20	31	30	25	30	35	30	22	25	23	38	33	20	37	30	37	21	21	21	30	29	33	36	34	37	22	34	22	27	27	28	39	39	29	33	39	37	21	32	27	36	39	28	39	36	40	31	33	23	34	31	26	30	28	38	27	27	30	25	37	39	34	32	33	40	38	22	24	22	29	21	36	39	36	30	24	30	29	28	21	24	27	35	39	38	23	30	32	36	20	39	36	29	24	21	33	38	24	33	29	35	20	23	36	29	24	40	30	24	27	35	37	35	32	39	35	21	36	37	27	36	25	35	30	21	29	37	26	22	36	22	35	33	29	31	28	32	22	32	23	28	39	29	40	38	40	35	22	36	23	32	22	39	28	32	24	23	34	29	28	30	32	32	22	30	38	22	34	21	27	23	32	22	22	32	24	20	26	23	29	25	36	21	32	20	33	36	29	25	29	26	39	24	37	20	26	35	38	39	26	40	24	28	22	26	27	35	37	22	30	37	35	24	26	24	36	22	39	32	28	37	38	32	25	34	35	32	20	26	33	29	20	31	36	33	24	20	40	24	21	28	29	27	22	30	29	40	20	36	30	34	22	20	33	29	23	20	23	28	40	37	35	24	25	39	35	29	32	27	37	32	29	23	21	35	24	24	24	34	23	21	21	35	38	32	30	27	33	34	40	27	30	25	27	26	26	35	31	37	38	22	28	31	24	31	23	32	37	37	24	26	23	28	33	25	22	26	35	39	21	31	36	27	20	32	21	23	24	25	22	27	24	38	39	27	38	39	34	23	25	37	36	36	28	27	28	26	25	21	38	31	37	39	34	38	33	36	21	34	35	32	27	36	32	26	40	34	39	30	28	37	39	26	27	21	24	26	39	23	32	38	37	36	34	29	34	27	26	29	39	23	26	37	20	31	20	25	35	37	20	20	27	37	37	35	33	30	29	37	28	22	31	33	35	20	33	29	25	38	35	31	37	24	37	37	23	36	33	37	23	34	33	33	26	37	35	32	26	33	21	40	20	29	31	21	25	30	21	35	33	40	28	34	27	37	30	34	38	21	20	37	35	39	21	30	37	21	20	27	29	37	28	36	35	29	25	21	23	29	27	38	34	35	25	24	26	20	31	31	21	20	28	29	26	24	36	27	30	39	21	22	34	28	39	24	27	23	28	33	35	33	38	39	40	27	28	22	40	34	30	23	40	24	35	35	30	37	34	20	29	20	38	35	33	31	40	34	29	22	33	26	30	25	28	27	22	23	31	32	38	30	20	34	30	27	20	23	22	34	25	33	27	24	24	39	20	27	39	38	24	40	28	31	40	26	31	33	37	29	40	20	26	26	36	32	22	36	28	31	22	37	23	27	27	38	30	23	38	28	30	22	24	20	22	30	21	35	29	25	35	30	39	27	34	25	37	27	35	26	30	21	26	24	38	26	20	20	20	26	26	25	28	21	20	39	34	39	34	31	22	26	37	20	40	37	40	37	39	21	32	21	21	36	26	20	34	38	23	31	37	29	31	33	35	23	37	39	26	32	27	27	31	38	29	24	29	23	27	29	30	32	32	38	29	31	32	40	33	33	34	21	26	21	37	30	22	27	37	28	20	27	32	20	38	24	40	28	24	32	20	25	29	34	38	38	22	20	28	35	23	32	38	32	32	25	20	28	33	26	32	40	35	35	26	34	22	40	25	38	31	21	39	34	24	22	40	22	28	31	26	37	39	33	25	35	39	38	28	34	28	37	34	23	25	35	28	23	33	35	28	26	39	40	38	32	31	20	31	30	34	36	30	26	28	39	33	22	37	33	21	21	35	22	39	28	20	38	33	24	37	39	28	20	26	30	29	35	38	25	21	21	40	24	32	29	30	29	40	35	39	28	34	27	33	31	25	32	26	26	21	20	21	20	29	24	20	28	37	40	22	31	29	40	28	26	26	31	21	30	28	37	32	33	27	25	24	26	30	20	32	36	37	40	35	22	28	24	39	30	40	40	21	35	36	28	32	30	20	30	20	29	32	28	20	29	34	35	31	24	32	40	36	29	21	26	24	34	30	34	27	23	26	20	35	39	30	35	25	40	23	35	37	29	26	29	27	39	39	35	32	34	36	22	21	28	29	25	38	24	24	39	25	27	22	36	31	20	26	31	30	31	34	36	23	26	30	24	36	26	23	32	30	31	23	35	22	39	22	40	22	23	39	38	30	21	26	22	23	33	30	36	28	26	36	26	30	28	27	27	34	39	29	25	24	32	27	30	24	25	32	38	26	33	40	30	40	38	36	36	20	26	32	23	32	26	34	33	27	33	20	35	21	20	30	26	37	38	31	39	31	34	31	22	29	22	27	35	23	36	40	20	35	38	35	30	29	22	25	40	27	23	23	30	34	34	27	29	21	27	26	21	36	39	35	31	34	20	26	25	36	27	37	22	37	29	40	39	22	31	27	20	33	27	26	30	31	20	35	33	33	34	37	32	32	38	34	36	33	31	26	27	23	20	39	35	32	30	20	33	24	34	31	21	29	20	25	27	20	38	25	21	25	34	26	20	20	31	21	24	21	30	32	27	28	24	29	23	21	22	31	33	29	32	20	28	34	26	40	21	38	40	31	37	33	31	34	28	25	29	20	20	27	40	35	37	36	30	32	25	26	37	20	38	39	24	27	34	24	27	24	33	23	23	34	30	36	34	23	33	29	21	21	40	38	21	32	35	36	30	31	23	21	20	27	40	35	32	23	29	39	34	20	31	31	39	40	20	36	31	39	28	23	31	30	38	20	33	20	35	30	31	25	22	28	24	28	38	22	37	31	22	26	26	23	39	34	27	25	27	27	26	23	40	21	33	37	30	23	36	25	22	22	25	39	20	32	30	29	40	32	36	35	32	20	36	32	20	22	39	29	32	24	35	37	20	29	22	37	21	26	27	39	32	38	24	35	31	21	27	32	21	36	30	26	23	23	22	30	22	21	22	20	23	35	20	35	29	31	38	39	24	24	34	35	40	34	36	25	40	32	25	30	25	21	39	29	22	20	32	20	29	34	20	24	36	25	32	37	31	30	26	30	39	25	27	21	40	20	39	33	31	24	34	26	30	23	35	35	22	21	32	29	36	27	30	20	31	38	30	39	26	38	23	37	36	29	36	28	38	32	38	31	28	24	36	31	27	31	36	36	29	40	25	34	40	34	25	36	38	26	26	32	35	27	34	29	31	39	36	24	40	27	27	22	20	20	26	38	37	23	35	26	37	29	28	31	33	37	23	39	22	39	29	20	21	24	33	25	33	26	37	30	40	36	32	31	21	28	20	20	38	28	39	26	34	31	36	40	31	37	34	23	35	21	27	23	40	25	28	20	24	40	20	34	34	24	31	36	24	20	28	20	30	20	28	32	30	27	31	35	23	40	31	31	36	37	24	37	22	31	30	23	30	21	24	23	24	27	24	33	27	39	26	32	38	28	25	22	36	31	24	30	31	21	40	28	27	39	29	32	20	35	28	21	27	24	22	33	21	26	31	21	22	23	37	36	23	31	39	35	24	37	23	36	26	35	34	22	23	27	30	21	27	38	33	33	39	36	24	35	34	27	23	38	38	30	21	26	36	24	40	26	29	25	32	23	21	22	23	23	33	37	39	27	23	36	24	23	28	31	27	21	33	40	20	33	38	32	39	24	30	40	29	34	28	31	38	21	29	24	38	36	38	37	36	34	40	27	33	36	36	38	32	27	22	30	30	39	36	22	28	25	38	29	24	37	35	35	31	36	21	36	26	38	37	26	38	33	29	29	28	21	34	23	30	24	24	33	36	39	38	38	28	40	25	24	26	31	22	39	22	32	26	29	39	39	29	40	20	28	25	32	33	31	35	28	30	33	24	30	25	24	21	30	25	28	40	33	26	
42	20	36	32	34	30	47	39	13	36	13	25	18	47	39	47	37	42	19	50	50	26	46	19	46	50	41	27	21	19	44	36	46	47	21	27	41	21	24	41	22	36	16	12	15	34	27	29	44	27	24	13	45	35	17	48	31	19	34	16	39	31	49	34	17	13	35	36	41	22	20	18	33	32	22	22	23	48	47	39	14	48	37	13	34	21	50	11	37	17	17	11	37	37	48	19	28	48	36	47	45	17	30	18	29	47	36	14	13	12	22	34	10	46	14	21	48	30	28	18	23	15	35	44	19	49	30	19	10	50	28	48	44	42	30	20	12	36	13	17	47	31	24	44	12	35	42	44	18	13	30	27	41	19	36	29	35	33	49	34	27	17	50	39	20	29	15	24	33	30	11	20	35	19	17	17	12	20	47	30	15	37	12	36	32	12	35	29	37	42	21	10	26	11	18	49	25	41	16	50	12	27	16	21	30	49	15	24	13	24	25	50	22	12	21	26	18	29	20	43	25	50	34	20	30	48	27	25	10	44	14	23	23	49	45	18	12	44	49	31	14	43	14	20	10	25	22	43	21	21	47	17	21	31	12	10	21	50	34	49	36	10	40	13	37	28	44	23	14	49	42	50	28	18	29	44	10	49	12	18	31	35	40	33	38	29	26	21	10	30	37	18	45	25	16	43	11	42	27	11	16	48	32	47	35	45	17	36	44	49	29	40	11	33	19	28	16	28	39	40	29	45	40	20	48	41	23	28	33	32	25	34	30	45	24	43	18	47	25	27	11	46	47	49	42	30	49	10	37	22	17	17	18	25	50	37	36	44	24	48	41	11	10	10	48	13	35	45	48	38	17	15	15	46	22	50	23	41	46	42	21	45	48	30	41	27	24	24	41	15	27	41	36	36	22	18	41	39	43	24	15	33	42	30	37	22	33	24	49	46	37	38	32	50	39	29	36	13	39	13	24	20	27	48	29	20	16	47	48	23	22	37	23	44	46	20	49	29	45	42	19	42	47	20	28	21	44	42	17	40	29	33	18	13	32	25	35	36	38	45	34	20	18	14	29	36	44	15	50	32	14	30	46	44	23	37	13	43	20	19	25	39	24	40	11	17	37	34	10	48	14	10	29	35	21	35	30	32	33	14	12	11	28	39	20	32	44	35	18	49	14	38	30	23	28	16	49	27	40	32	10	28	21	45	13	41	36	16	24	37	10	45	38	13	11	45	13	12	43	37	25	13	23	17	14	40	16	49	50	36	16	48	14	24	26	25	10	11	36	19	33	24	22	25	38	11	42	20	47	40	17	48	13	29	13	16	41	29	50	36	25	48	42	41	46	49	25	30	32	32	11	10	38	48	33	16	15	19	36	42	12	37	13	49	14	22	11	26	49	38	29	27	39	35	35	31	45	44	23	39	36	36	48	10	10	32	42	16	50	43	49	28	21	27	19	39	32	13	42	11	29	29	16	33	39	45	40	25	41	46	19	11	37	46	30	49	23	31	13	23	33	22	28	40	14	25	50	46	16	41	12	35	35	36	33	10	39	50	15	43	49	37	49	25	15	26	35	11	16	27	25	17	36	35	29	36	13	25	31	20	29	45	10	44	49	13	37	49	21	22	14	44	48	21	16	20	32	22	21	31	11	16	43	37	31	32	40	12	31	10	30	39	21	50	31	47	50	14	17	37	14	27	27	48	30	23	21	26	39	16	43	43	20	30	23	23	49	18	35	31	26	36	13	11	44	41	50	13	29	23	27	24	33	10	17	21	47	47	37	50	48	22	48	18	44	24	11	30	21	40	11	50	43	33	27	17	39	10	46	33	50	34	24	30	25	11	33	24	41	25	13	31	39	45	50	36	13	13	15	30	10	28	47	27	40	39	28	26	28	45	44	12	42	31	15	11	46	19	29	25	41	44	12	49	36	49	39	13	22	50	22	21	15	47	26	22	21	46	22	14	42	26	39	23	28	26	45	40	43	24	13	35	30	45	15	11	28	15	29	11	29	27	47	42	31	20	27	25	27	16	15	44	21	28	29	12	48	26	12	32	39	31	21	20	19	32	45	28	27	41	16	37	46	40	46	32	24	34	24	43	28	37	36	21	11	45	11	20	25	44	32	16	16	44	20	50	50	21	39	18	25	49	40	21	15	21	25	30	50	31	46	25	47	50	18	27	18	11	41	34	20	11	41	15	26	38	14	25	34	25	14	10	34	21	33	20	48	48	22	26	39	14	26	22	24	20	40	49	47	20	26	45	33	25	14	35	20	35	34	33	22	17	15	34	43	35	24	46	26	30	42	16	22	39	34	10	31	41	27	36	38	47	20	49	28	48	22	23	18	39	11	22	17	43	32	38	35	32	18	15	30	13	34	22	21	47	35	10	40	46	15	28	22	13	21	28	34	14	46	43	43	25	26	12	17	34	38	20	22	26	23	48	40	43	21	10	17	34	44	21	32	41	43	12	21	24	26	28	33	26	25	18	36	38	42	12	28	15	29	19	34	22	35	11	30	20	32	42	32	14	40	30	38	47	44	20	17	13	10	31	47	41	16	12	17	18	49	42	38	22	45	47	13	34	19	16	21	31	32	34	47	11	47	27	30	29	15	48	21	15	32	33	17	49	14	31	10	13	28	27	30	37	17	28	21	35	12	11	44	17	27	48	43	28	12	42	39	11	35	36	33	14	35	25	45	36	27	45	44	36	42	19	24	24	17	44	29	30	22	35	30	15	46	10	42	39	23	33	37	28	19	33	16	22	16	35	31	36	50	22	43	19	31	18	12	47	50	24	38	10	45	36	50	48	21	30	34	17	45	28	14	13	32	17	42	46	14	22	39	11	49	23	36	48	16	30	37	19	39	16	10	44	14	44	46	40	33	48	32	49	25	17	33	31	12	28	10	16	24	14	16	18	22	13	14	25	22	26	18	15	24	50	25	41	39	16	30	12	46	30	16	36	28	48	34	12	16	47	34	30	21	43	49	29	14	15	32	36	35	13	48	30	50	33	48	38	46	23	42	43	16	38	10	13	33	11	30	35	30	38	34	27	34	23	14	48	32	16	37	12	22	11	28	37	34	45	36	17	31	13	45	42	22	29	35	13	14	25	11	42	38	33	10	37	37	18	16	50	33	25	44	10	19	20	29	18	31	25	42	33	49	16	19	46	38	33	49	32	18	48	40	45	19	19	48	17	28	34	16	47	12	12	32	34	43	37	22	10	19	12	49	50	49	30	47	37	20	48	47	11	32	29	16	18	38	18	24	37	43	50	14	14	17	33	33	24	39	42	31	44	24	44	37	41	45	12	18	20	46	14	28	38	32	37	34	40	33	47	33	39	16	25	33	45	14	20	20	28	15	23	44	36	32	21	36	19	25	15	36	50	42	50	14	43	14	21	11	50	28	34	25	35	17	28	43	33	39	11	22	27	16	30	44	49	10	31	20	41	44	46	31	18	45	23	18	41	16	20	42	31	43	20	11	41	12	50	35	14	17	35	22	49	50	42	42	38	45	45	10	29	19	21	45	11	29	13	30	37	44	24	26	21	20	33	14	19	37	37	23	19	28	19	31	11	21	16	21	35	10	29	36	47	28	34	49	11	23	50	31	22	22	20	26	32	29	31	24	35	26	39	36	46	35	15	41	34	19	22	19	35	36	13	31	50	36	10	24	23	33	41	34	25	29	48	23	38	36	45	13	42	17	34	15	34	45	20	31	49	48	10	42	31	36	27	25	29	48	20	42	29	24	16	29	35	21	15	48	22	45	30	12	24	48	13	14	40	47	34	24	28	34	18	37	50	18	28	30	21	13	12	24	25	33	15	37	49	13	43	33	19	13	49	35	34	44	13	24	26	13	12	34	19	13	26	19	42	19	37	38	49	36	16	12	26	27	25	41	49	43	19	39	12	19	19	29	37	41	25	24	49	24	50	49	12	25	40	26	44	44	10	29	27	13	39	27	21	43	36	21	49	17	42	16	48	28	50	17	48	46	45	37	31	34	22	20	34	33	42	23	47	19	20	15	28	43	11	32	39	37	14	40	46	41	42	18	16	14	10	21	38	24	14	45	35	18	16	31	37	45	29	40	46	12	23	29	16	49	12	35	21	33	12	38	29	21	27	26	22	38	18	13	23	46	10	27	36	47	14	41	25	15	31	25	16	40	49	10	46	19	49	30	22	10	28	37	45	45	25	30	21	42	32	24	47	43	33	47	37	43	45	14	12	33	36	25	20	26	46	20	41	40	11	27	15	24	19	18	17	37	26	11	28	46	24	36	12	22	20	45	13	22	15	29	43	12	44	37	13	30	12	42	15	47	19	29	14	21	47	44	50	26	19	23	23	33	49	28	44	12	12	44	17	46	15	19	11	42	43	26	18	37	18	15	23	27	30	17	15	27	38	23	27	27	44	15	21	33	39	23	36	20	37	23	15	46	24	45	20	36	22	30	48	43	44	33	38	27	33	31	41	20	11	41	42	37	38	41	19	50	31	43	41	50	45	14	29	29	30	49	24	42	19	23	28	44	14	15	33	43	49	33	33	15	47	24	28	21	50	50	38	50	24	28	24	18	41	22	22	34	42	19	16	26	25	25	21	48	42	14	13	10	12	47	28	18	12	49	40	17	19	32	43	30	49	41	50	12	39	12	10	15	29	10	32	15	19	28	23	18	25	10	33	38	16	30	40	17	18	32	42	31	26	23	17	28	11	32	31	38	44	21	46	20	41	13	44	26	49	43	16	26	11	27	33	50	18	36	42	17	22	29	49	19	17	31	45	18	32	44	42	12	38	48	14	15	25	39	27	22	21	12	14	36	30	13	11	13	48	37	16	26	45	29	41	37	32	28	19	29	11	36	36	11	26	25	17	36	42	30	35	25	49	47	21	21	21	21	30	14	22	22	41	49	13	45	15	23	11	36	27	35	26	30	38	42	22	22	21	40	19	15	40	16	39	46	12	12	32	34	13	41	43	24	15	42	36	26	35	33	32	36	17	24	27	30	10	20	31	12	39	43	26	17	17	35	30	24	41	22	43	32	24	17	36	46	26	43	13	35	24	32	44	50	18	12	19	35	18	43	44	27	34	40	10	50	11	36	11	42	31	41	11	45	18	41	31	46	15	17	24	44	38	17	45	18	22	35	15	18	15	24	16	46	40	30	44	29	36	27	11	19	14	33	38	15	27	18	49	36	19	11	26	43	16	35	25	44	23	50	14	49	25	34	43	42	42	49	34	33	14	44	21	39	18	44	19	27	47	36	47	40	20	21	40	13	37	42	12	27	13	31	44	28	13	15	48	47	33	31	27	27	20	13	47	44	33	32	38	47	10	50	23	38	32	46	23	49	42	35	37	39	21	39	32	50	41	38	31	40	16	24	37	26	49	20	19	31	25	10	29	40	21	36	39	20	19	18	14	27	36	29	16	11	45	25	38	14	34	16	43	44	48	46	28	41	32	23	25	47	39	41	13	36	35	22	20	40	36	16	35	33	34	12	30	15	32	41	11	42	45	15	20	31	10	40	23	31	35	17	47	39	16	25	29	47	43	22	19	37	15	37	41	24	16	40	48	15	47	29	23	16	40	14	13	42	38	36	28	42	12	10	50	40	43	31	16	24	41	26	43	44	11	37	22	47	20	28	37	17	20	27	38	47	40	19	22	38	34	47	22	21	26	47	46	11	10	26	22	29	43	39	40	41	38	40	17	18	28	14	27	26	39	32	37	26	11	46	43	19	42	21	37	42	11	45	50	26	15	46	27	42	31	26	49	32	19	24	15	23	45	45	17	23	46	10	19	34	15	40	26	31	28	47	38	34	12	49	35	24	30	26	28	46	42	33	41	25	50	38	37	20	45	45	26	39	44	38	44	34	50	17	40	30	13	47	36	11	43	17	39	35	28	35	16	21	26	18	32	23	23	14	49	22	49	43	12	46	39	41	39	25	14	47	35	30	45	28	49	14	35	35	19	24	46	46	20	20	20	18	35	18	32	31	32	10	13	22	37	43	23	25	23	12	36	14	48	12	23	20	47	22	36	29	45	29	34	49	29	44	38	39	14	22	42	36	32	15	42	43	36	34	31	19	36	33	17	13	29	40	24	36	27	41	27	26	26	24	37	16	50	23	11	45	32	34	35	44	30	41	18	39	19	50	37	47	27	11	42	24	15	20	32	33	21	36	12	42	32	38	21	19	22	19	46	35	14	17	48	20	15	14	38	48	26	22	15	47	24	27	36	30	20	48	18	50	25	45	16	34	20	36	49	31	16	15	15	46	13	42	31	33	26	11	32	44	46	31	18	34	27	12	29	19	17	24	30	50	30	24	34	38	10	15	44	48	39	32	23	10	45	10	21	18	11	31	15	47	37	40	20	14	23	29	10	30	29	18	39	41	33	28	47	30	11	40	20	37	21	18	34	40	40	15	41	44	50	13	42	40	27	48	26	16	11	28	50	44	43	44	20	27	13	48	21	37	11	40	32	25	50	29	21	27	37	15	23	44	42	13	36	11	47	18	19	47	13	20	42	41	27	10	18	38	11	22	10	26	31	48	11	29	26	45	48	50	25	22	45	15	33	20	12	38	13	31	34	29	16	28	12	36	32	12	23	40	15	47	37	10	36	34	46	45	37	14	29	23	11	19	48	45	36	15	23	24	29	18	22	10	28	42	43	36	26	38	24	37	13	29	15	11	49	31	27	37	13	33	19	27	48	27	46	40	26	11	43	29	50	33	21	28	30	34	50	27	28	29	10	27	46	32	19	42	26	10	18	45	11	50	41	44	20	36	12	14	15	39	36	27	34	34	43	39	18	35	45	16	38	40	20	17	28	29	35	29	29	10	15	32	43	36	18	12	30	50	33	16	42	39	25	24	12	43	30	49	24	18	12	50	11	18	43	11	14	49	12	49	33	37	40	47	25	24	46	27	35	26	42	33	23	33	16	49	44	23	29	23	44	12	27	13	11	27	27	39	19	43	39	19	40	38	27	36	37	26	16	15	24	29	42	30	29	43	21	26	15	14	11	40	18	31	33	14	35	49	44	35	13	13	38	25	27	28	12	45	26	40	15	45	36	21	25	13	50	41	46	43	37	38	23	24	27	33	33	28	30	22	25	44	46	33	40	34	14	45	27	50	24	22	25	40	19	42	28	20	41	26	32	24	50	17	48	14	17	22	43	11	37	10	50	46	15	41	34	41	31	22	36	37	19	20	10	49	44	32	24	25	24	43	34	39	50	41	48	14	20	29	43	42	34	26	49	34	40	19	10	13	43	11	44	14	50	46	16	27	18	44	36	15	38	49	49	21	36	33	38	22	41	27	30	46	21	29	15	17	30	31	13	27	23	13	32	27	15	33	34	21	21	29	19	39	31	18	25	49	38	13	33	44	20	13	28	27	35	30	15	21	23	24	18	50	18	39	48	31	44	11	19	27	42	40	37	11	42	12	41	38	46	13	45	36	29	33	40	33	17	11	42	41	39	13	38	36	49	31	23	25	44	10	25	21	29	26	13	19	19	12	29	44	47	14	39	13	14	45	50	11	13	36	50	34	37	18	28	25	40	10	44	22	36	36	27	31	21	50	11	37	34	49	12	14	40	29	30	45	24	21	20	50	37	43	20	16	13	21	28	39	14	47	20	21	27	46	38	22	39	42	36	44	33	13	36	36	46	48	30	15	40	15	39	31	12	23	50	46	31	45	27	18	41	34	20	18	37	43	31	31	49	35	11	13	15	49	34	34	32	20	13	43	17	27	46	43	11	30	20	26	47	37	38	16	46	32	34	18	25	28	20	34	31	18	50	25	19	24	18	14	26	22	35	21	19	27	48	33	21	14	28	27	17	21	10	31	40	24	28	20	20	13	10	27	24	36	27	44	16	33	35	46	50	21	17	20	10	38	25	17	33	27	45	12	46	49	23	20	32	39	15	28	11	19	47	38	17	29	36	35	22	25	26	13	29	30	15	12	12	50	15	31	11	10	37	29	49	22	49	37	10	10	50	50	37	29	40	11	49	36	10	27	49	13	28	12	26	30	44	36	24	35	10	32	10	36	26	35	14	10	19	31	45	48	15	41	46	32	35	15	18	31	45	35	13	28	33	31	28	43	43	48	42	15	45	35	26	34	16	34	14	36	31	47	43	13	46	47	27	40	37	47	45	44	23	15	45	50	35	35	43	50	41	13	39	22	13	28	18	36	23	24	46	41	48	20	45	39	36	17	10	45	19	48	37	38	49	13	32	12	17	21	10	32	30	10	20	26	17	27	14	23	18	12	16	36	11	50	39	36	39	14	43	18	36	40	33	43	14	19	14	26	16	45	10	11	22	45	16	18	14	18	46	50	17	34	38	13	47	40	14	15	19	19	14	30	20	28	22	10	37	47	21	32	23	13	21	18	14	42	26	11	25	49	28	23	23	24	26	24	49	17	49	18	40	14	14	14	26	27	34	33	18	21	19	43	44	22	10	16	30	39	28	36	25	12	33	47	20	12	12	28	30	30	12	48	25	27	31	41	18	24	17	11	12	11	20	17	50	19	49	13	41	33	21	24	26	10	39	22	44	34	25	30	35	42	14	12	28	25	13	41	19	36	19	16	24	32	31	40	47	19	34	45	12	40	36	48	26	24	14	50	35	34	21	27	39	43	44	16	24	45	31	15	34	50	11	19	27	31	33	29	49	10	46	29	39	46	19	46	46	43	27	22	50	30	23	25	23	46	18	39	17	10	33	48	27	40	32	44	44	22	22	29	29	48	42	28	14	26	20	41	19	32	19	19	19	38	28	21	32	18	47	14	30	10	26	47	21	34	39	39	30	36	38	39	11	48	44	14	31	18	49	46	42	38	36	14	22	24	33	30	41	27	49	20	18	40	22	27	29	49	21	26	50	46	20	31	21	48	16	50	14	19	32	19	36	18	28	18	48	15	20	22	13	40	44	31	12	17	36	27	17	31	17	18	34	17	48	27	19	22	12	44	28	26	32	46	17	17	14	31	13	18	36	38	44	20	30	26	19	37	41	18	39	35	39	45	20	10	29	48	33	40	48	18	35	22	45	45	38	24	44	26	21	40	10	19	33	16	36	38	43	14	34	15	27	19	21	40	40	49	34	36	13	26	14	36	50	27	30	18	33	22	14	32	35	44	42	49	19	14	21	28	25	20	45	16	27	29	25	33	49	49	21	21	38	18	29	27	47	15	47	38	14	41	38	13	39	28	19	47	33	31	14	38	43	36	31	33	21	12	40	46	29	47	27	16	47	31	10	23	29	25	13	13	29	44	39	10	27	31	23	24	20	21	45	39	47	11	22	40	14	23	23	19	26	42	24	43	14	21	28	46	20	11	41	38	40	29	40	34	33	16	10	12	23	24	20	20	32	32	16	44	20	29	36	14	22	48	19	10	26	26	23	36	26	30	36	12	39	43	37	35	10	22	41	25	28	12	21	37	23	13	34	39	12	17	13	14	13	21	42	21	47	11	41	15	18	38	38	40	32	43	21	26	15	24	43	10	16	16	36	28	24	12	33	26	45	34	39	40	31	40	41	48	28	14	31	46	43	32	37	19	22	42	20	30	29	17	36	23	44	40	13	26	17	15	42	17	42	12	48	23	31	29	14	31	45	41	23	19	43	50	29	22	25	29	34	44	47	31	49	11	34	50	31	10	39	30	11	33	17	14	20	43	27	26	23	42	40	16	48	15	21	25	37	30	21	19	41	23	12	50	50	30	49	12	40	36	31	12	28	25	25	22	26	33	42	45	35	21	18	18	20	47	42	36	16	47	49	41	41	17	18	19	50	36	14	35	28	42	47	16	23	46	39	23	23	14	31	35	28	31	34	44	43	23	21	48	38	40	16	20	30	28	40	28	23	34	24	13	34	29	12	41	44	44	32	25	41	49	18	42	33	43	12	27	42	29	20	49	20	46	34	42	40	38	31	31	24	15	11	14	37	40	21	41	30	34	50	24	37	46	15	31	16	49	23	36	39	23	13	23	31	30	10	32	17	46	16	35	49	31	20	14	46	26	47	24	29	46	34	35	32	17	28	49	39	38	14	47	30	18	47	29	12	38	32	19	34	25	17	38	16	42	26	49	40	48	22	27	12	19	21	45	24	27	39	43	50	14	17	47	37	36	11	42	50	19	33	19	46	27	20	12	27	50	42	36	49	48	32	14	27	50	34	30	11	24	44	18	15	49	37	42	35	26	43	18	12	27	25	18	35	43	18	28	38	14	49	29	38	38	11	34	21	46	45	18	14	21	25	23	29	42	48	47	28	42	35	45	11	11	15	32	47	14	23	11	49	21	45	18	30	16	22	41	26	28	20	24	31	40	37	22	15	15	12	50	30	33	31	38	34	35	24	26	32	42	33	15	39	27	43	16	13	38	20	34	39	20	13	35	10	29	44	12	45	31	35	16	22	21	14	44	39	37	50	30	50	36	28	20	46	47	24	13	35	42	37	18	40	34	38	27	31	12	19	31	26	30	40	24	44	10	22	19	48	40	41	48	19	41	15	42	29	19	36	13	26	43	19	39	36	27	27	28	33	10	17	44	29	43	41	48	33	49	44	19	25	25	36	37	17	16	16	35	49	48	10	33	33	47	38	23	39	46	35	20	14	36	11	16	11	42	44	35	38	19	36	23	34	14	47	12	26	45	35	15	12	34	33	50	47	10	19	38	24	48	26	25	13	30	47	25	34	48	38	32	39	33	22	15	30	29	16	11	43	46	47	44	50	47	45	49	15	43	16	10	44	45	14	16	10	31	25	29	23	44	11	45	26	31	46	31	44	11	31	32	24	42	23	21	27	20	12	16	49	15	43	26	14	20	22	22	12	45	32	42	50	19	36	30	45	36	41	19	25	21	22	38	33	35	11	17	39	23	38	41	23	19	23	50	16	35	46	25	31	20	33	20	11	27	36	34	36	18	21	44	19	41	46	36	25	34	32	48	19	30	36	46	10	47	20	31	38	29	18	15	33	28	17	42	37	17	17	13	38	18	33	44	40	20	24	14	41	35	43	18	28	29	31	30	39	28	29	32	28	26	43	29	48	32	22	32	26	11	41	23	32	40	16	43	43	12	13	29	18	35	34	17	25	34	27	29	26	36	43	34	16	15	44	41	24	21	21	28	49	13	41	43	23	42	26	20	27	39	25	35	29	16	41	49	39	27	37	19	41	42	16	42	41	49	35	47	41	19	37	44	31	31	13	15	33	28	19	40	14	10	35	39	38	32	48	30	17	46	45	36	25	35	44	29	10	38	30	46	38	47	25	29	34	28	30	50	19	38	16	50	50	18	14	38	27	24	17	40	32	15	46	
10
70
