4284
120
0	0	0	0	0	0	0	0	0	0	0	0	0	0	0	0	0	0	0	0	0	0	0	0	0	0	0	0	0	0	0	0	0	0	0	0	0	0	0	0	0	0	0	0	0	0	0	0	0	0	0	0	0	0	0	0	0	0	0	0	0	0	0	0	0	0	0	0	0	0	48	0	0	0	0	0	0	0	0	0	0	0	0	0	0	0	0	0	0	0	0	0	0	0	0	0	0	0	0	0	0	0	0	0	0	0	0	0	0	96	0	0	0	0	0	0	0	0	0	0	
0	0	0	0	0	0	0	0	0	0	0	48	0	0	0	0	0	0	0	0	0	0	0	0	0	0	0	0	0	0	0	0	0	0	0	0	0	0	0	0	0	0	0	0	0	0	0	0	0	0	0	0	0	0	0	0	0	0	0	0	0	0	0	0	0	0	0	0	0	0	0	0	0	500	0	0	0	0	0	0	0	0	0	0	0	0	0	0	0	0	0	0	0	0	0	0	0	0	0	0	0	0	0	0	0	0	0	0	0	0	0	0	0	0	0	0	0	0	0	0	
0	0	0	0	0	0	0	0	0	0	0	0	0	0	0	0	0	0	0	0	0	0	0	0	0	0	0	0	0	0	0	0	0	0	0	0	0	0	0	0	0	0	0	192	0	0	0	0	0	0	0	0	0	0	0	0	0	0	0	0	0	0	0	0	0	0	0	0	0	0	0	0	0	0	0	0	0	48	0	0	0	96	0	0	0	0	0	0	0	0	0	0	0	0	0	0	0	0	0	0	0	0	0	0	0	0	0	0	0	0	0	0	0	0	0	0	0	0	0	0	
0	0	0	0	0	0	0	0	0	0	0	0	0	0	0	0	96	0	0	0	0	0	0	0	0	0	0	0	192	0	0	0	0	0	0	0	0	0	0	0	0	0	0	0	0	0	0	0	0	0	0	0	0	0	0	0	0	0	0	0	0	0	0	0	0	0	0	0	0	0	0	0	0	0	0	0	0	0	0	0	0	0	0	0	0	0	0	0	0	0	0	0	0	0	0	0	0	0	0	0	0	0	0	0	0	0	0	0	0	0	0	0	0	0	0	0	0	0	0	0	
0	0	0	0	0	0	0	0	0	96	0	0	0	0	0	0	0	0	0	0	0	0	0	0	0	0	0	0	0	0	0	0	0	0	0	0	0	0	0	0	0	0	0	0	0	0	0	0	0	0	0	0	0	0	0	0	0	0	0	0	0	0	0	0	0	0	0	0	0	0	0	0	0	0	0	0	0	0	0	0	0	0	0	0	0	0	0	0	0	0	0	0	0	0	0	0	0	0	0	0	0	0	48	0	0	0	0	0	0	0	0	0	0	0	0	0	0	0	0	0	
0	0	0	0	0	0	0	96	0	0	0	0	0	0	0	0	0	0	0	0	0	0	0	0	0	0	0	0	0	0	0	0	0	0	0	0	0	0	0	0	0	0	0	0	0	0	0	0	0	0	0	0	0	0	0	0	0	0	0	0	0	0	0	0	0	0	0	0	0	0	0	0	0	0	0	0	0	0	0	0	0	0	0	0	0	0	0	0	0	0	0	0	0	0	0	0	0	0	0	0	0	0	0	0	0	0	0	0	0	0	0	0	0	0	500	0	0	0	0	0	
0	0	0	0	0	0	0	0	0	0	0	0	0	0	0	0	0	0	0	0	0	0	0	0	0	0	0	0	0	0	0	0	0	0	0	0	0	0	0	0	0	0	0	0	0	0	0	0	0	0	0	96	0	0	0	0	0	0	0	0	0	0	0	0	0	0	0	0	0	0	0	0	0	0	0	0	0	0	0	0	0	0	0	0	0	0	0	0	0	0	0	500	0	0	0	0	0	0	0	0	0	0	0	0	0	0	0	0	0	0	0	0	0	0	0	0	0	0	0	0	
0	0	0	0	0	96	0	0	0	0	0	0	0	0	0	0	0	0	0	0	0	0	0	0	0	0	0	0	0	0	0	0	0	0	0	0	0	0	0	0	0	0	0	0	0	0	0	0	0	0	0	0	0	0	0	0	0	0	0	0	0	0	0	0	0	0	0	0	0	0	0	0	0	0	0	0	0	0	96	0	0	0	0	0	0	0	0	0	0	0	0	0	0	0	0	0	0	0	0	0	0	0	0	0	0	0	0	0	0	0	0	0	0	0	192	0	0	0	0	0	
0	0	0	0	0	0	0	0	0	0	0	0	0	0	0	0	0	0	0	0	0	0	0	0	96	0	0	0	0	0	0	0	0	0	0	0	0	0	0	0	0	0	0	0	0	0	0	0	0	0	0	0	0	0	0	0	0	0	0	0	0	0	0	0	0	0	0	0	0	0	0	0	0	0	0	0	500	0	500	0	0	0	0	0	0	0	0	0	0	0	0	0	0	500	0	0	0	0	0	0	0	0	0	0	0	0	0	0	0	0	0	0	0	0	0	0	0	0	0	0	
0	0	0	0	96	0	0	0	0	0	0	0	0	0	0	0	0	0	0	0	0	500	0	0	0	0	0	0	0	0	0	0	0	0	0	0	0	0	0	0	0	0	0	0	0	0	0	0	0	0	0	0	0	0	0	0	0	0	0	0	0	0	0	0	0	0	0	0	0	0	0	0	0	0	0	0	0	0	0	0	0	0	0	0	0	0	0	0	0	0	0	0	0	0	0	0	0	0	0	0	0	0	0	0	0	0	0	0	0	0	0	0	0	0	0	0	0	0	0	0	
0	0	0	0	0	0	0	0	0	0	0	0	0	0	0	0	0	0	0	0	0	0	0	0	0	0	0	0	0	0	48	0	0	0	0	0	0	0	0	0	0	0	0	0	0	0	0	0	0	0	0	0	0	0	0	0	0	0	0	0	0	0	0	0	0	0	0	0	0	0	0	0	0	0	0	0	0	0	0	0	0	0	0	0	0	0	0	0	48	0	0	0	0	0	0	0	0	0	0	0	0	0	0	0	0	0	0	0	0	0	0	0	0	0	0	0	0	0	0	0	
0	48	0	0	0	0	0	0	0	0	0	0	0	0	0	0	0	0	0	0	0	0	0	0	0	0	0	0	0	0	0	0	0	0	0	0	0	0	0	0	48	0	0	0	0	0	0	0	0	0	0	0	0	0	0	0	0	0	0	0	0	0	0	0	0	0	0	0	0	0	0	0	0	0	0	0	0	0	0	0	0	0	0	0	0	0	0	0	0	0	0	0	0	0	0	0	0	0	0	0	0	0	0	0	0	0	0	0	0	0	0	0	0	0	0	0	0	0	0	0	
0	0	0	0	0	0	0	0	0	0	0	0	0	0	0	0	0	0	0	0	0	0	0	0	0	0	0	0	0	48	0	0	0	0	0	0	0	0	0	0	0	0	0	0	0	0	0	0	0	0	0	0	0	0	0	0	0	0	0	0	0	0	0	0	0	0	0	0	0	0	0	0	48	0	0	0	0	0	0	0	0	0	0	0	0	0	0	0	0	0	0	0	0	0	0	0	0	0	0	0	0	0	0	0	0	0	0	0	0	0	0	0	0	0	0	0	0	0	500	0	
0	0	0	0	0	0	0	0	0	0	0	0	0	0	0	0	0	0	0	0	0	48	0	0	0	0	0	0	0	0	0	0	0	0	0	0	0	0	0	0	0	0	0	0	0	0	0	0	0	0	0	0	0	0	0	0	0	0	0	0	0	0	0	0	0	0	0	0	0	0	0	0	0	0	0	0	0	0	0	0	96	0	0	0	0	0	0	0	0	0	0	0	0	0	0	0	0	0	0	0	0	0	0	0	0	0	0	0	0	0	0	0	0	0	0	0	0	0	0	0	
0	0	0	0	0	0	0	0	0	0	0	0	0	0	0	0	0	0	0	0	0	0	0	0	0	0	0	0	0	0	0	0	0	0	0	0	96	0	0	0	96	0	0	0	0	0	0	48	0	0	0	0	0	0	0	0	0	0	48	0	0	0	0	0	0	0	0	0	0	0	0	0	0	0	0	0	0	0	0	0	0	0	0	0	0	0	0	0	0	0	0	0	0	0	0	0	0	0	0	0	0	0	0	0	0	0	0	0	192	0	0	0	0	0	0	0	0	0	0	0	
0	0	0	0	0	0	0	0	0	0	0	0	0	0	0	0	0	0	0	0	0	0	0	0	0	0	0	0	0	0	0	0	0	0	0	48	0	0	0	0	0	0	0	0	0	48	0	0	0	0	0	0	0	0	0	0	0	0	0	0	0	0	0	0	0	0	0	0	0	0	0	0	0	0	0	0	0	0	0	0	0	0	0	0	0	0	0	0	0	0	0	500	0	0	0	0	0	0	0	0	0	0	0	0	0	0	0	0	0	0	0	0	0	0	0	0	0	0	0	0	
0	0	0	96	0	0	0	0	0	0	0	0	0	0	0	0	0	0	0	0	96	0	0	0	0	0	0	0	0	0	0	0	0	0	0	0	0	0	0	0	0	0	0	0	0	0	0	0	0	0	0	96	0	0	0	0	0	0	0	0	0	0	0	0	0	0	0	0	0	0	0	0	0	0	0	0	0	0	0	0	0	0	0	0	0	0	0	0	0	0	0	0	0	0	0	0	0	0	0	0	0	0	0	0	0	0	0	0	0	0	0	0	0	0	0	0	0	0	0	0	
0	0	0	0	0	0	0	0	0	0	0	0	0	0	0	0	0	0	0	0	0	0	0	0	0	0	0	0	0	0	0	0	0	0	0	0	0	0	0	0	0	0	0	0	0	0	0	0	0	0	0	96	0	0	0	0	0	0	0	0	0	0	0	0	0	0	0	0	0	0	0	0	0	0	0	0	0	0	0	0	0	0	0	0	0	0	0	96	0	0	0	0	0	0	0	0	0	0	0	0	0	0	0	0	0	0	0	0	0	0	0	0	0	0	0	0	0	0	0	0	
0	0	0	0	0	0	0	0	0	0	0	0	0	0	0	0	0	0	0	0	0	0	0	0	0	0	0	0	0	0	0	0	0	0	0	0	48	0	0	0	0	0	0	0	0	0	0	0	0	0	0	0	0	0	0	0	0	0	0	0	0	0	0	0	0	0	0	0	0	0	0	0	0	500	0	0	0	0	0	0	0	0	0	0	0	0	500	0	0	0	0	0	0	0	0	0	0	0	0	0	0	0	0	0	0	0	0	0	0	0	0	0	0	0	0	0	0	0	0	0	
0	0	0	0	0	0	0	0	0	0	0	0	0	0	0	0	0	0	0	0	0	0	0	0	0	0	0	0	0	0	0	0	0	0	0	0	0	0	0	0	0	0	0	0	0	0	0	0	0	96	48	0	0	0	0	0	0	0	0	0	0	0	0	0	0	0	0	0	0	0	0	0	0	0	0	0	0	0	0	0	0	0	0	0	0	0	0	0	0	0	0	0	0	0	0	0	0	0	0	0	0	0	0	0	0	0	0	0	0	0	0	0	0	0	0	0	0	0	0	0	
0	0	0	0	0	0	0	0	0	0	0	0	0	0	0	0	96	0	0	0	0	0	0	0	0	0	0	0	192	0	0	0	0	0	0	0	0	0	0	0	0	0	0	0	0	0	0	0	0	0	0	96	0	0	0	0	0	0	0	0	0	0	0	0	0	0	0	0	0	0	0	0	0	0	0	0	0	0	0	0	0	0	0	0	0	0	0	0	0	0	96	0	0	0	0	0	0	0	0	0	0	0	0	0	0	0	0	0	0	0	0	0	0	0	0	0	0	0	0	0	
0	0	0	0	0	0	0	0	0	500	0	0	0	48	0	0	0	0	0	0	0	0	0	0	0	0	0	0	0	0	0	0	0	0	0	0	0	0	0	0	0	0	0	0	0	0	0	0	0	0	0	0	0	0	0	0	0	0	0	0	0	0	0	0	0	0	0	0	0	0	0	0	0	0	0	0	0	0	0	0	0	0	0	0	0	0	0	0	0	0	0	0	0	0	0	0	0	0	0	0	0	0	0	0	0	0	0	0	0	0	0	0	0	0	0	0	0	0	0	0	
0	0	0	0	0	0	0	0	0	0	0	0	0	0	0	0	0	0	0	0	0	0	0	0	0	0	0	0	0	0	0	0	0	0	0	0	0	0	0	0	0	0	0	0	0	0	0	0	0	0	0	0	0	0	0	0	0	0	0	0	0	0	0	0	0	0	0	0	0	0	0	0	0	0	0	0	0	0	0	0	0	0	0	0	0	0	0	0	0	0	0	0	0	0	0	0	0	0	0	0	0	0	0	0	0	0	0	192	0	0	0	0	0	0	0	0	0	500	0	0	
0	0	0	0	0	0	0	0	0	0	0	0	0	0	0	0	0	0	0	0	0	0	0	0	0	0	0	0	0	0	0	0	0	0	500	0	0	0	0	0	0	96	0	0	0	0	0	0	0	0	0	0	0	0	0	0	0	0	0	0	0	0	0	0	0	0	0	0	0	48	0	0	0	0	0	0	0	0	0	0	0	0	192	0	0	0	0	0	0	0	0	0	0	0	0	0	0	0	0	0	0	0	0	0	0	0	0	0	0	0	0	0	0	0	0	0	0	0	0	0	
0	0	0	0	0	0	0	0	96	0	0	0	0	0	0	0	0	0	0	0	0	0	0	0	0	0	0	0	0	0	0	0	0	0	0	0	0	0	0	0	0	0	0	0	0	0	0	0	0	0	0	0	0	0	0	0	0	0	0	0	0	0	0	0	0	0	0	0	0	0	0	0	0	0	0	0	0	0	0	0	0	0	0	0	0	0	0	0	0	500	0	0	0	0	0	0	0	0	0	0	0	48	0	0	0	0	0	0	0	0	0	0	0	0	0	0	0	0	0	0	
0	0	0	0	0	0	0	0	0	0	0	0	0	0	0	0	0	0	0	0	0	0	0	0	0	0	0	0	0	0	0	0	0	0	0	0	48	0	0	0	0	0	0	0	0	0	0	0	0	0	0	0	0	0	0	0	0	0	0	0	0	0	0	0	0	0	0	0	0	0	0	0	0	0	0	0	0	0	0	0	0	0	0	0	0	0	0	0	0	0	0	0	0	0	0	0	0	0	0	0	0	0	0	0	0	0	0	0	96	0	0	0	0	0	0	0	0	0	0	0	
0	0	0	0	0	0	0	0	0	0	0	0	0	0	0	0	0	0	0	0	0	0	0	0	0	0	0	0	0	0	0	0	0	0	0	0	0	96	0	0	0	0	0	0	0	0	0	0	0	0	0	0	0	0	0	0	0	0	0	0	0	0	0	0	0	0	0	0	0	0	0	0	0	0	0	0	0	0	0	0	0	0	0	0	0	0	0	0	0	0	0	0	0	0	0	0	0	0	0	0	0	0	0	0	0	0	0	192	0	0	0	0	0	0	0	0	0	0	0	0	
0	0	0	0	0	0	0	0	0	0	0	0	0	0	0	0	0	0	0	0	0	0	0	0	0	0	0	0	0	0	0	0	0	0	0	0	0	0	0	0	0	0	0	0	0	0	0	0	0	0	0	0	0	0	0	0	0	96	0	0	0	0	0	0	0	0	0	0	0	0	0	0	0	0	0	0	0	0	0	0	0	0	0	0	0	0	0	0	500	0	0	0	0	0	0	0	0	0	0	0	0	0	0	0	0	0	0	0	0	0	0	0	0	0	0	0	0	0	0	0	
0	0	0	192	0	0	0	0	0	0	0	0	0	0	0	0	0	0	0	0	192	0	0	0	0	0	0	0	0	0	0	500	0	0	0	0	0	0	0	0	0	0	0	0	0	0	0	0	0	0	0	0	0	0	0	0	0	0	0	0	0	0	0	0	0	0	0	0	0	0	0	0	0	0	0	0	0	0	0	0	0	0	0	0	0	0	0	0	0	0	0	0	0	0	0	0	0	0	0	0	0	0	0	0	0	0	0	0	0	0	0	0	0	0	0	0	0	0	0	0	
0	0	0	0	0	0	0	0	0	0	0	0	48	0	0	0	0	0	0	0	0	0	0	0	0	0	0	0	0	0	0	0	0	0	0	0	0	0	0	0	0	0	0	0	0	0	0	0	0	0	0	0	0	0	0	0	0	0	0	0	0	0	0	0	0	0	0	0	0	0	0	0	0	0	0	0	0	0	0	0	0	0	0	0	0	0	0	0	0	0	0	0	0	0	0	0	0	48	0	0	0	0	0	0	0	0	0	0	0	0	0	0	0	0	0	0	0	0	0	0	
0	0	0	0	0	0	0	0	0	0	48	0	0	0	0	0	0	0	0	0	0	0	0	0	0	0	0	0	0	0	0	0	0	0	0	0	0	0	0	0	0	0	0	0	0	0	0	0	0	0	0	0	0	0	0	0	0	192	0	0	0	0	0	0	0	0	0	0	48	0	0	0	0	0	0	0	0	0	0	0	0	0	0	0	0	0	0	0	0	0	0	0	0	0	0	0	0	0	0	0	0	0	0	0	0	0	0	0	0	0	0	0	0	0	0	0	0	0	0	0	
0	0	0	0	0	0	0	0	0	0	0	0	0	0	0	0	0	0	0	0	0	0	0	0	0	0	0	0	500	0	0	0	0	0	0	0	0	0	0	0	0	0	0	0	0	0	0	0	0	0	0	0	0	0	0	0	0	0	0	96	0	0	0	0	0	0	0	0	0	0	0	0	0	0	0	0	0	0	0	0	0	0	0	0	0	0	0	0	0	0	0	0	0	0	0	0	0	0	500	0	0	0	0	0	0	0	0	0	0	0	0	0	0	0	0	0	0	192	0	0	
0	0	0	0	0	0	0	0	0	0	0	0	0	0	0	0	0	0	0	0	0	0	0	0	0	0	0	0	0	0	0	0	0	0	0	0	0	0	0	0	0	0	0	0	0	0	0	0	0	0	0	0	0	48	0	0	0	0	0	0	0	0	0	0	0	0	0	0	0	0	0	0	0	0	0	0	0	0	0	0	0	0	0	0	192	0	0	0	0	0	0	0	0	0	0	0	0	0	0	0	0	0	0	0	0	0	0	0	0	0	0	0	0	0	0	96	0	0	0	0	
0	0	0	0	0	0	0	0	0	0	0	0	0	0	0	0	0	0	0	0	0	0	0	0	0	0	0	0	0	0	0	0	0	0	0	0	0	0	0	0	0	0	0	0	500	0	0	0	0	0	0	0	0	0	0	0	0	0	0	0	0	96	48	0	0	0	0	0	0	0	0	48	0	0	0	0	0	0	0	0	0	0	0	0	0	0	0	0	0	0	0	0	0	0	0	0	500	0	0	0	0	0	0	0	0	0	0	0	0	0	0	0	0	0	0	0	0	0	0	0	
0	0	0	0	0	0	0	0	0	0	0	0	0	0	0	0	0	0	0	0	0	0	0	500	0	0	0	0	0	0	0	0	0	0	0	0	0	0	0	0	0	0	0	0	0	0	0	0	0	0	0	0	0	0	0	0	0	0	0	0	0	0	0	0	0	0	0	0	0	96	0	0	0	0	0	0	0	0	0	0	0	0	48	0	0	0	0	0	0	0	0	0	0	0	0	0	0	0	0	0	0	0	0	0	0	0	0	0	0	0	0	0	0	0	0	0	0	0	0	0	
0	0	0	0	0	0	0	0	0	0	0	0	0	0	0	48	0	0	0	0	0	0	0	0	0	0	0	0	0	0	0	0	0	0	0	0	0	0	0	0	0	0	0	0	0	192	0	0	0	0	0	0	0	0	0	0	0	0	0	0	0	0	0	0	0	0	0	0	0	0	0	0	0	0	0	0	0	0	0	0	0	0	0	0	0	0	0	0	0	0	0	0	0	0	0	0	0	0	0	0	0	0	0	0	0	0	0	0	0	0	0	0	96	0	0	0	0	0	0	0	
0	0	0	0	0	0	0	0	0	0	0	0	0	0	96	0	0	0	48	0	0	0	0	0	0	48	0	0	0	0	0	0	0	0	0	0	0	0	0	0	0	0	0	0	0	0	0	0	0	0	0	0	0	0	0	0	0	0	0	0	0	0	0	0	0	0	0	0	0	0	0	0	0	0	0	0	0	0	0	0	0	0	0	0	0	0	0	0	0	0	0	0	0	0	0	0	0	0	0	0	0	0	0	0	0	0	0	0	0	0	0	0	0	0	0	0	0	0	0	0	
0	0	0	0	0	0	0	0	0	0	0	0	0	0	0	0	0	0	0	0	0	0	0	0	0	0	96	0	0	0	0	0	0	0	0	0	0	0	0	0	0	0	0	0	0	0	0	0	0	0	0	0	0	0	0	0	0	0	0	0	0	0	0	0	0	0	0	0	0	0	0	0	0	0	0	0	0	0	0	0	0	0	0	0	0	0	0	0	0	0	0	0	0	0	0	0	0	0	0	0	0	0	500	0	0	48	0	48	0	48	0	0	0	0	0	0	0	0	0	0	
0	0	0	0	0	0	0	0	0	0	0	0	0	0	0	0	0	0	0	0	0	0	0	0	0	0	0	0	0	0	0	0	0	0	0	0	0	0	0	0	0	0	0	0	0	0	0	0	0	0	0	0	0	0	0	0	0	0	0	0	0	0	0	0	0	500	0	0	0	0	0	0	0	0	96	0	0	0	0	0	0	0	0	0	0	96	0	0	0	0	0	0	0	0	0	0	0	0	0	0	0	0	96	0	0	0	0	0	0	0	0	0	0	0	0	0	0	0	0	0	
0	0	0	0	0	0	0	0	0	0	0	0	0	0	0	0	0	0	0	0	0	0	0	0	0	0	0	0	0	0	0	0	0	0	0	0	0	0	0	0	0	0	0	96	0	0	0	0	0	96	96	0	0	0	0	0	0	0	0	0	0	0	0	0	0	0	0	0	0	0	0	0	0	0	0	0	0	0	0	0	0	0	0	0	0	0	0	0	0	0	0	0	0	0	0	0	0	0	0	0	192	0	0	0	0	0	0	0	0	0	0	0	0	0	0	0	0	0	0	500	
0	0	0	0	0	0	0	0	0	0	0	48	0	0	96	0	0	0	0	0	0	0	0	0	0	0	0	0	0	0	0	0	0	0	0	0	0	0	0	0	0	0	0	0	0	0	0	0	0	0	0	0	0	0	0	0	0	0	192	0	0	0	0	0	0	0	0	0	0	0	0	0	0	0	0	0	0	0	0	0	0	0	0	0	0	0	0	0	0	0	0	0	0	0	0	0	0	0	0	0	0	0	0	0	96	0	0	0	0	0	0	0	0	0	0	0	0	0	0	0	
0	0	0	0	0	0	0	0	0	0	0	0	0	0	0	0	0	0	0	0	0	0	0	96	0	0	0	0	0	0	0	0	0	0	0	0	0	0	0	0	0	0	0	0	0	0	0	0	0	0	0	0	0	0	0	0	0	0	0	0	48	0	0	0	0	0	0	48	0	0	0	0	0	0	0	0	0	0	0	0	0	0	0	0	0	0	0	0	0	0	0	0	0	0	0	0	0	0	0	0	0	0	0	0	0	0	0	0	0	0	0	0	0	0	0	0	0	0	0	0	
0	0	0	0	0	0	0	0	0	0	0	0	0	0	0	0	0	0	0	0	0	0	0	0	0	0	0	0	0	0	0	0	0	0	0	0	0	0	0	0	0	0	0	0	0	0	0	0	0	0	0	0	0	0	0	0	0	0	0	0	0	500	0	0	0	0	0	0	0	0	0	0	0	0	0	0	0	0	0	0	0	0	0	0	0	0	0	0	0	0	0	0	0	0	0	0	500	0	0	0	0	0	0	0	0	0	0	0	0	0	0	0	0	0	0	0	0	0	0	0	
0	0	192	0	0	0	0	0	0	0	0	0	0	0	0	0	0	0	0	0	0	0	0	0	0	0	0	0	0	0	0	0	0	0	0	0	0	0	0	96	0	0	0	0	0	0	0	0	0	0	0	0	0	0	0	0	0	0	0	0	0	0	0	0	0	0	0	0	0	0	0	0	0	0	0	0	0	0	0	0	0	0	0	0	0	0	0	0	0	0	0	0	0	0	0	0	0	0	0	0	0	0	0	0	0	0	0	0	0	0	0	0	0	0	0	0	0	0	0	0	
0	0	0	0	0	0	0	0	0	0	0	0	0	0	0	0	0	0	0	0	0	0	0	0	0	0	0	0	0	0	0	0	0	500	0	0	0	0	0	0	0	0	0	0	0	0	0	0	0	0	0	0	0	0	0	0	0	0	0	0	0	0	0	0	0	0	0	0	0	0	0	0	0	0	0	0	0	0	0	0	0	0	0	0	0	0	0	0	0	0	0	0	0	0	0	48	0	0	0	0	0	0	0	0	0	0	0	0	0	0	0	0	0	0	0	0	0	0	0	0	
0	0	0	0	0	0	0	0	0	0	0	0	0	0	0	48	0	0	0	0	0	0	0	0	0	0	0	0	0	0	0	0	0	0	0	192	0	0	0	0	0	0	0	0	0	0	0	0	0	0	0	0	0	0	0	0	0	0	0	0	0	0	0	0	0	0	0	0	0	0	0	0	0	0	0	0	0	0	0	0	0	0	0	0	0	0	0	0	0	0	0	0	0	0	0	0	0	0	0	0	0	0	0	0	0	0	0	0	0	0	0	0	0	0	0	0	0	0	0	0	
0	0	0	0	0	0	0	0	0	0	0	0	0	0	0	0	0	0	0	0	0	0	0	0	0	0	0	0	0	0	0	0	0	0	0	0	0	0	0	0	0	0	0	0	0	0	0	0	0	0	0	0	0	0	0	500	0	0	0	0	0	0	0	0	0	0	0	0	0	0	0	0	0	0	0	0	0	0	0	0	0	0	0	0	0	0	0	0	0	0	0	0	0	0	0	0	0	0	0	0	0	0	0	192	0	0	0	0	0	0	0	500	0	0	0	0	0	0	0	0	
0	0	0	0	0	0	0	0	0	0	0	0	0	0	48	0	0	0	0	0	0	0	0	0	0	0	0	0	0	0	0	0	0	0	0	0	0	0	0	0	0	0	0	0	0	0	0	0	0	0	0	0	0	0	0	0	0	0	96	500	0	0	0	0	0	0	0	0	0	0	0	0	0	0	0	0	0	0	0	0	0	0	0	0	0	0	0	0	0	0	0	0	0	0	0	0	0	0	0	0	0	0	0	0	0	0	0	0	0	0	0	0	0	0	0	0	0	0	0	0	
0	0	0	0	0	0	0	0	0	0	0	0	0	0	0	0	0	0	0	0	0	0	0	0	0	0	0	0	0	0	0	0	0	0	0	0	0	0	0	0	0	0	0	0	0	0	0	0	0	0	0	0	48	0	0	0	0	0	0	0	0	0	0	0	500	0	0	0	0	0	0	0	0	0	0	0	0	0	0	0	0	0	0	0	0	0	0	0	0	0	0	0	0	0	0	0	0	0	0	0	0	0	0	0	0	0	0	0	0	0	0	0	0	0	0	0	0	0	0	0	
0	0	0	0	0	0	0	0	0	0	0	0	0	0	0	0	0	0	0	96	0	0	0	0	0	0	0	0	0	0	0	0	0	0	0	0	0	0	0	96	0	0	0	0	0	0	0	0	0	0	48	0	0	0	0	0	0	0	0	0	0	0	0	0	0	0	0	0	0	0	0	0	0	0	0	0	0	0	0	0	0	0	0	0	0	0	0	0	0	0	0	0	0	0	0	0	0	0	0	0	96	0	0	0	0	0	0	0	0	0	0	0	0	0	0	0	0	0	0	0	
0	0	0	0	0	0	0	0	0	0	0	0	0	0	0	0	0	0	0	48	0	0	0	0	0	0	0	0	0	0	0	0	0	0	0	0	0	0	0	96	0	0	0	0	0	0	0	0	0	48	0	0	0	0	0	0	0	0	0	0	0	0	0	0	0	0	0	0	0	0	0	0	0	0	0	0	0	0	0	0	0	0	0	0	0	0	0	0	0	0	0	0	0	0	0	0	0	0	0	0	0	0	0	0	0	0	0	0	0	0	0	0	0	0	0	0	0	0	0	96	
0	0	0	0	0	0	96	0	0	0	0	0	0	0	0	0	96	96	0	0	96	0	0	0	0	0	0	0	0	0	0	0	0	0	0	0	0	0	0	0	0	0	0	0	0	0	0	0	0	0	0	0	0	0	0	0	0	0	0	0	0	0	0	0	0	0	0	0	0	0	0	0	0	0	0	0	0	0	0	0	0	0	0	0	0	0	0	0	0	0	0	0	0	0	96	0	0	0	0	0	0	0	0	0	0	0	0	0	0	0	0	0	0	0	0	0	0	0	0	0	
0	0	0	0	0	0	0	0	0	0	0	0	0	0	0	0	0	0	0	0	0	0	0	0	0	0	0	0	0	0	0	0	0	0	0	0	0	0	0	0	0	0	0	0	0	0	0	0	48	0	0	0	0	0	0	0	0	0	0	0	0	0	0	0	0	0	0	0	0	0	0	0	0	0	0	48	0	0	0	0	0	0	0	0	0	0	0	0	0	0	0	0	0	0	0	192	0	0	0	0	0	0	0	0	0	0	0	0	0	0	0	0	0	0	0	0	0	0	192	0	
0	0	0	0	0	0	0	0	0	0	0	0	0	0	0	0	0	0	0	0	0	0	0	0	0	0	0	0	0	0	0	0	48	0	0	0	0	0	0	0	0	0	0	0	0	0	0	0	0	0	0	0	0	0	0	0	0	0	0	0	0	0	0	0	0	0	0	96	0	0	0	0	0	0	0	0	0	0	0	0	0	0	0	0	0	0	0	0	0	0	0	0	0	0	0	0	0	0	0	0	0	0	0	0	0	0	0	0	0	0	0	0	0	0	0	48	0	0	0	0	
0	0	0	0	0	0	0	0	0	0	0	0	0	0	0	0	0	0	0	0	0	0	0	0	0	0	0	0	0	0	0	0	0	0	0	0	0	0	0	0	0	0	0	0	0	0	0	0	0	0	0	0	0	0	0	0	0	0	0	0	0	0	0	0	0	500	0	0	0	0	0	0	0	0	96	0	0	0	0	0	0	0	0	0	0	192	0	0	0	0	0	0	192	0	0	0	0	0	0	0	0	0	0	0	0	0	0	0	0	0	0	0	0	0	0	0	0	0	0	0	
0	0	0	0	0	0	0	0	0	0	0	0	0	0	0	0	0	0	0	0	0	0	0	0	0	0	0	0	0	0	0	0	0	0	0	0	0	0	0	0	0	0	0	0	0	0	500	0	0	0	0	0	0	0	0	0	0	0	0	0	0	0	0	0	0	0	0	0	0	0	0	0	0	0	0	0	0	0	0	0	0	0	0	0	0	0	0	0	0	0	0	0	0	0	0	0	0	0	0	0	0	0	0	500	0	0	0	0	0	0	0	0	0	192	0	0	0	0	0	0	
0	0	0	0	0	0	0	0	0	0	0	0	0	0	0	0	0	0	0	0	0	0	0	0	0	0	0	0	0	0	0	0	0	0	0	0	0	0	0	0	0	0	0	0	0	0	0	0	0	0	0	0	0	0	0	0	0	0	0	0	0	0	0	0	192	0	96	0	0	0	0	0	0	0	0	0	0	0	0	0	0	0	0	192	0	0	0	0	0	0	0	0	192	0	0	0	0	0	0	0	0	0	0	0	0	0	0	0	0	0	0	0	0	0	0	0	0	0	0	0	
0	0	0	0	0	0	0	0	0	0	0	0	0	0	0	0	0	0	0	0	0	0	0	0	0	0	0	96	0	0	192	0	0	0	0	0	0	0	0	0	0	0	0	0	0	0	0	0	0	0	0	0	0	0	0	0	0	0	0	0	0	0	0	0	0	0	0	0	0	0	0	0	0	0	0	0	0	0	0	0	0	0	0	0	0	0	0	0	0	0	0	0	0	0	0	0	0	0	0	0	0	0	0	0	0	0	0	0	0	0	0	0	0	0	0	0	0	0	0	0	
0	0	0	0	0	0	0	0	0	0	0	0	0	0	48	0	0	0	0	0	0	0	0	0	0	0	0	0	0	0	0	0	0	0	0	0	0	0	0	0	192	0	0	0	0	0	0	96	0	0	0	0	0	0	0	0	0	0	0	0	0	0	0	0	0	0	0	0	0	0	0	0	0	0	0	0	0	0	0	0	0	0	0	0	0	0	0	0	0	0	0	0	0	0	0	0	0	0	0	0	0	0	0	0	0	0	0	0	96	0	0	0	0	0	0	0	0	0	0	0	
0	0	0	0	0	0	0	0	0	0	0	0	0	0	0	0	0	0	0	0	0	0	0	0	0	0	0	0	0	0	0	96	0	0	0	0	0	0	0	0	0	0	0	0	0	0	0	500	0	0	0	0	0	0	0	0	0	0	0	0	0	0	0	0	0	0	0	0	0	0	0	0	0	0	0	0	0	0	0	0	0	0	0	0	0	0	0	0	0	0	0	0	0	0	0	0	0	0	0	0	0	0	0	0	0	0	0	0	0	0	0	0	0	0	0	0	0	0	0	0	
0	0	0	0	0	0	0	0	0	0	0	0	0	0	0	0	0	0	0	0	0	0	0	0	0	0	0	0	0	0	0	0	0	0	0	0	0	0	0	0	0	48	0	0	0	0	0	0	0	0	0	0	0	0	0	0	0	0	0	0	0	0	0	0	0	0	0	0	0	0	0	0	0	0	0	0	0	0	0	0	0	0	0	0	0	0	0	0	0	0	0	0	0	0	0	0	0	0	0	48	0	0	0	0	0	0	0	0	0	0	0	0	0	0	0	0	0	0	0	0	
0	0	0	0	0	0	0	0	0	0	0	0	0	0	0	0	0	0	0	0	0	0	0	0	0	0	0	0	0	0	0	0	0	96	0	0	0	0	0	0	0	0	500	0	0	0	0	0	0	0	0	0	0	0	0	0	0	0	0	0	0	0	0	0	0	0	0	0	0	0	0	48	0	0	0	0	0	0	0	0	0	0	0	0	0	0	0	0	0	0	0	0	0	0	0	0	0	0	0	0	0	0	0	0	0	0	0	0	0	0	0	0	0	0	0	0	0	0	0	0	
0	0	0	0	0	0	0	0	0	0	0	0	0	0	0	0	0	0	0	0	0	0	0	0	0	0	0	0	0	0	0	0	0	48	0	0	0	0	0	0	0	0	0	0	0	0	0	0	0	0	0	0	0	0	0	0	0	0	0	0	0	0	0	0	0	0	0	0	0	0	0	0	0	0	0	48	500	0	0	0	0	0	0	0	0	0	0	0	0	0	0	0	0	0	0	500	0	0	0	0	0	0	0	0	0	0	0	0	0	0	500	0	0	0	0	0	0	0	0	0	
0	0	0	0	0	0	0	0	0	0	0	0	0	0	0	0	0	0	0	0	0	0	0	0	0	0	0	0	0	0	0	0	0	0	0	0	0	0	0	0	0	0	0	0	0	0	0	0	0	0	0	0	0	0	0	0	0	0	0	0	0	0	0	0	0	0	0	0	0	0	0	0	0	0	0	0	0	0	0	96	0	0	0	0	96	0	0	0	0	0	0	0	0	0	0	0	0	0	0	0	0	0	0	0	0	0	0	0	0	0	0	0	0	0	0	0	0	0	0	0	
0	0	0	0	0	0	0	0	0	0	0	0	0	0	0	0	0	0	0	0	0	0	0	0	0	0	0	0	0	0	0	0	0	0	0	0	0	0	0	0	0	0	0	0	0	0	0	0	500	0	0	0	0	0	0	0	192	0	0	0	0	0	0	0	0	0	0	0	0	0	0	0	0	0	0	0	0	0	0	0	0	0	0	500	0	0	0	0	0	0	0	0	0	0	0	0	0	0	0	0	0	0	0	0	0	0	0	0	0	0	0	0	0	0	0	0	0	0	0	0	
0	0	0	0	0	0	0	0	0	0	0	0	0	0	0	0	0	0	0	0	0	0	0	0	0	0	0	0	0	0	0	0	0	0	0	0	0	0	500	0	0	0	0	0	0	0	0	0	0	0	0	0	0	0	500	0	0	0	0	0	0	0	0	0	0	0	0	0	0	0	0	0	0	0	96	0	0	0	0	0	0	0	0	0	0	0	0	0	0	0	0	0	0	0	0	0	0	0	0	0	0	0	0	0	0	0	0	0	0	0	0	0	0	0	0	0	0	0	0	0	
0	0	0	0	0	0	0	0	0	0	0	0	0	0	0	0	0	0	0	0	0	0	0	0	0	0	0	0	0	0	0	0	0	0	0	0	0	0	0	0	0	0	0	0	0	0	0	0	0	0	0	0	0	0	0	0	96	0	0	0	0	0	0	0	0	0	0	0	0	0	0	0	0	0	0	0	0	0	0	0	0	0	0	0	0	0	0	0	0	0	0	0	0	0	0	0	0	0	0	0	0	0	0	0	0	0	96	0	0	0	0	0	0	0	0	0	500	0	0	0	
0	0	0	0	0	0	0	0	0	0	0	0	0	0	0	0	0	0	0	0	0	0	0	0	0	0	0	0	0	0	0	0	0	0	0	0	0	0	0	0	0	48	0	0	0	0	0	0	0	0	0	0	0	96	0	0	0	0	0	0	0	0	0	0	0	0	0	0	0	0	0	0	0	0	0	0	0	0	0	0	0	0	0	0	0	0	0	0	0	0	0	0	0	0	0	0	0	0	0	0	0	0	0	0	0	0	0	0	0	0	0	0	0	0	0	0	0	0	0	0	
0	0	0	0	0	0	0	0	0	0	0	0	0	0	0	0	0	0	0	0	0	0	0	0	0	0	0	0	0	0	48	0	0	0	0	0	0	0	0	0	0	0	0	0	0	0	0	0	0	0	0	0	0	0	0	0	0	0	0	0	0	0	0	0	0	0	0	0	0	0	0	0	0	0	0	0	0	0	0	0	0	0	0	0	0	0	0	0	0	0	0	0	0	0	0	0	0	0	0	0	0	0	0	0	0	192	0	0	0	0	0	0	0	0	0	0	0	500	0	0	
0	0	0	0	0	0	0	0	0	0	0	0	0	0	0	0	0	0	0	0	0	0	0	48	0	0	0	0	0	0	0	0	0	0	96	0	0	0	0	0	0	0	0	0	0	0	0	0	0	0	0	0	0	0	0	0	0	0	0	0	0	0	0	0	0	0	0	0	0	0	0	0	0	0	0	0	0	0	0	0	0	0	0	0	0	0	0	0	0	0	0	0	0	0	0	0	0	0	0	0	0	0	0	0	0	0	0	0	0	0	0	0	0	0	0	0	0	0	0	0	
48	0	0	0	0	0	0	0	0	0	0	0	0	0	0	0	0	0	0	0	0	0	0	0	0	0	0	0	0	0	0	0	0	0	0	0	0	0	0	0	0	0	0	0	0	0	0	0	0	0	0	0	0	0	0	0	0	0	0	0	0	0	0	0	0	0	0	0	0	0	0	0	0	0	0	0	0	0	0	0	48	0	0	0	0	0	0	0	0	0	0	0	0	0	0	0	0	0	0	0	0	0	0	0	0	0	0	0	0	0	0	0	0	0	0	0	0	0	0	0	
0	0	0	0	0	0	0	0	0	0	0	0	0	0	0	0	0	0	0	0	0	0	0	0	0	0	0	0	0	0	0	0	0	48	0	0	0	0	0	0	0	0	0	0	0	0	0	0	0	0	0	0	0	0	0	0	0	0	0	0	0	48	0	0	0	0	0	0	0	0	0	0	0	0	0	0	0	0	0	0	0	0	0	0	0	0	0	0	0	0	0	0	0	0	0	0	0	0	0	0	0	0	0	0	0	0	0	0	0	0	0	0	0	0	0	0	0	0	0	0	
0	0	0	0	0	0	0	0	0	0	0	0	48	0	0	0	0	0	0	0	0	0	0	0	0	0	0	0	0	0	0	0	0	0	0	0	0	0	0	0	0	0	0	0	0	0	0	0	0	0	0	0	0	0	0	0	0	0	0	0	0	0	0	0	0	0	0	0	0	0	0	0	0	0	0	0	0	0	0	0	0	0	0	0	0	0	0	0	0	192	0	0	0	0	0	0	0	0	0	0	0	0	0	0	0	0	0	0	0	0	0	0	0	0	0	0	0	0	0	0	
0	500	0	0	0	0	0	0	0	0	0	0	0	0	0	0	0	0	500	0	0	0	0	0	0	0	0	0	0	0	0	0	0	0	0	0	0	0	0	0	0	0	0	0	0	0	0	0	0	0	0	0	0	0	0	0	0	0	0	0	0	0	0	0	0	0	0	0	0	0	0	0	0	0	0	0	0	0	0	0	0	0	0	0	0	0	48	0	0	0	0	0	0	0	0	0	0	0	0	0	0	0	0	0	0	0	0	0	0	0	0	0	0	0	0	0	0	0	0	0	
0	0	0	0	0	0	0	0	0	0	0	0	0	0	0	0	0	0	0	0	0	0	0	0	0	0	0	0	0	0	0	0	0	0	0	0	0	0	96	0	0	0	0	0	0	0	0	0	0	0	0	0	0	0	96	0	0	0	0	0	0	0	0	0	0	96	0	0	0	0	0	0	0	0	0	0	0	0	0	0	0	0	0	0	0	0	0	0	0	0	0	0	0	0	0	0	0	0	0	0	0	0	0	0	0	0	0	0	0	0	0	0	0	0	0	0	0	0	0	0	
0	0	0	0	0	0	0	0	0	0	0	0	0	0	0	0	0	0	0	0	0	0	0	0	0	0	0	0	0	0	0	0	0	0	0	0	0	0	0	0	0	0	0	0	0	0	0	0	0	0	0	0	48	0	0	0	0	0	0	0	0	0	48	0	0	0	0	0	0	0	0	0	0	0	0	0	0	0	0	0	0	0	0	0	0	0	0	0	0	0	0	0	0	0	0	0	0	0	0	0	0	0	0	0	0	0	0	0	0	0	0	0	0	0	0	0	0	0	0	0	
0	0	0	0	0	0	0	0	500	0	0	0	0	0	0	0	0	0	0	0	0	0	0	0	0	0	0	0	0	0	0	0	0	0	0	0	0	0	0	0	0	0	0	0	0	0	0	0	0	0	0	0	0	0	0	0	0	0	0	0	0	0	500	0	0	0	0	0	0	0	0	0	0	0	0	0	0	0	0	0	0	0	0	0	0	0	0	0	0	0	0	0	0	0	0	0	0	0	0	0	0	0	0	0	0	0	0	0	0	0	0	0	0	0	0	0	0	0	0	0	
0	0	48	0	0	0	0	0	0	0	0	0	0	0	0	0	0	0	0	0	0	0	0	0	0	0	0	0	0	0	0	0	0	0	0	0	0	0	0	0	0	0	0	0	0	0	0	0	0	0	0	0	0	0	0	0	0	0	0	0	0	0	0	0	0	0	0	0	0	0	0	0	0	0	0	0	0	0	0	0	0	500	0	0	0	0	0	0	0	0	192	0	0	0	0	0	0	0	0	0	0	0	0	0	0	0	0	0	0	0	0	0	0	192	0	0	0	0	0	0	
0	0	0	0	0	0	0	96	500	0	0	0	0	0	0	0	0	0	0	0	0	0	0	0	0	0	0	0	0	0	0	0	0	0	0	0	0	0	0	0	0	0	0	0	0	0	0	0	0	0	0	0	0	0	0	0	0	0	0	0	0	0	0	0	0	0	0	0	0	0	0	0	0	0	0	0	0	0	0	0	0	0	0	0	0	0	0	0	0	0	0	0	0	0	0	0	0	0	0	0	0	192	0	0	0	0	0	0	0	0	0	0	0	0	0	0	0	0	0	0	
0	0	0	0	0	0	0	0	0	0	0	0	0	0	0	0	0	0	0	0	0	0	0	0	0	0	0	0	0	0	0	0	0	0	0	0	0	0	0	0	0	0	0	0	0	0	0	0	0	0	0	0	0	0	0	0	0	0	0	0	0	0	0	96	0	0	0	0	0	0	0	0	0	0	0	0	0	0	0	0	0	0	0	0	0	0	0	0	0	0	0	0	0	0	0	0	0	0	0	96	0	0	0	0	0	0	0	0	0	0	0	0	0	0	0	0	0	0	0	0	
0	0	0	0	0	0	0	0	0	0	0	0	0	96	0	0	0	0	0	0	0	0	0	0	0	0	0	0	0	0	0	0	0	0	0	0	0	0	0	0	0	0	0	0	0	0	0	0	0	0	0	0	0	0	0	0	0	0	0	0	0	0	0	0	0	0	0	0	0	0	48	0	0	0	0	0	0	0	0	0	0	0	0	0	0	0	0	0	0	0	0	0	0	0	0	0	0	0	0	0	0	0	0	0	0	0	0	0	0	0	0	0	0	0	0	0	0	0	0	0	
0	0	96	0	0	0	0	0	0	0	0	0	0	0	0	0	0	0	0	0	0	0	0	0	0	0	0	0	0	0	0	0	0	0	0	0	0	0	0	0	0	0	0	0	0	0	0	0	0	0	0	0	0	0	0	0	0	0	0	0	0	0	0	0	0	0	0	0	0	0	0	0	0	0	0	0	0	500	0	0	0	0	0	0	0	0	0	0	0	0	0	0	0	0	0	0	0	0	0	0	0	0	0	0	0	0	0	0	0	0	0	0	0	0	0	0	0	0	0	0	
0	0	0	0	0	0	0	0	0	0	0	0	0	0	0	0	0	0	0	0	0	0	0	192	0	0	0	0	0	0	0	0	0	0	48	0	0	0	0	0	0	0	0	0	0	0	0	0	0	0	0	0	0	0	0	0	0	0	0	0	0	0	0	0	0	0	0	0	0	0	0	0	0	0	0	0	0	0	0	0	0	0	0	0	0	0	0	0	0	0	0	0	0	0	0	0	0	0	0	0	0	0	0	0	0	0	0	0	0	0	0	0	0	0	0	0	0	0	0	0	
0	0	0	0	0	0	0	0	0	0	0	0	0	0	0	0	0	0	0	0	0	0	0	0	0	0	0	0	0	0	0	0	0	0	0	0	0	0	0	0	0	0	0	0	0	0	0	0	0	0	0	0	0	0	0	0	192	0	0	0	0	0	0	0	500	0	0	0	0	0	0	0	0	0	0	0	0	0	0	0	0	0	0	0	0	0	0	0	0	0	0	0	48	0	0	0	0	0	0	0	0	0	0	0	0	0	0	0	0	0	0	0	0	0	0	0	0	0	0	0	
0	0	0	0	0	0	0	0	0	0	0	0	0	0	0	0	0	0	0	0	0	0	0	0	0	0	0	0	0	0	0	0	192	0	0	0	0	0	0	0	0	0	0	0	0	0	0	0	0	0	0	0	0	0	0	0	0	0	0	0	0	0	0	96	0	0	0	0	0	0	0	0	0	0	0	0	0	0	0	0	0	0	0	0	0	0	0	0	0	0	0	0	0	0	0	0	0	0	0	0	0	0	0	0	0	0	0	0	0	0	0	0	0	0	0	0	0	0	0	0	
0	0	0	0	0	0	0	0	0	0	0	0	0	0	0	0	0	0	0	0	0	0	0	0	0	0	0	0	0	0	0	0	0	0	0	0	0	0	96	0	0	0	0	0	0	0	0	0	0	0	0	0	0	0	192	0	0	0	0	0	0	0	0	0	0	0	0	0	0	0	0	0	0	0	0	0	0	0	0	0	0	0	0	0	0	0	0	0	0	0	0	0	0	0	0	0	0	0	0	0	0	0	0	0	0	0	0	0	0	0	0	0	0	0	0	0	192	0	0	0	
0	0	0	0	0	0	0	0	0	0	0	0	0	0	0	0	0	0	500	0	0	0	0	0	0	0	0	0	0	0	0	0	0	0	0	0	0	0	0	0	0	0	0	0	0	0	0	0	0	0	0	0	0	0	0	0	0	0	0	0	0	0	0	0	0	0	0	0	0	0	0	0	0	48	0	0	0	0	0	0	0	0	0	0	0	0	0	0	0	0	0	0	0	0	0	0	0	0	0	0	0	0	0	0	96	0	0	0	0	0	0	0	0	0	0	0	0	0	0	0	
0	0	0	0	0	0	0	0	0	0	0	0	0	0	0	0	0	96	0	0	0	0	0	0	0	0	0	0	0	0	0	0	0	0	0	0	0	0	0	0	0	0	0	0	0	0	0	0	0	0	0	0	0	0	0	0	0	0	0	0	0	0	0	0	0	0	0	0	0	0	0	0	0	0	0	0	0	0	0	0	0	0	0	0	0	0	0	0	0	0	0	0	0	0	192	0	0	0	0	0	0	0	0	0	0	0	0	0	0	0	0	0	0	0	0	0	0	0	0	0	
0	0	0	0	0	0	0	0	0	0	48	0	0	0	0	0	0	0	0	0	0	0	0	0	0	0	0	500	0	0	0	0	0	0	0	0	0	0	0	0	0	0	0	0	0	0	0	0	0	0	0	0	0	0	0	0	0	0	0	0	0	0	0	0	0	0	0	0	0	0	0	0	0	0	0	0	0	0	0	0	0	0	0	0	0	0	0	0	0	0	0	0	0	0	0	0	0	0	0	0	0	0	0	0	0	0	0	0	0	0	0	0	0	0	0	0	0	0	0	0	
0	0	0	0	0	0	0	0	0	0	0	0	0	0	0	0	0	0	0	0	0	0	0	0	500	0	0	0	0	0	0	0	0	0	0	0	0	0	0	0	0	0	0	0	0	0	0	0	0	0	0	0	0	0	0	0	0	0	0	0	0	0	0	0	0	0	0	0	0	0	0	0	192	0	0	0	0	0	0	0	0	0	0	0	0	0	0	0	0	0	0	0	0	0	0	0	0	0	0	0	0	0	0	0	0	0	0	0	0	0	0	0	0	0	0	0	0	0	0	0	
0	0	0	0	0	0	0	0	0	0	0	0	0	0	0	0	0	0	0	0	96	0	0	0	0	0	0	0	0	0	0	0	0	0	0	0	0	0	0	0	0	0	0	0	0	0	0	0	0	0	0	0	0	0	0	0	0	0	0	0	0	0	0	0	0	0	0	0	0	0	0	0	0	0	0	0	0	192	0	0	0	0	0	0	0	0	0	0	0	0	0	0	0	0	0	0	0	0	0	0	0	0	0	0	0	0	0	0	0	0	0	0	0	0	0	0	0	0	0	0	
0	0	0	0	0	0	500	0	0	0	0	0	0	0	0	500	0	0	0	0	0	0	0	0	0	0	0	0	0	0	0	0	0	0	0	0	0	0	0	0	0	0	0	0	0	0	0	0	0	0	0	0	0	0	0	0	0	0	0	0	0	0	0	0	0	0	0	0	0	0	0	0	0	0	0	0	0	0	0	0	0	0	0	0	0	0	0	0	0	0	0	0	0	0	0	0	0	0	0	0	0	0	0	0	0	0	0	0	0	0	0	0	0	0	0	0	0	0	0	0	
0	0	0	0	0	0	0	0	0	0	0	0	0	0	0	0	0	0	0	0	0	0	0	0	0	0	0	0	0	0	0	0	0	0	0	0	0	0	0	0	0	0	0	0	0	0	0	0	0	0	0	0	0	0	192	0	192	0	0	0	0	0	0	0	0	0	0	0	0	0	0	0	0	0	0	0	0	0	0	0	0	0	0	48	0	0	0	0	0	0	0	0	0	0	0	0	0	0	0	0	0	0	0	0	0	0	0	0	0	0	0	0	0	0	0	0	0	0	0	0	
0	0	0	0	0	0	0	0	500	0	0	0	0	0	0	0	0	0	0	0	0	0	0	0	0	0	0	0	0	0	0	0	0	0	0	0	0	0	0	0	0	0	0	0	0	0	0	0	0	0	0	0	0	0	0	0	0	0	0	0	0	0	0	0	0	0	0	0	0	0	0	0	0	0	0	0	0	0	0	0	0	0	0	0	0	0	0	0	0	0	0	0	0	0	0	0	0	0	0	0	0	0	0	0	0	0	0	0	0	0	48	0	48	0	0	0	0	0	0	192	
0	0	0	0	0	0	0	0	0	0	0	0	0	0	0	0	0	0	0	0	0	0	0	0	0	0	0	0	0	0	0	0	0	0	0	0	0	0	0	0	0	0	0	0	0	0	0	0	0	0	0	96	0	0	0	0	0	0	0	0	0	0	0	0	0	0	0	0	0	0	0	0	0	0	0	0	0	0	0	0	0	0	0	0	0	0	0	192	0	0	0	0	0	0	0	0	0	48	0	0	0	0	0	0	0	0	0	500	0	0	0	0	0	0	0	0	0	0	0	0	
0	0	0	0	0	0	0	0	0	0	0	0	0	0	0	0	0	0	0	0	0	0	0	0	0	0	0	0	0	0	0	0	0	0	0	0	0	0	0	0	0	0	0	0	48	0	0	0	0	0	0	0	192	0	0	0	0	0	0	0	0	0	500	0	0	0	0	0	0	0	0	0	0	0	0	0	0	0	0	0	0	0	0	0	0	0	0	0	0	0	0	0	0	0	0	0	0	0	0	0	0	0	0	0	0	0	0	0	0	0	0	0	0	0	0	0	0	0	0	0	
0	0	0	0	0	0	0	0	0	0	0	0	0	0	0	0	0	0	0	0	0	0	0	0	0	0	0	0	0	0	0	0	0	500	0	0	0	0	0	0	0	0	500	0	0	0	0	0	0	0	0	0	0	0	0	0	0	0	0	0	0	0	0	0	0	0	0	0	0	0	0	0	0	0	0	0	0	0	0	0	0	0	0	0	0	0	0	0	0	0	0	0	0	0	0	0	0	0	0	0	0	0	0	0	0	0	0	0	0	0	0	0	0	0	0	0	0	0	0	0	
0	0	0	0	0	0	0	0	0	0	0	0	0	0	0	0	0	0	0	0	0	0	0	0	0	0	0	0	0	48	0	0	0	0	0	0	0	0	0	0	0	0	0	0	0	0	0	0	0	0	0	0	0	0	0	0	0	0	0	0	0	0	0	0	0	0	0	0	0	0	0	0	0	0	0	0	0	0	0	0	0	0	0	0	0	0	0	0	0	0	0	0	0	0	48	0	0	0	0	0	0	0	0	0	0	0	0	0	0	0	0	0	0	0	0	0	0	0	0	0	
0	0	0	0	0	0	0	0	0	0	0	0	0	0	0	0	0	0	0	0	0	0	0	0	0	0	0	0	0	0	0	500	0	0	0	0	0	0	0	0	0	0	0	0	0	0	0	0	0	0	0	0	0	0	0	0	0	0	0	0	0	0	0	0	0	0	0	0	0	0	0	0	0	0	0	0	0	0	0	0	0	0	0	0	0	0	0	0	0	0	0	0	0	0	0	0	0	0	0	0	0	0	0	0	0	0	0	0	0	0	0	192	0	0	0	0	0	96	0	0	
0	0	0	0	0	0	0	0	0	0	0	0	0	0	0	0	0	0	0	0	0	0	0	0	0	0	0	0	0	0	0	0	0	0	0	0	0	0	0	0	0	0	0	0	0	0	0	0	0	0	0	0	0	0	0	0	0	0	0	0	48	0	0	0	0	0	0	0	0	0	0	0	0	0	0	0	0	0	0	96	0	0	0	0	0	0	0	0	0	0	0	0	0	0	0	0	0	0	0	0	0	0	0	0	0	0	0	0	0	0	0	0	0	0	0	96	192	0	0	0	
0	0	0	0	0	0	0	0	0	0	0	0	0	0	0	0	0	0	0	0	0	0	0	0	0	0	0	0	0	0	0	0	0	0	0	0	0	0	0	192	0	0	0	0	0	0	0	0	0	96	0	0	0	0	0	0	0	0	0	0	0	0	0	0	0	0	0	0	0	0	0	0	0	0	0	0	0	0	0	0	0	0	0	0	0	0	0	0	0	0	0	0	0	0	0	0	0	0	0	0	0	0	0	0	0	0	0	0	0	0	0	0	0	0	0	0	0	0	0	0	
0	0	0	0	0	0	0	0	0	0	0	0	0	0	0	0	0	0	0	0	0	0	0	0	48	0	0	0	0	0	0	0	0	0	0	0	0	0	0	0	0	0	0	0	0	0	0	0	0	0	0	0	0	0	0	0	0	0	0	0	0	0	0	0	0	0	0	0	0	0	0	0	0	0	0	0	0	0	192	0	0	0	0	0	0	0	0	0	0	0	0	0	0	0	0	0	0	0	0	0	0	0	0	0	0	0	0	0	0	0	0	0	0	0	0	0	0	0	0	0	
0	0	0	0	48	0	0	0	0	0	0	0	0	0	0	0	0	0	0	0	0	0	0	0	0	0	0	0	0	0	0	0	0	0	0	0	0	500	96	0	0	0	0	0	0	0	0	0	0	0	0	0	0	0	0	0	0	0	0	0	0	0	0	0	0	0	0	0	0	0	0	0	0	0	0	0	0	0	0	0	0	0	0	0	0	0	0	0	0	0	0	0	0	0	0	0	0	0	0	0	0	0	0	0	0	0	0	0	0	0	0	0	0	0	0	0	0	0	0	0	
0	0	0	0	0	0	0	0	0	0	0	0	0	0	0	0	0	0	0	0	0	0	0	0	0	0	0	0	0	0	0	0	0	0	0	0	0	0	0	0	0	0	0	0	0	0	192	0	0	0	0	0	0	0	0	500	0	0	0	0	0	0	0	0	0	0	0	0	0	0	0	0	0	0	0	0	0	0	0	0	0	0	0	0	0	0	0	0	0	0	0	0	0	0	0	0	0	0	0	0	0	0	0	0	0	0	0	0	0	0	0	0	500	48	0	0	0	0	0	0	
0	0	0	0	0	0	0	0	0	0	0	0	0	0	0	0	0	0	0	0	0	0	0	0	0	0	0	0	0	0	0	0	0	0	0	0	0	0	0	0	96	0	0	0	0	0	0	0	0	0	0	0	0	0	0	0	0	0	0	0	0	0	0	0	0	0	0	0	0	0	0	0	0	0	0	0	0	0	0	0	0	0	0	0	0	0	96	0	0	0	0	0	0	0	0	0	0	0	0	0	0	0	0	0	0	0	0	0	0	0	0	0	0	0	0	0	0	0	0	0	
0	0	0	0	0	0	0	0	0	0	0	0	0	0	0	0	0	0	0	0	0	0	0	0	0	0	0	0	0	0	0	0	0	0	0	0	0	48	0	0	0	0	0	0	0	0	0	0	0	0	0	0	0	0	0	0	0	0	0	0	0	0	0	0	0	0	0	0	192	0	0	0	0	0	0	0	0	0	0	0	0	0	0	0	0	0	0	0	0	0	0	0	0	0	0	0	0	0	0	0	0	0	0	0	0	0	0	0	0	0	0	0	0	0	0	0	0	0	0	0	
0	0	0	0	0	0	0	0	0	0	0	0	0	0	0	0	0	0	0	0	0	0	0	0	0	0	0	0	0	0	0	0	0	0	0	0	0	0	0	0	0	0	0	0	0	0	0	0	0	0	0	0	0	0	0	0	0	0	0	0	0	0	0	0	0	0	96	0	0	0	0	0	0	0	0	0	0	0	0	0	0	0	0	0	0	0	0	0	0	0	0	0	0	0	0	0	0	0	0	0	0	0	0	0	0	0	0	0	0	0	0	0	0	0	0	192	0	0	0	0	
0	0	0	0	0	0	0	0	0	0	0	0	0	0	0	0	0	0	0	0	0	0	192	0	0	0	192	0	0	0	0	0	0	0	0	0	0	48	0	0	0	0	0	0	0	0	0	0	0	0	0	0	0	0	0	0	0	0	0	0	0	0	0	0	0	0	0	0	0	0	0	0	0	0	0	0	0	0	0	0	0	0	0	0	0	0	0	0	0	0	0	0	0	0	500	0	0	0	0	0	0	0	0	0	0	0	0	0	0	0	0	0	0	0	0	0	0	0	0	0	
0	0	0	0	0	0	0	0	0	0	0	0	0	0	192	0	0	0	0	0	0	0	0	0	0	96	0	0	0	0	0	0	0	0	0	0	0	0	0	0	0	0	0	0	0	0	0	0	0	0	0	0	0	0	0	0	0	0	96	0	0	0	0	0	0	0	0	0	0	0	0	0	0	0	0	0	0	0	0	0	0	0	0	0	0	0	0	0	0	0	0	0	0	0	0	0	0	0	0	0	0	0	0	0	0	0	0	0	0	0	0	0	0	0	0	0	0	0	0	0	
96	0	0	0	0	0	0	0	0	0	0	0	0	0	0	0	0	0	0	0	0	0	0	0	0	0	0	0	0	0	0	0	0	0	0	0	0	48	0	0	0	0	0	0	0	0	0	0	0	0	0	0	0	0	0	0	0	0	0	0	0	0	0	0	0	0	0	0	0	0	0	0	0	0	0	0	0	0	0	0	0	0	0	0	0	0	0	0	0	0	0	0	0	0	0	0	0	0	0	0	0	0	0	0	0	0	0	0	0	0	0	0	0	0	0	0	0	0	0	0	
0	0	0	0	0	0	0	0	0	0	0	0	0	0	0	0	0	0	0	0	0	0	0	0	0	0	0	0	0	0	0	0	0	0	0	0	0	0	0	0	0	0	0	0	0	0	0	0	0	0	0	0	0	0	0	0	0	0	0	0	0	0	500	0	0	0	0	0	0	0	0	0	0	0	0	0	0	0	0	0	0	0	0	0	0	0	0	0	0	0	0	0	0	48	0	0	0	0	0	0	0	0	0	0	0	0	0	0	0	0	0	0	192	0	0	0	0	0	0	0	
0	0	0	0	0	0	0	0	0	0	0	0	0	0	0	0	0	0	0	0	0	0	0	0	0	0	0	0	0	0	0	0	0	0	0	0	0	0	0	0	0	0	0	0	0	0	500	0	0	0	0	0	0	0	0	0	0	0	0	0	0	0	0	0	0	0	0	0	0	0	0	0	0	0	0	0	0	0	0	0	0	0	0	0	0	0	0	0	0	0	0	0	0	0	0	0	0	0	192	0	0	0	0	0	0	0	0	0	0	0	0	0	0	0	0	0	0	0	0	0	
0	0	0	0	0	0	0	0	0	0	0	0	0	0	0	0	0	0	0	0	0	0	0	0	0	0	0	0	0	0	0	0	0	0	0	96	0	0	0	0	0	0	0	0	0	0	0	0	0	0	0	0	0	0	0	0	0	0	0	0	0	0	0	0	0	0	0	0	0	0	0	0	0	0	0	0	0	0	0	0	0	0	0	0	0	0	0	0	0	0	0	0	0	48	0	0	0	0	0	0	0	0	0	500	0	0	0	0	0	0	192	0	0	0	0	0	0	0	0	0	
0	0	0	0	0	0	0	0	0	0	0	0	0	0	0	0	0	0	0	0	0	0	0	0	0	0	0	0	0	0	0	0	0	0	0	0	0	0	0	0	0	0	0	0	0	0	0	0	0	0	0	0	0	0	0	192	0	0	0	0	0	0	0	0	0	0	0	0	0	0	0	0	0	0	0	0	0	192	0	0	0	0	0	0	0	0	0	0	0	0	0	0	0	0	0	0	0	0	0	0	0	0	0	48	0	0	0	0	0	0	0	0	0	0	0	0	0	0	0	0	
0	0	0	0	0	500	0	192	0	0	0	0	0	0	0	0	0	0	0	0	0	0	0	0	0	0	0	0	0	0	0	0	0	0	0	0	0	0	0	0	0	0	0	0	0	0	0	0	0	0	0	0	0	0	0	0	0	0	0	0	0	0	0	0	0	0	0	0	0	0	0	0	0	0	0	0	0	0	0	0	0	0	0	0	0	0	0	0	0	0	0	0	0	0	0	0	0	0	0	0	0	0	0	0	0	0	0	0	0	0	0	0	0	0	0	0	0	0	0	0	
0	0	0	0	0	0	0	0	0	0	0	0	0	0	0	0	0	0	0	0	0	0	0	0	0	0	0	0	0	0	0	0	96	0	0	0	0	0	0	0	0	0	0	0	0	0	0	0	0	0	0	0	0	48	0	0	0	0	0	0	0	0	0	0	0	0	0	0	0	0	0	0	0	0	0	0	0	0	0	0	0	0	0	0	0	0	0	0	0	0	0	0	0	0	0	0	0	0	0	96	0	0	0	0	0	0	192	0	0	0	0	0	0	0	0	0	96	0	0	0	
0	0	0	0	0	0	0	0	0	0	0	0	0	0	0	0	0	0	0	0	0	0	0	0	0	0	0	0	0	0	0	0	0	0	0	0	0	0	0	0	0	0	0	0	0	0	0	0	0	0	0	0	0	0	0	0	0	0	0	0	0	0	0	0	0	0	500	0	0	0	0	0	0	0	0	0	0	0	0	0	0	0	0	0	0	192	0	0	0	0	0	0	0	0	0	0	0	0	0	192	0	0	0	0	0	0	0	0	0	0	0	0	0	0	0	96	0	0	0	0	
0	0	0	0	0	0	0	0	0	0	0	0	0	0	0	0	0	0	0	0	0	0	500	0	0	0	0	0	0	0	0	192	0	0	0	0	0	0	0	0	0	0	0	0	0	0	0	0	0	0	0	0	0	0	0	0	0	0	0	0	0	0	0	0	0	0	0	0	500	0	0	0	0	0	0	0	0	0	0	0	0	0	0	0	0	0	0	0	0	0	0	0	0	0	0	0	0	0	96	0	0	0	0	0	0	0	0	0	0	0	0	0	0	0	0	0	0	0	0	0	
0	0	0	0	0	0	0	0	0	0	0	0	500	0	0	0	0	0	0	0	0	0	0	0	0	0	0	0	0	0	0	0	0	0	0	0	0	0	0	0	0	0	0	0	0	0	0	0	0	0	0	0	192	0	0	0	0	0	0	0	0	0	0	0	0	0	0	0	0	0	0	0	0	0	0	0	0	0	0	0	0	0	0	0	0	0	0	0	0	0	0	0	0	0	0	0	0	0	0	0	0	0	0	0	0	0	0	0	0	0	0	0	0	0	0	0	0	0	0	0	
0	0	0	0	0	0	0	0	0	0	0	0	0	0	0	0	0	0	0	0	0	0	0	0	0	0	0	0	0	0	0	0	0	0	0	0	0	0	0	500	0	0	0	0	0	0	0	0	0	0	96	0	0	0	0	0	0	0	0	0	0	0	0	0	0	0	0	0	0	0	0	0	0	0	0	0	0	0	0	0	0	0	0	0	0	0	0	0	0	0	0	0	0	192	0	0	0	0	0	0	0	0	0	0	0	0	0	0	0	0	0	0	0	0	0	0	0	0	0	0	
91	81	114	77	78	57	45	83	7	118	24	41	50	93	57	42	77	66	59	44	84	107	36	77	52	69	89	65	99	60	79	37	117	22	75	70	72	31	89	17	56	53	16	35	34	101	59	105	44	75	105	65	106	109	29	55	97	0	5	8	71	24	102	81	65	83	21	103	58	70	94	55	82	13	72	102	3	94	7	90	116	53	119	111	9	80	6	57	72	20	74	7	29	6	110	86	53	74	24	33	62	101	13	54	92	30	17	83	61	0	83	91	53	48	39	37	41	53	49	77	95	74	8	32	83	28	39	44	99	41	36	84	75	30	20	118	104	24	52	88	0	91	9	86	111	84	63	77	106	74	101	90	63	56	118	66	19	11	97	43	89	10	113	104	0	32	76	104	5	34	111	94	52	47	87	57	66	89	9	77	77	64	2	72	105	23	118	93	75	4	92	66	25	35	95	77	87	18	5	106	35	110	35	78	113	28	31	102	30	104	75	23	96	55	39	118	107	119	71	89	28	45	112	99	57	22	54	107	95	30	0	101	97	43	9	22	78	73	15	83	27	47	95	10	44	95	62	102	78	41	49	38	119	48	93	117	51	17	54	58	47	107	3	81	65	105	103	24	69	104	8	90	57	79	4	29	49	105	14	103	26	59	4	36	10	59	107	88	29	62	47	10	57	48	95	23	82	112	23	66	101	40	67	1	16	112	9	42	7	107	78	1	80	86	8	58	63	112	114	12	1	68	105	84	20	15	100	21	36	87	87	5	54	33	30	18	32	74	40	40	46	38	96	3	22	51	116	82	52	5	49	89	93	82	53	6	71	39	82	52	54	88	0	58	72	19	83	11	113	117	63	6	54	50	3	95	85	112	50	99	90	20	106	79	75	18	73	1	100	48	114	100	18	10	67	87	27	14	48	70	27	49	16	30	40	63	7	4	46	70	113	85	90	75	4	62	74	42	6	45	106	73	34	30	63	37	118	77	63	82	7	65	30	22	98	86	10	117	35	90	31	78	25	8	50	91	39	22	105	68	36	2	104	44	19	48	85	73	106	117	68	7	22	86	2	76	12	48	101	13	49	72	57	62	82	100	92	117	51	71	58	14	3	88	112	112	21	19	84	37	104	77	42	69	47	115	79	11	64	11	73	29	0	64	4	55	4	97	118	47	104	49	51	42	75	39	1	84	0	47	75	99	46	47	113	68	24	18	21	115	92	70	70	78	79	33	9	97	86	95	9	67	22	76	102	70	100	79	34	114	13	109	68	50	21	9	64	52	19	1	92	52	42	91	84	88	104	91	78	117	58	77	22	87	5	112	97	20	22	73	101	1	10	67	62	50	94	60	17	53	118	58	52	118	105	48	20	99	34	85	100	25	87	21	35	13	109	29	54	59	33	107	80	24	64	10	81	19	79	73	107	111	19	43	29	97	104	39	116	32	53	1	83	102	21	22	74	27	62	43	91	82	69	46	117	105	7	50	4	4	65	6	86	18	32	46	39	37	113	47	21	37	112	62	36	21	44	72	9	34	40	10	106	35	98	114	83	35	24	36	81	31	109	92	106	69	110	57	90	98	82	47	119	35	45	4	93	76	100	19	105	75	115	34	105	60	56	47	1	109	65	70	87	27	41	76	39	58	78	62	70	72	77	25	42	66	35	42	23	60	20	87	3	76	111	91	98	87	24	69	113	1	83	17	30	32	54	44	21	16	14	19	107	7	56	76	46	58	33	42	67	6	118	12	77	63	116	45	83	34	56	28	74	102	22	93	38	86	101	101	68	111	96	50	89	64	77	63	19	43	113	99	7	80	97	10	89	90	58	104	94	55	113	36	11	99	74	43	118	108	4	104	60	15	34	113	24	25	99	84	98	62	98	77	84	83	29	72	61	71	17	28	113	68	19	62	54	26	72	73	40	12	76	35	5	16	30	90	48	67	57	113	49	33	60	71	66	48	114	48	106	44	57	17	54	115	86	88	82	50	78	48	59	77	30	112	38	34	18	59	49	110	41	16	113	109	70	59	90	21	40	49	9	50	18	55	27	3	26	99	6	82	45	72	55	111	48	77	49	93	80	14	36	58	105	8	66	106	74	24	34	35	14	35	16	2	76	6	58	3	23	71	52	44	45	2	43	26	83	35	45	17	38	49	15	87	83	72	36	48	31	62	43	18	102	6	9	66	63	94	17	29	29	100	11	103	22	60	41	110	88	67	42	62	78	22	115	101	46	66	31	104	108	36	109	115	7	42	114	44	59	39	50	15	116	58	114	42	57	103	40	26	117	51	32	36	46	35	112	36	57	93	67	72	43	44	17	20	41	15	116	94	8	81	43	115	108	25	19	39	84	107	64	72	19	68	39	99	112	74	14	36	78	0	33	105	3	69	5	6	36	28	16	10	94	76	118	119	77	113	101	5	56	48	113	39	99	119	71	59	114	105	61	29	43	21	47	11	68	86	90	114	56	43	60	70	29	112	58	77	96	58	119	100	45	39	82	87	59	50	16	60	118	106	29	47	34	10	6	62	61	73	41	14	60	59	26	83	5	53	94	28	107	77	83	115	4	54	101	8	84	79	2	30	82	75	54	26	114	65	38	58	64	13	104	3	106	44	40	82	86	3	4	3	63	40	8	100	3	62	57	97	23	68	37	8	63	94	8	110	114	41	39	40	12	2	48	106	33	94	103	105	112	58	42	52	28	36	21	94	99	55	78	20	50	2	17	28	22	33	43	99	100	41	9	54	104	23	1	9	25	81	112	82	18	82	98	85	82	41	12	16	20	10	59	64	118	98	61	17	21	102	23	33	30	51	85	13	38	54	92	113	34	101	73	35	6	43	50	32	49	47	107	20	54	21	2	21	52	90	67	7	14	43	100	80	82	45	25	69	21	70	95	91	12	2	4	14	19	53	44	43	1	22	84	25	50	73	42	59	50	75	42	46	71	82	34	40	94	9	94	38	101	63	19	101	15	15	31	57	9	88	70	32	2	78	62	78	70	22	59	89	57	46	114	54	10	73	73	57	12	22	52	65	5	112	113	72	10	118	35	85	48	4	34	61	4	63	56	93	59	85	77	41	18	97	51	55	37	2	105	60	27	91	27	76	39	99	31	36	55	38	25	19	72	17	54	28	79	74	76	109	89	12	95	66	11	77	109	105	82	75	26	87	82	50	27	112	26	111	6	42	101	15	23	9	49	119	20	100	51	101	9	45	104	12	11	84	101	99	48	108	119	46	84	67	19	18	68	85	37	4	62	112	100	17	39	105	35	38	74	68	112	1	102	71	73	69	64	15	1	9	12	0	70	1	39	24	20	82	39	43	26	1	88	63	4	20	63	97	102	118	90	110	95	110	5	90	42	40	30	18	13	41	113	53	29	46	35	118	31	108	66	18	64	88	82	48	117	8	0	35	82	103	90	8	62	44	101	29	92	19	36	15	90	41	7	59	54	43	72	45	3	70	38	51	87	0	69	97	22	85	99	69	39	81	76	52	86	35	21	50	55	119	84	45	65	2	69	66	87	90	38	69	7	74	91	68	54	73	49	19	49	98	6	0	53	36	54	40	119	43	23	72	107	76	85	20	0	13	61	114	89	41	69	110	117	95	105	102	39	50	31	95	5	41	83	117	68	72	50	6	113	68	114	6	97	99	23	116	88	56	110	3	13	2	45	96	35	116	96	73	105	21	21	3	98	1	112	82	28	37	46	108	4	78	61	22	79	50	42	116	42	108	0	4	33	67	110	67	75	107	64	21	83	105	44	16	24	82	102	73	5	51	76	36	112	50	2	39	6	42	29	62	52	34	91	47	103	102	16	47	60	59	34	107	39	22	93	63	95	28	54	112	71	74	19	61	29	94	56	88	70	35	114	1	55	56	23	43	61	81	27	92	69	67	4	9	44	3	62	54	22	55	102	17	58	90	10	102	59	59	118	91	96	30	64	93	20	24	60	32	93	110	23	114	48	109	103	8	50	26	88	38	119	19	8	50	30	83	51	81	26	49	78	87	42	105	15	2	113	40	90	62	29	35	20	33	59	39	107	16	8	66	51	47	89	15	34	21	59	29	28	36	10	48	71	4	85	13	86	23	63	81	113	45	47	90	18	9	64	91	24	81	104	107	80	2	4	37	61	80	97	32	87	17	76	24	88	113	65	82	47	70	55	12	33	13	113	1	41	74	117	112	94	3	41	116	69	61	56	60	106	36	88	68	106	38	54	81	43	88	46	65	41	62	31	55	81	22	45	114	81	44	60	85	102	55	26	95	27	25	69	52	47	42	96	113	87	45	9	83	38	104	101	56	60	47	64	59	35	104	41	59	42	64	84	108	46	35	109	3	82	55	106	5	22	24	89	23	52	68	21	7	107	72	52	32	7	49	107	17	30	59	39	38	52	60	4	43	55	112	9	64	11	69	17	15	37	16	115	38	11	21	26	75	9	26	100	89	116	108	102	15	66	39	117	33	103	73	22	116	25	78	38	29	52	108	97	58	101	64	22	110	82	63	104	16	103	13	69	100	58	39	10	38	39	92	100	38	107	15	80	54	76	101	19	100	94	85	50	118	103	74	106	119	51	1	71	62	63	72	23	31	65	108	8	63	77	18	69	11	64	46	12	80	112	86	18	36	34	46	84	50	57	100	87	33	28	109	15	61	112	117	35	99	33	2	54	72	68	89	78	74	102	94	9	52	13	79	2	37	6	32	7	80	85	47	20	76	31	73	112	5	41	75	55	56	89	1	93	51	20	112	81	65	109	71	14	73	20	9	18	94	3	76	26	55	89	92	107	112	74	47	74	102	84	97	28	119	3	17	78	86	69	1	28	106	101	17	109	6	43	20	36	57	41	104	79	87	62	17	51	109	47	69	93	96	16	105	34	22	22	89	71	50	95	35	113	35	79	100	100	61	75	40	111	37	17	29	5	24	21	112	52	59	68	61	2	92	92	26	18	102	42	27	25	24	113	22	38	78	57	104	85	100	12	101	75	10	57	11	100	98	100	55	46	50	35	61	103	56	74	11	42	103	70	102	13	6	13	106	117	97	52	77	111	109	94	20	119	71	42	91	92	45	69	0	105	66	82	111	101	101	89	102	67	10	116	106	105	85	42	103	52	77	56	59	17	63	105	51	77	78	116	75	29	81	38	113	61	83	83	10	76	75	32	98	29	29	67	95	6	6	88	45	45	107	93	90	109	57	45	19	4	22	32	108	118	61	40	75	106	93	60	37	92	90	33	38	8	33	43	100	29	103	47	92	38	49	43	90	97	77	51	60	107	111	52	7	57	91	76	31	64	56	23	106	101	114	99	76	77	110	76	43	116	2	39	36	105	9	42	91	55	98	1	110	92	88	65	34	45	26	32	35	15	92	91	23	55	11	5	27	50	13	37	83	108	37	80	45	68	73	98	21	45	103	40	90	14	51	72	118	26	90	46	9	15	41	47	62	18	117	105	34	0	60	56	20	62	65	66	39	0	115	99	40	21	70	40	22	81	95	79	60	64	27	116	95	16	15	5	29	62	56	70	27	15	12	36	6	56	79	109	58	94	109	53	52	54	101	17	75	108	91	111	10	119	45	11	103	90	110	107	78	11	53	11	37	23	77	97	80	35	37	105	14	52	33	88	114	95	46	107	57	57	17	48	17	15	8	116	79	69	70	115	7	57	66	66	112	97	119	6	60	72	52	69	67	68	109	100	24	82	16	71	112	103	80	27	2	55	11	61	48	25	103	43	106	32	104	2	43	75	115	13	81	117	109	11	25	92	67	97	47	93	106	43	48	85	32	46	115	81	40	112	59	14	73	21	46	9	119	66	112	22	47	13	79	107	54	50	39	70	17	87	119	82	54	24	26	69	80	114	37	36	78	27	30	116	92	47	106	50	103	36	6	2	4	14	94	11	113	82	39	72	57	70	24	104	75	38	84	14	98	16	48	112	93	63	3	43	0	27	80	108	40	38	116	96	98	16	29	3	20	3	48	52	41	70	58	6	32	85	15	87	61	102	77	13	77	109	8	91	29	79	22	15	26	74	4	6	66	42	62	45	8	53	2	72	75	95	5	78	31	53	107	26	57	37	34	51	118	43	87	100	27	101	78	75	29	39	69	37	10	94	96	71	38	0	45	94	13	25	33	46	46	78	32	118	77	61	72	57	80	11	54	22	106	91	62	0	42	60	110	29	19	67	67	42	108	100	105	52	81	108	62	96	55	49	79	83	99	71	8	105	59	11	46	41	2	67	112	94	47	35	41	38	77	81	7	23	59	1	110	20	5	8	4	51	41	84	38	104	98	65	104	10	38	52	0	101	51	35	50	69	5	83	37	33	41	31	67	92	4	71	84	76	19	85	27	102	99	88	70	15	58	60	49	100	3	31	66	42	117	13	22	5	36	99	1	60	21	47	57	58	37	77	67	37	97	107	51	83	87	61	95	7	82	64	4	63	41	66	46	48	48	111	67	78	108	85	103	88	106	16	16	10	15	37	107	104	97	82	100	56	115	11	41	23	12	94	7	107	16	63	98	71	76	3	112	0	77	64	14	53	32	74	96	10	43	70	4	99	1	26	110	95	33	74	52	17	87	28	91	55	32	20	24	55	57	39	71	92	55	35	13	35	32	101	105	11	103	64	30	96	27	67	1	38	56	11	57	60	35	115	56	93	65	66	102	71	87	117	102	48	10	8	30	99	80	104	75	78	45	43	113	37	29	93	37	55	55	76	94	96	87	20	71	52	91	90	5	73	30	116	7	61	46	110	104	67	33	109	45	41	91	119	37	116	113	112	34	113	8	46	84	76	85	93	46	4	93	106	30	12	110	59	72	83	28	116	18	20	107	107	65	85	98	76	97	43	21	12	16	35	10	41	67	74	20	111	30	13	49	4	79	64	47	76	83	66	42	44	70	22	47	2	46	51	59	34	87	4	83	49	40	7	36	69	75	33	108	90	48	39	54	30	74	77	81	45	86	74	81	5	51	17	75	33	28	1	52	9	46	77	49	103	8	99	72	26	29	32	92	31	34	17	100	73	69	99	60	104	3	59	113	14	112	86	40	90	51	0	78	9	14	80	9	78	89	25	100	32	95	9	70	60	21	29	35	22	82	98	88	11	113	93	2	89	71	51	46	76	42	9	106	33	31	91	65	86	83	88	90	112	74	35	17	82	42	18	83	11	47	18	21	32	87	0	92	109	71	97	86	103	19	82	110	107	17	48	83	23	22	7	33	16	110	70	37	89	31	56	108	50	117	43	83	45	95	92	119	89	40	64	118	66	45	68	76	102	4	37	37	25	74	80	16	9	19	49	113	106	13	87	78	17	101	13	10	68	47	81	59	31	17	17	7	95	32	16	106	50	40	116	25	92	31	25	25	99	73	46	95	3	29	63	96	49	21	104	26	99	113	31	9	77	44	26	105	85	12	12	57	55	45	3	21	0	61	28	43	46	73	20	86	53	13	63	28	43	55	28	99	28	83	15	79	109	24	36	13	36	24	113	26	29	51	115	19	117	76	40	37	106	57	26	62	9	110	25	89	117	105	105	101	117	119	103	6	22	20	7	89	84	6	40	107	84	98	45	113	83	116	12	1	39	66	26	14	117	0	20	15	41	101	39	0	8	27	0	6	55	50	115	54	116	93	95	53	4	114	111	33	42	109	10	29	110	20	83	32	42	92	0	30	69	81	14	28	67	73	18	55	106	49	73	28	22	101	103	73	29	11	19	9	2	79	96	99	85	71	29	91	24	56	29	118	90	87	102	41	72	72	109	17	54	56	79	92	57	62	25	37	47	77	71	11	84	74	112	66	85	27	47	63	72	53	67	7	113	37	15	7	21	55	105	108	42	97	70	108	93	15	43	26	73	96	101	29	54	22	8	41	118	49	91	35	80	4	49	41	24	84	65	38	52	56	62	72	72	99	6	69	41	10	110	41	117	115	67	41	57	67	82	106	80	47	112	1	49	75	57	83	81	29	76	110	51	1	60	6	31	101	71	55	15	70	51	48	66	64	19	21	85	9	53	19	107	70	61	48	116	51	34	111	42	38	0	79	28	52	43	4	54	25	90	67	30	3	56	25	48	86	43	67	42	24	104	110	72	22	116	40	55	101	60	100	44	25	21	49	110	7	91	59	31	30	21	63	94	97	70	82	71	109	85	41	48	17	61	2	117	87	116	72	99	23	63	26	96	36	99	116	72	20	20	19	89	35	49	36	95	7	54	68	23	53	87	49	119	34	10	30	11	42	13	2	32	98	11	9	76	97	50	24	44	9	23	108	115	74	6	82	48	39	78	88	48	70	11	57	15	108	1	52	114	53	110	61	95	7	88	1	18	22	74	101	24	24	58	62	119	74	85	58	75	96	71	116	18	88	31	59	112	39	1	51	82	49	1	105	62	20	117	2	24	84	115	99	30	96	62	105	116	74	108	66	71	106	10	17	69	19	108	21	66	107	65	10	43	54	109	109	62	58	60	99	119	76	5	114	76	32	115	93	105	100	20	83	52	101	61	8	89	31	75	49	109	0	35	19	5	4	25	51	103	49	100	38	72	52	56	10	44	106	41	2	104	87	21	93	9	8	65	71	93	36	106	5	33	110	85	68	105	43	63	26	74	34	61	42	9	38	91	115	60	108	32	57	0	74	55	72	80	101	95	64	83	74	43	99	62	117	57	7	101	100	54	25	109	35	15	79	60	80	56	53	22	96	32	0	40	87	75	117	48	59	93	89	74	65	68	81	108	61	13	59	10	85	62	26	89	109	42	21	111	100	38	40	56	100	113	40	2	61	23	98	17	50	4	115	74	57	7	49	43	102	27	87	72	47	38	4	31	49	77	76	51	8	85	68	52	34	107	49	116	28	100	96	19	98	29	7	91	74	66	97	11	40	50	69	71	26	48	55	61	13	74	108	25	93	45	105	16	64	78	115	56	19	2	111	45	19	110	115	13	52	63	91	12	27	25	100	7	54	43	50	68	42	104	93	23	28	94	7	86	112	106	110	61	92	49	104	1	76	80	40	88	14	60	117	54	111	26	43	16	52	94	79	60	49	119	14	63	91	64	6	20	97	8	114	10	30	66	65	6	79	4	15	92	10	27	49	33	92	115	116	99	58	35	117	46	88	63	97	31	84	35	78	76	50	102	7	49	0	3	91	76	67	80	14	25	79	10	101	77	2	14	61	30	1	49	36	40	64	8	69	56	53	55	71	20	13	93	118	57	44	53	46	90	80	5	22	31	13	99	11	66	1	26	88	58	33	88	43	51	26	25	42	35	32	100	97	94	32	53	69	41	73	40	19	66	30	92	8	101	100	108	1	24	17	102	68	71	74	95	4	87	12	60	104	94	59	98	12	80	29	46	69	19	6	29	112	11	84	59	74	21	20	110	49	71	82	60	96	77	36	32	22	37	55	64	119	115	47	9	40	108	26	24	118	118	13	98	78	61	36	91	94	30	37	66	9	103	117	106	30	92	96	74	73	27	75	109	63	112	53	17	29	56	81	59	56	113	13	80	117	88	53	13	26	24	87	30	107	0	48	66	92	117	36	60	12	74	1	19	40	102	99	74	83	54	96	103	115	118	29	31	102	3	39	15	103	11	90	76	85	26	20	115	20	46	25	56	65	59	103	106	25	86	115	12	66	5	9	100	31	36	119	31	7	40	58	58	62	111	70	34	41	53	81	100	37	8	103	13	87	4	62	73	4	
72	83	73	29	109	69	93	47	81	66	10	66	15	105	33	82	22	60	9	14	56	29	93	31	55	76	94	7	49	25	27	119	2	87	103	39	106	6	3	113	9	71	30	93	1	3	107	101	115	99	59	34	72	17	109	60	73	12	44	45	78	70	81	53	42	97	19	86	76	20	13	32	86	50	71	101	48	90	83	46	117	15	73	3	45	17	2	22	64	33	96	79	16	0	43	112	30	103	116	1	107	95	44	92	63	1	45	2	5	15	104	91	4	56	92	105	70	30	44	108	100	35	32	54	103	63	82	8	71	2	42	74	55	7	113	6	14	46	104	4	86	8	97	62	104	110	28	52	5	57	27	8	53	10	14	35	43	18	94	37	14	27	84	16	16	116	18	68	42	71	48	35	12	78	80	13	25	49	34	4	48	96	111	41	3	78	72	76	67	107	119	23	65	56	20	2	78	62	33	103	2	70	21	39	8	105	91	26	111	112	12	41	57	29	72	15	47	15	0	3	25	105	61	38	82	98	17	106	97	85	76	55	88	58	55	80	32	89	36	19	90	69	3	108	14	110	70	113	31	53	60	110	4	115	88	10	39	34	107	23	41	65	44	109	51	26	62	101	69	39	82	74	42	39	39	3	113	85	24	33	52	72	54	110	92	27	96	3	26	102	65	48	118	10	98	79	90	104	74	32	88	65	4	117	79	30	25	55	96	88	72	94	78	80	4	60	33	80	117	81	9	71	53	7	64	40	28	30	71	42	11	72	63	64	84	102	33	34	119	72	61	113	13	104	85	78	72	22	26	42	80	68	77	54	110	90	87	35	107	19	65	90	9	37	75	20	105	83	7	59	106	110	87	54	119	7	41	64	48	61	49	32	119	28	103	57	20	107	51	115	8	116	63	15	116	103	108	69	114	118	91	104	26	1	37	17	62	106	35	39	86	114	77	52	35	17	29	81	46	9	36	48	1	26	27	48	116	102	3	92	9	45	20	51	32	49	113	8	114	107	49	3	88	3	78	109	92	99	97	15	118	99	18	74	119	37	52	71	41	82	102	87	60	34	2	27	26	71	49	36	67	65	52	92	88	42	28	66	90	98	17	89	19	67	93	73	35	102	113	98	43	115	6	47	69	27	5	32	49	9	63	94	64	44	12	50	4	29	6	69	61	78	6	80	21	104	101	53	11	43	52	115	34	25	60	108	67	90	5	58	13	40	9	76	35	99	17	13	110	45	118	101	29	87	41	93	35	33	26	117	97	37	92	16	46	108	102	30	77	37	98	1	62	116	81	88	115	72	51	101	68	27	91	57	34	85	96	14	95	32	68	51	67	20	80	43	111	67	117	54	21	62	12	92	109	53	29	24	104	2	75	66	32	37	21	51	100	0	13	92	112	44	92	86	82	65	106	67	21	80	66	50	41	100	75	93	72	35	63	6	34	89	63	36	48	21	108	90	28	24	6	88	117	12	64	94	55	114	25	103	48	98	51	35	59	94	23	19	96	6	29	24	57	20	112	11	6	25	95	54	88	93	53	0	24	114	73	99	16	104	44	25	104	57	41	1	106	102	72	102	101	15	17	96	77	109	70	111	72	10	72	62	65	23	8	69	104	53	95	85	110	91	21	71	93	21	116	85	85	66	70	102	112	20	2	84	21	51	25	112	40	33	14	116	111	14	64	64	29	12	98	60	18	28	43	19	63	46	21	29	38	60	105	19	47	78	79	14	27	30	82	119	52	28	1	103	26	106	94	95	70	57	58	24	10	97	85	91	38	84	90	82	99	10	32	108	51	5	98	108	6	110	79	18	21	61	17	22	82	19	64	51	21	2	63	97	119	107	5	57	50	71	44	12	86	110	61	115	44	105	25	15	6	106	113	58	108	74	21	115	63	49	64	61	25	41	89	55	10	19	2	44	3	71	100	59	14	54	47	55	51	82	78	104	43	84	32	119	95	4	119	21	1	12	68	115	10	101	112	2	81	111	52	51	65	19	112	104	34	28	86	48	102	0	111	5	37	107	60	73	16	52	38	108	56	100	38	94	111	13	92	66	6	104	10	80	12	101	49	17	68	86	18	86	118	44	94	88	12	111	37	48	29	16	106	7	13	9	76	15	10	75	5	15	47	54	86	9	4	28	0	63	19	62	67	57	3	28	113	103	7	47	60	52	40	90	59	96	30	35	31	100	98	110	67	81	5	26	15	80	73	88	59	98	46	10	81	88	30	9	26	68	56	93	95	77	87	96	104	6	12	10	0	6	47	61	6	32	25	74	4	60	11	113	91	26	55	116	20	53	117	67	48	101	70	72	119	11	76	91	99	96	111	110	69	94	8	114	30	108	33	31	31	68	82	39	48	80	76	82	116	71	41	2	18	76	73	48	108	94	37	20	11	16	7	47	88	114	7	76	3	69	38	65	63	106	94	50	27	18	23	86	89	38	98	14	42	119	97	76	30	86	4	65	56	5	84	101	31	75	83	26	13	43	97	9	75	60	63	82	10	89	55	70	35	58	57	39	86	112	62	94	93	115	15	51	82	70	14	0	116	106	27	22	20	30	104	37	29	44	29	87	78	53	83	100	34	35	84	14	0	53	0	61	26	54	88	27	64	77	77	24	69	77	113	119	8	30	92	94	36	64	16	0	88	22	5	110	78	64	84	9	118	71	54	25	51	29	29	71	100	49	57	13	99	117	4	20	73	35	102	12	47	2	64	7	6	13	107	54	6	51	89	73	50	47	26	49	17	49	112	1	21	90	107	15	63	106	100	31	47	69	44	72	48	97	85	51	57	24	55	106	28	107	11	46	10	99	59	79	20	106	111	111	59	87	17	94	55	45	72	94	42	115	64	0	6	116	111	68	74	48	0	84	7	112	11	96	88	117	73	58	20	88	76	106	62	50	68	82	37	60	74	27	27	63	72	77	8	53	46	2	47	93	101	58	23	74	103	47	18	91	92	42	113	107	29	51	117	98	44	36	111	24	9	13	80	32	109	16	40	42	50	37	57	39	24	86	52	105	96	83	18	23	36	103	36	59	4	8	82	102	97	10	6	74	37	115	66	22	80	111	53	77	35	109	80	15	39	110	70	100	14	29	47	47	49	48	115	56	31	43	36	72	19	69	51	72	61	39	73	49	23	75	38	37	25	50	93	19	60	76	45	53	10	67	80	37	51	71	87	106	24	82	83	15	90	45	100	35	3	80	69	97	91	84	85	49	60	36	54	52	118	46	73	83	114	14	95	111	65	107	40	81	13	86	79	42	86	106	3	76	6	69	30	54	61	83	33	115	52	2	60	106	12	70	2	78	119	46	58	47	5	108	70	109	32	104	95	43	55	84	102	89	118	56	52	40	99	6	105	113	25	22	96	77	0	98	40	46	65	3	67	67	30	1	26	78	119	78	5	17	22	35	111	59	106	104	103	63	118	38	31	45	11	31	112	86	9	76	51	91	89	45	88	60	44	100	2	108	52	82	16	84	17	23	12	3	28	44	31	3	23	3	18	45	50	101	93	11	62	67	107	108	117	12	99	35	79	100	87	72	117	42	88	11	73	112	22	39	11	54	52	100	84	86	41	99	54	32	16	85	73	118	80	91	46	81	66	102	55	65	9	96	92	31	85	40	110	118	102	40	111	77	14	114	94	101	70	94	47	32	79	84	72	63	57	55	44	66	79	39	116	58	112	61	23	106	94	42	24	105	106	15	103	48	13	53	94	113	80	37	69	21	27	8	93	84	0	104	8	40	0	68	61	17	116	95	48	89	85	32	95	25	12	90	21	33	25	37	106	66	46	42	24	79	60	90	47	119	12	14	96	59	31	87	28	13	118	78	93	46	41	4	115	46	34	18	24	94	10	58	44	25	50	115	72	14	43	104	85	118	61	24	109	67	27	86	64	102	92	2	56	39	42	77	4	112	14	40	15	57	72	12	66	44	75	18	117	10	54	35	1	11	115	16	63	0	83	75	81	100	7	3	103	117	56	27	18	55	46	50	36	105	59	11	77	68	88	109	71	18	78	27	65	100	30	101	118	42	49	60	95	78	79	73	12	1	74	85	86	43	107	41	110	45	51	63	110	50	51	38	94	88	76	64	71	99	22	55	75	26	11	27	34	94	28	92	61	97	50	13	102	36	46	22	29	71	40	40	75	28	75	36	90	51	22	35	50	54	51	118	68	118	67	110	42	91	78	76	52	119	79	50	107	74	77	103	72	6	106	78	13	83	119	118	99	83	13	58	33	47	101	42	18	31	71	70	30	5	78	17	119	1	17	91	13	117	42	53	25	33	97	49	69	31	33	38	25	8	10	14	54	4	12	74	69	61	113	28	32	27	2	35	63	48	80	2	100	93	51	113	47	82	118	81	25	49	40	34	28	10	3	39	23	111	8	104	30	32	39	102	87	95	51	11	29	85	107	38	24	74	58	49	42	112	7	53	50	87	107	116	4	33	65	117	94	70	57	3	43	0	75	62	91	32	89	79	63	46	84	70	65	116	45	94	41	42	109	87	57	90	76	43	9	5	68	17	50	59	7	19	13	37	52	18	92	14	84	104	63	116	98	116	7	43	101	17	86	82	24	62	60	106	58	54	51	6	85	105	58	28	73	32	100	80	81	108	114	112	4	102	67	0	117	39	18	39	83	56	80	31	96	106	101	88	4	39	58	91	90	14	16	35	105	42	97	71	4	74	69	24	66	65	109	112	109	87	3	40	77	100	55	80	45	91	98	90	20	108	54	78	68	112	91	22	78	48	34	75	35	54	108	45	4	1	99	46	57	27	104	118	53	22	50	47	87	33	68	65	73	31	71	30	100	48	58	55	88	60	56	28	24	38	25	7	19	30	71	96	51	93	2	89	105	68	83	2	78	36	60	61	18	46	21	11	48	44	71	60	87	85	91	114	65	44	91	94	95	32	47	79	58	60	89	9	83	111	81	115	106	4	96	31	65	35	64	77	105	117	56	119	75	107	28	37	8	54	98	113	72	15	69	68	46	31	37	70	89	56	68	105	19	41	89	29	69	5	103	60	24	27	31	46	116	14	41	101	75	85	86	18	55	99	47	5	119	32	118	80	84	117	83	19	41	35	64	8	109	75	52	16	3	14	43	19	82	62	27	3	100	10	71	112	10	36	7	60	116	38	116	119	45	79	24	35	12	106	67	17	51	7	70	9	19	87	107	108	61	114	26	45	65	83	93	83	26	74	107	63	23	73	71	3	58	47	58	112	28	14	3	6	102	39	53	103	40	108	17	3	21	60	70	52	68	50	63	10	71	101	21	79	39	0	15	20	101	35	88	65	65	15	17	32	118	61	49	113	43	102	59	14	50	19	72	80	68	37	15	63	9	118	11	37	28	77	93	10	28	28	28	72	83	93	35	39	66	63	82	105	2	53	11	87	12	119	54	73	48	62	108	73	48	115	119	15	70	63	103	29	40	51	29	76	66	16	83	92	36	55	64	22	118	97	24	36	107	0	49	103	90	99	118	96	37	101	15	63	20	69	78	13	2	94	11	12	110	32	63	5	3	44	27	40	16	107	25	47	70	22	97	98	56	54	85	67	70	84	85	11	88	113	50	26	0	30	109	82	47	13	24	91	62	21	3	103	22	81	32	55	119	64	111	3	28	37	33	68	108	56	7	36	17	66	43	20	4	116	5	85	109	87	103	46	55	116	24	43	105	36	83	11	101	16	1	8	100	58	10	18	23	33	47	75	7	47	97	43	100	110	98	100	16	14	98	47	85	79	2	28	1	84	84	93	112	109	24	50	10	107	40	117	15	119	3	86	42	66	116	47	34	13	44	65	96	42	42	44	119	48	89	10	39	105	74	115	112	111	116	65	92	73	26	52	52	82	21	111	73	2	20	88	12	58	10	34	102	43	88	86	7	14	85	45	65	100	76	39	85	30	54	5	60	77	10	17	111	50	19	108	94	95	73	110	3	19	22	73	104	25	26	14	84	104	6	77	64	83	12	31	119	98	108	38	24	5	31	75	46	23	31	6	72	112	84	57	104	17	103	5	79	107	1	2	77	72	12	41	5	47	33	29	62	74	79	4	74	91	97	34	74	113	79	118	87	47	59	105	41	45	61	13	3	51	54	99	92	52	23	11	94	104	42	111	18	96	119	72	57	101	24	86	27	96	77	26	3	27	47	78	32	109	31	35	92	96	95	25	80	38	55	42	68	38	81	87	67	27	13	72	60	45	76	46	17	85	63	20	19	59	80	40	43	98	63	22	74	10	37	77	32	36	28	78	16	74	52	27	57	3	31	53	61	25	37	108	12	86	63	50	1	17	62	55	44	117	52	29	29	41	33	69	22	40	94	63	24	98	117	101	100	24	94	95	34	59	66	87	93	100	115	53	36	20	33	59	17	68	46	114	69	53	105	74	41	65	45	45	77	119	59	19	28	82	106	6	69	25	77	39	2	7	5	102	100	76	17	4	43	64	60	100	34	62	55	28	48	94	33	104	15	9	37	87	56	72	107	90	12	45	93	27	68	55	11	11	33	72	54	58	107	106	16	58	12	60	33	108	13	25	90	56	55	8	77	119	50	100	2	51	89	5	34	5	19	116	39	77	58	114	48	53	47	72	65	38	107	63	72	24	39	96	8	77	59	13	97	61	81	69	61	74	10	10	52	28	79	70	119	13	17	105	32	45	81	91	118	119	39	55	77	73	85	69	59	118	100	14	115	87	21	83	85	93	9	85	51	32	89	53	53	105	13	28	44	98	63	44	89	100	32	52	78	79	17	63	27	109	35	12	66	31	70	30	98	53	45	92	71	88	15	65	103	75	14	13	117	36	83	41	9	63	54	46	4	107	34	85	72	9	86	15	85	67	76	30	13	26	101	49	23	14	90	90	63	89	107	59	27	35	107	107	22	54	65	53	112	99	119	9	114	98	94	15	86	21	23	90	108	60	11	66	53	105	26	32	91	100	30	53	62	47	112	107	47	27	49	57	72	104	114	81	41	96	44	29	99	67	119	84	48	107	5	33	80	81	39	3	92	45	110	117	14	0	75	39	118	37	102	74	53	75	114	63	29	59	14	47	46	39	92	27	105	95	37	68	16	102	113	115	99	98	75	2	27	95	82	40	26	27	64	96	72	82	94	73	102	51	93	78	70	111	38	23	80	105	97	53	5	119	89	33	22	93	29	84	13	10	111	103	43	63	31	11	39	46	24	9	44	8	33	2	90	109	45	88	115	63	27	106	87	86	53	99	23	92	59	114	4	66	0	114	72	80	91	59	116	47	119	94	15	114	27	51	4	87	89	101	3	34	41	117	46	42	110	82	4	24	15	102	41	79	94	66	35	21	109	0	85	14	106	95	39	72	57	2	99	119	10	64	16	90	109	76	41	67	108	102	119	82	112	47	26	113	2	88	83	80	43	74	107	17	75	14	44	68	84	93	46	19	40	88	67	39	85	0	98	96	15	39	38	88	78	68	112	104	50	66	0	64	118	57	95	113	1	97	46	37	93	77	103	85	18	69	74	73	67	2	8	67	47	29	43	100	1	47	91	116	96	113	65	36	54	53	71	14	99	106	77	43	50	82	76	27	34	7	54	8	14	88	59	51	53	56	28	60	104	111	3	93	114	118	72	70	67	70	68	9	99	31	65	30	52	117	111	23	71	14	55	29	21	12	19	112	7	8	43	25	109	20	112	91	66	71	44	101	5	115	7	48	88	10	18	54	60	52	119	16	89	105	102	78	66	28	56	57	118	13	110	68	111	13	90	62	54	109	21	64	84	62	30	68	49	42	112	67	56	8	11	69	64	26	113	92	3	10	82	72	2	63	23	3	86	92	89	62	39	105	34	25	40	46	58	13	56	118	3	5	1	1	69	0	92	40	105	23	34	76	0	108	107	46	52	16	2	16	21	35	6	65	109	54	81	51	116	60	100	8	91	52	119	15	75	119	21	11	118	39	13	116	84	101	49	82	111	49	74	40	47	37	41	110	37	81	55	93	2	39	20	70	40	24	11	67	55	116	59	67	72	92	38	0	13	115	37	60	110	39	32	30	61	12	114	1	105	57	66	44	102	15	34	74	10	104	19	35	56	61	70	88	104	6	75	114	51	93	45	90	91	51	83	1	112	32	79	96	91	37	66	32	86	37	117	11	33	118	112	40	101	12	14	81	20	70	102	72	110	85	34	53	68	27	83	64	104	25	26	44	26	87	47	57	107	55	108	8	13	9	19	74	104	39	107	40	77	2	86	11	110	50	116	85	83	25	8	109	69	63	49	78	70	30	89	7	86	6	113	75	102	73	74	33	103	72	77	92	83	91	114	52	75	44	3	58	54	115	57	15	39	82	117	92	6	41	40	114	53	82	99	74	100	22	118	38	116	61	28	5	55	49	52	73	45	2	40	92	119	114	104	22	46	26	87	79	116	74	4	18	25	92	33	31	39	24	24	79	62	64	39	11	39	44	98	84	35	110	81	83	84	79	100	17	2	71	45	40	71	64	69	95	51	106	13	48	63	31	110	53	100	23	88	110	52	36	110	75	95	79	79	15	87	80	21	114	59	49	89	101	7	66	83	97	33	69	6	15	84	107	105	72	8	4	22	77	22	73	62	56	8	77	26	16	46	54	91	80	10	16	65	31	99	26	22	24	4	29	108	51	22	60	113	16	65	61	57	18	86	100	44	25	54	47	2	94	115	74	29	34	5	36	63	55	117	14	102	4	5	59	46	43	21	89	95	14	70	28	49	68	42	59	22	104	17	63	111	1	84	66	53	106	77	53	65	67	108	88	43	37	58	101	38	113	1	4	33	64	41	71	86	99	43	15	94	59	41	52	74	105	107	96	10	47	18	115	32	60	104	63	62	3	76	92	51	19	106	108	8	47	16	32	16	7	1	32	114	12	62	86	105	47	94	106	116	104	100	62	69	51	8	10	13	30	92	96	60	115	8	105	117	83	29	69	47	16	69	46	52	81	87	108	53	73	79	49	99	39	115	70	14	22	94	107	105	110	16	58	35	63	107	59	94	68	111	24	51	13	37	113	115	20	38	56	14	56	92	94	54	91	95	75	85	110	41	49	74	11	10	32	71	89	67	34	28	107	53	71	92	8	58	73	46	91	74	105	84	4	39	63	79	28	64	29	8	76	112	35	8	93	88	91	15	80	48	86	8	86	9	36	50	0	36	95	39	39	99	87	111	37	78	30	13	89	70	108	9	30	101	107	3	116	59	44	85	35	66	39	8	14	9	93	117	109	11	1	84	113	17	66	64	43	3	49	80	28	10	8	46	109	39	96	27	87	68	81	0	84	57	69	5	3	79	68	29	95	16	88	23	71	116	89	37	14	84	57	0	100	42	41	104	66	86	73	56	8	25	27	111	97	29	7	87	61	26	15	1	78	81	76	70	43	60	110	119	70	115	119	116	56	87	23	16	19	25	80	58	118	83	50	20	84	22	31	111	77	105	16	11	65	119	13	75	19	0	72	46	107	118	57	30	26	33	18	12	97	10	76	1	57	35	111	54	44	76	84	35	33	118	117	18	58	34	83	12	9	90	31	34	117	15	57	85	9	56	90	54	61	80	116	101	65	31	16	68	104	95	110	84	66	95	16	118	56	107	110	91	11	9	50	51	100	76	61	1	13	60	55	116	37	19	26	94	38	104	70	40	18	119	45	107	56	70	32	47	67	8	31	54	35	13	75	58	64	86	6	
33	27	27	21	23	25	34	38	21	36	31	40	29	22	25	27	24	40	40	32	31	37	20	40	32	34	37	31	25	34	35	31	39	36	21	22	34	28	34	36	27	33	39	21	27	35	22	21	27	30	26	22	27	21	28	22	20	21	24	38	37	30	40	33	39	39	39	23	32	28	40	24	22	38	34	29	39	25	24	35	38	37	36	25	38	37	29	23	28	31	39	30	26	32	37	23	29	28	34	29	37	25	26	33	40	23	38	36	20	36	24	32	23	21	21	39	32	29	38	20	25	20	26	27	20	40	28	26	24	40	25	20	40	27	21	26	23	23	34	31	38	38	35	30	29	30	33	30	26	33	31	24	20	34	30	38	23	33	29	30	36	33	25	32	20	27	29	34	34	39	30	32	24	20	34	40	27	40	31	25	22	22	22	38	37	33	24	25	34	35	35	34	21	28	32	32	24	39	30	20	35	30	30	23	33	30	25	36	23	34	28	22	29	24	37	40	28	32	34	29	38	29	28	21	35	33	33	38	36	30	33	31	33	39	35	35	20	27	33	24	22	35	35	37	37	38	20	38	25	30	33	37	36	39	37	29	21	22	23	25	21	34	28	27	27	30	33	23	27	25	30	22	25	36	31	39	23	40	23	25	21	30	37	22	31	31	23	28	20	35	26	21	33	25	23	34	38	25	27	26	25	33	33	40	34	38	30	21	30	34	35	25	22	23	40	26	30	31	23	22	36	38	37	35	37	37	21	27	26	24	34	28	32	23	38	28	24	22	34	25	26	22	37	28	31	25	26	35	32	21	39	28	34	34	30	30	37	37	30	26	28	30	26	26	40	30	33	31	39	21	39	36	20	27	23	38	23	22	39	31	27	34	26	24	34	28	30	37	40	26	40	27	35	27	28	30	23	27	20	31	24	29	21	38	22	27	40	24	30	22	37	39	37	39	28	40	27	29	30	39	24	23	39	27	38	24	35	37	33	21	29	39	34	26	28	34	33	30	32	40	21	32	30	20	39	20	24	25	20	21	26	27	30	24	28	31	24	22	22	31	33	27	27	26	32	35	36	35	30	35	22	39	39	39	23	23	32	40	33	25	38	36	21	26	20	34	24	20	24	40	32	30	39	25	39	23	24	34	33	23	24	23	28	40	40	29	36	36	28	39	34	31	33	24	23	33	30	35	30	28	38	32	40	23	40	21	24	40	36	30	29	33	24	30	30	28	31	39	38	34	34	37	38	23	30	28	22	37	22	27	33	31	36	25	20	23	28	24	34	28	40	24	25	39	40	21	25	32	36	39	23	37	40	21	40	37	28	32	26	21	25	24	23	31	33	28	31	32	32	27	20	37	20	38	26	23	31	24	28	30	22	32	30	40	26	33	35	32	34	34	30	34	36	27	21	20	34	34	32	34	28	31	36	23	32	32	30	40	36	20	33	25	21	38	32	29	32	39	30	20	39	31	24	35	39	29	26	37	36	28	27	39	21	29	36	25	31	39	29	38	35	21	32	28	31	23	32	20	28	26	25	34	21	31	37	21	28	31	36	29	39	27	38	39	27	22	26	27	39	32	37	20	39	37	24	24	32	23	25	25	34	35	40	36	34	37	30	26	28	33	34	34	21	37	40	23	27	25	31	39	24	33	38	39	25	20	32	21	22	38	34	39	36	27	23	35	35	33	32	38	25	22	23	38	23	38	34	30	29	29	34	38	36	23	38	38	36	37	27	26	33	20	27	27	24	28	24	30	31	20	33	35	39	27	40	37	37	23	31	28	25	31	20	27	25	27	34	33	27	22	29	34	32	32	27	39	33	33	25	38	33	27	20	34	32	20	38	28	39	22	40	31	33	29	36	38	22	21	36	35	33	37	40	36	30	26	29	27	27	21	34	21	21	20	38	40	40	23	33	21	29	20	20	34	40	24	33	26	23	32	38	20	38	34	23	35	26	23	35	33	39	20	28	20	27	20	40	33	25	21	28	21	27	39	30	40	22	25	36	38	22	33	29	23	35	21	34	29	31	38	34	35	26	33	40	23	37	28	21	28	36	31	32	25	32	38	31	20	21	38	33	29	23	31	31	23	22	39	28	37	33	36	36	24	36	31	28	34	21	28	26	34	22	29	33	22	36	39	32	26	21	22	33	31	20	20	20	26	31	40	20	25	22	40	28	22	33	40	20	23	20	39	29	27	24	34	27	25	23	27	21	34	22	20	25	26	22	35	39	30	37	34	33	29	38	28	33	36	36	37	40	23	33	37	33	33	28	22	30	36	40	24	20	28	34	33	31	33	26	35	22	30	34	25	22	36	27	37	40	40	31	26	33	27	30	30	25	40	39	31	29	26	31	31	27	39	31	26	39	28	24	22	25	24	39	36	31	36	34	24	38	33	30	39	31	37	39	21	21	34	33	25	22	26	37	28	22	30	39	40	40	21	24	29	32	31	21	27	25	22	36	39	22	31	32	39	21	20	30	36	32	24	39	26	22	24	29	29	35	32	34	35	27	38	36	29	36	25	33	31	30	23	21	34	20	20	27	26	27	27	23	21	32	36	35	35	28	35	25	27	33	29	37	33	38	22	32	31	26	25	21	29	39	38	21	30	24	21	24	37	23	31	38	31	29	25	25	36	33	26	25	23	40	31	34	40	40	36	38	21	32	28	24	36	36	20	26	21	20	20	34	37	24	33	24	40	26	21	37	40	25	23	28	39	31	30	30	23	21	23	34	27	30	40	27	38	28	31	32	36	32	20	22	21	27	37	30	27	26	31	20	26	28	36	33	26	28	28	22	38	20	22	30	35	34	40	22	34	25	32	34	32	33	33	34	23	21	29	39	35	37	30	23	21	37	20	32	40	40	22	39	23	30	30	27	25	20	21	36	21	29	21	34	25	20	20	34	22	35	31	24	35	20	28	37	26	34	35	22	27	28	25	31	26	34	31	22	28	23	23	33	24	37	22	27	22	37	27	36	34	22	34	39	22	33	38	32	21	27	23	24	22	38	26	37	23	20	28	36	27	35	33	24	24	35	25	22	31	37	24	25	37	35	29	33	25	37	40	23	20	27	36	37	39	34	35	28	39	31	32	40	24	20	28	31	23	20	29	38	30	22	28	34	34	32	20	33	28	27	20	35	31	22	37	39	37	20	36	33	26	22	20	39	33	38	26	30	33	28	21	23	22	36	30	20	38	24	29	24	21	40	24	25	20	34	23	22	38	33	34	20	35	36	36	39	21	27	20	22	36	40	28	20	40	34	25	37	20	40	29	20	38	29	33	21	21	38	25	25	27	35	31	31	30	40	30	24	37	26	23	38	23	40	40	35	37	24	28	28	33	27	37	25	30	39	31	28	30	29	39	27	34	40	40	24	20	25	33	37	38	28	36	24	30	34	39	29	20	22	31	28	39	29	33	25	39	31	22	30	24	31	38	40	31	23	29	38	40	39	29	33	26	38	20	33	25	27	24	32	26	30	36	35	20	22	40	40	39	26	39	27	33	39	23	29	40	22	37	23	28	23	37	39	23	28	20	34	20	34	32	34	33	24	22	27	26	27	38	32	38	35	36	31	28	27	20	36	33	30	20	29	32	36	23	26	36	37	26	23	38	28	33	21	28	27	38	37	33	26	23	29	21	32	31	20	33	33	26	29	24	38	36	37	27	37	27	28	22	24	30	23	23	35	38	25	39	26	37	38	39	22	23	38	30	33	28	35	40	24	38	21	22	33	28	21	33	36	33	37	33	28	35	35	24	28	29	39	39	23	39	25	40	31	34	34	26	20	39	33	29	22	32	27	20	40	35	28	36	34	38	29	33	21	23	35	35	22	33	27	22	36	32	28	34	27	31	32	22	22	26	26	35	38	39	30	32	31	38	34	30	27	39	34	23	21	34	24	37	35	32	29	29	38	28	24	34	25	26	23	39	29	20	34	38	38	30	30	38	36	37	26	37	40	34	20	39	29	24	21	21	35	30	38	29	40	31	33	24	30	23	27	38	20	39	22	39	33	36	24	31	24	26	30	37	37	31	30	25	21	38	24	23	21	30	31	39	28	31	33	36	28	26	22	24	35	24	36	30	31	33	20	20	33	26	38	36	31	36	32	30	40	37	39	32	27	38	40	28	20	40	27	20	30	39	20	40	40	37	20	27	28	26	22	31	35	39	34	22	28	33	35	34	33	26	37	39	25	23	40	37	31	32	32	39	31	24	28	31	30	32	36	30	25	37	29	25	34	20	26	30	24	24	28	39	22	32	24	38	33	22	26	32	30	27	30	25	39	40	37	26	21	40	33	40	26	39	28	36	38	24	24	32	31	35	33	36	25	21	34	31	24	21	34	20	24	20	28	40	23	23	38	25	37	37	24	29	39	20	29	31	30	32	20	29	34	30	39	35	22	33	23	30	21	20	33	38	39	39	38	24	33	32	25	29	39	35	22	40	25	40	32	24	24	28	30	23	37	30	20	34	31	24	26	25	21	21	24	35	27	29	25	24	30	21	22	30	35	25	40	24	34	20	28	29	24	30	35	26	28	28	36	30	37	39	20	20	39	37	39	22	38	39	21	40	29	39	30	23	28	37	27	23	22	20	24	26	38	27	22	40	37	34	37	27	40	34	24	38	27	40	21	24	27	27	40	20	27	32	26	37	34	21	24	32	23	29	20	29	36	32	25	37	32	24	37	27	30	33	38	31	32	28	26	23	38	37	25	31	26	38	30	35	27	21	30	38	36	23	39	39	24	34	20	39	22	24	33	23	28	34	26	27	35	30	31	39	31	28	38	34	21	35	20	28	31	20	23	39	25	28	26	28	27	30	28	39	29	37	39	24	27	32	27	20	22	32	34	25	22	38	20	29	28	27	29	29	20	25	23	31	36	20	22	26	40	38	40	38	36	40	39	37	29	27	29	25	32	29	28	22	21	32	28	29	21	23	22	31	31	24	21	20	35	30	26	39	25	34	22	37	23	36	26	27	30	22	35	20	32	32	40	25	30	26	23	37	32	30	24	34	38	27	37	36	33	29	30	26	22	36	26	21	37	22	39	22	40	20	30	20	32	26	31	33	30	32	22	23	40	23	29	20	31	26	36	21	38	39	31	30	30	20	23	21	34	24	36	23	31	32	28	27	26	27	39	28	24	40	20	32	35	32	20	23	39	38	22	20	32	38	21	23	36	33	29	36	26	31	30	40	37	30	34	32	37	34	33	35	27	33	32	35	32	35	25	36	36	25	23	33	32	38	36	27	23	22	25	23	30	28	39	35	35	35	33	24	28	21	25	23	36	35	20	32	20	36	35	25	25	20	30	32	31	28	38	35	39	34	40	20	39	31	30	23	38	32	30	31	27	21	34	33	32	37	40	26	30	31	28	40	35	20	30	26	33	39	27	27	33	38	24	20	28	38	34	21	31	39	26	31	36	24	27	22	23	29	35	21	36	40	24	26	22	34	25	34	33	21	21	25	35	29	37	37	30	38	23	28	40	33	40	26	31	20	36	29	20	23	24	36	25	38	35	30	20	40	31	31	26	26	20	35	25	34	29	30	22	23	23	30	25	30	33	39	27	20	30	24	22	36	27	26	29	34	26	21	27	21	31	22	28	30	23	24	33	21	29	34	38	37	35	21	35	36	22	24	26	35	39	23	29	22	30	20	35	35	38	25	30	37	24	23	29	30	21	27	28	24	34	29	21	23	40	36	33	33	38	29	25	22	40	25	40	22	37	34	25	24	33	30	32	35	38	29	29	23	34	37	27	37	36	37	38	39	33	21	20	24	32	29	38	23	36	25	24	31	33	38	35	23	39	28	20	40	22	25	40	35	28	21	36	39	27	31	30	20	40	33	40	36	22	26	20	31	36	22	30	35	32	22	28	39	33	22	26	30	30	25	34	34	26	27	25	32	20	23	24	26	24	21	26	37	38	30	23	36	25	32	21	34	32	20	32	34	29	25	29	35	27	38	20	37	36	22	23	21	33	36	25	33	20	21	22	25	28	37	33	33	20	33	33	22	40	32	29	30	33	30	27	26	33	28	30	22	28	33	34	24	27	29	26	25	25	29	37	24	24	23	26	29	35	28	40	36	39	24	22	21	28	24	28	26	31	24	38	22	30	40	30	38	38	37	23	26	27	23	26	24	35	24	25	32	21	37	31	25	27	24	40	37	21	36	40	39	36	34	31	31	34	31	28	31	40	40	20	26	28	23	37	23	37	23	24	28	26	39	29	26	34	40	23	40	32	24	40	22	39	24	20	20	29	33	31	37	38	31	31	23	29	39	20	24	36	38	20	33	24	28	23	25	29	25	29	34	39	31	28	34	31	29	35	28	23	26	35	24	29	32	40	40	35	35	31	25	24	26	36	37	40	20	21	30	32	39	32	31	25	36	36	38	33	21	35	23	36	24	33	31	21	23	32	27	38	20	38	37	28	23	24	38	27	27	25	27	21	30	21	27	26	34	30	36	29	30	37	39	38	28	29	34	27	31	32	23	38	22	21	21	33	28	31	26	20	23	32	33	29	31	40	34	33	38	34	32	24	40	23	28	21	39	39	30	23	24	36	31	24	40	27	30	37	38	34	26	33	36	23	36	33	24	36	27	37	27	22	33	33	33	22	32	40	29	38	37	30	35	24	28	26	34	20	35	25	36	33	20	35	40	35	30	21	22	38	31	37	38	31	27	39	30	37	32	37	20	40	39	40	37	34	38	33	26	34	39	31	24	35	27	33	34	20	36	25	33	28	24	40	37	22	32	20	24	21	40	40	26	28	25	37	31	33	24	33	23	33	24	40	38	34	24	38	26	38	32	36	36	30	36	29	38	32	31	38	37	20	39	32	27	39	34	34	26	30	38	28	32	35	22	36	35	35	40	38	23	28	29	40	25	31	29	40	25	35	36	37	20	27	33	29	37	35	29	22	20	22	22	27	26	20	26	33	39	24	27	36	28	40	39	28	29	34	23	35	30	34	30	21	37	38	40	20	36	22	20	38	22	23	37	27	40	35	23	37	28	40	35	38	37	29	28	40	27	34	27	21	32	24	23	39	38	27	23	39	25	25	33	34	33	29	36	20	34	23	24	30	22	35	20	37	26	31	32	35	32	33	32	23	37	21	33	40	34	26	26	22	31	40	37	34	38	23	38	27	28	31	21	21	26	26	22	39	31	22	38	32	34	20	21	35	32	20	22	23	30	35	20	39	21	26	35	35	26	32	32	24	37	31	25	28	36	23	36	34	22	31	37	22	37	39	40	39	33	24	31	29	27	36	28	40	30	21	25	21	22	27	31	25	20	20	31	23	33	20	40	36	23	32	40	33	31	30	30	23	32	28	35	37	39	40	21	35	38	33	38	34	23	35	37	35	33	28	37	24	40	27	37	38	25	27	25	34	21	22	37	27	29	35	23	23	33	27	38	40	38	32	37	24	27	39	22	26	36	36	20	32	27	25	39	36	39	34	35	39	36	39	23	34	27	32	21	21	36	40	39	30	22	32	40	38	22	35	28	24	20	24	25	24	25	24	20	23	40	34	40	20	21	21	34	38	39	22	25	30	35	20	37	20	22	29	36	39	35	37	27	35	29	39	21	32	20	31	28	21	26	35	31	36	25	39	32	22	24	21	26	28	25	25	28	36	22	26	38	22	20	28	29	22	22	32	34	23	32	30	32	33	22	39	32	26	22	32	29	35	37	32	36	27	40	29	24	28	31	24	27	31	25	33	39	20	27	21	33	20	21	23	35	36	39	30	34	28	33	31	21	26	31	29	36	34	31	35	21	22	21	40	37	32	30	29	38	34	30	28	34	40	23	38	28	39	39	28	32	27	21	33	33	23	35	20	39	27	36	30	24	38	27	20	28	38	28	29	40	27	25	21	22	30	29	25	35	40	25	31	33	37	39	38	35	30	21	24	33	31	32	39	30	33	37	30	34	25	34	39	32	36	34	22	37	38	28	24	33	21	38	25	32	22	36	28	36	33	23	20	30	40	20	21	28	36	28	37	36	35	21	29	20	21	30	36	24	23	35	27	33	20	39	36	20	23	36	40	22	31	23	24	21	37	29	27	31	28	38	21	26	39	30	29	35	33	33	35	31	22	20	20	38	40	32	29	21	23	31	35	23	36	21	34	37	29	33	39	33	38	39	28	35	29	20	40	40	40	37	29	27	23	28	34	26	37	28	28	34	37	21	21	22	26	22	29	20	28	37	31	34	36	37	24	39	23	21	38	24	35	35	27	23	23	29	37	26	20	31	35	26	26	30	30	31	21	37	34	34	33	29	27	23	21	28	21	22	29	26	24	35	31	36	39	22	23	33	23	32	34	31	39	30	33	21	35	33	20	24	21	31	23	31	35	31	35	31	25	36	23	20	28	26	21	34	24	29	33	39	23	23	31	40	21	29	22	36	25	24	35	31	28	20	37	28	24	21	33	21	32	36	26	33	33	29	28	28	21	21	25	20	26	26	35	40	39	26	39	23	23	24	31	37	37	27	25	29	24	39	28	25	24	27	30	24	32	28	26	25	31	35	34	33	26	26	26	22	32	20	36	28	32	21	20	24	30	27	36	26	36	26	27	23	39	40	40	20	29	20	36	34	30	40	29	30	33	23	31	23	39	27	37	33	39	40	21	26	36	24	32	35	35	36	21	29	36	38	27	31	33	23	31	28	24	29	24	23	28	32	40	29	25	33	30	38	34	38	27	23	29	38	28	35	37	37	23	23	32	31	25	40	32	35	36	27	26	31	37	22	20	40	33	34	30	38	26	35	38	32	23	36	20	29	28	27	24	39	25	27	22	24	39	36	36	22	32	25	29	31	27	21	40	24	21	32	32	28	24	40	20	39	21	39	38	36	31	38	25	21	32	34	23	35	40	33	25	40	20	36	22	31	33	32	35	24	31	35	36	27	36	39	38	37	28	24	36	29	23	22	30	40	22	37	28	33	36	24	37	36	39	27	35	24	35	36	33	22	35	20	36	26	35	27	23	22	27	33	38	33	37	39	27	25	23	24	28	21	37	39	26	20	27	34	36	31	31	27	39	30	23	25	35	20	37	38	22	32	25	27	26	31	30	37	38	28	40	22	32	39	35	21	27	26	23	27	26	32	24	25	39	22	31	32	20	37	38	22	21	24	21	32	29	33	22	37	38	25	36	40	33	21	37	34	32	23	40	29	23	22	31	33	22	26	20	27	22	36	28	40	31	36	27	23	21	31	25	24	30	21	24	29	35	27	22	37	26	35	36	20	29	33	33	21	40	29	20	39	38	37	27	25	39	30	21	26	34	34	38	28	22	34	32	24	20	25	21	24	26	23	29	28	30	21	26	33	32	37	21	33	33	23	34	30	40	39	36	23	34	33	40	21	38	31	30	39	39	28	34	23	36	21	20	39	31	38	25	21	34	40	21	38	31	31	31	26	37	38	24	27	24	40	28	38	31	40	39	28	22	25	32	33	28	26	27	34	33	40	26	39	30	20	34	32	34	26	35	26	33	31	31	31	20	23	23	37	25	28	27	31	23	34	20	21	27	40	35	40	25	38	40	34	26	39	32	26	31	24	36	20	35	30	35	30	38	21	24	21	37	21	23	36	29	31	40	30	21	22	23	38	29	35	23	21	35	21	31	37	32	37	33	20	27	39	22	24	31	30	35	24	39	37	26	36	23	34	21	32	32	27	31	40	29	29	31	33	35	35	27	21	37	26	
43	46	46	14	38	40	22	26	33	30	46	16	11	14	43	46	28	10	42	40	50	19	37	34	16	48	24	20	13	12	42	17	36	21	47	43	38	35	33	26	47	46	40	25	14	11	30	37	13	39	48	12	28	36	40	29	31	34	30	23	31	23	40	33	31	32	22	43	19	25	17	19	41	17	38	10	16	42	13	16	12	31	30	21	39	13	13	16	22	38	43	26	10	18	30	37	27	38	18	41	38	31	41	12	30	48	15	37	16	42	25	33	50	10	14	10	42	32	12	19	11	30	23	23	33	21	46	45	41	30	27	33	44	46	14	22	46	16	11	22	22	33	49	20	25	15	22	27	36	43	29	47	24	31	16	42	25	41	19	32	22	48	41	14	44	36	41	31	16	26	42	40	33	49	26	36	47	38	48	15	30	46	15	33	10	43	25	37	25	28	15	14	29	35	43	22	48	26	16	47	19	14	50	48	25	48	32	45	23	39	23	22	21	23	18	34	18	14	23	13	43	46	27	48	18	40	39	40	22	23	11	36	42	36	18	30	29	20	31	42	10	48	14	24	27	15	37	24	47	28	33	28	35	23	36	18	30	45	39	36	47	43	43	33	23	49	21	33	12	49	24	23	41	16	20	35	48	13	47	21	32	25	49	26	11	30	26	31	41	18	49	34	40	11	30	34	12	13	31	43	23	43	35	47	49	16	48	31	40	17	40	31	12	13	44	35	50	18	22	12	41	23	20	40	17	42	27	24	27	42	41	16	20	34	29	46	35	17	50	28	21	26	31	38	29	26	10	17	48	19	14	18	38	50	17	31	11	46	10	42	24	45	34	27	11	12	16	47	47	40	48	24	22	24	12	48	49	44	11	12	43	33	50	33	50	19	23	21	38	21	19	50	45	22	26	42	13	29	10	46	42	45	27	21	11	42	48	47	39	37	23	34	45	11	50	14	24	11	30	28	15	42	39	35	14	46	16	27	48	25	28	29	30	24	18	49	35	48	40	32	39	26	46	19	42	33	27	27	10	17	44	26	32	25	43	23	13	26	11	16	10	40	20	10	50	48	29	19	21	24	12	28	16	13	12	31	12	50	15	38	16	28	25	21	46	36	13	30	19	44	12	39	31	26	19	48	36	36	27	12	10	20	29	50	19	37	29	28	34	12	30	31	50	34	38	31	35	32	34	32	29	50	34	47	26	14	40	16	21	30	11	19	49	50	33	25	47	50	38	36	36	33	30	13	29	37	16	39	20	46	28	34	44	44	20	49	36	44	25	32	21	42	30	39	15	41	17	18	17	33	31	28	24	41	22	41	34	36	33	42	27	47	30	21	29	49	42	19	37	27	38	19	25	50	10	47	39	34	35	45	28	35	31	12	40	16	40	17	33	45	31	35	13	47	22	41	34	24	34	14	28	44	32	45	20	37	23	27	48	43	39	21	38	49	14	14	50	32	24	21	41	41	25	14	20	16	27	29	18	10	38	50	49	35	30	15	27	42	22	27	30	45	44	23	45	32	12	39	43	16	49	37	49	46	16	47	14	25	39	40	28	39	20	20	26	11	15	15	21	48	11	31	12	13	42	48	27	41	40	14	47	32	49	40	24	21	19	26	35	35	21	41	24	21	11	45	17	35	43	41	44	24	25	37	26	38	25	39	14	10	16	12	18	40	46	37	47	38	17	39	18	26	26	25	21	36	36	45	44	33	33	38	30	32	13	30	37	20	40	11	23	46	39	41	30	29	33	44	12	47	34	22	43	41	18	32	10	26	37	49	10	21	32	11	50	41	33	24	13	50	38	14	12	16	50	27	25	32	35	45	42	48	21	40	29	28	20	35	50	41	38	11	28	16	40	10	32	33	34	27	26	28	11	31	21	10	40	34	27	17	24	38	11	32	43	49	24	29	35	19	47	31	32	10	24	32	33	26	24	50	41	23	21	36	15	19	26	12	17	29	19	39	34	16	19	30	33	35	36	36	26	32	20	19	41	39	47	36	43	27	33	40	29	10	27	32	34	11	26	11	31	29	34	25	17	18	15	44	33	12	13	38	28	41	48	14	40	14	23	12	44	18	10	36	29	22	12	41	17	16	20	18	47	48	46	49	18	28	16	32	49	30	24	37	32	37	18	48	12	33	24	50	28	26	21	39	26	25	26	21	30	40	16	13	15	31	47	27	31	21	12	17	31	31	26	22	11	19	50	30	41	39	26	49	19	24	46	47	10	35	25	45	15	26	13	39	34	15	11	24	46	36	21	31	46	21	50	36	32	12	39	33	49	39	28	11	31	12	31	34	30	28	27	31	28	30	27	44	22	17	21	40	47	25	49	41	44	18	31	27	35	24	49	16	38	48	47	49	26	22	38	19	44	50	13	43	29	20	18	30	34	31	33	25	50	36	46	40	40	37	49	19	14	37	22	11	14	43	23	39	50	22	10	32	28	36	10	17	24	11	25	19	14	44	25	21	36	44	20	18	17	11	41	31	33	50	41	18	19	39	23	47	22	17	30	47	13	11	47	49	14	19	24	19	26	10	36	17	39	24	29	39	49	40	28	34	33	15	21	28	37	11	37	40	39	43	14	42	16	23	19	16	14	18	46	14	21	16	23	14	11	24	22	39	37	48	36	30	31	22	21	32	31	48	41	40	11	14	10	38	27	47	40	32	16	26	17	43	13	38	37	35	38	28	48	40	46	18	23	26	26	35	23	30	12	43	34	17	35	30	19	36	31	49	43	24	35	49	36	26	37	11	43	48	31	11	34	26	50	41	28	38	35	39	19	14	27	21	15	34	11	32	16	28	50	22	37	47	23	30	11	25	34	22	42	36	24	12	27	14	41	49	20	23	31	42	24	14	19	30	33	41	24	20	31	44	28	47	12	37	43	26	32	42	18	15	40	38	21	15	18	27	11	19	47	33	23	17	30	22	28	35	14	46	38	26	42	12	28	15	18	49	29	34	25	35	33	39	38	46	33	45	33	15	16	48	17	39	10	31	19	47	29	31	39	33	13	18	38	29	44	34	29	42	23	49	30	26	43	35	10	19	17	18	12	28	39	28	37	10	41	50	50	30	46	15	34	33	37	42	44	20	48	29	36	16	31	36	13	17	49	12	30	21	22	41	22	38	31	50	17	20	33	41	47	12	21	12	48	13	29	43	43	50	24	48	47	43	13	43	25	47	24	16	31	21	14	39	13	15	48	47	46	49	35	27	43	25	20	29	30	48	35	26	10	46	47	43	30	34	25	12	23	27	35	41	14	49	27	37	32	31	41	43	41	35	23	25	12	28	33	50	48	37	26	18	34	41	16	12	23	29	18	43	47	28	32	45	17	15	42	42	47	36	34	47	19	31	11	10	36	44	44	32	49	20	48	24	25	15	39	21	44	19	48	19	41	43	39	10	18	33	43	29	16	21	42	41	10	39	40	22	33	41	27	50	42	40	43	21	49	19	47	46	43	36	25	38	27	39	29	26	46	21	14	14	29	35	25	25	33	16	45	11	18	42	15	19	26	46	44	14	45	36	43	10	26	39	15	33	22	29	46	28	38	11	18	13	44	21	39	14	45	37	48	26	33	15	33	48	18	28	34	39	32	32	40	44	43	28	31	31	25	24	13	39	33	45	48	42	38	19	26	41	13	50	34	33	43	15	21	29	17	29	36	10	16	31	23	18	20	26	34	29	44	22	44	18	29	21	47	26	40	20	10	15	17	15	44	26	40	10	45	10	22	39	35	27	39	25	23	21	39	24	30	43	37	39	42	29	36	22	28	22	27	15	24	10	26	47	33	42	48	32	47	48	41	16	22	31	17	21	16	28	15	31	20	24	20	41	39	48	28	16	16	14	39	45	42	41	38	21	13	16	49	41	20	45	32	26	44	31	48	43	24	46	48	38	19	45	26	30	50	10	38	17	13	50	34	18	15	26	29	44	29	14	29	17	18	40	12	27	20	41	10	10	50	50	47	27	19	16	21	18	16	43	31	26	32	23	29	18	49	29	30	32	43	44	26	11	25	26	21	10	15	38	24	43	16	25	27	48	35	26	22	25	22	41	49	41	49	22	14	26	45	27	48	28	19	38	32	46	33	41	17	24	44	36	15	34	39	17	38	42	18	49	19	23	23	30	25	13	22	40	48	10	27	26	20	12	39	13	21	31	25	21	17	44	16	44	34	43	18	11	29	50	24	21	20	20	28	47	42	15	49	25	46	34	10	50	17	35	38	26	43	16	26	31	11	37	30	44	38	50	29	46	50	31	46	39	24	50	13	46	15	47	41	20	49	24	36	35	47	39	38	44	16	24	17	46	48	34	45	45	43	47	35	15	25	49	33	28	48	20	33	23	36	19	11	14	33	37	47	19	36	22	33	49	19	23	23	23	13	28	26	29	32	44	47	34	45	30	33	44	50	14	48	36	29	11	25	41	29	49	49	35	23	27	46	49	30	27	27	28	37	18	15	37	30	21	22	19	28	40	47	32	38	21	31	29	36	47	35	17	13	33	11	42	18	34	50	28	46	45	22	45	37	35	27	10	35	11	41	27	21	37	40	39	11	34	17	16	31	45	31	17	26	30	21	22	28	45	39	26	26	27	21	31	12	31	12	48	48	23	48	34	24	12	22	40	49	43	20	37	47	46	20	39	33	48	20	34	11	49	44	25	20	14	49	42	20	46	28	42	35	40	24	13	45	38	31	50	48	15	23	45	41	41	36	26	34	21	11	43	47	16	32	42	34	29	25	32	19	29	16	42	44	19	27	31	11	33	36	37	47	16	26	36	38	22	19	26	37	39	49	32	32	40	35	11	28	31	28	30	17	14	50	30	26	34	15	45	42	38	43	25	45	35	37	37	30	28	35	14	41	11	26	10	14	40	44	22	49	20	28	20	45	41	31	15	47	36	46	39	15	35	44	21	18	42	47	21	23	42	36	15	22	10	25	24	15	26	35	16	15	19	38	27	47	19	24	11	14	23	19	20	39	24	22	49	38	17	38	37	27	32	44	27	12	36	20	25	20	10	39	42	26	29	42	17	45	29	12	27	19	37	42	45	11	46	43	36	40	12	36	20	39	30	34	43	26	29	44	22	27	44	32	25	29	48	23	38	24	14	27	13	28	20	23	17	31	42	47	38	23	40	23	34	19	19	31	20	14	41	30	20	46	35	46	41	43	27	47	33	15	23	36	10	39	11	20	23	16	12	27	21	36	18	32	46	23	47	34	24	34	12	11	46	25	17	22	13	24	39	22	50	35	37	39	41	21	43	23	39	16	38	39	18	37	39	36	23	11	24	50	21	12	24	43	24	22	29	18	31	13	43	46	22	33	26	10	33	13	35	17	31	28	20	25	29	34	42	29	38	30	14	40	27	20	36	45	10	45	23	33	38	19	21	29	17	26	44	23	41	22	17	24	33	29	49	18	28	25	20	34	50	40	35	49	26	25	29	23	22	42	29	43	42	16	23	36	41	14	17	20	42	17	31	29	34	10	25	42	40	20	21	24	32	47	20	38	16	36	46	10	43	32	39	30	16	28	31	42	28	44	20	15	18	46	19	13	27	27	29	30	30	26	20	34	10	11	49	23	31	18	45	39	29	45	22	26	27	38	13	46	26	34	11	43	10	16	20	42	28	30	13	24	16	10	33	46	33	20	41	35	28	21	49	43	39	25	40	48	32	38	24	14	19	24	12	45	41	28	26	27	36	36	49	30	13	44	35	11	33	43	19	49	32	35	26	46	23	43	13	45	16	34	41	29	23	40	25	13	38	39	46	22	33	13	23	50	28	22	34	16	18	46	33	17	50	27	40	40	13	27	12	34	34	44	37	25	45	22	49	44	24	47	13	12	36	31	40	15	44	16	20	23	23	18	34	43	25	46	49	40	42	16	30	15	12	50	21	24	18	28	24	39	40	30	25	37	20	17	50	32	38	11	27	14	44	19	43	21	46	28	46	38	34	27	24	34	16	35	25	19	42	16	43	22	36	27	15	23	33	21	12	11	16	38	44	44	26	37	29	32	38	34	30	17	48	50	27	44	13	32	40	34	50	35	46	25	21	45	25	42	18	49	49	49	35	23	32	16	15	18	24	10	35	41	33	42	17	19	40	26	17	15	26	43	17	11	33	33	50	35	12	38	23	19	29	24	28	15	21	12	28	32	10	21	35	16	37	14	29	17	11	15	45	25	45	39	32	25	35	19	18	22	50	33	23	21	16	24	13	44	13	38	50	48	37	46	22	40	18	48	29	42	15	25	31	21	25	44	38	44	13	25	12	36	49	12	35	14	19	32	46	15	39	44	36	22	15	37	12	30	42	27	22	20	41	38	33	50	30	42	10	26	39	16	50	37	48	47	32	45	29	49	11	40	39	24	12	14	15	10	12	45	17	34	35	49	18	16	15	40	19	25	28	20	21	34	32	49	39	32	22	41	37	49	14	45	33	24	36	12	29	37	38	41	16	43	24	30	49	36	35	29	24	41	43	25	43	43	49	14	14	30	30	43	34	24	23	29	42	45	31	35	16	20	24	18	48	46	22	29	45	28	36	26	13	48	14	17	45	14	24	39	12	44	31	16	29	22	12	50	18	28	24	30	17	16	27	25	12	26	29	45	13	37	26	31	41	21	47	27	44	25	34	31	25	37	23	42	36	42	47	25	32	31	11	25	15	24	13	29	33	39	28	27	18	25	19	18	26	34	35	31	15	36	34	41	13	35	40	15	23	27	43	35	13	36	27	40	49	19	16	38	19	45	34	41	20	47	32	29	50	29	35	28	39	30	10	26	38	37	48	49	21	42	27	47	23	43	39	12	29	26	25	42	11	50	15	38	49	44	31	20	31	31	13	26	24	22	49	43	28	18	14	27	32	20	14	19	23	19	20	30	37	26	42	18	41	14	26	25	16	42	42	32	33	12	26	24	22	13	14	11	48	12	11	49	37	35	11	50	44	37	19	10	23	12	15	45	50	34	12	10	10	31	29	10	47	15	49	21	46	49	24	10	14	23	29	15	36	29	42	15	44	39	21	35	20	41	10	50	14	11	11	33	47	28	18	15	41	46	15	34	23	10	33	47	50	13	29	31	20	26	25	47	48	16	31	38	26	21	11	32	31	10	47	19	11	24	16	34	47	25	24	30	25	24	46	50	15	45	41	15	39	18	34	12	22	26	26	20	33	18	16	49	27	31	15	10	18	42	40	14	47	47	41	40	45	10	31	26	33	13	17	48	25	20	35	18	41	10	29	19	41	16	41	50	25	41	12	22	16	17	13	38	10	23	18	31	41	33	43	46	20	30	37	48	28	16	34	46	44	41	39	45	32	28	38	44	34	31	44	45	47	30	11	48	39	18	26	11	44	26	36	47	41	31	12	39	30	37	17	40	33	13	41	22	15	15	37	37	26	16	47	13	21	16	32	35	12	47	17	20	47	12	38	27	15	15	23	44	40	17	40	31	16	40	49	33	14	34	31	29	21	38	36	50	50	39	11	40	11	21	39	34	49	35	44	25	22	40	11	48	40	39	28	27	47	23	40	43	18	25	27	37	41	30	26	31	13	40	12	37	18	35	17	43	40	18	50	19	45	46	25	33	39	27	37	36	46	26	10	12	46	13	41	10	36	16	44	14	22	13	34	27	33	50	25	24	22	35	10	48	12	18	40	23	10	14	12	16	20	43	35	37	21	41	39	38	47	29	45	30	38	12	29	16	15	40	22	47	17	37	43	37	26	28	40	50	44	24	32	16	26	38	50	28	43	22	14	16	24	43	47	45	41	31	46	45	37	30	32	16	24	30	12	28	47	11	23	41	50	49	40	43	30	43	10	41	13	50	46	14	48	41	33	37	41	11	49	41	40	10	21	35	45	15	45	19	26	39	23	11	28	22	10	16	25	11	23	36	11	47	28	41	21	15	50	36	21	16	23	42	42	37	14	39	29	47	46	26	43	15	38	24	41	49	33	24	42	47	15	11	20	15	17	14	33	30	34	18	11	31	25	26	16	12	50	27	39	38	11	50	49	34	12	24	50	40	10	25	30	43	18	23	17	43	38	32	34	28	50	13	31	28	13	22	44	50	40	16	13	43	17	16	36	16	32	43	13	11	21	36	41	31	23	23	48	48	48	12	47	33	13	40	43	10	19	39	44	12	23	37	46	13	28	36	43	50	33	14	35	43	17	47	46	37	21	26	50	46	31	35	39	28	32	15	26	41	10	13	48	43	23	16	24	13	12	15	12	12	40	10	34	20	48	25	24	34	20	24	12	21	44	37	44	46	39	19	42	12	43	14	47	45	17	43	10	26	33	24	43	42	19	49	10	16	47	19	28	23	37	41	40	45	21	47	43	11	43	28	43	31	12	11	33	42	11	44	15	34	18	29	28	39	18	46	36	14	21	28	28	18	45	19	20	11	10	42	45	47	18	31	36	47	45	10	13	26	21	50	11	31	31	40	47	38	21	10	21	47	35	28	45	45	20	14	16	35	27	12	41	14	20	47	45	45	36	20	11	45	31	37	15	22	40	14	10	11	44	22	47	48	16	50	40	13	11	36	29	16	47	24	21	50	35	33	30	39	10	32	27	16	39	13	43	49	18	40	41	43	22	41	23	41	29	28	12	18	32	41	48	20	45	18	28	24	19	38	21	29	16	20	11	46	38	50	21	45	24	46	15	15	33	50	13	50	40	36	24	45	28	39	33	31	37	12	43	42	37	29	11	23	36	26	36	27	26	42	21	43	31	21	38	44	30	31	35	35	14	49	46	12	45	18	16	39	39	12	34	46	25	36	48	20	28	15	29	34	18	20	36	26	48	22	29	29	20	43	30	44	28	25	17	48	18	47	29	10	17	18	24	19	29	28	25	37	17	28	45	48	41	10	24	49	48	18	18	37	19	10	21	26	38	13	21	21	46	32	31	28	28	29	13	35	35	21	31	24	11	42	11	12	19	43	48	33	17	48	47	49	34	46	26	47	28	12	47	39	11	33	14	24	15	12	32	18	49	14	17	36	33	45	41	32	18	36	37	24	10	28	26	18	49	45	27	49	45	30	15	11	21	39	49	32	26	25	42	10	36	46	16	26	50	47	44	50	36	47	13	23	27	50	26	39	39	16	15	15	25	34	38	24	11	16	23	36	36	50	33	35	32	36	26	48	46	13	20	18	25	43	17	45	50	39	48	24	12	29	30	19	33	23	24	40	27	15	32	17	20	29	46	26	34	50	40	23	20	35	33	31	24	14	48	41	15	34	43	36	23	11	24	35	26	37	16	41	46	42	44	32	35	44	22	16	25	37	47	38	45	19	10	32	49	50	49	16	18	13	41	50	48	12	37	46	37	11	35	42	41	16	10	42	47	12	42	29	23	37	40	43	38	33	24	22	10	45	28	23	27	46	43	27	21	38	10	44	25	25	10	34	29	16	33	10	31	23	26	48	33	25	26	32	24	27	25	49	21	21	39	26	15	20	41	12	40	48	34	12	46	48	12	34	18	29	50	20	12	35	46	15	32	43	39	18	11	39	46	12	33	45	20	17	50	24	33	49	39	50	18	15	43	37	34	42	31	34	43	47	38	16	11	36	35	48	18	27	22	47	44	36	44	34	25	20	14	15	11	19	25	12	26	28	31	32	25	23	44	41	35	40	43	13	35	20	16	16	46	50	24	16	11	13	47	37	21	18	39	12	48	16	15	45	26	50	10	50	25	18	24	
5
60
