3570
120
0	0	0	0	0	0	0	0	0	0	0	0	0	0	0	0	0	0	0	0	0	0	0	0	0	0	0	0	0	0	0	0	0	0	0	0	0	0	0	0	0	0	0	0	0	0	0	0	0	0	0	0	0	0	0	96	0	0	0	0	0	0	0	0	0	0	0	192	0	0	0	0	0	0	0	0	0	0	0	0	0	0	0	0	0	0	0	0	0	0	0	0	0	0	0	0	0	0	0	0	0	0	0	0	0	0	0	0	0	0	0	0	0	0	0	0	0	0	0	0	
0	0	0	0	0	0	0	0	0	0	0	0	0	0	0	0	0	0	0	0	0	0	0	0	0	0	0	0	0	0	0	0	0	0	0	0	0	0	0	0	0	0	0	0	0	0	0	0	0	0	0	0	0	0	0	0	0	0	0	0	48	0	0	0	0	0	0	0	0	0	0	0	0	0	0	0	0	0	0	0	0	0	0	0	0	0	0	0	0	0	0	0	0	192	0	0	0	0	0	0	0	0	0	0	0	0	0	0	0	0	0	0	0	0	0	0	0	0	0	0	
0	0	0	0	0	0	0	0	0	0	0	0	0	0	0	0	0	0	0	0	0	0	0	0	0	0	0	0	0	0	192	0	0	0	0	0	0	0	0	0	0	0	0	0	192	0	0	0	0	0	500	0	0	0	0	0	0	0	0	0	0	0	0	0	0	0	0	0	0	0	0	0	0	0	0	0	0	0	0	0	0	0	0	0	0	0	0	0	0	0	0	0	0	0	96	0	0	0	0	0	0	0	0	0	0	0	0	0	0	0	0	0	0	0	0	0	0	96	0	0	
0	0	0	0	0	0	0	0	0	0	0	0	0	0	0	0	0	0	0	0	0	0	192	0	0	0	0	0	0	0	0	0	0	0	0	0	0	0	0	0	0	0	0	0	0	0	0	0	0	0	0	0	0	0	0	0	0	0	0	0	0	0	0	0	0	0	0	0	0	0	0	0	0	0	0	0	0	0	0	0	0	0	0	0	0	0	0	0	0	0	0	0	0	0	192	0	0	0	0	0	0	0	0	0	0	0	0	0	500	0	0	0	0	0	0	0	0	0	0	0	
0	0	0	0	0	0	0	0	48	0	0	0	0	0	0	0	0	0	0	0	0	0	0	0	0	0	0	0	0	0	0	0	0	0	0	0	500	0	0	0	0	0	0	48	0	0	0	0	0	0	0	0	0	0	0	0	0	0	0	0	0	0	0	0	0	0	0	0	0	0	0	0	0	0	0	0	0	0	0	0	0	0	0	0	0	0	0	0	0	0	0	0	0	0	0	0	0	0	0	0	0	0	0	0	0	0	0	0	0	0	0	0	0	0	0	0	0	0	0	0	
0	0	0	0	0	0	0	0	0	0	0	0	0	0	0	0	0	0	0	0	0	0	0	0	0	0	0	0	0	0	0	0	0	0	0	0	0	0	96	0	0	0	0	0	0	0	0	0	0	0	0	0	0	0	0	48	0	0	0	0	0	0	0	0	0	0	0	96	0	0	0	0	0	0	0	0	0	0	0	0	0	0	0	0	0	0	0	0	0	0	0	0	0	0	0	0	0	0	0	0	0	0	0	0	0	0	0	0	0	0	0	0	500	0	0	0	0	0	0	0	
0	0	0	0	0	0	0	0	0	0	0	0	0	0	0	0	0	0	0	0	500	0	0	0	0	0	0	0	0	0	0	0	0	0	0	0	0	0	0	0	0	0	0	0	0	0	0	0	0	500	0	0	0	0	0	0	0	0	0	0	0	0	0	0	0	0	0	0	0	0	0	0	0	0	0	0	0	0	0	0	0	0	0	0	0	0	0	0	0	0	0	0	0	0	0	0	0	0	0	0	0	0	0	0	0	0	0	0	0	0	0	0	0	0	0	0	0	0	0	0	
0	0	0	0	0	0	0	0	0	0	0	192	0	0	0	0	0	0	0	0	0	0	0	0	0	0	0	48	0	0	0	0	192	0	0	0	0	0	0	0	0	0	0	0	0	0	0	0	0	0	0	0	0	0	0	0	0	0	0	0	0	0	0	0	0	0	0	0	0	0	0	0	0	0	0	0	0	0	0	0	0	0	0	0	0	0	0	0	0	0	0	0	0	0	0	0	0	0	0	0	0	0	500	0	0	0	0	0	0	0	0	0	0	0	96	0	0	0	0	0	
0	0	0	0	48	0	0	0	0	0	0	0	0	0	0	0	0	0	0	0	0	0	0	0	0	0	0	0	0	0	0	0	0	0	0	0	192	0	0	0	0	0	0	0	0	0	0	0	0	0	0	0	0	0	0	0	0	0	0	0	0	0	0	0	0	0	0	0	0	0	0	0	0	0	0	0	0	0	0	0	96	0	0	0	0	0	0	0	0	0	0	0	0	0	0	0	0	0	0	0	0	0	0	0	0	0	0	0	0	0	0	0	0	0	0	0	0	0	0	0	
0	0	0	0	0	0	0	0	0	0	0	0	0	0	0	0	0	0	0	0	0	0	0	0	0	0	0	0	0	0	0	0	0	0	0	0	0	0	0	0	0	0	0	0	0	0	0	0	0	0	0	0	0	0	0	0	0	0	0	0	0	0	0	0	0	0	0	0	0	0	0	0	500	0	0	0	0	0	0	0	0	0	0	0	0	0	0	0	0	0	0	0	0	0	0	0	0	0	0	0	48	0	0	0	0	0	0	0	0	0	0	0	0	0	0	0	0	0	0	0	
0	0	0	0	0	0	0	0	0	0	0	0	192	0	0	0	0	0	0	96	0	0	0	0	0	0	0	0	0	0	0	0	0	0	0	0	0	0	0	0	0	0	0	0	0	0	0	0	0	0	0	0	0	0	0	0	0	0	0	0	0	0	0	0	0	0	0	0	0	48	0	0	0	0	0	0	0	0	0	0	0	0	0	0	0	0	0	0	0	0	0	0	0	0	0	0	0	0	0	0	0	0	0	0	0	0	0	0	0	0	0	0	0	0	0	0	0	0	0	0	
0	0	0	0	0	0	0	192	0	0	0	0	0	0	0	0	0	0	0	0	0	0	0	0	0	0	0	500	0	0	0	0	0	0	0	0	0	0	0	0	0	0	0	0	0	0	0	500	0	0	0	0	0	0	0	0	0	0	0	0	0	0	0	0	0	0	0	0	0	0	0	0	0	0	0	0	0	0	0	0	0	0	0	0	0	0	0	0	0	0	0	0	0	0	0	0	0	0	0	0	0	0	0	0	0	0	0	0	0	0	0	0	0	0	0	0	0	0	0	0	
0	0	0	0	0	0	0	0	0	0	192	0	0	0	0	0	0	0	0	96	0	0	0	0	0	0	0	0	0	0	0	0	0	0	0	0	0	0	0	500	0	0	0	0	0	0	0	0	0	0	0	0	0	0	0	0	0	0	0	0	0	0	0	0	0	0	0	0	0	48	0	0	0	0	0	0	0	0	0	0	0	0	96	0	0	0	0	0	0	0	0	0	0	0	0	0	0	0	0	0	0	0	0	0	0	0	0	0	0	0	0	0	0	0	0	0	0	0	0	0	
0	0	0	0	0	0	0	0	0	0	0	0	0	0	0	0	0	0	0	0	0	0	0	0	0	0	0	0	0	0	0	0	0	0	0	0	0	0	0	0	0	0	0	0	0	0	0	0	0	0	0	0	0	0	0	0	0	0	0	0	0	0	0	0	0	0	0	0	0	0	0	0	96	0	96	0	0	0	0	0	0	0	0	0	0	0	0	0	0	0	0	0	0	0	0	0	0	0	0	0	192	0	0	0	0	0	0	0	0	0	0	0	0	0	0	0	0	0	0	0	
0	0	0	0	0	0	0	0	0	0	0	0	0	0	0	0	0	0	0	0	0	0	0	0	0	0	0	0	0	0	0	0	0	0	0	0	0	0	0	0	0	0	0	0	0	0	48	0	0	0	0	0	0	0	0	0	0	0	0	0	0	0	0	0	0	0	0	0	0	0	0	0	0	0	0	0	0	0	0	0	0	0	0	0	0	0	0	0	0	0	0	0	0	0	0	0	0	0	0	0	0	0	0	0	0	0	0	500	0	0	0	0	0	0	0	0	0	0	0	0	
0	0	0	0	0	0	0	0	0	0	0	0	0	0	0	0	0	0	0	0	0	0	0	0	0	0	0	0	0	0	0	0	0	0	0	0	0	0	0	0	0	0	0	0	0	0	0	0	0	0	0	0	0	500	0	0	0	0	0	0	0	0	0	0	0	0	0	0	0	0	0	0	0	0	0	0	0	0	0	0	0	0	0	0	0	0	0	0	0	96	0	0	0	0	0	0	0	0	0	0	0	0	0	0	0	0	0	0	0	0	0	0	0	0	0	0	0	0	0	0	
0	0	0	0	0	0	0	0	0	0	0	0	0	0	0	0	0	0	0	0	0	0	0	0	0	0	0	0	0	0	0	0	0	0	0	0	0	0	0	0	0	0	0	0	0	0	96	0	0	48	0	0	0	0	0	0	0	0	0	0	0	0	0	500	0	0	0	0	0	0	0	0	0	0	0	0	0	0	0	0	0	0	0	0	0	0	0	0	0	0	500	0	0	0	0	0	0	0	0	0	0	0	0	0	0	0	0	96	0	0	0	0	0	0	0	0	0	0	0	0	
0	0	0	0	0	0	0	0	0	0	0	0	0	0	0	0	0	0	0	0	0	0	0	0	0	0	0	0	0	500	0	0	0	0	0	0	0	0	0	0	0	0	0	0	0	0	0	0	0	0	0	0	0	0	0	0	0	0	0	0	0	0	0	0	0	0	0	0	0	0	0	0	0	0	0	0	0	0	0	0	0	0	0	0	0	0	0	0	0	0	0	0	0	0	0	0	0	0	0	0	0	0	0	0	0	0	0	0	0	0	0	0	0	0	0	96	0	0	0	0	
0	0	0	0	0	0	0	0	0	0	0	0	0	0	0	0	0	0	0	0	0	0	0	0	0	0	0	0	0	0	0	0	0	0	0	0	0	48	0	0	0	0	0	0	0	0	0	0	0	0	0	0	0	0	0	0	0	0	0	0	0	0	0	0	0	0	0	0	0	0	0	0	0	0	0	0	0	0	0	0	0	0	0	0	0	0	0	0	0	0	0	0	0	192	0	0	0	0	0	0	0	0	0	0	0	96	96	0	0	192	0	0	0	0	0	0	0	0	0	0	
0	0	0	0	0	0	0	0	0	0	96	0	96	0	0	0	0	0	0	0	0	0	0	0	0	0	0	0	0	192	0	0	0	0	0	0	0	0	0	48	0	0	0	0	0	0	0	0	0	0	0	0	0	0	0	0	0	0	0	0	0	0	0	0	0	0	0	0	0	48	0	0	0	0	0	0	0	0	0	0	0	0	0	0	0	0	0	0	0	0	0	0	0	0	0	0	0	0	0	0	0	0	0	0	0	0	0	0	0	0	0	0	0	0	0	0	0	0	0	0	
0	0	0	0	0	0	500	0	0	0	0	0	0	0	0	0	0	0	0	0	0	0	0	0	0	0	0	0	0	0	0	96	0	0	0	0	0	0	0	0	0	0	0	0	0	0	0	0	0	0	0	0	0	0	0	0	0	0	48	0	0	0	0	0	0	0	0	0	0	0	0	0	0	0	0	0	0	0	0	0	0	0	0	0	0	0	0	0	96	0	0	0	0	0	0	0	0	0	0	0	0	0	0	0	500	0	0	0	0	0	0	0	0	0	0	0	0	0	0	0	
0	0	0	0	0	0	0	0	0	0	0	0	0	0	0	0	0	0	0	0	0	0	0	0	0	0	0	0	0	0	0	0	0	0	0	0	0	0	0	0	0	0	0	0	0	0	0	0	0	0	0	0	0	0	0	0	0	0	0	0	0	0	0	0	0	0	0	0	0	0	0	0	0	0	0	0	0	0	0	0	0	0	0	0	0	0	0	500	0	0	0	0	0	0	0	0	0	0	0	96	0	0	0	0	0	0	0	0	0	0	0	0	0	48	0	0	0	0	0	0	
0	0	0	192	0	0	0	0	0	0	0	0	0	0	0	0	0	0	0	0	0	0	0	0	0	0	0	0	0	0	0	0	0	0	0	0	0	0	0	0	0	0	0	0	0	0	0	0	0	0	0	0	0	0	0	0	0	0	0	0	0	0	0	0	0	0	0	0	0	0	0	500	0	0	0	0	0	0	0	48	0	0	0	0	0	0	0	0	0	0	0	0	0	0	0	0	0	0	0	0	0	0	0	0	0	0	0	0	500	0	0	0	0	0	0	0	0	0	0	0	
0	0	0	0	0	0	0	0	0	0	0	0	0	0	0	0	0	0	0	0	0	0	0	0	0	0	0	0	0	0	0	0	0	0	0	0	0	0	0	0	0	0	0	0	0	0	0	0	0	0	0	0	0	0	0	0	0	192	0	0	0	0	0	0	0	0	0	0	0	0	0	0	0	0	0	0	0	0	0	0	0	0	0	0	0	0	0	0	0	0	0	0	0	0	0	0	0	0	0	0	0	0	192	0	0	0	0	0	0	0	0	0	0	0	0	0	0	0	0	0	
0	0	0	0	0	0	0	0	0	0	0	0	0	0	0	0	0	0	0	0	0	0	0	0	0	0	0	0	0	0	0	0	0	0	0	192	0	0	0	0	0	0	0	0	0	0	0	0	0	0	0	0	0	0	0	0	0	0	0	0	0	0	0	0	0	0	0	0	0	0	0	0	0	0	0	0	0	0	0	0	0	0	0	0	0	0	0	0	0	0	0	0	0	0	0	0	0	0	0	0	0	0	0	0	0	0	0	0	0	0	0	0	0	0	0	0	0	0	96	0	
0	0	0	0	0	0	0	0	0	0	0	0	0	0	0	0	0	0	0	0	0	0	0	0	0	0	0	0	0	0	0	0	0	0	0	0	0	0	0	0	0	0	0	0	0	0	0	0	0	0	0	0	0	0	0	0	192	0	0	0	0	0	0	0	0	0	0	0	0	0	0	0	0	0	0	0	0	0	0	0	0	0	0	0	0	0	0	0	0	0	0	0	0	0	0	0	0	0	96	0	0	0	0	0	0	0	0	0	0	0	0	0	0	0	0	0	0	0	0	0	
0	0	0	0	0	0	0	0	0	0	0	0	0	0	0	0	0	0	0	0	0	0	0	0	0	0	0	0	0	0	0	0	0	0	0	0	0	0	0	0	0	0	0	0	0	0	0	0	0	0	0	0	0	0	0	0	0	0	0	192	0	0	0	0	0	500	0	0	0	0	0	0	0	0	0	0	0	0	0	0	0	0	0	0	0	0	0	0	0	0	0	0	0	0	0	0	0	0	0	0	0	0	0	0	0	0	0	0	0	0	0	0	0	0	0	0	0	0	0	0	
0	0	0	0	0	0	0	48	0	0	0	500	0	0	0	0	0	0	0	0	0	0	0	0	0	0	0	0	0	0	0	0	0	0	0	0	0	0	0	0	0	0	0	0	0	0	0	0	0	0	0	0	0	0	0	0	0	0	0	0	0	0	0	0	0	0	0	0	0	0	0	0	0	0	0	0	0	0	0	0	0	0	0	0	0	0	0	0	0	0	0	0	0	0	0	0	0	0	0	0	0	0	0	0	0	0	0	0	0	0	0	0	0	0	0	0	0	0	0	0	
0	0	0	0	0	0	0	0	0	0	0	0	0	0	0	0	0	0	0	0	0	0	0	0	0	0	0	0	0	0	0	0	0	0	0	0	0	0	0	0	0	0	0	0	0	0	0	0	0	0	0	0	0	0	0	0	0	0	0	0	0	0	0	0	0	0	0	0	0	0	0	0	0	0	0	0	96	0	0	0	0	0	0	0	0	0	0	0	0	0	0	192	0	0	0	500	0	0	0	0	0	0	0	0	0	0	0	0	0	0	0	192	0	0	0	0	0	0	0	0	
0	0	0	0	0	0	0	0	0	0	0	0	0	0	0	0	0	500	0	192	0	0	0	0	0	0	0	0	0	0	0	0	0	0	0	0	0	0	0	0	0	0	0	0	0	0	0	0	0	0	0	0	0	0	0	0	0	0	0	0	0	0	0	0	0	0	0	0	0	0	0	0	0	0	0	0	0	0	0	0	0	0	0	0	0	0	0	0	0	0	0	0	0	0	0	0	0	0	0	0	0	0	0	0	0	0	0	0	0	0	0	0	0	0	0	500	0	0	0	0	
0	0	192	0	0	0	0	0	0	0	0	0	0	0	0	0	0	0	0	0	0	0	0	0	0	0	0	0	0	0	0	0	0	0	0	0	0	0	0	0	0	0	0	0	500	0	0	0	0	0	48	0	0	0	0	0	0	0	0	0	0	0	0	0	0	0	0	0	0	0	0	0	0	0	0	0	0	0	0	0	0	0	0	0	0	0	0	0	0	0	0	0	0	0	0	0	0	0	0	0	0	0	0	0	0	0	0	0	0	0	0	0	0	0	0	0	0	0	0	0	
0	0	0	0	0	0	0	0	0	0	0	0	0	0	0	0	0	0	0	0	96	0	0	0	0	0	0	0	0	0	0	0	0	0	0	0	0	0	0	0	0	0	0	0	0	0	0	0	0	0	0	0	0	0	0	0	0	0	0	0	0	0	0	0	0	0	0	0	0	0	0	0	0	0	0	0	0	0	0	0	0	0	0	0	0	0	0	0	192	0	0	0	0	0	0	0	0	0	0	0	0	0	0	0	500	0	0	0	0	0	0	0	0	0	0	0	0	0	0	0	
0	0	0	0	0	0	0	192	0	0	0	0	0	0	0	0	0	0	0	0	0	0	0	0	0	0	0	0	0	0	0	0	0	0	0	0	0	0	0	0	0	0	0	0	0	0	0	0	0	0	0	0	0	0	0	0	0	0	0	0	0	0	0	0	0	0	0	0	0	0	0	0	0	0	0	0	0	0	0	0	0	0	0	0	0	0	0	0	0	0	0	0	0	0	0	0	0	0	0	0	0	0	500	0	0	0	0	0	0	0	0	0	0	0	500	0	0	0	0	0	
0	0	0	0	0	0	0	0	0	0	0	0	0	0	0	0	0	0	0	0	0	0	0	0	0	0	0	0	0	0	0	0	0	0	500	0	0	0	0	0	0	0	0	0	0	0	0	0	48	0	0	0	0	0	0	0	0	0	0	0	0	0	0	0	48	0	0	0	0	0	0	0	0	0	0	0	0	0	0	0	0	0	0	0	0	0	0	0	0	0	0	0	0	0	0	0	0	0	0	0	0	0	0	0	0	96	500	0	0	0	0	0	0	0	0	0	0	0	0	0	
0	0	0	0	0	0	0	0	0	0	0	0	0	0	0	0	0	0	0	0	0	0	0	0	0	0	0	0	0	0	0	0	0	500	0	0	0	0	0	0	0	0	0	0	0	0	0	0	96	0	0	0	0	0	0	0	0	0	0	0	0	0	0	0	0	0	0	0	0	0	0	0	0	0	0	0	0	0	0	0	0	0	0	0	0	0	0	0	0	0	0	0	0	0	0	0	0	0	0	0	0	0	0	0	0	0	0	0	0	0	0	0	0	0	0	0	0	0	0	0	
0	0	0	0	0	0	0	0	0	0	0	0	0	0	0	0	0	0	0	0	0	0	0	0	192	0	0	0	0	0	0	0	0	0	0	0	0	0	0	0	0	0	0	0	0	0	0	0	0	0	0	0	0	0	0	0	0	0	0	0	0	0	0	0	0	0	0	0	0	0	0	0	0	0	0	0	0	0	192	0	0	0	0	0	0	0	0	0	0	0	0	0	0	0	0	0	0	0	0	0	0	0	0	0	0	0	0	0	0	0	0	0	0	0	0	0	0	0	500	0	
0	0	0	0	500	0	0	0	192	0	0	0	0	0	0	0	0	0	0	0	0	0	0	0	0	0	0	0	0	0	0	0	0	0	0	0	0	0	0	0	0	192	0	0	0	0	0	0	0	0	0	0	0	0	0	0	0	0	0	0	0	0	0	0	0	0	0	0	0	0	0	0	0	0	0	0	0	0	0	0	0	0	0	0	0	0	0	0	0	0	0	0	0	0	0	0	0	0	0	0	0	0	0	0	0	0	0	0	0	0	0	0	0	0	0	0	0	0	0	0	
0	0	0	0	0	0	0	0	0	0	0	0	0	0	0	0	0	0	48	0	0	0	0	0	0	0	0	0	0	0	0	0	0	0	0	0	0	0	0	0	0	0	0	0	0	0	0	0	192	0	0	0	0	0	0	0	0	0	0	0	192	0	0	0	0	0	0	0	0	0	0	0	0	0	0	0	0	0	0	0	0	0	0	0	0	0	0	0	0	0	0	0	0	0	0	0	0	0	0	0	0	0	0	0	0	0	48	0	0	0	0	0	0	0	0	0	0	0	0	0	
0	0	0	0	0	96	0	0	0	0	0	0	0	0	0	0	0	0	0	0	0	0	0	0	0	0	0	0	0	0	0	0	0	0	0	0	0	0	0	0	0	0	0	0	0	0	0	0	0	0	0	0	0	0	0	0	0	0	0	0	0	0	0	0	0	0	0	0	0	0	0	0	0	0	0	0	0	0	0	0	0	0	0	0	0	0	0	0	0	0	0	0	0	0	0	0	0	0	0	0	0	0	0	0	0	0	0	0	0	0	0	0	96	0	0	0	0	0	0	0	
0	0	0	0	0	0	0	0	0	0	0	0	500	0	0	0	0	0	0	48	0	0	0	0	0	0	0	0	0	0	0	0	0	0	0	0	0	0	0	0	0	0	0	0	0	0	0	0	0	0	0	0	0	0	0	0	0	0	0	0	0	0	0	0	0	0	0	0	0	0	0	0	0	0	0	0	0	0	0	0	0	0	0	0	0	0	0	0	0	0	0	0	0	0	0	0	0	0	0	0	0	0	0	0	0	0	0	0	0	0	0	0	0	0	0	0	0	0	0	0	
0	0	0	0	0	0	0	0	0	0	0	0	0	0	0	0	0	0	0	0	0	0	0	0	0	0	0	0	0	0	0	0	0	0	0	0	0	0	0	0	0	0	192	0	0	0	0	0	0	0	0	0	0	0	0	0	0	0	0	0	0	0	0	0	0	0	0	0	0	0	0	0	0	0	0	0	0	0	0	0	0	0	0	0	0	0	0	0	0	0	0	0	0	0	0	0	0	0	0	0	0	500	0	0	0	0	0	0	0	0	0	0	0	0	0	0	192	0	0	0	
0	0	0	0	0	0	0	0	0	0	0	0	0	0	0	0	0	0	0	0	0	0	0	0	0	0	0	0	0	0	0	0	0	0	0	0	192	0	0	0	0	0	0	0	0	0	0	0	0	0	0	0	0	192	0	0	0	0	0	0	0	0	0	0	0	0	0	0	0	0	192	0	0	0	0	0	0	0	0	0	0	0	0	0	0	0	0	0	0	96	0	0	0	0	0	0	0	0	0	0	0	0	0	0	0	0	0	0	0	0	0	0	0	0	0	0	0	0	0	0	
0	0	0	0	0	0	0	0	0	0	0	0	0	0	0	0	0	0	0	0	0	0	0	0	0	0	0	0	0	0	0	0	0	0	0	0	0	0	0	0	192	0	0	192	0	0	0	0	0	0	0	0	0	0	0	0	0	0	0	0	0	0	0	0	0	0	0	0	0	0	0	0	0	0	0	0	0	0	0	0	0	0	0	0	0	0	0	0	0	0	0	0	0	0	0	0	0	0	0	0	0	192	0	0	0	0	0	0	0	0	0	0	0	0	0	0	0	0	0	0	
0	0	0	0	48	0	0	0	0	0	0	0	0	0	0	0	0	0	0	0	0	0	0	0	0	0	0	0	0	0	0	0	0	0	0	0	0	0	0	0	0	0	192	0	0	0	0	0	0	0	0	0	0	0	0	0	0	0	0	0	0	0	0	0	0	0	0	0	0	0	0	0	0	0	0	0	0	0	0	0	0	0	0	0	0	0	0	0	0	0	0	0	0	0	0	0	0	0	0	0	0	0	0	0	0	0	0	0	0	0	0	0	0	0	0	0	0	0	0	0	
0	0	192	0	0	0	0	0	0	0	0	0	0	0	0	0	0	0	0	0	0	0	0	0	0	0	0	0	0	0	500	0	0	0	0	0	0	0	0	0	0	0	0	0	0	0	0	0	0	0	192	0	0	0	0	0	0	0	0	0	0	0	0	0	0	0	0	0	0	0	0	0	0	0	0	0	0	0	0	0	0	0	0	0	0	0	0	0	0	0	0	0	0	0	0	0	0	0	0	0	0	0	0	0	0	0	0	0	0	0	0	0	0	0	0	0	0	0	0	0	
0	0	0	0	0	0	0	0	0	0	0	0	0	0	0	0	0	0	0	0	0	0	0	0	0	0	0	0	0	0	0	0	0	0	0	0	0	0	0	0	0	0	0	0	0	0	0	0	0	0	0	0	0	0	0	0	500	0	0	0	0	0	0	0	0	0	0	500	0	0	0	0	0	0	0	0	0	0	0	0	0	0	0	0	0	0	0	0	0	0	0	0	0	0	0	0	0	0	0	0	0	0	0	0	0	0	0	0	0	0	0	0	0	0	0	0	0	0	0	0	
0	0	0	0	0	0	0	0	0	0	0	0	0	0	48	0	96	0	0	0	0	0	0	0	0	0	0	0	0	0	0	0	0	0	0	0	0	0	0	0	0	0	0	0	0	0	0	0	0	0	0	0	0	0	0	0	0	0	0	0	0	0	0	0	0	0	0	0	0	0	0	0	0	0	0	0	0	0	0	0	0	0	0	0	0	0	0	0	0	0	0	0	0	0	0	0	0	0	0	0	0	0	0	0	0	0	0	0	0	0	0	0	0	0	0	0	0	0	0	0	
0	0	0	0	0	0	0	0	0	0	0	500	0	0	0	0	0	0	0	0	0	0	0	0	0	0	0	0	0	0	0	0	0	0	0	0	0	0	0	0	0	0	0	0	0	0	0	0	0	0	0	0	0	0	0	0	0	0	0	0	0	0	0	0	0	0	0	0	0	0	0	0	0	0	0	0	192	0	0	0	0	0	0	0	0	0	0	0	0	0	0	0	0	0	0	0	0	0	0	0	0	0	0	0	0	0	0	0	0	0	0	0	0	0	0	0	0	0	0	0	
0	0	0	0	0	0	0	0	0	0	0	0	0	0	0	0	0	0	0	0	0	0	0	0	0	0	0	0	0	0	0	0	0	48	96	0	0	192	0	0	0	0	0	0	0	0	0	0	0	0	0	0	0	0	0	0	0	0	0	0	96	0	0	0	0	0	0	0	0	0	0	0	0	0	0	0	0	0	0	0	0	0	0	0	0	0	0	0	0	0	0	0	0	0	0	0	0	0	0	0	0	0	0	0	0	0	0	0	0	0	0	0	0	0	0	0	0	0	0	0	
0	0	0	0	0	0	500	0	0	0	0	0	0	0	0	0	48	0	0	0	0	0	0	0	0	0	0	0	0	0	0	0	0	0	0	0	0	0	0	0	0	0	0	0	0	0	0	0	0	0	0	0	0	0	0	0	0	0	0	0	0	0	0	0	0	0	0	0	0	0	0	0	0	0	0	0	0	0	0	0	0	0	0	0	0	0	0	0	0	0	0	0	0	0	0	0	0	0	0	0	0	0	0	0	0	0	0	0	0	0	0	0	0	0	0	0	0	0	0	0	
0	0	500	0	0	0	0	0	0	0	0	0	0	0	0	0	0	0	0	0	0	0	0	0	0	0	0	0	0	0	48	0	0	0	0	0	0	0	0	0	0	0	0	0	192	0	0	0	0	0	0	0	0	0	0	0	0	0	0	0	0	0	0	0	0	0	0	0	0	0	0	0	0	0	0	0	0	0	0	0	0	0	0	0	0	0	0	0	0	0	0	0	0	0	0	0	0	0	0	0	0	0	0	0	0	0	0	0	0	0	0	0	0	0	0	0	0	0	0	0	
0	0	0	0	0	0	0	0	0	0	0	0	0	0	0	0	0	0	0	0	0	0	0	0	0	0	0	0	0	0	0	0	0	0	0	0	0	0	0	0	0	0	0	0	0	0	0	0	0	0	0	0	0	0	0	0	0	0	0	0	0	0	0	0	0	0	0	0	192	0	0	0	0	0	0	0	0	0	0	0	0	0	0	0	0	0	0	0	0	0	0	0	0	0	0	0	0	0	0	0	0	48	0	0	0	0	0	0	0	0	0	0	0	0	0	0	0	0	0	0	
0	0	0	0	0	0	0	0	0	0	0	0	0	0	0	0	0	0	0	0	0	0	0	0	0	0	0	0	0	0	0	0	0	0	0	0	0	0	0	0	0	0	0	0	0	0	0	0	0	0	0	0	0	0	0	0	0	0	0	0	0	0	0	0	0	0	0	0	0	0	0	0	0	0	0	0	0	0	0	0	0	0	0	96	0	0	0	0	0	0	0	0	0	0	0	0	0	0	0	0	0	0	0	0	0	0	0	0	0	0	0	0	0	0	0	0	0	0	0	96	
0	0	0	0	0	0	0	0	0	0	0	0	0	0	0	500	0	0	0	0	0	0	0	0	0	0	0	0	0	0	0	0	0	0	0	0	0	0	0	0	0	192	0	0	0	0	0	0	0	0	0	0	0	0	0	0	0	0	0	0	0	0	0	0	0	0	0	0	0	0	0	0	0	0	0	0	0	0	0	0	0	0	0	0	0	0	0	0	0	0	0	0	0	0	0	0	0	0	0	0	0	0	0	0	0	0	0	0	0	0	0	0	0	0	0	0	0	0	0	0	
0	0	0	0	0	0	0	0	0	0	0	0	0	0	0	0	0	0	0	0	0	0	0	0	0	0	0	0	0	0	0	0	0	0	0	0	0	0	0	0	0	0	0	0	0	0	0	0	0	0	0	0	0	0	0	0	0	0	0	0	0	0	96	0	0	0	0	0	0	0	0	0	0	0	0	0	0	0	0	0	0	0	0	0	0	0	0	0	0	0	0	0	0	0	0	0	192	0	0	0	0	0	0	0	0	0	0	0	0	0	0	0	0	0	0	0	0	0	0	0	
96	0	0	0	0	48	0	0	0	0	0	0	0	0	0	0	0	0	0	0	0	0	0	0	0	0	0	0	0	0	0	0	0	0	0	0	0	0	0	0	0	0	0	0	0	0	0	0	0	0	0	0	0	0	0	0	0	0	0	0	0	0	0	0	0	0	0	0	0	0	0	0	0	0	0	0	0	0	0	0	0	0	0	0	0	0	0	0	0	0	0	0	0	0	0	0	0	0	0	0	0	0	0	0	0	0	0	0	0	0	0	0	0	0	0	0	0	0	0	0	
0	0	0	0	0	0	0	0	0	0	0	0	0	0	0	0	0	0	0	0	0	0	0	0	0	192	0	0	0	0	0	0	0	0	0	0	0	0	0	0	0	0	0	0	0	500	0	0	0	0	0	0	0	0	0	0	0	0	0	0	0	0	0	0	0	0	0	0	0	0	0	0	0	0	0	0	0	0	0	0	0	0	0	0	0	0	0	0	0	0	0	0	0	0	0	0	0	0	500	0	0	0	0	0	0	0	0	0	0	0	0	0	0	0	0	0	0	0	0	0	
0	0	0	0	0	0	0	0	0	0	0	0	0	0	0	0	0	0	0	0	0	0	0	192	0	0	0	0	0	0	0	0	0	0	0	0	0	0	0	0	0	0	0	0	0	0	0	0	0	0	0	0	0	0	0	0	0	0	0	0	0	0	0	0	0	0	96	0	96	0	0	0	0	0	0	0	0	0	0	96	0	0	0	0	0	0	0	0	0	0	0	0	0	0	0	0	0	0	0	0	0	0	0	0	0	0	0	0	0	0	0	0	0	0	48	0	0	0	0	0	
0	0	0	0	0	0	0	0	0	0	0	0	0	0	0	0	0	0	0	0	48	0	0	0	0	0	0	0	0	0	0	0	0	0	0	0	0	0	0	0	0	0	0	0	0	0	0	0	0	0	0	0	0	0	0	0	0	0	0	0	0	0	0	0	0	0	0	0	0	0	0	0	0	0	0	0	0	0	0	0	0	0	0	0	0	0	0	0	0	0	0	0	0	0	0	0	48	0	0	0	0	0	0	0	0	0	0	0	0	0	0	0	0	0	0	0	0	0	0	0	
0	0	0	0	0	0	0	0	0	0	0	0	0	0	0	0	0	0	0	0	0	0	0	0	0	0	192	0	0	0	0	0	0	0	0	0	0	0	0	0	0	0	0	0	0	0	0	0	0	0	0	0	0	0	0	0	0	0	0	0	0	0	0	0	0	48	0	0	0	0	0	0	0	0	0	0	0	0	0	0	0	0	0	0	0	0	0	0	0	0	0	0	0	0	0	0	0	0	0	0	0	0	0	0	0	0	0	0	0	0	192	0	0	0	0	0	0	0	0	0	
0	48	0	0	0	0	0	0	0	0	0	0	0	0	0	0	0	0	0	0	0	0	0	0	0	0	0	0	0	0	0	0	0	0	0	0	0	192	0	0	0	0	0	0	0	0	0	0	96	0	0	0	0	0	0	0	0	0	0	0	0	0	0	0	0	0	0	0	0	0	0	0	0	0	0	0	0	0	0	0	0	0	0	0	192	0	0	0	0	0	0	0	0	0	0	0	0	0	0	0	0	0	0	0	0	0	0	0	0	0	48	0	0	0	0	0	0	0	0	0	
0	0	0	0	0	0	0	0	0	0	0	0	0	0	0	0	0	0	0	0	0	0	0	0	0	0	0	0	0	0	0	0	0	0	0	0	0	0	0	0	0	0	0	0	0	0	0	0	0	0	0	0	0	0	0	0	0	0	0	0	0	0	0	0	0	0	0	0	0	0	0	0	0	0	0	500	0	0	0	0	0	0	0	0	0	0	0	0	0	0	0	0	0	0	0	0	0	0	0	0	0	0	0	48	0	0	0	0	0	0	0	0	0	0	0	0	0	0	0	0	
0	0	0	0	0	0	0	0	0	0	0	0	0	0	0	0	0	0	0	0	0	0	0	0	0	0	0	0	0	0	0	0	0	0	0	0	0	0	0	0	0	0	0	0	0	0	0	0	0	0	0	0	0	0	96	0	0	0	0	0	0	0	0	0	0	0	0	0	0	0	0	0	0	0	0	0	0	0	0	0	0	0	0	0	0	0	0	0	0	0	0	0	0	0	0	0	500	0	0	0	0	0	0	0	0	0	0	0	0	0	0	0	0	0	0	0	0	0	0	0	
0	0	0	0	0	0	0	0	0	0	0	0	0	0	0	0	500	0	0	0	0	0	0	0	0	0	0	0	0	0	0	0	0	0	0	0	0	0	0	0	0	0	0	0	0	0	0	0	0	0	0	0	0	0	0	0	0	0	0	0	0	0	0	0	0	0	0	0	0	0	0	0	0	0	0	0	0	0	0	0	0	0	0	0	0	0	0	0	0	0	96	0	0	0	0	0	0	0	0	0	0	0	0	0	0	0	0	0	0	0	0	0	0	0	0	0	0	0	0	0	
0	0	0	0	0	0	0	0	0	0	0	0	0	0	0	0	0	0	0	0	0	0	0	0	0	0	0	0	0	0	0	0	0	48	0	0	0	0	0	0	0	0	0	0	0	0	0	0	0	0	0	0	0	0	0	0	0	0	0	0	0	0	0	0	0	0	0	0	0	0	0	0	0	0	0	0	0	0	0	0	0	0	0	0	0	0	0	0	0	0	0	0	0	0	0	0	0	192	0	0	0	0	0	0	0	0	0	0	0	0	0	0	0	0	0	0	0	0	0	0	
0	0	0	0	0	0	0	0	0	0	0	0	0	0	0	0	0	0	0	0	0	0	0	0	0	0	500	0	0	0	0	0	0	0	0	0	0	0	0	0	0	0	0	0	0	0	0	0	0	0	0	0	0	0	0	0	0	0	0	48	0	0	0	0	0	0	0	0	0	0	0	0	0	0	0	0	0	0	0	0	0	0	0	0	0	0	0	0	0	0	0	0	0	0	0	0	0	0	0	0	0	0	0	0	0	0	0	0	0	0	0	0	0	0	0	0	0	0	0	0	
0	0	0	0	0	0	0	0	0	0	0	0	0	0	0	0	0	0	0	0	0	0	0	0	0	0	0	0	0	0	0	0	0	0	0	0	0	0	0	0	0	0	0	0	0	0	0	0	0	0	0	0	0	0	0	0	0	96	0	0	0	0	0	0	0	0	0	0	0	0	0	0	0	0	0	0	0	0	0	0	0	0	0	0	0	500	0	0	0	0	0	0	0	0	0	0	0	0	0	0	0	0	0	0	0	0	0	0	0	0	0	0	0	0	0	0	0	0	0	0	
192	0	0	0	0	96	0	0	0	0	0	0	0	0	0	0	0	0	0	0	0	0	0	0	0	0	0	0	0	0	0	0	0	0	0	0	0	0	0	0	0	0	0	0	0	500	0	0	0	0	0	0	0	0	0	0	0	0	0	0	0	0	0	0	0	0	0	0	0	0	0	0	0	0	0	0	0	0	0	0	0	0	0	0	0	0	0	0	0	0	0	0	0	0	0	0	0	0	0	0	0	0	0	0	0	0	0	0	0	0	0	0	0	0	0	0	0	0	0	0	
0	0	0	0	0	0	0	0	0	0	0	0	0	0	0	0	0	0	0	0	0	0	0	0	0	0	0	0	0	0	0	0	0	0	0	0	0	0	0	0	0	0	0	0	0	0	0	0	0	0	0	192	0	0	0	0	0	96	0	0	0	0	0	0	0	0	0	0	0	0	0	0	0	0	0	0	0	0	0	0	0	0	0	0	0	0	0	0	0	0	0	0	0	0	0	0	0	0	0	0	0	0	0	0	0	0	0	0	0	0	0	0	0	0	0	0	0	0	0	0	
0	0	0	0	0	0	0	0	0	0	48	0	48	0	0	0	0	0	0	48	0	0	0	0	0	0	0	0	0	0	0	0	0	0	0	0	0	0	0	0	0	0	0	0	0	0	0	0	0	0	0	0	0	0	0	0	0	0	0	0	0	0	0	0	0	0	0	0	0	0	0	0	0	0	0	0	0	0	0	0	0	0	500	0	0	0	0	0	0	0	0	0	96	0	0	0	0	0	0	0	0	0	0	0	0	0	0	0	0	0	0	0	0	0	0	0	0	0	0	0	
0	0	0	0	0	0	0	0	0	0	0	0	0	0	0	0	0	0	0	0	0	0	0	0	0	0	0	0	0	0	0	0	0	0	0	0	0	0	0	0	0	192	0	0	0	0	0	0	0	0	0	0	0	0	0	0	0	0	0	0	0	0	0	0	0	0	0	0	0	0	0	0	0	500	0	0	0	0	0	0	0	0	0	0	0	0	0	0	0	0	0	0	0	0	0	0	0	0	0	0	0	0	0	0	0	0	0	0	0	0	0	0	0	0	0	0	0	0	0	0	
0	0	0	0	0	0	0	0	0	0	0	0	0	0	0	0	0	0	0	0	0	0	500	0	0	0	0	0	0	0	0	0	0	0	0	0	0	0	0	0	0	0	0	0	0	0	0	0	0	0	0	0	0	0	0	0	0	0	0	0	0	0	0	0	0	0	0	0	0	0	0	0	0	0	0	0	0	0	0	0	0	0	0	0	0	0	500	0	0	0	0	0	0	0	0	0	0	0	0	0	0	0	0	0	0	0	0	0	0	0	0	0	0	0	0	0	0	0	0	0	
0	0	0	0	0	0	0	0	0	500	0	0	0	96	0	0	0	0	0	0	0	0	0	0	0	0	0	0	0	0	0	0	0	0	0	0	0	0	0	0	0	0	0	0	0	0	0	0	0	0	0	0	0	0	0	0	0	0	0	0	0	0	0	0	0	0	0	0	0	0	0	0	0	0	0	0	0	0	0	0	0	0	0	0	0	0	0	0	0	0	0	0	0	0	0	0	0	0	0	0	0	0	0	0	0	0	0	0	0	0	0	0	0	0	0	0	0	0	0	0	
0	0	0	0	0	0	0	0	0	0	0	0	0	0	0	0	0	0	0	0	0	0	0	0	0	0	0	0	0	0	0	0	0	0	0	0	0	0	0	0	0	0	0	0	0	0	0	0	0	0	0	0	0	0	0	0	0	0	0	0	0	0	0	0	0	0	0	0	0	0	500	0	0	0	0	0	0	0	0	0	192	0	0	0	0	0	0	0	0	0	0	0	0	0	0	0	0	0	0	0	0	0	0	0	0	0	0	0	0	0	0	0	0	0	0	0	0	0	0	0	
0	0	0	0	0	0	0	0	0	0	0	0	0	96	0	0	0	0	0	0	0	0	0	0	0	0	0	0	0	0	0	0	0	0	0	0	0	0	0	0	0	0	0	0	0	0	0	0	0	0	0	0	0	0	0	0	0	0	0	0	0	0	0	0	0	0	0	0	0	0	0	0	0	0	0	0	0	0	0	0	0	500	0	0	0	0	0	0	0	0	0	0	0	0	0	0	0	0	0	0	96	0	0	0	0	0	0	0	0	0	0	0	0	0	0	0	0	0	0	0	
0	0	0	0	0	0	0	0	0	0	0	0	0	0	0	0	0	0	0	0	0	0	0	0	0	0	0	0	0	0	0	0	0	0	0	0	0	0	0	0	0	0	0	0	0	0	0	0	0	0	0	0	0	0	0	0	0	0	0	0	0	500	0	0	0	0	0	0	0	0	0	0	0	0	0	0	0	0	0	0	0	0	0	0	0	0	0	0	0	0	0	0	0	0	0	0	0	0	0	0	0	0	0	192	0	0	0	0	0	0	0	0	0	0	0	0	0	0	0	0	
0	0	0	0	0	0	0	0	0	0	0	0	0	0	0	0	0	0	0	0	0	0	0	0	0	0	0	0	96	0	0	0	0	0	0	0	0	0	0	0	0	0	0	0	0	0	0	192	0	0	0	0	0	0	0	0	0	0	0	0	0	0	0	0	0	0	0	0	0	0	0	0	0	0	0	0	0	0	0	0	0	0	0	0	0	0	0	0	0	0	0	0	0	0	0	0	0	0	0	0	0	0	0	0	0	0	0	0	0	0	0	0	0	0	0	0	0	0	0	0	
0	0	0	0	0	0	0	0	0	0	0	0	0	0	0	0	0	0	0	0	0	0	0	0	0	0	0	0	0	0	0	0	0	0	0	0	0	0	0	0	0	0	0	0	0	0	0	0	0	0	0	0	0	0	0	0	0	0	0	0	0	0	0	0	0	0	0	0	0	0	0	0	0	0	0	0	0	0	0	0	0	0	0	48	0	0	500	0	0	0	0	0	0	0	0	0	0	0	0	0	0	0	0	0	0	0	0	0	0	0	0	0	0	0	0	0	0	48	0	48	
0	0	0	0	0	0	0	0	0	0	0	0	0	0	0	0	0	0	0	0	0	0	0	0	0	0	0	0	0	0	0	0	0	0	0	192	0	0	0	0	0	0	0	0	0	0	0	0	0	0	0	0	0	0	0	0	0	0	0	0	0	0	0	0	0	0	0	0	0	0	0	0	0	0	0	0	0	0	0	0	0	0	0	0	0	0	0	0	0	0	0	0	0	0	0	0	0	0	0	0	0	0	0	0	0	0	0	0	0	0	0	48	0	0	0	0	0	0	0	0	
0	0	0	0	0	0	0	0	0	0	0	0	0	0	0	0	0	0	0	0	0	0	48	0	0	0	0	0	0	0	0	0	0	0	0	0	0	0	0	0	0	0	0	0	0	0	0	0	0	0	0	0	0	0	0	0	0	96	0	0	0	0	0	0	0	0	0	0	0	0	0	0	0	0	0	0	0	0	0	0	0	0	0	0	0	0	0	0	0	0	0	0	0	0	0	0	0	0	0	0	0	0	0	0	0	0	0	0	0	0	0	0	0	0	48	0	0	0	0	0	
0	0	0	0	0	0	0	0	96	0	0	0	0	0	0	0	0	0	0	0	0	0	0	0	0	0	0	0	0	0	0	0	0	0	0	0	0	0	0	0	0	0	0	0	0	0	0	0	0	0	0	0	0	0	0	0	0	0	0	0	0	0	0	0	0	0	0	0	0	0	0	0	0	192	0	0	0	0	0	0	0	96	0	0	0	0	0	0	0	0	0	0	0	0	0	0	0	0	0	0	0	0	0	0	0	0	0	0	0	0	0	0	0	0	0	0	0	0	0	0	
0	0	0	0	0	0	0	0	0	0	0	0	0	0	0	0	0	0	0	0	0	0	0	0	0	0	0	0	0	0	0	0	0	0	0	0	0	0	0	0	0	0	0	0	0	0	0	0	0	0	0	0	0	0	0	0	0	0	0	0	0	0	0	0	0	0	0	0	0	0	0	0	0	0	500	0	0	0	0	0	96	0	0	0	0	0	0	0	0	0	0	0	0	0	0	0	0	0	0	0	0	0	0	0	0	0	0	0	0	0	0	0	0	0	0	0	0	0	0	0	
0	0	0	0	0	0	0	0	0	0	0	0	96	0	0	0	0	0	0	0	0	0	0	0	0	0	0	0	0	0	0	0	0	0	0	0	0	0	0	0	0	0	0	0	0	0	0	0	0	0	0	0	0	0	0	0	0	0	0	0	0	0	0	0	0	0	0	0	0	500	0	0	0	0	0	0	0	0	0	0	0	0	0	0	0	0	0	0	0	0	0	0	500	0	0	0	0	0	0	0	0	0	0	0	0	0	0	0	0	0	0	0	0	0	0	0	0	0	0	0	
0	0	0	0	0	0	0	0	0	0	0	0	0	0	0	0	0	0	0	0	0	0	0	0	0	0	0	0	0	0	0	0	0	0	0	0	0	0	0	0	0	0	0	0	0	0	0	0	0	0	0	0	96	0	0	0	0	0	0	0	0	0	0	0	0	0	0	0	0	0	0	0	0	0	0	0	0	48	0	0	0	0	0	0	0	0	0	0	0	0	0	0	0	0	0	0	0	0	0	0	0	0	0	0	0	0	0	0	0	0	0	0	0	0	0	0	0	0	0	48	
0	0	0	0	0	0	0	0	0	0	0	0	0	0	0	0	0	0	0	0	0	0	0	0	0	0	0	0	0	0	0	0	0	0	0	0	0	0	0	0	0	0	0	0	0	0	0	0	0	0	0	0	0	0	0	0	0	0	0	0	192	0	0	0	0	0	0	0	0	0	0	0	0	0	0	0	0	0	0	0	0	0	0	0	0	500	0	0	0	0	0	0	0	0	0	0	0	96	0	0	0	0	0	0	0	0	0	0	0	192	0	0	192	0	0	0	0	0	0	0	
0	0	0	0	0	0	0	0	0	0	0	0	0	0	0	0	0	0	0	0	0	0	0	0	0	0	0	0	0	0	0	0	0	0	0	0	0	0	0	0	0	0	0	0	0	0	0	0	0	0	0	0	0	0	0	0	0	0	0	0	0	0	0	0	0	0	500	0	0	0	0	0	0	0	0	0	0	0	0	0	0	0	0	0	500	0	0	0	0	0	0	0	0	0	0	0	0	0	0	0	0	0	0	0	0	0	0	0	0	0	0	0	0	0	0	0	0	0	0	0	
0	0	0	0	0	0	0	0	0	0	0	0	0	0	0	0	0	0	0	0	0	0	0	0	0	0	0	0	0	0	0	0	0	0	0	0	0	0	0	0	0	0	0	0	0	0	0	0	0	0	0	0	0	0	0	0	0	0	0	0	0	0	0	0	0	0	0	0	0	0	0	500	0	0	0	0	0	500	0	0	0	0	0	0	0	0	0	0	0	0	0	0	0	0	0	0	0	0	0	96	0	0	0	0	0	0	0	0	0	0	0	0	0	0	0	0	0	0	0	0	
0	0	0	0	0	0	0	0	0	0	0	0	0	0	0	0	0	0	0	0	0	500	0	0	0	0	0	0	0	0	0	0	0	0	0	0	0	0	0	0	0	0	0	0	0	0	0	0	0	0	0	0	0	0	0	0	0	0	0	0	0	0	0	0	0	0	0	0	0	0	0	0	0	0	0	0	0	0	0	0	0	0	0	0	0	0	0	0	0	0	0	0	0	0	0	0	0	0	0	0	0	0	0	0	0	0	0	0	0	0	0	0	0	96	0	0	500	0	0	0	
0	0	0	0	0	0	0	0	0	0	0	0	0	0	0	0	0	0	0	0	96	0	0	0	0	0	0	0	0	0	0	192	0	0	0	0	0	0	0	0	0	0	0	0	0	0	0	0	0	0	0	0	0	0	0	0	0	0	0	0	0	0	0	0	0	0	0	0	0	0	0	0	0	0	0	0	0	0	0	0	0	0	0	0	0	0	0	0	0	0	0	0	0	0	0	0	48	0	0	0	0	0	0	0	96	0	0	0	0	0	0	0	0	0	0	0	0	0	0	0	
0	0	0	0	0	0	0	0	0	0	0	0	0	0	0	96	0	0	0	0	0	0	0	0	0	0	0	0	0	0	0	0	0	0	0	0	0	0	0	0	0	96	0	0	0	0	0	0	0	0	0	0	0	0	0	0	0	0	0	0	0	0	0	0	0	0	0	0	0	0	0	0	0	0	0	0	0	0	0	0	0	0	0	0	0	0	0	0	0	0	0	0	0	0	0	0	0	0	0	0	0	0	0	0	0	0	0	0	0	0	0	0	0	0	0	0	0	0	0	0	
0	0	0	0	0	0	0	0	0	0	0	0	0	0	0	0	500	0	0	0	0	0	0	0	0	0	0	0	0	0	0	0	0	0	0	0	0	0	0	0	0	0	0	0	0	0	0	0	0	0	0	0	0	0	0	0	0	0	0	0	0	0	0	96	0	0	0	0	0	0	0	0	0	0	0	0	0	0	0	0	0	0	0	0	0	0	0	0	0	0	0	0	0	0	0	0	0	0	0	0	0	0	0	0	0	0	0	0	0	0	0	0	0	0	0	96	0	0	0	0	
0	0	0	0	0	0	0	0	0	0	0	0	0	0	0	0	0	0	0	0	0	0	0	0	0	0	0	0	192	0	0	0	0	0	0	0	0	0	0	0	0	0	0	0	0	0	0	0	0	0	0	0	0	0	0	0	0	0	0	0	0	0	0	0	0	0	0	0	0	0	0	0	0	0	0	0	0	0	0	0	0	0	0	0	0	0	0	0	0	0	0	0	0	0	0	0	0	48	0	0	0	0	0	0	0	0	0	0	0	0	0	0	0	0	0	0	0	0	0	0	
0	0	0	0	0	0	0	0	0	0	0	0	0	0	0	0	0	0	0	0	0	0	0	0	0	0	0	0	0	0	0	0	0	0	0	0	0	0	0	0	0	0	0	0	0	0	0	0	0	0	0	0	0	0	0	0	0	0	0	0	0	0	0	0	0	0	0	0	0	96	0	0	0	0	0	0	0	0	0	0	0	0	500	0	0	0	0	0	0	0	0	0	0	0	0	500	0	0	0	0	0	0	0	192	0	0	0	0	0	0	0	0	0	0	0	0	0	0	0	0	
0	192	0	0	0	0	0	0	0	0	0	0	0	0	0	0	0	0	192	0	0	0	0	0	0	0	0	0	0	0	0	0	0	0	0	0	0	0	0	0	0	0	0	0	0	0	0	0	0	0	0	0	0	0	0	0	0	0	0	0	0	0	0	0	0	0	0	0	0	0	0	0	0	0	0	0	0	0	0	0	0	0	0	0	0	0	0	0	0	0	0	0	0	0	0	0	0	0	0	0	0	0	0	0	0	0	0	0	0	0	0	0	0	0	0	0	0	0	0	0	
0	0	96	192	0	0	0	0	0	0	0	0	0	0	0	0	0	0	0	0	0	0	0	0	0	0	0	0	0	0	0	0	0	0	0	0	0	0	0	0	0	0	0	0	0	0	0	0	0	0	0	0	0	0	0	0	0	0	0	0	0	0	0	0	0	0	0	0	0	0	0	0	0	0	0	0	0	0	0	0	0	0	0	0	0	0	0	0	0	0	0	0	0	0	0	0	0	0	0	0	0	0	0	0	0	0	0	0	0	0	0	0	0	0	0	0	0	0	0	0	
0	0	0	0	0	0	0	0	0	0	0	0	0	0	0	0	0	0	0	0	0	0	0	0	0	0	0	0	500	0	0	0	0	0	0	0	0	0	0	0	0	0	0	0	0	0	0	0	0	0	0	0	0	0	0	0	0	0	0	0	0	0	0	0	0	0	0	0	0	0	0	0	0	0	0	0	0	0	0	0	0	0	0	0	0	0	0	0	0	0	0	0	500	0	0	0	0	0	0	0	0	0	0	0	0	0	0	0	0	0	0	0	0	0	0	0	0	0	0	0	
0	0	0	0	0	0	0	0	0	0	0	0	0	0	0	0	0	0	0	0	0	0	0	0	0	0	0	0	0	0	0	0	0	0	0	0	0	0	0	0	0	0	0	0	0	0	0	0	0	0	0	0	0	0	192	0	0	0	48	0	0	0	500	0	0	0	0	0	0	0	0	0	0	0	0	0	0	0	0	0	0	0	0	0	0	0	0	0	48	0	0	0	0	0	0	0	0	0	0	0	0	0	0	0	0	0	0	0	0	0	0	0	0	0	0	0	0	0	0	0	
0	0	0	0	0	0	0	0	0	0	0	0	0	0	0	0	0	0	0	0	0	0	0	0	0	0	0	0	0	0	0	0	0	0	0	0	0	0	0	0	0	0	0	0	0	0	0	0	0	0	0	0	0	0	0	0	0	0	0	0	0	0	0	0	192	0	0	0	0	0	0	0	0	0	0	0	0	0	0	0	0	0	0	0	96	0	0	0	0	0	0	48	0	0	0	0	0	0	0	0	0	0	0	0	0	0	0	0	0	0	0	0	0	0	0	0	0	0	0	0	
0	0	0	0	0	0	0	0	0	0	0	0	0	0	0	0	0	0	0	0	0	0	0	0	0	96	0	0	0	0	0	0	0	0	0	0	0	0	0	0	0	0	0	0	0	0	0	0	0	0	0	0	0	0	0	0	500	0	0	0	0	0	0	0	0	0	0	0	0	0	0	0	0	0	0	0	0	0	0	0	0	0	0	0	0	0	0	0	0	0	0	0	0	0	0	0	0	0	0	0	0	0	0	0	0	0	0	0	0	0	0	0	0	0	0	0	0	0	0	0	
0	0	0	0	0	0	0	0	0	0	0	0	0	0	0	0	0	0	0	0	0	96	0	0	0	0	0	0	0	0	0	0	0	0	0	0	0	0	0	0	0	0	0	0	0	0	0	0	0	0	0	0	0	0	0	0	0	0	0	0	0	0	0	0	0	0	0	0	0	0	0	0	0	0	0	0	0	0	0	0	0	0	0	0	0	0	96	0	0	0	0	0	0	0	0	0	0	0	0	0	0	0	0	0	0	0	0	0	0	0	0	0	0	96	0	0	0	0	0	0	
0	0	0	0	0	0	0	0	0	48	0	0	0	192	0	0	0	0	0	0	0	0	0	0	0	0	0	0	0	0	0	0	0	0	0	0	0	0	0	0	0	0	0	0	0	0	0	0	0	0	0	0	0	0	0	0	0	0	0	0	0	0	0	0	0	0	0	0	0	0	0	0	0	0	96	0	0	0	0	0	0	0	0	0	0	0	0	0	0	0	0	0	0	0	0	0	0	0	0	0	0	0	0	0	0	0	0	0	0	0	0	0	0	0	0	0	0	0	0	0	
0	0	0	0	0	0	0	0	0	0	0	0	0	0	0	0	0	0	0	0	0	0	0	0	0	0	0	0	0	0	0	0	0	0	0	0	0	0	0	0	500	0	192	0	0	0	0	0	0	0	0	48	0	0	0	0	0	0	0	0	0	0	0	0	0	0	0	0	0	0	0	0	0	0	0	0	0	0	0	0	0	0	0	0	0	0	0	0	0	0	0	0	0	0	0	0	0	0	0	0	0	0	0	0	0	0	0	0	0	0	0	0	0	0	0	0	500	0	0	0	
0	0	0	0	0	0	0	500	0	0	0	0	0	0	0	0	0	0	0	0	0	0	0	192	0	0	0	0	0	0	0	0	500	0	0	0	0	0	0	0	0	0	0	0	0	0	0	0	0	0	0	0	0	0	0	0	0	0	0	0	0	0	0	0	0	0	0	0	0	0	0	0	0	0	0	0	0	0	0	0	0	0	0	0	0	0	0	0	0	0	0	0	0	0	0	0	0	0	0	0	0	0	0	0	0	0	0	0	0	0	0	0	0	0	0	0	0	0	0	0	
0	0	0	0	0	0	0	0	0	0	0	0	0	0	0	0	0	0	0	0	0	0	0	0	0	0	0	0	0	0	0	0	0	0	0	0	0	0	0	0	0	0	0	0	0	0	0	0	0	0	0	0	0	0	0	0	0	0	0	0	0	48	0	0	0	0	0	0	0	0	0	0	0	0	0	192	0	0	0	0	0	0	0	0	0	0	0	0	0	0	0	0	192	0	0	0	0	0	0	0	0	0	0	0	0	0	0	0	0	0	0	0	0	0	0	0	0	0	0	0	
0	0	0	0	0	0	0	0	0	0	0	0	0	0	0	0	0	0	0	0	500	0	0	0	0	0	0	0	0	0	0	500	0	0	0	0	0	0	0	0	0	0	0	0	0	0	0	0	0	0	0	0	0	0	0	0	0	0	0	0	0	0	0	0	0	0	0	0	0	0	0	0	0	0	0	0	0	0	0	0	0	0	0	0	0	0	0	0	96	0	0	0	0	0	0	0	0	0	0	0	0	0	0	0	0	0	0	0	0	0	0	0	0	0	0	96	0	0	0	0	
0	0	0	0	0	0	0	0	0	0	0	0	0	0	0	0	0	0	96	0	0	0	0	0	0	0	0	0	0	0	0	0	0	96	0	0	0	0	0	0	0	0	0	0	0	0	0	0	0	0	0	0	0	0	0	0	0	0	0	0	0	0	0	0	0	0	0	0	0	0	0	0	0	0	0	0	0	0	0	0	0	0	0	0	0	0	0	0	0	0	0	0	0	0	0	0	0	0	0	0	0	0	0	0	0	0	0	0	0	0	0	0	0	0	0	0	0	0	0	0	
0	0	0	0	0	0	0	0	0	0	0	0	0	0	0	0	0	0	96	0	0	0	0	0	0	0	0	0	0	0	0	0	0	500	0	0	0	48	0	0	0	0	0	0	0	0	0	0	0	0	0	0	0	0	0	0	0	0	0	0	0	0	0	0	0	0	0	0	0	0	0	0	0	0	0	0	0	0	0	0	0	0	0	0	0	0	0	0	0	0	0	0	0	0	0	0	0	0	0	0	0	0	0	0	0	0	0	0	0	0	0	0	0	0	0	0	0	0	0	0	
0	0	0	0	0	0	0	0	0	0	0	0	0	0	500	0	96	0	0	0	0	0	0	0	0	0	0	0	0	0	0	0	0	0	0	0	0	0	0	0	0	0	0	0	0	0	0	0	0	0	0	0	0	0	0	0	0	0	0	0	0	0	0	0	0	0	0	0	0	0	0	0	0	0	0	0	0	0	0	0	0	0	0	0	0	0	0	0	0	0	0	0	0	0	0	0	0	0	0	0	0	0	0	0	0	0	0	0	0	0	0	0	0	0	0	0	0	0	0	0	
0	0	0	500	0	0	0	0	0	0	0	0	0	0	0	0	0	0	0	0	0	0	500	0	0	0	0	0	0	0	0	0	0	0	0	0	0	0	0	0	0	0	0	0	0	0	0	0	0	0	0	0	0	0	0	0	0	0	0	0	0	0	0	0	0	0	0	0	0	0	0	0	0	0	0	0	0	0	0	0	0	0	0	0	0	0	0	0	0	0	0	0	0	0	0	0	0	0	0	0	0	0	0	0	0	0	0	0	0	0	0	0	0	0	0	0	0	0	0	0	
0	0	0	0	0	0	0	0	0	0	0	0	0	0	0	0	0	0	192	0	0	0	0	0	0	0	0	0	0	0	0	0	0	0	0	0	0	0	0	0	0	0	0	0	0	0	0	0	0	0	0	0	0	0	0	0	0	0	0	0	0	0	0	0	0	0	0	0	0	0	0	0	0	0	0	0	0	0	0	0	0	0	0	0	192	0	0	0	0	0	0	0	0	0	0	0	0	0	0	0	0	0	0	0	0	0	0	0	0	0	0	0	0	0	0	0	0	0	0	0	
0	0	0	0	0	0	0	0	0	0	0	0	0	0	0	0	0	0	0	0	0	0	0	0	0	0	0	0	0	0	0	0	0	0	0	0	0	0	0	0	0	0	0	0	0	0	0	0	0	0	0	0	0	0	0	0	0	0	0	192	48	0	0	0	0	0	0	0	0	0	0	0	0	0	0	0	0	0	0	0	0	0	0	0	0	0	0	0	0	0	0	0	0	0	0	0	0	0	0	0	0	0	0	0	0	0	0	0	0	0	0	0	0	0	0	0	0	0	0	0	
0	0	0	0	0	0	0	0	0	0	0	0	0	0	0	0	0	0	0	0	0	0	0	0	0	0	0	0	192	0	0	0	0	0	0	0	0	0	0	0	0	0	0	0	0	0	0	0	0	0	0	0	0	0	0	0	0	0	0	0	0	0	0	0	0	0	0	0	0	0	0	0	0	0	0	0	0	0	48	0	0	0	0	0	0	0	0	0	0	0	0	0	0	0	0	0	0	0	0	0	0	0	0	0	0	0	0	0	0	0	0	0	0	0	0	0	0	0	0	0	
0	0	0	0	0	500	0	0	0	0	0	0	0	0	0	0	0	0	0	0	0	0	0	0	0	0	0	0	0	0	0	0	0	0	0	0	0	0	96	0	0	0	0	0	0	0	0	0	0	0	0	0	0	0	0	0	0	0	0	0	0	0	0	0	0	0	0	0	0	0	0	0	0	0	0	0	0	0	0	0	0	0	0	0	192	0	0	0	0	0	0	0	0	0	0	0	0	0	0	0	0	0	0	0	0	0	0	0	0	0	0	0	0	0	0	0	0	0	0	0	
0	0	0	0	0	0	0	0	0	0	0	0	0	0	0	0	0	0	0	0	0	48	0	0	0	0	0	0	0	0	0	0	0	0	0	0	0	0	0	0	0	0	0	0	0	0	0	0	0	0	0	0	0	0	0	0	0	0	0	0	0	0	0	0	0	0	0	0	0	0	0	0	0	0	0	0	0	0	0	0	0	0	0	0	0	0	0	96	0	0	0	0	0	0	0	0	0	0	0	96	0	0	0	0	0	0	0	0	0	0	0	0	0	0	0	0	0	0	0	0	
0	0	0	0	0	0	0	96	0	0	0	0	0	0	0	0	0	0	0	0	0	0	0	0	0	0	0	0	0	0	0	0	500	0	0	0	0	0	0	0	0	0	0	0	0	0	0	0	0	0	0	0	0	0	0	0	0	48	0	0	0	0	0	0	0	0	0	0	0	0	0	0	0	0	0	0	0	0	0	48	0	0	0	0	0	0	0	0	0	0	0	0	0	0	0	0	0	0	0	0	0	0	0	0	0	0	0	0	0	0	0	0	0	0	0	0	0	0	0	0	
0	0	0	0	0	0	0	0	0	0	0	0	0	0	0	0	0	96	0	0	0	0	0	0	0	0	0	0	0	500	0	0	0	0	0	0	0	0	0	0	0	0	0	0	0	0	0	0	0	0	0	0	0	0	0	0	0	0	0	0	0	0	0	0	0	0	0	0	0	0	0	0	0	0	0	0	0	0	0	0	0	0	0	0	0	0	0	0	0	0	96	0	0	0	0	0	0	0	0	0	0	0	0	0	96	0	0	0	0	0	0	0	0	0	0	0	0	0	192	0	
0	0	0	0	0	0	0	0	0	0	0	0	0	0	0	0	0	0	0	0	0	0	0	0	0	0	0	0	0	0	0	0	0	0	0	0	0	0	0	0	192	0	0	0	0	0	0	0	0	0	0	0	0	0	0	0	0	0	0	0	0	0	0	0	0	0	0	0	0	0	0	0	0	0	0	0	0	0	0	0	0	0	0	0	0	0	0	500	0	0	0	0	0	0	0	0	0	0	0	0	0	500	0	0	0	0	0	0	0	0	0	0	0	0	0	0	0	0	0	0	
0	0	96	0	0	0	0	0	0	0	0	0	0	0	0	0	0	0	0	0	0	0	0	0	0	0	0	0	0	0	0	0	0	0	0	0	0	0	0	0	0	0	0	0	0	0	0	0	0	0	0	0	0	0	0	0	0	0	0	0	0	0	0	0	0	0	0	0	0	0	0	0	0	0	0	0	0	48	0	0	0	0	0	0	0	0	0	0	0	0	0	0	0	0	0	0	0	0	0	0	0	0	0	0	0	0	0	0	0	0	0	0	0	0	0	0	0	0	0	0	
0	0	0	0	0	0	0	0	0	0	0	0	0	0	0	0	0	0	0	0	0	0	0	0	96	0	0	0	0	0	0	0	0	0	0	500	0	0	0	0	0	0	0	0	0	0	0	0	0	0	0	0	0	0	0	0	0	0	0	0	0	0	0	0	0	0	0	0	0	0	0	0	0	0	0	0	0	0	0	0	0	0	0	0	0	0	0	0	0	0	0	0	0	0	0	0	0	0	0	0	0	0	0	0	0	0	0	0	0	0	0	0	0	0	0	192	0	0	0	0	
0	0	0	0	0	0	0	0	0	0	0	0	0	0	0	0	0	0	0	0	0	0	0	0	0	0	0	0	0	0	0	0	0	0	0	0	0	0	0	0	0	0	0	0	0	0	0	0	0	0	0	0	96	0	0	0	0	0	0	0	0	0	0	0	0	0	0	0	0	0	0	0	0	0	0	0	0	48	0	0	0	0	0	48	0	0	0	0	0	0	0	0	0	0	0	0	0	0	0	0	0	0	0	0	0	0	0	0	0	0	0	0	0	0	0	0	0	0	0	0	
69	86	36	95	83	83	75	97	47	34	111	71	8	86	49	113	103	22	10	24	22	4	35	53	46	89	53	50	47	14	50	95	27	67	65	29	106	99	101	86	62	69	117	26	79	43	60	50	31	46	2	40	95	38	32	84	63	94	14	103	33	109	103	51	5	5	43	72	101	55	4	7	82	100	1	74	20	109	44	65	21	26	6	61	5	62	25	119	110	80	44	25	104	114	18	28	69	5	99	15	14	41	39	21	59	89	25	118	22	20	113	52	119	44	16	119	40	34	31	88	34	7	23	81	77	12	18	58	50	33	103	12	35	24	72	40	57	10	55	72	21	104	43	45	39	75	39	118	32	60	35	14	114	91	71	61	30	10	118	61	108	66	56	85	102	108	110	97	4	73	97	79	88	97	74	90	83	95	75	98	37	106	51	57	56	68	84	118	4	78	72	61	91	73	86	36	38	21	41	94	85	12	41	67	25	88	78	84	68	72	11	91	119	21	72	112	58	18	46	37	79	79	6	90	39	20	73	16	18	91	97	72	10	37	117	60	39	51	63	68	59	101	81	9	110	22	107	109	42	53	93	104	72	92	42	60	24	116	18	56	116	46	46	63	76	3	95	90	50	83	30	64	118	32	52	116	58	83	34	71	79	5	97	105	37	95	58	11	110	114	47	70	18	110	7	100	99	117	101	69	17	24	105	2	63	80	51	93	27	46	94	30	112	98	58	70	39	63	64	87	113	84	41	81	38	3	110	85	39	117	0	28	110	98	41	8	84	93	64	90	81	13	48	25	87	60	112	32	30	83	59	72	97	3	112	8	118	61	106	51	56	89	49	113	32	26	86	20	110	39	114	20	52	74	22	74	51	99	11	16	59	5	42	14	5	95	36	117	76	20	115	46	102	11	6	11	95	30	0	52	94	13	64	27	100	75	25	104	75	71	115	68	76	44	7	57	23	73	46	94	94	88	33	87	2	97	105	106	115	71	31	26	98	1	44	31	65	113	41	11	105	72	64	85	18	55	96	113	86	47	28	77	110	1	92	84	58	61	0	62	27	5	51	84	52	74	53	56	11	37	79	82	76	71	114	116	70	0	55	101	10	98	103	97	74	86	59	78	87	21	53	39	17	48	68	28	26	88	99	22	98	61	33	103	51	34	17	55	46	102	11	39	115	83	31	73	44	73	48	101	25	43	14	77	36	48	82	0	85	27	61	81	54	43	8	105	96	58	5	63	19	88	83	86	89	88	53	39	82	57	74	57	72	118	13	72	12	102	93	42	54	90	53	17	39	61	13	111	34	111	102	53	53	48	33	34	116	82	55	25	14	14	1	107	28	93	48	63	16	56	109	64	99	23	90	111	13	93	46	51	40	49	52	55	77	77	107	43	20	50	30	57	6	32	85	33	93	50	9	76	106	7	2	92	53	17	43	33	24	113	116	68	52	88	103	103	33	30	67	9	105	78	114	46	20	79	86	116	76	99	6	38	105	43	29	36	101	64	42	48	24	90	104	74	28	76	23	99	2	109	31	92	66	15	59	31	110	11	115	20	55	74	48	85	77	12	52	58	57	4	86	68	69	1	8	100	18	93	44	84	24	57	1	92	89	69	114	46	94	44	70	26	71	77	16	17	77	10	88	60	107	52	55	13	103	60	69	60	85	11	45	91	52	73	104	25	117	105	29	113	42	26	62	36	84	78	36	106	51	14	17	84	73	66	76	35	62	101	48	97	52	30	44	30	20	23	99	51	94	89	61	26	4	45	91	83	22	43	102	24	70	110	79	32	12	5	23	38	18	114	71	19	97	6	32	46	1	114	100	82	76	102	74	64	58	69	53	87	77	78	100	34	62	35	26	66	109	93	23	62	27	69	19	81	51	27	9	68	52	65	1	30	7	9	84	18	6	90	51	81	65	21	24	58	99	109	2	88	66	58	75	12	25	52	21	93	89	61	103	102	115	110	44	47	71	24	92	34	46	60	103	79	51	90	16	7	108	76	103	12	69	107	61	38	93	32	67	70	37	92	74	85	7	88	99	45	84	108	96	23	116	74	80	18	97	12	54	25	51	24	113	116	60	98	108	61	29	114	38	52	78	88	42	34	40	86	56	48	118	118	97	24	38	118	110	26	20	10	40	32	95	50	24	66	88	118	95	105	34	16	63	70	27	17	7	107	23	90	34	104	108	20	95	63	110	23	73	32	12	46	80	60	64	112	76	20	114	23	24	90	44	76	28	38	70	87	97	98	34	59	40	109	112	39	98	58	34	21	97	58	1	94	68	13	29	75	29	4	64	29	14	40	115	28	38	107	30	42	64	29	114	96	68	103	81	15	107	35	116	72	53	17	59	4	117	50	40	19	11	48	4	95	65	107	71	73	118	61	82	82	44	61	103	43	12	118	71	53	0	25	50	24	63	69	2	110	108	85	48	56	31	66	4	87	64	91	96	84	10	67	52	71	29	99	58	3	98	66	34	103	18	67	30	101	14	119	23	22	55	21	117	19	71	96	113	84	21	16	14	11	83	23	10	90	27	61	33	47	101	91	10	38	49	67	119	31	34	77	56	82	72	10	54	2	28	44	44	62	39	43	1	80	106	80	6	113	30	92	101	57	12	113	87	59	93	55	116	14	115	104	38	12	37	100	53	102	22	60	91	117	13	66	9	9	69	45	111	117	46	113	78	96	89	44	65	28	31	73	111	42	25	104	33	18	80	67	49	55	53	58	80	104	57	14	86	24	101	56	20	70	83	34	29	36	74	36	16	18	101	24	30	75	115	109	105	86	71	63	114	61	1	76	73	105	66	39	64	99	83	32	39	68	13	0	8	76	105	113	3	21	64	59	51	81	43	32	86	63	28	7	63	104	106	20	7	95	24	37	7	67	13	5	103	71	76	52	88	82	52	75	84	118	56	92	12	44	40	23	16	36	61	45	74	25	16	40	75	50	66	56	91	41	12	118	43	63	48	92	86	13	45	74	90	43	61	41	83	43	114	3	96	103	52	96	98	46	91	50	83	58	74	0	12	91	97	53	37	12	41	33	56	76	83	14	69	5	96	52	86	56	17	108	20	110	15	64	71	8	91	80	104	94	39	21	82	91	10	73	28	14	55	36	71	25	45	55	93	101	31	36	87	58	5	27	93	27	55	109	57	15	24	43	83	0	96	31	5	119	0	98	79	37	98	11	67	51	61	109	98	65	107	24	28	17	61	22	19	76	69	15	111	27	2	100	74	7	119	71	69	33	76	39	8	49	41	96	117	17	1	80	28	98	100	58	87	29	91	6	86	107	47	54	67	28	34	33	15	67	107	43	106	39	108	50	118	26	22	105	27	13	115	0	59	65	2	33	94	54	78	11	6	86	119	25	100	99	118	108	104	44	67	100	60	114	105	34	104	56	32	47	102	6	49	37	31	44	54	116	99	84	30	70	91	111	35	82	34	102	15	11	22	25	1	34	107	115	76	23	48	115	79	91	54	91	37	87	104	20	22	93	52	71	67	93	22	21	53	0	44	118	85	8	90	108	36	117	71	0	11	56	108	59	43	27	60	6	78	62	117	81	27	106	19	119	77	113	117	47	51	75	84	3	104	9	2	20	44	21	16	107	31	47	6	96	36	112	54	70	67	2	0	68	61	85	46	76	51	50	65	23	23	75	81	93	56	40	56	89	24	18	6	50	25	19	29	74	74	43	109	26	110	59	56	91	28	53	87	30	7	41	58	59	95	48	115	116	77	27	74	51	114	20	89	47	111	12	8	89	29	66	33	84	101	17	117	111	25	49	84	77	48	4	40	109	29	18	113	49	39	116	9	1	57	67	97	56	58	49	1	109	29	110	27	91	42	28	119	97	74	91	95	73	70	100	59	35	63	17	21	98	70	97	30	21	116	56	102	54	91	52	71	110	74	72	17	22	44	12	118	31	40	97	62	105	73	105	75	47	86	76	22	112	50	4	87	94	29	33	24	18	112	44	41	68	52	6	76	87	2	113	66	2	59	101	51	23	49	59	17	111	99	117	60	75	99	107	118	68	59	15	63	34	114	56	89	64	67	42	21	21	22	11	11	91	12	14	4	42	5	115	67	93	100	43	71	59	105	72	65	31	77	50	27	80	98	10	38	72	23	106	26	31	6	98	33	40	9	115	99	18	71	63	50	71	91	14	6	57	60	65	105	86	85	34	108	2	62	49	79	69	24	103	44	95	60	30	59	66	59	62	30	31	6	56	30	23	78	46	35	35	93	104	71	67	90	7	10	18	15	93	14	31	86	66	19	60	70	95	35	9	42	13	119	65	42	6	71	36	55	67	109	74	82	115	25	85	84	9	21	94	78	45	50	38	81	25	0	21	38	85	32	86	86	2	52	80	67	58	101	93	36	101	44	38	28	116	17	100	82	56	101	79	9	67	106	74	9	21	57	76	91	16	98	23	64	60	15	60	89	18	80	36	15	59	31	15	59	25	117	80	78	68	58	70	57	54	16	99	118	71	15	64	100	64	65	45	110	98	70	93	99	23	57	79	110	95	0	93	55	116	22	8	79	78	76	41	95	62	74	89	56	101	50	80	75	117	109	1	89	22	35	27	99	113	102	72	91	0	22	17	16	59	37	94	76	116	99	82	9	98	114	20	55	16	99	94	22	103	54	89	17	119	101	78	104	81	32	109	76	54	33	97	62	0	104	65	79	95	71	47	40	92	71	100	115	89	0	89	55	46	84	54	6	44	83	94	106	77	31	48	66	33	104	86	81	97	49	17	95	39	48	17	69	67	8	65	4	110	42	32	53	98	15	105	73	87	47	51	105	14	43	87	62	105	45	64	65	24	46	38	116	116	102	105	102	55	103	3	82	113	49	13	23	59	30	88	80	22	55	36	117	36	116	92	78	54	39	7	22	51	40	103	21	102	41	21	20	95	67	2	116	8	86	119	95	65	83	100	44	11	45	27	117	64	90	30	100	23	38	3	80	92	96	62	68	37	65	103	64	85	67	46	100	68	87	85	19	52	93	117	77	77	71	111	19	8	22	108	14	62	98	29	111	49	28	10	8	73	94	93	112	72	57	95	33	94	5	9	37	28	28	108	67	27	95	24	38	13	86	64	62	74	42	51	4	84	29	35	80	2	88	73	45	88	100	5	51	100	17	98	35	33	48	39	15	119	43	94	70	119	115	104	10	91	48	46	117	107	36	105	54	89	103	9	112	28	3	112	26	7	65	87	15	107	105	15	47	31	109	49	115	118	45	86	100	17	59	102	83	24	103	83	41	12	75	14	79	62	88	24	78	96	86	58	104	34	23	109	36	37	99	113	53	43	52	104	90	20	19	83	46	113	64	51	56	44	76	41	51	85	42	69	95	21	32	114	53	86	98	71	102	40	87	6	11	36	88	0	102	4	111	61	102	48	93	112	93	97	42	64	45	24	56	111	77	63	72	102	112	55	42	94	21	79	15	72	103	18	89	108	22	0	33	21	35	91	15	106	39	75	37	69	51	25	60	111	16	15	44	0	39	93	23	51	18	68	61	31	88	13	8	46	83	34	88	57	77	44	7	9	14	18	117	6	86	119	12	35	56	27	109	15	68	112	104	20	115	37	47	99	102	62	3	20	62	33	100	10	108	57	19	36	9	70	106	109	15	106	82	116	61	12	115	114	101	32	119	98	49	12	31	12	17	75	43	8	61	13	12	96	16	36	109	37	42	31	76	96	92	1	101	66	31	3	103	35	4	109	3	13	84	32	83	98	72	77	48	97	106	22	2	51	33	11	99	107	104	53	75	64	78	86	116	109	102	30	23	105	24	31	52	102	92	0	21	85	45	108	98	22	51	76	13	84	55	31	54	86	82	49	55	102	86	40	81	85	26	7	52	59	40	62	98	91	74	78	27	76	39	73	1	113	42	95	109	49	74	105	31	78	106	41	72	56	10	119	59	98	51	76	14	115	62	106	77	77	36	57	39	33	62	10	61	96	69	110	114	35	90	47	84	50	39	62	70	32	83	2	105	116	57	38	94	112	80	91	61	29	99	80	7	51	2	64	111	77	14	27	83	10	112	115	55	100	17	40	113	116	66	91	45	107	36	46	114	34	104	41	90	41	15	61	109	98	91	35	77	14	3	13	74	78	18	99	110	67	31	103	18	38	85	41	62	47	4	10	19	88	13	100	4	82	40	46	39	30	104	68	32	13	38	84	46	79	49	41	82	55	99	67	87	12	21	20	91	24	73	83	98	4	46	76	106	9	55	53	119	63	27	81	32	32	117	40	47	110	93	83	20	32	84	60	25	119	3	43	78	14	11	50	61	117	93	105	86	28	50	113	27	45	115	99	29	49	1	33	20	25	22	19	2	85	1	18	16	112	13	32	94	113	58	77	93	34	32	114	15	116	42	25	77	64	0	42	71	30	59	87	31	33	92	7	70	80	92	77	116	69	76	26	66	41	94	53	10	93	105	1	69	1	15	55	99	96	58	55	102	81	49	10	23	102	47	81	62	88	108	30	37	80	65	41	60	22	118	35	117	21	70	53	72	12	105	1	15	117	33	48	75	41	85	57	52	96	23	23	35	101	64	27	67	119	90	116	18	16	20	37	116	33	49	46	88	11	73	9	24	87	60	62	44	5	61	22	69	95	12	107	54	79	66	117	38	44	48	45	14	119	39	101	72	99	57	20	53	79	37	110	61	102	13	1	74	63	99	72	4	76	22	11	53	109	17	68	6	61	60	91	87	67	55	17	33	74	77	7	39	81	118	103	64	26	19	25	101	77	69	103	48	5	61	1	98	57	21	48	35	27	4	61	84	76	76	50	80	45	119	39	102	87	76	22	103	58	78	39	69	9	101	27	17	99	113	107	11	10	85	89	69	31	1	93	47	106	94	1	19	110	69	20	65	90	40	10	116	48	70	73	42	73	73	12	94	94	75	11	89	64	99	87	44	39	52	114	47	13	117	20	43	116	49	118	106	59	8	98	45	99	3	48	84	119	115	74	105	70	65	95	45	51	54	98	32	37	35	20	27	14	25	12	89	38	50	109	48	72	101	88	76	59	108	100	20	1	97	4	113	11	84	33	53	90	77	10	81	103	87	82	37	75	58	18	99	78	87	33	75	114	79	114	23	16	35	46	16	57	36	84	54	6	12	95	58	15	42	112	31	94	81	110	36	53	104	60	18	107	34	42	11	41	70	114	72	66	31	12	25	6	37	105	112	29	97	83	117	41	84	66	50	99	15	119	79	36	35	59	22	76	9	40	32	46	75	95	45	57	88	39	111	71	114	91	102	41	99	19	60	24	83	25	82	92	10	29	104	112	107	48	56	91	22	67	90	119	92	104	0	77	86	47	90	94	29	82	106	18	10	57	65	52	30	29	63	51	75	111	54	17	72	49	62	7	79	35	113	93	2	47	7	110	41	61	26	57	12	102	43	56	86	115	66	100	47	102	73	62	88	39	112	95	50	96	97	15	54	96	53	81	45	74	116	4	56	119	103	50	73	71	105	12	79	91	16	18	37	36	40	95	58	76	104	58	49	107	113	109	66	34	86	49	117	107	45	79	29	118	26	39	98	12	115	84	109	31	92	13	95	111	28	4	98	22	84	2	69	115	47	8	2	9	43	78	83	49	84	87	79	106	89	2	81	87	19	17	72	81	116	69	119	103	101	6	86	20	6	31	110	25	81	55	104	53	94	25	69	51	55	100	78	100	117	25	28	79	104	11	72	31	34	34	108	60	83	62	39	0	37	105	52	107	32	84	10	70	70	112	92	27	24	101	34	26	46	86	69	28	90	50	5	35	20	107	61	7	22	34	70	89	8	80	23	42	92	86	90	100	27	60	8	15	53	60	75	29	68	31	66	78	24	94	112	11	19	34	100	102	118	4	57	102	97	52	23	103	70	20	102	55	29	77	81	33	80	72	72	21	7	78	36	21	100	8	31	97	104	30	112	2	67	74	9	57	7	101	52	64	36	112	40	79	12	28	64	8	47	105	35	34	31	66	92	17	5	110	115	99	73	55	97	115	45	94	39	105	41	91	110	94	55	73	39	84	56	119	75	83	28	15	83	109	93	106	8	97	59	17	20	35	16	77	
67	3	74	38	21	39	12	26	73	51	14	100	109	75	78	73	53	36	1	70	38	84	116	88	29	40	75	85	96	76	108	64	67	94	44	7	3	10	64	103	22	93	109	53	0	69	31	31	22	31	44	24	101	47	89	14	115	107	10	78	19	71	118	78	20	9	64	97	75	13	14	77	75	17	84	64	43	49	89	109	87	11	80	43	93	11	71	101	97	87	114	89	56	35	104	93	87	77	20	92	35	113	92	93	58	21	45	43	64	101	3	85	50	63	101	38	70	64	70	5	24	67	19	13	29	40	67	29	82	10	17	0	69	46	60	69	10	66	110	16	94	59	15	101	102	29	106	27	80	45	62	110	80	17	86	2	107	62	119	22	70	24	56	110	95	13	20	14	2	1	33	117	92	17	116	71	43	107	81	41	59	52	55	79	73	16	73	80	114	61	21	104	108	79	119	60	67	100	102	73	68	24	45	27	92	49	58	17	57	35	33	95	55	28	41	58	59	24	85	31	98	5	11	43	114	15	96	19	23	28	56	44	46	104	25	115	37	9	80	85	72	4	66	103	20	76	12	78	94	17	114	111	116	94	66	119	33	40	97	115	28	5	108	56	98	82	79	51	103	99	48	57	31	109	60	88	114	38	88	35	114	75	48	0	94	56	74	108	42	10	107	12	19	111	16	21	30	52	94	101	105	37	89	71	96	72	119	65	33	105	13	73	47	30	111	66	97	91	20	42	67	109	15	102	34	75	22	84	36	87	53	39	93	41	75	46	98	91	11	68	72	21	35	103	69	105	63	101	53	39	30	57	45	74	43	50	27	103	108	19	35	36	78	27	2	61	109	109	69	24	88	112	49	89	10	23	116	14	9	17	18	4	89	57	33	103	73	118	36	36	36	107	82	105	48	79	7	67	73	54	89	54	102	116	19	55	66	104	4	84	75	62	49	50	77	74	85	45	95	91	7	82	44	5	3	15	58	100	46	25	78	31	70	44	36	90	30	110	83	2	29	35	6	35	80	33	107	12	18	108	102	105	106	74	118	95	84	95	118	115	54	17	4	50	75	76	28	65	26	94	37	108	119	83	50	66	40	25	49	7	113	4	95	80	31	106	16	42	15	63	106	26	78	17	82	29	42	108	53	72	55	102	56	88	91	60	63	74	113	10	24	83	80	69	64	24	76	27	92	111	106	9	0	107	56	91	66	98	26	102	111	1	45	104	12	77	119	54	53	83	99	52	16	40	88	23	2	98	59	29	104	92	31	19	47	12	35	93	75	55	75	33	74	3	60	43	17	107	20	32	4	101	71	7	34	6	74	66	22	68	34	80	38	2	101	46	118	6	86	112	101	46	5	100	70	101	28	22	63	82	90	76	45	48	59	75	60	13	84	46	10	95	50	37	20	105	3	67	87	2	11	109	15	77	111	25	75	89	13	115	30	17	17	33	30	60	24	112	95	86	63	59	64	75	44	90	36	66	27	40	73	14	113	42	51	70	91	14	89	102	63	57	30	74	105	103	96	49	118	62	11	7	60	50	70	32	70	80	76	35	3	46	59	68	72	9	88	47	0	29	112	43	114	40	55	20	34	14	99	31	53	21	49	41	9	113	21	110	58	111	30	29	85	62	47	74	79	80	118	26	118	37	15	58	94	39	105	7	108	86	39	38	117	76	71	92	79	89	30	102	78	8	112	81	103	38	35	58	56	105	13	30	37	5	32	50	59	8	52	67	23	47	36	86	119	69	78	56	95	74	87	22	44	105	100	85	107	71	9	34	66	50	12	90	45	15	42	50	73	42	8	87	67	104	82	87	113	79	71	93	103	12	74	15	26	3	88	74	24	114	96	35	36	117	109	104	77	33	29	84	64	101	93	109	56	99	49	64	44	74	32	99	48	7	93	113	66	30	78	72	45	21	31	86	32	32	55	110	63	21	1	39	88	24	51	28	46	119	50	43	80	22	82	98	91	11	33	92	114	19	68	96	84	105	64	81	93	5	82	118	58	66	62	82	73	21	2	108	93	116	83	39	29	3	93	2	54	112	119	104	91	72	44	56	91	103	66	54	42	106	77	30	6	7	84	103	83	59	66	13	13	74	21	84	76	97	58	67	114	30	109	54	54	22	12	97	108	93	28	27	49	73	18	8	67	54	67	5	45	90	107	14	95	57	96	82	35	40	103	77	79	102	4	76	57	77	70	4	85	36	64	25	57	104	32	58	65	45	11	67	17	97	13	9	33	41	68	57	75	32	85	56	6	38	21	83	38	85	112	31	64	29	61	73	114	41	103	94	55	70	19	51	54	34	8	21	4	113	49	33	12	33	4	36	69	55	54	91	51	119	116	99	100	22	114	73	27	90	118	18	87	96	93	4	84	100	84	82	64	107	23	34	14	11	109	33	85	105	81	20	26	33	80	96	16	105	105	51	110	109	63	104	96	82	112	61	51	30	1	87	21	118	7	76	26	46	14	79	103	44	108	118	25	28	14	55	94	4	32	29	42	40	49	118	18	110	52	0	3	18	111	70	59	106	95	87	102	106	80	70	65	72	0	58	90	64	4	6	36	40	9	33	118	101	84	94	29	26	49	92	108	39	54	46	106	39	48	67	51	39	67	38	12	29	118	102	51	118	68	86	20	54	35	85	36	10	23	55	56	40	79	0	78	53	54	47	98	109	98	48	41	45	88	7	17	3	92	35	69	20	76	72	92	28	85	90	91	105	116	32	45	119	30	110	73	19	119	97	83	51	5	61	24	92	13	113	118	74	44	113	89	107	14	2	70	27	57	81	98	88	114	43	35	94	6	93	37	35	113	99	5	75	1	4	41	12	83	28	20	90	76	16	37	91	0	21	17	20	46	72	107	65	9	110	98	55	6	76	18	44	28	71	40	4	86	20	26	29	42	16	12	20	77	8	91	69	28	18	92	101	59	97	61	106	32	19	34	88	32	93	72	38	112	44	108	70	4	21	44	87	11	93	28	70	32	98	65	119	96	31	113	103	90	50	8	60	65	40	27	43	67	55	7	72	109	42	41	97	108	23	23	50	100	59	5	65	59	76	17	82	78	77	22	115	10	76	115	16	99	71	116	119	103	97	7	12	11	89	119	53	44	58	11	102	70	42	112	109	23	95	113	46	84	68	109	103	50	88	88	44	6	14	15	35	28	5	8	57	58	88	47	26	37	22	73	107	33	83	51	42	53	51	51	99	108	21	60	20	84	108	102	10	17	23	11	1	74	42	58	46	2	57	111	103	87	59	15	17	102	68	119	64	11	88	5	74	36	86	69	91	118	34	84	96	22	0	40	104	105	119	85	69	83	35	8	118	66	89	22	40	35	38	117	23	27	118	40	73	86	40	55	26	10	8	92	48	116	83	30	63	1	14	41	85	45	38	34	54	94	0	14	24	57	1	107	7	75	38	77	41	24	36	73	34	15	72	61	56	67	63	36	80	114	118	78	62	16	90	5	95	27	64	55	41	57	117	26	88	44	118	50	74	76	96	69	76	100	112	38	82	107	75	116	9	83	86	35	87	92	102	89	97	2	57	82	75	17	42	51	2	39	15	25	21	8	117	81	110	43	41	89	100	107	41	93	52	22	72	66	114	49	84	110	20	1	10	21	70	58	40	100	70	66	1	40	72	38	11	55	2	75	116	21	72	61	87	7	48	42	91	2	6	103	75	116	72	25	77	49	10	44	23	6	18	111	92	49	84	53	43	45	54	59	15	9	84	88	7	34	84	15	54	3	67	14	99	43	92	58	25	102	79	104	7	58	47	52	80	90	9	52	115	101	3	117	116	111	90	60	55	110	2	69	99	5	32	22	44	59	42	108	6	116	13	108	16	62	117	114	110	101	63	13	12	38	50	0	73	22	64	88	33	58	8	60	25	72	103	119	69	108	25	39	44	28	20	41	82	83	84	66	76	24	87	54	111	31	33	59	47	30	88	54	75	40	72	116	79	12	15	57	80	118	105	83	43	116	60	31	101	42	20	10	19	29	47	65	90	10	49	64	47	70	8	61	79	119	33	101	55	1	71	68	92	25	10	8	27	93	93	63	105	9	21	67	67	50	24	20	86	45	59	117	111	88	26	109	83	111	90	15	96	95	9	32	9	6	76	39	28	7	87	7	110	33	47	110	12	16	98	49	3	50	13	92	17	3	108	77	105	64	101	97	105	102	36	61	110	115	15	46	54	26	2	112	28	50	58	17	118	112	118	14	98	87	16	108	27	110	96	79	47	26	16	93	100	86	112	35	45	41	34	38	25	95	54	2	3	101	23	14	50	24	58	45	57	102	21	36	55	3	76	106	55	68	53	2	0	87	76	50	77	88	103	111	77	28	75	38	51	16	20	107	70	42	103	116	1	14	114	110	107	73	18	30	32	112	43	56	60	57	18	2	6	56	61	33	114	106	41	90	92	92	26	33	83	116	109	5	91	118	16	89	112	23	112	82	9	101	81	15	66	36	25	115	80	17	116	36	47	33	24	31	14	2	113	49	113	56	45	46	101	0	56	84	71	39	96	24	4	83	1	111	41	88	57	21	90	11	108	112	14	105	0	101	81	64	17	9	72	20	109	1	56	66	80	89	22	32	48	95	47	114	17	88	16	21	81	80	62	102	5	14	46	19	41	45	93	79	50	35	96	82	22	100	108	6	49	95	103	82	57	39	36	1	91	74	1	11	51	52	19	98	7	100	39	61	3	109	66	104	68	5	90	48	112	105	34	10	52	109	104	100	84	95	113	58	70	52	35	2	70	33	105	47	81	3	25	48	86	38	24	73	23	32	76	95	107	14	104	112	47	109	50	32	87	17	72	76	25	32	13	26	89	31	104	21	77	75	20	28	10	72	111	43	11	101	87	32	88	45	95	23	116	101	78	53	44	44	47	7	62	109	89	42	78	46	39	68	66	76	56	73	103	76	111	71	104	98	19	41	13	84	40	30	113	79	98	98	33	40	72	19	3	51	38	84	4	54	56	116	24	118	37	104	93	64	49	75	39	16	16	52	99	5	81	71	119	26	8	97	16	4	49	48	66	90	11	103	59	63	58	101	39	65	99	55	59	5	67	16	14	88	118	111	58	46	115	80	95	69	86	113	71	50	4	21	98	98	26	19	98	65	77	80	63	54	42	103	83	35	70	47	118	64	86	52	107	65	55	107	7	82	102	65	64	57	72	4	50	75	114	16	83	52	9	107	64	59	114	72	20	19	90	110	63	58	78	33	76	76	43	86	56	48	86	19	57	17	44	36	20	5	50	30	93	16	117	111	9	81	107	114	70	67	23	14	65	76	119	0	62	65	104	75	99	94	63	30	28	42	66	69	78	16	108	109	104	85	75	44	100	112	44	70	73	68	21	64	92	103	113	119	25	22	22	9	86	86	58	26	47	3	40	31	82	83	71	69	67	115	18	58	64	32	71	90	109	119	100	66	96	12	76	79	54	61	54	63	106	23	93	62	100	22	112	90	111	96	74	86	80	106	90	97	101	73	91	7	34	106	44	77	45	41	48	73	99	68	118	47	8	16	74	76	9	90	56	69	12	46	39	88	102	66	83	97	67	107	8	109	48	14	5	34	35	56	38	19	17	29	111	15	110	59	23	3	0	87	34	10	99	53	93	19	84	91	12	114	34	6	86	84	119	91	7	103	11	71	68	95	8	62	50	33	21	30	85	10	15	116	60	104	106	93	27	55	12	61	39	76	81	19	109	109	79	82	66	109	75	63	59	3	40	33	93	20	62	43	53	43	40	59	40	31	3	62	107	116	77	96	43	47	74	0	109	6	24	97	94	101	60	25	27	25	74	68	17	39	79	89	53	29	17	35	4	95	101	64	116	26	15	68	72	67	76	78	102	64	42	17	107	13	54	91	116	103	76	33	86	20	33	47	7	23	52	28	82	111	15	91	77	81	9	81	13	80	71	5	112	99	85	82	17	14	17	110	110	55	7	46	93	17	13	31	57	75	95	37	72	1	59	23	16	89	45	31	20	22	3	13	43	39	1	37	88	49	45	99	34	47	75	93	52	96	105	32	93	16	116	48	112	76	87	83	84	106	82	6	116	61	88	94	47	69	118	112	104	52	90	32	30	24	1	68	108	55	31	41	41	118	81	76	105	16	53	41	48	76	72	22	85	22	54	8	28	115	36	76	89	64	8	39	11	27	111	69	46	80	109	60	22	92	64	97	82	5	52	8	70	39	118	71	63	63	92	100	113	114	83	33	67	38	111	110	105	118	14	94	16	98	76	79	77	100	47	110	69	91	43	88	45	58	46	9	89	9	60	16	112	2	99	104	62	12	15	118	112	107	30	17	43	44	5	100	108	93	95	109	80	89	116	49	4	71	79	92	61	36	37	101	32	75	60	39	90	51	33	56	56	56	119	68	23	104	110	106	13	102	73	101	21	57	109	115	77	117	40	64	114	72	103	115	25	22	38	71	71	83	19	42	66	15	18	17	109	76	104	96	62	81	43	54	42	50	104	46	71	28	35	38	48	53	114	50	107	17	1	80	21	53	54	62	68	30	37	78	75	26	76	64	40	85	111	111	49	4	76	74	105	84	15	20	119	43	14	26	70	117	37	51	92	119	98	2	63	55	33	29	74	0	0	9	92	33	99	2	56	79	96	70	109	109	76	107	118	82	35	27	58	18	98	110	52	106	119	87	99	8	78	76	11	56	69	42	112	111	113	102	105	106	22	36	82	39	41	67	55	114	112	53	95	16	48	2	62	63	85	86	56	67	29	117	20	9	4	29	14	6	103	35	74	15	52	83	71	34	16	4	89	67	111	105	77	40	71	87	16	52	76	93	102	54	76	14	22	34	27	105	60	21	39	32	13	101	20	83	86	46	80	38	116	117	111	45	44	24	31	118	59	2	52	117	6	10	76	9	26	69	83	117	35	86	7	87	56	52	29	36	38	115	65	49	48	80	72	114	4	33	0	85	103	90	109	23	38	0	109	92	62	40	29	83	84	8	89	87	109	44	38	54	62	65	74	21	20	12	82	64	116	107	58	109	44	2	87	49	103	78	16	17	35	5	63	113	109	99	3	16	67	13	1	1	80	72	61	74	58	81	101	7	30	62	69	62	34	51	67	77	97	46	11	14	89	18	35	73	16	30	87	114	89	22	12	13	99	64	105	80	73	112	105	71	25	82	97	57	89	30	7	89	60	94	47	85	17	17	23	74	67	3	51	4	73	113	33	58	30	89	61	39	89	31	45	112	117	96	110	92	1	1	12	86	0	32	92	108	65	49	116	3	56	49	113	56	41	101	31	31	19	99	11	55	1	15	3	19	90	46	84	32	34	29	26	69	70	34	114	69	34	57	35	94	109	111	111	13	19	50	85	46	89	14	34	16	83	0	82	14	88	93	91	6	84	35	17	12	60	30	74	79	53	91	106	90	27	7	7	115	29	8	45	86	23	10	106	18	118	34	114	98	23	53	107	116	63	73	81	53	99	74	58	17	40	77	50	118	75	24	119	113	97	31	110	23	87	23	58	77	10	53	59	31	23	110	84	3	115	88	50	46	99	103	35	5	20	89	84	36	19	105	73	1	13	46	7	105	64	117	100	49	15	1	13	37	16	73	110	19	16	9	12	0	92	54	77	33	1	45	38	99	21	52	51	18	35	119	58	84	105	91	79	62	44	46	48	116	10	116	33	37	46	10	55	28	94	101	33	87	24	3	1	42	103	56	31	36	73	65	109	64	108	11	75	100	3	116	19	20	29	56	61	47	93	20	28	0	10	54	117	45	111	26	54	115	42	37	91	46	25	44	10	53	96	44	47	43	35	35	0	110	105	69	34	58	77	104	1	29	102	95	42	29	39	33	51	60	103	50	81	50	42	0	80	27	92	14	93	3	44	91	94	8	13	75	24	54	6	68	63	108	43	34	24	29	73	90	73	7	84	41	79	39	19	108	46	1	2	81	52	100	62	100	5	75	27	27	15	28	40	97	62	115	89	37	8	39	3	11	73	51	107	57	54	117	102	58	102	81	96	69	12	78	96	6	61	71	50	91	87	98	67	112	86	52	24	50	96	49	94	86	33	79	98	33	87	59	89	33	102	
34	34	24	30	30	20	20	25	29	38	25	29	21	34	35	34	30	30	32	32	34	27	31	30	34	30	32	26	38	30	35	31	37	38	26	20	23	34	26	38	35	39	26	29	20	32	30	26	20	32	22	30	26	27	35	22	29	27	35	31	21	26	27	39	26	37	33	29	36	30	27	29	21	36	38	20	34	32	26	24	21	36	29	34	31	30	31	39	22	36	40	22	20	30	36	40	33	34	36	34	34	29	29	24	38	28	29	35	29	31	29	37	38	34	38	31	24	26	36	33	37	28	25	28	37	30	21	26	29	40	34	37	36	25	22	32	24	31	28	26	22	39	38	29	20	22	28	37	27	40	29	40	40	34	22	34	24	39	27	26	39	32	26	29	33	36	33	37	38	23	24	22	34	25	36	28	27	39	30	28	28	31	28	37	39	36	24	28	38	29	39	34	35	39	29	25	31	25	38	27	40	26	38	28	21	34	35	40	40	31	32	20	28	40	24	33	24	24	21	34	20	28	28	20	34	25	37	40	21	36	25	36	24	23	25	39	38	22	21	40	24	32	21	34	31	28	24	21	37	29	40	22	35	24	33	29	24	28	33	30	22	24	23	31	26	34	40	25	39	26	26	26	32	22	40	28	30	40	40	21	31	27	38	23	27	21	25	37	27	23	21	25	20	36	25	30	21	39	33	30	32	36	36	25	29	22	23	37	34	24	35	35	30	36	39	20	40	37	38	39	39	27	24	31	31	32	32	29	26	21	30	40	28	29	25	25	38	25	33	32	39	20	22	33	28	25	37	23	28	26	35	34	31	38	30	29	23	22	31	20	34	33	28	33	27	34	24	27	22	23	26	21	25	37	40	30	20	30	22	28	35	26	21	38	30	38	25	23	25	40	36	38	33	24	27	37	38	36	20	22	35	26	34	20	22	37	38	33	30	30	35	28	26	36	30	35	36	30	21	23	31	25	27	33	40	37	32	33	35	37	36	24	24	23	21	26	39	37	23	28	29	27	24	21	40	28	25	33	29	33	38	27	31	29	33	35	36	21	27	20	34	21	26	29	20	40	34	34	35	35	28	30	36	32	24	24	28	23	32	39	26	21	39	36	24	36	34	36	28	30	24	40	30	32	31	27	30	36	31	23	27	26	24	38	30	27	33	34	29	30	22	39	28	34	20	30	29	22	36	37	26	23	30	30	32	34	21	32	31	32	30	40	24	29	21	38	27	22	20	26	29	24	21	28	31	20	25	29	32	23	34	30	31	25	20	32	27	35	23	40	35	21	37	25	27	40	26	24	30	22	21	27	38	25	21	37	36	37	37	40	28	39	37	36	26	34	23	32	39	33	36	36	31	24	21	33	24	21	38	24	25	24	39	22	28	34	20	35	30	33	39	36	40	30	35	37	25	33	28	24	21	39	21	32	24	29	38	22	24	23	40	24	23	31	39	20	25	35	37	34	24	40	25	37	29	40	39	22	37	31	35	36	29	27	35	37	39	33	30	26	36	31	32	23	32	37	24	26	36	24	28	21	26	40	33	23	23	40	29	29	37	24	28	25	24	37	40	23	39	24	36	27	40	40	24	23	31	29	37	28	34	40	40	38	37	31	20	21	25	40	36	21	40	40	33	27	22	30	27	33	26	36	36	22	40	40	24	23	26	30	26	40	36	37	31	35	32	37	27	40	29	29	32	36	27	30	34	28	26	37	24	36	20	36	25	27	21	22	20	30	22	35	31	39	23	40	27	35	20	40	24	37	38	33	28	21	34	40	36	35	29	29	34	28	27	29	25	21	29	29	35	30	22	29	25	34	31	40	33	37	36	22	36	40	38	33	30	30	23	34	26	35	39	21	22	23	38	37	33	38	31	31	23	38	21	27	37	25	28	38	33	28	34	31	36	35	27	39	31	31	21	29	27	33	33	32	28	20	21	39	28	36	20	31	26	40	21	21	27	26	36	26	32	34	30	20	36	28	38	22	26	33	32	26	39	24	24	31	30	25	36	37	21	39	34	27	20	35	25	34	27	30	23	34	30	29	40	34	25	36	35	34	29	28	23	24	33	28	37	34	31	34	27	20	31	36	40	35	30	25	33	22	28	22	38	24	24	33	38	29	23	36	30	35	33	25	29	26	27	39	30	31	33	24	30	35	22	30	26	32	37	22	40	30	36	32	20	21	27	20	25	29	24	22	34	30	20	29	26	23	34	22	35	20	32	39	21	28	20	21	35	35	24	20	28	39	20	31	36	21	36	37	39	37	24	22	20	37	38	36	29	37	25	39	31	38	40	27	28	25	30	35	34	27	30	26	26	20	23	20	38	29	38	29	39	30	27	22	20	29	30	35	24	38	38	21	35	20	22	26	20	35	31	38	40	38	26	34	29	25	27	26	33	25	22	24	34	24	35	29	25	27	36	30	23	30	25	38	26	24	31	21	38	29	21	33	33	24	32	22	40	36	39	21	39	29	22	29	33	38	31	28	20	33	33	39	40	30	40	34	36	26	24	26	29	29	32	22	35	38	39	39	37	21	28	27	36	37	31	39	23	33	32	28	38	36	27	36	21	34	38	24	31	31	20	21	32	27	28	38	29	33	38	37	39	35	35	23	26	24	31	30	28	20	40	35	35	20	29	21	38	32	40	29	28	28	39	33	25	24	35	28	29	37	21	23	33	38	37	23	32	37	28	31	22	23	30	22	31	37	32	28	37	23	35	33	40	20	38	35	40	20	32	37	23	35	35	38	40	33	20	20	35	22	35	36	35	33	35	30	24	26	34	24	36	21	31	31	36	39	26	25	21	29	30	36	28	26	30	21	29	39	21	20	28	38	36	24	39	30	28	32	21	29	33	35	39	38	25	30	40	25	26	20	33	22	27	25	24	21	23	25	37	37	20	40	24	29	36	29	38	34	26	34	38	26	27	28	38	23	22	29	37	39	28	26	31	37	21	25	20	23	29	33	35	32	23	35	35	30	40	25	33	40	20	37	35	35	21	29	26	40	22	22	31	21	23	28	35	29	33	23	25	35	39	22	21	21	25	35	21	33	27	24	25	25	25	21	28	40	37	34	33	38	35	24	22	29	38	35	34	29	26	32	27	35	37	20	32	20	28	33	29	26	36	20	30	26	37	40	32	35	36	40	26	28	27	26	21	27	22	32	25	26	27	39	35	37	28	34	31	26	35	35	37	34	38	29	38	20	35	33	29	20	37	35	35	35	29	30	28	39	37	34	28	25	31	23	29	40	37	24	24	23	32	21	26	40	25	27	28	31	36	20	34	31	33	32	27	26	33	35	39	38	24	39	25	35	26	39	26	34	24	23	39	34	30	33	34	27	28	22	38	28	34	37	37	23	35	40	33	26	31	28	20	24	32	35	31	27	30	40	40	27	40	38	29	36	27	22	29	26	34	29	40	22	33	40	29	35	28	22	31	34	36	22	37	28	22	36	35	36	40	39	33	33	22	29	39	24	24	23	31	20	40	35	38	29	24	25	37	30	26	21	39	22	36	25	22	32	30	28	39	28	23	28	27	39	25	37	40	37	37	29	29	40	30	37	25	26	35	32	31	36	24	37	37	23	20	36	31	26	25	38	29	38	37	23	23	36	38	40	30	38	26	20	32	27	38	38	39	37	28	34	30	40	36	29	21	27	26	28	25	26	27	25	36	37	25	24	38	20	26	40	38	37	20	22	21	40	36	29	25	31	36	25	20	36	26	23	26	38	38	29	20	38	26	32	36	34	29	23	39	37	22	23	22	29	21	31	40	28	40	25	28	32	24	38	25	34	26	27	27	31	27	33	32	36	37	36	20	34	38	20	27	27	25	22	35	20	40	24	20	21	22	21	35	38	38	24	39	39	29	36	33	23	40	31	20	31	35	25	28	25	31	31	40	22	32	26	29	25	26	23	20	24	37	35	34	23	40	21	23	27	25	34	33	34	27	25	21	34	40	34	25	33	35	40	29	25	22	26	28	23	27	21	21	33	40	20	21	40	32	27	39	21	20	30	26	36	27	35	38	27	22	20	34	25	32	34	20	35	33	37	32	29	33	31	30	23	31	38	31	37	39	36	30	26	33	21	22	28	40	34	37	20	29	31	23	35	28	34	25	24	38	37	23	33	24	20	36	27	20	21	39	25	36	26	29	31	27	24	38	34	29	30	35	39	31	21	20	23	23	27	20	33	28	28	38	24	24	22	27	33	36	29	25	20	38	33	34	25	37	23	25	24	33	20	24	39	26	25	35	20	35	39	27	23	21	30	22	36	40	30	34	25	34	36	26	28	36	22	31	21	24	27	29	20	31	20	36	36	21	33	23	39	36	31	21	39	22	29	33	29	20	32	22	33	40	36	24	36	35	20	23	34	31	28	22	34	28	37	32	28	28	20	38	31	29	21	24	37	38	32	24	35	26	31	35	27	33	20	35	29	39	36	38	40	27	27	21	36	29	36	39	31	35	34	28	25	20	26	32	21	31	33	39	36	35	39	40	40	23	33	31	23	34	34	24	23	23	37	28	27	39	24	39	30	31	27	29	27	22	22	38	34	29	31	39	21	24	24	34	23	31	30	29	29	40	21	30	35	33	38	29	32	29	37	35	33	32	39	22	24	40	25	38	25	29	20	32	37	36	24	29	39	28	40	38	37	32	33	38	36	21	22	21	28	33	32	35	38	32	37	25	30	25	30	20	26	23	28	39	39	37	37	30	39	24	36	25	29	25	27	29	39	40	32	26	40	39	37	27	27	26	35	29	37	22	26	27	40	37	33	37	30	37	22	30	30	20	25	33	37	36	38	40	33	25	26	32	35	36	33	40	40	37	39	31	33	37	29	34	36	20	37	26	33	23	30	26	21	40	28	28	30	22	25	36	20	40	39	40	38	20	25	35	29	27	37	28	31	33	34	21	38	34	31	35	40	39	29	38	37	35	24	29	33	32	31	28	26	38	29	25	32	38	21	20	28	21	27	24	24	23	38	26	24	36	38	33	32	25	23	21	33	23	26	28	34	28	26	31	35	25	38	39	34	27	21	33	26	26	32	25	33	20	36	21	29	23	36	27	28	30	31	39	39	25	28	29	37	22	25	40	33	23	32	39	35	26	32	32	34	32	21	38	38	22	28	23	31	29	40	28	31	36	25	39	26	38	25	25	32	34	35	28	20	35	24	35	22	40	40	28	26	25	40	36	31	27	27	20	33	37	28	23	22	36	35	28	24	33	27	25	30	34	29	27	40	25	23	23	23	27	31	29	29	37	24	24	22	25	20	34	38	20	36	33	35	23	37	29	29	36	24	33	34	35	26	23	40	20	26	38	39	26	33	23	30	33	30	35	26	24	28	40	36	37	20	35	38	34	35	25	40	31	20	34	34	20	22	32	25	23	29	34	40	21	27	31	35	37	35	32	22	34	30	39	39	25	26	21	34	21	40	31	37	39	25	32	33	38	36	35	34	35	29	33	22	33	38	30	31	35	35	22	40	35	26	40	35	31	23	36	21	29	32	33	33	36	31	40	21	38	20	35	40	24	30	31	23	38	34	33	24	26	36	36	35	30	24	31	20	39	26	20	27	31	33	28	29	27	30	22	30	24	36	39	35	20	29	38	34	28	27	31	38	40	23	40	37	25	29	29	34	32	29	35	39	30	27	30	37	25	30	33	21	24	23	37	29	39	35	32	29	37	33	29	33	24	26	36	25	33	36	40	25	25	31	37	30	33	31	23	27	22	38	27	26	29	34	28	32	24	40	36	28	20	36	25	22	28	22	26	34	30	32	34	30	22	39	34	40	30	30	40	21	23	20	34	35	22	31	31	28	31	24	33	32	24	31	40	28	33	34	20	22	38	35	25	40	36	26	26	29	27	22	36	32	25	31	34	30	39	33	32	26	21	21	24	32	35	38	36	28	21	26	38	32	31	40	22	30	30	33	24	23	38	24	20	40	29	21	36	35	34	26	26	31	29	32	31	32	36	22	39	38	20	20	22	27	23	34	34	38	21	33	23	40	37	20	28	36	38	21	28	27	27	25	36	32	32	28	29	20	34	32	34	27	34	22	21	37	27	35	36	20	40	33	36	33	26	40	28	32	37	22	39	22	38	29	23	39	28	39	40	29	26	20	29	35	33	25	37	33	40	25	21	34	33	40	40	34	21	27	27	37	39	40	38	39	29	32	28	36	23	28	32	20	25	35	38	36	24	38	31	37	21	33	27	36	34	40	21	40	37	29	21	27	20	30	25	39	20	40	28	25	36	24	33	39	36	21	35	28	39	25	39	20	28	27	21	29	35	40	24	27	35	21	20	32	22	37	38	33	39	33	30	24	23	35	40	40	22	40	31	27	22	35	34	34	25	31	25	38	27	34	23	26	29	21	31	30	21	31	36	32	27	33	37	38	24	32	25	27	38	32	26	23	39	32	34	39	33	32	35	38	22	21	39	35	25	25	35	25	30	36	28	31	31	39	35	27	40	37	26	32	26	36	37	34	21	25	38	40	28	27	23	33	40	29	20	20	26	31	28	31	20	28	31	28	34	37	22	30	37	34	23	38	20	39	30	36	26	20	30	33	23	33	35	26	31	31	37	28	26	40	33	35	30	36	38	26	38	34	31	31	24	40	33	33	25	27	21	39	35	31	38	23	24	34	30	36	26	26	35	35	28	24	36	30	31	33	31	36	39	23	39	32	20	26	36	21	38	36	34	33	31	38	22	40	21	38	30	37	33	37	38	38	39	38	26	36	36	26	26	40	20	26	32	22	28	40	21	35	25	31	20	29	39	21	27	26	20	32	31	28	27	34	40	32	28	36	33	28	21	36	31	36	25	36	21	27	20	27	37	21	38	32	24	30	24	26	31	32	26	21	34	23	36	40	31	35	23	29	38	36	20	34	21	40	37	39	26	23	22	30	31	25	35	33	33	39	39	20	39	21	31	34	35	21	30	25	24	31	35	39	22	39	25	28	39	21	31	34	37	33	27	20	33	24	34	33	37	33	28	25	24	23	33	24	35	25	35	33	22	30	28	33	34	30	21	25	31	32	22	23	40	28	38	32	23	27	35	34	21	28	23	26	22	30	30	38	22	25	22	21	28	27	21	29	36	22	32	33	27	35	22	25	33	23	40	24	39	38	26	35	30	22	23	30	35	22	28	34	26	32	37	25	29	28	20	23	30	24	22	36	36	26	35	28	28	36	39	39	40	32	38	31	25	39	27	22	31	33	32	28	35	21	24	23	25	35	37	34	23	40	33	29	37	22	26	38	23	30	33	35	35	29	38	32	35	26	39	40	38	22	26	25	29	30	37	30	35	24	28	34	25	27	20	32	28	34	20	28	38	23	20	39	34	30	26	20	27	30	37	40	33	23	24	33	25	29	39	32	38	34	34	40	37	20	30	39	30	39	38	39	29	30	35	38	23	39	28	23	22	27	32	36	28	33	37	39	32	34	35	36	29	34	24	20	35	32	34	37	39	32	34	23	37	22	39	32	25	25	28	40	39	25	26	37	20	38	34	27	22	35	24	28	32	26	34	20	26	30	24	23	35	24	23	21	31	22	38	29	36	21	39	23	36	30	27	20	32	25	23	26	20	30	39	36	25	36	38	37	33	26	39	34	40	39	22	34	26	35	25	34	23	36	24	21	30	37	37	29	37	21	22	31	40	35	29	25	35	32	29	25	36	37	29	22	37	33	38	34	38	29	24	35	29	24	22	20	34	23	31	33	38	34	24	39	36	28	36	23	33	25	21	24	40	25	28	21	40	30	20	22	40	35	28	24	21	26	20	27	33	33	29	36	21	23	24	24	38	23	36	23	35	26	38	27	23	21	20	31	23	20	22	39	35	29	35	23	29	30	28	28	40	36	30	36	38	35	23	36	34	40	34	34	23	29	37	35	37	29	31	31	31	27	27	29	38	37	22	24	21	32	25	39	30	27	37	39	36	37	39	38	25	40	21	33	34	34	24	27	20	24	24	28	30	33	37	20	31	40	29	28	38	22	29	36	24	33	31	20	35	21	30	30	20	34	25	35	26	22	32	38	32	39	33	37	37	36	40	26	29	27	35	35	35	20	40	27	20	27	36	27	32	30	
47	34	24	45	42	20	44	17	18	41	26	13	49	47	38	28	13	24	48	45	30	10	11	36	49	29	32	32	50	25	35	47	24	35	27	23	22	50	45	41	35	14	25	28	21	35	47	48	28	32	41	22	22	27	16	23	48	42	13	46	23	39	35	33	48	35	19	29	39	32	21	14	21	44	22	13	25	36	23	31	42	18	16	16	35	42	13	36	27	27	18	17	13	28	12	10	32	50	27	42	11	33	41	49	21	34	36	18	22	24	34	19	25	15	33	28	12	47	13	44	11	50	23	29	45	18	33	39	26	24	28	43	15	29	21	12	44	29	42	11	13	26	49	13	43	50	17	27	46	20	32	16	11	16	13	10	17	43	25	37	15	42	22	21	42	14	39	49	26	26	50	36	25	46	43	14	24	36	38	14	39	45	49	26	20	32	40	11	25	49	47	15	43	30	45	16	14	14	22	23	18	38	46	20	18	49	44	49	36	29	30	49	34	47	31	20	40	50	48	25	31	20	43	16	19	23	24	40	45	14	20	10	12	41	39	46	35	21	12	30	39	25	45	10	33	31	13	31	46	16	36	37	46	14	24	16	37	15	50	10	16	49	19	27	44	29	16	50	27	47	22	39	35	48	26	21	20	12	38	28	18	37	33	40	46	33	39	17	32	23	36	20	41	13	37	27	33	10	34	35	30	31	34	22	17	34	24	19	47	27	49	22	29	47	15	12	40	23	42	21	13	41	23	37	33	14	10	27	12	37	21	42	45	29	44	12	19	28	26	46	25	18	25	21	23	10	31	27	31	41	33	36	16	44	46	23	33	14	29	39	26	37	27	39	33	27	50	19	43	13	39	21	20	45	14	18	11	33	37	32	35	31	38	32	41	37	25	27	45	21	39	22	25	43	47	47	18	29	39	43	40	40	33	45	11	27	45	41	27	50	32	49	32	37	36	11	32	27	18	20	10	38	49	17	13	50	17	16	45	41	21	23	14	37	42	37	14	24	44	41	23	48	33	16	45	25	35	31	42	17	11	42	23	41	36	45	14	34	20	38	33	17	21	41	39	13	36	48	31	28	28	28	33	28	28	25	36	41	21	12	21	24	13	22	25	24	27	23	38	21	40	40	16	33	17	25	26	13	31	29	32	17	26	21	27	50	34	36	39	28	44	38	36	42	10	12	20	13	31	36	39	46	14	34	27	34	18	17	18	11	37	49	33	24	36	44	31	16	10	19	48	44	48	35	26	15	11	11	49	25	16	20	50	12	33	20	29	35	43	27	49	35	50	27	13	27	14	43	45	33	32	23	31	32	35	23	46	10	43	40	16	22	18	16	22	19	10	48	14	31	35	23	39	27	27	45	29	27	40	19	22	15	29	50	14	38	49	36	26	12	24	48	12	13	46	36	50	27	28	48	25	48	36	49	31	32	29	33	10	11	29	23	46	28	18	28	31	37	40	41	33	47	22	47	32	40	36	38	25	22	21	20	13	31	42	41	40	18	40	41	31	35	20	16	28	15	16	50	21	14	35	49	35	17	23	45	17	48	39	34	10	21	17	15	14	45	19	32	47	18	39	29	44	45	42	38	11	45	43	33	30	44	11	21	27	50	27	22	21	13	39	33	29	18	34	33	29	44	18	41	35	28	33	16	10	42	30	27	29	20	34	29	38	23	26	15	32	30	20	41	44	20	14	44	42	30	31	13	19	14	35	19	47	22	42	35	45	36	33	34	34	15	47	39	38	26	18	33	21	33	20	50	22	36	14	20	44	20	44	37	49	20	27	35	44	36	41	14	19	29	39	10	29	49	11	41	15	38	45	45	38	12	45	39	14	23	25	28	35	44	42	32	50	48	22	39	10	47	17	45	25	37	14	15	46	33	34	37	19	44	34	41	15	25	21	29	38	39	15	12	42	47	41	42	46	42	39	34	29	15	12	24	47	47	28	18	47	33	10	35	44	28	12	50	46	16	18	19	30	37	11	39	34	23	19	35	39	29	44	47	12	32	19	16	14	10	38	11	25	45	23	37	42	27	28	24	11	20	44	12	48	43	13	30	44	30	35	12	30	42	15	29	10	17	40	49	24	36	41	13	23	35	35	12	48	25	29	21	15	22	35	25	22	33	16	26	26	30	25	32	14	26	20	40	41	29	18	42	47	26	12	25	34	46	36	43	30	39	23	35	30	48	18	28	25	10	29	36	13	31	40	16	15	48	37	31	42	22	14	37	35	17	35	16	10	24	23	27	14	30	37	42	29	41	43	14	11	32	29	31	15	37	23	14	12	44	23	11	38	20	44	44	31	15	13	38	26	35	45	45	43	49	30	12	33	38	37	32	21	43	34	10	18	31	34	26	29	15	15	42	22	10	36	32	28	34	45	49	20	22	37	26	29	16	37	20	27	14	36	21	18	37	12	35	31	22	41	23	20	29	23	42	46	16	50	43	19	39	19	19	41	45	10	12	13	39	28	42	11	45	49	12	25	40	40	15	31	22	30	14	27	22	13	12	12	24	38	46	47	26	10	40	25	32	40	23	39	12	11	48	20	25	12	26	37	37	36	50	37	48	10	41	10	27	22	44	44	29	34	19	32	19	20	31	39	34	12	40	50	10	22	31	48	39	25	21	31	13	18	20	23	44	50	40	37	30	10	25	14	46	31	36	40	46	33	43	12	35	19	19	48	20	20	49	22	22	15	41	25	44	22	15	43	36	25	46	36	16	43	37	46	30	31	16	32	17	19	36	42	28	46	25	27	35	31	22	10	50	50	30	28	24	40	47	16	10	13	27	32	12	17	19	10	46	27	28	42	33	44	29	17	50	28	36	37	22	34	11	12	17	25	14	26	20	24	25	39	40	14	33	35	10	32	44	22	48	29	23	40	45	28	32	21	35	17	22	13	33	37	47	22	40	31	10	19	35	34	17	11	30	23	44	31	28	16	49	11	45	15	20	10	40	15	28	38	49	30	14	16	37	26	18	43	21	44	30	11	36	29	17	37	47	50	42	12	19	26	44	43	47	42	11	36	42	36	45	30	38	12	41	22	27	10	26	25	29	11	32	34	26	45	33	39	35	20	14	39	10	49	21	38	23	39	15	29	38	38	43	38	45	12	45	40	29	47	20	12	48	22	18	10	22	41	36	41	29	43	33	45	34	13	30	29	38	40	24	23	21	46	33	47	36	18	13	23	28	43	11	30	31	13	17	44	18	12	25	21	47	14	38	34	27	16	10	20	14	47	25	29	48	21	14	27	48	29	29	14	17	47	19	47	36	11	10	26	31	49	21	38	31	24	29	48	16	45	43	44	10	35	50	31	42	29	47	44	33	39	10	39	15	36	34	16	16	16	18	20	14	38	24	19	26	18	15	30	34	19	48	12	18	32	38	31	50	49	33	27	48	50	49	16	15	28	35	13	38	14	49	30	34	47	34	41	40	15	40	40	17	13	35	17	16	48	21	22	27	15	50	42	39	47	33	39	43	40	15	38	46	23	24	15	44	12	22	14	35	13	31	14	50	28	23	43	37	26	18	47	47	20	40	50	49	15	46	42	42	42	41	45	34	20	33	11	20	24	37	12	28	49	48	35	28	10	44	42	17	18	30	16	47	49	22	13	44	29	23	37	40	28	15	25	19	23	38	50	29	28	50	48	45	50	32	32	16	16	28	24	42	40	26	15	19	37	47	36	29	10	39	47	30	39	48	22	35	41	15	13	24	42	20	23	40	34	13	20	50	15	25	25	45	30	48	36	23	36	25	49	11	39	31	11	29	20	16	39	19	19	40	14	31	25	38	29	46	20	23	12	34	43	36	28	13	45	33	31	19	21	25	36	42	22	41	18	40	21	44	17	14	48	48	16	35	13	34	43	31	33	39	41	24	10	39	44	20	22	23	43	26	12	30	40	50	49	30	16	29	27	20	50	28	32	10	10	30	15	48	42	30	33	23	18	15	32	35	25	11	21	19	33	27	25	28	22	18	14	24	10	33	49	34	41	23	20	39	41	33	17	42	44	37	47	25	35	42	46	25	46	45	17	31	26	50	48	18	16	33	19	48	21	45	31	47	31	25	32	32	50	29	20	43	27	28	43	13	28	41	12	27	27	41	21	28	24	14	38	43	15	29	49	39	33	41	23	29	24	10	12	32	41	12	49	33	47	38	48	22	48	45	46	35	43	18	26	20	29	11	33	31	21	31	30	48	49	46	43	38	43	13	42	47	23	18	41	42	35	12	40	38	47	31	35	35	13	50	25	17	25	33	32	33	28	26	23	36	28	24	26	17	18	19	26	39	14	12	14	19	24	15	26	12	26	34	39	10	14	32	11	11	23	26	20	50	36	48	45	43	37	23	33	36	25	22	32	25	32	30	27	17	47	33	34	35	21	49	33	20	38	41	44	12	16	23	17	10	39	49	22	16	37	46	40	44	46	29	19	49	13	25	48	12	26	19	32	37	24	41	36	34	46	10	43	39	38	43	30	14	30	39	33	20	31	28	15	20	20	13	14	28	39	23	22	39	34	31	38	27	37	14	26	20	40	26	42	11	50	46	47	45	11	11	36	34	10	44	35	48	46	22	35	15	41	50	49	25	25	22	30	37	11	36	10	13	45	31	11	20	45	33	43	49	25	31	17	25	18	31	17	13	10	50	50	27	33	41	47	20	50	19	33	15	32	40	16	31	22	34	16	17	16	15	20	27	15	22	25	36	39	23	31	49	20	32	45	17	37	40	20	36	10	46	48	34	42	30	21	34	14	48	18	30	47	17	12	21	24	23	48	36	35	46	44	26	47	21	29	43	26	23	41	40	32	16	29	22	20	14	35	32	45	38	42	10	17	49	39	42	14	45	12	35	15	11	42	43	32	16	29	17	13	16	14	26	25	19	17	29	22	37	33	35	46	41	26	17	33	39	18	16	17	25	25	26	37	10	34	29	29	20	13	38	30	13	48	12	34	26	39	26	11	32	43	43	50	49	27	11	15	29	25	36	27	29	16	35	30	13	46	27	20	18	40	35	40	40	29	39	10	45	32	13	38	35	34	27	50	30	14	34	47	29	21	21	14	41	43	14	20	28	39	45	49	36	45	42	25	41	16	37	36	29	44	40	37	31	22	37	48	38	15	23	40	17	31	13	35	16	41	14	16	39	48	44	37	17	16	35	39	42	18	14	16	46	21	37	18	38	35	42	37	38	46	11	37	26	43	31	19	11	30	45	12	10	41	44	48	30	34	17	23	28	21	14	42	47	22	36	17	16	33	34	10	17	36	16	22	25	14	44	41	28	27	36	10	39	36	35	44	27	44	46	22	34	44	46	24	50	47	24	26	24	50	32	18	17	42	50	47	24	46	44	21	36	49	27	27	38	50	37	28	25	32	25	36	45	21	37	39	49	19	33	15	16	46	36	38	15	11	31	14	33	41	41	34	36	25	29	40	24	12	11	32	18	30	30	10	37	44	40	46	29	50	43	40	48	49	17	48	38	23	42	16	44	19	13	33	47	22	11	43	31	39	47	19	32	42	46	35	13	17	45	40	48	45	45	32	33	25	25	23	37	33	11	37	44	29	43	18	21	16	15	20	46	49	24	12	11	27	49	24	31	31	32	13	27	31	16	33	38	11	20	24	40	10	39	38	16	15	10	24	24	27	11	14	44	19	44	23	31	12	10	50	35	22	41	48	25	49	41	26	49	39	21	26	21	11	36	12	38	20	13	44	34	22	39	37	37	16	24	46	18	47	42	26	19	17	11	26	34	12	47	15	17	32	20	40	25	15	21	11	11	37	45	48	12	18	37	21	23	19	48	22	25	27	43	43	41	25	15	12	31	44	44	33	42	29	35	50	29	38	36	10	36	45	43	29	47	44	38	19	48	36	45	13	18	20	21	46	13	23	30	16	10	47	32	41	28	49	19	25	16	18	41	20	23	42	49	12	30	17	30	24	14	44	23	36	43	35	11	35	11	29	50	24	38	40	23	31	17	29	31	33	23	44	14	34	50	16	32	40	50	13	35	39	29	20	34	18	25	49	30	46	43	20	19	36	27	41	26	48	27	26	40	43	24	12	38	13	10	24	43	34	50	43	41	46	37	32	39	26	49	38	48	38	30	46	13	15	27	50	41	43	43	27	47	39	23	41	32	32	10	45	42	35	35	42	40	16	22	38	46	31	50	22	26	47	39	20	32	26	48	31	39	18	10	33	12	32	29	38	15	43	46	46	39	28	21	28	42	24	21	35	25	15	22	18	45	32	14	24	21	38	17	23	29	38	43	37	35	38	43	41	29	48	19	21	35	15	33	18	26	14	50	22	10	32	32	44	44	20	13	44	15	37	10	45	12	34	37	40	37	36	43	25	43	40	39	45	49	30	17	32	23	36	30	26	27	23	24	36	22	20	30	48	22	32	12	33	38	30	36	29	27	10	21	33	17	12	48	38	33	34	48	37	44	43	50	24	28	32	24	44	23	27	18	22	13	50	49	46	28	37	49	20	47	34	36	17	11	16	33	34	45	29	28	18	26	37	24	33	33	21	17	13	23	32	35	16	38	19	24	29	41	38	36	23	34	39	10	28	17	36	27	35	14	40	26	27	43	44	27	23	41	13	37	34	34	39	34	17	47	36	14	24	36	46	15	24	21	49	31	35	45	33	17	34	14	38	35	49	24	23	35	20	13	20	30	11	46	39	32	23	20	41	43	15	25	35	22	42	18	25	22	31	32	41	18	15	23	37	21	10	27	27	42	33	42	27	12	35	30	27	32	30	47	49	15	30	49	25	31	34	43	42	48	18	11	21	35	48	10	17	30	12	45	31	23	39	22	34	27	42	35	44	10	47	49	38	38	28	36	40	37	37	17	20	45	21	42	48	42	18	49	12	46	40	15	47	24	23	28	45	42	18	41	12	24	10	25	26	15	27	36	43	34	29	22	34	40	19	35	42	26	15	36	47	44	20	12	16	20	37	30	10	28	45	29	36	45	19	37	22	22	14	11	17	40	49	27	44	34	19	18	37	11	36	13	42	29	13	12	32	37	16	36	46	25	36	28	47	40	42	12	21	36	46	11	23	38	11	42	45	46	49	24	26	43	38	31	40	48	27	26	47	27	19	16	33	45	41	40	27	45	33	23	24	49	10	45	35	23	39	27	38	18	37	22	11	46	50	18	34	33	15	14	14	50	23	13	44	14	27	23	21	43	33	41	14	47	15	34	25	12	44	41	48	28	49	30	26	25	47	16	26	23	29	18	47	26	36	44	32	17	23	30	29	20	28	42	36	15	20	28	17	50	27	37	45	18	14	33	32	27	40	36	42	20	36	17	35	45	14	21	50	20	46	28	46	43	27	29	50	29	20	37	22	20	16	33	13	47	21	17	22	16	13	45	50	20	21	10	44	19	38	34	39	28	32	20	13	24	16	43	48	15	34	20	32	49	18	30	36	28	35	15	30	17	18	45	35	30	36	40	36	23	12	12	44	25	31	23	34	30	45	11	25	26	19	39	33	41	29	38	43	35	45	46	26	14	31	46	49	43	25	44	43	44	36	48	15	37	29	31	50	37	50	27	31	30	44	44	35	11	40	17	49	37	38	29	26	26	37	17	35	14	46	23	27	16	36	18	37	40	35	20	15	39	17	49	43	19	45	12	31	36	15	26	17	44	33	15	50	13	47	50	45	50	28	29	22	15	32	24	22	37	35	43	20	30	28	16	39	29	40	19	13	19	25	18	39	24	37	14	41	26	36	14	22	44	29	29	31	25	50	18	43	36	29	40	42	27	37	10	34	36	39	10	35	28	25	11	49	13	47	18	33	34	24	10	41	33	26	16	45	42	17	49	30	49	12	50	17	24	12	31	50	25	26	18	30	46	25	47	26	35	20	14	37	38	27	39	32	42	36	50	17	41	33	46	50	34	34	22	13	38	45	50	19	31	20	11	50	27	41	13	27	36	26	35	37	48	24	29	27	23	47	19	31	48	33	29	21	44	31	40	30	22	47	43	27	39	30	42	46	38	19	42	22	40	31	50	26	42	23	31	20	36	17	36	40	16	46	20	19	13	21	42	13	43	19	36	43	26	42	29	13	15	42	11	45	42	
20
50
