4284
120
0	0	0	0	0	0	0	0	0	0	0	0	0	0	0	0	0	0	0	0	0	0	0	0	0	0	0	0	0	0	0	0	0	0	0	0	0	0	0	0	0	0	0	0	0	0	0	96	0	0	0	0	0	0	0	0	0	0	0	0	0	0	0	0	0	0	0	0	0	0	0	0	0	0	0	0	0	0	0	0	0	0	0	0	0	0	0	0	0	0	0	0	0	0	0	0	0	0	0	0	500	0	0	0	0	0	0	0	0	0	0	0	0	0	0	0	0	0	0	0	
0	0	0	0	0	0	0	0	0	0	0	0	0	0	0	0	0	0	0	500	0	0	0	0	0	0	0	0	0	0	0	0	0	0	0	0	0	0	0	0	0	0	0	0	0	0	0	0	0	0	0	0	0	0	0	0	0	0	0	0	0	0	0	0	0	0	0	0	0	0	0	0	0	0	0	0	0	0	0	0	0	0	0	0	0	0	0	0	0	0	0	0	0	0	0	0	0	0	0	0	0	0	0	0	0	0	192	0	0	0	0	0	0	0	0	0	0	0	0	0	
0	0	0	0	0	0	0	0	0	0	0	0	0	0	0	0	0	0	0	0	0	0	0	0	0	0	0	0	0	0	0	0	0	0	0	0	0	0	0	0	0	0	0	0	0	0	0	0	0	0	0	0	0	0	0	0	0	0	0	0	0	0	0	0	0	0	0	0	0	0	0	0	0	0	0	0	0	48	0	0	192	0	0	0	0	0	0	0	0	0	0	0	0	0	0	0	0	0	500	0	0	0	0	0	0	0	0	0	0	0	0	0	0	0	0	0	0	0	0	0	
0	0	0	0	0	0	0	0	0	0	0	0	0	0	96	0	0	0	0	0	500	0	0	0	0	0	0	0	0	0	0	0	0	0	0	0	0	0	0	0	0	0	0	0	0	0	0	0	0	0	0	0	0	0	0	0	0	0	0	0	0	0	0	0	0	0	0	0	0	0	0	0	0	0	0	0	0	0	0	0	0	0	0	0	0	0	0	0	0	0	0	0	0	0	0	0	0	0	0	0	0	0	0	0	0	0	0	0	0	0	0	0	0	0	0	0	0	0	0	0	
0	0	0	0	0	0	0	0	0	0	0	0	0	0	0	0	0	0	0	0	0	0	0	96	0	0	0	0	0	0	0	0	0	0	500	0	0	0	0	0	0	0	0	0	0	0	0	0	0	0	0	0	0	0	0	0	0	0	0	0	0	0	0	0	0	0	0	0	0	0	0	0	0	0	0	0	0	0	0	0	0	0	0	0	0	0	0	0	0	0	0	0	0	0	0	0	0	0	0	0	0	0	0	0	0	0	0	0	0	0	0	0	0	0	0	0	0	0	0	0	
0	0	0	0	0	0	0	0	0	0	0	0	0	0	0	0	0	0	0	0	0	0	0	0	0	0	0	0	0	0	48	0	192	0	0	0	0	0	0	0	0	0	0	0	0	0	0	0	0	0	0	0	48	0	0	0	0	0	0	0	0	0	0	0	0	0	0	0	0	0	0	0	0	0	0	0	0	0	0	0	0	0	0	0	0	0	0	0	0	0	0	0	0	0	0	0	0	0	0	0	0	0	0	0	0	0	0	0	0	0	0	0	0	0	0	0	0	0	0	0	
0	0	0	0	0	0	0	0	0	0	0	0	0	0	0	0	0	0	0	0	0	0	0	0	0	0	0	0	0	0	0	0	0	0	0	0	0	0	0	0	0	0	0	0	0	0	0	0	0	0	0	0	0	0	0	0	0	0	0	0	0	0	0	0	0	192	0	0	0	0	0	0	0	0	0	0	0	0	0	0	0	0	0	0	0	0	0	0	0	0	0	0	0	0	500	0	0	0	0	0	0	0	0	0	0	0	0	0	0	0	0	0	0	0	0	0	0	0	0	0	
0	0	0	0	0	0	0	0	0	0	0	0	0	0	0	0	0	0	0	0	0	0	0	0	0	0	0	0	0	0	0	0	0	0	0	0	0	0	0	0	0	0	0	0	0	0	0	0	0	0	0	0	0	0	0	0	0	0	0	0	0	0	0	0	0	0	0	0	0	0	0	0	0	0	0	0	0	0	0	0	0	0	0	0	48	0	0	0	0	0	0	0	0	48	0	0	0	0	0	0	0	0	0	0	0	0	0	0	0	0	0	0	0	0	0	0	0	0	0	0	
0	0	0	0	0	0	0	0	0	0	0	0	0	0	0	0	0	0	0	0	0	0	0	0	0	0	0	0	0	0	0	0	0	0	0	0	0	0	0	0	0	0	0	0	0	96	0	0	0	0	0	0	0	0	0	0	0	0	0	0	0	0	0	0	0	0	0	0	0	0	0	0	0	0	0	0	0	0	0	0	0	0	0	0	0	0	0	0	0	0	0	0	0	0	0	0	0	0	0	48	0	0	0	0	0	0	0	0	0	0	0	0	0	0	0	0	0	0	0	0	
0	0	0	0	0	0	0	0	0	0	0	0	0	0	0	0	0	0	0	0	0	0	0	0	0	0	0	0	0	0	0	0	0	0	0	0	0	0	0	0	0	0	0	0	0	0	0	0	0	0	0	0	0	0	0	0	0	0	0	0	0	0	0	0	0	0	0	0	0	192	0	0	0	0	0	0	0	0	0	0	0	0	0	0	0	0	0	0	0	0	0	0	0	0	0	0	0	0	0	0	0	0	48	0	0	0	0	0	0	0	0	0	0	0	0	0	0	0	0	0	
0	0	0	0	0	0	0	0	0	0	0	0	0	0	0	0	0	0	0	0	0	0	0	0	0	0	0	0	0	0	0	0	0	0	0	0	0	0	0	0	96	500	0	0	0	0	0	0	0	0	0	0	0	0	0	0	0	0	0	0	0	0	0	0	0	0	0	192	0	0	0	0	0	0	0	0	0	0	0	0	0	0	0	0	0	0	0	0	0	0	0	48	0	0	0	0	0	0	0	0	0	0	0	0	0	0	0	0	0	0	96	0	0	0	0	0	0	0	0	0	
0	0	0	0	0	0	0	0	0	0	0	0	0	0	0	0	0	0	0	0	0	0	0	0	0	0	0	0	0	0	0	96	0	0	0	0	96	0	0	0	0	0	0	0	0	0	0	0	0	0	0	0	0	0	0	0	0	0	0	0	0	0	0	0	0	0	0	0	0	0	0	0	0	0	0	0	0	0	0	0	0	0	0	0	0	0	0	0	0	0	0	0	0	0	0	0	0	0	0	0	0	0	0	0	0	0	0	0	0	0	0	0	0	0	0	0	0	0	0	0	
0	0	0	0	0	0	0	0	0	0	0	0	0	0	0	0	0	0	0	0	0	0	0	0	192	0	0	0	0	0	0	0	0	0	0	96	0	0	0	0	0	0	0	0	0	0	0	0	0	0	0	0	0	0	0	0	0	0	0	0	0	0	0	0	0	0	0	0	0	0	0	0	0	0	0	0	0	0	0	48	0	0	0	0	0	0	0	0	0	0	0	0	0	0	0	0	0	0	0	0	0	0	0	0	0	0	0	0	96	0	0	0	0	0	0	0	0	0	0	0	
0	0	0	0	0	0	0	0	0	0	0	0	0	0	0	0	0	0	0	0	0	0	0	0	0	0	0	0	0	96	0	0	0	0	0	0	0	0	0	0	0	0	0	0	0	0	0	0	0	0	0	0	0	0	0	0	0	0	0	0	0	0	0	0	0	0	0	0	500	0	0	0	0	0	0	0	0	0	0	0	0	0	0	0	0	0	0	0	0	0	0	0	0	0	0	0	0	0	0	0	0	0	0	0	0	0	0	0	0	0	0	0	0	0	0	48	0	0	0	0	
0	0	0	96	0	0	0	0	0	0	0	0	0	0	0	0	0	0	0	0	0	0	0	0	0	0	0	0	0	0	0	0	0	0	0	0	0	0	0	0	0	0	0	0	0	0	0	0	0	0	0	0	0	0	0	0	0	0	0	0	500	0	0	0	0	0	0	0	0	0	0	0	0	0	0	0	0	0	0	0	0	0	0	0	0	0	0	0	0	0	0	0	0	0	0	0	0	0	0	0	0	0	0	0	0	0	0	0	0	0	0	0	0	0	0	0	0	0	0	0	
0	0	0	0	0	0	0	0	0	0	0	0	0	0	0	0	0	0	0	0	0	0	0	0	0	0	0	0	0	0	0	0	0	0	0	0	0	0	0	96	0	0	0	0	0	0	0	0	0	0	0	0	0	0	0	0	0	0	0	0	0	0	0	0	0	0	0	0	0	0	0	0	0	0	0	0	0	0	0	0	0	0	0	0	0	0	0	0	0	0	0	0	0	0	0	0	0	192	0	0	0	0	0	0	0	0	0	0	0	0	0	0	0	0	0	0	0	0	0	0	
0	0	0	0	0	0	0	0	0	0	0	0	0	0	0	0	0	0	0	0	0	0	0	0	0	0	0	0	0	0	0	0	0	0	0	0	0	0	0	0	0	0	0	0	0	0	0	0	0	0	0	0	0	0	0	96	0	0	0	0	0	0	0	0	0	0	0	0	0	0	0	0	0	0	0	0	0	0	0	0	0	0	0	0	0	0	0	0	0	0	0	0	0	0	0	0	0	0	0	0	0	0	0	0	0	0	0	0	0	0	0	0	0	0	48	0	96	0	0	0	
0	0	0	0	0	0	0	0	0	0	0	0	0	0	0	0	0	0	0	0	0	0	0	0	0	0	0	0	0	0	0	0	0	0	0	0	0	0	0	0	0	0	0	0	0	500	0	0	0	0	0	0	0	0	0	0	0	0	0	0	0	0	0	0	0	0	0	0	0	0	0	0	0	0	0	0	0	0	0	0	0	0	0	0	0	0	0	0	0	192	0	0	0	0	0	0	0	0	0	0	0	0	0	0	0	192	0	0	0	0	0	0	0	0	0	0	0	0	0	0	
0	0	0	0	0	0	0	0	0	0	0	0	0	0	0	0	0	0	0	0	0	0	0	0	0	0	0	0	0	0	0	0	0	0	0	0	0	0	0	0	0	0	0	0	0	0	0	0	0	0	0	48	0	0	0	0	0	0	0	0	0	0	0	0	0	0	96	0	0	0	0	0	0	0	0	0	0	0	0	0	0	0	0	0	0	0	0	0	0	0	0	0	0	0	0	0	0	0	0	0	0	0	0	0	0	0	0	0	0	0	0	0	0	0	0	0	0	0	0	0	
0	500	0	0	0	0	0	0	0	0	0	0	0	0	0	0	0	0	0	0	0	0	0	0	0	0	0	0	0	0	0	0	0	0	0	0	0	0	0	48	0	0	0	0	0	0	0	0	0	0	0	0	0	0	0	0	0	0	0	0	0	0	0	48	0	0	0	0	0	0	0	0	0	0	0	0	0	0	0	0	0	0	0	0	0	0	0	0	0	0	0	0	0	0	0	0	0	192	0	0	0	0	0	0	0	0	192	0	0	0	0	0	0	0	0	0	0	0	0	0	
0	0	0	500	0	0	0	0	0	0	0	0	0	0	0	0	0	0	0	0	0	0	0	0	0	0	0	0	0	0	0	0	0	0	0	0	0	0	0	0	0	0	0	0	0	0	0	500	0	0	0	0	0	0	0	0	0	0	0	0	48	0	0	0	0	0	0	0	0	0	0	0	0	0	0	0	0	0	0	0	0	0	0	0	0	0	0	0	0	0	0	0	0	0	0	0	0	0	0	0	500	0	0	0	0	0	0	0	0	0	0	0	0	0	0	0	0	0	0	0	
0	0	0	0	0	0	0	0	0	0	0	0	0	0	0	0	0	0	0	0	0	0	0	0	0	0	0	48	0	0	0	0	0	0	0	0	0	0	0	0	0	0	0	0	0	0	0	0	0	0	0	0	0	0	0	0	0	0	0	0	0	0	0	0	0	0	0	0	0	0	0	0	0	0	0	0	0	0	0	0	0	48	0	0	0	0	0	0	0	0	0	0	0	0	0	0	48	0	0	0	0	0	0	0	0	0	0	0	0	0	0	0	0	0	0	0	0	0	0	0	
0	0	0	0	0	0	0	0	0	0	0	0	0	0	0	0	0	0	0	0	0	0	0	0	0	0	0	0	0	0	0	0	96	0	0	0	0	0	0	0	0	0	0	0	0	0	0	0	0	0	0	0	96	0	0	0	0	0	0	0	0	0	0	0	0	0	0	0	0	0	0	0	0	0	0	0	0	0	0	0	0	0	0	0	0	0	0	0	0	0	0	0	0	0	0	0	0	0	0	0	0	0	0	0	0	0	0	48	0	0	0	0	0	0	0	0	0	0	0	0	
0	0	0	0	96	0	0	0	0	0	0	0	0	0	0	0	0	0	0	0	0	0	0	0	0	0	0	0	0	0	0	0	0	0	96	0	0	0	0	0	0	0	0	0	0	0	0	0	0	0	0	0	0	0	0	0	0	0	0	0	0	0	0	0	0	0	0	0	0	0	0	0	0	0	0	0	0	0	0	0	0	0	0	0	0	0	0	0	0	0	0	0	0	0	0	0	0	0	0	0	0	0	0	0	0	0	0	0	0	96	0	0	0	0	0	0	0	0	0	0	
0	0	0	0	0	0	0	0	0	0	0	0	192	0	0	0	0	0	0	0	0	0	0	0	0	0	0	0	0	0	0	0	0	0	0	96	0	0	0	0	0	0	0	0	0	0	0	0	0	0	0	0	0	0	0	0	0	0	0	0	0	0	0	0	0	0	0	0	0	0	0	0	0	0	0	0	0	0	0	96	0	0	0	0	0	0	0	0	0	0	0	0	0	0	0	0	0	0	0	0	0	0	0	0	0	0	0	0	0	0	0	0	0	0	0	0	0	0	0	0	
0	0	0	0	0	0	0	0	0	0	0	0	0	0	0	0	0	0	0	0	0	0	0	0	0	0	0	0	0	0	0	0	0	0	0	0	0	0	0	0	0	0	0	500	0	0	0	0	0	0	0	0	0	0	0	0	0	0	0	0	0	0	48	0	0	0	0	0	0	0	0	0	0	0	0	0	0	0	0	0	0	0	0	0	0	0	0	0	0	0	0	0	0	0	0	0	0	0	0	0	0	0	0	0	0	0	0	0	0	0	0	0	0	0	0	0	0	0	96	0	
0	0	0	0	0	0	0	0	0	0	0	0	0	0	0	0	0	0	0	0	0	0	0	0	0	0	0	0	96	0	0	0	0	0	0	0	0	0	0	0	0	0	0	0	0	0	0	0	0	0	0	0	0	0	0	0	0	0	0	0	0	0	0	0	0	0	0	0	0	0	0	0	0	0	0	0	0	0	0	0	0	0	0	0	0	0	0	0	0	0	0	0	0	0	0	0	0	0	0	0	0	0	0	0	0	0	0	0	0	0	0	0	192	0	0	0	0	0	0	0	
0	0	0	0	0	0	0	0	0	0	0	0	0	0	0	0	0	0	0	0	0	48	0	0	0	0	0	0	0	0	0	0	0	0	0	0	0	0	0	0	0	0	0	0	0	0	0	0	0	0	0	0	0	0	0	0	0	0	0	0	0	0	0	0	0	0	0	0	0	0	0	0	0	0	0	0	0	0	0	0	0	0	0	0	0	0	0	0	0	0	0	0	0	0	0	0	0	0	0	0	0	0	0	0	0	0	0	0	0	0	0	0	0	0	0	0	96	0	0	500	
0	0	0	0	0	0	0	0	0	0	0	0	0	0	0	0	0	0	0	0	0	0	0	0	0	0	96	0	0	0	0	0	0	0	0	0	0	0	0	0	0	0	0	0	0	0	0	0	0	0	0	0	0	0	0	0	0	192	0	0	0	0	0	0	0	0	0	0	0	0	0	0	0	0	0	0	0	0	0	0	0	0	0	0	0	96	0	0	0	0	0	0	0	0	0	0	0	0	0	0	0	0	0	0	0	48	0	0	0	0	0	0	192	0	0	0	0	0	0	0	
0	0	0	0	0	0	0	0	0	0	0	0	0	96	0	0	0	0	0	0	0	0	0	0	0	0	0	0	0	0	0	0	0	0	0	0	0	0	0	0	0	0	48	0	0	0	0	0	0	0	0	0	0	0	0	0	0	0	0	0	0	0	0	48	0	0	0	0	0	0	0	96	0	0	0	96	0	0	0	0	0	0	0	0	0	0	0	0	0	0	0	0	0	0	0	0	0	0	0	0	0	0	0	0	0	0	0	0	0	0	0	0	0	0	0	0	0	0	0	0	
0	0	0	0	0	48	0	0	0	0	0	0	0	0	0	0	0	0	0	0	0	0	0	0	0	0	0	0	0	0	0	0	0	0	0	0	0	0	0	0	0	0	0	0	0	0	0	0	0	0	0	192	0	0	0	0	0	0	0	0	0	0	0	0	0	0	192	500	0	0	0	0	0	0	0	0	0	0	0	0	0	0	0	0	0	0	96	0	0	0	0	0	0	0	0	0	0	0	0	0	0	0	0	0	0	0	0	0	0	0	0	0	0	0	0	0	0	0	0	0	
0	0	0	0	0	0	0	0	0	0	0	96	0	0	0	0	0	0	0	0	0	0	0	0	0	0	0	0	0	0	0	0	0	0	0	0	192	0	0	0	0	0	0	0	0	0	0	0	0	0	0	0	0	0	0	0	0	0	500	0	0	0	0	0	0	0	0	0	0	0	0	0	0	0	0	0	0	0	0	0	0	0	0	0	0	0	0	0	0	0	0	0	0	0	0	0	0	0	0	0	0	0	0	0	0	0	0	0	0	0	0	0	0	192	0	0	0	0	0	0	
0	0	0	0	0	192	0	0	0	0	0	0	0	0	0	0	0	0	0	0	0	0	96	0	0	0	0	0	0	0	0	0	0	0	0	0	0	0	0	0	0	0	0	0	0	0	0	0	0	0	0	0	0	0	0	0	0	0	0	0	0	0	0	0	0	0	0	0	0	0	0	0	0	0	0	0	0	0	0	0	0	0	0	0	0	0	0	0	0	0	0	0	0	0	0	0	0	0	0	0	0	0	0	0	0	0	0	0	0	0	0	0	0	0	0	0	0	0	0	0	
0	0	0	0	0	0	0	0	0	0	0	0	0	0	0	0	0	0	0	0	0	0	0	0	0	0	0	0	0	0	0	0	0	0	0	0	0	0	0	0	0	0	0	0	0	0	0	0	0	0	0	0	0	0	0	0	0	0	0	0	0	0	0	0	0	0	0	0	0	0	96	0	0	0	0	0	0	0	0	0	0	0	0	192	0	0	0	0	500	0	0	0	0	0	0	0	0	0	0	0	0	0	0	0	0	0	0	0	0	0	0	0	0	0	0	0	0	0	0	0	
0	0	0	0	500	0	0	0	0	0	0	0	0	0	0	0	0	0	0	0	0	0	0	96	0	0	0	0	0	0	0	0	0	0	0	0	0	0	0	0	0	0	0	0	0	0	0	0	0	0	0	0	0	0	0	0	0	0	0	0	0	0	0	0	0	0	0	0	0	0	0	0	0	0	0	0	0	0	0	0	0	0	0	0	0	0	96	96	0	0	0	0	0	0	0	0	0	0	0	0	0	0	0	0	0	0	0	0	0	0	0	0	0	0	0	0	0	0	0	0	
0	0	0	0	0	0	0	0	0	0	0	0	96	0	0	0	0	0	0	0	0	0	0	0	96	0	0	0	0	0	0	0	0	0	0	0	0	0	0	0	0	0	0	0	0	0	0	0	0	0	0	0	0	0	0	0	0	0	0	0	0	0	0	0	0	0	0	0	0	0	0	0	0	0	0	0	0	0	0	0	0	0	0	0	0	0	0	0	0	0	0	0	0	0	0	0	0	0	0	0	0	0	0	0	0	0	0	0	500	0	0	0	0	0	0	0	0	0	0	0	
0	0	0	0	0	0	0	0	0	0	0	96	0	0	0	0	0	0	0	0	0	0	0	0	0	0	0	0	0	0	0	192	0	0	0	0	0	0	0	0	0	0	0	0	0	0	0	0	0	0	0	0	0	0	0	0	0	0	0	0	0	0	0	0	0	0	0	0	0	0	0	0	0	0	0	0	0	0	0	0	0	0	0	0	0	0	0	0	0	0	0	0	0	0	0	0	0	0	0	0	0	0	0	0	0	0	0	0	0	0	0	0	0	0	0	0	0	0	0	0	
0	0	0	0	0	0	0	0	0	0	0	0	0	0	0	0	0	0	0	0	0	0	0	0	0	0	0	0	0	0	0	0	0	0	0	0	0	0	0	0	0	0	48	0	0	0	0	0	0	0	0	0	0	0	0	0	96	0	0	0	0	0	0	0	0	0	0	0	0	0	0	0	0	0	48	0	0	0	0	0	0	0	0	0	0	0	0	0	0	0	96	0	0	0	0	0	0	0	0	0	0	0	0	0	0	0	0	0	0	0	0	0	0	0	0	0	0	0	0	0	
0	0	0	0	0	0	0	0	0	0	0	0	0	0	0	0	0	0	0	0	0	0	0	0	0	0	0	0	0	0	0	0	0	0	0	0	0	0	0	0	0	0	0	0	0	0	0	0	0	48	0	0	0	0	0	0	0	0	0	0	0	500	0	0	0	0	0	0	0	0	0	0	0	0	0	0	0	0	0	0	0	0	0	0	0	0	0	0	0	0	0	0	0	0	0	0	0	0	0	0	0	0	0	0	0	0	0	0	0	0	0	0	0	0	0	0	0	0	0	0	
0	0	0	0	0	0	0	0	0	0	0	0	0	0	0	96	0	0	0	48	0	0	0	0	0	0	0	0	0	0	0	0	0	0	0	0	0	0	0	0	0	0	0	0	0	0	0	0	0	0	0	0	0	0	0	0	0	0	0	0	0	0	0	192	0	0	0	0	0	0	0	0	0	0	0	0	0	0	0	0	0	0	0	0	0	0	0	0	0	0	0	0	0	0	0	0	0	96	0	0	0	0	0	0	0	0	0	0	0	0	0	0	0	0	0	0	0	0	0	0	
0	0	0	0	0	0	0	0	0	0	96	0	0	0	0	0	0	0	0	0	0	0	0	0	0	0	0	0	0	0	0	0	0	0	0	0	0	0	0	0	0	500	0	0	0	0	0	0	0	0	0	0	0	0	0	0	0	0	0	0	0	0	0	0	0	0	0	0	0	0	0	0	0	0	0	0	0	0	0	0	0	0	0	0	0	0	0	0	0	0	0	0	0	0	0	0	0	0	0	0	0	0	0	0	0	0	0	0	0	0	0	0	0	0	0	0	0	0	0	0	
0	0	0	0	0	0	0	0	0	0	500	0	0	0	0	0	0	0	0	0	0	0	0	0	0	0	0	0	0	0	0	0	0	0	0	0	0	0	0	0	500	0	0	0	0	0	0	0	0	0	0	0	0	0	0	0	0	0	0	0	0	0	0	0	0	0	0	0	0	0	0	0	0	0	0	0	0	0	0	0	0	0	0	0	0	0	0	0	0	0	0	0	0	0	0	0	0	0	0	0	0	0	0	0	0	0	0	0	0	0	192	0	0	0	0	0	0	0	0	0	
0	0	0	0	0	0	0	0	0	0	0	0	0	0	0	0	0	0	0	0	0	0	0	0	0	0	0	0	0	48	0	0	0	0	0	0	0	48	0	0	0	0	0	0	0	0	0	0	0	0	0	0	0	0	0	0	0	0	0	0	0	0	0	0	0	0	0	0	0	0	0	0	0	0	0	0	0	0	0	0	0	0	0	0	0	0	0	0	0	0	0	0	0	0	0	0	0	0	0	0	0	0	0	0	0	0	0	0	0	0	0	0	0	0	0	0	0	0	0	0	
0	0	0	0	0	0	0	0	0	0	0	0	0	0	0	0	0	0	0	0	0	0	0	0	0	500	0	0	0	0	0	0	0	0	0	0	0	0	0	0	0	0	0	0	0	0	0	0	0	0	0	0	0	0	0	0	0	0	0	0	0	0	0	0	0	0	0	0	0	0	0	0	0	0	0	0	0	0	0	0	0	0	0	0	0	0	0	0	0	0	0	0	0	0	0	0	0	0	0	0	0	0	0	0	0	0	0	0	0	0	0	0	0	0	0	0	0	0	48	0	
0	0	0	0	0	0	0	0	0	0	0	0	0	0	0	0	0	0	0	0	0	0	0	0	0	0	0	0	0	0	0	0	0	0	0	0	0	0	0	0	0	0	0	0	0	0	0	0	0	0	0	0	0	0	0	0	0	0	0	0	0	0	0	0	48	0	0	0	0	500	0	0	0	0	0	0	0	0	96	0	0	0	0	0	0	0	0	0	0	0	0	0	0	0	0	0	0	0	0	0	0	0	96	0	0	0	0	0	0	0	0	0	0	0	0	0	0	0	0	0	
0	0	0	0	0	0	0	0	96	0	0	0	0	0	0	0	0	500	0	0	0	0	0	0	0	0	0	0	0	0	0	0	0	0	0	0	0	0	0	0	0	0	0	0	0	0	0	0	0	0	0	0	0	0	0	0	0	0	0	0	0	0	0	0	0	0	0	0	0	0	0	0	0	0	0	0	0	0	0	0	0	0	0	0	0	0	0	0	0	0	0	0	0	0	0	0	0	0	0	0	0	0	0	0	0	0	0	0	0	0	0	0	0	0	0	0	0	0	0	0	
0	0	0	0	0	0	0	0	0	0	0	0	0	0	0	0	0	0	0	0	0	0	0	0	0	0	0	0	0	0	0	0	0	0	0	0	0	0	0	0	0	0	0	0	0	0	0	0	0	192	192	0	0	0	0	0	0	0	0	0	0	48	0	0	0	0	0	0	0	0	0	0	0	0	0	0	0	0	0	0	0	0	0	0	0	0	0	0	0	0	0	0	0	0	0	0	0	0	0	0	0	0	0	0	0	0	0	0	0	0	0	48	0	0	0	0	0	0	0	0	
96	0	0	0	0	0	0	0	0	0	0	0	0	0	0	0	0	0	0	0	500	0	0	0	0	0	0	0	0	0	0	0	0	0	0	0	0	0	0	0	0	0	0	0	0	0	0	0	0	0	0	0	0	0	0	0	0	0	0	0	0	0	0	0	0	0	0	0	0	0	0	0	0	0	0	0	0	0	0	0	0	0	0	0	0	0	0	0	0	0	0	0	0	0	0	0	0	0	0	0	0	0	0	0	0	0	0	0	0	0	0	0	0	0	0	0	0	0	0	0	
0	0	0	0	0	0	0	0	0	0	0	0	0	0	0	0	0	0	0	0	0	0	0	0	0	0	0	0	0	0	0	0	0	0	0	0	0	0	0	0	0	0	0	0	0	0	0	0	0	0	0	0	0	0	0	0	0	0	0	0	0	0	0	0	0	0	0	0	0	0	0	0	0	0	0	0	0	96	0	0	0	0	0	0	0	0	0	0	0	0	0	0	0	0	0	0	0	0	0	0	0	0	0	0	0	0	0	0	0	0	0	0	0	0	0	192	0	0	0	96	
0	0	0	0	0	0	0	0	0	0	0	0	0	0	0	0	0	0	0	0	0	0	0	0	0	0	0	0	0	0	0	0	0	0	0	0	0	0	48	0	0	0	0	0	0	0	192	0	0	0	0	0	0	0	0	0	0	0	0	0	0	0	0	0	0	0	0	0	0	0	0	0	0	0	0	0	0	0	0	0	0	0	0	0	0	0	0	0	0	0	0	0	0	0	0	0	0	0	0	0	0	0	0	0	0	0	0	0	0	0	0	0	0	0	0	0	0	0	0	0	
0	0	0	0	0	0	0	0	0	0	0	0	0	0	0	0	0	0	0	0	0	0	0	0	0	0	0	0	0	0	0	0	0	0	0	0	0	0	0	0	0	0	0	0	0	0	192	0	0	0	0	0	0	0	0	0	0	0	0	0	0	0	0	0	0	0	0	0	0	0	0	0	0	0	0	0	96	0	0	0	0	0	0	0	0	0	0	0	0	0	0	0	0	0	0	0	0	0	0	0	0	0	0	0	0	0	0	0	0	0	0	192	0	0	0	0	0	0	0	0	
0	0	0	0	0	0	0	0	0	0	0	0	0	0	0	0	0	0	48	0	0	0	0	0	0	0	0	0	0	0	192	0	0	0	0	0	0	0	0	0	0	0	0	0	0	0	0	0	0	0	0	0	0	0	0	0	0	0	0	0	0	0	0	0	0	0	500	0	0	0	0	0	0	0	0	0	0	0	0	0	0	0	0	0	0	0	0	0	0	0	0	0	0	0	0	0	0	0	0	0	0	0	0	0	0	0	0	0	0	0	0	0	0	0	0	0	0	0	0	0	
0	0	0	0	0	48	0	0	0	0	0	0	0	0	0	0	0	0	0	0	0	0	96	0	0	0	0	0	0	0	0	0	0	0	0	0	0	0	0	0	0	0	0	0	0	0	0	0	0	0	0	0	0	0	0	0	0	0	0	0	0	0	0	0	0	0	0	0	0	0	0	0	0	0	0	0	0	0	0	0	0	0	0	0	0	0	0	0	0	0	0	0	0	0	0	0	0	0	0	0	0	0	0	0	0	0	0	0	0	0	0	0	0	0	0	0	0	0	0	0	
0	0	0	0	0	0	0	0	0	0	0	0	0	0	0	0	0	0	0	0	0	0	0	0	0	0	0	0	0	0	0	0	0	0	0	0	0	0	0	0	0	0	0	0	0	0	0	0	0	0	0	0	0	0	0	0	0	0	0	0	0	0	0	0	0	0	0	0	0	0	0	0	0	0	0	0	0	0	0	0	0	0	0	0	0	0	0	0	0	0	0	96	0	0	0	0	0	0	0	0	0	0	0	0	0	0	0	500	0	0	0	0	0	0	0	0	0	0	0	0	
0	0	0	0	0	0	0	0	0	0	0	0	0	0	0	0	0	0	0	0	0	0	0	0	0	0	0	0	0	0	0	0	0	0	0	0	0	0	0	0	0	0	0	0	0	0	0	0	0	0	0	0	0	0	0	0	0	0	0	0	0	0	0	0	0	48	0	0	0	0	0	0	96	0	0	0	0	0	0	0	0	192	0	0	0	0	0	0	0	0	0	0	48	0	500	0	0	0	0	0	0	0	0	0	0	0	0	0	0	0	0	0	0	0	0	0	0	0	0	0	
0	0	0	0	0	0	0	0	0	0	0	0	0	0	0	0	96	0	0	0	0	0	0	0	0	0	0	0	0	0	0	0	0	0	0	0	0	0	0	0	0	0	0	0	0	0	0	0	0	0	0	0	0	0	0	0	0	0	0	0	0	0	0	0	0	0	0	0	0	0	0	0	0	0	0	0	0	0	0	0	0	0	0	0	0	0	0	0	0	0	0	0	0	0	0	0	0	0	0	0	0	48	0	0	0	0	0	0	0	0	0	0	0	0	96	0	0	0	0	0	
0	0	0	0	0	0	0	0	0	0	0	0	0	0	0	0	0	0	0	0	0	0	0	0	0	0	0	0	0	0	0	0	0	0	0	0	0	96	0	0	0	0	0	0	0	0	0	0	0	0	0	0	0	0	0	0	0	0	0	0	0	0	0	0	0	0	0	0	0	0	0	0	0	0	500	0	0	0	0	0	0	0	0	0	0	0	0	0	0	0	500	0	0	0	0	0	0	0	0	0	0	0	0	0	0	0	0	0	0	0	0	0	0	0	0	0	0	0	0	0	
0	0	0	0	0	0	0	0	0	0	0	0	0	0	0	0	0	0	0	0	0	0	0	0	0	0	0	0	192	0	0	0	0	0	0	0	0	0	0	0	0	0	0	0	0	0	0	0	0	0	0	0	0	0	0	0	0	0	0	0	0	0	0	0	0	0	0	0	0	0	0	0	0	0	0	0	0	0	0	0	0	0	0	0	0	0	0	0	0	0	0	0	0	0	0	0	0	0	0	192	0	0	0	0	0	0	0	0	0	0	0	0	0	0	0	0	0	0	0	0	
0	0	0	0	0	0	0	0	0	0	0	0	0	0	0	0	0	0	0	0	0	0	0	0	0	0	0	0	0	0	0	500	0	0	0	0	0	0	0	0	0	0	0	0	0	0	0	0	0	0	0	0	0	0	0	0	0	0	0	0	0	0	0	0	0	0	0	0	0	0	0	0	0	0	0	0	0	0	0	0	0	0	0	0	0	0	0	0	0	0	0	0	0	0	0	0	0	0	0	0	0	0	0	0	48	0	0	0	0	0	0	0	0	0	0	0	0	0	0	0	
0	0	0	0	0	0	0	0	0	0	0	0	0	0	0	0	0	0	0	0	0	0	0	0	0	0	0	0	0	0	0	0	0	0	0	0	0	0	0	0	0	0	0	0	0	0	0	0	0	0	0	0	0	0	0	0	0	0	0	0	0	0	0	0	0	0	0	0	0	0	0	0	0	0	0	0	0	0	0	0	0	0	0	0	0	0	0	0	0	0	0	0	0	0	0	0	0	0	0	0	0	0	0	96	0	0	0	0	0	0	0	0	0	48	0	0	0	0	0	0	
0	0	0	0	0	0	0	0	0	0	0	0	0	0	500	0	0	0	0	0	48	0	0	0	0	0	0	0	0	0	0	0	0	0	0	0	0	0	0	0	0	0	0	0	0	0	0	0	0	0	0	0	0	0	0	0	0	0	0	0	0	0	0	0	0	0	0	0	0	0	0	0	0	0	0	0	0	0	0	0	0	0	0	0	0	0	0	0	0	0	0	0	0	0	0	0	0	0	0	0	0	0	0	0	0	0	0	0	0	0	0	0	0	0	0	0	0	0	0	0	
0	0	0	0	0	0	0	0	0	0	0	0	0	0	0	0	0	0	0	0	0	0	0	0	0	0	0	0	0	0	0	0	0	0	0	0	0	0	500	0	0	0	0	0	0	0	48	0	0	0	0	0	0	0	0	0	0	0	0	0	0	0	0	0	0	0	0	0	0	0	0	0	0	0	0	0	0	0	0	0	0	0	0	0	0	0	0	0	0	0	0	0	0	0	0	0	0	0	0	0	0	0	0	0	0	0	0	0	0	0	0	0	0	0	0	0	0	0	0	0	
0	0	0	0	0	0	0	0	0	0	0	0	0	0	0	0	0	0	0	0	0	0	0	0	0	48	0	0	0	0	0	0	0	0	0	0	0	0	0	0	0	0	0	0	0	0	0	0	0	0	0	0	0	0	0	0	0	0	0	0	0	0	0	0	0	0	0	0	0	0	0	0	0	0	0	0	0	0	0	0	500	0	0	0	0	0	0	0	0	0	0	0	0	0	0	48	0	0	0	0	0	48	0	0	0	0	0	0	0	0	0	0	0	0	192	0	0	0	0	0	
0	0	0	0	0	0	0	0	0	0	0	0	0	0	0	0	0	0	0	48	0	0	0	0	0	0	0	0	0	48	0	0	0	0	0	0	0	0	0	192	0	0	0	0	0	0	0	0	0	0	0	0	0	0	0	0	0	0	0	0	0	0	0	0	0	0	0	0	0	0	0	0	0	0	0	0	0	0	0	0	0	0	0	0	0	0	0	0	0	0	0	0	0	0	0	0	0	0	0	0	0	0	0	0	0	0	0	0	0	0	0	0	0	0	0	0	0	0	0	0	
0	0	0	0	0	0	0	0	0	0	0	0	0	0	0	0	0	0	0	0	0	0	0	0	0	0	0	0	0	0	0	0	0	0	0	0	0	0	0	0	0	0	0	0	48	0	0	0	0	0	0	0	0	0	0	0	0	0	0	0	0	0	0	0	0	0	0	0	0	0	0	0	0	0	0	0	0	0	500	0	0	0	0	0	0	0	0	0	0	0	0	0	0	0	0	0	0	0	0	0	0	0	96	0	0	0	0	0	0	0	0	0	0	0	0	0	0	0	0	0	
0	0	0	0	0	0	192	0	0	0	0	0	0	0	0	0	0	0	0	0	0	0	0	0	0	0	0	0	0	0	0	0	0	0	0	0	0	0	0	0	0	0	0	0	0	0	0	0	0	0	0	0	0	0	48	0	0	0	0	0	0	0	0	0	0	0	0	0	0	0	0	0	0	0	0	0	0	0	0	0	0	0	0	0	0	0	0	0	0	0	0	0	96	0	0	0	0	0	0	0	0	0	0	0	0	0	0	0	0	48	0	0	0	0	0	0	0	0	0	0	
0	0	0	0	0	0	0	0	0	0	0	0	0	0	0	0	0	0	96	0	0	0	0	0	0	0	0	0	0	0	192	0	0	0	0	0	0	0	0	0	0	0	0	0	0	0	0	0	0	0	0	500	0	0	0	0	0	0	0	0	0	0	0	0	0	0	0	0	0	0	0	0	0	0	0	0	0	0	0	0	0	0	0	0	0	0	0	0	0	0	0	0	0	0	0	0	0	0	0	0	0	0	0	0	0	0	0	0	0	0	0	0	0	0	0	0	0	0	0	0	
0	0	0	0	0	0	0	0	0	0	192	0	0	0	0	0	0	0	0	0	0	0	0	0	0	0	0	0	0	0	500	0	0	0	0	0	0	0	0	0	0	0	0	0	0	0	0	0	0	0	0	0	0	0	0	0	0	0	0	0	0	0	0	0	0	0	0	0	0	0	0	0	0	0	0	0	0	0	0	0	0	0	0	0	0	0	0	0	0	0	0	0	192	0	0	0	0	0	0	0	0	0	0	0	0	0	0	0	0	0	0	0	0	0	0	0	0	0	0	0	
0	0	0	0	0	0	0	0	0	0	0	0	0	500	0	0	0	0	0	0	0	0	0	0	0	0	0	0	0	0	0	0	0	0	0	0	0	0	0	0	0	0	0	0	0	0	0	0	0	0	0	0	0	0	0	0	0	0	0	0	0	0	0	0	0	0	0	0	0	0	0	0	0	0	0	0	0	0	0	0	0	0	0	0	0	0	0	0	0	0	0	0	0	0	0	0	0	0	0	0	0	0	0	0	0	0	0	0	0	0	500	0	0	0	0	0	0	0	0	0	
0	0	0	0	0	0	0	0	0	192	0	0	0	0	0	0	0	0	0	0	0	0	0	0	0	0	0	0	0	0	0	0	0	0	0	0	0	0	0	0	0	0	0	0	500	0	0	0	0	0	0	0	0	0	0	0	0	0	0	0	0	0	0	0	0	0	0	0	0	0	0	0	0	0	0	0	0	0	0	0	0	0	0	0	0	0	0	192	0	0	0	0	0	0	0	0	0	0	0	0	0	0	0	0	0	0	0	0	0	0	0	0	0	0	0	0	0	0	0	0	
0	0	0	0	0	0	0	0	0	0	0	0	0	0	0	0	0	0	0	0	0	0	0	0	0	0	0	0	0	0	0	0	0	96	0	0	0	0	0	0	0	0	0	0	0	0	0	0	0	0	0	0	0	0	0	0	0	0	0	0	0	0	0	0	0	0	0	0	0	0	0	0	0	48	0	0	0	0	0	0	0	0	0	48	0	0	0	0	0	96	0	0	0	0	0	0	0	0	0	0	0	0	0	0	0	0	0	0	0	0	0	0	0	0	0	0	0	0	0	0	
0	0	0	0	0	0	0	0	0	0	0	0	0	0	0	0	0	0	0	0	0	0	0	0	0	0	0	0	0	96	0	0	0	0	0	0	0	0	0	0	0	0	0	0	0	0	0	0	0	0	0	0	0	0	0	0	0	0	0	0	0	0	0	0	0	0	0	0	0	0	0	0	0	0	0	192	192	0	0	0	0	0	0	0	0	0	0	0	0	0	0	0	0	500	0	0	0	0	0	0	0	0	0	0	0	0	0	0	0	0	0	0	0	0	0	0	0	192	0	0	
0	0	0	0	0	0	0	0	0	0	0	0	0	0	0	0	0	0	0	0	0	0	0	0	0	0	0	0	0	0	0	0	0	0	0	0	0	0	0	0	0	0	0	0	0	0	0	0	0	0	0	0	0	0	96	0	0	0	0	0	0	0	0	0	0	0	0	0	0	0	0	0	0	0	0	0	0	0	0	0	0	0	0	0	0	0	0	0	0	0	0	0	0	0	0	0	192	0	0	0	0	0	0	0	0	0	0	0	0	0	0	0	0	0	0	0	0	0	0	0	
0	0	0	0	0	0	0	0	0	0	0	0	0	0	0	0	0	0	0	0	0	0	0	0	0	0	0	0	0	0	0	0	0	0	0	0	0	0	0	0	0	0	0	0	0	0	0	0	0	0	0	0	0	0	0	0	0	0	0	0	0	0	0	0	0	0	0	0	0	0	48	0	0	0	0	0	0	0	0	0	0	0	48	0	0	0	0	0	48	0	0	0	0	0	0	0	0	0	0	0	0	0	0	48	0	0	0	0	0	0	0	0	0	0	0	0	0	0	0	0	
0	0	0	0	0	0	0	0	0	0	0	0	0	0	0	0	0	0	0	0	0	0	0	0	0	0	0	0	0	0	0	0	0	0	0	0	0	48	0	0	0	0	0	0	0	0	0	0	0	0	0	0	0	0	0	0	500	0	0	0	0	0	0	0	0	0	0	0	0	0	0	0	0	0	0	0	0	0	0	0	0	0	0	0	0	0	0	0	0	0	0	0	0	0	0	0	0	0	0	0	0	0	0	0	0	0	0	0	0	0	0	0	0	0	0	0	0	0	0	0	
0	0	0	0	0	0	0	0	0	0	0	0	0	0	0	0	0	0	0	0	0	0	0	0	0	0	0	0	0	96	0	0	0	0	0	0	0	0	0	0	0	0	0	0	0	0	0	0	0	0	0	0	0	0	0	0	0	0	0	0	0	0	0	0	0	0	0	0	0	0	0	192	0	0	0	0	0	0	0	0	0	0	0	0	0	0	0	0	0	0	0	0	0	500	0	0	0	0	0	0	0	0	0	0	0	0	0	48	0	0	0	0	0	0	0	0	0	192	0	0	
0	0	0	0	0	0	0	0	0	0	0	0	0	0	0	0	0	0	0	0	0	0	0	0	0	0	0	0	0	0	0	0	0	0	0	0	0	0	0	0	0	0	0	0	0	0	0	0	0	0	96	0	0	0	0	0	0	0	0	0	0	0	0	0	0	0	0	0	0	0	0	192	0	0	0	0	0	0	0	0	0	0	0	0	0	0	0	0	0	0	0	0	0	0	0	0	0	0	0	0	0	0	0	0	0	0	0	0	0	0	0	0	0	0	0	0	0	0	0	0	
0	0	48	0	0	0	0	0	0	0	0	0	0	0	0	0	0	0	0	0	0	0	0	0	0	0	0	0	0	0	0	0	0	0	0	0	0	0	0	0	0	0	0	0	0	0	0	0	96	0	0	0	0	0	0	0	0	0	0	0	0	0	0	0	0	0	0	0	0	0	0	0	0	0	0	0	0	0	0	0	0	0	0	0	0	0	0	0	0	0	0	0	0	0	0	0	0	0	0	0	0	0	0	0	0	0	0	0	0	0	0	0	0	0	0	0	0	0	0	0	
0	0	0	0	0	0	0	0	0	0	0	0	0	0	0	0	0	0	0	0	0	0	0	0	0	0	0	0	0	0	0	0	0	0	0	0	0	0	0	0	0	0	0	0	96	0	0	0	0	0	0	0	0	0	0	0	0	0	0	0	0	0	0	0	500	0	0	0	0	0	0	0	0	0	0	0	0	0	0	0	0	0	0	0	0	0	0	0	0	0	0	0	0	0	0	0	0	0	0	0	0	0	0	0	0	0	0	0	0	0	0	0	0	0	0	0	0	0	0	0	
0	0	0	0	0	0	0	0	0	0	0	0	48	0	0	0	0	0	0	0	0	0	0	0	96	0	0	0	0	0	0	0	0	0	0	0	0	0	0	0	0	0	0	0	0	0	0	0	0	0	0	0	0	0	0	0	0	0	0	0	0	0	0	0	0	0	0	0	0	0	0	0	0	0	0	0	0	0	0	0	192	0	0	0	0	0	0	0	0	0	0	0	0	0	0	0	500	0	500	0	0	0	0	0	0	0	0	0	0	0	0	0	0	0	0	0	0	0	0	0	
0	0	192	0	0	0	0	0	0	0	0	0	0	0	0	0	0	0	0	0	0	0	0	0	0	0	0	0	0	0	0	0	0	0	0	0	0	0	0	0	0	0	0	0	0	0	0	0	0	0	0	0	0	0	0	0	0	0	0	0	0	0	500	0	0	0	0	0	0	0	0	0	0	0	0	0	0	0	0	192	0	0	0	0	0	0	0	0	0	0	0	0	0	0	0	0	0	0	0	0	0	0	0	0	0	0	0	0	0	0	0	0	0	0	0	0	0	0	0	0	
0	0	0	0	0	0	0	0	0	0	0	0	0	0	0	0	0	0	0	0	0	48	0	0	0	0	0	0	0	0	0	0	0	0	0	0	0	0	0	0	0	0	0	0	0	0	0	0	0	0	0	0	0	0	192	0	0	0	0	0	0	0	0	0	0	0	0	0	0	0	0	0	0	0	0	0	0	0	0	0	0	0	0	0	0	0	0	0	0	0	0	0	0	0	0	0	0	0	0	0	0	0	0	0	0	0	0	0	0	0	0	0	0	0	0	0	0	0	0	0	
0	0	0	0	0	0	0	0	0	0	0	0	0	0	0	0	0	0	0	0	0	0	0	0	0	0	0	0	0	0	0	0	0	0	0	0	0	0	0	0	0	0	0	0	0	0	0	0	0	0	0	0	0	0	0	0	0	0	0	0	0	0	0	0	0	0	0	0	0	0	0	0	0	48	0	0	0	0	0	0	0	0	0	0	0	0	0	0	48	0	0	0	0	0	0	0	0	0	0	500	0	0	0	0	192	0	0	0	0	0	0	0	0	0	0	0	0	0	0	0	
0	0	0	0	0	0	0	0	0	0	0	0	0	0	0	0	0	0	0	0	0	0	0	0	0	0	0	0	0	0	0	0	0	192	0	0	0	0	0	0	0	0	0	0	0	0	0	0	0	0	0	0	0	0	0	0	0	0	0	0	0	0	0	0	0	0	0	0	0	0	48	0	0	0	0	0	0	0	0	0	0	0	0	0	0	0	0	0	0	0	0	0	0	0	0	0	0	0	0	0	0	0	0	0	0	0	0	0	0	0	0	0	0	0	0	0	0	0	0	0	
0	0	0	0	0	0	0	48	0	0	0	0	0	0	0	0	0	0	0	0	0	0	0	0	0	0	0	0	0	0	0	0	0	0	0	0	0	0	0	0	0	0	0	0	0	0	0	0	0	0	0	0	0	0	0	0	0	0	0	0	0	0	0	0	0	0	0	0	0	0	0	0	0	0	0	0	0	0	0	0	0	0	0	0	0	0	0	0	0	0	0	0	0	0	0	0	0	0	0	0	48	0	0	0	0	0	0	0	0	0	0	0	0	0	0	0	0	0	0	0	
0	0	0	0	0	0	0	0	0	0	0	0	0	0	0	0	0	0	0	0	0	0	0	0	0	0	0	0	96	0	0	0	0	0	0	0	0	0	0	0	0	0	0	0	0	0	0	0	0	0	0	0	0	0	0	0	0	0	0	0	0	0	0	0	0	0	0	0	0	0	0	0	0	0	0	0	0	0	0	0	0	0	0	0	0	0	0	0	0	0	0	0	0	0	0	0	0	0	0	0	0	0	0	0	48	0	0	0	0	0	0	0	500	0	0	0	0	0	0	0	
0	0	0	0	0	0	0	0	0	0	0	0	0	0	0	0	0	0	0	0	0	0	0	0	0	0	0	0	0	0	96	0	0	0	96	0	0	0	0	0	0	0	0	0	0	0	0	0	0	0	0	0	0	0	0	0	0	0	0	0	0	0	0	0	0	0	0	0	0	0	0	0	0	0	0	0	0	0	0	0	0	0	0	0	0	0	0	0	0	0	0	0	0	0	0	0	0	0	0	0	0	0	0	0	0	0	0	0	0	0	0	0	0	0	0	0	0	0	0	0	
0	0	0	0	0	0	0	0	0	0	0	0	0	0	0	0	0	0	0	0	0	0	0	0	0	0	0	0	0	0	0	0	0	0	96	0	0	0	0	0	0	0	0	0	0	0	0	0	0	0	0	0	0	0	0	0	0	0	0	0	0	0	0	0	0	0	0	0	0	192	0	0	0	0	0	0	0	0	0	0	0	0	0	0	0	0	0	0	0	0	0	0	0	0	0	0	0	0	0	0	0	0	0	0	0	0	0	0	0	0	0	0	0	0	0	0	0	0	0	0	
0	0	0	0	0	0	0	0	0	0	0	0	0	0	0	0	0	0	0	0	0	0	0	0	0	0	0	0	0	0	0	0	0	500	0	0	0	0	0	0	0	0	0	0	0	0	0	0	0	0	0	0	0	0	0	0	0	0	0	0	0	0	0	0	0	0	0	0	0	0	0	0	0	48	0	0	0	0	0	0	0	0	48	0	0	0	0	0	0	0	0	0	0	0	0	0	0	0	0	0	0	0	0	0	0	0	0	192	0	0	0	0	0	0	0	0	0	0	0	0	
0	0	0	0	0	0	0	0	0	0	0	0	0	0	0	0	0	192	0	0	0	0	0	0	0	0	0	0	0	0	0	0	0	0	0	0	0	0	0	0	0	0	0	0	0	0	0	0	0	0	0	0	0	0	0	0	0	0	0	0	0	0	0	0	0	0	0	0	0	0	96	0	0	0	0	0	0	0	0	0	0	0	0	0	0	0	0	0	0	0	0	0	0	0	0	0	0	0	0	0	0	0	0	0	0	0	0	0	0	0	0	0	0	0	0	0	0	0	0	0	
0	0	0	0	0	0	0	0	0	0	0	0	0	0	0	0	0	0	0	0	0	0	0	0	0	0	0	0	0	0	0	0	0	0	0	0	0	96	0	0	0	0	0	0	0	0	0	0	0	0	0	0	0	0	0	0	500	0	0	0	0	0	0	0	0	0	0	0	0	0	0	0	0	0	0	0	0	0	0	0	0	0	0	0	0	0	0	0	0	0	0	0	0	0	0	0	0	0	0	0	0	0	0	0	0	0	0	0	0	0	0	0	0	0	500	0	0	500	0	0	
0	0	0	0	0	0	0	0	0	0	48	0	0	0	0	0	0	0	0	0	0	0	0	0	0	0	0	0	0	0	0	0	0	0	0	0	0	0	0	0	0	0	0	0	0	0	0	0	0	0	0	0	0	96	0	0	0	0	0	0	0	0	0	0	0	0	0	0	0	0	0	0	0	0	0	0	0	0	0	0	0	0	0	0	0	0	0	0	0	0	0	0	0	0	0	0	0	0	0	0	0	0	0	0	0	0	0	0	0	0	0	0	0	0	0	0	0	0	0	0	
0	0	0	0	0	0	0	0	0	0	0	0	0	0	0	0	0	0	0	0	0	0	0	0	0	0	0	0	0	0	0	0	0	0	0	0	0	0	0	0	0	0	0	0	0	0	0	0	0	0	0	0	0	0	48	0	0	0	0	0	0	0	0	0	0	96	0	192	0	0	0	0	0	0	0	0	0	0	0	0	0	0	0	0	0	0	0	0	0	0	0	0	0	0	0	0	0	0	0	0	0	0	0	0	0	0	0	0	0	0	0	0	0	0	0	0	0	0	0	0	
0	0	0	0	0	0	0	48	0	0	0	0	0	0	0	0	0	0	0	0	0	0	0	0	0	0	0	0	0	0	0	0	0	0	0	0	0	0	0	0	0	0	0	0	0	0	0	0	0	0	0	0	0	0	0	0	0	0	0	0	0	0	0	0	0	0	0	0	0	0	0	500	0	0	0	500	0	0	0	0	0	0	0	0	0	0	0	0	0	0	0	0	0	0	0	0	0	0	0	0	0	0	0	0	0	0	0	0	0	0	0	0	0	0	0	0	0	0	0	0	
0	0	0	0	0	0	500	0	0	0	0	0	0	0	0	0	0	0	0	0	0	0	0	0	0	0	0	0	0	0	0	0	0	0	0	0	0	0	0	0	0	0	0	0	0	0	0	0	0	0	0	0	0	0	500	0	0	0	0	0	0	0	0	0	0	0	0	0	0	0	0	0	0	0	0	0	0	0	0	0	0	0	0	0	0	0	0	0	0	0	0	0	0	0	0	0	0	0	0	0	0	0	0	0	0	0	0	0	0	0	0	0	0	0	0	0	0	0	0	0	
0	0	0	0	0	0	0	0	0	0	0	0	0	0	0	0	0	0	0	0	0	0	0	0	0	0	0	0	0	0	0	0	0	0	0	0	0	0	0	0	0	0	0	0	0	0	0	0	0	0	0	0	0	0	0	0	0	0	0	0	0	0	48	0	0	0	0	0	0	0	0	0	0	0	0	0	0	0	0	0	0	0	0	0	0	0	0	0	0	0	0	0	0	0	0	0	0	0	48	0	0	192	0	0	0	0	0	0	0	0	0	0	0	0	0	0	0	0	0	0	
0	0	0	0	0	0	0	0	0	0	0	0	0	0	0	0	0	0	0	0	0	48	0	0	0	0	0	0	0	0	0	0	0	0	0	0	0	0	0	0	0	0	0	0	0	0	0	0	0	0	0	0	0	0	0	0	0	0	0	0	0	0	0	0	0	0	0	0	0	0	0	0	192	0	0	0	0	0	0	500	0	0	0	0	0	0	0	0	0	0	0	0	0	0	0	0	0	0	0	0	0	0	0	0	0	0	0	0	0	0	0	0	0	0	0	0	0	0	0	0	
0	0	0	0	0	0	0	0	0	0	0	0	0	0	0	192	0	0	0	192	0	0	0	0	0	0	0	0	0	0	0	0	0	0	0	0	0	0	0	96	0	0	0	0	0	0	0	0	0	0	0	0	0	0	0	0	0	0	0	0	0	0	0	0	0	0	0	0	0	0	0	0	0	0	0	0	0	0	0	0	0	0	0	0	0	0	0	0	0	0	0	0	0	0	0	0	0	0	0	0	0	0	0	0	0	0	0	0	0	0	0	0	0	0	0	0	0	0	0	0	
0	0	500	0	0	0	0	0	0	0	0	0	0	0	0	0	0	0	0	0	0	0	0	0	0	0	0	0	0	0	0	0	0	0	0	0	0	0	0	0	0	0	0	0	0	0	0	0	0	0	0	0	0	0	0	0	0	0	0	0	0	0	0	0	0	0	0	0	0	0	0	0	0	0	0	0	0	0	0	500	0	0	0	0	0	0	0	0	0	0	0	0	0	0	0	48	0	0	0	0	0	0	0	0	0	0	0	0	0	0	0	0	0	0	0	0	0	0	0	0	
0	0	0	0	0	0	0	0	48	0	0	0	0	0	0	0	0	0	0	0	0	0	0	0	0	0	0	0	0	0	0	0	0	0	0	0	0	0	0	0	0	0	0	0	0	0	0	0	0	0	0	0	0	0	0	0	0	192	0	0	0	0	0	0	0	0	0	0	0	0	0	0	0	0	0	0	0	0	0	0	0	0	500	0	0	0	0	0	0	0	0	0	0	0	0	0	0	0	0	0	0	0	0	0	0	0	0	0	0	0	0	0	0	0	0	0	0	0	0	0	
500	0	0	0	0	0	0	0	0	0	0	0	0	0	0	0	0	0	0	0	500	0	0	0	0	0	0	0	0	0	0	0	0	0	0	0	0	0	0	0	0	0	0	0	0	0	0	0	0	0	0	0	0	0	0	0	0	0	0	0	0	0	0	0	0	0	0	0	0	0	0	0	0	0	0	0	0	0	0	0	0	0	0	0	48	0	0	0	0	0	0	0	0	0	0	0	0	0	0	0	0	0	0	0	0	0	0	0	0	0	0	48	0	96	0	0	0	0	0	0	
0	0	0	0	0	0	0	0	0	0	0	0	0	0	0	0	0	0	0	0	0	0	0	0	0	0	0	0	0	0	0	0	0	0	0	0	0	0	0	0	0	0	0	0	0	0	0	0	0	0	0	0	0	0	0	48	0	0	0	0	0	0	48	0	0	0	0	0	0	0	0	0	0	0	0	0	0	0	0	0	0	0	0	0	0	0	0	0	0	0	0	0	0	0	0	192	0	0	0	0	0	0	0	0	0	0	0	0	0	0	0	0	0	0	0	0	0	0	0	0	
0	0	0	0	0	0	0	0	0	48	0	0	0	0	0	0	0	0	0	0	0	0	0	0	0	0	0	0	0	0	0	0	0	0	0	0	0	0	0	0	0	0	0	0	96	0	0	0	0	0	0	0	0	0	0	0	0	0	0	0	0	0	0	0	96	0	0	0	0	0	0	0	0	0	0	0	0	0	0	0	0	0	0	0	0	0	0	0	0	0	0	0	0	0	0	0	0	0	0	0	0	0	0	0	0	0	0	0	0	0	0	0	0	0	0	0	0	0	0	0	
0	0	0	0	0	0	0	0	0	0	0	0	0	0	0	0	0	0	0	0	0	0	0	0	0	0	0	0	0	0	0	0	0	0	0	0	0	0	0	0	0	0	0	0	0	0	0	0	0	0	0	0	0	0	0	0	0	0	0	96	0	0	0	0	0	0	0	0	0	0	0	0	0	48	0	0	0	0	0	0	0	0	0	0	0	0	0	0	0	0	0	0	0	0	0	0	0	0	0	0	0	0	0	0	0	0	0	0	0	0	0	0	0	0	0	0	0	0	0	0	
0	0	0	0	0	0	0	0	0	0	0	0	0	0	0	0	0	0	0	0	0	0	0	0	0	0	0	0	0	0	0	0	0	0	0	0	0	0	0	0	0	0	0	0	0	0	0	0	0	0	0	0	0	0	0	0	0	0	48	0	0	0	0	0	0	0	0	0	0	0	0	0	0	0	0	0	0	0	0	0	0	0	192	0	0	48	0	0	0	0	0	0	0	0	0	0	0	0	0	0	0	0	0	0	0	0	0	0	0	0	0	0	0	0	0	0	0	0	0	0	
0	0	0	0	0	0	0	0	0	0	0	0	0	0	0	0	0	192	0	0	0	0	0	0	0	0	0	0	48	0	0	0	0	0	0	0	0	0	0	0	0	0	0	0	0	0	0	0	0	0	0	0	0	0	0	0	0	0	0	0	0	0	0	0	0	0	0	0	0	0	0	0	0	0	0	0	0	0	0	0	0	0	0	0	0	0	0	0	0	0	0	0	0	0	0	0	0	0	0	0	0	0	0	0	0	0	0	0	0	0	0	0	0	0	0	0	0	0	0	0	
0	192	0	0	0	0	0	0	0	0	0	0	0	0	0	0	0	0	0	192	0	0	0	0	0	0	0	0	0	0	0	0	0	0	0	0	0	0	0	0	0	0	0	0	0	0	0	0	0	0	0	0	0	0	0	0	0	0	0	0	0	0	0	0	0	0	0	0	0	0	0	0	0	0	0	0	0	0	0	0	0	0	0	0	0	0	0	0	0	0	0	0	0	0	0	0	0	0	0	0	0	0	0	0	0	0	0	0	0	0	0	0	0	0	0	0	0	0	0	0	
0	0	0	0	0	0	0	0	0	0	0	0	0	0	0	0	0	0	0	0	0	0	48	0	0	0	0	0	0	0	0	0	0	0	0	0	0	0	0	0	0	0	0	0	0	0	0	0	0	0	0	0	0	500	0	0	0	0	0	0	0	0	0	0	0	0	0	0	0	0	0	0	0	0	0	48	0	0	0	0	0	0	0	0	0	0	0	0	192	0	0	0	0	0	0	0	0	0	0	0	0	0	0	0	0	0	0	0	0	0	0	0	0	0	0	0	0	0	0	0	
0	0	0	0	0	0	0	0	0	0	0	0	96	0	0	0	0	0	0	0	0	0	0	0	0	0	0	0	0	0	0	0	0	0	0	500	0	0	0	0	0	0	0	0	0	0	0	0	0	0	0	0	0	0	0	0	0	0	0	0	0	0	0	0	0	0	0	0	0	0	0	0	0	0	0	0	0	0	0	0	0	0	0	0	0	0	0	0	0	0	0	0	0	0	0	0	0	0	0	0	0	0	0	0	0	0	0	0	0	0	0	0	0	0	0	0	0	0	0	0	
0	0	0	0	0	0	0	0	0	0	0	0	0	0	0	0	0	0	0	0	0	0	0	96	0	0	0	0	0	0	0	0	0	0	0	0	0	0	0	0	0	0	0	0	0	0	0	0	0	0	0	0	0	0	0	0	0	0	0	0	0	0	0	0	0	48	0	0	0	0	0	0	0	0	0	0	0	0	0	0	0	0	0	0	0	0	0	0	0	0	0	0	0	0	0	0	0	0	0	0	0	0	0	0	0	0	0	0	0	0	0	0	0	0	0	0	0	0	0	0	
0	0	0	0	0	0	0	0	0	0	96	0	0	0	0	0	0	0	0	0	0	0	0	0	0	0	0	0	0	0	0	0	0	0	0	0	0	0	0	0	0	192	0	0	0	0	0	0	0	0	0	0	0	0	0	0	0	0	0	0	0	0	0	0	0	0	0	0	500	0	0	0	0	0	0	0	0	0	0	0	0	0	0	0	0	0	0	0	0	0	0	0	0	0	0	0	0	0	0	0	0	0	0	0	0	0	0	0	0	0	0	0	0	0	0	0	0	0	0	0	
0	0	0	0	0	0	0	0	0	0	0	0	0	0	0	0	0	0	0	0	0	0	0	0	0	0	0	0	0	0	0	0	0	0	0	0	0	0	0	0	0	0	0	0	0	0	48	0	0	0	192	0	0	0	0	0	0	0	0	0	0	0	0	0	0	0	0	0	0	0	0	0	0	0	0	0	0	0	0	0	0	0	0	0	0	0	0	0	0	0	0	0	0	0	0	0	0	0	0	0	48	0	0	0	0	0	0	0	0	0	0	0	0	0	0	0	0	0	0	0	
0	0	0	0	0	0	0	0	0	0	0	0	0	0	0	0	0	0	0	0	0	0	0	0	0	0	192	0	192	0	0	0	0	0	0	0	0	0	0	0	0	0	0	0	0	0	0	0	0	0	0	0	0	0	0	0	0	0	0	0	0	0	0	0	0	0	0	0	0	0	0	0	0	0	0	0	0	0	0	0	0	0	0	0	0	500	0	0	0	0	0	0	0	0	0	0	0	0	0	0	0	0	0	0	0	0	0	0	0	0	0	0	0	0	0	0	0	0	0	0	
0	0	0	0	0	0	0	0	0	0	0	0	0	0	0	0	0	0	0	0	0	0	0	0	0	0	0	0	0	0	0	192	0	0	0	0	0	0	0	0	0	0	0	0	0	0	0	0	0	0	0	0	0	0	0	0	0	0	0	48	0	0	0	0	0	0	0	0	0	0	0	0	0	0	0	0	0	0	0	0	0	0	0	0	0	0	0	0	0	0	0	0	0	0	0	0	0	0	0	0	96	0	0	0	0	0	0	0	0	0	0	0	0	0	0	0	0	0	0	0	
0	0	0	0	0	0	0	0	0	0	0	0	0	0	0	0	48	0	0	0	0	0	0	0	0	0	0	0	0	0	0	0	0	0	0	0	0	0	0	0	0	0	0	0	0	0	0	0	0	0	0	0	0	0	0	96	0	0	0	0	0	0	192	0	0	0	0	0	0	0	0	0	0	0	0	0	0	0	0	0	0	0	0	0	0	0	0	0	0	0	500	0	0	0	0	0	0	0	0	0	0	0	0	0	0	0	0	0	0	0	0	0	0	0	0	0	0	0	0	0	
0	0	0	0	0	0	0	0	0	0	0	0	0	48	0	0	0	0	0	0	0	0	0	0	0	0	0	0	0	0	0	0	0	0	0	0	0	0	0	0	0	0	0	0	0	0	0	0	192	0	0	0	0	0	0	0	0	0	0	0	0	0	0	0	0	0	0	0	0	0	0	0	0	0	0	0	0	0	0	0	0	0	0	0	0	0	0	0	0	0	0	0	0	0	0	0	0	0	0	0	0	0	0	0	0	0	0	0	0	0	0	0	0	0	0	0	0	0	0	0	
0	0	0	0	0	0	0	0	0	0	0	0	0	0	0	0	96	0	0	0	0	0	0	0	0	0	0	96	0	0	0	0	0	0	0	0	0	0	0	0	0	0	0	0	0	0	0	0	0	0	0	0	0	0	0	0	0	0	0	0	0	0	0	0	0	0	0	0	0	0	0	0	0	0	0	0	0	0	0	0	0	0	0	0	0	0	0	0	0	0	0	0	0	0	0	0	0	0	0	0	0	0	0	0	0	0	0	0	0	0	0	0	0	0	0	0	0	0	0	0	
0	0	0	0	0	0	0	0	0	0	0	0	0	0	0	0	0	0	0	0	0	0	0	0	0	0	0	0	0	0	0	0	0	0	0	0	0	0	0	0	0	0	0	0	0	0	0	0	0	0	0	0	0	0	0	0	0	0	0	0	0	0	0	0	0	0	0	0	0	0	0	192	0	0	0	192	0	0	0	0	0	0	0	0	0	0	0	0	0	0	500	0	0	0	0	0	0	0	0	0	0	0	0	0	0	0	0	0	0	0	0	0	0	0	0	0	0	0	0	0	
0	0	0	0	0	0	0	0	0	0	0	0	0	0	0	0	0	0	0	0	0	0	0	0	0	96	0	0	0	0	0	0	0	0	0	0	0	0	0	0	0	0	0	48	0	0	0	0	0	0	0	0	0	0	0	0	0	0	0	0	0	0	0	0	0	0	0	0	0	0	0	0	0	0	0	0	0	0	0	0	0	0	0	0	0	0	0	0	0	0	0	0	0	0	0	0	0	0	0	0	0	0	0	0	0	0	0	0	0	0	0	0	0	0	0	0	0	0	0	0	
0	0	0	0	0	0	0	0	0	0	0	0	0	0	0	0	0	0	0	0	0	0	0	0	0	0	0	500	0	0	0	0	0	0	0	0	0	0	0	0	0	0	0	0	0	0	0	0	96	0	0	0	0	0	0	0	0	0	0	0	0	0	0	0	0	0	0	0	0	0	0	0	0	0	0	0	0	0	0	0	0	0	0	0	0	0	0	0	0	0	0	0	0	0	0	0	0	0	0	0	0	0	0	0	0	0	0	0	0	0	0	0	0	0	0	0	0	0	0	0	
90	15	56	8	2	16	9	98	97	93	58	28	50	37	25	115	11	60	98	115	97	79	18	66	97	91	15	77	24	70	61	64	75	115	33	73	6	73	73	93	0	83	114	32	60	32	31	16	72	44	15	1	1	21	103	65	101	86	59	37	103	93	24	9	76	32	20	84	75	107	91	80	40	83	98	77	63	117	55	38	111	78	70	88	19	99	85	25	113	90	40	70	102	22	76	36	31	102	23	87	49	78	77	101	65	83	12	98	11	26	104	108	94	8	30	72	93	59	108	82	71	86	70	88	87	56	98	63	19	69	60	115	112	106	41	66	11	60	103	9	105	88	74	12	70	60	15	105	41	115	44	60	53	44	45	12	1	59	104	11	104	29	1	97	96	39	109	25	70	118	18	81	39	63	92	45	8	96	49	99	69	5	37	104	5	74	93	8	35	14	103	41	110	77	119	55	73	101	51	16	82	113	23	9	6	32	48	111	82	85	12	102	3	79	87	20	117	26	103	109	23	27	112	63	5	71	47	47	99	20	1	73	103	21	109	51	86	105	69	10	13	28	32	26	33	59	82	81	95	3	89	115	28	65	1	6	76	2	47	103	14	28	81	3	93	66	51	30	104	11	43	37	98	3	5	47	97	63	38	95	18	108	60	66	9	112	35	31	45	78	113	25	10	109	66	77	108	104	107	89	114	102	114	98	63	115	51	61	33	53	83	86	61	71	16	3	24	31	102	48	103	43	27	91	31	103	83	97	108	112	36	30	85	115	25	112	77	109	74	4	35	19	105	110	66	2	101	84	24	40	83	106	74	1	30	102	29	2	22	101	46	80	93	20	81	24	50	7	109	79	65	35	45	67	0	87	95	119	67	110	89	114	0	118	30	48	19	99	68	30	17	19	96	97	40	90	46	46	68	55	93	10	50	60	17	35	0	41	102	37	59	1	34	109	86	2	35	40	0	112	108	35	62	113	107	27	11	42	53	45	87	63	110	119	28	14	13	37	9	20	38	91	75	29	61	16	5	47	40	72	103	71	85	1	67	73	7	86	16	43	52	6	114	57	105	20	15	49	115	55	35	64	78	27	12	114	113	53	6	37	7	18	102	14	79	32	26	65	4	18	70	116	116	23	47	92	20	59	19	85	17	59	86	93	72	68	118	73	13	75	87	29	111	85	110	95	34	96	73	115	34	39	52	71	61	73	13	80	56	90	48	42	40	39	50	27	74	69	41	40	83	58	25	53	64	17	32	0	22	65	106	22	57	5	92	75	87	12	20	53	38	98	110	80	9	85	55	18	38	8	29	72	26	105	69	22	58	38	114	114	106	35	115	81	17	29	93	31	27	73	76	66	28	60	93	111	114	59	109	114	43	99	98	89	34	74	105	113	45	116	6	14	8	102	14	78	98	77	46	101	63	102	68	25	107	78	13	71	61	58	108	107	16	96	1	115	58	68	30	108	80	3	74	98	23	2	25	51	20	14	89	100	28	84	6	97	100	1	110	104	48	67	60	45	47	86	8	87	36	63	84	56	13	26	87	32	111	79	62	50	87	56	117	51	106	115	33	82	77	62	39	10	21	60	85	80	78	52	0	27	55	42	44	110	19	51	62	102	104	77	3	105	11	59	9	116	9	68	21	12	111	107	50	77	42	23	88	20	63	100	97	112	50	103	28	76	58	61	117	110	58	92	90	18	97	15	23	102	50	21	97	54	19	10	38	97	65	50	67	10	64	77	83	6	87	101	61	107	66	24	30	94	53	100	113	75	63	20	38	41	59	87	55	2	119	105	115	118	48	7	31	104	27	94	78	117	13	19	23	12	11	52	39	95	33	77	58	62	86	42	77	100	93	2	118	15	116	1	73	52	41	100	116	95	39	1	98	5	12	75	43	61	60	1	49	34	70	15	75	34	118	65	22	65	0	110	70	13	91	51	24	58	18	83	90	23	27	28	24	71	19	12	15	55	55	87	69	61	108	2	38	14	119	82	0	111	77	20	31	44	98	101	96	58	29	42	81	40	81	17	118	105	116	46	68	34	67	46	89	106	107	30	82	60	25	51	18	29	34	82	24	19	98	32	73	91	24	91	97	82	15	87	13	36	14	40	91	39	40	109	15	79	3	59	102	74	36	93	94	93	64	25	43	100	36	37	75	77	84	76	26	53	23	85	93	16	16	92	82	116	46	6	93	30	4	89	92	98	96	48	115	118	119	81	103	78	102	114	110	56	34	103	116	1	64	117	118	85	76	57	66	50	37	72	92	101	38	80	82	66	37	20	88	7	23	99	100	9	1	0	73	60	56	34	23	78	73	37	96	52	17	31	43	10	76	59	29	117	73	32	66	4	43	1	23	50	81	69	41	37	46	24	94	25	112	79	115	92	4	63	52	59	39	5	30	26	117	63	14	95	45	25	58	70	66	79	54	46	11	72	48	90	67	56	60	95	24	108	40	75	47	66	96	43	77	77	33	35	111	60	73	81	26	51	68	74	59	118	63	26	6	108	16	87	17	74	91	70	98	91	54	75	36	13	13	36	93	94	61	54	2	26	84	117	88	78	102	47	92	87	65	40	2	26	73	62	81	52	91	118	44	18	29	4	34	10	35	78	30	48	114	25	102	73	72	9	63	98	58	28	110	104	59	119	79	40	107	54	81	87	60	31	64	99	109	22	112	32	74	81	87	34	97	93	115	48	30	23	23	87	54	67	57	10	71	70	62	23	5	111	98	52	14	97	92	76	62	49	104	62	114	102	74	38	16	59	1	49	100	85	24	21	108	66	13	37	100	39	21	63	25	25	77	33	81	108	90	55	8	5	72	78	67	43	78	27	112	81	63	67	44	108	26	4	106	75	42	33	33	81	21	25	54	83	88	23	21	104	112	2	83	58	98	62	54	73	43	105	42	80	15	78	108	21	93	11	58	20	96	110	8	107	22	3	92	71	84	103	98	5	0	31	63	113	116	104	73	104	32	15	52	104	32	50	69	102	57	20	90	47	7	4	24	39	81	110	42	44	10	31	63	90	64	108	68	88	80	75	29	64	7	87	31	66	82	95	56	25	110	14	100	82	79	51	96	36	44	66	26	34	48	9	70	41	1	99	114	40	61	70	50	106	23	80	107	116	109	69	75	76	76	89	86	47	16	107	2	17	80	104	51	73	40	35	110	9	12	106	81	113	10	67	16	36	39	74	57	71	57	75	16	41	27	109	66	93	26	37	101	16	29	78	13	96	56	70	71	50	47	107	105	115	113	41	63	119	1	52	7	76	117	83	13	94	34	50	46	19	38	55	40	80	83	93	39	9	33	107	97	68	44	76	74	78	80	103	79	51	108	0	78	57	3	76	67	29	43	8	44	3	10	34	69	9	67	5	11	91	52	112	68	111	81	119	116	50	113	103	73	104	48	13	47	47	18	38	67	12	13	95	51	59	15	54	91	74	59	23	72	38	47	78	112	91	112	82	7	63	19	31	59	78	36	75	48	103	114	65	35	68	0	39	90	5	117	107	97	85	108	25	102	114	107	102	117	56	71	87	107	37	117	89	38	14	2	41	82	119	3	13	93	6	76	64	51	111	28	57	113	73	62	100	109	118	57	38	107	38	40	100	72	12	9	28	18	70	17	9	37	32	109	106	7	104	73	26	52	59	52	104	10	85	105	104	108	100	71	104	66	77	89	99	30	28	101	71	23	39	40	82	50	114	23	88	26	36	63	29	111	7	29	8	59	35	70	30	109	83	118	50	25	101	44	66	109	13	3	68	53	89	17	116	7	54	59	46	47	96	118	41	2	117	15	98	6	74	19	84	119	11	15	85	114	22	87	99	77	111	10	1	109	20	19	94	37	2	48	94	76	62	54	62	87	68	90	108	1	17	25	3	18	20	72	66	84	112	60	60	70	10	81	96	101	105	110	106	28	111	46	79	115	116	71	52	12	19	86	31	38	18	32	19	77	37	2	103	79	67	17	47	88	110	42	80	14	30	113	31	117	78	13	97	66	43	1	115	35	12	59	83	20	116	1	109	42	104	118	53	107	38	47	42	27	91	75	64	0	68	118	69	62	53	21	28	50	4	20	3	42	77	89	112	66	110	114	7	56	28	2	13	48	59	87	15	15	105	22	18	51	27	60	91	112	69	13	72	76	37	96	36	43	24	1	110	74	34	76	50	7	65	87	77	46	57	87	76	60	80	65	53	63	51	10	67	52	63	55	93	38	72	37	86	44	3	105	53	43	55	87	110	23	39	78	118	93	72	1	83	50	57	38	16	52	76	34	100	0	57	106	83	66	19	51	17	55	64	114	37	108	92	91	36	111	93	53	97	93	24	11	10	1	58	12	13	19	15	91	62	85	92	110	1	38	32	82	29	90	117	92	39	31	59	41	42	49	37	77	12	54	65	71	83	33	20	42	26	98	26	5	32	75	105	19	73	99	45	74	2	39	84	103	49	83	3	111	1	76	30	95	73	95	115	11	36	42	95	90	25	50	22	79	116	107	110	25	50	10	91	99	24	28	12	115	44	7	75	30	1	80	104	65	14	114	102	17	87	37	91	106	1	11	59	35	65	67	44	63	20	25	83	109	71	59	52	64	112	69	77	102	35	84	59	44	68	6	58	47	106	24	32	36	41	109	41	56	87	84	67	95	87	26	75	48	15	34	118	14	5	28	56	31	69	82	55	1	84	3	23	39	55	20	94	63	19	0	17	85	37	46	84	72	107	27	85	116	64	75	24	53	51	27	35	2	88	97	19	102	36	9	37	71	52	25	61	26	22	44	25	84	29	82	29	58	64	37	55	9	82	76	36	109	2	60	72	101	68	9	105	76	45	24	20	89	67	47	101	119	25	18	98	116	30	78	55	117	45	65	11	47	53	39	88	30	66	30	78	25	113	66	104	100	72	64	20	43	74	110	14	36	30	40	36	13	23	51	75	97	44	117	111	54	73	107	86	113	115	56	85	86	88	51	72	4	99	17	61	119	59	86	80	91	115	15	7	78	106	10	23	45	36	91	44	94	110	31	77	76	118	28	28	117	79	78	41	109	112	11	71	27	4	119	91	3	26	55	43	25	30	81	44	43	5	113	83	7	44	77	92	104	57	89	53	60	71	42	42	112	77	62	81	80	7	81	95	67	106	64	73	45	115	33	75	42	39	64	26	105	75	3	53	21	29	110	87	108	40	71	5	83	115	50	29	111	42	4	4	5	90	42	119	81	0	114	18	98	2	89	35	83	75	67	14	27	18	109	41	93	91	60	89	103	67	102	58	62	87	0	98	7	76	6	118	95	7	101	34	59	118	58	28	15	20	27	113	58	0	92	85	87	86	11	86	109	35	116	88	119	12	85	65	11	54	82	94	22	7	112	52	101	3	117	47	100	14	29	44	82	79	77	10	27	114	59	44	59	4	99	47	0	35	27	57	87	106	31	103	54	96	44	110	56	112	32	18	42	25	63	81	27	111	71	103	111	39	92	114	10	71	59	87	11	2	74	114	77	111	117	50	30	9	34	113	3	71	44	78	25	37	35	22	101	72	73	38	52	86	118	98	43	98	12	8	102	27	2	45	44	28	100	101	8	92	72	117	112	95	50	52	1	34	71	29	0	67	101	94	26	109	24	43	108	62	78	98	107	84	51	112	51	91	116	49	67	80	63	43	110	48	56	82	42	112	45	21	44	70	42	70	1	93	68	101	30	60	25	21	88	31	109	4	52	35	45	70	30	77	7	33	61	26	72	98	100	15	107	29	57	74	23	8	34	6	9	72	114	74	117	73	111	82	80	1	117	83	32	60	83	50	41	24	29	13	112	10	111	71	19	111	112	39	62	75	75	73	103	115	78	82	106	38	22	111	84	23	80	85	67	75	65	1	43	41	94	105	57	108	43	32	27	49	23	77	38	54	77	44	117	32	99	66	8	92	111	84	9	102	4	31	47	36	40	9	38	18	71	38	44	62	72	106	21	13	119	36	86	115	104	0	61	102	26	3	78	19	96	115	103	46	80	11	108	85	79	58	26	100	42	27	79	33	38	45	7	41	104	36	96	49	108	45	62	117	33	118	78	107	50	42	22	7	14	16	10	39	16	11	16	96	70	66	52	62	117	57	11	39	42	37	83	31	42	52	16	13	73	17	23	36	38	107	14	33	4	13	9	50	26	94	22	36	115	10	89	75	29	14	23	69	5	23	38	87	96	107	51	53	99	53	41	77	10	28	79	36	116	100	113	38	76	26	45	97	105	75	87	98	78	116	61	29	65	99	107	16	95	75	46	39	53	75	20	32	32	47	1	64	53	36	91	44	104	47	110	56	8	117	47	65	96	3	12	94	54	119	57	105	103	52	19	18	8	73	88	68	62	2	20	29	6	20	69	106	61	12	87	87	7	0	103	2	27	3	11	55	28	60	7	28	81	23	97	22	37	17	13	97	38	7	24	83	49	38	56	25	11	11	1	111	48	68	25	75	71	92	60	74	67	34	95	64	99	74	56	99	82	17	51	47	38	36	29	42	12	72	68	73	41	27	92	40	90	48	59	86	52	22	53	69	3	9	96	21	94	86	15	40	104	34	82	70	16	67	43	58	89	100	113	58	81	44	17	27	77	46	94	65	34	1	112	82	21	81	9	42	18	19	104	7	40	69	10	78	26	74	66	51	94	105	79	20	98	37	14	6	73	45	27	61	89	13	19	31	63	2	84	65	71	98	106	39	88	88	66	7	30	51	2	53	101	54	87	112	19	112	100	18	38	21	96	107	57	34	16	78	90	108	95	1	78	65	21	56	65	76	36	9	90	92	91	1	77	61	39	12	54	4	51	88	27	70	79	9	114	48	109	13	46	8	52	1	101	17	88	98	60	10	39	116	40	47	109	29	69	100	64	9	26	49	100	14	2	64	102	41	92	39	76	6	3	52	82	115	93	58	93	85	7	104	83	24	70	26	56	82	31	21	42	15	7	110	29	93	34	83	62	1	63	95	35	96	25	97	72	22	6	45	43	48	99	111	64	117	5	7	68	64	41	63	109	70	52	45	87	118	59	119	72	59	99	80	12	74	72	119	32	1	32	72	58	37	49	0	110	75	38	84	33	15	45	65	25	95	11	69	35	119	37	35	34	117	24	98	117	102	80	102	97	86	116	12	34	91	47	105	109	66	111	3	79	103	114	21	54	16	59	54	15	17	32	41	78	112	29	5	16	98	9	22	26	84	80	65	98	10	30	60	77	9	66	98	94	0	63	18	77	98	27	87	20	101	3	0	82	69	68	9	67	112	43	103	85	26	13	104	28	66	87	79	14	58	85	115	94	106	102	47	108	29	109	34	74	49	8	8	71	34	84	110	48	54	6	73	25	74	83	103	55	58	32	19	48	12	114	20	88	101	53	86	28	89	8	118	58	14	118	49	38	49	29	36	77	86	107	45	109	35	19	47	91	28	58	97	74	39	111	47	74	33	102	109	93	70	44	67	106	36	45	99	5	32	95	11	60	6	32	113	99	60	115	32	119	23	118	55	102	43	22	50	77	46	72	94	71	21	40	104	99	36	101	22	102	17	106	3	107	96	102	14	10	63	84	35	53	75	34	118	19	80	29	6	89	68	50	24	90	100	62	95	61	60	118	34	87	50	14	4	4	35	29	92	81	99	118	38	12	104	7	15	81	62	94	12	14	19	94	2	38	100	69	15	113	13	31	118	97	52	3	110	109	94	117	83	90	79	49	18	4	29	94	96	48	21	31	58	100	51	34	118	52	69	116	80	21	72	42	4	21	48	33	57	80	83	70	83	44	45	62	71	45	4	13	91	48	13	50	114	107	92	56	3	18	39	53	33	34	19	94	43	105	92	48	69	36	40	96	84	78	28	99	70	14	84	69	102	97	62	77	42	51	62	118	104	57	51	47	100	49	23	27	91	7	98	0	2	0	119	3	46	74	75	9	101	49	61	95	114	91	96	81	60	60	113	46	55	65	23	58	8	72	5	17	116	85	112	73	72	86	6	119	89	39	108	88	37	29	87	41	104	22	27	7	38	22	53	31	62	58	4	37	100	112	115	16	118	116	40	99	23	76	95	12	62	116	38	40	78	98	81	92	46	34	23	29	58	73	35	16	111	36	18	50	2	65	42	104	57	101	48	22	79	100	72	18	59	59	33	74	96	15	93	73	37	6	4	117	110	93	97	75	57	8	113	48	49	44	59	96	44	62	57	50	96	36	83	65	65	3	4	116	76	38	42	70	70	76	114	93	52	98	48	38	3	108	89	102	97	71	92	74	57	1	116	111	50	22	63	106	64	83	113	15	104	46	80	12	119	3	48	15	98	96	32	91	47	105	107	38	9	35	54	93	71	52	119	37	37	64	43	99	32	61	47	67	45	55	7	100	34	51	88	89	2	87	105	65	52	7	85	47	3	65	105	1	70	96	12	36	49	44	57	109	65	63	77	105	115	73	110	44	45	92	17	21	82	103	51	31	113	62	56	72	62	39	54	94	22	22	57	36	54	112	39	80	27	115	5	87	67	107	55	30	9	30	11	113	100	8	38	55	88	38	68	75	42	102	43	76	47	92	56	117	36	22	15	84	14	88	102	70	99	47	17	16	23	113	94	79	14	66	106	95	79	71	33	119	46	14	9	34	105	68	55	103	99	20	31	81	11	117	63	6	92	28	20	51	61	101	74	109	58	45	55	89	72	50	0	36	44	32	105	26	68	76	95	66	91	4	9	7	112	100	42	87	6	50	0	104	116	10	111	29	86	73	37	116	34	101	111	1	27	42	1	3	31	5	81	86	116	108	107	54	54	44	70	26	74	8	100	117	45	88	5	29	76	38	100	119	68	105	63	104	83	45	106	37	92	112	67	91	38	86	111	54	61	60	74	13	30	40	10	35	54	110	36	62	18	68	44	44	40	86	16	48	83	65	101	80	106	43	87	49	73	80	84	79	109	62	96	105	91	17	9	59	16	70	116	81	114	59	13	89	44	52	114	16	117	95	16	68	65	48	59	16	85	100	41	73	62	49	47	22	9	83	9	11	20	111	45	20	114	11	63	80	58	3	45	74	48	37	20	80	57	5	25	72	42	24	40	109	16	28	86	68	105	118	50	76	56	1	111	81	116	60	114	87	73	68	90	69	100	20	33	70	66	67	23	40	56	110	111	17	67	9	23	84	9	9	68	87	94	108	114	94	102	94	70	56	48	29	47	57	0	53	80	101	76	99	86	106	95	5	56	94	87	7	17	4	58	22	78	2	4	80	78	5	50	1	99	66	97	119	77	109	102	14	103	117	54	3	31	117	31	76	41	68	45	21	91	21	116	36	18	118	115	45	58	116	54	29	9	52	75	2	92	51	21	40	119	78	114	37	0	1	72	101	92	3	43	69	63	87	40	59	39	36	52	11	88	37	100	74	65	96	85	46	20	82	93	27	57	56	103	71	35	78	82	78	15	83	58	46	76	34	44	98	61	50	29	114	87	54	42	24	73	20	97	11	22	25	53	96	83	106	5	2	62	52	45	25	92	20	66	63	65	55	105	51	4	1	31	2	95	9	98	119	74	10	101	25	8	74	7	21	102	62	36	79	3	3	49	68	114	118	59	26	56	92	95	37	27	74	35	34	32	84	18	23	108	25	75	113	19	52	58	51	51	3	68	76	8	107	86	97	16	97	5	54	104	90	111	72	52	107	23	116	50	1	12	88	87	16	114	33	103	
38	77	92	40	36	15	1	4	48	98	61	1	51	29	32	104	23	116	77	58	52	86	75	40	27	21	108	108	94	57	1	21	77	12	66	53	114	30	114	110	76	65	16	24	22	78	22	19	9	13	85	26	101	48	110	37	19	31	81	21	108	100	89	75	50	63	101	8	77	42	95	45	118	14	64	52	87	35	49	84	16	43	26	119	42	102	54	87	95	54	12	12	119	12	14	30	11	40	61	32	69	11	26	34	85	119	45	93	52	77	80	58	76	46	117	98	37	82	115	70	48	26	107	71	39	104	0	22	90	13	34	5	2	105	1	83	1	94	71	19	55	29	85	68	101	70	84	89	100	42	29	10	30	3	104	71	12	74	119	43	93	47	107	46	36	36	117	81	33	98	94	70	6	57	47	108	115	66	16	93	41	40	3	2	82	57	98	29	69	97	115	101	46	79	18	37	75	92	95	21	79	98	98	21	66	2	45	64	46	92	10	110	11	34	15	64	98	13	48	63	20	5	85	76	99	51	86	105	31	113	37	29	50	16	59	106	20	40	65	58	22	83	40	20	25	66	32	75	7	37	60	47	0	101	115	97	46	29	63	9	56	35	33	98	114	51	49	84	34	116	66	88	99	119	67	72	13	94	30	35	81	90	92	115	41	75	46	26	45	67	29	119	71	26	57	13	46	10	60	83	117	36	23	44	53	0	75	16	118	48	97	72	97	100	10	21	63	118	110	0	2	110	71	58	98	46	71	108	8	87	60	103	78	1	26	45	44	46	33	109	11	118	81	58	101	11	20	3	90	46	27	27	67	111	55	82	50	31	57	40	23	97	9	24	67	67	58	90	104	73	35	95	94	2	86	0	110	7	84	71	42	50	6	91	34	116	60	70	87	45	96	50	19	95	12	94	101	51	78	61	17	17	42	110	29	2	72	20	52	32	72	103	63	60	29	80	53	71	62	24	105	16	53	24	3	35	35	65	117	15	64	76	63	62	31	35	90	56	23	117	72	31	66	109	64	27	65	10	38	46	37	71	32	24	14	75	33	100	47	65	9	24	103	25	34	39	104	108	68	2	19	59	80	50	33	79	87	7	82	105	27	98	72	82	12	5	69	84	4	105	24	94	51	30	59	27	74	118	102	90	114	2	36	86	109	50	76	14	43	71	48	13	38	44	25	59	77	15	72	57	67	108	62	40	33	74	11	89	103	2	114	101	22	6	50	70	79	79	37	51	68	29	67	94	117	74	95	17	19	118	112	115	24	59	1	15	116	114	49	77	25	3	2	30	70	80	21	26	6	89	18	60	98	72	100	116	50	117	26	67	111	27	46	27	26	16	73	27	93	79	44	13	0	57	87	115	36	38	52	68	51	16	101	43	21	16	9	79	99	14	34	99	31	28	88	23	97	50	102	76	98	50	67	3	52	108	113	117	87	66	1	83	12	36	20	6	5	45	115	104	74	51	70	104	36	66	80	0	36	88	88	42	60	73	96	53	101	92	49	36	6	106	59	71	26	110	113	71	73	102	34	69	117	54	8	90	54	93	116	63	109	76	103	45	12	85	114	53	51	73	101	0	67	104	98	32	13	36	106	116	27	13	102	95	13	93	47	56	101	45	54	98	115	85	3	101	88	46	72	114	62	115	118	10	60	114	78	86	14	15	97	23	2	73	47	70	51	97	43	12	105	98	100	114	78	50	12	74	97	13	84	3	38	42	85	56	11	82	95	0	43	103	44	38	46	98	78	114	13	11	92	77	90	84	111	112	37	29	82	100	64	32	101	82	19	29	80	35	87	70	5	16	21	116	61	43	71	47	57	115	45	25	33	2	80	59	56	82	18	93	85	51	27	64	114	117	29	22	88	67	71	16	8	13	100	118	99	28	93	82	65	57	73	77	92	37	3	87	29	41	52	57	101	55	4	45	85	102	108	84	69	24	117	103	88	111	73	61	21	10	40	42	78	84	115	109	116	69	4	104	0	110	59	107	98	112	41	32	109	36	40	31	8	35	16	42	93	78	90	114	37	110	55	103	64	60	89	58	73	90	105	62	55	39	70	58	60	93	43	87	33	54	97	55	103	106	39	3	111	34	64	99	113	78	52	88	7	113	37	109	59	115	115	17	60	69	103	101	67	24	43	43	67	30	79	92	91	110	92	56	118	98	27	89	107	52	62	55	108	11	93	84	41	10	50	25	93	105	85	54	103	8	79	69	74	82	9	86	61	47	101	19	82	32	4	20	113	22	5	67	101	106	59	49	117	30	70	38	11	1	48	99	8	45	48	107	21	108	41	93	115	45	92	66	107	75	41	76	101	110	17	68	75	46	77	58	22	46	95	0	31	14	7	54	6	31	119	110	110	90	94	65	102	113	88	39	24	115	35	73	37	74	26	114	14	72	77	56	76	60	21	79	119	25	12	102	58	78	74	14	92	38	72	49	103	1	8	96	59	40	26	75	19	52	56	36	118	70	73	108	23	87	8	115	13	32	94	74	26	74	66	116	38	71	7	119	100	78	6	79	67	73	46	27	13	34	18	12	116	25	107	36	62	118	88	28	31	36	28	20	111	11	8	6	54	84	59	98	62	96	112	42	8	112	8	103	117	22	66	105	110	81	89	18	59	43	46	18	39	46	104	11	49	25	50	101	115	63	12	34	77	71	0	43	106	28	54	16	66	22	111	11	69	110	53	116	93	93	48	21	3	60	105	102	56	108	105	105	60	14	18	7	10	108	61	32	81	77	105	70	67	35	65	33	81	112	21	27	28	44	111	101	12	79	71	119	100	20	86	83	107	59	109	65	51	109	78	67	29	3	73	73	82	62	88	117	10	87	35	72	64	119	35	74	51	104	17	5	29	9	31	89	103	92	85	40	73	59	93	82	46	62	111	89	101	109	76	94	48	43	5	49	56	96	92	4	78	13	113	55	67	75	78	68	31	91	90	108	37	86	16	31	108	13	1	70	86	42	69	4	60	100	85	40	102	86	66	75	63	63	22	103	54	98	25	84	93	79	36	93	45	78	1	88	55	98	24	73	11	3	99	46	20	18	57	91	57	96	5	111	108	119	16	76	86	86	25	74	24	55	75	50	50	28	79	87	103	68	84	32	86	106	85	38	9	37	83	35	1	16	45	48	71	67	14	45	11	31	119	108	39	5	119	53	45	54	33	74	108	59	110	20	45	109	45	35	11	45	65	49	30	77	98	70	22	36	34	68	53	61	81	115	108	71	88	29	100	53	25	115	38	63	108	101	98	22	18	109	106	43	45	75	119	39	93	1	66	27	3	95	52	56	72	56	78	119	118	58	88	17	78	40	100	88	15	83	100	75	36	68	30	29	53	50	110	29	44	17	60	30	57	56	104	24	5	97	44	44	17	68	89	66	111	19	40	21	87	38	18	38	11	111	8	12	115	47	114	49	112	70	82	62	3	22	65	77	30	63	104	77	49	3	80	89	38	10	57	88	5	30	62	37	95	56	110	104	29	0	83	106	81	96	118	116	107	48	15	103	60	18	97	108	6	47	27	84	9	55	7	64	31	108	94	65	80	70	81	65	69	95	1	71	111	31	14	70	40	80	58	110	0	27	6	15	32	24	27	52	50	112	106	69	86	110	84	3	109	113	17	31	17	26	75	66	114	67	91	53	74	61	42	82	16	24	41	40	55	110	49	113	72	119	82	95	74	85	110	105	112	112	110	114	35	106	43	106	114	28	102	74	0	46	55	34	6	74	57	61	99	17	67	35	2	10	23	38	35	105	46	5	104	21	112	82	25	32	104	62	31	82	5	3	92	109	73	88	16	9	13	88	76	32	58	59	98	91	25	17	2	98	82	61	5	23	112	47	21	98	2	64	9	61	18	81	21	65	65	3	63	118	7	112	18	117	103	63	30	73	64	18	109	24	84	43	87	46	76	17	61	26	65	103	89	29	99	77	58	89	13	19	60	103	22	28	77	71	56	48	80	3	108	64	53	51	18	61	22	41	93	0	59	94	28	67	61	34	2	109	117	15	110	16	53	37	9	70	45	94	14	14	31	75	5	27	90	12	102	13	74	74	27	108	37	15	93	75	70	36	45	66	109	18	108	10	59	88	82	4	74	2	65	98	42	111	91	35	13	73	63	9	50	72	78	101	29	102	3	9	28	83	77	53	66	41	79	105	7	89	80	72	76	91	58	42	27	41	102	72	100	67	108	59	88	115	103	116	73	33	86	116	95	119	83	92	11	22	15	69	23	94	90	24	83	65	95	103	8	55	117	41	16	58	95	33	99	11	68	15	82	10	70	43	63	96	21	48	114	31	116	30	44	48	98	118	119	116	25	33	19	91	2	56	33	102	118	68	11	71	78	55	73	87	50	16	76	62	109	58	38	6	110	100	87	16	71	105	112	52	49	80	99	99	84	116	72	23	27	37	80	113	93	116	100	81	116	42	46	89	81	112	47	10	101	55	70	60	97	112	78	64	37	5	39	9	91	109	35	5	28	58	106	80	89	70	53	65	3	9	13	1	27	99	60	106	49	119	27	109	23	21	65	90	62	46	97	19	119	27	83	105	99	21	113	28	34	53	98	93	47	36	2	86	41	20	119	112	58	68	100	3	75	70	89	81	109	84	80	51	16	6	0	33	94	44	20	28	33	57	21	111	88	5	51	56	84	105	119	91	88	22	90	31	92	29	70	85	24	7	19	63	118	29	59	78	103	9	101	18	36	82	92	61	109	35	65	95	29	19	92	98	3	93	30	23	57	9	32	46	16	55	60	113	33	114	58	72	93	42	19	53	36	16	113	112	80	13	76	19	66	99	85	95	3	49	62	36	52	17	23	36	69	109	113	15	97	20	22	79	39	17	54	93	113	107	106	105	80	53	4	12	61	7	116	1	64	18	107	14	52	63	59	103	24	55	100	83	46	107	103	27	31	60	118	57	3	99	113	94	101	42	113	18	92	88	112	15	42	112	70	22	40	9	60	87	95	6	44	11	80	15	94	116	43	61	115	19	42	8	28	16	103	107	75	93	33	119	88	67	25	99	109	114	90	1	58	28	19	90	96	97	55	112	33	35	53	2	85	50	71	75	21	64	53	2	50	61	74	98	78	108	109	99	9	115	57	21	85	5	117	67	50	59	67	29	65	86	19	28	51	70	64	50	114	52	57	86	54	106	80	18	9	73	22	112	51	89	44	79	45	76	11	58	64	59	83	8	102	94	47	4	55	38	6	70	101	38	74	15	24	52	12	7	17	20	92	18	25	101	13	54	98	56	30	69	44	55	81	64	56	11	95	56	0	12	97	7	20	92	88	12	86	75	92	74	13	27	55	72	77	85	67	73	36	17	23	93	29	97	28	77	88	117	29	74	46	55	65	109	9	31	59	103	49	7	50	81	47	24	8	20	117	106	45	18	3	15	84	18	34	7	20	39	92	12	55	48	97	103	14	16	114	40	82	23	57	17	100	53	14	74	37	109	66	101	45	7	39	106	70	92	109	99	25	78	117	112	23	108	73	100	25	88	1	53	15	35	22	55	83	103	74	0	119	107	77	28	34	42	48	10	61	68	36	67	11	65	67	2	20	12	118	109	80	85	60	24	65	5	96	58	104	101	10	100	94	6	44	48	115	10	78	7	42	72	89	97	82	26	95	96	29	2	24	76	20	15	85	15	88	68	71	90	1	64	104	85	66	62	24	1	10	22	25	49	99	105	59	3	78	56	111	107	12	84	70	56	69	118	106	75	44	103	107	95	0	113	27	10	3	19	26	56	46	88	41	87	81	47	105	91	95	59	36	83	71	12	42	113	75	26	45	37	44	104	108	17	59	6	43	61	113	13	96	43	94	86	46	43	85	18	5	63	109	19	6	96	48	32	99	70	119	115	36	75	42	78	107	24	44	96	63	53	12	36	27	19	108	26	72	116	77	27	46	105	88	72	62	90	45	33	25	113	63	25	9	15	21	33	14	76	41	48	17	57	28	96	84	40	63	26	23	2	34	72	11	32	0	89	2	113	24	8	100	49	4	109	98	39	69	80	102	109	19	76	40	11	25	73	57	67	62	80	51	5	45	34	54	27	69	72	83	6	87	83	108	78	22	21	113	92	34	101	43	59	75	85	44	90	83	95	99	26	67	75	76	61	84	33	85	36	14	36	113	55	68	12	81	15	93	106	68	111	19	111	109	110	47	60	68	5	50	34	11	102	53	18	10	114	0	77	18	1	53	93	109	93	85	49	50	38	65	20	13	30	106	101	100	86	49	15	18	54	30	10	55	119	107	23	117	108	1	39	4	100	33	3	109	48	84	68	57	90	43	3	82	51	30	73	32	51	39	63	53	59	111	39	25	14	79	104	77	107	80	53	74	35	50	13	34	112	56	67	5	3	113	55	85	100	119	34	65	61	115	93	76	78	21	113	79	97	80	7	34	47	59	112	22	104	80	5	20	109	80	64	46	65	116	56	36	10	109	104	119	68	115	103	9	62	96	112	2	65	61	98	20	111	51	104	118	17	83	98	107	103	14	41	100	99	36	6	97	70	95	42	91	0	32	94	115	74	72	44	67	103	0	35	75	5	25	21	36	80	43	52	96	23	72	16	63	59	81	33	66	110	39	90	19	49	59	75	66	44	29	29	64	25	112	33	111	32	59	112	47	99	48	115	1	59	104	107	103	0	99	17	81	76	44	15	64	31	58	44	21	43	63	67	34	24	4	115	24	8	26	15	62	28	74	39	103	28	76	67	3	98	75	78	60	22	78	48	2	10	7	114	6	6	30	46	114	28	14	35	102	117	119	99	115	49	81	79	66	2	94	25	45	64	87	96	36	5	109	87	113	50	96	54	60	119	19	78	110	118	117	39	17	63	80	4	116	100	45	109	59	37	108	99	4	68	112	80	34	106	112	3	69	95	79	110	87	85	4	50	47	100	24	1	33	22	118	82	99	115	70	8	104	69	112	59	48	69	118	20	100	3	57	43	22	81	42	43	118	87	74	84	78	39	97	48	62	58	89	110	87	56	108	24	106	50	65	23	73	115	81	53	12	17	39	81	4	72	66	86	75	55	85	59	1	119	39	59	16	3	74	78	7	81	22	37	105	37	62	105	7	29	97	51	56	85	34	12	39	4	24	5	101	68	5	103	74	37	81	44	55	24	55	107	117	32	30	55	14	84	81	79	114	5	15	14	2	21	2	60	56	69	106	49	108	61	42	96	103	103	73	1	83	75	9	93	96	83	99	61	103	32	80	59	65	90	41	78	24	11	38	0	69	91	50	91	7	92	60	38	105	14	102	44	12	91	9	21	95	52	69	81	37	49	45	51	14	116	24	107	28	5	0	74	119	118	78	17	80	111	19	49	9	82	15	59	114	8	45	25	28	9	52	98	96	79	54	49	112	19	76	109	36	52	103	41	118	102	32	68	110	48	23	9	77	108	30	56	69	26	78	98	45	4	0	0	73	58	93	67	39	102	29	92	90	105	67	20	98	99	6	13	9	94	32	46	94	50	2	26	20	65	85	8	52	115	25	35	118	66	8	98	51	71	100	56	100	98	108	13	91	61	89	82	56	64	22	48	109	93	18	96	1	85	40	3	88	32	79	83	16	24	9	31	68	101	23	113	92	97	81	27	1	44	26	36	29	32	89	119	24	46	56	28	51	22	24	68	64	57	26	15	47	10	70	96	2	24	15	39	104	44	76	62	108	104	15	12	95	53	73	35	104	91	83	60	66	52	21	97	14	16	74	81	3	73	41	71	4	7	36	66	50	116	68	109	84	65	26	0	37	62	78	28	38	61	67	82	94	6	0	91	80	91	79	48	29	45	17	58	116	4	62	83	72	26	25	74	74	119	41	1	9	13	72	114	88	12	103	92	39	62	47	42	64	100	9	28	43	102	85	83	113	70	69	88	92	60	35	52	116	74	29	24	42	73	31	37	40	1	49	92	45	35	19	86	117	113	80	37	78	76	103	8	35	37	34	74	20	52	81	66	3	2	79	67	48	81	43	53	60	106	104	73	40	117	5	96	22	60	19	59	38	7	37	83	34	72	35	57	2	64	5	110	7	79	53	11	66	87	76	42	45	8	11	58	56	4	99	78	61	20	36	101	84	104	97	66	14	9	49	37	68	25	22	63	32	9	25	97	114	34	106	116	36	19	100	25	109	8	30	33	24	32	114	53	118	45	25	87	23	31	52	6	28	16	108	44	118	96	97	91	111	113	101	51	71	84	106	116	119	57	22	81	57	58	93	26	61	31	31	16	85	66	12	92	16	83	103	63	49	44	7	106	97	14	37	71	47	25	108	85	118	95	28	102	79	24	61	36	57	110	73	110	103	65	25	63	66	52	118	7	105	29	73	39	95	47	11	80	117	11	92	59	26	74	30	105	1	4	10	67	27	106	25	114	119	94	60	31	96	105	107	100	70	107	32	0	11	30	109	62	87	3	17	29	99	42	5	88	89	60	12	23	1	83	77	42	52	88	91	4	20	75	53	117	105	118	109	118	12	26	60	24	102	47	106	5	17	78	34	52	22	2	51	119	4	113	95	16	30	111	79	102	92	3	44	60	0	110	14	34	114	90	72	88	67	88	89	97	52	104	99	117	63	28	95	21	68	5	46	26	109	107	16	85	10	87	48	40	20	27	93	98	4	56	17	21	20	78	53	91	4	79	41	51	6	68	0	80	114	61	25	82	73	11	94	82	28	25	40	72	85	53	80	87	68	107	79	55	114	74	93	89	9	59	77	87	17	64	86	56	52	106	2	70	66	9	57	83	60	119	118	30	99	4	57	114	89	50	18	86	14	10	59	93	107	100	61	119	106	82	89	77	19	84	63	112	7	52	114	97	24	66	1	33	102	72	118	65	107	79	26	98	6	71	46	118	90	34	82	12	88	64	113	15	71	59	66	78	42	68	111	4	66	59	33	97	118	73	0	61	41	9	79	107	108	81	21	35	110	29	116	30	90	68	117	5	96	87	105	98	98	0	33	52	96	24	62	93	67	71	32	103	29	31	33	113	110	105	82	86	79	45	12	29	42	44	79	41	23	112	30	58	71	42	72	113	36	34	55	23	93	10	60	69	110	75	96	116	61	85	76	37	29	10	96	34	94	42	86	10	2	71	47	71	1	1	100	75	36	26	110	6	109	58	70	88	75	92	4	108	98	78	98	10	104	107	113	35	32	20	114	24	50	42	22	18	32	69	86	58	114	70	74	49	33	55	20	41	78	17	85	113	19	28	118	12	112	42	24	41	7	20	11	91	95	66	26	33	84	69	108	70	76	96	51	42	18	57	16	54	22	36	75	107	89	0	111	26	69	118	51	44	58	0	1	99	50	95	50	110	68	51	31	103	76	54	112	88	80	0	16	112	75	91	62	114	109	48	44	78	15	39	27	52	91	18	36	39	49	73	56	7	10	86	55	37	8	9	3	82	27	68	109	112	12	8	22	118	109	117	15	30	102	93	65	66	16	8	100	41	21	56	18	94	69	118	44	8	41	10	59	26	11	93	48	52	115	82	43	15	114	32	111	12	2	0	3	84	115	44	49	96	118	108	26	9	37	83	86	8	80	7	0	39	48	4	23	53	47	8	93	37	45	95	59	30	99	48	66	115	51	52	83	100	117	62	62	114	58	52	38	46	43	66	42	1	66	103	20	116	96	108	36	80	44	3	85	78	73	69	94	39	103	114	66	45	64	76	80	55	
22	39	40	35	33	36	24	20	23	32	35	32	35	26	26	40	28	35	28	24	24	31	20	21	28	35	21	35	32	38	40	20	39	32	27	39	25	23	38	29	28	36	35	33	29	38	29	33	29	38	29	33	40	29	21	28	24	29	40	36	36	34	23	33	22	37	20	37	31	39	22	34	37	21	20	27	28	21	20	28	23	32	21	37	25	36	25	34	40	39	23	37	24	40	33	26	31	21	38	28	35	35	24	28	29	26	26	27	25	35	25	26	32	32	30	34	35	29	21	27	31	39	26	29	35	35	39	32	26	20	25	36	39	34	37	32	28	34	28	34	24	35	36	28	31	38	27	20	32	24	31	35	27	35	25	22	26	34	39	33	36	21	27	32	38	24	39	20	37	23	20	28	20	39	39	35	24	31	20	22	33	40	39	23	30	29	34	31	31	24	21	20	30	23	22	37	40	35	26	34	30	23	35	36	29	31	25	40	25	29	32	20	31	32	30	40	28	35	38	26	36	24	38	30	36	21	37	38	35	40	21	32	36	39	30	33	33	21	28	23	22	24	29	28	23	39	22	32	39	32	27	22	22	40	39	36	38	35	23	29	39	40	20	22	24	26	38	37	27	26	32	32	26	39	24	27	31	37	23	26	28	34	36	37	28	38	22	38	38	26	33	39	39	26	38	20	31	22	37	38	27	24	29	21	33	29	22	37	30	24	38	32	26	39	36	25	34	38	38	35	36	40	40	39	24	31	24	24	23	39	34	36	37	40	26	38	36	29	36	31	24	37	38	33	30	26	33	38	29	35	35	38	21	33	27	24	25	30	40	21	32	39	34	37	29	21	27	34	39	26	36	31	40	32	29	39	25	30	24	20	36	36	32	30	32	22	35	36	23	40	35	27	24	40	29	21	33	35	27	39	21	31	38	30	28	35	37	22	24	28	31	28	28	36	30	22	29	39	20	32	34	26	37	21	31	26	37	39	26	29	20	25	23	36	23	29	28	27	34	39	33	28	39	20	31	25	40	39	20	20	25	23	32	31	37	25	32	40	31	34	21	29	22	27	30	22	33	21	31	29	38	34	28	28	30	32	39	30	39	21	20	37	27	35	28	33	26	23	38	26	31	40	37	32	32	25	25	23	26	28	33	36	29	35	39	33	26	21	25	38	28	30	21	31	38	34	22	28	40	39	36	22	20	34	27	27	33	20	37	20	20	22	27	38	38	22	21	20	32	39	36	35	34	39	38	35	23	28	38	28	20	39	29	33	26	34	21	40	33	26	28	26	36	34	38	33	32	38	22	26	20	22	36	37	32	29	37	31	27	37	37	29	28	28	20	39	40	28	33	26	29	36	20	30	24	26	33	31	21	22	26	20	29	27	30	34	23	20	20	39	25	22	34	22	29	30	25	34	27	38	33	37	34	38	22	29	23	21	34	37	34	20	26	29	39	27	20	40	26	20	34	25	20	38	34	24	27	37	31	27	33	28	37	35	26	38	24	28	20	33	25	40	34	34	27	40	40	21	21	34	34	36	23	25	32	30	36	26	28	37	20	23	31	20	32	27	25	37	27	37	20	29	33	25	39	31	35	25	30	24	22	23	29	21	32	39	26	40	38	32	33	22	37	32	25	35	29	35	23	23	27	32	28	36	20	21	24	39	21	28	39	25	33	23	20	37	34	32	35	20	40	25	32	21	35	29	22	26	28	22	33	23	25	39	36	21	32	21	25	28	33	21	27	28	40	20	39	37	34	20	36	20	32	35	24	29	30	21	34	22	27	27	31	30	24	26	31	32	33	27	38	37	34	25	24	22	27	35	29	33	26	31	22	27	30	35	37	23	25	38	27	21	35	34	32	32	28	40	23	36	20	23	23	22	38	33	27	35	30	32	25	36	26	24	20	25	21	26	25	40	28	22	24	40	37	24	40	30	30	28	25	26	23	27	31	22	21	27	21	24	22	38	38	37	28	24	21	38	37	33	32	25	21	33	25	22	32	31	29	22	39	24	24	38	38	37	30	33	26	39	20	20	37	40	33	23	37	38	24	36	22	34	20	20	20	38	24	39	20	23	22	25	24	22	38	29	32	27	20	23	29	38	35	22	31	37	29	30	26	24	27	30	31	25	22	25	28	23	38	33	33	39	40	32	23	22	38	22	27	37	30	27	23	21	25	24	38	24	40	24	32	39	23	33	21	31	32	27	40	39	40	28	37	34	40	28	29	26	37	23	40	22	20	25	34	36	21	34	23	28	35	25	37	36	39	37	24	35	33	34	22	36	34	24	27	34	21	30	30	39	27	20	33	21	20	40	34	20	24	30	30	39	28	36	27	40	24	24	27	28	32	26	35	37	27	35	36	35	25	36	25	37	34	35	20	39	27	34	33	29	31	35	22	39	25	40	36	20	40	36	20	32	28	29	37	25	39	20	28	28	20	21	33	38	24	32	40	37	26	38	40	40	22	35	27	40	32	35	37	38	23	36	32	20	25	25	31	28	40	22	28	30	35	33	24	31	28	20	23	26	30	24	31	40	37	24	26	37	31	38	38	31	26	35	24	30	30	35	20	26	29	26	31	25	40	23	40	30	25	26	23	38	24	36	20	35	24	22	37	37	39	39	20	22	37	24	24	21	21	31	33	24	26	40	32	23	34	29	38	22	28	30	20	36	34	23	25	35	34	39	33	35	25	29	30	32	25	27	24	29	31	21	31	40	22	38	34	29	30	28	24	26	29	21	23	30	31	21	26	25	27	32	37	29	21	40	33	39	39	36	31	29	25	26	38	36	24	33	24	40	33	29	36	39	25	24	21	38	23	31	33	34	20	29	25	30	28	26	40	34	20	30	27	30	36	20	20	37	24	34	35	32	35	25	27	37	31	20	23	24	33	21	34	26	36	40	32	20	31	39	29	39	30	25	36	31	33	29	22	34	40	26	31	36	35	30	30	25	39	23	30	25	28	29	26	20	34	35	21	40	21	39	21	40	33	33	37	36	33	22	39	37	30	31	37	23	32	32	22	34	25	21	20	31	26	23	36	32	20	29	28	22	30	38	36	24	22	23	28	20	31	38	24	29	35	28	27	37	25	24	23	40	23	20	33	26	20	25	27	31	26	24	26	40	25	31	35	27	37	29	30	24	21	31	30	22	25	20	38	20	27	20	33	40	20	21	31	20	36	28	34	31	24	40	20	24	38	25	20	28	35	30	33	36	23	35	36	33	20	33	31	31	22	33	35	39	39	25	39	26	38	26	28	32	40	29	38	37	33	28	22	34	28	34	23	39	20	24	32	25	40	34	22	27	36	40	22	34	33	33	21	26	31	39	28	40	33	27	40	31	37	39	30	27	22	27	34	24	32	40	27	29	29	29	27	25	34	38	27	35	36	31	32	23	36	27	39	39	34	20	31	35	22	40	23	32	31	25	23	24	24	34	22	28	25	27	21	30	23	28	29	39	37	26	36	36	24	25	28	32	23	24	26	27	33	22	40	39	32	28	22	40	37	27	34	34	22	21	34	23	21	40	40	30	36	25	29	33	34	35	39	30	32	22	32	23	29	30	20	31	24	28	26	24	33	22	24	30	40	32	25	38	20	38	24	26	20	37	23	27	25	27	31	23	33	32	20	21	29	34	36	20	40	28	30	40	40	24	29	34	20	34	26	22	33	23	27	24	33	34	24	28	36	37	22	30	24	40	38	27	32	37	33	36	24	32	29	37	36	21	23	35	32	40	32	35	30	38	23	34	28	38	29	34	39	32	21	25	39	24	28	28	36	38	34	36	21	38	26	27	33	34	22	24	34	38	30	40	39	21	37	40	31	34	39	32	39	26	30	27	29	28	26	23	21	32	23	23	27	30	37	40	38	21	29	26	36	34	31	26	39	20	33	39	39	39	29	23	29	34	37	20	33	38	34	36	40	31	20	30	24	29	35	25	21	40	39	24	25	37	31	32	40	36	23	28	31	30	24	22	27	34	39	23	23	40	28	36	28	38	23	31	40	38	25	23	36	20	26	36	26	40	36	21	21	28	37	25	28	37	38	21	26	28	21	36	26	36	36	29	20	31	32	33	32	27	22	35	27	40	35	38	25	35	37	31	23	39	34	40	35	20	38	22	31	30	38	39	32	25	26	23	30	26	36	31	25	33	34	31	35	37	40	26	21	25	21	32	37	33	23	23	28	25	36	26	34	34	33	35	34	30	29	25	40	22	24	37	33	35	38	23	22	25	36	20	26	23	33	28	29	40	36	26	23	20	38	25	22	39	32	40	24	29	34	30	38	35	27	25	20	33	34	36	23	25	39	37	26	38	26	29	30	32	27	26	30	40	36	33	39	26	29	39	29	24	27	29	27	22	24	23	26	22	25	37	31	40	39	32	25	34	24	27	40	31	23	39	28	36	28	26	39	38	26	29	33	35	26	25	22	28	25	26	37	22	27	25	36	33	36	30	30	33	35	24	37	30	36	29	38	30	26	35	37	40	33	29	29	36	32	37	26	36	27	33	31	28	29	33	37	34	20	35	40	36	21	38	20	30	32	27	28	23	26	23	29	31	30	26	28	34	21	21	27	35	24	40	32	40	33	33	20	35	20	25	25	35	38	40	23	37	28	30	27	29	21	22	25	21	22	26	23	36	37	35	36	32	32	35	20	29	20	27	39	39	39	36	26	33	27	40	22	26	33	35	40	20	29	35	26	29	36	27	20	23	24	28	30	21	32	25	30	27	35	37	22	38	38	39	21	22	25	27	38	24	35	26	38	26	30	39	29	30	22	24	37	36	37	32	31	23	21	26	37	30	31	25	26	32	25	22	31	32	27	35	28	32	37	34	26	33	20	31	26	31	20	36	20	40	33	37	37	24	35	37	35	36	24	32	26	37	24	34	24	40	36	32	25	22	27	22	33	27	24	21	38	39	22	40	22	32	30	33	38	40	35	40	36	37	30	25	37	32	38	21	29	21	39	35	37	37	35	21	27	23	27	22	28	40	21	31	33	37	30	31	22	28	36	39	30	38	31	37	29	31	25	30	37	23	40	22	32	36	36	36	29	35	25	37	23	35	35	28	20	28	34	22	34	33	35	37	26	37	22	30	35	21	25	37	26	25	40	31	31	25	38	22	38	22	30	27	28	39	36	28	35	36	26	30	25	38	26	20	35	30	39	37	20	23	38	30	37	30	27	38	33	21	32	31	33	27	35	32	23	38	29	37	37	31	21	38	22	25	20	38	35	28	24	38	25	32	33	37	40	30	25	27	37	22	37	26	24	35	29	28	39	26	28	21	23	28	34	36	23	22	37	27	25	31	34	27	33	33	26	33	34	39	37	29	27	24	31	25	40	34	34	20	35	38	38	20	36	29	20	35	35	37	27	24	24	23	30	26	38	34	25	36	26	24	29	20	37	25	35	25	31	25	33	31	21	34	36	32	32	33	23	20	27	27	39	36	25	36	33	26	23	22	20	35	28	20	25	26	38	34	40	36	28	36	35	33	34	34	22	39	22	26	37	20	21	29	34	30	26	40	20	39	37	39	40	34	31	20	20	23	29	31	39	29	39	24	28	34	37	24	23	31	28	26	38	21	36	29	35	23	34	30	33	27	36	22	25	40	21	37	31	21	22	30	20	27	22	33	35	32	27	34	23	34	26	29	28	31	20	35	31	22	32	27	20	33	26	37	33	33	31	27	38	38	25	24	36	35	29	35	23	32	26	23	28	38	30	33	35	35	37	33	24	22	35	31	39	30	21	26	25	26	39	29	24	37	27	35	33	37	39	31	30	23	31	32	22	25	32	34	30	23	22	31	30	35	38	37	21	35	25	32	30	21	32	31	31	35	20	35	33	22	31	22	31	23	22	34	27	27	30	21	27	27	36	36	23	22	37	23	26	36	24	21	38	30	25	26	28	31	40	33	32	21	36	35	27	37	30	23	32	29	38	38	36	22	38	35	34	24	22	26	35	32	30	22	28	23	21	28	31	34	28	35	26	26	20	37	27	34	22	34	25	26	38	26	38	27	39	35	23	28	34	25	35	27	21	35	40	38	24	24	22	28	26	21	37	35	25	29	35	38	21	40	29	37	39	37	27	33	25	31	21	20	22	33	37	38	38	40	32	30	25	22	23	31	39	34	27	27	32	30	31	26	22	27	32	30	38	23	29	27	20	35	36	37	35	32	28	35	38	29	28	24	39	30	30	40	30	33	38	37	28	37	25	29	30	31	31	40	28	25	25	36	20	28	28	36	21	34	32	22	33	39	31	32	36	33	31	31	27	24	40	20	34	20	26	31	21	32	27	25	27	29	35	24	28	33	23	26	23	29	23	29	30	36	36	37	28	40	21	22	29	37	26	20	39	36	35	29	25	36	22	33	36	32	30	33	21	20	28	40	39	22	37	29	20	25	38	28	35	23	24	23	28	36	34	37	22	36	22	21	23	32	33	20	32	30	25	36	29	34	25	27	26	34	24	23	23	38	32	23	35	38	35	26	21	30	38	23	33	29	22	36	32	32	20	31	26	33	35	33	34	24	21	37	38	39	25	36	38	25	21	26	27	22	28	28	29	33	21	20	32	29	32	25	33	38	34	27	40	22	36	38	29	35	37	22	31	24	22	25	35	21	21	36	31	20	20	31	30	24	26	30	27	29	24	32	27	22	22	34	37	22	29	20	20	37	30	32	35	36	39	28	34	26	27	28	25	24	20	39	23	32	33	37	39	30	23	20	40	20	27	37	23	35	32	37	26	33	24	24	32	23	29	20	21	22	21	33	34	27	37	38	34	23	40	30	28	33	25	36	23	39	33	23	24	29	26	25	33	22	34	22	29	39	29	29	21	35	32	35	32	38	24	37	34	40	27	35	31	31	23	20	28	31	25	32	20	29	39	29	31	33	23	38	38	29	34	35	20	32	29	22	21	29	26	20	36	26	37	28	32	26	21	25	21	31	29	28	22	38	34	27	34	31	27	25	37	30	26	21	37	34	28	30	38	27	38	39	31	32	40	27	23	22	36	33	23	20	38	40	20	26	26	40	27	32	20	24	32	26	20	36	23	28	37	39	37	27	21	28	26	22	28	29	22	37	40	36	23	39	36	24	31	24	38	40	29	27	25	38	29	20	21	26	39	35	38	20	33	37	25	34	34	26	29	31	24	27	38	31	22	32	29	28	23	39	38	25	33	27	31	37	34	32	36	29	21	34	26	38	38	28	33	33	31	29	33	30	31	30	36	20	30	29	22	39	23	36	36	24	29	36	27	25	38	36	26	23	23	28	25	21	30	38	38	35	38	40	31	36	38	23	25	38	35	31	29	21	23	22	39	23	31	23	21	40	27	24	28	33	31	22	38	36	29	23	23	24	33	31	26	20	28	23	27	38	34	37	21	26	24	20	31	38	24	21	28	31	26	25	24	34	23	25	23	32	26	34	25	31	28	24	40	34	30	36	38	23	33	20	38	26	29	37	26	38	27	38	40	22	20	26	30	38	24	29	33	40	20	22	39	40	31	33	40	20	25	21	39	35	24	37	22	21	36	30	21	29	25	26	35	25	31	34	20	20	28	29	21	36	31	21	39	26	31	30	30	22	29	22	39	34	20	39	29	30	33	38	39	27	32	35	32	30	28	36	31	26	39	25	24	37	37	21	28	30	20	24	31	32	26	30	26	38	34	28	30	25	38	23	24	31	38	22	30	20	39	40	23	34	35	39	37	29	37	35	31	27	26	21	34	39	29	39	33	32	21	24	31	27	36	29	31	36	29	32	34	40	26	38	35	32	23	21	21	21	22	27	25	35	27	30	32	27	35	37	37	32	32	34	29	21	32	37	25	20	37	27	25	26	37	25	40	24	36	37	34	39	34	35	22	30	36	23	34	28	39	30	29	36	27	25	38	25	27	38	37	33	29	25	40	28	31	21	20	30	23	37	37	29	36	23	38	22	29	27	39	37	22	27	39	33	36	25	29	37	32	26	27	26	29	25	32	40	40	29	33	38	20	21	38	32	33	34	34	24	27	38	24	39	21	34	34	36	35	28	30	31	32	32	39	31	22	34	37	29	29	33	32	39	23	26	40	31	32	26	31	25	21	28	27	31	20	39	24	26	38	33	35	34	33	39	33	22	30	34	31	33	23	28	33	37	34	31	38	23	24	28	27	22	39	24	25	23	37	27	23	30	29	36	36	28	40	37	35	40	22	29	24	30	29	35	26	36	28	37	35	39	37	27	30	33	38	35	40	20	30	36	22	22	34	35	31	37	33	38	22	25	25	30	24	36	37	27	31	40	33	36	26	20	33	24	36	21	23	33	23	32	28	23	30	21	40	40	33	25	22	36	28	30	24	20	25	37	35	25	40	32	39	23	27	28	40	25	25	38	20	40	28	22	33	29	40	24	23	29	35	23	37	33	26	32	25	31	32	20	21	24	39	24	34	40	33	38	36	31	35	38	29	28	29	37	32	22	36	36	39	30	34	29	39	20	31	26	40	33	26	26	20	29	39	38	37	25	26	39	20	22	40	28	20	40	35	29	38	37	40	38	22	31	23	25	21	28	27	40	33	29	36	29	31	35	40	26	31	33	22	36	38	32	22	38	34	27	26	40	27	38	32	23	36	39	28	22	31	22	21	40	39	23	35	36	26	36	40	39	23	25	37	25	34	22	39	31	37	32	27	38	20	21	32	20	28	40	21	26	24	22	36	33	35	34	36	21	24	32	39	39	33	35	32	34	36	26	23	38	31	35	25	20	38	34	38	27	36	36	20	24	22	30	35	35	40	37	25	38	39	31	40	30	31	35	36	22	27	32	33	22	24	21	24	25	28	28	21	28	33	33	26	35	30	40	25	36	26	22	39	40	20	38	25	24	37	20	39	36	28	25	36	35	28	20	25	29	40	33	37	33	35	32	28	31	33	30	29	21	33	30	25	34	21	30	30	38	37	32	28	31	36	40	33	40	29	25	37	29	24	21	32	39	34	27	35	33	37	36	31	40	25	27	27	37	28	32	23	21	35	29	35	32	38	30	35	34	32	29	21	22	40	28	31	31	40	25	36	39	32	39	37	37	29	20	34	37	39	39	35	32	38	40	39	30	38	24	29	35	29	20	36	26	38	40	22	25	20	20	24	33	40	30	31	28	30	38	20	28	39	38	40	33	37	31	22	21	22	35	39	32	25	25	20	25	26	22	40	32	26	26	33	34	24	40	28	32	27	25	21	31	21	21	33	23	39	23	37	23	23	30	26	37	40	32	24	29	22	38	21	36	38	24	27	37	32	34	22	26	31	39	21	24	31	25	30	40	27	38	21	40	40	36	20	33	39	26	38	35	31	39	21	26	32	26	32	40	40	32	39	26	22	37	27	39	26	28	26	30	29	26	27	21	30	20	22	24	27	37	21	27	26	34	29	28	30	34	20	20	36	29	39	31	40	35	21	25	34	33	24	34	23	32	21	33	34	30	36	28	38	29	32	36	33	37	25	40	29	28	30	35	39	32	21	28	20	24	26	32	24	24	27	22	29	27	27	23	30	32	20	29	27	32	30	25	36	20	26	36	34	23	34	33	31	27	40	31	39	35	31	33	39	30	21	37	30	33	40	30	30	21	35	29	38	39	27	34	27	26	36	35	40	31	37	27	21	24	26	30	40	33	38	36	35	25	24	31	20	29	34	37	33	39	26	20	25	30	29	29	27	28	27	26	36	20	40	28	40	35	
32	11	50	49	28	30	43	29	39	41	16	45	17	17	21	35	41	30	23	25	43	45	32	47	15	50	22	17	20	40	24	45	45	15	42	35	42	45	10	35	15	17	44	46	12	50	50	39	28	32	37	33	38	48	33	11	12	12	35	16	23	18	22	26	18	45	48	31	32	16	30	39	15	50	28	35	21	20	36	23	27	45	18	35	47	16	24	46	44	46	50	50	46	23	46	29	24	37	15	46	32	18	27	22	13	22	19	24	47	23	17	19	13	43	15	21	44	22	12	18	14	11	26	28	31	29	36	44	30	37	35	21	17	49	42	25	33	24	47	24	30	35	43	27	28	33	27	43	30	34	48	10	17	38	10	32	43	20	18	20	36	21	32	48	18	11	10	39	26	48	38	24	28	40	32	29	14	49	12	32	29	16	47	14	47	20	43	21	33	34	32	32	15	15	16	25	19	43	44	23	48	50	50	17	41	37	31	34	19	48	28	46	47	36	19	19	35	46	10	50	16	16	36	46	43	15	25	35	45	29	29	49	18	48	40	42	33	49	50	33	10	46	33	19	11	17	12	26	16	27	34	14	25	22	38	37	20	48	19	28	36	35	15	37	24	16	50	10	48	43	45	49	35	27	26	41	11	27	24	26	21	11	48	18	34	18	37	21	43	46	14	36	18	27	40	50	17	19	46	33	17	44	25	50	45	29	15	11	29	21	24	11	16	46	11	12	36	28	50	14	21	17	49	19	13	21	31	15	30	25	27	30	48	28	40	19	15	47	49	22	25	35	42	20	44	26	37	37	12	11	25	23	21	28	43	16	14	33	37	28	28	40	10	34	50	32	37	45	26	37	13	46	46	33	21	13	27	15	27	10	28	41	22	41	25	43	43	10	46	38	25	24	12	47	25	43	37	41	35	29	12	24	20	18	11	24	44	46	18	21	22	38	26	43	39	49	16	38	18	42	40	43	26	28	47	23	50	41	44	39	40	12	38	24	46	45	16	31	18	12	12	19	12	38	39	32	34	23	26	30	15	30	21	32	16	30	25	23	42	26	43	25	44	26	14	44	49	35	46	22	50	17	21	25	24	42	32	17	15	20	31	24	26	39	32	12	27	39	20	47	41	41	37	13	21	21	38	18	28	29	42	20	50	21	49	46	37	50	47	22	40	38	22	15	25	26	45	49	42	28	47	46	22	34	31	29	12	38	18	12	50	26	37	34	25	45	49	25	37	12	26	13	49	29	13	40	13	33	35	18	11	15	25	17	18	39	25	48	17	36	11	23	14	10	14	37	14	17	43	19	24	10	25	14	27	41	39	34	37	42	45	35	24	13	42	37	45	13	36	28	10	38	50	46	10	12	38	38	36	11	16	36	27	26	36	25	46	17	32	23	25	21	15	16	39	33	17	21	20	21	45	42	33	44	37	28	15	49	42	28	39	48	31	49	32	28	43	38	41	29	34	12	47	35	34	27	23	15	47	34	24	32	37	48	10	45	35	12	26	46	17	48	39	15	41	34	29	39	27	10	43	44	18	18	40	32	22	43	35	41	33	12	32	35	44	30	14	41	28	37	43	20	30	30	37	27	18	48	27	18	13	47	27	46	10	17	42	22	42	30	13	29	40	33	45	23	48	46	31	23	40	37	33	34	31	42	40	23	29	16	32	38	34	35	35	24	33	14	22	37	28	45	25	10	19	10	20	26	34	19	40	23	22	28	45	49	26	48	46	22	23	13	44	49	14	39	33	30	37	36	28	18	23	22	20	50	35	31	15	37	15	16	28	41	31	35	37	14	25	25	24	38	26	28	30	19	36	34	20	44	39	47	49	15	31	18	47	34	30	29	20	22	26	35	24	37	16	14	17	10	25	29	13	31	10	13	31	12	42	17	45	18	21	32	22	11	45	17	32	44	19	13	42	14	17	29	46	23	34	33	25	21	35	34	29	40	18	17	21	19	47	15	25	41	25	40	35	13	17	49	25	12	44	48	50	37	34	44	44	18	36	16	37	14	22	49	23	48	16	22	32	49	43	43	18	24	15	44	39	36	42	34	14	28	38	26	10	48	39	47	33	36	47	29	43	12	50	15	11	24	44	27	41	42	45	35	14	30	26	11	49	16	22	43	26	44	16	38	44	49	13	22	14	13	48	38	10	14	38	23	23	39	37	16	45	32	13	38	30	17	49	17	25	49	23	28	42	50	28	16	36	29	14	27	25	45	23	18	37	13	42	46	37	35	17	37	44	27	45	38	15	28	48	17	14	22	44	37	38	37	32	19	28	22	23	26	43	50	37	35	23	40	45	29	10	22	19	33	46	50	40	41	27	11	26	29	17	47	10	13	22	14	28	21	27	26	34	36	27	28	41	46	35	21	30	50	31	30	24	11	19	19	23	22	23	41	38	35	31	34	28	27	34	13	40	37	32	34	38	32	15	11	10	34	31	22	29	13	28	42	49	37	10	48	27	37	13	34	26	34	43	15	15	40	33	47	10	35	19	35	40	31	17	31	48	49	10	42	18	14	31	36	43	28	10	14	26	22	45	24	22	20	32	31	29	50	34	13	35	39	27	30	34	47	39	47	34	33	21	30	29	21	15	15	32	16	37	22	12	33	27	42	11	39	26	42	10	41	37	24	25	14	16	43	42	47	41	50	15	43	31	20	36	16	22	39	29	41	15	40	50	36	17	46	16	26	45	28	24	20	41	21	13	28	34	49	17	15	29	31	25	36	39	11	31	40	18	18	46	46	17	50	32	14	14	38	11	30	35	31	23	44	13	13	14	36	48	23	14	50	44	31	36	37	44	34	47	43	42	14	37	38	19	20	41	49	26	30	37	24	26	42	20	47	43	22	11	24	15	45	15	25	22	41	50	30	22	41	48	34	22	37	46	42	12	46	42	19	20	33	29	35	34	20	49	45	49	50	28	16	18	35	23	16	33	20	41	13	13	40	28	18	47	29	45	24	11	23	37	36	27	45	10	27	10	38	44	45	46	46	16	41	41	14	33	21	14	42	42	43	16	44	19	22	42	29	19	42	25	47	39	42	23	50	44	17	10	47	36	40	25	10	40	21	24	34	16	25	44	14	28	30	48	32	36	19	40	29	49	19	45	45	32	46	16	47	43	22	35	45	50	19	35	47	33	26	25	34	27	42	41	10	21	47	26	17	21	18	47	29	19	31	45	40	49	31	36	26	21	15	41	24	29	16	34	11	28	48	42	24	48	48	14	30	14	45	31	40	48	33	41	21	45	35	25	40	23	13	20	30	11	45	38	25	45	38	39	29	49	14	44	19	23	50	19	33	31	22	30	18	18	50	11	44	26	15	34	29	28	39	48	39	36	15	41	30	23	19	18	39	38	20	38	35	15	24	39	42	47	12	22	26	36	24	14	40	38	19	31	47	47	45	37	23	40	12	42	49	47	16	32	22	28	43	23	47	50	25	16	16	20	13	24	13	37	23	42	10	44	31	22	44	22	46	45	12	46	13	47	21	48	45	26	19	34	48	39	21	37	29	23	37	39	50	35	19	21	20	29	34	47	49	48	20	18	17	30	40	36	32	16	29	19	31	40	30	39	18	20	23	40	11	28	46	23	16	23	46	35	24	14	13	28	26	45	48	27	14	32	14	36	45	46	32	26	40	32	27	26	44	49	19	35	29	46	43	28	31	17	25	39	17	48	39	36	40	42	37	14	46	18	18	28	28	15	12	41	38	10	30	37	18	42	33	21	47	19	28	47	49	35	14	48	49	15	10	38	35	16	19	22	14	46	42	45	36	43	11	16	41	23	11	28	46	48	16	47	41	12	33	11	35	44	29	12	11	27	50	42	18	48	44	23	48	15	35	28	36	26	18	26	24	30	29	50	46	42	16	22	36	25	40	27	46	34	37	30	44	21	28	47	14	15	12	10	49	33	49	35	13	35	34	34	44	37	16	36	50	48	26	10	40	49	26	14	16	22	28	11	30	27	24	20	30	46	46	39	17	48	14	16	45	45	50	42	35	12	12	10	17	50	26	46	17	26	46	20	34	48	36	20	46	29	30	33	41	27	46	29	17	29	23	36	45	48	16	25	13	27	19	37	44	38	27	20	43	30	19	35	43	38	19	31	47	19	38	39	22	49	21	27	24	24	24	36	18	18	15	46	26	26	36	18	32	20	50	40	34	26	25	43	50	32	49	45	10	45	46	10	31	27	44	25	12	32	19	42	13	38	45	16	49	31	36	27	31	12	15	15	16	23	15	27	29	38	37	36	40	32	46	13	41	43	24	15	31	29	21	36	15	32	39	42	25	28	28	38	15	38	43	50	35	21	21	20	48	23	14	27	23	22	38	38	19	23	43	12	14	46	47	50	38	42	15	23	34	46	12	43	49	41	35	48	35	26	43	38	22	18	30	44	46	22	46	28	22	26	10	40	27	50	49	19	49	42	37	16	19	12	42	16	10	11	33	22	23	48	31	21	17	49	25	37	22	30	27	40	34	31	29	42	26	49	48	48	24	24	14	14	46	16	15	31	35	46	35	16	48	34	17	44	49	24	42	21	29	15	23	32	21	24	38	17	47	10	46	47	18	35	38	48	22	16	35	39	37	15	34	35	19	12	10	49	11	33	30	29	12	25	17	12	40	46	50	45	46	46	32	39	49	44	39	12	31	20	11	45	45	16	10	38	17	11	24	20	24	43	29	44	17	17	16	11	16	44	24	13	48	19	49	50	49	48	36	10	21	37	25	43	10	48	15	42	17	40	18	11	40	12	23	39	30	42	44	23	25	45	10	18	27	32	13	21	35	25	43	26	26	23	26	24	23	37	38	37	45	17	42	24	24	30	11	17	47	16	20	11	13	39	22	34	24	31	31	16	15	45	28	12	12	19	16	44	17	22	30	40	33	39	37	33	35	14	33	33	22	37	24	28	24	35	19	21	31	37	11	20	44	36	15	31	36	42	26	13	48	13	33	42	21	16	35	21	47	13	41	20	33	15	39	37	47	39	10	35	14	35	43	15	26	46	11	17	23	18	47	28	43	49	36	25	43	45	36	13	26	35	25	29	34	48	25	23	34	10	50	18	29	24	38	34	48	41	40	45	48	10	38	40	35	24	32	47	16	44	31	40	38	47	25	16	12	43	21	17	33	48	25	44	12	44	26	50	36	22	11	23	18	44	30	23	12	10	10	25	45	13	20	36	17	39	34	32	44	19	10	45	10	50	49	46	10	21	32	16	25	27	15	40	49	38	25	19	10	14	22	17	24	49	36	34	43	19	42	32	21	15	34	47	40	43	31	17	48	45	31	37	11	34	44	16	34	30	45	34	34	14	48	46	43	21	36	18	27	45	49	28	34	38	50	17	31	26	44	20	19	33	48	13	20	31	37	37	12	29	49	28	20	40	40	12	34	26	44	10	48	34	45	25	47	16	41	41	24	40	15	39	43	25	23	43	19	46	36	32	49	43	37	16	24	27	46	32	23	23	19	35	19	17	23	24	14	20	17	40	50	50	40	48	33	38	14	45	31	17	50	49	47	39	32	22	11	46	49	37	49	21	43	35	19	20	23	31	13	25	40	27	20	24	14	48	27	29	46	34	15	45	11	28	36	48	42	38	49	25	50	21	24	17	16	34	32	33	35	47	30	32	29	27	23	34	32	13	50	40	26	33	44	45	43	44	18	38	10	47	30	21	38	47	26	21	20	25	24	32	20	45	29	39	25	33	25	25	23	49	35	46	38	36	35	36	21	40	23	24	17	23	33	24	15	18	40	39	14	21	11	49	50	10	28	30	11	26	10	26	50	25	41	37	30	16	14	47	19	38	44	38	22	40	12	42	43	30	32	21	30	15	50	17	24	15	50	29	17	32	35	46	31	38	33	30	45	38	36	47	37	31	47	15	48	31	13	41	10	42	19	26	18	22	43	50	44	43	22	11	12	32	35	12	48	39	27	24	32	20	27	42	16	26	48	27	12	38	13	31	28	30	24	19	19	34	28	42	41	27	31	15	29	11	47	44	42	12	38	18	22	11	45	33	47	13	22	18	30	35	27	10	40	16	14	33	15	35	32	42	23	50	31	10	16	32	24	28	22	20	43	29	49	43	22	27	31	26	17	11	19	46	20	18	44	35	37	42	15	47	29	40	15	35	18	34	47	39	14	45	11	38	16	47	38	25	26	31	39	49	17	21	11	13	10	21	50	19	37	15	10	13	17	44	16	17	10	15	41	22	24	22	50	26	46	48	14	47	12	46	40	13	29	48	47	10	21	38	32	41	28	22	23	39	39	30	25	19	30	42	28	39	47	47	16	40	43	30	48	27	47	37	25	34	37	27	27	20	18	17	38	45	27	31	23	36	43	29	26	33	46	40	50	30	40	38	46	22	39	44	28	21	16	14	17	14	48	30	41	17	28	48	11	44	32	10	40	17	13	17	27	33	31	42	49	39	19	13	35	46	26	47	16	20	24	47	26	48	28	24	32	34	47	16	40	41	37	47	25	16	47	25	10	43	35	23	32	29	10	33	47	45	11	47	14	41	38	41	32	16	11	17	40	13	11	42	27	41	47	20	10	48	37	29	47	23	49	22	23	44	18	43	41	11	50	11	12	34	34	16	36	13	36	50	15	10	35	13	11	44	38	17	36	23	42	28	26	19	32	40	23	47	19	42	49	41	29	11	41	22	35	32	38	23	46	15	39	26	25	50	25	26	26	47	12	48	27	30	19	16	48	11	21	32	29	30	21	14	22	32	21	22	41	13	20	39	48	26	11	35	26	47	29	18	19	19	20	22	49	34	48	14	24	15	18	30	14	13	30	16	27	14	32	34	34	42	33	33	17	50	24	29	26	35	44	37	31	30	42	20	42	39	42	28	15	12	47	16	49	32	43	49	18	24	17	32	22	43	16	39	19	13	27	23	49	30	40	33	47	49	46	48	22	30	23	41	39	18	15	24	41	23	12	37	22	11	15	39	31	17	43	32	11	46	11	41	40	33	38	20	42	23	23	17	14	29	31	36	28	22	46	26	24	15	41	22	36	24	19	49	25	43	41	43	18	17	49	34	36	42	49	33	15	43	37	49	16	12	27	36	41	43	49	16	47	26	48	28	12	29	28	35	30	26	33	15	15	32	49	25	14	33	12	21	30	45	15	19	43	28	33	35	10	29	16	16	10	46	33	29	38	36	32	30	45	28	19	23	18	32	22	40	39	36	43	33	22	17	21	10	40	26	48	15	26	46	36	11	35	20	28	49	41	34	33	48	11	33	41	30	34	43	31	20	44	29	26	28	48	19	23	46	13	23	33	32	21	36	42	14	24	50	24	39	45	40	11	42	28	24	38	38	38	14	44	21	38	10	26	11	34	48	44	29	28	27	10	46	22	15	44	28	34	40	12	23	16	21	50	35	28	25	11	22	14	35	34	44	27	19	35	35	35	22	43	22	42	28	20	22	34	31	22	25	31	13	42	34	19	49	16	50	19	28	33	45	42	33	10	31	44	32	19	13	36	32	44	50	39	34	21	34	25	44	27	40	31	34	14	38	13	50	43	40	18	48	22	18	24	46	35	29	48	38	12	39	35	43	22	14	35	12	47	23	27	11	10	45	19	21	42	25	31	41	21	10	48	36	11	48	17	42	38	39	21	15	35	36	26	15	33	30	46	11	47	24	40	30	33	25	32	14	12	29	39	12	40	43	26	48	30	25	37	29	50	44	22	43	49	36	46	45	36	29	38	39	20	10	37	11	24	11	23	13	29	24	43	21	11	30	28	35	39	33	50	47	21	27	16	48	20	15	48	42	31	36	35	45	32	46	45	11	48	38	31	33	43	34	29	17	14	47	50	21	29	38	31	13	24	44	18	29	46	13	21	15	50	43	37	37	50	42	28	28	21	19	40	42	22	10	44	16	24	35	37	30	41	39	46	26	49	14	46	34	43	47	41	43	43	33	36	33	23	22	13	31	26	48	25	22	39	17	31	19	16	49	35	45	17	11	11	45	25	25	33	23	12	26	31	31	10	22	39	21	17	41	37	18	14	24	34	47	34	38	28	33	15	10	20	49	46	20	33	35	15	37	35	12	27	37	17	40	24	50	12	10	40	11	45	28	47	36	42	17	50	47	30	48	19	46	18	25	29	15	46	37	19	24	29	32	36	10	38	48	35	42	21	17	41	46	42	48	12	45	25	31	45	45	43	49	21	35	34	15	48	12	25	50	28	10	20	49	41	22	38	11	43	40	32	23	45	29	14	17	23	23	38	39	10	48	33	35	11	23	44	17	12	45	18	50	33	28	26	41	40	44	31	20	30	19	29	13	19	43	16	33	31	37	16	24	18	37	24	37	29	13	15	38	45	13	50	36	33	20	30	38	49	40	25	34	14	10	18	27	35	21	16	24	25	45	16	18	28	37	34	31	27	28	11	38	13	24	37	17	30	42	38	48	43	10	36	18	50	29	17	23	45	37	28	29	15	14	45	30	31	40	19	25	44	41	50	23	31	18	13	31	46	45	27	38	37	44	49	23	15	27	41	50	39	23	20	46	16	16	46	16	18	29	13	18	23	46	14	44	17	20	17	46	40	12	44	47	41	18	28	14	33	19	24	25	26	14	24	44	44	36	26	35	30	19	22	50	12	16	43	25	44	14	42	20	44	49	31	12	12	22	31	23	11	39	14	38	19	24	40	30	32	14	33	36	17	43	23	46	36	34	31	40	21	22	45	11	16	25	47	36	48	15	33	18	23	27	36	24	38	13	50	43	22	26	20	37	11	43	31	16	12	23	33	22	31	37	42	50	31	28	15	31	33	20	42	14	19	17	15	46	14	28	31	20	12	35	33	35	12	43	12	49	12	18	25	22	31	34	17	23	47	18	44	50	42	13	40	12	49	15	49	48	28	29	20	31	44	44	39	30	11	26	31	12	38	10	24	19	36	12	50	18	46	19	49	48	23	25	44	41	13	23	39	20	41	30	12	45	10	34	22	40	49	16	15	45	38	14	35	50	23	10	11	44	28	46	13	46	19	41	11	46	25	13	26	11	11	16	44	28	49	31	30	12	35	47	20	33	46	21	35	12	15	39	30	18	24	41	45	20	19	33	17	18	12	10	34	38	33	19	29	28	12	48	47	46	42	50	21	48	19	48	47	47	45	30	41	30	45	46	19	19	15	45	26	13	38	47	38	41	36	13	45	37	32	38	30	18	20	18	33	25	41	45	38	29	29	49	10	38	22	26	32	32	49	50	46	23	12	25	45	46	19	31	37	30	16	23	13	19	18	16	33	36	42	26	16	50	50	39	35	50	46	23	29	28	37	30	29	13	25	10	39	43	45	47	10	14	38	28	36	46	11	18	36	25	33	26	13	26	49	22	18	34	26	11	15	23	45	11	47	42	18	15	27	40	25	21	23	22	17	37	40	26	16	16	49	14	13	36	28	14	26	32	16	19	35	14	49	48	21	24	18	19	32	42	25	45	49	40	17	29	24	40	42	41	47	43	46	28	45	21	46	47	23	12	27	32	31	15	32	38	17	45	14	32	17	24	48	25	26	25	33	33	42	13	49	24	31	23	13	18	49	22	31	49	20	16	35	22	48	47	43	32	13	33	28	50	14	27	32	20	19	31	12	44	48	28	45	48	41	39	29	32	14	15	42	30	27	37	15	38	35	42	27	31	20	25	18	29	14	32	24	29	39	41	22	10	16	20	28	39	18	
20
60
