3570
120
0	0	0	0	0	0	0	0	0	0	0	0	0	0	0	0	0	0	0	0	0	0	0	0	0	0	0	0	0	0	0	0	0	0	0	0	0	0	0	0	0	0	0	0	0	0	0	96	0	0	0	0	0	0	0	0	0	0	0	0	0	0	0	0	0	0	0	0	0	0	0	0	0	0	0	0	0	0	0	0	0	0	0	0	0	0	0	0	0	0	0	0	0	0	0	0	0	0	0	0	500	0	0	0	0	0	0	0	0	0	0	0	0	0	0	0	0	0	0	0	
0	0	0	0	0	0	0	0	0	0	0	0	0	0	0	0	0	0	0	500	0	0	0	0	0	0	0	0	0	0	0	0	0	0	0	0	0	0	0	0	0	0	0	0	0	0	0	0	0	0	0	0	0	0	0	0	0	0	0	0	0	0	0	0	0	0	0	0	0	0	0	0	0	0	0	0	0	0	0	0	0	0	0	0	0	0	0	0	0	0	0	0	0	0	0	0	0	0	0	0	0	0	0	0	0	0	192	0	0	0	0	0	0	0	0	0	0	0	0	0	
0	0	0	0	0	0	0	0	0	0	0	0	0	0	0	0	0	0	0	0	0	0	0	0	0	0	0	0	0	0	0	0	0	0	0	0	0	0	0	0	0	0	0	0	0	0	0	0	0	0	0	0	0	0	0	0	0	0	0	0	0	0	0	0	0	0	0	0	0	0	0	0	0	0	0	0	0	48	0	0	192	0	0	0	0	0	0	0	0	0	0	0	0	0	0	0	0	0	500	0	0	0	0	0	0	0	0	0	0	0	0	0	0	0	0	0	0	0	0	0	
0	0	0	0	0	0	0	0	0	0	0	0	0	0	96	0	0	0	0	0	500	0	0	0	0	0	0	0	0	0	0	0	0	0	0	0	0	0	0	0	0	0	0	0	0	0	0	0	0	0	0	0	0	0	0	0	0	0	0	0	0	0	0	0	0	0	0	0	0	0	0	0	0	0	0	0	0	0	0	0	0	0	0	0	0	0	0	0	0	0	0	0	0	0	0	0	0	0	0	0	0	0	0	0	0	0	0	0	0	0	0	0	0	0	0	0	0	0	0	0	
0	0	0	0	0	0	0	0	0	0	0	0	0	0	0	0	0	0	0	0	0	0	0	96	0	0	0	0	0	0	0	0	0	0	500	0	0	0	0	0	0	0	0	0	0	0	0	0	0	0	0	0	0	0	0	0	0	0	0	0	0	0	0	0	0	0	0	0	0	0	0	0	0	0	0	0	0	0	0	0	0	0	0	0	0	0	0	0	0	0	0	0	0	0	0	0	0	0	0	0	0	0	0	0	0	0	0	0	0	0	0	0	0	0	0	0	0	0	0	0	
0	0	0	0	0	0	0	0	0	0	0	0	0	0	0	0	0	0	0	0	0	0	0	0	0	0	0	0	0	0	48	0	192	0	0	0	0	0	0	0	0	0	0	0	0	0	0	0	0	0	0	0	48	0	0	0	0	0	0	0	0	0	0	0	0	0	0	0	0	0	0	0	0	0	0	0	0	0	0	0	0	0	0	0	0	0	0	0	0	0	0	0	0	0	0	0	0	0	0	0	0	0	0	0	0	0	0	0	0	0	0	0	0	0	0	0	0	0	0	0	
0	0	0	0	0	0	0	0	0	0	0	0	0	0	0	0	0	0	0	0	0	0	0	0	0	0	0	0	0	0	0	0	0	0	0	0	0	0	0	0	0	0	0	0	0	0	0	0	0	0	0	0	0	0	0	0	0	0	0	0	0	0	0	0	0	192	0	0	0	0	0	0	0	0	0	0	0	0	0	0	0	0	0	0	0	0	0	0	0	0	0	0	0	0	500	0	0	0	0	0	0	0	0	0	0	0	0	0	0	0	0	0	0	0	0	0	0	0	0	0	
0	0	0	0	0	0	0	0	0	0	0	0	0	0	0	0	0	0	0	0	0	0	0	0	0	0	0	0	0	0	0	0	0	0	0	0	0	0	0	0	0	0	0	0	0	0	0	0	0	0	0	0	0	0	0	0	0	0	0	0	0	0	0	0	0	0	0	0	0	0	0	0	0	0	0	0	0	0	0	0	0	0	0	0	48	0	0	0	0	0	0	0	0	48	0	0	0	0	0	0	0	0	0	0	0	0	0	0	0	0	0	0	0	0	0	0	0	0	0	0	
0	0	0	0	0	0	0	0	0	0	0	0	0	0	0	0	0	0	0	0	0	0	0	0	0	0	0	0	0	0	0	0	0	0	0	0	0	0	0	0	0	0	0	0	0	96	0	0	0	0	0	0	0	0	0	0	0	0	0	0	0	0	0	0	0	0	0	0	0	0	0	0	0	0	0	0	0	0	0	0	0	0	0	0	0	0	0	0	0	0	0	0	0	0	0	0	0	0	0	48	0	0	0	0	0	0	0	0	0	0	0	0	0	0	0	0	0	0	0	0	
0	0	0	0	0	0	0	0	0	0	0	0	0	0	0	0	0	0	0	0	0	0	0	0	0	0	0	0	0	0	0	0	0	0	0	0	0	0	0	0	0	0	0	0	0	0	0	0	0	0	0	0	0	0	0	0	0	0	0	0	0	0	0	0	0	0	0	0	0	192	0	0	0	0	0	0	0	0	0	0	0	0	0	0	0	0	0	0	0	0	0	0	0	0	0	0	0	0	0	0	0	0	48	0	0	0	0	0	0	0	0	0	0	0	0	0	0	0	0	0	
0	0	0	0	0	0	0	0	0	0	0	0	0	0	0	0	0	0	0	0	0	0	0	0	0	0	0	0	0	0	0	0	0	0	0	0	0	0	0	0	96	500	0	0	0	0	0	0	0	0	0	0	0	0	0	0	0	0	0	0	0	0	0	0	0	0	0	192	0	0	0	0	0	0	0	0	0	0	0	0	0	0	0	0	0	0	0	0	0	0	0	48	0	0	0	0	0	0	0	0	0	0	0	0	0	0	0	0	0	0	96	0	0	0	0	0	0	0	0	0	
0	0	0	0	0	0	0	0	0	0	0	0	0	0	0	0	0	0	0	0	0	0	0	0	0	0	0	0	0	0	0	96	0	0	0	0	96	0	0	0	0	0	0	0	0	0	0	0	0	0	0	0	0	0	0	0	0	0	0	0	0	0	0	0	0	0	0	0	0	0	0	0	0	0	0	0	0	0	0	0	0	0	0	0	0	0	0	0	0	0	0	0	0	0	0	0	0	0	0	0	0	0	0	0	0	0	0	0	0	0	0	0	0	0	0	0	0	0	0	0	
0	0	0	0	0	0	0	0	0	0	0	0	0	0	0	0	0	0	0	0	0	0	0	0	192	0	0	0	0	0	0	0	0	0	0	96	0	0	0	0	0	0	0	0	0	0	0	0	0	0	0	0	0	0	0	0	0	0	0	0	0	0	0	0	0	0	0	0	0	0	0	0	0	0	0	0	0	0	0	48	0	0	0	0	0	0	0	0	0	0	0	0	0	0	0	0	0	0	0	0	0	0	0	0	0	0	0	0	96	0	0	0	0	0	0	0	0	0	0	0	
0	0	0	0	0	0	0	0	0	0	0	0	0	0	0	0	0	0	0	0	0	0	0	0	0	0	0	0	0	96	0	0	0	0	0	0	0	0	0	0	0	0	0	0	0	0	0	0	0	0	0	0	0	0	0	0	0	0	0	0	0	0	0	0	0	0	0	0	500	0	0	0	0	0	0	0	0	0	0	0	0	0	0	0	0	0	0	0	0	0	0	0	0	0	0	0	0	0	0	0	0	0	0	0	0	0	0	0	0	0	0	0	0	0	0	48	0	0	0	0	
0	0	0	96	0	0	0	0	0	0	0	0	0	0	0	0	0	0	0	0	0	0	0	0	0	0	0	0	0	0	0	0	0	0	0	0	0	0	0	0	0	0	0	0	0	0	0	0	0	0	0	0	0	0	0	0	0	0	0	0	500	0	0	0	0	0	0	0	0	0	0	0	0	0	0	0	0	0	0	0	0	0	0	0	0	0	0	0	0	0	0	0	0	0	0	0	0	0	0	0	0	0	0	0	0	0	0	0	0	0	0	0	0	0	0	0	0	0	0	0	
0	0	0	0	0	0	0	0	0	0	0	0	0	0	0	0	0	0	0	0	0	0	0	0	0	0	0	0	0	0	0	0	0	0	0	0	0	0	0	96	0	0	0	0	0	0	0	0	0	0	0	0	0	0	0	0	0	0	0	0	0	0	0	0	0	0	0	0	0	0	0	0	0	0	0	0	0	0	0	0	0	0	0	0	0	0	0	0	0	0	0	0	0	0	0	0	0	192	0	0	0	0	0	0	0	0	0	0	0	0	0	0	0	0	0	0	0	0	0	0	
0	0	0	0	0	0	0	0	0	0	0	0	0	0	0	0	0	0	0	0	0	0	0	0	0	0	0	0	0	0	0	0	0	0	0	0	0	0	0	0	0	0	0	0	0	0	0	0	0	0	0	0	0	0	0	96	0	0	0	0	0	0	0	0	0	0	0	0	0	0	0	0	0	0	0	0	0	0	0	0	0	0	0	0	0	0	0	0	0	0	0	0	0	0	0	0	0	0	0	0	0	0	0	0	0	0	0	0	0	0	0	0	0	0	48	0	96	0	0	0	
0	0	0	0	0	0	0	0	0	0	0	0	0	0	0	0	0	0	0	0	0	0	0	0	0	0	0	0	0	0	0	0	0	0	0	0	0	0	0	0	0	0	0	0	0	500	0	0	0	0	0	0	0	0	0	0	0	0	0	0	0	0	0	0	0	0	0	0	0	0	0	0	0	0	0	0	0	0	0	0	0	0	0	0	0	0	0	0	0	192	0	0	0	0	0	0	0	0	0	0	0	0	0	0	0	192	0	0	0	0	0	0	0	0	0	0	0	0	0	0	
0	0	0	0	0	0	0	0	0	0	0	0	0	0	0	0	0	0	0	0	0	0	0	0	0	0	0	0	0	0	0	0	0	0	0	0	0	0	0	0	0	0	0	0	0	0	0	0	0	0	0	48	0	0	0	0	0	0	0	0	0	0	0	0	0	0	96	0	0	0	0	0	0	0	0	0	0	0	0	0	0	0	0	0	0	0	0	0	0	0	0	0	0	0	0	0	0	0	0	0	0	0	0	0	0	0	0	0	0	0	0	0	0	0	0	0	0	0	0	0	
0	500	0	0	0	0	0	0	0	0	0	0	0	0	0	0	0	0	0	0	0	0	0	0	0	0	0	0	0	0	0	0	0	0	0	0	0	0	0	48	0	0	0	0	0	0	0	0	0	0	0	0	0	0	0	0	0	0	0	0	0	0	0	48	0	0	0	0	0	0	0	0	0	0	0	0	0	0	0	0	0	0	0	0	0	0	0	0	0	0	0	0	0	0	0	0	0	192	0	0	0	0	0	0	0	0	192	0	0	0	0	0	0	0	0	0	0	0	0	0	
0	0	0	500	0	0	0	0	0	0	0	0	0	0	0	0	0	0	0	0	0	0	0	0	0	0	0	0	0	0	0	0	0	0	0	0	0	0	0	0	0	0	0	0	0	0	0	500	0	0	0	0	0	0	0	0	0	0	0	0	48	0	0	0	0	0	0	0	0	0	0	0	0	0	0	0	0	0	0	0	0	0	0	0	0	0	0	0	0	0	0	0	0	0	0	0	0	0	0	0	500	0	0	0	0	0	0	0	0	0	0	0	0	0	0	0	0	0	0	0	
0	0	0	0	0	0	0	0	0	0	0	0	0	0	0	0	0	0	0	0	0	0	0	0	0	0	0	48	0	0	0	0	0	0	0	0	0	0	0	0	0	0	0	0	0	0	0	0	0	0	0	0	0	0	0	0	0	0	0	0	0	0	0	0	0	0	0	0	0	0	0	0	0	0	0	0	0	0	0	0	0	48	0	0	0	0	0	0	0	0	0	0	0	0	0	0	48	0	0	0	0	0	0	0	0	0	0	0	0	0	0	0	0	0	0	0	0	0	0	0	
0	0	0	0	0	0	0	0	0	0	0	0	0	0	0	0	0	0	0	0	0	0	0	0	0	0	0	0	0	0	0	0	96	0	0	0	0	0	0	0	0	0	0	0	0	0	0	0	0	0	0	0	96	0	0	0	0	0	0	0	0	0	0	0	0	0	0	0	0	0	0	0	0	0	0	0	0	0	0	0	0	0	0	0	0	0	0	0	0	0	0	0	0	0	0	0	0	0	0	0	0	0	0	0	0	0	0	48	0	0	0	0	0	0	0	0	0	0	0	0	
0	0	0	0	96	0	0	0	0	0	0	0	0	0	0	0	0	0	0	0	0	0	0	0	0	0	0	0	0	0	0	0	0	0	96	0	0	0	0	0	0	0	0	0	0	0	0	0	0	0	0	0	0	0	0	0	0	0	0	0	0	0	0	0	0	0	0	0	0	0	0	0	0	0	0	0	0	0	0	0	0	0	0	0	0	0	0	0	0	0	0	0	0	0	0	0	0	0	0	0	0	0	0	0	0	0	0	0	0	96	0	0	0	0	0	0	0	0	0	0	
0	0	0	0	0	0	0	0	0	0	0	0	192	0	0	0	0	0	0	0	0	0	0	0	0	0	0	0	0	0	0	0	0	0	0	96	0	0	0	0	0	0	0	0	0	0	0	0	0	0	0	0	0	0	0	0	0	0	0	0	0	0	0	0	0	0	0	0	0	0	0	0	0	0	0	0	0	0	0	96	0	0	0	0	0	0	0	0	0	0	0	0	0	0	0	0	0	0	0	0	0	0	0	0	0	0	0	0	0	0	0	0	0	0	0	0	0	0	0	0	
0	0	0	0	0	0	0	0	0	0	0	0	0	0	0	0	0	0	0	0	0	0	0	0	0	0	0	0	0	0	0	0	0	0	0	0	0	0	0	0	0	0	0	500	0	0	0	0	0	0	0	0	0	0	0	0	0	0	0	0	0	0	48	0	0	0	0	0	0	0	0	0	0	0	0	0	0	0	0	0	0	0	0	0	0	0	0	0	0	0	0	0	0	0	0	0	0	0	0	0	0	0	0	0	0	0	0	0	0	0	0	0	0	0	0	0	0	0	96	0	
0	0	0	0	0	0	0	0	0	0	0	0	0	0	0	0	0	0	0	0	0	0	0	0	0	0	0	0	96	0	0	0	0	0	0	0	0	0	0	0	0	0	0	0	0	0	0	0	0	0	0	0	0	0	0	0	0	0	0	0	0	0	0	0	0	0	0	0	0	0	0	0	0	0	0	0	0	0	0	0	0	0	0	0	0	0	0	0	0	0	0	0	0	0	0	0	0	0	0	0	0	0	0	0	0	0	0	0	0	0	0	0	192	0	0	0	0	0	0	0	
0	0	0	0	0	0	0	0	0	0	0	0	0	0	0	0	0	0	0	0	0	48	0	0	0	0	0	0	0	0	0	0	0	0	0	0	0	0	0	0	0	0	0	0	0	0	0	0	0	0	0	0	0	0	0	0	0	0	0	0	0	0	0	0	0	0	0	0	0	0	0	0	0	0	0	0	0	0	0	0	0	0	0	0	0	0	0	0	0	0	0	0	0	0	0	0	0	0	0	0	0	0	0	0	0	0	0	0	0	0	0	0	0	0	0	0	96	0	0	500	
0	0	0	0	0	0	0	0	0	0	0	0	0	0	0	0	0	0	0	0	0	0	0	0	0	0	96	0	0	0	0	0	0	0	0	0	0	0	0	0	0	0	0	0	0	0	0	0	0	0	0	0	0	0	0	0	0	192	0	0	0	0	0	0	0	0	0	0	0	0	0	0	0	0	0	0	0	0	0	0	0	0	0	0	0	96	0	0	0	0	0	0	0	0	0	0	0	0	0	0	0	0	0	0	0	48	0	0	0	0	0	0	192	0	0	0	0	0	0	0	
0	0	0	0	0	0	0	0	0	0	0	0	0	96	0	0	0	0	0	0	0	0	0	0	0	0	0	0	0	0	0	0	0	0	0	0	0	0	0	0	0	0	48	0	0	0	0	0	0	0	0	0	0	0	0	0	0	0	0	0	0	0	0	48	0	0	0	0	0	0	0	96	0	0	0	96	0	0	0	0	0	0	0	0	0	0	0	0	0	0	0	0	0	0	0	0	0	0	0	0	0	0	0	0	0	0	0	0	0	0	0	0	0	0	0	0	0	0	0	0	
0	0	0	0	0	48	0	0	0	0	0	0	0	0	0	0	0	0	0	0	0	0	0	0	0	0	0	0	0	0	0	0	0	0	0	0	0	0	0	0	0	0	0	0	0	0	0	0	0	0	0	192	0	0	0	0	0	0	0	0	0	0	0	0	0	0	192	500	0	0	0	0	0	0	0	0	0	0	0	0	0	0	0	0	0	0	96	0	0	0	0	0	0	0	0	0	0	0	0	0	0	0	0	0	0	0	0	0	0	0	0	0	0	0	0	0	0	0	0	0	
0	0	0	0	0	0	0	0	0	0	0	96	0	0	0	0	0	0	0	0	0	0	0	0	0	0	0	0	0	0	0	0	0	0	0	0	192	0	0	0	0	0	0	0	0	0	0	0	0	0	0	0	0	0	0	0	0	0	500	0	0	0	0	0	0	0	0	0	0	0	0	0	0	0	0	0	0	0	0	0	0	0	0	0	0	0	0	0	0	0	0	0	0	0	0	0	0	0	0	0	0	0	0	0	0	0	0	0	0	0	0	0	0	192	0	0	0	0	0	0	
0	0	0	0	0	192	0	0	0	0	0	0	0	0	0	0	0	0	0	0	0	0	96	0	0	0	0	0	0	0	0	0	0	0	0	0	0	0	0	0	0	0	0	0	0	0	0	0	0	0	0	0	0	0	0	0	0	0	0	0	0	0	0	0	0	0	0	0	0	0	0	0	0	0	0	0	0	0	0	0	0	0	0	0	0	0	0	0	0	0	0	0	0	0	0	0	0	0	0	0	0	0	0	0	0	0	0	0	0	0	0	0	0	0	0	0	0	0	0	0	
0	0	0	0	0	0	0	0	0	0	0	0	0	0	0	0	0	0	0	0	0	0	0	0	0	0	0	0	0	0	0	0	0	0	0	0	0	0	0	0	0	0	0	0	0	0	0	0	0	0	0	0	0	0	0	0	0	0	0	0	0	0	0	0	0	0	0	0	0	0	96	0	0	0	0	0	0	0	0	0	0	0	0	192	0	0	0	0	500	0	0	0	0	0	0	0	0	0	0	0	0	0	0	0	0	0	0	0	0	0	0	0	0	0	0	0	0	0	0	0	
0	0	0	0	500	0	0	0	0	0	0	0	0	0	0	0	0	0	0	0	0	0	0	96	0	0	0	0	0	0	0	0	0	0	0	0	0	0	0	0	0	0	0	0	0	0	0	0	0	0	0	0	0	0	0	0	0	0	0	0	0	0	0	0	0	0	0	0	0	0	0	0	0	0	0	0	0	0	0	0	0	0	0	0	0	0	96	96	0	0	0	0	0	0	0	0	0	0	0	0	0	0	0	0	0	0	0	0	0	0	0	0	0	0	0	0	0	0	0	0	
0	0	0	0	0	0	0	0	0	0	0	0	96	0	0	0	0	0	0	0	0	0	0	0	96	0	0	0	0	0	0	0	0	0	0	0	0	0	0	0	0	0	0	0	0	0	0	0	0	0	0	0	0	0	0	0	0	0	0	0	0	0	0	0	0	0	0	0	0	0	0	0	0	0	0	0	0	0	0	0	0	0	0	0	0	0	0	0	0	0	0	0	0	0	0	0	0	0	0	0	0	0	0	0	0	0	0	0	500	0	0	0	0	0	0	0	0	0	0	0	
0	0	0	0	0	0	0	0	0	0	0	96	0	0	0	0	0	0	0	0	0	0	0	0	0	0	0	0	0	0	0	192	0	0	0	0	0	0	0	0	0	0	0	0	0	0	0	0	0	0	0	0	0	0	0	0	0	0	0	0	0	0	0	0	0	0	0	0	0	0	0	0	0	0	0	0	0	0	0	0	0	0	0	0	0	0	0	0	0	0	0	0	0	0	0	0	0	0	0	0	0	0	0	0	0	0	0	0	0	0	0	0	0	0	0	0	0	0	0	0	
0	0	0	0	0	0	0	0	0	0	0	0	0	0	0	0	0	0	0	0	0	0	0	0	0	0	0	0	0	0	0	0	0	0	0	0	0	0	0	0	0	0	48	0	0	0	0	0	0	0	0	0	0	0	0	0	96	0	0	0	0	0	0	0	0	0	0	0	0	0	0	0	0	0	48	0	0	0	0	0	0	0	0	0	0	0	0	0	0	0	96	0	0	0	0	0	0	0	0	0	0	0	0	0	0	0	0	0	0	0	0	0	0	0	0	0	0	0	0	0	
0	0	0	0	0	0	0	0	0	0	0	0	0	0	0	0	0	0	0	0	0	0	0	0	0	0	0	0	0	0	0	0	0	0	0	0	0	0	0	0	0	0	0	0	0	0	0	0	0	48	0	0	0	0	0	0	0	0	0	0	0	500	0	0	0	0	0	0	0	0	0	0	0	0	0	0	0	0	0	0	0	0	0	0	0	0	0	0	0	0	0	0	0	0	0	0	0	0	0	0	0	0	0	0	0	0	0	0	0	0	0	0	0	0	0	0	0	0	0	0	
0	0	0	0	0	0	0	0	0	0	0	0	0	0	0	96	0	0	0	48	0	0	0	0	0	0	0	0	0	0	0	0	0	0	0	0	0	0	0	0	0	0	0	0	0	0	0	0	0	0	0	0	0	0	0	0	0	0	0	0	0	0	0	192	0	0	0	0	0	0	0	0	0	0	0	0	0	0	0	0	0	0	0	0	0	0	0	0	0	0	0	0	0	0	0	0	0	96	0	0	0	0	0	0	0	0	0	0	0	0	0	0	0	0	0	0	0	0	0	0	
0	0	0	0	0	0	0	0	0	0	96	0	0	0	0	0	0	0	0	0	0	0	0	0	0	0	0	0	0	0	0	0	0	0	0	0	0	0	0	0	0	500	0	0	0	0	0	0	0	0	0	0	0	0	0	0	0	0	0	0	0	0	0	0	0	0	0	0	0	0	0	0	0	0	0	0	0	0	0	0	0	0	0	0	0	0	0	0	0	0	0	0	0	0	0	0	0	0	0	0	0	0	0	0	0	0	0	0	0	0	0	0	0	0	0	0	0	0	0	0	
0	0	0	0	0	0	0	0	0	0	500	0	0	0	0	0	0	0	0	0	0	0	0	0	0	0	0	0	0	0	0	0	0	0	0	0	0	0	0	0	500	0	0	0	0	0	0	0	0	0	0	0	0	0	0	0	0	0	0	0	0	0	0	0	0	0	0	0	0	0	0	0	0	0	0	0	0	0	0	0	0	0	0	0	0	0	0	0	0	0	0	0	0	0	0	0	0	0	0	0	0	0	0	0	0	0	0	0	0	0	192	0	0	0	0	0	0	0	0	0	
0	0	0	0	0	0	0	0	0	0	0	0	0	0	0	0	0	0	0	0	0	0	0	0	0	0	0	0	0	48	0	0	0	0	0	0	0	48	0	0	0	0	0	0	0	0	0	0	0	0	0	0	0	0	0	0	0	0	0	0	0	0	0	0	0	0	0	0	0	0	0	0	0	0	0	0	0	0	0	0	0	0	0	0	0	0	0	0	0	0	0	0	0	0	0	0	0	0	0	0	0	0	0	0	0	0	0	0	0	0	0	0	0	0	0	0	0	0	0	0	
0	0	0	0	0	0	0	0	0	0	0	0	0	0	0	0	0	0	0	0	0	0	0	0	0	500	0	0	0	0	0	0	0	0	0	0	0	0	0	0	0	0	0	0	0	0	0	0	0	0	0	0	0	0	0	0	0	0	0	0	0	0	0	0	0	0	0	0	0	0	0	0	0	0	0	0	0	0	0	0	0	0	0	0	0	0	0	0	0	0	0	0	0	0	0	0	0	0	0	0	0	0	0	0	0	0	0	0	0	0	0	0	0	0	0	0	0	0	48	0	
0	0	0	0	0	0	0	0	0	0	0	0	0	0	0	0	0	0	0	0	0	0	0	0	0	0	0	0	0	0	0	0	0	0	0	0	0	0	0	0	0	0	0	0	0	0	0	0	0	0	0	0	0	0	0	0	0	0	0	0	0	0	0	0	48	0	0	0	0	500	0	0	0	0	0	0	0	0	96	0	0	0	0	0	0	0	0	0	0	0	0	0	0	0	0	0	0	0	0	0	0	0	96	0	0	0	0	0	0	0	0	0	0	0	0	0	0	0	0	0	
0	0	0	0	0	0	0	0	96	0	0	0	0	0	0	0	0	500	0	0	0	0	0	0	0	0	0	0	0	0	0	0	0	0	0	0	0	0	0	0	0	0	0	0	0	0	0	0	0	0	0	0	0	0	0	0	0	0	0	0	0	0	0	0	0	0	0	0	0	0	0	0	0	0	0	0	0	0	0	0	0	0	0	0	0	0	0	0	0	0	0	0	0	0	0	0	0	0	0	0	0	0	0	0	0	0	0	0	0	0	0	0	0	0	0	0	0	0	0	0	
0	0	0	0	0	0	0	0	0	0	0	0	0	0	0	0	0	0	0	0	0	0	0	0	0	0	0	0	0	0	0	0	0	0	0	0	0	0	0	0	0	0	0	0	0	0	0	0	0	192	192	0	0	0	0	0	0	0	0	0	0	48	0	0	0	0	0	0	0	0	0	0	0	0	0	0	0	0	0	0	0	0	0	0	0	0	0	0	0	0	0	0	0	0	0	0	0	0	0	0	0	0	0	0	0	0	0	0	0	0	0	48	0	0	0	0	0	0	0	0	
96	0	0	0	0	0	0	0	0	0	0	0	0	0	0	0	0	0	0	0	500	0	0	0	0	0	0	0	0	0	0	0	0	0	0	0	0	0	0	0	0	0	0	0	0	0	0	0	0	0	0	0	0	0	0	0	0	0	0	0	0	0	0	0	0	0	0	0	0	0	0	0	0	0	0	0	0	0	0	0	0	0	0	0	0	0	0	0	0	0	0	0	0	0	0	0	0	0	0	0	0	0	0	0	0	0	0	0	0	0	0	0	0	0	0	0	0	0	0	0	
0	0	0	0	0	0	0	0	0	0	0	0	0	0	0	0	0	0	0	0	0	0	0	0	0	0	0	0	0	0	0	0	0	0	0	0	0	0	0	0	0	0	0	0	0	0	0	0	0	0	0	0	0	0	0	0	0	0	0	0	0	0	0	0	0	0	0	0	0	0	0	0	0	0	0	0	0	96	0	0	0	0	0	0	0	0	0	0	0	0	0	0	0	0	0	0	0	0	0	0	0	0	0	0	0	0	0	0	0	0	0	0	0	0	0	192	0	0	0	96	
0	0	0	0	0	0	0	0	0	0	0	0	0	0	0	0	0	0	0	0	0	0	0	0	0	0	0	0	0	0	0	0	0	0	0	0	0	0	48	0	0	0	0	0	0	0	192	0	0	0	0	0	0	0	0	0	0	0	0	0	0	0	0	0	0	0	0	0	0	0	0	0	0	0	0	0	0	0	0	0	0	0	0	0	0	0	0	0	0	0	0	0	0	0	0	0	0	0	0	0	0	0	0	0	0	0	0	0	0	0	0	0	0	0	0	0	0	0	0	0	
0	0	0	0	0	0	0	0	0	0	0	0	0	0	0	0	0	0	0	0	0	0	0	0	0	0	0	0	0	0	0	0	0	0	0	0	0	0	0	0	0	0	0	0	0	0	192	0	0	0	0	0	0	0	0	0	0	0	0	0	0	0	0	0	0	0	0	0	0	0	0	0	0	0	0	0	96	0	0	0	0	0	0	0	0	0	0	0	0	0	0	0	0	0	0	0	0	0	0	0	0	0	0	0	0	0	0	0	0	0	0	192	0	0	0	0	0	0	0	0	
0	0	0	0	0	0	0	0	0	0	0	0	0	0	0	0	0	0	48	0	0	0	0	0	0	0	0	0	0	0	192	0	0	0	0	0	0	0	0	0	0	0	0	0	0	0	0	0	0	0	0	0	0	0	0	0	0	0	0	0	0	0	0	0	0	0	500	0	0	0	0	0	0	0	0	0	0	0	0	0	0	0	0	0	0	0	0	0	0	0	0	0	0	0	0	0	0	0	0	0	0	0	0	0	0	0	0	0	0	0	0	0	0	0	0	0	0	0	0	0	
0	0	0	0	0	48	0	0	0	0	0	0	0	0	0	0	0	0	0	0	0	0	96	0	0	0	0	0	0	0	0	0	0	0	0	0	0	0	0	0	0	0	0	0	0	0	0	0	0	0	0	0	0	0	0	0	0	0	0	0	0	0	0	0	0	0	0	0	0	0	0	0	0	0	0	0	0	0	0	0	0	0	0	0	0	0	0	0	0	0	0	0	0	0	0	0	0	0	0	0	0	0	0	0	0	0	0	0	0	0	0	0	0	0	0	0	0	0	0	0	
0	0	0	0	0	0	0	0	0	0	0	0	0	0	0	0	0	0	0	0	0	0	0	0	0	0	0	0	0	0	0	0	0	0	0	0	0	0	0	0	0	0	0	0	0	0	0	0	0	0	0	0	0	0	0	0	0	0	0	0	0	0	0	0	0	0	0	0	0	0	0	0	0	0	0	0	0	0	0	0	0	0	0	0	0	0	0	0	0	0	0	96	0	0	0	0	0	0	0	0	0	0	0	0	0	0	0	500	0	0	0	0	0	0	0	0	0	0	0	0	
0	0	0	0	0	0	0	0	0	0	0	0	0	0	0	0	0	0	0	0	0	0	0	0	0	0	0	0	0	0	0	0	0	0	0	0	0	0	0	0	0	0	0	0	0	0	0	0	0	0	0	0	0	0	0	0	0	0	0	0	0	0	0	0	0	48	0	0	0	0	0	0	96	0	0	0	0	0	0	0	0	192	0	0	0	0	0	0	0	0	0	0	48	0	500	0	0	0	0	0	0	0	0	0	0	0	0	0	0	0	0	0	0	0	0	0	0	0	0	0	
0	0	0	0	0	0	0	0	0	0	0	0	0	0	0	0	96	0	0	0	0	0	0	0	0	0	0	0	0	0	0	0	0	0	0	0	0	0	0	0	0	0	0	0	0	0	0	0	0	0	0	0	0	0	0	0	0	0	0	0	0	0	0	0	0	0	0	0	0	0	0	0	0	0	0	0	0	0	0	0	0	0	0	0	0	0	0	0	0	0	0	0	0	0	0	0	0	0	0	0	0	48	0	0	0	0	0	0	0	0	0	0	0	0	96	0	0	0	0	0	
0	0	0	0	0	0	0	0	0	0	0	0	0	0	0	0	0	0	0	0	0	0	0	0	0	0	0	0	0	0	0	0	0	0	0	0	0	96	0	0	0	0	0	0	0	0	0	0	0	0	0	0	0	0	0	0	0	0	0	0	0	0	0	0	0	0	0	0	0	0	0	0	0	0	500	0	0	0	0	0	0	0	0	0	0	0	0	0	0	0	500	0	0	0	0	0	0	0	0	0	0	0	0	0	0	0	0	0	0	0	0	0	0	0	0	0	0	0	0	0	
0	0	0	0	0	0	0	0	0	0	0	0	0	0	0	0	0	0	0	0	0	0	0	0	0	0	0	0	192	0	0	0	0	0	0	0	0	0	0	0	0	0	0	0	0	0	0	0	0	0	0	0	0	0	0	0	0	0	0	0	0	0	0	0	0	0	0	0	0	0	0	0	0	0	0	0	0	0	0	0	0	0	0	0	0	0	0	0	0	0	0	0	0	0	0	0	0	0	0	192	0	0	0	0	0	0	0	0	0	0	0	0	0	0	0	0	0	0	0	0	
0	0	0	0	0	0	0	0	0	0	0	0	0	0	0	0	0	0	0	0	0	0	0	0	0	0	0	0	0	0	0	500	0	0	0	0	0	0	0	0	0	0	0	0	0	0	0	0	0	0	0	0	0	0	0	0	0	0	0	0	0	0	0	0	0	0	0	0	0	0	0	0	0	0	0	0	0	0	0	0	0	0	0	0	0	0	0	0	0	0	0	0	0	0	0	0	0	0	0	0	0	0	0	0	48	0	0	0	0	0	0	0	0	0	0	0	0	0	0	0	
0	0	0	0	0	0	0	0	0	0	0	0	0	0	0	0	0	0	0	0	0	0	0	0	0	0	0	0	0	0	0	0	0	0	0	0	0	0	0	0	0	0	0	0	0	0	0	0	0	0	0	0	0	0	0	0	0	0	0	0	0	0	0	0	0	0	0	0	0	0	0	0	0	0	0	0	0	0	0	0	0	0	0	0	0	0	0	0	0	0	0	0	0	0	0	0	0	0	0	0	0	0	0	96	0	0	0	0	0	0	0	0	0	48	0	0	0	0	0	0	
0	0	0	0	0	0	0	0	0	0	0	0	0	0	500	0	0	0	0	0	48	0	0	0	0	0	0	0	0	0	0	0	0	0	0	0	0	0	0	0	0	0	0	0	0	0	0	0	0	0	0	0	0	0	0	0	0	0	0	0	0	0	0	0	0	0	0	0	0	0	0	0	0	0	0	0	0	0	0	0	0	0	0	0	0	0	0	0	0	0	0	0	0	0	0	0	0	0	0	0	0	0	0	0	0	0	0	0	0	0	0	0	0	0	0	0	0	0	0	0	
0	0	0	0	0	0	0	0	0	0	0	0	0	0	0	0	0	0	0	0	0	0	0	0	0	0	0	0	0	0	0	0	0	0	0	0	0	0	500	0	0	0	0	0	0	0	48	0	0	0	0	0	0	0	0	0	0	0	0	0	0	0	0	0	0	0	0	0	0	0	0	0	0	0	0	0	0	0	0	0	0	0	0	0	0	0	0	0	0	0	0	0	0	0	0	0	0	0	0	0	0	0	0	0	0	0	0	0	0	0	0	0	0	0	0	0	0	0	0	0	
0	0	0	0	0	0	0	0	0	0	0	0	0	0	0	0	0	0	0	0	0	0	0	0	0	48	0	0	0	0	0	0	0	0	0	0	0	0	0	0	0	0	0	0	0	0	0	0	0	0	0	0	0	0	0	0	0	0	0	0	0	0	0	0	0	0	0	0	0	0	0	0	0	0	0	0	0	0	0	0	500	0	0	0	0	0	0	0	0	0	0	0	0	0	0	48	0	0	0	0	0	48	0	0	0	0	0	0	0	0	0	0	0	0	192	0	0	0	0	0	
0	0	0	0	0	0	0	0	0	0	0	0	0	0	0	0	0	0	0	48	0	0	0	0	0	0	0	0	0	48	0	0	0	0	0	0	0	0	0	192	0	0	0	0	0	0	0	0	0	0	0	0	0	0	0	0	0	0	0	0	0	0	0	0	0	0	0	0	0	0	0	0	0	0	0	0	0	0	0	0	0	0	0	0	0	0	0	0	0	0	0	0	0	0	0	0	0	0	0	0	0	0	0	0	0	0	0	0	0	0	0	0	0	0	0	0	0	0	0	0	
0	0	0	0	0	0	0	0	0	0	0	0	0	0	0	0	0	0	0	0	0	0	0	0	0	0	0	0	0	0	0	0	0	0	0	0	0	0	0	0	0	0	0	0	48	0	0	0	0	0	0	0	0	0	0	0	0	0	0	0	0	0	0	0	0	0	0	0	0	0	0	0	0	0	0	0	0	0	500	0	0	0	0	0	0	0	0	0	0	0	0	0	0	0	0	0	0	0	0	0	0	0	96	0	0	0	0	0	0	0	0	0	0	0	0	0	0	0	0	0	
0	0	0	0	0	0	192	0	0	0	0	0	0	0	0	0	0	0	0	0	0	0	0	0	0	0	0	0	0	0	0	0	0	0	0	0	0	0	0	0	0	0	0	0	0	0	0	0	0	0	0	0	0	0	48	0	0	0	0	0	0	0	0	0	0	0	0	0	0	0	0	0	0	0	0	0	0	0	0	0	0	0	0	0	0	0	0	0	0	0	0	0	96	0	0	0	0	0	0	0	0	0	0	0	0	0	0	0	0	48	0	0	0	0	0	0	0	0	0	0	
0	0	0	0	0	0	0	0	0	0	0	0	0	0	0	0	0	0	96	0	0	0	0	0	0	0	0	0	0	0	192	0	0	0	0	0	0	0	0	0	0	0	0	0	0	0	0	0	0	0	0	500	0	0	0	0	0	0	0	0	0	0	0	0	0	0	0	0	0	0	0	0	0	0	0	0	0	0	0	0	0	0	0	0	0	0	0	0	0	0	0	0	0	0	0	0	0	0	0	0	0	0	0	0	0	0	0	0	0	0	0	0	0	0	0	0	0	0	0	0	
0	0	0	0	0	0	0	0	0	0	192	0	0	0	0	0	0	0	0	0	0	0	0	0	0	0	0	0	0	0	500	0	0	0	0	0	0	0	0	0	0	0	0	0	0	0	0	0	0	0	0	0	0	0	0	0	0	0	0	0	0	0	0	0	0	0	0	0	0	0	0	0	0	0	0	0	0	0	0	0	0	0	0	0	0	0	0	0	0	0	0	0	192	0	0	0	0	0	0	0	0	0	0	0	0	0	0	0	0	0	0	0	0	0	0	0	0	0	0	0	
0	0	0	0	0	0	0	0	0	0	0	0	0	500	0	0	0	0	0	0	0	0	0	0	0	0	0	0	0	0	0	0	0	0	0	0	0	0	0	0	0	0	0	0	0	0	0	0	0	0	0	0	0	0	0	0	0	0	0	0	0	0	0	0	0	0	0	0	0	0	0	0	0	0	0	0	0	0	0	0	0	0	0	0	0	0	0	0	0	0	0	0	0	0	0	0	0	0	0	0	0	0	0	0	0	0	0	0	0	0	500	0	0	0	0	0	0	0	0	0	
0	0	0	0	0	0	0	0	0	192	0	0	0	0	0	0	0	0	0	0	0	0	0	0	0	0	0	0	0	0	0	0	0	0	0	0	0	0	0	0	0	0	0	0	500	0	0	0	0	0	0	0	0	0	0	0	0	0	0	0	0	0	0	0	0	0	0	0	0	0	0	0	0	0	0	0	0	0	0	0	0	0	0	0	0	0	0	192	0	0	0	0	0	0	0	0	0	0	0	0	0	0	0	0	0	0	0	0	0	0	0	0	0	0	0	0	0	0	0	0	
0	0	0	0	0	0	0	0	0	0	0	0	0	0	0	0	0	0	0	0	0	0	0	0	0	0	0	0	0	0	0	0	0	96	0	0	0	0	0	0	0	0	0	0	0	0	0	0	0	0	0	0	0	0	0	0	0	0	0	0	0	0	0	0	0	0	0	0	0	0	0	0	0	48	0	0	0	0	0	0	0	0	0	48	0	0	0	0	0	96	0	0	0	0	0	0	0	0	0	0	0	0	0	0	0	0	0	0	0	0	0	0	0	0	0	0	0	0	0	0	
0	0	0	0	0	0	0	0	0	0	0	0	0	0	0	0	0	0	0	0	0	0	0	0	0	0	0	0	0	96	0	0	0	0	0	0	0	0	0	0	0	0	0	0	0	0	0	0	0	0	0	0	0	0	0	0	0	0	0	0	0	0	0	0	0	0	0	0	0	0	0	0	0	0	0	192	192	0	0	0	0	0	0	0	0	0	0	0	0	0	0	0	0	500	0	0	0	0	0	0	0	0	0	0	0	0	0	0	0	0	0	0	0	0	0	0	0	192	0	0	
0	0	0	0	0	0	0	0	0	0	0	0	0	0	0	0	0	0	0	0	0	0	0	0	0	0	0	0	0	0	0	0	0	0	0	0	0	0	0	0	0	0	0	0	0	0	0	0	0	0	0	0	0	0	96	0	0	0	0	0	0	0	0	0	0	0	0	0	0	0	0	0	0	0	0	0	0	0	0	0	0	0	0	0	0	0	0	0	0	0	0	0	0	0	0	0	192	0	0	0	0	0	0	0	0	0	0	0	0	0	0	0	0	0	0	0	0	0	0	0	
0	0	0	0	0	0	0	0	0	0	0	0	0	0	0	0	0	0	0	0	0	0	0	0	0	0	0	0	0	0	0	0	0	0	0	0	0	0	0	0	0	0	0	0	0	0	0	0	0	0	0	0	0	0	0	0	0	0	0	0	0	0	0	0	0	0	0	0	0	0	48	0	0	0	0	0	0	0	0	0	0	0	48	0	0	0	0	0	48	0	0	0	0	0	0	0	0	0	0	0	0	0	0	48	0	0	0	0	0	0	0	0	0	0	0	0	0	0	0	0	
0	0	0	0	0	0	0	0	0	0	0	0	0	0	0	0	0	0	0	0	0	0	0	0	0	0	0	0	0	0	0	0	0	0	0	0	0	48	0	0	0	0	0	0	0	0	0	0	0	0	0	0	0	0	0	0	500	0	0	0	0	0	0	0	0	0	0	0	0	0	0	0	0	0	0	0	0	0	0	0	0	0	0	0	0	0	0	0	0	0	0	0	0	0	0	0	0	0	0	0	0	0	0	0	0	0	0	0	0	0	0	0	0	0	0	0	0	0	0	0	
0	0	0	0	0	0	0	0	0	0	0	0	0	0	0	0	0	0	0	0	0	0	0	0	0	0	0	0	0	96	0	0	0	0	0	0	0	0	0	0	0	0	0	0	0	0	0	0	0	0	0	0	0	0	0	0	0	0	0	0	0	0	0	0	0	0	0	0	0	0	0	192	0	0	0	0	0	0	0	0	0	0	0	0	0	0	0	0	0	0	0	0	0	500	0	0	0	0	0	0	0	0	0	0	0	0	0	48	0	0	0	0	0	0	0	0	0	192	0	0	
0	0	0	0	0	0	0	0	0	0	0	0	0	0	0	0	0	0	0	0	0	0	0	0	0	0	0	0	0	0	0	0	0	0	0	0	0	0	0	0	0	0	0	0	0	0	0	0	0	0	96	0	0	0	0	0	0	0	0	0	0	0	0	0	0	0	0	0	0	0	0	192	0	0	0	0	0	0	0	0	0	0	0	0	0	0	0	0	0	0	0	0	0	0	0	0	0	0	0	0	0	0	0	0	0	0	0	0	0	0	0	0	0	0	0	0	0	0	0	0	
0	0	48	0	0	0	0	0	0	0	0	0	0	0	0	0	0	0	0	0	0	0	0	0	0	0	0	0	0	0	0	0	0	0	0	0	0	0	0	0	0	0	0	0	0	0	0	0	96	0	0	0	0	0	0	0	0	0	0	0	0	0	0	0	0	0	0	0	0	0	0	0	0	0	0	0	0	0	0	0	0	0	0	0	0	0	0	0	0	0	0	0	0	0	0	0	0	0	0	0	0	0	0	0	0	0	0	0	0	0	0	0	0	0	0	0	0	0	0	0	
0	0	0	0	0	0	0	0	0	0	0	0	0	0	0	0	0	0	0	0	0	0	0	0	0	0	0	0	0	0	0	0	0	0	0	0	0	0	0	0	0	0	0	0	96	0	0	0	0	0	0	0	0	0	0	0	0	0	0	0	0	0	0	0	500	0	0	0	0	0	0	0	0	0	0	0	0	0	0	0	0	0	0	0	0	0	0	0	0	0	0	0	0	0	0	0	0	0	0	0	0	0	0	0	0	0	0	0	0	0	0	0	0	0	0	0	0	0	0	0	
0	0	0	0	0	0	0	0	0	0	0	0	48	0	0	0	0	0	0	0	0	0	0	0	96	0	0	0	0	0	0	0	0	0	0	0	0	0	0	0	0	0	0	0	0	0	0	0	0	0	0	0	0	0	0	0	0	0	0	0	0	0	0	0	0	0	0	0	0	0	0	0	0	0	0	0	0	0	0	0	192	0	0	0	0	0	0	0	0	0	0	0	0	0	0	0	500	0	500	0	0	0	0	0	0	0	0	0	0	0	0	0	0	0	0	0	0	0	0	0	
0	0	192	0	0	0	0	0	0	0	0	0	0	0	0	0	0	0	0	0	0	0	0	0	0	0	0	0	0	0	0	0	0	0	0	0	0	0	0	0	0	0	0	0	0	0	0	0	0	0	0	0	0	0	0	0	0	0	0	0	0	0	500	0	0	0	0	0	0	0	0	0	0	0	0	0	0	0	0	192	0	0	0	0	0	0	0	0	0	0	0	0	0	0	0	0	0	0	0	0	0	0	0	0	0	0	0	0	0	0	0	0	0	0	0	0	0	0	0	0	
0	0	0	0	0	0	0	0	0	0	0	0	0	0	0	0	0	0	0	0	0	48	0	0	0	0	0	0	0	0	0	0	0	0	0	0	0	0	0	0	0	0	0	0	0	0	0	0	0	0	0	0	0	0	192	0	0	0	0	0	0	0	0	0	0	0	0	0	0	0	0	0	0	0	0	0	0	0	0	0	0	0	0	0	0	0	0	0	0	0	0	0	0	0	0	0	0	0	0	0	0	0	0	0	0	0	0	0	0	0	0	0	0	0	0	0	0	0	0	0	
0	0	0	0	0	0	0	0	0	0	0	0	0	0	0	0	0	0	0	0	0	0	0	0	0	0	0	0	0	0	0	0	0	0	0	0	0	0	0	0	0	0	0	0	0	0	0	0	0	0	0	0	0	0	0	0	0	0	0	0	0	0	0	0	0	0	0	0	0	0	0	0	0	48	0	0	0	0	0	0	0	0	0	0	0	0	0	0	48	0	0	0	0	0	0	0	0	0	0	500	0	0	0	0	192	0	0	0	0	0	0	0	0	0	0	0	0	0	0	0	
0	0	0	0	0	0	0	0	0	0	0	0	0	0	0	0	0	0	0	0	0	0	0	0	0	0	0	0	0	0	0	0	0	192	0	0	0	0	0	0	0	0	0	0	0	0	0	0	0	0	0	0	0	0	0	0	0	0	0	0	0	0	0	0	0	0	0	0	0	0	48	0	0	0	0	0	0	0	0	0	0	0	0	0	0	0	0	0	0	0	0	0	0	0	0	0	0	0	0	0	0	0	0	0	0	0	0	0	0	0	0	0	0	0	0	0	0	0	0	0	
0	0	0	0	0	0	0	48	0	0	0	0	0	0	0	0	0	0	0	0	0	0	0	0	0	0	0	0	0	0	0	0	0	0	0	0	0	0	0	0	0	0	0	0	0	0	0	0	0	0	0	0	0	0	0	0	0	0	0	0	0	0	0	0	0	0	0	0	0	0	0	0	0	0	0	0	0	0	0	0	0	0	0	0	0	0	0	0	0	0	0	0	0	0	0	0	0	0	0	0	48	0	0	0	0	0	0	0	0	0	0	0	0	0	0	0	0	0	0	0	
0	0	0	0	0	0	0	0	0	0	0	0	0	0	0	0	0	0	0	0	0	0	0	0	0	0	0	0	96	0	0	0	0	0	0	0	0	0	0	0	0	0	0	0	0	0	0	0	0	0	0	0	0	0	0	0	0	0	0	0	0	0	0	0	0	0	0	0	0	0	0	0	0	0	0	0	0	0	0	0	0	0	0	0	0	0	0	0	0	0	0	0	0	0	0	0	0	0	0	0	0	0	0	0	48	0	0	0	0	0	0	0	500	0	0	0	0	0	0	0	
0	0	0	0	0	0	0	0	0	0	0	0	0	0	0	0	0	0	0	0	0	0	0	0	0	0	0	0	0	0	96	0	0	0	96	0	0	0	0	0	0	0	0	0	0	0	0	0	0	0	0	0	0	0	0	0	0	0	0	0	0	0	0	0	0	0	0	0	0	0	0	0	0	0	0	0	0	0	0	0	0	0	0	0	0	0	0	0	0	0	0	0	0	0	0	0	0	0	0	0	0	0	0	0	0	0	0	0	0	0	0	0	0	0	0	0	0	0	0	0	
0	0	0	0	0	0	0	0	0	0	0	0	0	0	0	0	0	0	0	0	0	0	0	0	0	0	0	0	0	0	0	0	0	0	96	0	0	0	0	0	0	0	0	0	0	0	0	0	0	0	0	0	0	0	0	0	0	0	0	0	0	0	0	0	0	0	0	0	0	192	0	0	0	0	0	0	0	0	0	0	0	0	0	0	0	0	0	0	0	0	0	0	0	0	0	0	0	0	0	0	0	0	0	0	0	0	0	0	0	0	0	0	0	0	0	0	0	0	0	0	
0	0	0	0	0	0	0	0	0	0	0	0	0	0	0	0	0	0	0	0	0	0	0	0	0	0	0	0	0	0	0	0	0	500	0	0	0	0	0	0	0	0	0	0	0	0	0	0	0	0	0	0	0	0	0	0	0	0	0	0	0	0	0	0	0	0	0	0	0	0	0	0	0	48	0	0	0	0	0	0	0	0	48	0	0	0	0	0	0	0	0	0	0	0	0	0	0	0	0	0	0	0	0	0	0	0	0	192	0	0	0	0	0	0	0	0	0	0	0	0	
0	0	0	0	0	0	0	0	0	0	0	0	0	0	0	0	0	192	0	0	0	0	0	0	0	0	0	0	0	0	0	0	0	0	0	0	0	0	0	0	0	0	0	0	0	0	0	0	0	0	0	0	0	0	0	0	0	0	0	0	0	0	0	0	0	0	0	0	0	0	96	0	0	0	0	0	0	0	0	0	0	0	0	0	0	0	0	0	0	0	0	0	0	0	0	0	0	0	0	0	0	0	0	0	0	0	0	0	0	0	0	0	0	0	0	0	0	0	0	0	
0	0	0	0	0	0	0	0	0	0	0	0	0	0	0	0	0	0	0	0	0	0	0	0	0	0	0	0	0	0	0	0	0	0	0	0	0	96	0	0	0	0	0	0	0	0	0	0	0	0	0	0	0	0	0	0	500	0	0	0	0	0	0	0	0	0	0	0	0	0	0	0	0	0	0	0	0	0	0	0	0	0	0	0	0	0	0	0	0	0	0	0	0	0	0	0	0	0	0	0	0	0	0	0	0	0	0	0	0	0	0	0	0	0	500	0	0	500	0	0	
0	0	0	0	0	0	0	0	0	0	48	0	0	0	0	0	0	0	0	0	0	0	0	0	0	0	0	0	0	0	0	0	0	0	0	0	0	0	0	0	0	0	0	0	0	0	0	0	0	0	0	0	0	96	0	0	0	0	0	0	0	0	0	0	0	0	0	0	0	0	0	0	0	0	0	0	0	0	0	0	0	0	0	0	0	0	0	0	0	0	0	0	0	0	0	0	0	0	0	0	0	0	0	0	0	0	0	0	0	0	0	0	0	0	0	0	0	0	0	0	
0	0	0	0	0	0	0	0	0	0	0	0	0	0	0	0	0	0	0	0	0	0	0	0	0	0	0	0	0	0	0	0	0	0	0	0	0	0	0	0	0	0	0	0	0	0	0	0	0	0	0	0	0	0	48	0	0	0	0	0	0	0	0	0	0	96	0	192	0	0	0	0	0	0	0	0	0	0	0	0	0	0	0	0	0	0	0	0	0	0	0	0	0	0	0	0	0	0	0	0	0	0	0	0	0	0	0	0	0	0	0	0	0	0	0	0	0	0	0	0	
0	0	0	0	0	0	0	48	0	0	0	0	0	0	0	0	0	0	0	0	0	0	0	0	0	0	0	0	0	0	0	0	0	0	0	0	0	0	0	0	0	0	0	0	0	0	0	0	0	0	0	0	0	0	0	0	0	0	0	0	0	0	0	0	0	0	0	0	0	0	0	500	0	0	0	500	0	0	0	0	0	0	0	0	0	0	0	0	0	0	0	0	0	0	0	0	0	0	0	0	0	0	0	0	0	0	0	0	0	0	0	0	0	0	0	0	0	0	0	0	
0	0	0	0	0	0	500	0	0	0	0	0	0	0	0	0	0	0	0	0	0	0	0	0	0	0	0	0	0	0	0	0	0	0	0	0	0	0	0	0	0	0	0	0	0	0	0	0	0	0	0	0	0	0	500	0	0	0	0	0	0	0	0	0	0	0	0	0	0	0	0	0	0	0	0	0	0	0	0	0	0	0	0	0	0	0	0	0	0	0	0	0	0	0	0	0	0	0	0	0	0	0	0	0	0	0	0	0	0	0	0	0	0	0	0	0	0	0	0	0	
0	0	0	0	0	0	0	0	0	0	0	0	0	0	0	0	0	0	0	0	0	0	0	0	0	0	0	0	0	0	0	0	0	0	0	0	0	0	0	0	0	0	0	0	0	0	0	0	0	0	0	0	0	0	0	0	0	0	0	0	0	0	48	0	0	0	0	0	0	0	0	0	0	0	0	0	0	0	0	0	0	0	0	0	0	0	0	0	0	0	0	0	0	0	0	0	0	0	48	0	0	192	0	0	0	0	0	0	0	0	0	0	0	0	0	0	0	0	0	0	
0	0	0	0	0	0	0	0	0	0	0	0	0	0	0	0	0	0	0	0	0	48	0	0	0	0	0	0	0	0	0	0	0	0	0	0	0	0	0	0	0	0	0	0	0	0	0	0	0	0	0	0	0	0	0	0	0	0	0	0	0	0	0	0	0	0	0	0	0	0	0	0	192	0	0	0	0	0	0	500	0	0	0	0	0	0	0	0	0	0	0	0	0	0	0	0	0	0	0	0	0	0	0	0	0	0	0	0	0	0	0	0	0	0	0	0	0	0	0	0	
0	0	0	0	0	0	0	0	0	0	0	0	0	0	0	192	0	0	0	192	0	0	0	0	0	0	0	0	0	0	0	0	0	0	0	0	0	0	0	96	0	0	0	0	0	0	0	0	0	0	0	0	0	0	0	0	0	0	0	0	0	0	0	0	0	0	0	0	0	0	0	0	0	0	0	0	0	0	0	0	0	0	0	0	0	0	0	0	0	0	0	0	0	0	0	0	0	0	0	0	0	0	0	0	0	0	0	0	0	0	0	0	0	0	0	0	0	0	0	0	
0	0	500	0	0	0	0	0	0	0	0	0	0	0	0	0	0	0	0	0	0	0	0	0	0	0	0	0	0	0	0	0	0	0	0	0	0	0	0	0	0	0	0	0	0	0	0	0	0	0	0	0	0	0	0	0	0	0	0	0	0	0	0	0	0	0	0	0	0	0	0	0	0	0	0	0	0	0	0	500	0	0	0	0	0	0	0	0	0	0	0	0	0	0	0	48	0	0	0	0	0	0	0	0	0	0	0	0	0	0	0	0	0	0	0	0	0	0	0	0	
0	0	0	0	0	0	0	0	48	0	0	0	0	0	0	0	0	0	0	0	0	0	0	0	0	0	0	0	0	0	0	0	0	0	0	0	0	0	0	0	0	0	0	0	0	0	0	0	0	0	0	0	0	0	0	0	0	192	0	0	0	0	0	0	0	0	0	0	0	0	0	0	0	0	0	0	0	0	0	0	0	0	500	0	0	0	0	0	0	0	0	0	0	0	0	0	0	0	0	0	0	0	0	0	0	0	0	0	0	0	0	0	0	0	0	0	0	0	0	0	
500	0	0	0	0	0	0	0	0	0	0	0	0	0	0	0	0	0	0	0	500	0	0	0	0	0	0	0	0	0	0	0	0	0	0	0	0	0	0	0	0	0	0	0	0	0	0	0	0	0	0	0	0	0	0	0	0	0	0	0	0	0	0	0	0	0	0	0	0	0	0	0	0	0	0	0	0	0	0	0	0	0	0	0	48	0	0	0	0	0	0	0	0	0	0	0	0	0	0	0	0	0	0	0	0	0	0	0	0	0	0	48	0	96	0	0	0	0	0	0	
0	0	0	0	0	0	0	0	0	0	0	0	0	0	0	0	0	0	0	0	0	0	0	0	0	0	0	0	0	0	0	0	0	0	0	0	0	0	0	0	0	0	0	0	0	0	0	0	0	0	0	0	0	0	0	48	0	0	0	0	0	0	48	0	0	0	0	0	0	0	0	0	0	0	0	0	0	0	0	0	0	0	0	0	0	0	0	0	0	0	0	0	0	0	0	192	0	0	0	0	0	0	0	0	0	0	0	0	0	0	0	0	0	0	0	0	0	0	0	0	
0	0	0	0	0	0	0	0	0	48	0	0	0	0	0	0	0	0	0	0	0	0	0	0	0	0	0	0	0	0	0	0	0	0	0	0	0	0	0	0	0	0	0	0	96	0	0	0	0	0	0	0	0	0	0	0	0	0	0	0	0	0	0	0	96	0	0	0	0	0	0	0	0	0	0	0	0	0	0	0	0	0	0	0	0	0	0	0	0	0	0	0	0	0	0	0	0	0	0	0	0	0	0	0	0	0	0	0	0	0	0	0	0	0	0	0	0	0	0	0	
0	0	0	0	0	0	0	0	0	0	0	0	0	0	0	0	0	0	0	0	0	0	0	0	0	0	0	0	0	0	0	0	0	0	0	0	0	0	0	0	0	0	0	0	0	0	0	0	0	0	0	0	0	0	0	0	0	0	0	96	0	0	0	0	0	0	0	0	0	0	0	0	0	48	0	0	0	0	0	0	0	0	0	0	0	0	0	0	0	0	0	0	0	0	0	0	0	0	0	0	0	0	0	0	0	0	0	0	0	0	0	0	0	0	0	0	0	0	0	0	
0	0	0	0	0	0	0	0	0	0	0	0	0	0	0	0	0	0	0	0	0	0	0	0	0	0	0	0	0	0	0	0	0	0	0	0	0	0	0	0	0	0	0	0	0	0	0	0	0	0	0	0	0	0	0	0	0	0	48	0	0	0	0	0	0	0	0	0	0	0	0	0	0	0	0	0	0	0	0	0	0	0	192	0	0	48	0	0	0	0	0	0	0	0	0	0	0	0	0	0	0	0	0	0	0	0	0	0	0	0	0	0	0	0	0	0	0	0	0	0	
0	0	0	0	0	0	0	0	0	0	0	0	0	0	0	0	0	192	0	0	0	0	0	0	0	0	0	0	48	0	0	0	0	0	0	0	0	0	0	0	0	0	0	0	0	0	0	0	0	0	0	0	0	0	0	0	0	0	0	0	0	0	0	0	0	0	0	0	0	0	0	0	0	0	0	0	0	0	0	0	0	0	0	0	0	0	0	0	0	0	0	0	0	0	0	0	0	0	0	0	0	0	0	0	0	0	0	0	0	0	0	0	0	0	0	0	0	0	0	0	
0	192	0	0	0	0	0	0	0	0	0	0	0	0	0	0	0	0	0	192	0	0	0	0	0	0	0	0	0	0	0	0	0	0	0	0	0	0	0	0	0	0	0	0	0	0	0	0	0	0	0	0	0	0	0	0	0	0	0	0	0	0	0	0	0	0	0	0	0	0	0	0	0	0	0	0	0	0	0	0	0	0	0	0	0	0	0	0	0	0	0	0	0	0	0	0	0	0	0	0	0	0	0	0	0	0	0	0	0	0	0	0	0	0	0	0	0	0	0	0	
0	0	0	0	0	0	0	0	0	0	0	0	0	0	0	0	0	0	0	0	0	0	48	0	0	0	0	0	0	0	0	0	0	0	0	0	0	0	0	0	0	0	0	0	0	0	0	0	0	0	0	0	0	500	0	0	0	0	0	0	0	0	0	0	0	0	0	0	0	0	0	0	0	0	0	48	0	0	0	0	0	0	0	0	0	0	0	0	192	0	0	0	0	0	0	0	0	0	0	0	0	0	0	0	0	0	0	0	0	0	0	0	0	0	0	0	0	0	0	0	
0	0	0	0	0	0	0	0	0	0	0	0	96	0	0	0	0	0	0	0	0	0	0	0	0	0	0	0	0	0	0	0	0	0	0	500	0	0	0	0	0	0	0	0	0	0	0	0	0	0	0	0	0	0	0	0	0	0	0	0	0	0	0	0	0	0	0	0	0	0	0	0	0	0	0	0	0	0	0	0	0	0	0	0	0	0	0	0	0	0	0	0	0	0	0	0	0	0	0	0	0	0	0	0	0	0	0	0	0	0	0	0	0	0	0	0	0	0	0	0	
0	0	0	0	0	0	0	0	0	0	0	0	0	0	0	0	0	0	0	0	0	0	0	96	0	0	0	0	0	0	0	0	0	0	0	0	0	0	0	0	0	0	0	0	0	0	0	0	0	0	0	0	0	0	0	0	0	0	0	0	0	0	0	0	0	48	0	0	0	0	0	0	0	0	0	0	0	0	0	0	0	0	0	0	0	0	0	0	0	0	0	0	0	0	0	0	0	0	0	0	0	0	0	0	0	0	0	0	0	0	0	0	0	0	0	0	0	0	0	0	
0	0	0	0	0	0	0	0	0	0	96	0	0	0	0	0	0	0	0	0	0	0	0	0	0	0	0	0	0	0	0	0	0	0	0	0	0	0	0	0	0	192	0	0	0	0	0	0	0	0	0	0	0	0	0	0	0	0	0	0	0	0	0	0	0	0	0	0	500	0	0	0	0	0	0	0	0	0	0	0	0	0	0	0	0	0	0	0	0	0	0	0	0	0	0	0	0	0	0	0	0	0	0	0	0	0	0	0	0	0	0	0	0	0	0	0	0	0	0	0	
0	0	0	0	0	0	0	0	0	0	0	0	0	0	0	0	0	0	0	0	0	0	0	0	0	0	0	0	0	0	0	0	0	0	0	0	0	0	0	0	0	0	0	0	0	0	48	0	0	0	192	0	0	0	0	0	0	0	0	0	0	0	0	0	0	0	0	0	0	0	0	0	0	0	0	0	0	0	0	0	0	0	0	0	0	0	0	0	0	0	0	0	0	0	0	0	0	0	0	0	48	0	0	0	0	0	0	0	0	0	0	0	0	0	0	0	0	0	0	0	
0	0	0	0	0	0	0	0	0	0	0	0	0	0	0	0	0	0	0	0	0	0	0	0	0	0	192	0	192	0	0	0	0	0	0	0	0	0	0	0	0	0	0	0	0	0	0	0	0	0	0	0	0	0	0	0	0	0	0	0	0	0	0	0	0	0	0	0	0	0	0	0	0	0	0	0	0	0	0	0	0	0	0	0	0	500	0	0	0	0	0	0	0	0	0	0	0	0	0	0	0	0	0	0	0	0	0	0	0	0	0	0	0	0	0	0	0	0	0	0	
0	0	0	0	0	0	0	0	0	0	0	0	0	0	0	0	0	0	0	0	0	0	0	0	0	0	0	0	0	0	0	192	0	0	0	0	0	0	0	0	0	0	0	0	0	0	0	0	0	0	0	0	0	0	0	0	0	0	0	48	0	0	0	0	0	0	0	0	0	0	0	0	0	0	0	0	0	0	0	0	0	0	0	0	0	0	0	0	0	0	0	0	0	0	0	0	0	0	0	0	96	0	0	0	0	0	0	0	0	0	0	0	0	0	0	0	0	0	0	0	
0	0	0	0	0	0	0	0	0	0	0	0	0	0	0	0	48	0	0	0	0	0	0	0	0	0	0	0	0	0	0	0	0	0	0	0	0	0	0	0	0	0	0	0	0	0	0	0	0	0	0	0	0	0	0	96	0	0	0	0	0	0	192	0	0	0	0	0	0	0	0	0	0	0	0	0	0	0	0	0	0	0	0	0	0	0	0	0	0	0	500	0	0	0	0	0	0	0	0	0	0	0	0	0	0	0	0	0	0	0	0	0	0	0	0	0	0	0	0	0	
0	0	0	0	0	0	0	0	0	0	0	0	0	48	0	0	0	0	0	0	0	0	0	0	0	0	0	0	0	0	0	0	0	0	0	0	0	0	0	0	0	0	0	0	0	0	0	0	192	0	0	0	0	0	0	0	0	0	0	0	0	0	0	0	0	0	0	0	0	0	0	0	0	0	0	0	0	0	0	0	0	0	0	0	0	0	0	0	0	0	0	0	0	0	0	0	0	0	0	0	0	0	0	0	0	0	0	0	0	0	0	0	0	0	0	0	0	0	0	0	
0	0	0	0	0	0	0	0	0	0	0	0	0	0	0	0	96	0	0	0	0	0	0	0	0	0	0	96	0	0	0	0	0	0	0	0	0	0	0	0	0	0	0	0	0	0	0	0	0	0	0	0	0	0	0	0	0	0	0	0	0	0	0	0	0	0	0	0	0	0	0	0	0	0	0	0	0	0	0	0	0	0	0	0	0	0	0	0	0	0	0	0	0	0	0	0	0	0	0	0	0	0	0	0	0	0	0	0	0	0	0	0	0	0	0	0	0	0	0	0	
0	0	0	0	0	0	0	0	0	0	0	0	0	0	0	0	0	0	0	0	0	0	0	0	0	0	0	0	0	0	0	0	0	0	0	0	0	0	0	0	0	0	0	0	0	0	0	0	0	0	0	0	0	0	0	0	0	0	0	0	0	0	0	0	0	0	0	0	0	0	0	192	0	0	0	192	0	0	0	0	0	0	0	0	0	0	0	0	0	0	500	0	0	0	0	0	0	0	0	0	0	0	0	0	0	0	0	0	0	0	0	0	0	0	0	0	0	0	0	0	
0	0	0	0	0	0	0	0	0	0	0	0	0	0	0	0	0	0	0	0	0	0	0	0	0	96	0	0	0	0	0	0	0	0	0	0	0	0	0	0	0	0	0	48	0	0	0	0	0	0	0	0	0	0	0	0	0	0	0	0	0	0	0	0	0	0	0	0	0	0	0	0	0	0	0	0	0	0	0	0	0	0	0	0	0	0	0	0	0	0	0	0	0	0	0	0	0	0	0	0	0	0	0	0	0	0	0	0	0	0	0	0	0	0	0	0	0	0	0	0	
0	0	0	0	0	0	0	0	0	0	0	0	0	0	0	0	0	0	0	0	0	0	0	0	0	0	0	500	0	0	0	0	0	0	0	0	0	0	0	0	0	0	0	0	0	0	0	0	96	0	0	0	0	0	0	0	0	0	0	0	0	0	0	0	0	0	0	0	0	0	0	0	0	0	0	0	0	0	0	0	0	0	0	0	0	0	0	0	0	0	0	0	0	0	0	0	0	0	0	0	0	0	0	0	0	0	0	0	0	0	0	0	0	0	0	0	0	0	0	0	
2	49	61	35	101	91	13	56	23	76	111	78	38	17	48	98	30	110	53	18	29	65	18	65	70	14	46	38	9	36	52	5	105	29	66	91	107	105	94	117	68	11	43	1	42	81	47	106	57	87	71	79	63	35	103	43	0	18	86	45	17	24	39	17	24	43	89	100	42	112	71	108	42	51	7	84	119	10	110	35	78	57	81	93	26	31	117	6	59	78	23	85	99	14	12	7	113	2	72	47	33	40	18	11	81	108	69	73	37	68	63	109	99	53	29	19	39	83	12	50	118	116	25	6	38	37	33	69	35	82	88	18	82	41	5	36	73	110	67	46	52	71	105	63	17	9	106	91	4	112	92	31	67	59	60	41	73	20	47	60	38	67	90	7	84	43	89	45	26	89	67	5	53	51	52	115	72	62	16	52	51	39	77	45	48	50	72	36	102	5	6	84	9	116	28	108	47	85	103	32	68	85	12	37	46	49	103	16	41	37	79	102	58	14	31	76	63	35	5	96	4	23	102	6	70	39	79	50	99	81	5	75	87	26	93	5	40	95	84	94	58	68	119	1	34	95	18	100	118	28	51	85	34	113	48	24	4	115	92	74	16	70	101	48	91	64	32	7	43	118	66	92	116	100	79	77	4	72	110	101	111	87	34	99	74	85	18	19	51	8	113	18	38	100	93	37	96	111	3	26	71	46	112	108	119	30	41	74	86	99	27	55	40	114	43	114	35	90	101	87	99	14	112	115	61	75	63	36	110	103	80	37	12	15	56	117	76	24	60	87	50	102	65	58	51	39	4	114	20	47	113	76	51	52	31	102	85	51	65	19	21	73	94	18	115	90	97	110	105	11	96	94	22	114	56	102	14	28	118	75	55	118	7	91	21	28	55	73	14	60	61	84	77	51	116	71	18	45	43	65	103	24	101	86	19	64	72	35	75	107	89	102	19	94	93	2	16	109	17	14	87	22	1	85	46	86	92	62	106	57	101	69	79	93	11	31	50	102	65	81	112	75	117	49	55	30	84	10	68	95	107	19	74	89	63	16	64	98	92	78	27	46	97	114	47	35	25	25	1	38	99	88	15	107	26	13	37	80	36	107	40	26	30	65	110	69	85	83	11	119	70	110	21	44	94	47	8	114	89	68	2	22	6	56	38	101	112	98	100	35	37	30	78	61	107	25	75	2	13	32	24	77	89	8	104	91	51	102	90	19	42	112	59	96	90	73	71	119	103	40	19	62	24	1	69	114	32	105	113	48	37	77	109	4	100	114	36	108	26	6	78	28	52	37	69	58	71	115	0	59	63	71	44	75	75	109	13	112	6	42	96	119	111	76	35	68	57	54	82	13	98	111	82	54	95	58	41	70	13	46	83	95	64	31	54	1	7	106	53	87	94	69	48	23	57	19	58	61	22	35	0	87	90	16	119	26	99	25	93	42	100	82	78	21	42	32	64	111	12	81	63	87	6	40	89	32	68	4	58	23	69	48	47	2	76	83	86	94	23	49	3	31	52	87	115	3	78	51	84	95	50	16	66	31	47	52	107	65	97	117	51	114	20	63	103	54	7	39	101	67	53	106	17	70	53	45	89	67	2	62	0	104	66	16	70	65	50	82	6	44	86	112	37	14	77	71	64	28	67	108	53	90	20	44	32	69	46	36	7	28	119	50	62	58	10	57	75	4	93	112	17	16	109	83	40	3	63	39	58	90	87	25	86	97	116	103	49	78	113	60	119	29	21	119	45	116	59	116	104	0	105	8	46	13	108	0	60	1	49	73	93	41	13	16	73	1	45	11	82	7	77	93	71	0	12	117	76	80	61	55	31	93	55	96	84	67	45	101	105	48	101	27	58	33	36	48	36	82	119	103	21	26	2	103	1	99	52	28	45	109	73	99	111	83	5	9	35	114	102	108	63	56	41	15	87	106	115	113	96	21	49	5	112	45	80	74	35	0	77	76	79	2	45	88	0	9	20	76	27	58	105	11	78	73	79	116	69	68	68	66	21	96	21	52	4	105	31	118	55	109	47	109	65	41	58	23	65	33	61	47	68	67	12	28	22	19	30	81	4	72	86	5	76	108	106	108	66	15	31	75	75	108	26	119	13	17	48	118	68	66	62	3	38	61	9	21	31	47	85	16	36	36	1	33	3	90	16	37	72	45	40	57	105	27	86	83	58	97	87	102	24	44	104	65	81	80	46	80	113	75	78	0	37	1	4	6	75	88	55	39	32	117	2	40	39	28	51	95	87	75	8	87	61	103	12	79	77	36	69	67	44	32	71	32	32	7	41	27	53	23	63	114	64	21	101	0	119	38	2	20	110	118	1	42	75	66	96	31	34	89	28	88	64	70	18	82	19	94	63	66	71	48	95	118	73	55	57	41	119	88	1	74	14	25	11	77	65	71	69	15	87	47	108	117	69	109	110	12	15	63	21	114	10	81	105	18	60	9	54	19	41	100	113	113	46	62	110	41	41	53	116	8	6	62	38	12	67	77	50	40	28	64	101	27	6	51	52	48	31	36	36	38	27	112	50	1	96	44	2	38	26	52	59	3	38	54	104	3	66	118	40	29	66	34	14	20	60	111	112	55	116	65	83	82	71	46	4	74	59	2	8	53	12	92	107	86	71	70	20	52	82	40	14	66	17	117	64	71	74	59	5	23	97	6	19	111	75	60	47	84	62	98	70	60	14	108	69	2	113	16	112	29	107	3	46	25	17	113	90	51	41	56	27	56	87	29	36	5	49	76	3	112	115	11	21	28	50	14	23	88	60	59	70	40	53	47	94	0	67	70	38	48	105	22	26	10	111	52	78	84	111	12	64	28	105	20	37	77	119	81	42	78	32	7	92	51	32	92	96	97	61	21	91	45	35	118	57	109	47	109	97	108	39	22	62	49	39	47	86	56	117	5	79	85	53	4	4	48	60	50	11	43	0	12	88	20	77	22	74	81	25	118	45	45	80	25	61	31	55	11	113	59	44	50	68	86	115	98	4	5	25	89	22	61	28	76	95	76	112	15	20	37	59	0	106	111	1	76	5	86	39	63	52	71	43	23	90	47	2	81	30	28	55	1	75	9	25	13	55	77	37	10	103	67	30	44	112	58	52	73	102	54	113	13	112	68	116	86	90	82	65	1	40	91	46	74	8	118	119	103	48	110	106	53	11	34	83	32	15	94	15	70	41	47	52	12	117	43	30	30	18	37	98	18	92	60	118	100	15	115	86	27	17	33	80	65	64	42	88	14	7	83	116	109	28	49	111	108	4	74	33	23	59	25	92	44	32	37	47	119	23	106	55	55	28	85	87	79	93	59	71	36	24	1	25	92	0	29	44	92	99	42	20	97	54	23	63	119	37	103	89	52	7	65	32	4	40	106	32	21	36	77	38	4	34	72	104	77	37	81	2	14	107	27	1	59	65	117	19	51	60	19	116	57	17	98	18	26	116	87	25	36	100	72	110	84	93	32	119	86	75	86	96	17	92	22	111	63	37	60	88	112	51	111	24	63	19	60	37	33	90	118	83	61	101	19	56	69	33	97	80	57	74	4	96	36	118	1	102	28	51	69	46	94	76	5	69	94	71	54	97	65	17	62	103	6	111	24	18	8	37	19	1	13	106	59	25	105	34	61	110	114	49	118	13	52	85	35	19	78	116	50	78	59	105	22	83	32	82	62	118	59	75	6	4	1	107	115	2	23	14	66	30	1	96	73	5	20	32	59	2	55	1	39	109	29	57	96	40	67	77	109	2	16	74	34	111	63	37	28	37	61	11	112	112	88	33	36	30	37	107	67	18	57	24	116	92	32	59	19	94	16	50	29	47	37	114	95	76	117	80	22	25	37	97	56	3	57	42	88	95	23	16	29	91	12	23	11	28	108	62	23	30	45	80	38	22	52	27	45	41	77	76	65	93	94	96	8	71	67	68	110	90	10	61	47	101	80	56	82	45	41	17	67	78	67	95	0	45	91	109	100	8	109	82	30	3	39	81	57	83	38	72	68	30	46	84	99	56	53	81	51	39	8	110	25	23	11	63	19	14	67	88	116	111	7	48	3	18	34	2	67	49	2	116	75	35	51	35	47	101	99	44	29	10	39	60	112	105	35	48	54	63	37	20	85	0	49	55	97	17	110	44	23	104	119	25	92	1	57	92	109	106	2	8	111	94	47	43	72	101	60	1	107	65	31	97	87	33	45	39	40	10	66	47	11	8	84	0	109	56	104	85	27	88	58	60	35	60	88	10	112	17	119	100	33	53	91	31	2	116	18	72	64	4	72	68	16	24	35	95	103	88	0	95	19	55	59	10	23	34	66	43	106	102	10	72	40	17	7	14	30	7	23	106	9	22	39	57	22	34	27	39	59	105	17	59	59	23	53	64	53	33	29	77	29	5	14	93	112	95	77	102	51	76	94	101	115	58	14	95	118	37	92	9	71	3	75	55	13	112	64	32	108	57	18	71	97	92	60	115	113	53	83	23	25	98	29	105	110	14	23	118	54	65	30	67	117	22	94	37	95	98	20	1	35	114	63	83	45	20	58	90	19	20	67	73	64	80	110	86	99	4	113	86	47	102	8	62	59	65	114	59	51	101	81	34	68	108	93	80	107	29	49	81	54	5	75	84	16	32	7	100	48	59	91	64	81	59	52	51	114	6	63	75	95	25	40	85	62	31	20	118	10	24	73	50	73	22	20	8	113	80	10	107	78	42	103	2	5	58	97	104	27	100	84	43	93	110	71	96	112	28	12	28	98	115	51	60	54	81	71	37	91	114	37	44	29	107	76	85	41	98	47	54	12	3	107	29	11	12	71	13	84	97	102	4	106	87	13	55	92	68	18	115	46	28	10	117	13	5	49	33	46	83	70	86	54	75	43	95	83	91	104	35	72	15	88	117	20	52	16	107	59	112	23	74	82	64	72	15	118	119	64	22	12	12	85	30	2	92	60	75	43	115	66	113	62	22	11	62	55	43	85	56	51	102	4	98	47	116	46	66	96	91	32	5	20	23	6	79	86	54	78	47	109	108	21	65	21	14	31	41	75	50	18	77	44	44	3	19	53	74	70	94	43	48	113	60	68	3	0	58	44	105	9	69	15	70	105	89	60	119	68	5	47	90	104	4	14	76	58	37	76	72	78	43	47	5	114	12	5	80	99	45	82	5	21	91	115	9	14	11	37	114	42	18	93	52	24	28	64	84	90	88	92	112	104	105	101	92	69	45	47	22	111	97	81	2	26	67	15	53	12	21	47	117	114	31	44	62	48	93	60	77	20	4	85	80	66	112	59	68	25	112	67	76	67	47	2	103	64	59	61	98	35	73	65	17	74	110	28	17	97	39	89	64	118	97	31	114	6	8	26	76	13	43	31	20	9	93	75	94	63	28	107	32	115	110	85	70	99	94	116	37	92	50	15	51	74	79	26	92	82	113	90	118	67	31	44	93	96	60	37	86	47	39	27	103	44	83	73	44	85	38	70	19	79	78	62	48	46	14	54	40	96	3	115	89	2	12	82	71	16	13	105	95	64	34	19	79	118	58	15	67	96	24	105	89	83	66	86	69	68	93	99	76	79	118	85	108	89	74	10	81	33	22	21	9	42	95	77	88	1	113	6	35	29	115	69	16	40	80	71	3	58	22	17	98	78	43	96	73	10	34	42	21	82	32	115	84	5	44	55	26	101	74	29	61	58	23	73	48	95	87	105	99	65	0	16	96	15	80	12	119	36	82	35	2	69	12	25	88	1	67	51	13	90	4	62	55	96	51	95	82	54	15	59	3	2	91	96	104	48	70	42	117	94	51	101	48	41	8	72	21	69	114	47	65	16	102	87	10	71	33	110	116	78	72	23	93	27	119	97	1	83	77	56	93	106	13	89	47	38	101	9	19	3	27	21	70	31	66	82	62	7	48	94	47	80	74	100	7	62	44	11	26	62	53	23	45	103	32	101	6	92	4	50	90	90	100	83	36	64	94	22	99	72	31	30	4	106	100	34	114	25	42	54	85	3	70	55	111	12	53	114	55	10	19	52	1	2	47	75	99	25	20	18	9	75	56	24	113	77	88	41	71	78	73	82	56	81	64	0	50	107	42	112	81	66	100	0	10	19	58	107	19	75	27	32	48	38	74	51	23	26	117	97	12	19	89	79	77	87	3	82	5	75	48	72	92	67	69	108	116	69	87	29	44	14	58	55	105	10	37	95	110	111	19	66	51	9	26	21	34	63	63	45	98	67	39	96	103	37	119	113	95	72	76	71	78	2	67	62	58	31	0	115	15	21	90	52	90	81	92	12	49	47	76	97	104	5	63	33	116	40	83	0	75	52	98	91	113	79	12	39	44	13	53	1	0	21	58	22	10	41	95	28	24	73	114	111	22	48	97	115	34	92	31	111	64	57	106	71	53	45	71	80	79	5	11	64	58	45	90	82	68	51	115	45	73	75	2	53	102	115	67	79	89	0	28	56	70	15	42	93	18	60	82	43	43	37	73	64	86	6	36	95	30	13	104	47	106	79	58	28	7	0	46	11	65	54	19	65	109	70	108	35	16	44	103	31	64	38	57	88	98	64	71	29	26	113	14	18	117	11	99	20	88	118	114	32	81	37	90	107	61	30	110	115	71	29	101	27	39	40	50	2	95	12	35	116	62	5	21	46	112	33	85	5	11	21	96	102	35	117	50	47	62	55	26	59	55	55	3	113	86	91	100	21	93	24	104	84	27	106	85	115	117	56	80	79	23	100	62	101	46	94	100	107	119	57	22	101	104	50	19	48	110	95	46	8	93	5	118	45	58	89	38	89	10	7	44	114	115	45	69	102	10	119	70	24	2	83	60	87	106	54	83	47	111	101	82	61	117	4	28	94	41	112	56	56	41	40	25	70	81	7	85	111	62	2	25	15	86	55	82	11	78	99	37	80	97	35	31	43	46	51	20	81	106	97	99	16	96	73	111	59	40	33	46	89	76	22	38	54	11	4	42	79	18	105	64	17	84	42	84	50	8	75	37	117	11	82	119	49	73	36	6	58	111	45	33	20	83	91	51	15	25	90	10	37	63	112	107	76	72	58	75	57	12	109	39	58	21	109	52	19	98	71	14	41	80	66	100	9	67	9	25	112	32	1	52	107	101	48	8	104	78	107	67	42	80	79	90	0	17	88	106	30	61	116	87	1	66	31	88	30	60	63	25	74	24	9	6	27	20	58	69	100	108	118	12	116	85	10	22	47	13	68	89	58	89	73	65	18	84	94	69	60	53	39	113	14	25	34	49	11	68	68	4	26	59	1	93	15	44	78	18	55	19	90	89	79	77	0	5	92	24	54	99	83	72	112	2	26	35	116	14	37	21	7	115	112	51	45	32	74	91	76	32	0	33	64	42	77	19	40	97	63	13	70	19	76	116	74	5	87	62	55	99	95	119	11	116	96	92	42	12	31	107	42	15	113	80	40	28	36	65	0	54	43	58	64	11	29	73	85	72	62	1	11	2	35	18	24	78	73	78	40	96	109	100	17	31	116	41	48	110	52	89	42	68	16	49	67	36	23	78	64	28	45	102	24	41	79	86	70	72	18	18	71	6	44	87	42	32	8	42	10	2	93	113	76	83	63	112	14	30	50	21	53	66	13	12	14	34	93	91	77	36	45	38	56	45	67	74	27	98	117	101	92	7	31	19	32	51	62	33	51	66	79	29	83	16	71	99	13	67	51	49	77	48	9	35	33	37	20	70	29	36	67	104	79	77	90	45	60	36	94	43	105	94	108	110	82	63	81	11	69	78	43	72	118	62	117	1	51	61	14	83	73	56	66	52	28	44	118	105	90	118	39	37	87	67	98	31	90	40	21	4	94	17	67	72	112	21	3	80	14	63	25	10	77	93	114	90	81	92	91	69	32	1	105	25	47	49	33	50	18	9	105	86	7	70	85	41	99	108	1	40	98	106	36	89	90	107	51	96	56	53	1	75	48	109	28	22	16	0	18	46	36	51	70	25	98	83	87	115	119	45	89	9	88	29	17	97	25	42	100	80	95	7	64	9	57	42	32	27	33	97	27	35	47	111	21	61	46	106	51	62	100	22	2	116	30	18	79	43	40	
69	63	72	24	43	19	48	116	19	35	81	29	118	73	118	59	61	44	23	48	73	7	77	52	2	25	58	57	99	69	54	48	51	50	34	1	76	27	104	14	118	40	112	71	60	98	92	102	37	50	115	75	28	17	64	16	48	104	36	54	11	105	94	29	93	91	57	31	73	72	86	36	30	18	20	30	110	105	94	54	115	5	93	60	59	1	112	81	82	29	90	111	16	50	60	119	53	73	29	50	11	35	24	8	91	81	78	90	6	84	30	90	45	13	107	73	8	86	14	71	74	54	14	70	82	40	94	23	26	115	118	10	90	34	72	112	29	117	84	75	67	44	51	28	20	90	71	51	90	39	40	42	110	44	71	98	65	67	109	51	99	99	116	86	47	78	29	54	60	5	55	41	28	114	69	67	24	108	15	67	41	86	103	58	47	16	53	18	61	19	26	12	2	31	47	104	96	47	30	8	40	115	31	53	99	44	4	7	25	76	93	47	61	2	115	55	94	80	119	16	30	15	107	98	62	33	71	7	86	53	5	40	57	78	45	53	22	76	0	39	119	112	95	57	13	18	116	105	97	5	63	35	68	57	26	6	22	104	92	91	114	113	88	92	79	30	7	106	119	96	97	109	35	97	55	47	107	24	2	24	42	32	28	10	39	32	61	46	92	3	22	60	26	105	89	110	90	75	70	28	4	114	70	40	99	31	115	74	70	27	53	116	15	39	46	7	23	52	109	27	119	100	21	98	39	22	23	20	42	101	26	115	15	112	89	0	48	50	85	75	6	19	61	85	97	27	36	89	108	5	99	21	78	25	113	21	2	112	57	24	47	115	28	87	118	108	57	68	98	18	107	0	107	119	58	107	33	13	24	79	38	19	53	85	59	36	98	21	1	24	89	48	56	119	106	112	43	100	6	54	97	63	87	27	4	97	77	6	37	99	41	35	13	78	12	41	37	3	0	34	21	100	37	46	63	112	45	15	4	90	96	29	13	65	71	98	19	80	28	86	71	54	7	28	17	86	113	74	99	48	99	4	22	5	63	72	27	102	13	98	99	76	103	41	63	32	77	38	119	51	64	43	109	7	65	105	10	27	42	1	103	58	51	106	101	83	62	72	44	73	27	66	47	67	75	50	101	84	23	24	48	28	97	69	1	68	17	92	96	29	64	4	16	24	24	46	112	110	73	108	82	49	5	103	79	56	35	103	96	101	63	118	14	10	39	93	89	14	6	59	115	100	92	36	45	84	50	7	24	79	10	118	117	13	100	17	29	49	17	34	16	83	99	26	104	117	34	73	94	70	63	64	43	112	36	25	56	116	33	53	46	116	16	44	117	103	96	8	111	56	52	10	69	30	61	50	56	108	10	50	113	2	102	50	96	73	50	36	8	114	5	8	32	94	18	64	58	70	41	4	63	67	52	103	7	79	83	119	77	113	103	112	0	67	42	72	2	103	44	19	4	84	118	40	79	29	34	16	36	42	72	70	99	84	49	16	23	92	87	74	23	3	113	59	77	10	27	84	97	82	51	31	6	28	44	109	36	25	102	70	3	19	107	36	61	1	83	47	91	86	103	89	102	25	73	75	94	77	88	13	110	18	112	8	109	65	63	23	109	107	16	48	79	1	59	71	51	44	50	19	76	53	37	101	41	69	13	112	5	29	27	58	7	31	1	15	48	82	79	94	43	17	47	8	88	107	72	7	39	107	110	116	50	1	47	63	66	6	78	114	24	115	99	21	13	113	119	2	33	73	4	17	30	4	106	21	30	107	67	20	112	64	62	33	5	42	46	21	24	75	68	9	16	85	112	101	88	40	27	26	31	52	110	90	63	76	99	30	88	0	74	54	117	49	44	84	14	72	67	49	3	46	15	109	62	76	89	113	88	44	99	23	25	13	77	24	100	105	64	85	16	18	118	53	40	47	95	76	67	83	12	89	91	46	71	110	8	73	64	115	109	13	16	58	97	83	49	3	118	92	35	16	21	57	7	82	87	75	15	81	5	83	43	78	31	67	20	76	80	98	76	58	111	59	51	73	102	13	50	75	86	51	35	9	63	117	110	75	108	3	60	35	36	72	62	73	25	108	22	71	4	8	21	109	78	77	2	13	7	53	8	80	98	95	103	118	6	77	1	89	77	73	30	9	24	50	111	32	48	59	109	39	118	68	58	110	98	61	7	63	38	89	67	58	11	104	33	41	66	51	49	84	84	59	77	53	49	17	100	117	76	39	66	36	20	28	109	107	27	18	104	37	26	115	19	97	26	86	87	96	83	54	70	108	103	75	112	118	96	102	55	46	77	55	51	6	47	9	77	54	65	68	86	0	83	9	16	117	5	42	75	85	33	78	81	105	96	7	49	20	3	55	14	116	18	101	97	5	64	20	114	118	76	91	98	8	48	29	98	61	29	90	4	86	4	11	0	19	53	89	39	70	115	13	11	24	5	64	108	113	21	59	3	18	28	87	66	14	27	38	41	11	82	111	41	37	100	93	92	27	56	87	106	78	32	88	68	80	117	55	4	10	24	119	34	36	9	56	15	72	91	51	5	6	5	113	100	112	41	83	37	79	72	3	50	107	90	40	99	102	90	92	49	16	47	97	110	11	115	14	90	7	103	70	30	6	20	96	92	25	43	111	99	112	76	83	31	109	25	117	22	24	12	54	43	59	51	111	22	6	74	65	89	3	41	93	12	59	88	61	40	70	74	48	79	70	46	88	65	19	46	79	103	39	106	53	18	83	21	34	44	63	102	97	45	117	112	114	111	109	74	6	98	65	117	22	119	17	68	11	71	23	7	46	20	92	86	96	118	40	35	3	79	29	55	6	111	51	43	27	7	108	56	60	64	88	6	33	20	9	0	98	75	56	109	26	47	109	63	65	16	106	79	0	55	63	13	8	69	110	44	66	76	104	19	95	92	61	92	89	46	110	48	119	116	70	96	11	78	44	5	87	110	97	111	42	115	119	80	7	80	110	98	6	118	49	44	7	85	54	103	61	110	17	62	64	114	112	64	9	51	79	112	33	73	85	109	10	53	20	105	115	57	4	52	70	45	7	105	21	82	13	119	79	10	48	16	63	77	16	85	28	92	23	119	33	49	118	47	22	12	69	46	92	30	86	116	36	9	25	59	39	109	0	116	22	11	4	8	114	61	77	32	60	11	77	12	86	78	36	14	79	40	76	16	66	25	53	25	14	42	65	114	46	76	73	78	10	33	85	5	99	82	7	103	106	78	47	110	72	56	7	107	62	32	119	87	37	80	98	106	6	56	46	7	42	25	54	77	51	101	99	94	24	59	94	35	52	79	7	21	118	39	103	44	97	30	0	11	5	108	43	97	27	75	56	64	43	99	1	105	24	13	110	13	3	18	49	44	19	44	11	89	106	43	12	59	65	65	46	100	98	14	57	85	68	27	15	14	50	97	104	2	51	34	70	96	50	6	58	98	15	7	4	41	35	100	54	102	87	49	56	106	60	76	92	37	11	48	115	82	53	45	61	104	11	76	36	65	30	39	48	46	32	6	43	87	24	3	29	39	49	5	104	101	35	87	93	59	102	58	52	106	61	101	54	19	24	52	62	22	88	29	91	102	78	67	78	82	83	30	25	76	64	103	13	69	15	72	114	118	103	89	10	63	74	51	21	75	98	0	101	57	78	16	10	115	33	100	46	2	83	94	82	62	13	118	78	106	119	69	92	53	12	45	61	41	101	46	32	16	113	65	89	16	26	32	103	61	17	27	4	47	39	91	24	102	30	90	5	44	117	103	99	90	79	94	12	25	12	117	25	49	68	39	90	5	42	101	73	36	38	110	30	72	57	69	51	34	116	50	89	115	0	95	80	84	55	12	57	93	48	66	63	24	93	82	40	94	8	22	104	0	96	23	46	55	32	52	83	76	16	24	41	47	24	75	89	114	67	79	11	102	105	36	81	36	59	91	11	29	50	61	19	58	63	44	10	83	84	80	72	74	112	59	47	48	53	69	71	38	117	79	50	21	63	66	33	53	102	112	60	25	50	17	108	56	67	71	91	12	84	49	82	14	29	50	34	86	103	115	82	63	83	60	6	64	27	54	85	51	86	50	9	49	6	34	90	83	117	30	114	50	50	7	57	86	24	31	73	17	54	118	67	52	95	38	63	88	19	46	79	110	27	65	35	63	40	32	13	107	91	67	29	44	93	107	45	43	87	41	102	57	26	111	96	87	24	45	37	62	24	68	61	102	36	54	82	57	30	35	69	112	110	92	14	100	100	3	6	86	107	112	71	54	19	12	98	23	5	9	104	72	58	31	97	99	3	63	102	113	113	83	73	66	46	18	11	57	65	104	108	69	85	35	30	96	33	94	26	75	32	66	96	95	113	94	9	93	47	117	23	77	34	79	83	58	35	6	77	19	3	74	55	82	19	76	50	47	76	22	54	85	103	8	76	99	78	43	95	36	48	0	29	55	47	65	58	62	77	70	37	66	26	65	31	99	30	34	66	99	28	66	15	36	108	115	94	61	71	28	73	32	14	1	73	5	26	64	38	39	44	20	73	53	13	109	108	98	7	53	32	5	9	27	69	23	45	59	101	75	93	83	105	49	65	22	89	33	97	108	102	101	72	110	11	78	94	118	86	37	68	52	115	83	19	50	65	0	36	112	41	102	24	119	21	55	80	104	14	97	22	117	68	88	33	30	25	108	36	12	45	21	94	65	18	70	66	45	41	70	88	50	90	119	112	47	7	33	53	23	40	63	39	115	111	88	47	42	60	111	62	47	41	11	86	115	55	62	22	54	78	88	72	49	64	108	118	21	117	65	7	60	103	10	38	22	55	86	2	60	61	71	70	32	18	109	50	2	41	19	23	99	104	24	118	5	43	22	40	79	57	6	46	5	27	33	9	101	91	40	18	114	82	59	59	109	32	37	107	109	39	45	61	101	72	85	104	70	75	94	119	119	17	72	58	19	116	110	82	26	29	47	103	110	77	69	28	71	27	17	18	110	107	108	24	85	28	6	40	43	104	34	3	68	39	103	43	118	67	87	15	68	60	83	10	94	100	68	91	70	75	10	21	44	76	56	24	81	53	117	36	78	73	67	52	69	81	83	0	103	54	62	57	27	0	116	97	92	96	16	31	18	104	1	117	62	113	105	69	2	76	33	102	78	48	49	19	28	81	100	67	4	38	113	81	47	33	2	21	14	2	16	72	59	58	68	83	70	52	103	39	9	47	89	117	75	84	61	38	112	101	10	107	94	75	114	93	40	102	62	6	14	0	30	93	1	2	77	21	107	75	26	61	4	15	7	80	109	5	77	110	104	87	13	8	53	93	15	95	46	25	46	68	114	35	49	112	108	6	106	60	77	112	82	17	20	60	2	1	84	115	74	107	30	85	93	10	9	52	42	85	88	105	27	87	4	52	25	8	52	119	13	89	11	2	7	18	98	111	57	118	40	110	21	37	56	57	90	1	19	0	34	73	80	54	101	63	58	113	54	12	106	45	12	106	71	32	9	80	12	110	6	65	1	62	12	21	88	49	108	100	105	10	102	57	53	31	12	108	86	28	111	6	60	96	72	104	40	28	64	75	51	2	72	97	119	27	16	65	29	15	115	69	60	16	80	31	39	6	81	118	102	115	54	5	67	80	42	100	70	61	20	3	0	91	111	85	74	69	2	50	46	9	78	27	28	83	70	9	78	18	42	93	28	63	82	1	31	69	24	84	80	58	93	0	9	74	82	39	10	4	72	88	37	97	95	102	58	35	34	113	74	19	112	25	14	65	59	1	0	119	100	65	96	93	11	50	112	21	83	77	87	15	67	75	40	94	13	46	44	48	74	93	51	72	11	50	94	47	65	119	110	54	4	43	29	109	110	49	107	109	89	81	81	48	83	4	89	71	56	107	27	66	40	78	56	115	83	33	50	91	83	10	41	50	74	11	39	33	118	117	11	34	67	57	40	54	97	113	95	86	56	52	39	41	26	69	115	91	56	116	44	3	83	17	73	67	36	103	29	59	4	6	113	109	115	119	116	73	67	59	89	81	117	115	105	14	114	64	19	64	19	44	106	88	32	38	94	25	99	80	41	10	110	84	67	28	80	34	85	65	106	66	105	114	87	63	23	71	46	81	48	97	66	65	30	59	18	72	41	4	8	55	90	53	37	119	42	88	57	41	115	78	47	30	45	15	62	8	66	13	24	102	98	0	54	59	86	82	25	118	56	52	73	42	104	30	9	103	63	10	8	22	110	72	104	72	71	74	18	86	26	32	31	17	89	92	63	34	60	111	12	58	44	113	48	26	106	115	106	44	40	72	44	103	102	87	22	62	94	9	35	49	56	72	34	72	53	69	69	102	110	80	85	11	45	19	11	24	10	6	64	54	118	115	116	46	11	83	2	9	25	110	89	24	58	69	3	21	30	99	56	31	30	54	83	105	91	66	60	34	87	6	91	29	106	75	90	90	93	115	18	41	10	79	36	5	73	87	32	110	35	29	97	69	82	90	110	99	94	70	49	57	16	58	51	89	26	9	45	114	36	1	39	23	96	110	84	7	5	71	91	101	110	21	62	88	68	26	6	115	78	103	59	94	63	100	24	106	32	107	92	8	104	44	41	97	58	9	88	22	14	75	26	112	54	18	32	88	18	24	114	32	83	93	75	31	19	83	106	88	26	58	65	2	89	76	1	16	50	82	10	58	13	52	63	32	3	92	95	77	78	34	28	97	21	0	63	101	36	62	25	35	57	54	67	114	31	25	117	20	110	39	81	106	32	50	48	102	117	58	115	63	46	1	99	64	37	112	113	73	25	103	5	67	30	40	65	86	66	83	14	109	32	58	13	56	96	21	71	72	68	102	52	39	76	102	55	68	49	13	71	65	20	29	6	72	87	70	29	56	114	66	13	52	87	73	30	35	117	29	106	80	8	47	3	3	70	47	104	101	90	15	50	86	52	7	4	49	29	89	54	23	95	46	96	87	58	38	100	35	16	10	3	116	88	69	70	84	61	6	93	50	64	46	115	9	33	119	87	0	17	41	115	106	25	71	112	95	107	119	79	64	63	29	89	70	94	111	86	42	98	49	0	29	11	50	24	80	2	60	119	44	65	103	54	59	72	84	30	76	24	38	47	114	43	20	107	60	73	119	35	5	67	113	40	45	83	99	91	60	97	5	52	69	94	97	94	16	20	31	64	38	75	81	116	80	116	56	19	88	41	28	5	85	26	31	61	97	64	9	50	70	5	20	118	75	17	88	82	99	13	103	63	102	51	82	118	84	75	73	39	32	38	30	93	42	101	89	31	75	114	84	119	116	102	55	37	54	96	21	108	66	99	108	115	26	119	95	29	117	54	15	25	22	96	61	25	12	110	112	45	98	17	20	24	79	75	40	17	22	13	70	27	39	62	118	85	51	49	58	73	67	110	58	71	56	7	56	10	107	59	53	81	37	54	1	102	80	62	38	42	91	46	60	46	17	46	61	59	57	16	41	90	54	11	34	11	16	42	89	32	87	6	86	106	30	7	91	82	117	102	0	81	29	92	63	23	119	99	17	6	60	35	110	55	78	54	112	75	28	107	95	51	80	77	37	88	68	37	114	58	71	115	104	108	76	64	0	53	3	117	34	15	45	20	71	58	26	5	10	105	85	1	18	43	86	82	80	3	39	48	6	0	71	116	45	84	112	8	69	95	11	28	56	68	26	9	118	82	20	33	17	84	68	116	33	105	106	51	40	58	54	80	71	114	115	27	14	105	25	61	87	7	41	88	35	6	116	28	65	79	59	50	77	83	111	116	102	75	18	10	102	111	11	37	13	26	92	119	69	27	47	24	118	12	84	97	18	46	83	108	106	41	31	72	14	96	88	41	24	58	71	109	88	17	21	79	16	54	115	63	25	58	66	39	99	61	27	87	79	42	47	56	56	48	40	36	12	81	5	43	111	22	25	30	64	96	91	110	16	63	62	13	81	54	90	27	100	20	104	90	33	83	9	2	90	76	110	68	15	24	96	33	66	63	0	35	76	92	95	42	77	6	62	112	39	103	103	21	50	104	97	18	72	25	87	112	42	93	104	97	72	115	7	37	67	21	116	
34	28	20	26	23	21	23	27	32	23	23	20	40	34	35	31	37	36	35	20	30	24	29	21	34	26	31	32	37	20	34	38	20	29	21	30	24	25	35	40	29	38	32	21	38	36	27	34	29	29	23	36	28	34	37	32	33	36	29	20	40	32	38	37	25	21	25	32	25	31	39	21	31	20	21	38	28	38	26	31	21	36	39	33	24	20	36	29	38	37	33	30	29	39	23	35	38	39	38	29	31	27	36	36	27	39	29	40	27	34	29	29	40	31	35	26	33	36	24	34	27	22	33	25	32	25	32	34	38	34	22	26	34	20	27	22	39	31	36	20	37	26	27	23	26	29	35	37	38	22	35	25	20	20	37	36	32	35	40	39	24	36	35	33	26	30	24	23	35	40	39	20	38	34	20	32	38	30	33	36	37	33	25	35	29	39	40	38	36	27	21	26	37	38	39	26	20	38	20	23	23	25	31	25	27	31	35	33	37	20	26	27	31	35	36	23	40	24	24	38	22	23	33	34	26	33	27	31	21	37	20	20	37	22	38	32	26	32	35	21	21	36	29	34	39	28	37	30	23	23	26	32	23	29	37	39	20	22	37	37	21	28	30	22	32	22	24	39	33	23	27	37	20	35	32	35	39	27	35	26	32	23	20	22	38	33	28	38	21	27	30	28	20	33	25	35	30	27	36	20	25	33	21	21	24	33	34	25	22	27	22	20	40	32	38	29	24	28	23	28	24	33	36	35	28	37	38	22	20	38	25	36	29	27	27	40	24	29	27	32	29	33	26	24	30	37	38	33	35	35	23	27	33	28	35	21	40	28	20	27	32	36	25	22	37	33	26	21	26	38	26	35	37	40	21	21	22	31	23	20	24	20	24	40	34	34	31	25	40	20	35	34	34	25	34	36	21	40	25	30	31	20	39	28	26	27	31	36	36	27	38	20	27	33	21	34	27	28	32	36	25	28	40	20	27	28	36	21	34	39	24	39	29	37	35	40	36	30	30	31	37	36	36	38	31	33	30	29	35	27	29	25	37	30	28	30	29	25	32	29	40	24	34	22	39	34	29	28	37	36	21	39	29	21	20	29	22	26	33	29	24	24	20	36	34	28	30	25	33	30	40	37	32	39	34	33	33	39	31	38	36	37	20	27	32	24	32	31	25	34	33	23	35	33	38	32	34	36	39	39	23	32	25	27	28	20	31	25	38	26	30	37	37	28	35	36	32	27	28	22	39	37	30	37	25	33	37	23	29	34	25	40	33	27	26	31	29	37	40	25	31	36	34	24	25	30	34	20	20	22	29	32	29	35	23	39	20	40	31	22	40	36	26	25	29	33	24	26	24	24	32	23	26	22	24	23	22	21	35	25	36	31	25	32	20	36	31	26	33	33	24	39	22	22	27	34	26	22	20	23	22	27	27	22	21	38	39	25	39	33	24	21	31	25	24	31	27	27	37	32	35	34	24	29	38	27	33	28	28	22	32	38	21	40	35	21	28	32	31	33	20	29	33	25	32	36	37	28	33	22	31	38	38	36	22	31	38	31	24	39	37	40	40	22	24	31	24	28	32	29	24	25	32	38	28	20	30	40	22	40	24	22	34	20	28	32	37	21	27	35	30	30	33	36	20	33	40	25	25	29	34	40	33	30	26	26	33	39	24	33	40	22	33	33	28	33	39	23	39	38	26	25	21	32	34	37	28	27	24	32	24	40	24	35	21	34	21	21	30	23	21	20	28	34	38	30	29	37	34	31	31	24	40	29	37	29	20	23	40	35	40	25	39	30	34	30	37	32	39	31	40	23	25	25	31	38	38	31	20	36	39	36	35	32	32	28	35	40	22	25	36	29	27	37	29	34	39	24	34	23	34	22	40	25	35	27	31	25	25	26	23	29	40	23	39	36	36	20	37	31	27	39	21	30	23	29	20	31	21	20	22	36	34	20	29	25	29	39	36	33	25	36	39	25	28	35	39	34	39	22	23	21	27	20	22	23	31	21	40	36	20	30	40	23	38	36	20	32	35	35	36	25	30	25	24	37	24	31	30	31	30	27	40	23	40	37	36	40	36	28	20	28	24	28	32	27	23	40	20	32	23	23	31	32	39	23	20	33	33	33	29	24	30	28	31	39	38	29	30	29	31	31	36	34	23	21	22	31	24	35	32	21	26	38	40	37	30	23	38	31	39	26	37	23	38	26	29	32	26	37	27	22	21	21	32	39	29	38	33	21	26	34	38	37	30	30	21	31	23	39	23	28	28	40	29	25	33	35	22	21	26	26	23	37	20	21	31	30	27	23	33	39	33	29	25	37	39	23	27	39	30	29	33	21	20	26	21	35	38	35	24	22	27	34	20	30	38	25	30	40	31	26	24	37	31	31	30	30	26	30	24	37	29	38	38	36	28	27	38	29	27	28	27	33	22	26	40	38	21	24	23	38	39	33	22	23	31	24	22	28	24	39	36	35	40	37	31	20	28	28	31	25	34	26	29	30	24	35	25	25	30	36	33	23	36	30	29	38	21	29	29	22	32	34	37	37	20	40	21	33	33	25	38	33	35	23	29	31	38	29	31	23	34	39	36	24	28	27	21	35	33	36	35	29	20	39	22	21	31	35	32	30	37	37	33	37	22	20	28	20	22	22	26	27	26	32	38	39	34	36	34	34	24	28	34	24	29	25	36	38	22	36	38	36	23	39	20	34	24	39	27	21	36	28	40	35	40	25	31	24	39	39	21	25	35	21	21	27	36	21	40	38	34	35	21	21	33	29	21	21	22	31	22	24	26	28	28	31	40	25	30	24	36	27	26	25	36	23	20	21	21	22	34	23	24	35	39	31	22	24	37	37	32	39	25	32	36	34	38	26	23	39	29	38	23	37	33	25	33	34	39	28	37	20	29	26	34	28	25	34	24	30	25	29	38	35	34	24	33	35	20	23	40	32	33	32	40	26	20	34	40	33	26	21	36	29	20	30	40	36	22	35	33	27	25	31	24	20	20	36	40	37	30	20	39	27	28	33	38	26	40	38	34	35	39	38	35	36	23	26	34	31	39	31	32	29	28	32	24	30	31	39	40	21	36	28	31	23	37	31	23	33	25	32	27	35	23	25	20	36	20	37	36	22	24	32	21	24	21	29	25	30	37	23	40	28	39	21	25	36	36	29	20	37	32	28	26	25	22	23	32	29	40	33	24	36	27	22	39	39	29	40	29	40	39	33	22	31	23	26	39	31	40	26	22	37	24	29	22	39	33	36	28	21	31	26	39	39	22	40	23	33	24	28	23	35	25	25	33	31	23	28	37	28	38	38	35	28	29	34	21	25	37	31	20	20	22	33	30	39	20	33	35	28	31	24	28	29	34	30	36	30	28	40	32	24	40	35	23	22	37	30	29	29	29	23	28	21	29	38	25	36	29	35	24	38	37	25	33	28	38	24	37	32	26	21	30	23	39	28	39	22	34	32	31	20	25	26	38	24	21	30	36	31	24	27	32	22	25	28	38	20	33	20	28	26	35	23	37	27	32	20	21	27	25	40	26	32	28	39	33	21	27	26	20	25	27	21	35	36	38	39	35	27	23	21	36	39	40	36	22	38	29	38	38	24	38	40	26	23	33	24	20	28	21	33	39	24	21	21	33	39	30	24	37	34	22	30	24	38	33	21	36	26	37	22	22	28	21	27	29	22	35	27	32	32	27	26	21	29	35	39	25	32	30	31	28	21	26	37	27	25	20	26	39	27	40	39	40	39	31	21	36	36	29	23	26	26	27	28	36	27	22	35	23	29	29	28	37	40	39	34	21	38	27	33	40	30	32	37	24	30	36	26	37	26	38	24	22	23	29	39	25	26	35	22	27	23	33	20	24	24	33	23	28	32	26	32	36	26	28	27	31	30	25	22	39	31	38	21	40	26	28	39	25	34	40	31	34	36	25	25	39	33	26	38	24	21	22	34	20	30	25	28	22	30	27	24	20	33	23	23	37	35	36	35	25	28	20	38	23	27	21	32	27	31	32	40	22	20	21	36	32	23	25	35	35	20	23	32	26	24	38	29	25	22	38	36	38	25	31	40	27	23	38	25	24	40	34	40	22	28	28	36	28	38	30	34	23	33	31	40	29	27	36	27	23	21	38	26	21	39	27	21	32	20	22	22	25	40	28	20	29	39	23	37	30	35	21	33	21	21	24	22	35	21	33	29	40	35	23	31	23	21	24	33	30	24	37	20	22	24	36	35	28	25	37	29	27	37	36	31	22	28	26	24	21	27	32	26	37	22	25	31	27	34	25	39	39	36	31	29	33	35	26	32	24	24	29	31	28	35	35	31	24	32	31	23	36	24	28	22	34	37	39	25	40	31	33	28	38	28	34	20	29	24	28	29	39	35	38	25	22	32	28	31	25	28	23	36	29	36	29	39	38	20	31	25	40	33	35	25	39	22	26	37	38	26	22	32	33	23	36	22	23	32	22	21	39	36	22	32	20	33	24	29	40	26	25	20	39	33	27	21	28	32	24	22	39	30	20	28	23	24	36	27	24	32	22	38	22	30	26	31	20	39	31	30	39	22	24	27	36	40	39	20	39	37	31	22	34	27	36	36	40	39	36	30	28	31	22	26	23	30	21	20	38	25	36	22	34	26	23	24	30	39	38	40	27	40	22	26	31	32	24	32	34	33	28	34	36	23	24	22	24	31	25	27	22	25	29	20	37	28	30	28	20	31	27	28	26	33	24	23	30	25	22	29	34	21	26	37	24	28	38	24	34	32	40	40	21	29	26	20	34	28	35	23	39	29	35	31	22	38	28	26	20	28	39	21	29	31	40	29	22	22	31	22	22	28	40	29	39	20	35	31	37	40	33	32	23	23	31	25	35	27	30	32	30	34	35	30	20	35	37	34	32	30	34	27	28	39	20	40	32	30	25	39	37	22	32	25	22	26	23	28	28	35	23	22	23	36	40	27	25	22	35	29	34	33	28	22	40	26	24	34	38	22	25	40	28	32	22	35	25	31	35	29	35	29	24	30	33	22	21	34	37	25	20	33	34	33	20	31	40	35	28	23	31	25	37	22	35	20	32	24	24	31	21	20	40	36	36	32	23	40	24	32	40	38	36	20	22	21	23	32	34	22	34	39	26	34	37	34	36	36	23	23	26	35	24	24	29	23	26	30	22	29	21	26	27	28	25	22	20	33	23	20	23	25	21	31	27	27	27	22	38	25	32	37	22	36	32	33	35	25	24	24	32	30	38	34	24	35	35	31	38	29	30	35	39	34	28	28	20	20	36	40	24	37	33	33	32	26	27	35	37	22	39	38	27	24	26	33	36	35	37	37	22	37	25	20	30	27	36	24	37	26	25	29	22	36	29	31	34	37	33	29	32	20	32	25	20	25	23	31	21	40	37	35	24	36	39	38	34	33	34	27	24	24	31	22	31	30	36	22	27	32	37	32	20	28	20	33	21	39	25	21	26	23	40	36	32	20	37	20	33	30	38	36	34	38	36	20	20	35	36	29	23	25	21	20	21	39	38	38	38	20	33	34	31	40	31	20	28	30	32	37	34	29	21	26	37	38	27	30	32	30	37	28	21	33	23	40	39	33	27	29	21	24	22	38	38	38	23	21	39	21	30	24	40	34	22	22	40	35	36	35	23	21	21	31	28	20	23	31	26	37	24	32	30	36	30	25	35	29	22	32	37	39	28	29	26	40	22	28	21	26	36	36	34	37	25	21	27	20	30	35	37	26	25	23	23	23	37	27	40	28	33	21	27	23	36	39	24	20	29	34	25	40	37	27	35	31	23	23	25	23	34	25	40	27	31	20	34	28	40	39	25	36	28	28	23	38	32	32	24	36	32	39	27	38	20	38	25	24	39	34	22	21	22	22	22	33	38	20	26	37	32	38	29	26	33	35	35	25	37	32	27	35	20	30	38	32	22	23	32	37	34	30	20	28	31	20	37	32	20	20	33	28	38	21	39	39	33	32	30	23	29	30	39	29	37	27	28	38	25	23	39	36	29	28	35	24	30	40	29	38	36	38	34	24	25	35	39	35	20	25	27	31	31	29	29	21	23	33	38	22	24	21	40	21	22	27	37	23	27	21	24	31	24	21	26	39	36	35	26	28	21	30	37	22	40	27	40	23	40	26	32	31	22	26	31	35	34	23	38	34	39	22	27	38	22	24	22	40	34	24	38	40	33	37	40	37	24	22	20	38	38	35	24	26	40	24	27	36	34	34	24	33	25	29	30	26	25	23	30	25	25	34	27	23	36	22	33	31	24	22	31	36	40	25	33	27	34	24	40	32	30	22	28	26	31	38	40	38	37	20	39	32	21	21	23	39	35	20	30	29	24	34	37	20	25	25	29	29	32	30	27	39	25	33	28	23	23	25	40	30	30	20	28	25	23	37	23	40	28	31	36	25	33	24	31	23	24	21	32	32	31	33	29	34	35	37	23	20	38	29	25	40	21	28	39	34	27	24	28	27	36	40	23	37	32	27	24	35	34	38	28	36	33	37	37	25	21	23	25	31	24	39	39	40	27	33	40	23	34	34	27	36	23	37	31	40	23	25	22	39	28	35	28	28	33	30	29	28	33	38	20	28	31	26	27	23	36	40	39	36	27	39	21	24	28	33	37	24	29	29	26	38	30	32	25	37	26	40	25	35	32	28	28	33	34	34	22	32	28	38	27	30	28	31	28	35	31	39	21	22	39	22	39	31	27	40	25	26	36	21	32	34	21	34	32	38	21	34	23	26	35	24	25	20	26	32	27	33	29	23	35	28	21	36	33	26	21	29	27	35	37	32	33	38	29	39	39	25	22	28	30	32	32	24	22	28	30	31	31	35	36	20	38	31	24	33	35	38	38	36	35	39	37	30	26	21	25	40	28	36	32	29	40	38	25	35	34	26	28	38	24	40	36	38	27	22	24	24	30	33	22	39	21	28	33	32	20	25	30	26	30	35	33	26	24	29	26	25	37	23	37	37	20	34	35	33	24	37	31	20	30	23	26	33	33	36	27	26	39	29	34	22	24	39	20	36	23	22	30	20	23	25	24	34	37	32	25	24	27	28	31	40	33	40	28	38	35	21	21	27	35	20	32	40	30	25	38	37	36	36	25	31	26	25	20	29	26	35	33	27	26	23	21	24	27	33	20	36	39	20	39	23	33	27	40	29	26	23	33	33	21	25	20	27	38	40	39	36	21	24	22	40	22	37	31	26	36	26	38	39	31	40	34	23	40	22	32	33	32	25	35	34	38	29	24	32	22	27	22	36	20	24	27	27	20	30	21	20	37	23	35	22	36	39	35	21	39	26	32	36	39	34	24	37	37	36	40	30	20	35	28	21	36	37	32	38	26	35	22	33	39	35	34	23	39	25	32	26	24	34	35	26	25	29	40	26	25	26	22	31	37	24	37	22	32	30	22	37	24	25	28	34	32	32	24	28	20	40	33	21	28	38	23	39	39	37	20	40	27	26	26	27	23	21	37	37	24	31	23	34	28	23	36	39	35	38	28	32	32	37	20	31	21	26	25	21	22	38	30	26	38	24	35	28	25	27	40	27	27	39	28	35	36	28	40	21	28	36	28	26	32	36	29	26	31	32	23	24	36	20	31	23	39	34	23	31	30	22	31	37	24	35	21	27	25	34	21	22	22	23	31	26	40	24	23	23	28	30	33	39	25	31	39	36	30	28	36	33	27	28	28	25	30	33	29	29	38	22	31	20	36	27	21	39	34	30	38	26	32	20	29	36	30	29	29	20	39	28	30	31	37	30	32	35	33	26	23	34	30	33	38	39	37	39	21	39	25	33	40	34	21	23	22	32	34	38	36	35	28	35	25	22	39	37	26	22	30	24	30	21	36	33	36	35	36	28	39	38	22	20	40	40	28	26	33	24	24	21	22	27	34	21	29	24	30	21	40	34	35	39	34	38	32	21	35	27	24	27	27	39	36	32	33	25	39	37	31	38	31	37	24	24	38	28	38	21	23	26	25	37	32	23	28	32	40	28	36	31	28	39	40	20	37	38	27	32	24	28	24	20	21	29	37	30	40	30	32	23	26	35	36	37	34	32	38	38	37	40	23	38	20	26	
30	26	28	12	40	16	12	38	11	23	46	18	23	28	47	35	27	10	42	20	49	29	24	14	48	34	49	38	17	18	27	12	43	26	34	39	21	19	42	23	35	22	28	43	42	20	10	35	46	24	31	29	49	16	22	13	45	28	13	48	36	28	43	39	46	39	45	36	34	48	45	15	41	42	38	49	15	39	17	12	32	11	46	32	45	14	46	17	12	34	17	30	12	48	16	20	36	15	44	42	14	14	29	28	36	34	42	20	12	35	28	23	36	33	19	37	11	46	13	10	21	43	44	34	16	12	13	33	14	27	15	32	42	39	35	30	21	28	39	37	42	49	17	42	47	19	49	17	21	30	21	49	16	23	18	43	17	50	24	22	27	34	21	31	35	31	28	44	12	25	14	41	40	22	40	46	41	22	13	22	40	40	22	18	28	37	21	22	22	40	25	35	12	27	46	46	10	33	50	38	39	17	12	17	38	45	17	41	17	21	48	43	37	24	29	24	25	46	38	30	39	38	47	16	30	38	41	10	30	26	34	26	30	43	45	36	10	18	43	11	15	29	25	38	50	33	44	24	45	40	42	49	25	19	34	20	26	26	21	32	39	50	45	35	33	45	35	18	29	22	29	44	11	13	40	24	16	49	33	11	24	19	25	38	31	40	50	46	32	23	11	27	36	16	33	20	14	33	17	34	31	18	31	35	36	48	44	24	46	22	36	24	34	47	11	21	14	26	36	37	13	20	42	20	30	14	15	49	15	28	13	36	22	28	41	40	34	32	10	37	36	44	28	47	10	50	24	13	14	11	27	19	20	26	16	18	50	17	32	45	34	31	49	22	25	11	42	34	27	26	14	16	15	45	34	14	33	12	47	23	16	25	27	29	18	14	39	46	41	33	49	35	46	34	24	27	34	40	49	23	32	42	38	48	43	44	35	14	21	14	22	25	41	29	39	11	39	35	13	29	25	14	17	33	11	35	46	47	31	42	22	34	47	41	24	19	36	14	25	22	30	15	23	34	35	44	45	13	28	37	42	24	19	41	42	39	50	26	23	26	31	31	49	41	50	21	45	34	42	46	17	13	19	38	24	36	19	39	18	20	46	12	28	14	31	13	24	44	15	48	13	21	34	16	49	42	21	16	27	28	21	50	45	12	28	41	17	36	19	38	34	37	39	42	45	40	19	46	30	48	21	34	47	39	40	20	38	29	27	16	11	41	20	15	11	17	24	26	17	43	25	48	33	31	27	36	26	44	32	34	10	42	34	50	28	46	23	11	38	11	26	20	20	23	40	24	19	12	47	15	16	40	44	44	41	36	37	26	37	33	28	22	20	26	29	20	10	35	24	12	42	44	17	12	30	23	14	18	12	45	42	49	38	33	45	42	40	19	28	44	27	32	15	30	11	14	39	36	36	13	10	23	33	12	17	40	32	17	16	47	15	18	20	46	16	49	35	17	12	26	38	17	21	48	42	48	48	33	39	46	31	38	22	44	26	21	48	15	41	10	20	11	18	20	17	38	33	12	13	17	24	42	36	18	43	24	26	16	23	47	18	10	26	33	25	16	13	48	13	49	16	29	27	34	28	26	23	15	22	19	18	35	25	33	19	29	36	40	48	18	18	33	27	43	15	24	19	21	18	49	34	21	47	47	34	23	15	20	37	11	16	47	19	19	32	16	37	50	22	48	43	44	41	46	41	11	11	18	12	50	24	17	37	35	11	22	10	20	24	41	26	25	30	19	32	43	36	46	26	31	26	45	10	21	10	22	49	29	49	40	13	20	23	40	11	49	45	30	11	16	39	32	48	16	47	44	38	26	10	17	47	22	31	49	39	12	13	48	29	25	19	47	19	47	21	45	16	24	11	44	20	11	12	41	12	48	18	14	22	48	39	36	46	37	29	43	47	10	19	28	11	20	38	32	39	39	19	24	50	31	23	13	20	29	15	11	47	38	49	17	23	11	45	11	11	12	36	43	33	14	25	49	11	47	46	35	32	46	42	16	39	22	14	22	12	27	14	31	48	29	32	39	42	27	22	15	34	43	42	47	14	23	31	15	30	25	19	29	13	41	21	36	32	27	16	26	26	47	43	35	37	43	50	36	36	34	43	24	39	49	31	48	30	21	22	45	34	34	38	49	14	33	31	29	19	16	14	11	46	30	10	48	31	39	36	41	22	44	40	45	26	28	18	12	48	48	21	11	21	25	38	43	11	45	46	42	26	11	31	23	23	26	13	27	38	17	14	13	48	49	39	13	13	13	46	28	26	12	11	32	33	21	32	45	36	45	26	50	34	43	41	38	45	27	45	38	26	41	49	16	24	27	30	24	29	45	37	38	13	47	48	12	13	32	32	21	22	15	27	18	28	41	44	41	31	13	37	47	24	37	42	18	39	31	30	45	43	24	34	10	49	43	10	47	23	47	42	28	10	46	23	23	39	26	16	28	37	26	23	38	41	30	26	43	19	22	30	19	20	32	11	50	28	49	34	23	41	17	47	41	50	29	15	21	34	41	30	25	23	25	19	18	12	10	25	47	13	39	12	45	10	28	33	42	22	49	32	36	33	25	37	27	16	14	27	37	20	34	18	49	36	42	24	12	50	27	13	25	19	25	43	14	45	35	11	43	39	10	50	22	29	10	37	50	49	42	33	27	39	39	47	23	27	37	45	18	40	31	32	24	47	19	22	48	17	21	49	28	14	36	16	36	48	23	22	36	48	45	17	27	25	13	26	47	11	31	43	29	41	12	47	18	13	32	16	17	18	50	40	45	19	47	18	14	14	47	32	10	40	32	19	11	41	40	20	21	39	25	31	43	32	36	50	25	48	35	48	43	36	40	17	46	21	33	48	11	42	39	43	11	22	44	46	50	31	10	11	26	17	10	35	44	40	38	23	50	37	29	27	26	48	23	46	28	29	35	48	36	16	41	36	32	35	13	49	22	35	22	25	15	46	36	36	39	23	32	42	29	19	15	11	24	13	40	26	50	40	43	32	30	25	36	37	30	47	38	11	18	11	19	44	25	50	35	36	44	21	27	39	27	45	23	31	12	19	41	23	45	22	50	44	34	38	22	36	30	23	21	38	35	17	40	50	41	21	17	42	43	33	13	47	41	31	46	22	39	26	17	29	29	24	14	16	39	12	41	18	49	45	34	31	25	34	37	28	39	48	12	35	43	44	24	40	25	26	41	16	37	40	42	18	27	45	48	22	13	36	44	37	10	39	36	23	44	15	40	10	24	15	12	17	10	36	50	10	17	37	33	36	32	20	41	15	37	43	22	36	11	38	11	37	12	46	18	29	10	14	10	20	14	14	49	36	19	24	50	22	50	24	38	35	22	16	38	10	43	44	17	41	10	48	34	17	39	40	21	41	29	24	19	31	23	42	50	50	27	17	15	50	33	35	30	17	33	43	33	28	11	29	23	28	15	50	23	35	48	12	36	42	35	28	16	37	27	27	39	34	50	46	18	13	48	37	10	17	38	43	17	43	47	47	33	23	44	27	49	22	23	12	13	48	43	42	44	11	43	16	46	13	31	46	26	49	45	20	17	25	45	40	31	15	37	33	14	49	38	36	31	22	21	46	34	49	21	33	19	35	44	42	31	18	18	16	14	18	48	41	35	26	38	26	16	33	37	27	20	48	47	43	33	16	49	41	49	29	34	32	39	44	38	38	35	24	27	47	40	26	40	28	30	25	25	16	22	14	22	37	21	44	44	49	24	12	10	28	49	21	39	15	38	20	42	14	49	24	42	22	36	24	21	11	27	31	29	42	31	15	40	12	16	20	38	11	34	18	32	34	34	31	28	13	41	28	38	40	15	31	11	14	11	36	15	48	33	11	49	40	43	19	43	10	19	41	20	27	46	41	50	47	36	19	10	11	38	18	35	12	22	47	18	40	28	36	37	14	23	46	28	39	49	19	29	30	38	16	31	16	29	24	48	35	14	50	32	40	37	48	47	50	21	38	20	26	48	16	14	42	45	21	24	17	49	28	14	39	25	44	44	17	13	48	24	39	32	16	37	26	13	27	41	32	44	44	33	44	29	41	43	48	50	18	42	21	34	39	22	45	11	34	45	46	22	39	35	24	17	23	41	50	23	20	43	14	50	31	41	21	35	12	25	49	39	42	26	42	36	35	12	47	36	10	39	13	25	37	33	49	32	31	50	46	42	41	26	38	21	42	42	13	34	35	42	26	33	14	25	16	14	40	17	12	11	37	44	16	11	18	48	13	38	47	41	47	36	11	40	19	49	17	29	11	48	20	35	45	43	38	12	22	41	38	35	12	49	48	24	44	13	45	33	25	25	29	38	19	39	17	26	49	32	13	41	23	38	14	22	25	40	49	13	20	36	10	50	32	26	43	15	34	32	21	43	32	34	25	39	20	31	18	24	12	12	23	21	25	35	27	18	46	44	29	26	25	20	22	37	30	26	39	13	34	48	18	36	43	15	36	27	40	23	31	28	38	30	19	26	48	30	15	29	34	35	19	36	37	35	16	44	37	30	18	36	33	30	21	37	26	41	36	11	14	46	47	34	37	27	35	13	18	32	29	32	38	47	27	48	15	40	26	46	29	28	13	25	41	43	43	21	28	30	49	24	14	49	40	27	24	45	14	25	17	23	34	10	47	37	43	47	47	26	33	26	14	31	39	30	33	44	37	36	49	14	26	14	48	34	33	24	41	41	28	10	19	34	22	42	48	38	20	40	29	25	12	25	32	29	47	24	39	34	25	25	47	25	32	14	10	31	29	30	12	39	44	34	24	35	26	32	30	10	45	12	22	28	37	26	41	44	11	25	28	36	42	36	31	22	41	33	13	24	33	22	29	48	20	31	40	39	11	35	10	24	36	41	44	44	50	45	49	46	45	38	48	10	10	45	16	46	45	45	33	29	36	14	39	50	13	17	16	23	10	28	50	41	19	30	22	46	35	16	23	16	20	49	24	36	14	25	25	38	36	25	18	21	23	32	20	46	16	40	19	42	15	17	23	41	48	36	35	11	14	28	12	45	23	31	39	15	26	34	44	30	21	20	28	49	26	34	10	25	42	34	31	22	50	17	32	17	26	35	11	35	12	15	16	23	14	34	50	39	30	47	29	31	40	16	20	12	10	43	19	20	43	24	35	38	48	14	44	26	35	32	29	45	21	34	32	11	40	31	32	47	28	39	21	23	27	19	34	44	25	26	12	40	44	17	22	39	33	14	35	42	39	44	16	23	16	27	37	22	29	40	18	31	24	17	19	15	47	13	46	43	29	50	22	26	26	29	50	16	38	23	35	25	32	14	22	19	28	35	21	23	18	34	24	42	44	38	50	21	10	36	14	43	22	38	32	11	14	35	27	19	13	27	22	14	36	32	44	15	32	41	42	48	19	31	16	28	46	36	11	17	13	42	19	10	27	49	25	34	33	42	11	21	48	40	26	34	45	21	10	12	20	11	17	46	37	45	18	13	47	37	43	19	48	28	37	10	29	24	17	14	23	34	34	30	11	30	23	10	32	16	40	40	16	11	36	16	23	44	22	48	28	37	31	35	25	19	17	50	10	44	15	24	18	18	38	39	17	21	12	49	20	47	21	18	45	48	48	24	42	42	11	31	15	21	48	47	32	30	49	23	26	12	20	46	34	19	46	47	40	19	41	26	44	35	41	10	47	15	38	37	36	16	33	45	39	46	27	23	20	29	27	19	36	15	38	48	20	44	43	27	22	42	38	25	35	17	18	25	47	19	46	36	29	30	22	50	35	37	50	27	14	31	22	28	16	38	29	22	42	18	19	38	37	23	33	26	28	10	43	45	37	16	21	32	44	43	20	26	25	19	44	50	45	20	44	43	39	48	40	39	34	16	23	29	18	50	43	30	46	30	31	29	33	33	21	38	34	37	25	15	12	31	47	19	47	34	18	21	38	27	31	50	36	36	13	25	48	27	25	29	30	44	42	18	16	35	13	22	13	30	44	18	41	25	36	48	44	27	25	37	36	16	17	14	14	21	48	25	10	50	30	21	47	43	23	35	20	47	37	24	14	27	37	24	24	50	42	37	37	37	32	39	36	38	31	13	43	19	43	29	19	46	15	49	37	26	33	48	28	35	10	28	11	14	20	16	24	29	33	36	32	39	47	29	43	28	47	30	31	14	39	19	17	30	38	43	35	18	22	39	23	24	22	24	46	37	32	44	26	29	15	27	12	16	28	38	48	44	25	22	35	45	12	44	28	17	48	23	14	27	46	40	30	12	40	20	42	32	33	18	20	25	29	10	19	27	24	15	36	50	44	22	48	23	34	47	44	25	11	42	38	35	24	19	30	24	22	41	34	13	30	18	22	24	43	17	27	28	34	44	30	22	32	30	42	37	31	27	39	28	19	29	19	41	44	40	48	44	26	45	13	30	21	18	16	42	22	16	19	12	34	41	22	27	45	37	10	12	21	25	46	41	29	14	20	38	24	21	26	19	42	22	26	33	25	37	33	13	16	21	20	17	14	31	17	20	25	44	18	14	33	23	39	32	17	30	17	25	14	35	39	26	37	15	42	13	40	14	17	36	15	31	20	29	22	12	27	28	38	31	47	50	35	21	10	15	13	37	10	25	20	42	18	39	19	46	17	43	23	32	22	43	37	16	35	13	27	18	48	33	41	40	31	13	35	50	24	17	36	15	45	46	43	31	38	15	37	41	34	18	25	42	10	10	29	30	16	35	36	39	48	25	26	30	13	10	32	30	23	35	34	16	43	31	39	35	41	29	40	34	34	16	12	33	26	26	18	41	19	28	48	42	35	48	17	24	47	48	34	33	31	20	24	29	17	29	26	45	42	47	13	47	43	32	23	47	23	25	36	40	45	33	21	11	50	48	38	32	45	11	50	50	31	22	46	47	43	13	45	29	43	35	19	47	34	21	36	26	32	32	39	18	18	42	13	17	17	19	31	34	20	15	36	49	47	47	25	18	43	41	20	10	16	18	34	27	49	10	31	27	29	13	13	16	12	12	23	30	50	10	38	31	38	17	42	43	30	28	44	16	29	38	34	29	18	43	25	18	21	45	33	24	45	16	21	16	19	49	50	30	20	35	15	23	10	33	35	43	45	33	28	10	47	39	43	27	50	14	32	11	15	30	43	18	15	35	40	27	45	48	20	19	23	21	13	33	40	47	46	30	25	26	17	21	47	40	25	22	14	19	22	46	13	11	18	48	11	25	26	31	18	15	23	27	42	32	29	20	30	16	10	13	35	34	28	10	14	17	27	28	46	33	36	34	50	47	38	24	50	44	38	37	18	16	16	47	27	44	41	17	46	15	49	24	35	13	18	16	11	36	31	45	48	31	39	47	17	29	49	19	49	35	26	18	44	48	18	46	45	24	37	22	28	10	49	45	31	28	20	14	23	14	23	32	21	20	31	11	29	16	31	25	16	14	37	33	39	24	18	37	28	27	27	27	10	49	16	43	24	15	18	20	41	24	41	12	12	34	29	33	28	22	50	49	32	20	39	14	27	32	24	31	17	29	26	32	40	43	32	43	20	21	11	18	38	33	13	35	14	30	23	21	29	15	48	33	31	37	31	11	32	38	44	17	20	47	26	19	35	22	14	44	20	20	29	47	40	48	50	42	49	23	30	15	33	50	50	10	38	49	31	15	28	25	36	29	37	13	34	30	20	20	20	46	48	39	18	49	37	45	15	43	19	31	40	17	13	31	45	28	43	46	27	17	16	43	49	24	33	27	16	22	11	44	40	31	37	42	49	34	46	15	13	50	39	37	38	49	36	45	11	29	22	28	28	48	11	34	50	36	49	12	23	28	39	28	19	48	10	47	48	32	26	30	27	41	43	39	46	28	43	28	19	14	47	26	43	37	46	46	47	14	29	26	43	39	47	29	18	40	43	28	14	27	23	33	49	30	12	21	40	38	26	26	44	13	12	33	37	38	13	12	30	39	28	13	13	46	19	22	14	47	36	32	45	26	31	50	44	26	21	40	28	19	41	34	46	18	39	15	42	19	19	32	48	22	28	10	12	18	18	14	47	10	13	45	19	22	40	36	21	11	12	21	41	21	48	48	23	30	13	38	34	12	13	39	35	34	
5
50
