1690
70
0	0	0	0	192	0	0	0	500	0	0	0	0	0	0	0	0	0	0	0	96	0	0	0	0	0	0	96	500	0	0	0	0	0	0	0	0	0	0	0	0	0	0	0	0	0	0	0	0	0	0	0	0	0	0	0	0	0	0	0	0	0	0	0	0	0	0	0	0	0	
0	0	0	0	0	0	0	0	0	0	0	0	0	0	0	0	0	96	0	0	0	0	0	0	0	0	0	0	0	0	0	0	0	0	0	0	0	0	0	0	0	0	0	0	0	0	0	192	0	0	0	0	0	0	0	0	0	0	48	0	0	0	0	0	0	0	0	0	0	0	
0	0	0	0	0	0	0	0	0	0	0	0	0	0	0	0	0	0	0	0	0	192	0	0	0	0	0	0	0	0	0	0	0	0	0	0	0	0	0	0	0	0	0	0	0	0	0	0	0	0	0	0	0	0	0	96	0	0	0	0	0	0	0	0	0	0	0	0	0	0	
0	0	0	0	0	0	0	0	0	0	192	0	0	0	192	0	0	0	0	0	0	0	500	0	0	192	0	0	0	0	0	0	0	0	0	0	0	0	0	0	0	0	0	0	0	0	0	0	0	0	0	0	0	0	0	0	0	0	0	0	0	0	0	0	0	0	0	0	0	0	
192	0	0	0	0	0	0	0	0	0	0	0	0	0	0	0	0	0	0	0	0	0	0	96	0	0	0	0	0	0	0	0	0	0	0	0	0	0	0	0	0	0	0	0	0	0	96	0	0	0	0	0	0	0	0	0	0	0	0	0	0	0	0	0	192	0	0	0	0	0	
0	0	0	0	0	0	0	0	0	0	0	0	0	0	0	0	0	0	0	0	0	0	96	0	0	0	0	0	0	0	0	0	0	0	0	0	0	0	0	0	0	0	192	0	0	0	0	0	0	0	0	0	0	0	0	0	0	0	0	96	0	0	0	0	0	0	0	0	0	0	
0	0	0	0	0	0	0	0	0	0	0	0	48	0	0	0	0	0	0	0	0	0	0	0	0	0	0	0	0	0	0	0	0	0	0	0	0	0	0	0	500	0	0	0	0	0	0	0	0	0	0	0	0	0	0	0	0	0	0	0	0	0	0	0	0	0	0	0	0	0	
0	0	0	0	0	0	0	0	0	0	0	48	0	0	0	0	0	0	0	0	0	0	0	0	0	0	0	0	0	0	0	0	0	0	500	0	0	0	0	0	0	0	0	0	0	0	0	0	0	0	0	0	0	0	0	0	0	0	0	0	0	0	0	0	0	0	0	0	0	0	
500	0	0	0	0	0	0	0	0	192	0	0	0	96	0	0	0	0	0	0	0	0	0	0	0	0	0	0	0	0	0	0	0	0	0	0	0	0	0	0	0	0	0	0	0	0	0	0	0	0	0	0	0	0	0	0	0	0	0	0	0	0	0	0	0	0	0	0	0	500	
0	0	0	0	0	0	0	0	192	0	0	0	0	192	0	0	0	0	0	0	0	0	0	0	0	0	0	0	0	0	0	0	0	0	0	0	0	0	0	0	0	0	0	0	0	0	0	0	0	0	0	0	0	0	0	0	0	0	0	0	0	0	0	0	0	96	0	0	0	192	
0	0	0	192	0	0	0	0	0	0	0	0	0	0	96	0	0	0	0	0	0	0	0	0	0	500	0	0	0	0	0	0	0	0	0	0	0	0	0	0	0	0	0	0	0	0	0	0	0	0	0	0	0	0	0	0	0	0	0	0	0	0	0	0	0	0	0	0	0	0	
0	0	0	0	0	0	0	48	0	0	0	0	0	0	0	0	0	0	0	0	0	0	0	0	0	500	0	0	0	0	0	0	0	0	0	0	0	0	0	0	0	0	0	0	0	0	0	0	0	0	0	0	0	0	0	0	0	0	0	0	0	0	0	0	0	0	0	0	0	0	
0	0	0	0	0	0	48	0	0	0	0	0	0	0	0	0	0	0	0	0	0	0	0	0	0	0	0	0	0	0	0	0	0	0	0	0	0	0	0	0	0	0	0	0	0	0	0	0	0	0	0	0	0	0	0	0	0	0	0	0	0	0	0	0	0	0	48	0	0	0	
0	0	0	0	0	0	0	0	96	192	0	0	0	0	0	0	0	0	0	0	0	0	0	0	0	0	0	0	0	0	0	0	0	0	0	0	0	0	0	0	0	0	0	0	0	0	0	0	0	0	0	0	0	0	0	0	0	0	0	0	0	0	0	0	0	48	0	0	0	500	
0	0	0	192	0	0	0	0	0	0	96	0	0	0	0	0	0	0	0	0	0	0	0	0	0	0	0	0	0	0	0	0	0	0	0	0	0	0	0	0	192	0	48	0	0	0	0	0	0	0	0	0	0	0	0	0	0	0	0	0	0	0	0	0	0	0	0	0	0	0	
0	0	0	0	0	0	0	0	0	0	0	0	0	0	0	0	0	0	0	0	0	0	0	0	0	0	0	0	0	0	0	0	0	0	0	0	0	96	0	0	0	0	0	0	0	0	0	0	0	0	0	0	0	96	0	0	0	0	0	0	0	0	0	0	0	0	0	0	0	0	
0	0	0	0	0	0	0	0	0	0	0	0	0	0	0	0	0	0	0	96	0	0	0	0	0	0	0	0	0	0	0	0	0	0	0	0	192	0	0	0	0	0	0	0	0	0	0	0	0	0	0	0	0	0	0	0	0	0	0	0	0	0	0	0	0	0	0	0	0	0	
0	96	0	0	0	0	0	0	0	0	0	0	0	0	0	0	0	0	0	0	0	0	0	0	0	0	0	0	0	0	0	0	0	0	0	0	0	0	0	0	0	0	0	0	0	0	0	0	0	0	0	0	0	0	0	0	0	0	192	0	0	0	0	0	0	0	0	0	0	0	
0	0	0	0	0	0	0	0	0	0	0	0	0	0	0	0	0	0	0	0	0	0	0	0	0	0	0	0	0	0	0	0	0	0	0	0	0	0	0	0	0	0	0	0	0	0	0	0	0	0	0	0	0	0	0	0	500	192	0	0	0	0	0	0	0	0	0	0	0	0	
0	0	0	0	0	0	0	0	0	0	0	0	0	0	0	0	96	0	0	0	0	0	0	0	0	0	0	0	0	0	0	0	0	0	0	0	0	0	0	0	0	0	0	0	0	0	0	0	0	0	96	0	0	0	0	0	0	0	0	0	0	0	0	48	0	0	0	0	0	0	
96	0	0	0	0	0	0	0	0	0	0	0	0	0	0	0	0	0	0	0	0	0	0	0	0	0	0	0	0	0	0	192	0	0	0	0	0	0	0	0	0	0	0	0	0	0	0	0	0	0	0	0	0	0	48	0	0	0	0	0	0	0	0	0	0	0	0	0	0	0	
0	0	192	0	0	0	0	0	0	0	0	0	0	0	0	0	0	0	0	0	0	0	0	0	0	0	0	0	0	0	0	0	0	0	0	0	0	0	0	0	0	0	0	0	0	0	0	0	0	0	0	0	0	0	0	500	48	48	0	0	0	0	0	0	0	0	0	0	0	0	
0	0	0	500	0	96	0	0	0	0	0	0	0	0	0	0	0	0	0	0	0	0	0	0	0	0	0	0	0	0	0	0	0	0	0	0	0	0	0	0	0	0	0	0	0	0	0	0	0	0	0	0	0	0	0	0	0	0	0	0	0	0	0	0	0	0	0	0	0	0	
0	0	0	0	96	0	0	0	0	0	0	0	0	0	0	0	0	0	0	0	0	0	0	0	0	0	0	0	0	0	0	0	0	0	0	0	0	0	0	0	0	0	0	0	0	0	96	0	0	0	0	0	0	0	0	0	0	0	0	0	0	0	0	0	192	0	0	0	0	0	
0	0	0	0	0	0	0	0	0	0	0	0	0	0	0	0	0	0	0	0	0	0	0	0	0	0	0	0	0	0	500	0	96	0	0	0	0	0	0	0	0	0	0	0	0	0	0	0	0	0	0	0	0	0	0	0	0	0	0	0	0	0	0	0	0	0	0	0	0	0	
0	0	0	192	0	0	0	0	0	0	500	500	0	0	0	0	0	0	0	0	0	0	0	0	0	0	0	0	0	0	0	0	0	0	0	0	0	0	0	0	0	0	0	0	0	0	0	0	0	0	0	0	0	0	0	0	0	0	0	0	0	0	0	0	0	0	0	0	0	0	
0	0	0	0	0	0	0	0	0	0	0	0	0	0	0	0	0	0	0	0	0	0	0	0	0	0	0	0	0	500	0	0	0	0	0	0	0	0	0	0	0	0	0	0	0	0	0	0	0	0	0	0	0	0	0	0	0	0	0	0	0	192	0	0	0	0	0	0	0	0	
96	0	0	0	0	0	0	0	0	0	0	0	0	0	0	0	0	0	0	0	0	0	0	0	0	0	0	0	48	0	0	0	0	0	0	0	0	0	0	0	0	0	0	0	0	0	0	0	0	0	0	0	0	0	0	0	0	0	0	0	0	0	0	0	0	0	0	0	0	0	
500	0	0	0	0	0	0	0	0	0	0	0	0	0	0	0	0	0	0	0	0	0	0	0	0	0	0	48	0	0	0	0	0	0	0	0	0	0	0	0	0	0	0	0	0	0	0	0	0	0	0	500	0	0	0	0	0	0	0	0	0	0	0	0	0	0	0	0	0	0	
0	0	0	0	0	0	0	0	0	0	0	0	0	0	0	0	0	0	0	0	0	0	0	0	0	0	500	0	0	0	0	0	0	0	0	0	0	0	0	0	0	0	0	0	0	0	0	0	0	0	0	0	0	0	0	0	0	0	0	0	0	0	0	0	0	0	0	0	96	0	
0	0	0	0	0	0	0	0	0	0	0	0	0	0	0	0	0	0	0	0	0	0	0	0	500	0	0	0	0	0	0	0	0	0	0	0	0	0	0	0	0	0	0	0	0	0	0	0	0	0	0	0	0	0	0	0	0	0	0	0	500	0	0	0	0	0	0	0	0	0	
0	0	0	0	0	0	0	0	0	0	0	0	0	0	0	0	0	0	0	0	192	0	0	0	0	0	0	0	0	0	0	0	0	0	0	0	0	0	0	0	0	0	0	0	0	0	0	0	0	0	0	0	0	0	48	0	0	0	0	0	0	0	0	0	0	0	0	0	0	0	
0	0	0	0	0	0	0	0	0	0	0	0	0	0	0	0	0	0	0	0	0	0	0	0	96	0	0	0	0	0	0	0	0	0	0	0	0	0	0	0	0	0	0	0	0	0	0	0	0	0	0	0	0	0	0	0	0	0	500	0	192	0	0	0	0	0	0	0	0	0	
0	0	0	0	0	0	0	0	0	0	0	0	0	0	0	0	0	0	0	0	0	0	0	0	0	0	0	0	0	0	0	0	0	0	0	0	0	0	0	0	0	48	0	0	0	0	0	0	0	0	0	500	0	0	0	0	0	0	0	0	0	48	0	0	0	0	0	0	0	0	
0	0	0	0	0	0	0	500	0	0	0	0	0	0	0	0	0	0	0	0	0	0	0	0	0	0	0	0	0	0	0	0	0	0	0	0	0	0	0	0	0	0	0	0	0	48	0	0	0	0	0	0	0	0	0	0	0	0	0	0	0	0	0	0	0	0	0	0	0	0	
0	0	0	0	0	0	0	0	0	0	0	0	0	0	0	0	0	0	0	0	0	0	0	0	0	0	0	0	0	0	0	0	0	0	0	0	0	0	0	0	48	0	0	0	0	0	0	0	0	0	0	0	0	0	0	0	0	0	0	192	0	0	0	0	0	0	96	0	0	0	
0	0	0	0	0	0	0	0	0	0	0	0	0	0	0	0	192	0	0	0	0	0	0	0	0	0	0	0	0	0	0	0	0	0	0	0	0	0	0	0	0	0	0	0	0	0	0	0	0	500	0	0	0	0	0	0	0	0	0	0	0	0	0	0	0	0	0	0	0	0	
0	0	0	0	0	0	0	0	0	0	0	0	0	0	0	96	0	0	0	0	0	0	0	0	0	0	0	0	0	0	0	0	0	0	0	0	0	0	0	0	0	0	0	0	0	48	0	0	0	0	0	0	0	48	0	0	0	0	0	0	0	0	0	0	0	0	0	500	0	0	
0	0	0	0	0	0	0	0	0	0	0	0	0	0	0	0	0	0	0	0	0	0	0	0	0	0	0	0	0	0	0	0	0	0	0	0	0	0	0	0	0	0	0	0	96	0	0	500	0	0	0	0	0	0	0	0	0	0	48	0	0	0	0	0	0	0	0	0	0	0	
0	0	0	0	0	0	0	0	0	0	0	0	0	0	0	0	0	0	0	0	0	0	0	0	0	0	0	0	0	0	0	0	0	0	0	0	0	0	0	0	0	0	0	0	0	0	0	0	0	96	0	0	0	0	0	0	0	0	0	96	0	0	0	0	0	0	0	0	0	0	
0	0	0	0	0	0	500	0	0	0	0	0	0	0	192	0	0	0	0	0	0	0	0	0	0	0	0	0	0	0	0	0	0	0	0	48	0	0	0	0	0	0	0	0	0	0	0	0	0	0	0	0	0	0	0	0	0	0	0	0	0	0	0	0	0	0	0	0	0	0	
0	0	0	0	0	0	0	0	0	0	0	0	0	0	0	0	0	0	0	0	0	0	0	0	0	0	0	0	0	0	0	0	0	48	0	0	0	0	0	0	0	0	0	0	0	500	0	0	0	0	0	0	0	0	0	0	0	0	0	0	0	0	0	0	0	0	0	0	0	0	
0	0	0	0	0	192	0	0	0	0	0	0	0	0	48	0	0	0	0	0	0	0	0	0	0	0	0	0	0	0	0	0	0	0	0	0	0	0	0	0	0	0	0	0	0	0	0	0	0	0	0	0	0	0	0	0	0	0	0	0	0	0	0	0	0	0	0	0	0	0	
0	0	0	0	0	0	0	0	0	0	0	0	0	0	0	0	0	0	0	0	0	0	0	0	0	0	0	0	0	0	0	0	0	0	0	0	0	0	0	0	0	0	0	0	0	0	0	0	0	0	0	0	0	0	0	0	0	0	48	0	0	0	0	0	0	0	0	192	0	0	
0	0	0	0	0	0	0	0	0	0	0	0	0	0	0	0	0	0	0	0	0	0	0	0	0	0	0	0	0	0	0	0	0	0	0	0	0	0	96	0	0	0	0	0	0	0	0	0	500	0	192	0	192	0	0	0	0	0	0	0	0	0	0	0	0	0	0	96	0	0	
0	0	0	0	0	0	0	0	0	0	0	0	0	0	0	0	0	0	0	0	0	0	0	0	0	0	0	0	0	0	0	0	0	0	48	0	0	48	0	0	0	500	0	0	0	0	0	0	0	0	0	0	0	0	0	0	0	0	0	0	0	0	0	0	0	0	0	0	0	0	
0	0	0	0	96	0	0	0	0	0	0	0	0	0	0	0	0	0	0	0	0	0	0	96	0	0	0	0	0	0	0	0	0	0	0	0	0	0	0	0	0	0	0	0	0	0	0	0	0	0	0	0	0	0	0	0	0	0	0	0	0	0	0	0	0	0	0	0	0	0	
0	192	0	0	0	0	0	0	0	0	0	0	0	0	0	0	0	0	0	0	0	0	0	0	0	0	0	0	0	0	0	0	0	0	0	0	0	0	500	0	0	0	0	0	0	0	0	0	0	0	0	0	0	0	0	0	0	0	0	0	0	0	0	0	0	0	0	0	0	0	
0	0	0	0	0	0	0	0	0	0	0	0	0	0	0	0	0	0	0	0	0	0	0	0	0	0	0	0	0	0	0	0	0	0	0	0	0	0	0	0	0	0	0	0	500	0	0	0	0	0	0	0	500	0	0	0	48	0	0	0	0	0	96	0	0	0	0	0	48	0	
0	0	0	0	0	0	0	0	0	0	0	0	0	0	0	0	0	0	0	0	0	0	0	0	0	0	0	0	0	0	0	0	0	0	0	0	500	0	0	96	0	0	0	0	0	0	0	0	0	0	0	0	0	0	0	0	0	0	0	0	0	0	0	96	0	0	0	0	0	0	
0	0	0	0	0	0	0	0	0	0	0	0	0	0	0	0	0	0	0	96	0	0	0	0	0	0	0	0	0	0	0	0	0	0	0	0	0	0	0	0	0	0	0	0	192	0	0	0	0	0	0	0	0	0	0	0	0	0	0	0	0	0	0	0	0	0	0	0	0	0	
0	0	0	0	0	0	0	0	0	0	0	0	0	0	0	0	0	0	0	0	0	0	0	0	0	0	0	0	500	0	0	0	0	500	0	0	0	0	0	0	0	0	0	0	0	0	0	0	0	0	0	0	0	0	0	0	0	0	0	0	0	0	0	0	0	0	0	0	0	0	
0	0	0	0	0	0	0	0	0	0	0	0	0	0	0	0	0	0	0	0	0	0	0	0	0	0	0	0	0	0	0	0	0	0	0	0	0	0	0	0	0	0	0	0	192	0	0	0	500	0	0	0	0	0	0	0	500	0	0	0	0	0	96	0	0	0	0	0	0	0	
0	0	0	0	0	0	0	0	0	0	0	0	0	0	0	96	0	0	0	0	0	0	0	0	0	0	0	0	0	0	0	0	0	0	0	0	0	48	0	0	0	0	0	0	0	0	0	0	0	0	0	0	0	0	0	0	0	0	0	0	0	0	0	0	0	0	0	0	0	0	
0	0	0	0	0	0	0	0	0	0	0	0	0	0	0	0	0	0	0	0	48	0	0	0	0	0	0	0	0	0	0	48	0	0	0	0	0	0	0	0	0	0	0	0	0	0	0	0	0	0	0	0	0	0	0	0	0	0	0	0	0	0	0	0	0	0	0	0	0	0	
0	0	96	0	0	0	0	0	0	0	0	0	0	0	0	0	0	0	0	0	0	500	0	0	0	0	0	0	0	0	0	0	0	0	0	0	0	0	0	0	0	0	0	0	0	0	0	0	0	0	0	0	0	0	0	0	0	500	0	0	0	0	0	0	0	0	0	0	0	0	
0	0	0	0	0	0	0	0	0	0	0	0	0	0	0	0	0	0	500	0	0	48	0	0	0	0	0	0	0	0	0	0	0	0	0	0	0	0	0	0	0	0	0	0	0	0	0	0	48	0	0	0	500	0	0	0	0	0	0	0	0	0	0	0	0	0	0	0	0	0	
0	0	0	0	0	0	0	0	0	0	0	0	0	0	0	0	0	0	192	0	0	48	0	0	0	0	0	0	0	0	0	0	0	0	0	0	0	0	0	0	0	0	0	0	0	0	0	0	0	0	0	0	0	0	0	500	0	0	0	0	0	0	0	0	0	0	0	0	0	0	
0	48	0	0	0	0	0	0	0	0	0	0	0	0	0	0	0	192	0	0	0	0	0	0	0	0	0	0	0	0	0	0	500	0	0	0	0	0	48	0	0	0	0	48	0	0	0	0	0	0	0	0	0	0	0	0	0	0	0	0	0	0	0	0	0	0	0	0	0	0	
0	0	0	0	0	96	0	0	0	0	0	0	0	0	0	0	0	0	0	0	0	0	0	0	0	0	0	0	0	0	0	0	0	0	0	192	0	0	0	96	0	0	0	0	0	0	0	0	0	0	0	0	0	0	0	0	0	0	0	0	0	0	0	0	0	0	0	0	0	0	
0	0	0	0	0	0	0	0	0	0	0	0	0	0	0	0	0	0	0	0	0	0	0	0	0	0	0	0	0	0	500	0	192	0	0	0	0	0	0	0	0	0	0	0	0	0	0	0	0	0	0	0	0	0	0	0	0	0	0	0	0	0	0	0	0	0	0	0	0	0	
0	0	0	0	0	0	0	0	0	0	0	0	0	0	0	0	0	0	0	0	0	0	0	0	0	0	192	0	0	0	0	0	0	48	0	0	0	0	0	0	0	0	0	0	0	0	0	0	0	0	0	0	0	0	0	0	0	0	0	0	0	0	0	0	0	0	0	0	0	0	
0	0	0	0	0	0	0	0	0	0	0	0	0	0	0	0	0	0	0	0	0	0	0	0	0	0	0	0	0	0	0	0	0	0	0	0	0	0	0	0	0	0	0	0	0	0	0	0	96	0	0	0	96	0	0	0	0	0	0	0	0	0	0	0	0	0	0	0	0	0	
0	0	0	0	0	0	0	0	0	0	0	0	0	0	0	0	0	0	0	48	0	0	0	0	0	0	0	0	0	0	0	0	0	0	0	0	0	0	0	0	0	0	0	0	0	0	0	0	0	96	0	0	0	0	0	0	0	0	0	0	0	0	0	0	0	0	0	0	0	0	
0	0	0	0	192	0	0	0	0	0	0	0	0	0	0	0	0	0	0	0	0	0	0	192	0	0	0	0	0	0	0	0	0	0	0	0	0	0	0	0	0	0	0	0	0	0	0	0	0	0	0	0	0	0	0	0	0	0	0	0	0	0	0	0	0	0	0	0	0	0	
0	0	0	0	0	0	0	0	0	96	0	0	0	48	0	0	0	0	0	0	0	0	0	0	0	0	0	0	0	0	0	0	0	0	0	0	0	0	0	0	0	0	0	0	0	0	0	0	0	0	0	0	0	0	0	0	0	0	0	0	0	0	0	0	0	0	0	0	0	0	
0	0	0	0	0	0	0	0	0	0	0	0	48	0	0	0	0	0	0	0	0	0	0	0	0	0	0	0	0	0	0	0	0	0	0	96	0	0	0	0	0	0	0	0	0	0	0	0	0	0	0	0	0	0	0	0	0	0	0	0	0	0	0	0	0	0	0	0	0	0	
0	0	0	0	0	0	0	0	0	0	0	0	0	0	0	0	0	0	0	0	0	0	0	0	0	0	0	0	0	0	0	0	0	0	0	0	0	500	0	0	0	0	0	192	96	0	0	0	0	0	0	0	0	0	0	0	0	0	0	0	0	0	0	0	0	0	0	0	0	0	
0	0	0	0	0	0	0	0	0	0	0	0	0	0	0	0	0	0	0	0	0	0	0	0	0	0	0	0	0	96	0	0	0	0	0	0	0	0	0	0	0	0	0	0	0	0	0	0	48	0	0	0	0	0	0	0	0	0	0	0	0	0	0	0	0	0	0	0	0	0	
0	0	0	0	0	0	0	0	500	192	0	0	0	500	0	0	0	0	0	0	0	0	0	0	0	0	0	0	0	0	0	0	0	0	0	0	0	0	0	0	0	0	0	0	0	0	0	0	0	0	0	0	0	0	0	0	0	0	0	0	0	0	0	0	0	0	0	0	0	0	
34	0	25	22	26	6	44	46	56	68	15	37	21	46	28	10	27	51	33	2	2	53	49	32	69	8	0	35	45	68	57	14	6	23	61	62	17	9	23	61	42	58	68	26	24	5	59	10	28	68	37	14	30	58	15	41	41	21	0	52	67	28	14	26	15	39	53	20	48	14	60	33	46	31	22	42	42	30	22	62	18	1	39	17	45	54	58	68	46	16	3	13	59	49	56	18	35	24	67	26	38	6	61	4	43	41	19	57	65	41	29	12	56	34	7	53	45	32	32	30	12	41	64	44	20	53	53	39	64	31	10	58	30	40	22	48	23	10	21	66	13	32	19	67	56	20	14	56	20	48	63	46	61	16	31	2	65	16	46	15	14	62	16	44	32	36	67	6	39	54	38	59	0	40	32	68	68	21	31	60	15	23	67	44	34	66	36	61	50	0	27	66	7	30	1	40	9	49	44	4	17	33	40	23	24	64	61	63	22	13	58	69	34	11	30	3	63	36	51	24	29	67	45	40	41	50	13	28	36	2	7	23	10	0	21	8	5	28	24	50	38	58	12	63	44	66	16	50	67	56	15	1	52	53	32	3	20	46	54	56	11	17	22	59	1	3	37	9	57	46	46	15	38	9	12	30	43	31	3	35	28	50	29	51	48	28	36	67	12	9	31	60	9	9	65	22	56	41	4	0	37	42	50	9	2	50	50	28	13	48	47	6	5	62	35	22	62	39	52	17	69	62	2	18	11	41	53	48	10	28	56	54	69	68	8	21	62	34	36	45	22	22	2	39	52	16	1	43	20	14	48	53	41	51	22	52	1	25	59	39	63	18	24	11	2	48	69	37	58	23	32	61	45	7	56	35	26	34	63	30	38	62	27	22	50	29	15	16	38	16	51	69	4	65	56	60	28	27	55	47	60	63	33	2	0	3	1	51	49	40	66	42	50	43	45	44	9	65	29	40	33	7	25	41	7	21	53	59	67	4	37	45	40	15	10	58	26	56	17	15	25	16	3	59	23	11	11	37	62	67	58	24	56	42	27	27	17	10	1	65	31	35	3	66	60	63	33	15	19	9	35	46	29	17	56	8	34	28	65	59	36	18	9	44	9	60	61	62	63	24	34	58	58	24	8	45	38	68	11	63	55	4	27	61	37	36	15	7	55	0	38	28	69	57	26	8	32	29	33	18	17	47	6	26	52	43	37	38	36	68	1	42	38	16	64	50	46	55	0	53	8	59	64	2	11	22	8	46	36	12	9	69	56	63	27	26	11	4	8	26	35	63	65	18	37	45	54	62	30	68	4	49	13	57	59	30	46	44	27	66	2	69	35	9	30	64	21	48	49	33	46	68	24	38	42	49	24	59	53	22	56	49	12	59	69	40	18	40	32	37	53	66	62	45	29	20	8	26	52	9	32	43	5	10	57	45	67	53	68	57	63	60	30	62	4	2	19	8	57	19	21	62	26	24	65	57	53	36	40	19	20	37	65	33	2	52	52	7	62	10	11	17	46	6	27	27	42	68	53	7	23	17	3	27	48	8	0	41	25	30	39	27	6	41	8	43	25	32	1	48	68	48	53	8	12	6	13	69	44	44	31	29	50	22	30	1	50	66	61	36	61	66	4	26	48	19	60	1	67	17	16	20	10	15	36	14	9	39	56	33	3	48	65	58	47	14	22	29	20	48	19	43	25	55	39	23	63	20	63	33	44	66	35	40	12	39	20	19	15	22	5	49	28	7	7	16	14	67	39	35	5	10	3	36	25	63	11	50	45	32	69	51	3	9	30	28	69	38	66	7	32	15	54	33	53	33	63	19	62	21	63	10	69	4	13	16	65	0	42	44	50	34	6	41	18	61	63	47	20	0	6	31	38	67	44	37	54	53	68	68	45	65	14	69	58	32	14	30	51	56	53	59	2	32	58	1	58	63	52	3	59	45	57	23	19	25	43	47	27	53	13	5	27	49	14	66	28	60	11	60	48	25	16	1	11	67	13	49	54	1	43	36	49	21	53	28	39	27	33	61	19	22	26	25	49	38	61	54	42	20	58	37	35	19	0	10	1	65	63	28	56	67	40	52	23	64	46	38	6	51	65	57	31	10	21	42	41	4	51	32	10	34	58	8	66	35	66	62	36	5	58	7	49	45	19	52	59	14	42	37	54	17	61	25	35	6	56	40	60	21	68	40	57	18	16	33	67	59	46	9	24	25	50	34	27	56	38	2	66	0	8	16	21	52	10	20	23	4	52	19	14	69	8	7	29	32	48	27	30	64	9	53	29	34	28	29	45	27	19	43	31	8	18	31	49	3	34	27	53	55	62	33	30	58	1	48	60	62	3	52	67	54	7	30	30	12	46	48	13	6	13	19	8	19	47	57	46	62	52	36	39	69	4	58	38	54	45	25	66	28	10	15	30	9	31	2	19	32	31	11	64	52	9	62	54	29	7	32	60	14	56	41	47	43	2	16	9	36	44	53	33	40	61	54	47	57	61	23	53	68	27	36	43	6	69	9	16	18	44	64	23	48	27	16	54	33	52	39	7	2	66	54	16	42	59	14	32	46	18	15	48	37	24	52	8	10	25	60	26	52	54	4	53	14	25	25	53	28	51	33	26	1	15	19	3	66	1	12	51	26	25	32	60	5	20	34	22	30	17	68	2	41	44	64	4	46	32	50	24	0	14	68	37	21	29	66	49	48	11	46	18	56	8	66	5	29	59	46	55	6	33	9	68	35	56	1	64	48	29	14	29	24	45	58	40	42	20	46	0	28	0	23	53	60	20	31	17	13	61	0	38	43	49	23	63	38	11	17	17	15	24	34	56	8	66	49	14	68	48	12	52	4	35	14	8	27	43	43	4	30	16	30	21	6	69	17	52	22	39	42	59	4	60	46	12	11	3	41	23	1	25	28	59	32	30	63	3	69	60	31	22	52	46	48	67	13	61	51	19	53	52	44	28	67	49	12	38	21	41	19	53	39	11	7	6	24	44	23	38	42	5	51	65	4	9	48	21	53	21	40	29	41	40	22	66	51	58	8	44	19	39	35	13	37	66	10	13	44	58	19	15	4	63	24	50	8	18	5	3	37	3	46	53	44	55	32	3	21	1	20	22	69	39	4	35	47	33	15	11	4	64	33	4	13	7	66	31	59	65	50	14	29	65	53	21	58	26	57	51	21	7	22	14	12	41	50	36	48	32	13	40	22	43	58	54	50	43	29	57	5	69	37	24	19	59	45	60	63	65	11	48	53	50	8	29	46	33	33	10	44	62	65	24	34	54	17	12	31	14	37	60	27	20	10	34	55	35	15	9	39	23	34	50	21	66	38	28	28	53	7	68	15	43	17	19	18	11	24	10	23	50	12	18	61	32	41	16	56	55	7	0	52	38	23	51	68	28	19	23	68	43	18	0	11	11	62	19	26	51	2	28	68	64	8	57	8	33	34	49	11	38	22	12	20	14	50	37	17	68	22	52	23	40	58	65	28	42	44	1	52	15	6	58	30	44	9	23	4	13	53	25	38	27	44	48	63	11	28	55	14	35	29	49	21	43	49	47	38	48	32	23	8	35	26	18	21	43	7	50	28	16	10	15	2	22	57	6	37	20	19	39	38	51	18	53	43	32	45	64	53	11	66	8	20	14	47	24	37	52	56	54	8	40	39	7	16	3	54	29	62	29	69	28	6	36	57	65	13	61	30	41	36	61	5	12	16	19	53	10	66	59	8	13	1	59	53	56	4	32	9	26	48	13	30	16	48	49	54	65	52	56	66	32	55	48	50	13	36	34	37	22	19	55	49	69	49	9	35	7	18	27	55	51	69	40	33	67	10	66	69	
61	11	19	31	43	63	22	26	3	15	12	0	22	29	48	65	44	33	35	20	61	60	62	28	1	49	58	64	60	38	43	49	13	28	8	69	40	0	48	7	55	43	21	10	5	57	58	54	66	0	44	52	51	62	62	31	47	65	21	56	57	66	13	14	26	25	55	3	6	10	58	5	12	56	39	37	6	33	13	42	60	39	24	7	55	24	41	65	49	29	53	21	64	62	55	55	60	49	64	18	49	1	26	47	60	40	46	46	15	60	17	48	62	52	17	61	59	50	25	26	60	42	56	58	56	68	61	4	21	62	67	19	67	67	55	47	19	27	5	13	55	46	50	56	41	7	65	48	13	38	56	28	47	3	2	7	1	45	5	39	17	34	45	32	28	54	46	40	13	50	30	51	32	24	68	23	52	16	62	4	43	30	44	45	42	24	66	37	68	33	59	62	23	13	25	41	40	64	51	53	11	15	22	48	55	40	50	1	45	39	50	43	37	65	16	43	20	12	16	52	33	2	64	32	1	31	55	10	9	59	16	0	33	25	22	55	20	49	32	18	68	55	9	53	35	34	12	58	18	68	19	19	3	69	47	2	58	58	31	47	35	25	1	55	64	58	58	32	44	30	55	48	17	27	27	16	11	65	5	57	6	16	47	50	0	50	64	6	30	56	55	54	32	56	39	54	2	14	39	22	18	29	13	65	1	1	22	38	13	40	37	20	20	51	11	42	16	0	64	3	25	11	39	69	22	60	23	24	25	65	69	60	56	1	26	26	67	11	28	15	61	9	10	46	46	56	5	39	2	13	36	54	19	17	23	56	51	69	5	8	31	42	57	52	57	65	50	55	41	33	9	61	63	2	20	39	27	11	2	69	14	67	4	37	34	52	35	61	25	61	9	52	66	53	31	41	67	49	64	47	25	23	7	2	63	69	47	35	24	25	52	53	3	61	19	6	54	16	45	48	44	7	9	51	13	7	40	55	39	64	34	38	1	35	64	14	31	38	55	8	69	67	41	9	23	29	46	65	39	19	35	63	14	69	54	48	2	68	47	67	25	2	63	64	62	32	4	9	65	5	24	2	59	23	20	52	41	18	47	41	35	15	29	0	43	24	37	3	56	12	18	53	64	52	69	37	53	55	17	7	3	25	50	37	31	26	21	16	19	68	3	41	17	67	9	45	29	52	64	36	11	4	2	40	46	34	0	55	10	64	59	68	29	59	35	34	33	22	17	8	2	1	11	45	9	53	7	22	2	37	43	37	53	20	33	10	26	67	54	14	35	39	40	10	27	17	21	27	32	66	42	0	36	66	57	20	56	28	66	39	24	35	2	57	64	31	12	68	24	44	38	35	32	18	64	9	50	61	51	45	57	52	68	29	3	33	28	65	64	24	19	68	47	0	59	53	29	7	45	42	25	3	12	16	40	43	33	39	65	31	25	0	24	27	68	61	26	65	29	20	1	11	30	15	39	50	40	1	54	50	33	45	68	55	9	62	36	4	58	4	42	35	40	60	32	14	4	1	5	8	46	54	37	29	19	46	54	23	56	13	38	60	17	35	41	31	1	69	48	20	35	10	9	45	6	59	48	63	59	31	39	34	36	10	16	48	10	67	44	13	0	49	19	24	41	1	61	39	22	11	46	54	67	23	22	21	35	41	50	3	3	40	34	34	42	54	30	38	47	50	63	60	64	20	35	26	60	35	26	50	36	2	4	12	64	17	39	21	21	42	5	13	65	2	35	66	26	30	63	39	30	25	1	2	62	23	54	53	62	40	45	35	22	0	31	60	68	27	30	60	68	29	12	65	21	24	66	13	39	34	5	13	3	42	44	19	46	42	52	59	2	60	22	32	24	56	26	42	35	29	39	53	16	44	57	50	46	16	40	63	46	41	41	8	68	69	12	3	57	34	60	30	64	60	58	4	67	60	25	62	15	50	36	42	39	62	29	15	34	7	65	46	17	18	1	64	59	0	29	64	50	42	60	69	1	16	60	69	61	55	6	18	42	2	57	57	31	41	35	64	27	33	31	64	65	15	62	3	8	21	47	40	7	42	5	4	10	25	56	58	40	15	67	21	10	61	2	0	42	25	61	34	68	7	61	24	7	53	52	5	37	18	50	33	30	60	19	16	41	7	31	1	46	46	45	42	47	53	47	49	37	58	57	26	49	33	39	30	31	45	9	47	30	45	68	13	23	2	62	5	3	51	15	9	51	44	49	41	39	22	30	36	56	28	63	20	21	0	18	51	40	25	49	23	38	66	7	21	19	51	32	3	7	63	47	53	18	53	45	68	20	4	57	7	2	57	62	39	10	30	36	57	61	31	62	42	26	57	37	25	67	32	53	58	19	16	31	39	53	31	3	21	40	35	20	58	41	41	21	68	66	20	52	26	10	43	32	12	42	44	3	66	63	61	8	1	10	16	6	0	3	37	37	12	1	27	41	26	13	17	42	63	22	12	36	59	54	12	51	27	36	3	65	44	47	33	11	2	14	28	10	39	34	31	38	63	69	8	4	20	30	19	22	9	42	35	41	58	26	69	33	65	2	46	68	61	47	45	39	32	2	36	4	0	40	48	53	29	14	14	31	12	48	30	14	69	29	63	27	54	28	22	7	26	30	1	42	33	49	19	52	69	26	67	40	56	9	54	48	67	10	27	22	32	55	8	42	21	33	63	40	33	49	64	13	20	20	50	33	46	11	51	18	5	33	17	9	30	28	39	1	21	29	13	5	52	7	67	11	28	11	15	31	19	38	22	34	9	24	13	9	16	52	39	53	21	10	7	28	38	17	15	2	65	43	0	36	48	16	33	36	60	11	18	64	59	43	8	22	41	4	2	8	53	57	34	64	15	63	5	63	51	1	42	36	27	16	40	66	62	54	20	17	24	6	46	20	55	37	51	23	16	66	63	68	49	16	63	1	28	23	38	13	39	22	16	2	19	60	29	0	54	15	64	53	32	22	4	23	38	55	64	5	36	48	28	17	44	15	24	59	38	56	18	48	27	60	34	68	9	7	3	26	66	20	0	49	45	39	50	24	56	59	3	14	9	56	67	33	16	44	37	58	69	9	50	13	7	1	10	10	31	31	6	40	67	23	2	45	32	22	43	9	1	30	54	18	29	52	4	30	59	58	0	36	29	50	40	14	66	26	49	66	69	34	12	4	26	5	37	8	43	3	65	15	52	3	49	47	12	17	41	30	11	28	18	47	21	10	15	12	51	47	47	65	8	50	41	32	63	0	9	45	39	41	37	2	41	26	25	7	59	48	56	9	60	6	56	43	21	0	19	53	62	19	40	46	37	59	13	24	60	50	24	2	59	14	55	15	15	48	19	5	10	61	25	13	20	16	28	9	0	64	17	36	0	62	10	53	46	25	34	24	67	49	56	32	67	50	16	24	6	58	3	19	28	6	60	64	9	32	31	43	60	25	63	67	54	62	55	56	15	59	62	64	44	47	1	56	48	36	42	4	46	18	14	8	21	9	59	14	68	33	30	44	39	65	44	45	36	69	8	21	44	49	1	40	49	0	35	36	33	12	30	55	50	33	27	10	29	28	56	17	25	44	9	58	40	7	12	17	65	54	55	65	43	52	35	8	34	28	0	8	56	29	6	5	44	6	6	1	14	41	35	65	53	47	64	53	31	43	56	11	34	45	13	1	34	32	68	58	41	25	65	20	24	35	31	39	5	47	59	27	32	6	22	48	52	66	39	67	53	66	20	12	67	29	66	29	4	23	50	36	47	41	54	31	46	26	55	57	43	59	26	40	37	49	55	4	0	21	31	68	6	39	9	42	49	24	48	25	56	67	41	32	13	25	20	8	16	
32	33	34	29	26	22	29	32	20	37	21	37	33	24	21	29	27	37	40	34	35	30	30	23	22	33	40	36	21	22	25	33	20	36	37	38	35	23	26	36	29	32	25	38	37	36	27	40	40	22	28	21	34	32	23	25	32	37	35	40	38	30	29	33	26	20	26	28	27	30	21	31	26	21	29	27	32	33	40	25	40	35	22	33	27	25	36	35	40	36	38	36	40	21	21	35	23	27	39	27	30	20	27	26	32	36	20	25	35	24	40	40	30	24	35	24	22	30	21	24	21	21	39	25	37	40	25	26	29	28	36	29	36	33	29	37	29	38	36	27	21	22	38	32	39	21	22	23	30	20	27	28	26	38	39	21	40	30	38	35	37	30	36	23	23	25	33	23	27	33	30	20	34	24	35	33	23	25	28	30	40	30	24	36	38	28	23	34	36	36	31	20	25	20	24	20	33	21	24	32	36	31	27	33	20	27	29	27	24	24	21	32	20	28	24	34	37	32	31	20	28	35	25	39	23	23	23	33	28	38	28	31	37	38	21	23	33	22	34	20	20	37	23	37	35	40	29	30	40	33	35	38	34	25	32	37	33	36	21	24	24	20	40	36	35	22	32	29	40	34	36	27	40	36	39	40	32	37	22	23	30	35	28	26	28	25	39	22	36	35	20	37	33	26	31	27	38	39	30	29	22	34	39	28	37	37	35	28	34	34	31	31	36	22	29	27	26	30	30	23	37	25	26	32	35	26	33	39	20	28	31	39	30	32	37	25	22	39	37	36	38	32	21	40	28	25	31	26	39	33	39	40	30	32	37	23	31	24	26	31	34	37	23	38	26	25	28	24	32	38	37	23	33	33	25	36	36	36	40	27	40	24	32	26	25	32	34	25	20	24	29	24	40	26	38	21	27	33	34	22	21	32	35	32	34	22	21	21	32	38	20	36	35	28	34	31	32	35	26	40	31	25	34	29	27	38	22	38	22	31	24	38	34	40	23	37	38	30	32	31	23	22	27	33	37	35	32	34	31	27	23	33	39	31	28	31	26	34	33	25	25	39	20	40	24	31	28	30	26	28	25	32	23	34	38	35	36	22	38	30	21	26	36	40	39	25	24	23	39	38	20	34	35	20	28	34	23	25	21	35	29	21	31	31	28	36	25	40	22	29	39	27	24	21	37	20	22	31	20	22	22	22	25	38	40	31	33	30	39	31	23	31	36	32	20	30	34	40	23	23	32	38	32	33	29	25	33	38	30	21	38	28	30	38	39	37	34	38	33	34	20	26	26	34	36	25	38	36	24	37	30	27	32	21	38	27	38	35	36	38	33	27	26	29	27	21	27	26	22	37	29	21	32	37	35	36	31	26	24	31	33	31	31	24	27	36	23	25	27	27	24	27	31	40	39	31	28	23	25	34	39	32	27	34	28	25	24	20	31	25	27	27	39	26	26	37	20	39	25	27	40	40	32	23	23	27	30	22	22	37	21	32	34	22	34	29	25	31	32	26	25	32	22	34	35	34	28	30	40	36	39	28	37	32	32	25	30	37	25	31	40	23	26	22	24	33	25	32	39	30	30	21	23	39	24	25	25	25	37	20	27	38	27	28	36	26	23	40	22	32	22	25	29	29	28	35	24	38	23	20	39	33	39	34	40	38	40	29	26	37	30	29	33	40	39	22	39	27	30	28	28	29	22	39	34	32	30	28	30	24	26	24	20	33	38	31	39	23	32	24	25	27	21	29	35	22	33	39	34	26	34	40	31	27	31	24	21	35	28	30	33	21	35	29	40	33	33	28	22	37	36	28	34	20	24	34	25	21	40	37	33	28	25	20	39	30	25	25	22	23	38	28	26	28	40	24	27	37	21	38	25	32	38	27	20	20	29	35	35	35	34	32	37	35	25	25	22	29	20	35	26	40	35	38	27	36	34	36	23	36	39	35	40	30	21	34	34	39	37	35	33	28	27	24	22	26	33	20	30	20	21	26	35	37	22	39	24	34	31	33	39	20	37	35	32	25	34	38	38	26	33	38	38	24	40	29	24	27	27	36	38	23	21	36	25	24	37	26	34	27	37	21	23	37	33	39	32	30	21	25	33	40	23	24	21	34	23	26	40	40	40	24	28	20	39	36	32	28	32	40	40	20	29	31	25	27	35	24	24	37	23	26	23	30	34	20	35	30	23	23	30	28	23	20	25	38	26	29	25	38	27	28	23	30	29	27	20	23	35	36	36	35	31	24	38	38	30	23	28	28	27	36	33	33	33	26	29	33	29	29	20	39	21	39	27	35	35	40	32	37	25	25	23	22	26	24	40	29	25	31	37	39	26	31	22	36	32	33	31	35	35	29	20	33	35	39	40	27	40	26	35	22	26	36	37	29	25	33	30	32	25	32	28	35	28	21	35	34	27	38	26	30	23	38	35	34	31	23	32	34	22	32	27	21	22	40	38	28	35	30	20	35	36	35	27	27	37	38	34	26	24	26	31	35	38	22	25	32	25	33	25	22	22	35	29	29	27	40	36	21	37	22	24	24	30	33	37	31	32	24	28	38	29	36	33	33	26	32	21	22	21	35	37	29	39	37	32	24	33	28	20	34	27	27	25	29	26	40	24	40	21	24	27	38	36	38	31	23	27	24	20	34	35	36	35	25	24	31	36	31	32	28	21	25	33	23	27	36	38	39	33	23	35	38	33	31	28	26	25	30	33	23	38	33	21	25	36	35	38	27	39	32	24	33	20	30	28	39	30	33	30	28	40	33	27	40	22	30	33	31	40	24	31	21	20	33	29	38	28	38	40	31	23	20	35	36	40	21	29	40	33	40	29	37	40	26	22	30	38	29	23	31	22	22	39	35	27	31	37	25	29	20	20	32	38	40	31	25	23	29	38	23	29	27	28	33	28	34	28	37	20	28	38	28	30	36	37	29	32	38	23	31	40	31	29	28	25	20	38	29	26	30	33	37	22	24	33	22	36	39	37	35	28	32	30	37	26	36	23	33	32	38	36	35	31	25	36	24	21	35	28	27	38	32	26	32	29	25	29	22	24	21	20	37	21	30	24	38	31	25	24	26	37	29	25	24	24	35	34	31	21	38	40	22	35	21	37	31	38	31	21	23	37	25	32	25	32	40	27	25	23	38	40	33	20	22	32	26	37	31	29	38	31	22	35	27	32	40	39	36	37	28	25	21	28	25	22	20	20	40	32	34	36	36	29	23	29	20	35	30	22	31	35	25	22	40	23	37	39	20	23	33	38	33	38	33	29	22	27	38	24	35	24	22	27	31	38	26	35	37	34	22	38	24	30	28	26	33	25	39	24	25	30	30	21	24	32	28	35	40	30	37	25	35	31	36	25	27	39	24	28	20	20	31	34	23	34	40	20	34	20	34	26	36	33	21	37	39	21	31	28	27	39	38	33	37	36	24	34	36	30	30	39	30	35	36	32	40	38	21	38	25	29	36	39	24	36	21	35	27	37	35	24	31	38	23	37	20	25	25	20	20	33	32	23	35	36	40	21	29	22	27	29	33	20	33	31	28	25	32	24	34	26	20	33	34	40	21	31	20	20	38	37	33	24	31	29	36	23	22	23	31	34	26	30	35	38	33	20	24	36	32	34	38	20	21	24	26	24	24	20	37	32	23	30	29	40	20	20	40	21	31	37	22	30	24	36	27	38	23	21	31	23	39	40	36	20	34	26	21	31	27	27	34	34	37	37	36	36	28	20	27	24	35	22	20	24	23	24	29	21	24	31	25	22	23	37	38	24	31	29	22	32	25	32	34	38	23	40	21	26	30	29	28	39	20	30	22	30	29	23	36	39	23	31	33	40	21	37	28	
48	16	20	37	28	22	46	22	50	33	44	13	19	16	49	12	47	13	10	27	49	13	16	13	24	43	31	44	41	22	50	17	16	16	14	29	16	37	24	26	11	40	25	35	25	49	23	14	27	23	45	48	39	32	48	39	34	14	32	12	32	33	43	37	24	17	10	29	48	50	32	17	20	45	13	16	35	28	47	20	46	21	47	37	40	11	19	28	41	43	44	33	43	42	44	14	11	48	39	50	25	33	11	15	16	46	37	12	21	39	45	18	18	26	32	18	34	28	50	20	18	13	16	38	30	37	43	11	33	42	15	42	35	48	48	34	47	15	44	20	31	40	31	32	16	23	12	21	25	48	39	27	12	44	46	26	14	24	45	50	13	47	19	25	49	37	34	24	34	23	34	45	46	35	11	41	36	30	35	26	29	35	34	32	35	19	14	42	42	50	22	39	48	49	23	13	10	29	24	46	43	36	27	46	30	32	15	28	18	32	39	48	18	29	15	24	20	16	18	44	37	39	22	41	27	14	41	37	26	22	32	41	37	49	20	25	37	26	22	13	10	16	24	44	38	35	12	25	22	43	38	36	31	20	26	28	47	30	46	37	17	38	22	31	38	38	13	15	33	25	41	11	25	37	28	17	30	49	23	47	46	14	23	17	21	49	30	22	32	12	43	35	50	16	17	39	12	30	25	45	40	24	10	19	36	35	22	32	40	47	37	32	33	26	10	32	28	41	33	13	44	48	13	13	36	12	13	44	44	41	15	48	21	31	18	11	16	32	22	46	41	48	11	10	29	26	30	39	17	34	15	14	39	12	37	23	19	24	42	28	36	19	12	35	42	32	35	49	10	27	40	30	38	26	16	35	48	20	40	10	34	43	48	15	50	42	20	15	46	15	50	23	32	18	13	47	16	12	29	31	34	16	42	49	22	27	32	24	13	45	20	48	29	15	14	38	30	44	44	20	18	33	37	31	48	36	41	25	47	39	29	22	28	36	49	33	21	50	25	21	29	36	50	22	40	38	26	23	44	24	14	42	20	25	31	11	15	30	20	12	19	39	24	10	38	22	17	21	26	50	25	50	28	30	37	17	47	36	23	24	16	21	34	39	27	39	32	18	28	45	11	50	36	16	43	42	28	10	28	28	42	42	12	27	47	15	20	41	47	47	45	31	40	48	30	25	10	38	50	31	21	38	14	36	12	50	45	42	12	40	20	34	42	13	34	47	36	15	30	48	31	36	47	25	49	12	30	20	26	29	21	41	29	25	17	25	19	16	18	48	12	44	32	19	31	21	30	41	32	18	13	37	36	41	10	28	17	10	15	47	37	41	46	20	45	33	49	40	14	41	33	16	35	41	12	16	23	12	39	39	18	21	41	30	45	27	14	22	29	30	34	46	18	48	43	41	31	28	19	28	19	10	46	11	12	16	31	37	41	32	18	33	38	47	30	40	29	41	49	27	18	46	33	48	31	16	31	33	44	26	14	13	38	41	39	44	39	38	46	21	49	16	20	26	25	36	10	16	26	39	29	25	49	14	35	34	32	13	19	28	47	45	48	47	46	19	18	25	39	39	46	42	11	24	20	17	43	34	11	21	18	18	17	38	34	13	36	50	45	46	17	49	12	19	13	40	47	21	45	48	25	50	29	30	32	39	30	10	38	15	31	27	28	25	21	15	38	40	35	11	32	30	43	25	46	37	34	12	31	23	36	20	22	34	15	15	34	48	16	44	10	17	19	24	44	25	19	42	26	37	22	22	18	22	25	29	20	44	47	18	37	43	20	47	25	40	36	12	42	27	40	11	37	28	44	33	14	15	42	36	19	25	25	14	38	17	13	33	41	16	40	49	37	25	29	26	16	32	16	10	10	36	27	23	42	22	23	37	35	42	15	10	23	26	35	18	44	13	27	37	39	30	33	11	44	28	19	13	41	38	26	21	43	17	30	11	16	45	18	48	21	21	42	27	44	20	39	15	30	16	23	43	21	43	26	33	33	37	20	37	41	34	46	46	32	48	15	38	37	46	36	24	36	40	28	36	30	22	45	19	21	32	33	42	41	30	48	21	17	47	20	40	11	15	42	38	23	46	12	43	46	39	16	19	45	14	22	18	10	29	25	18	20	18	12	25	30	18	14	39	42	16	10	10	26	21	26	45	30	48	10	18	48	21	38	46	28	31	36	18	17	47	34	35	34	10	33	35	45	14	29	28	39	21	37	35	40	16	14	41	26	27	39	25	25	30	41	22	32	15	37	44	13	32	44	10	11	15	33	22	48	25	16	49	33	38	31	21	26	46	18	38	25	23	15	36	15	31	33	42	21	36	12	18	13	40	13	38	30	39	21	49	14	46	39	12	19	12	39	33	48	28	44	25	32	41	50	40	39	21	42	46	27	27	33	44	31	50	19	36	33	39	16	25	46	43	13	42	19	42	11	18	29	48	33	35	29	28	10	11	21	14	49	15	47	35	48	30	23	46	44	50	23	10	27	43	19	23	49	17	40	41	17	32	23	23	23	30	12	30	16	29	25	50	20	21	11	39	15	39	19	14	43	36	16	18	23	44	37	13	15	39	13	49	37	14	37	40	44	40	13	23	16	48	47	34	17	36	25	31	44	11	34	43	15	49	24	33	22	10	22	29	31	31	42	29	45	26	43	22	12	16	28	44	40	35	37	22	38	40	44	22	43	50	15	16	23	29	13	48	34	43	40	28	44	34	43	21	23	10	23	41	30	11	39	40	36	43	32	20	31	25	50	45	10	46	42	12	31	39	45	40	18	11	12	46	45	27	38	38	32	36	23	19	23	46	10	25	11	46	14	16	27	44	17	29	49	30	30	37	12	19	45	16	43	18	36	17	31	25	32	28	38	46	15	14	12	22	46	48	18	42	20	25	22	46	30	48	42	33	35	47	12	33	25	32	36	28	33	12	22	48	38	39	29	10	47	13	26	42	20	14	14	35	41	43	47	44	13	40	11	18	28	48	21	28	32	35	48	47	28	35	27	46	40	34	37	34	18	21	33	13	37	19	47	24	41	28	50	28	39	20	36	16	24	37	20	18	17	41	38	39	25	12	24	42	33	21	18	24	15	46	44	32	19	12	47	12	34	26	29	11	31	17	25	17	38	20	14	34	15	36	11	27	37	29	45	47	39	27	34	45	11	42	34	47	23	48	12	41	25	43	46	33	36	14	47	26	32	36	34	48	33	27	22	40	39	34	14	12	24	19	41	26	11	49	15	29	30	42	22	41	28	35	26	16	25	30	19	40	21	16	29	50	19	20	26	19	34	43	33	39	42	10	30	41	46	40	26	43	45	31	25	34	17	40	32	23	13	41	44	32	20	31	27	13	21	13	23	28	47	42	11	29	33	22	39	29	23	11	15	46	32	32	10	42	45	32	19	12	23	11	48	24	41	46	28	48	42	10	32	37	49	47	36	43	36	36	16	11	14	43	21	41	14	32	16	13	45	39	18	37	10	10	18	47	49	26	10	46	25	18	21	37	38	15	46	13	23	42	32	43	24	17	42	11	28	37	23	44	22	37	27	28	30	44	17	32	27	50	22	47	14	25	50	18	36	32	32	21	17	12	34	31	26	23	48	27	33	11	29	42	31	22	26	27	22	37	12	10	19	42	45	46	15	47	37	26	15	46	32	28	31	18	31	49	25	48	16	28	48	35	32	20	45	32	45	37	24	36	13	35	40	31	34	10	20	38	10	49	23	41	34	35	22	23	34	17	43	24	39	38	32	32	12	41	46	23	18	16	27	29	37	47	23	41	21	35	23	37	42	28	31	35	29	44	12	26	41	50	37	41	33	37	22	48	49	12	21	19	
15
70
