1932
70
0	0	0	0	0	0	0	0	0	0	0	0	0	0	0	0	0	0	0	0	0	0	0	0	0	0	0	0	0	0	0	0	0	0	0	0	0	0	0	0	0	0	0	0	0	0	0	0	0	192	0	0	0	0	0	0	96	0	0	0	0	0	0	0	0	0	0	0	0	0	
0	0	0	0	0	0	0	0	0	0	0	0	0	0	0	0	0	48	0	0	0	0	0	0	0	0	0	0	0	0	0	96	0	0	0	0	0	0	0	0	0	0	0	0	0	0	0	0	0	0	0	0	0	0	0	0	0	0	0	0	0	0	0	0	0	0	500	0	0	0	
0	0	0	0	0	0	0	0	0	0	96	0	0	0	0	0	0	0	0	0	0	0	0	0	0	0	0	0	0	0	0	0	0	0	0	0	0	0	0	0	0	0	0	0	0	0	96	0	0	0	0	0	0	0	0	0	0	0	0	0	0	0	0	0	0	0	0	0	0	0	
0	0	0	0	0	0	0	0	0	0	0	0	0	0	0	0	0	0	0	0	0	0	0	48	0	0	0	0	0	0	0	0	0	0	0	0	0	0	0	0	0	0	0	0	48	0	0	0	96	0	0	0	0	0	0	0	0	192	0	0	0	0	0	0	0	0	0	0	0	0	
0	0	0	0	0	0	0	0	0	0	0	0	0	0	0	192	0	0	0	0	0	0	0	0	0	0	0	0	0	0	0	0	0	0	0	0	0	0	0	0	0	0	0	0	0	0	0	0	0	0	0	0	0	0	0	0	0	192	0	0	0	0	0	96	0	0	0	0	0	0	
0	0	0	0	0	0	0	0	0	0	0	0	0	0	0	0	0	0	0	0	0	0	0	0	0	0	0	0	0	0	0	0	0	0	0	48	500	0	0	0	0	0	0	0	0	0	0	0	0	0	0	0	0	0	500	0	0	0	0	0	0	0	0	0	0	0	0	0	0	192	
0	0	0	0	0	0	0	48	0	0	0	0	0	0	0	0	0	0	0	0	192	0	0	0	96	0	0	0	0	0	0	0	0	0	0	192	0	0	0	0	0	0	0	0	0	0	0	0	0	0	0	0	0	48	0	0	0	0	0	0	0	0	0	0	0	0	0	0	0	0	
0	0	0	0	0	0	48	0	0	0	0	0	0	0	0	0	0	0	0	0	96	0	0	0	0	0	0	0	0	0	0	0	0	0	0	0	0	0	0	0	0	0	0	0	0	0	0	0	0	0	0	0	0	96	0	0	0	0	0	0	0	0	0	0	0	0	0	0	0	0	
0	0	0	0	0	0	0	0	0	0	0	0	0	0	0	0	0	0	0	0	0	500	0	0	0	500	0	0	0	0	0	0	0	0	0	0	0	0	0	0	0	0	0	0	0	0	0	192	0	0	0	0	0	0	0	0	0	0	0	0	0	0	0	0	0	0	0	0	0	0	
0	0	0	0	0	0	0	0	0	0	0	0	0	0	0	0	0	0	0	0	0	0	0	0	0	0	0	0	0	0	0	0	0	0	500	0	0	0	0	0	0	0	0	0	0	0	192	0	0	0	0	0	0	0	0	0	0	0	0	0	0	0	0	0	500	0	0	0	0	0	
0	0	96	0	0	0	0	0	0	0	0	0	48	0	0	0	0	0	0	0	0	0	0	0	0	0	0	0	0	0	0	0	0	48	0	0	0	0	0	0	0	0	0	0	0	0	0	0	0	0	0	0	0	0	0	0	0	0	0	0	0	0	0	0	0	0	0	0	0	0	
0	0	0	0	0	0	0	0	0	0	0	0	0	0	0	0	0	0	0	0	0	0	500	0	0	0	0	0	0	0	0	0	0	0	96	0	0	0	0	0	0	0	0	0	0	0	0	0	0	0	0	0	0	0	0	0	0	0	0	0	0	0	0	0	500	0	0	0	0	0	
0	0	0	0	0	0	0	0	0	0	48	0	0	0	0	0	96	0	0	0	0	0	0	0	0	0	0	0	0	0	0	0	0	500	0	0	0	0	96	0	0	0	0	0	500	0	0	0	0	0	0	0	0	0	0	0	0	0	0	0	0	0	0	0	0	0	0	0	0	0	
0	0	0	0	0	0	0	0	0	0	0	0	0	0	0	96	0	0	0	500	0	0	0	0	0	0	0	0	0	0	0	0	0	0	0	0	0	0	0	0	0	0	0	0	0	0	0	0	0	0	0	0	0	0	0	0	0	0	0	0	0	0	0	0	0	0	0	0	0	0	
0	0	0	0	0	0	0	0	0	0	0	0	0	0	0	0	0	0	0	0	0	0	0	0	0	0	0	0	0	0	0	0	0	0	0	0	0	48	0	0	0	0	0	0	0	0	0	0	0	0	0	0	0	0	0	0	0	0	0	0	0	96	0	0	0	0	0	0	0	0	
0	0	0	0	192	0	0	0	0	0	0	0	0	96	0	0	0	0	0	48	0	0	0	0	0	0	0	0	0	0	0	0	0	0	0	0	0	0	0	0	0	0	0	0	0	0	0	0	0	0	0	0	0	0	0	0	0	0	0	0	0	0	0	0	0	0	0	0	0	0	
0	0	0	0	0	0	0	0	0	0	0	0	96	0	0	0	0	0	0	0	0	0	0	0	0	0	0	0	0	0	0	0	0	0	0	0	0	0	0	0	0	0	0	0	0	0	0	0	0	0	0	192	0	0	0	0	0	0	0	0	0	0	0	0	0	0	0	0	0	0	
0	48	0	0	0	0	0	0	0	0	0	0	0	0	0	0	0	0	0	0	0	0	0	0	0	0	0	0	0	0	0	500	0	0	0	0	0	0	0	0	0	0	0	0	0	0	0	0	0	0	0	0	0	0	0	192	0	0	0	0	0	0	0	0	0	0	0	0	0	0	
0	0	0	0	0	0	0	0	0	0	0	0	0	0	0	0	0	0	0	0	0	0	0	0	0	0	0	0	0	0	0	0	0	0	0	0	0	0	0	0	0	0	0	0	0	0	0	0	0	0	0	0	0	0	0	0	0	0	0	0	0	0	0	0	0	0	0	0	96	48	
0	0	0	0	0	0	0	0	0	0	0	0	0	500	0	48	0	0	0	0	0	0	0	0	0	0	0	0	0	0	0	0	0	0	0	0	0	0	0	0	0	0	0	0	0	0	0	0	0	0	0	0	0	0	0	0	0	0	0	0	0	0	0	0	0	0	0	0	0	0	
0	0	0	0	0	0	192	96	0	0	0	0	0	0	0	0	0	0	0	0	0	0	0	0	0	0	0	0	0	0	0	0	0	0	0	0	0	0	0	0	0	0	0	0	0	0	0	0	0	0	0	0	0	0	0	0	0	0	0	0	0	0	0	0	0	0	0	0	0	0	
0	0	0	0	0	0	0	0	500	0	0	0	0	0	0	0	0	0	0	0	0	0	0	0	0	500	0	0	0	0	0	0	0	0	0	0	0	0	0	0	0	0	0	0	0	0	0	0	0	0	0	0	0	0	0	0	0	0	0	0	0	0	0	0	0	0	0	0	0	0	
0	0	0	0	0	0	0	0	0	0	0	500	0	0	0	0	0	0	0	0	0	0	0	0	0	0	0	0	0	0	0	0	0	0	0	0	0	0	0	0	0	0	0	0	0	0	0	0	0	0	0	0	0	0	0	0	0	0	0	0	0	0	0	0	48	0	0	0	0	0	
0	0	0	48	0	0	0	0	0	0	0	0	0	0	0	0	0	0	0	0	0	0	0	0	0	0	0	0	0	0	0	0	0	0	0	0	0	0	500	0	0	0	0	0	500	0	0	0	96	0	0	0	0	0	0	0	0	192	0	0	0	0	0	0	0	0	0	0	0	0	
0	0	0	0	0	0	96	0	0	0	0	0	0	0	0	0	0	0	0	0	0	0	0	0	0	0	0	0	0	0	0	0	0	0	0	0	0	0	0	48	0	0	0	0	0	0	0	0	0	0	0	0	0	0	0	0	0	0	0	0	0	0	0	0	0	0	0	0	0	0	
0	0	0	0	0	0	0	0	500	0	0	0	0	0	0	0	0	0	0	0	0	500	0	0	0	0	0	0	0	0	0	0	0	0	0	0	0	0	0	0	0	0	0	0	0	0	0	0	0	0	0	0	0	0	0	0	0	0	0	0	0	0	0	0	0	0	0	0	0	0	
0	0	0	0	0	0	0	0	0	0	0	0	0	0	0	0	0	0	0	0	0	0	0	0	0	0	0	0	0	0	0	0	0	0	0	0	0	0	0	0	0	0	0	0	0	0	0	0	0	0	0	0	0	0	0	0	0	0	0	0	0	500	0	0	0	0	500	0	0	0	
0	0	0	0	0	0	0	0	0	0	0	0	0	0	0	0	0	0	0	0	0	0	0	0	0	0	0	0	0	0	0	0	0	96	0	0	0	0	0	0	48	0	0	0	192	0	0	0	0	0	0	0	0	0	0	0	0	0	0	0	0	0	0	0	0	0	0	0	0	0	
0	0	0	0	0	0	0	0	0	0	0	0	0	0	0	0	0	0	0	0	0	0	0	0	0	0	0	0	0	0	500	0	500	0	0	0	0	0	0	0	0	0	0	0	0	0	0	0	0	0	0	0	0	0	0	0	0	0	0	0	0	0	0	0	0	0	0	0	0	0	
0	0	0	0	0	0	0	0	0	0	0	0	0	0	0	0	0	0	0	0	0	0	0	0	0	0	0	0	0	0	0	0	0	0	0	0	0	0	0	0	0	0	192	0	0	192	0	0	0	0	0	0	0	0	48	0	0	0	0	0	0	0	0	0	500	0	0	0	96	0	
0	0	0	0	0	0	0	0	0	0	0	0	0	0	0	0	0	0	0	0	0	0	0	0	0	0	0	0	500	0	0	0	500	0	0	0	0	0	0	0	0	48	0	0	0	0	0	0	0	0	0	0	0	0	0	0	0	0	192	0	0	0	0	0	0	0	0	0	0	0	
0	96	0	0	0	0	0	0	0	0	0	0	0	0	0	0	0	500	0	0	0	0	0	0	0	0	0	0	0	0	0	0	0	0	0	0	0	0	0	0	0	0	0	0	0	0	0	0	0	0	0	0	0	0	0	0	96	0	0	0	0	0	0	0	0	0	0	0	0	0	
0	0	0	0	0	0	0	0	0	0	0	0	0	0	0	0	0	0	0	0	0	0	0	0	0	0	0	0	500	0	500	0	0	0	0	0	0	0	0	0	0	48	0	0	0	0	0	0	0	0	0	0	0	0	0	0	0	0	0	0	0	0	0	0	0	0	0	0	0	0	
0	0	0	0	0	0	0	0	0	0	48	0	500	0	0	0	0	0	0	0	0	0	0	0	0	0	0	96	0	0	0	0	0	0	0	0	0	0	500	0	48	0	0	0	0	0	0	0	0	0	0	0	0	0	0	0	0	0	0	0	0	0	0	0	0	0	0	0	0	0	
0	0	0	0	0	0	0	0	0	500	0	96	0	0	0	0	0	0	0	0	0	0	0	0	0	0	0	0	0	0	0	0	0	0	0	0	0	0	0	0	0	0	0	0	0	0	500	0	0	0	0	192	0	0	0	0	0	0	0	0	0	0	0	0	500	0	0	0	0	0	
0	0	0	0	0	48	192	0	0	0	0	0	0	0	0	0	0	0	0	0	0	0	0	0	0	0	0	0	0	0	0	0	0	0	0	0	0	0	0	0	0	0	0	0	0	0	0	0	0	0	0	0	0	0	0	0	0	0	0	0	0	0	0	0	0	0	0	0	0	0	
0	0	0	0	0	500	0	0	0	0	0	0	0	0	0	0	0	0	0	0	0	0	0	0	0	0	0	0	0	0	0	0	0	0	0	0	0	0	0	0	0	0	0	0	0	0	0	0	0	0	0	0	96	0	0	0	0	0	0	0	96	0	0	0	0	500	0	96	0	0	
0	0	0	0	0	0	0	0	0	0	0	0	0	0	48	0	0	0	0	0	0	0	0	0	0	0	0	0	0	0	0	0	0	0	0	0	0	0	0	0	0	0	0	0	0	0	0	0	0	0	0	0	0	0	0	192	0	0	0	0	0	0	0	0	0	0	0	0	0	0	
0	0	0	0	0	0	0	0	0	0	0	0	96	0	0	0	0	0	0	0	0	0	0	500	0	0	0	0	0	0	0	0	0	500	0	0	0	0	0	0	0	0	0	0	0	0	0	0	0	0	0	0	0	0	0	0	0	0	0	0	0	0	0	0	0	0	0	0	0	0	
0	0	0	0	0	0	0	0	0	0	0	0	0	0	0	0	0	0	0	0	0	0	0	0	48	0	0	0	0	0	0	0	0	0	0	0	0	0	0	0	0	0	0	0	0	0	0	0	0	0	0	0	0	0	0	192	0	0	0	0	0	0	0	0	0	0	0	0	0	0	
0	0	0	0	0	0	0	0	0	0	0	0	0	0	0	0	0	0	0	0	0	0	0	0	0	0	0	48	0	0	0	0	0	48	0	0	0	0	0	0	0	0	0	0	192	0	0	0	500	0	0	0	0	0	0	0	0	0	0	0	0	0	0	0	0	0	0	0	0	0	
0	0	0	0	0	0	0	0	0	0	0	0	0	0	0	0	0	0	0	0	0	0	0	0	0	0	0	0	0	0	48	0	48	0	0	0	0	0	0	0	0	0	0	0	0	0	0	0	0	0	0	0	0	0	0	0	0	0	0	0	0	0	0	0	0	0	0	0	0	0	
0	0	0	0	0	0	0	0	0	0	0	0	0	0	0	0	0	0	0	0	0	0	0	0	0	0	0	0	0	192	0	0	0	0	0	0	0	0	0	0	0	0	0	500	0	0	0	0	0	0	0	0	192	0	0	0	0	0	0	0	0	0	0	0	0	0	0	0	0	0	
0	0	0	0	0	0	0	0	0	0	0	0	0	0	0	0	0	0	0	0	0	0	0	0	0	0	0	0	0	0	0	0	0	0	0	0	0	0	0	0	0	0	500	0	0	0	0	0	0	0	500	0	0	0	0	0	0	0	0	192	192	0	0	0	0	0	0	192	0	0	
0	0	0	48	0	0	0	0	0	0	0	0	500	0	0	0	0	0	0	0	0	0	0	500	0	0	0	192	0	0	0	0	0	0	0	0	0	0	0	0	192	0	0	0	0	0	0	0	0	0	0	0	0	0	0	0	0	0	0	0	0	0	0	0	0	0	0	0	0	0	
0	0	0	0	0	0	0	0	0	0	0	0	0	0	0	0	0	0	0	0	0	0	0	0	0	0	0	0	0	192	0	0	0	0	0	0	0	0	0	0	0	0	0	0	0	0	0	0	0	0	0	0	0	0	0	0	0	0	0	500	0	0	0	0	0	500	0	48	0	0	
0	0	96	0	0	0	0	0	0	192	0	0	0	0	0	0	0	0	0	0	0	0	0	0	0	0	0	0	0	0	0	0	0	0	500	0	0	0	0	0	0	0	0	0	0	0	0	0	0	0	0	0	0	0	0	0	0	0	0	0	0	0	0	0	0	0	0	0	0	0	
0	0	0	0	0	0	0	0	192	0	0	0	0	0	0	0	0	0	0	0	0	0	0	0	0	0	0	0	0	0	0	0	0	0	0	0	0	0	0	0	0	0	0	0	0	0	0	0	0	48	0	0	0	0	0	0	0	0	0	0	0	0	48	0	0	0	0	0	0	0	
0	0	0	96	0	0	0	0	0	0	0	0	0	0	0	0	0	0	0	0	0	0	0	96	0	0	0	0	0	0	0	0	0	0	0	0	0	0	0	0	500	0	0	0	0	0	0	0	0	0	0	0	0	0	0	0	0	96	0	0	0	0	0	96	0	0	0	0	0	0	
192	0	0	0	0	0	0	0	0	0	0	0	0	0	0	0	0	0	0	0	0	0	0	0	0	0	0	0	0	0	0	0	0	0	0	0	0	0	0	0	0	0	0	0	0	0	0	48	0	0	0	0	0	0	0	0	0	0	0	0	0	0	0	0	0	0	0	0	0	0	
0	0	0	0	0	0	0	0	0	0	0	0	0	0	0	0	0	0	0	0	0	0	0	0	0	0	0	0	0	0	0	0	0	0	0	0	0	0	0	0	0	0	0	500	0	0	0	0	0	0	0	0	0	0	0	0	0	0	0	500	0	0	0	0	0	0	0	0	0	0	
0	0	0	0	0	0	0	0	0	0	0	0	0	0	0	0	192	0	0	0	0	0	0	0	0	0	0	0	0	0	0	0	0	0	192	0	0	0	0	0	0	0	0	0	0	0	0	0	0	0	0	0	0	0	0	0	0	0	0	0	0	0	0	0	0	0	0	0	0	0	
0	0	0	0	0	0	0	0	0	0	0	0	0	0	0	0	0	0	0	0	0	0	0	0	0	0	0	0	0	0	0	0	0	0	0	0	96	0	0	0	0	0	192	0	0	0	0	0	0	0	0	0	0	0	0	0	0	0	0	0	0	0	0	0	0	0	0	0	0	0	
0	0	0	0	0	0	48	96	0	0	0	0	0	0	0	0	0	0	0	0	0	0	0	0	0	0	0	0	0	0	0	0	0	0	0	0	0	0	0	0	0	0	0	0	0	0	0	0	0	0	0	0	0	0	0	0	0	0	0	0	0	0	0	0	0	0	0	0	0	0	
0	0	0	0	0	500	0	0	0	0	0	0	0	0	0	0	0	0	0	0	0	0	0	0	0	0	0	0	0	48	0	0	0	0	0	0	0	0	0	0	0	0	0	0	0	0	0	0	0	0	0	0	0	0	0	0	0	0	0	0	0	0	0	0	0	0	0	0	0	0	
0	0	0	0	0	0	0	0	0	0	0	0	0	0	0	0	0	192	0	0	0	0	0	0	0	0	0	0	0	0	0	0	0	0	0	0	0	192	0	192	0	0	0	0	0	0	0	0	0	0	0	0	0	0	0	0	0	0	0	0	0	0	0	0	0	0	0	0	0	0	
96	0	0	0	0	0	0	0	0	0	0	0	0	0	0	0	0	0	0	0	0	0	0	0	0	0	0	0	0	0	0	96	0	0	0	0	0	0	0	0	0	0	0	0	0	0	0	0	0	0	0	0	0	0	0	0	0	0	0	0	0	0	0	0	0	0	0	0	0	0	
0	0	0	192	192	0	0	0	0	0	0	0	0	0	0	0	0	0	0	0	0	0	0	192	0	0	0	0	0	0	0	0	0	0	0	0	0	0	0	0	0	0	0	0	0	0	0	0	96	0	0	0	0	0	0	0	0	0	192	0	0	0	0	0	0	0	0	0	0	0	
0	0	0	0	0	0	0	0	0	0	0	0	0	0	0	0	0	0	0	0	0	0	0	0	0	0	0	0	0	0	192	0	0	0	0	0	0	0	0	0	0	0	0	0	0	0	0	0	0	0	0	0	0	0	0	0	0	192	0	0	0	0	500	0	0	96	0	0	0	0	
0	0	0	0	0	0	0	0	0	0	0	0	0	0	0	0	0	0	0	0	0	0	0	0	0	0	0	0	0	0	0	0	0	0	0	0	0	0	0	0	0	0	0	192	0	500	0	0	0	0	500	0	0	0	0	0	0	0	0	0	0	0	0	0	0	0	0	0	0	0	
0	0	0	0	0	0	0	0	0	0	0	0	0	0	0	0	0	0	0	0	0	0	0	0	0	0	0	0	0	0	0	0	0	0	0	0	96	0	0	0	0	0	0	192	0	0	0	0	0	0	0	0	0	0	0	0	0	0	0	0	0	0	0	0	0	0	0	0	0	0	
0	0	0	0	0	0	0	0	0	0	0	0	0	0	96	0	0	0	0	0	0	0	0	0	0	0	500	0	0	0	0	0	0	0	0	0	0	0	0	0	0	0	0	0	0	0	0	0	0	0	0	0	0	0	0	0	0	0	0	0	0	0	0	0	0	0	0	0	0	0	
0	0	0	0	0	0	0	0	0	0	0	0	0	0	0	0	0	0	0	0	0	0	0	0	0	0	0	0	0	0	0	0	0	0	0	0	0	0	0	0	0	0	0	0	0	0	0	48	0	0	0	0	0	0	0	0	0	0	500	0	0	0	0	0	0	48	0	0	0	0	
0	0	0	0	96	0	0	0	0	0	0	0	0	0	0	0	0	0	0	0	0	0	0	0	0	0	0	0	0	0	0	0	0	0	0	0	0	0	0	0	0	0	0	0	0	0	0	0	96	0	0	0	0	0	0	0	0	0	0	0	0	0	0	0	0	0	0	0	0	0	
0	0	0	0	0	0	0	0	0	500	0	500	0	0	0	0	0	0	0	0	0	0	48	0	0	0	0	0	0	500	0	0	0	0	500	0	0	0	0	0	0	0	0	0	0	0	0	0	0	0	0	0	0	0	0	0	0	0	0	0	0	0	0	0	0	0	0	0	0	0	
0	0	0	0	0	0	0	0	0	0	0	0	0	0	0	0	0	0	0	0	0	0	0	0	0	0	0	0	0	0	0	0	0	0	0	0	500	0	0	0	0	0	0	0	0	500	0	0	0	0	0	0	0	0	0	0	0	0	96	0	0	0	48	0	0	0	0	96	0	0	
0	500	0	0	0	0	0	0	0	0	0	0	0	0	0	0	0	0	0	0	0	0	0	0	0	0	500	0	0	0	0	0	0	0	0	0	0	0	0	0	0	0	0	0	0	0	0	0	0	0	0	0	0	0	0	0	0	0	0	0	0	0	0	0	0	0	0	0	0	0	
0	0	0	0	0	0	0	0	0	0	0	0	0	0	0	0	0	0	0	0	0	0	0	0	0	0	0	0	0	0	0	0	0	0	0	0	96	0	0	0	0	0	0	192	0	48	0	0	0	0	0	0	0	0	0	0	0	0	0	0	0	0	0	0	0	96	0	0	0	0	
0	0	0	0	0	0	0	0	0	0	0	0	0	0	0	0	0	0	96	0	0	0	0	0	0	0	0	0	0	96	0	0	0	0	0	0	0	0	0	0	0	0	0	0	0	0	0	0	0	0	0	0	0	0	0	0	0	0	0	0	0	0	0	0	0	0	0	0	0	0	
0	0	0	0	0	192	0	0	0	0	0	0	0	0	0	0	0	0	48	0	0	0	0	0	0	0	0	0	0	0	0	0	0	0	0	0	0	0	0	0	0	0	0	0	0	0	0	0	0	0	0	0	0	0	0	0	0	0	0	0	0	0	0	0	0	0	0	0	0	0	
31	12	19	30	49	54	69	29	40	15	53	28	65	60	18	32	55	7	18	8	10	23	44	15	56	30	55	23	57	0	19	53	13	3	55	58	67	37	34	51	59	61	34	41	11	7	38	22	48	61	17	53	37	57	67	43	44	37	59	37	9	59	42	2	66	57	60	19	23	46	67	55	69	32	7	29	25	44	3	37	9	61	41	48	51	42	63	57	69	54	24	44	3	19	53	43	2	4	52	11	15	25	48	52	22	38	58	21	61	65	9	11	47	24	29	7	4	18	59	8	4	45	54	55	67	36	10	66	61	62	49	54	59	69	64	62	10	25	13	27	0	23	12	42	29	44	1	27	66	0	63	56	29	32	19	30	14	64	7	11	38	44	16	28	43	63	9	50	47	9	20	14	3	65	30	18	61	68	52	65	33	6	32	20	9	25	15	66	68	58	64	56	35	46	39	23	61	21	41	22	23	22	28	57	32	7	19	29	19	56	67	65	13	67	0	50	35	54	67	27	49	32	65	1	3	21	67	67	63	39	29	13	30	2	10	58	22	20	59	17	55	17	58	53	20	51	48	35	7	5	55	19	50	19	38	7	34	55	56	40	65	7	17	34	20	59	28	14	11	49	44	18	68	61	58	51	6	68	60	3	69	32	4	61	13	27	61	33	10	31	24	32	17	4	6	53	8	61	64	40	12	50	62	44	65	49	22	7	63	56	55	28	43	21	2	35	39	26	22	27	23	45	59	2	29	55	30	3	22	40	48	6	49	46	61	53	4	27	24	21	3	39	52	15	12	56	67	30	10	16	15	19	17	50	56	30	35	50	37	52	7	4	7	3	3	52	5	56	48	66	35	34	66	41	21	36	5	31	23	4	11	37	60	19	29	62	31	67	58	69	44	17	1	55	46	60	36	24	36	21	18	50	64	3	48	16	35	58	46	30	20	39	62	36	42	49	67	34	65	9	59	2	17	60	2	7	25	47	37	55	56	29	50	12	61	28	57	57	51	23	7	1	14	31	54	35	48	3	28	62	60	8	58	6	35	60	56	16	50	1	14	20	5	30	51	44	67	49	29	34	23	21	60	52	23	53	9	51	36	27	58	29	18	22	1	44	54	36	29	36	5	5	66	15	49	52	36	15	13	18	2	56	40	19	16	45	11	3	12	38	22	15	47	13	44	63	56	52	30	18	13	21	42	7	5	0	66	45	17	28	67	31	52	61	58	19	28	18	58	40	21	12	26	59	17	54	22	19	29	55	42	17	38	57	53	44	0	55	12	37	26	27	44	40	7	11	34	58	50	59	50	36	51	13	2	29	52	19	25	50	10	16	56	60	57	28	49	51	59	63	45	40	13	37	39	2	13	54	38	8	41	42	5	27	54	49	48	33	49	12	25	44	31	19	19	29	12	28	57	62	1	55	60	4	1	20	64	68	30	20	51	37	22	63	18	25	61	67	40	11	16	56	40	21	42	20	27	21	4	11	39	20	58	49	57	35	13	47	12	58	18	57	68	26	9	12	47	57	22	35	6	54	52	19	10	63	59	33	20	48	47	63	69	16	41	60	1	67	61	24	40	60	53	57	59	63	30	39	39	67	22	32	33	59	31	64	40	67	32	21	31	67	23	68	39	14	44	49	58	4	36	22	28	26	25	36	43	37	31	26	12	20	13	12	68	28	61	15	6	43	63	63	2	30	32	50	39	27	18	34	28	52	23	65	63	53	26	9	39	38	33	7	54	60	25	7	69	69	8	35	67	12	24	49	36	34	26	33	15	6	54	38	15	45	58	54	38	12	8	10	63	8	65	67	67	21	3	25	52	52	34	62	47	10	9	67	11	20	19	33	2	47	28	6	29	65	8	65	35	11	63	54	2	54	11	11	53	47	37	20	53	7	36	57	26	41	46	7	15	18	33	4	11	31	47	42	34	62	36	45	17	60	65	25	22	46	15	13	38	25	18	25	10	14	22	38	22	1	11	18	3	47	29	40	4	49	47	13	40	64	38	26	63	41	52	17	2	5	55	17	48	55	30	54	21	41	13	28	8	42	2	63	65	56	19	17	63	49	57	28	3	13	21	33	69	42	30	54	36	37	58	49	39	0	26	54	32	36	39	51	54	60	27	24	16	5	26	37	64	60	31	27	19	15	8	10	44	31	29	12	65	14	61	61	21	44	34	57	1	13	52	61	47	59	52	51	22	45	10	46	51	33	60	32	36	12	27	52	13	19	1	47	62	27	10	63	28	51	69	1	22	68	4	3	21	67	31	34	23	2	55	60	24	56	18	7	10	24	32	44	4	25	30	59	27	24	3	23	0	57	13	66	45	12	49	35	56	42	38	68	44	19	51	41	18	10	4	29	29	17	35	0	34	9	14	47	57	42	56	29	32	3	29	50	9	14	68	56	30	4	43	30	43	64	4	5	52	64	42	51	41	64	67	15	58	51	29	53	47	15	50	25	20	59	5	56	25	14	23	4	48	35	58	12	37	16	22	38	10	18	13	37	10	55	11	35	26	49	27	22	5	49	6	45	35	34	26	28	35	42	5	50	56	32	37	40	52	34	57	40	44	49	1	64	16	17	11	31	25	13	46	40	28	17	26	33	41	10	44	53	63	46	28	64	3	5	8	66	36	62	46	19	46	22	35	31	15	40	44	9	10	35	22	69	64	15	53	7	56	23	12	23	59	56	52	7	55	53	49	29	14	65	25	69	28	41	69	10	33	66	47	64	9	2	55	55	0	64	38	67	36	23	20	32	47	4	21	35	20	56	56	40	6	63	9	4	22	57	46	40	10	61	40	2	39	11	19	14	0	52	5	21	69	29	29	18	47	6	27	39	65	34	45	35	29	5	20	50	47	21	66	66	51	37	54	66	47	68	14	56	13	53	52	31	41	55	45	13	13	2	30	29	4	7	36	40	47	45	18	29	60	21	10	36	40	22	34	68	69	67	62	41	50	42	55	53	40	66	37	34	35	14	51	36	50	3	53	15	0	8	9	27	69	8	34	51	50	36	0	17	44	30	45	8	11	21	27	31	14	4	17	41	68	68	36	14	43	34	54	47	61	53	31	68	32	11	27	56	53	21	62	15	60	46	39	37	47	27	13	61	67	37	8	51	59	37	6	40	47	66	47	13	24	54	28	28	43	48	2	69	59	13	6	17	18	56	20	19	45	64	13	25	69	53	32	10	28	20	53	16	34	41	60	13	0	46	22	1	59	0	61	50	24	32	11	37	62	36	64	40	21	37	55	19	46	55	41	20	7	35	67	19	23	57	55	64	7	32	36	20	21	28	7	25	36	28	22	30	7	58	61	54	2	18	23	65	15	11	58	27	16	42	0	3	30	56	36	43	55	50	20	21	31	18	18	1	59	13	59	13	26	4	25	7	6	44	16	33	12	2	41	55	63	59	68	62	4	67	43	50	37	49	5	37	31	61	21	9	25	23	13	16	53	48	48	1	60	57	47	23	46	64	67	51	52	30	28	9	49	46	10	41	43	49	67	6	53	30	56	5	46	0	39	56	59	64	28	60	40	7	62	61	3	61	26	45	53	59	44	10	35	6	46	22	28	69	26	38	39	29	4	66	54	42	25	17	53	9	33	52	43	63	27	21	41	29	11	54	32	12	51	10	58	37	18	26	2	61	52	9	21	9	19	21	21	29	48	56	63	42	31	1	18	41	28	69	54	57	42	24	5	1	17	25	5	35	32	8	69	52	11	5	10	53	52	28	27	51	7	63	36	45	44	16	59	16	8	17	52	19	2	57	0	32	26	24	32	12	26	52	36	61	11	50	41	47	65	32	28	66	62	55	67	36	16	29	45	24	4	23	53	20	53	37	26	69	30	17	18	58	28	44	63	40	58	20	52	20	1	56	42	16	11	48	36	37	39	1	64	15	32	48	29	2	8	42	46	47	59	27	67	61	0	6	35	8	51	25	1	55	30	48	25	7	30	13	38	13	3	26	11	10	35	29	52	55	27	43	10	3	56	8	41	41	16	25	48	63	64	3	52	30	25	47	65	42	64	18	20	37	62	50	42	27	50	8	8	67	63	38	12	25	45	45	52	18	38	56	42	14	58	48	15	52	18	60	48	19	66	34	10	69	36	27	28	17	23	53	63	65	60	68	2	65	47	32	49	12	16	51	50	23	63	36	46	56	22	43	62	19	56	0	33	65	8	43	4	8	36	66	33	55	57	9	66	9	14	62	40	51	36	36	14	39	15	7	40	6	59	18	55	8	57	16	20	47	2	68	56	20	51	61	6	2	58	25	22	3	46	3	60	7	64	25	37	19	14	31	8	63	10	3	61	60	30	21	15	33	47	32	1	4	27	56	61	66	24	62	26	19	9	19	57	57	38	51	59	47	12	8	44	38	
57	4	47	51	63	58	39	7	32	8	38	18	63	18	12	52	29	19	16	17	21	44	68	8	63	43	46	44	29	52	50	53	68	34	67	47	61	50	33	3	11	12	23	36	14	54	11	50	52	31	24	67	22	25	4	32	48	47	21	16	66	52	29	15	15	67	65	24	25	59	47	0	35	5	54	65	39	9	30	11	22	6	69	69	64	56	31	31	2	9	28	40	45	22	18	55	36	46	27	0	35	21	21	23	29	55	52	29	4	45	6	7	67	28	19	31	11	66	9	24	69	3	14	38	38	36	42	33	1	33	29	38	27	12	16	6	7	44	25	8	52	20	9	40	59	42	14	34	7	8	24	11	59	29	49	22	42	24	32	15	55	41	19	10	4	22	39	12	34	24	50	12	55	2	39	58	2	36	62	65	64	10	68	57	30	29	64	62	0	61	48	18	63	5	57	65	31	2	30	51	51	17	59	43	9	5	42	63	40	17	23	8	38	17	10	41	57	3	3	30	54	12	38	35	27	65	13	57	60	14	66	63	64	29	59	25	65	27	18	42	37	69	45	68	3	19	66	25	18	17	61	58	7	17	0	0	23	24	25	58	7	1	6	42	6	50	50	46	11	4	36	19	67	50	66	37	41	39	27	13	42	24	52	18	57	18	5	0	53	11	41	15	26	31	62	68	12	16	39	38	60	12	44	59	64	37	8	66	16	3	41	21	1	15	38	50	7	15	0	36	53	42	59	64	57	40	38	3	26	10	28	65	14	50	25	32	40	26	27	15	64	50	38	44	39	2	36	26	69	12	53	26	33	52	11	66	20	41	68	66	51	40	24	5	17	60	3	2	53	32	45	27	49	47	34	23	20	55	36	16	38	17	25	65	52	31	35	39	3	26	19	43	20	25	26	62	64	41	40	57	52	53	16	42	61	68	21	28	19	30	47	24	67	27	57	14	61	8	9	46	4	0	38	21	17	57	52	44	29	69	4	51	35	25	64	63	19	58	69	63	38	21	7	58	10	55	23	1	54	37	1	21	25	47	57	64	29	56	23	7	55	10	51	57	5	25	3	12	3	8	62	66	12	8	57	44	12	31	2	50	37	53	21	43	2	33	12	34	67	28	17	31	68	2	24	21	36	49	27	56	10	0	55	32	15	23	1	60	8	29	49	17	20	7	59	52	16	18	53	19	67	57	41	64	18	59	11	8	0	42	12	41	60	33	62	42	51	46	34	48	8	57	46	43	0	23	63	41	62	15	31	13	40	63	27	22	32	39	11	20	41	10	36	48	1	44	22	34	54	22	40	0	9	41	56	67	60	52	31	14	6	24	31	26	51	68	44	63	54	18	32	5	15	13	21	15	55	45	67	11	37	36	12	68	23	67	18	23	54	21	43	58	68	58	55	52	36	62	38	41	25	2	12	27	66	66	53	7	24	27	65	46	64	68	26	50	47	62	8	52	66	0	27	19	36	45	31	38	68	51	8	36	3	67	21	18	66	33	62	34	36	67	24	69	8	2	21	12	13	31	27	23	20	2	54	62	60	61	47	50	18	49	26	50	69	1	59	58	19	53	48	37	33	37	22	14	67	44	67	32	4	52	22	10	0	32	1	35	6	34	24	19	32	54	29	23	19	20	63	10	61	62	19	8	27	6	51	37	59	62	24	44	25	59	45	14	8	12	6	25	8	47	39	33	27	64	24	27	4	60	35	14	64	4	53	28	14	51	57	63	34	60	49	48	8	44	44	44	49	25	1	26	10	38	40	24	30	31	5	64	20	50	60	11	31	10	10	29	68	36	40	25	21	38	0	64	20	27	25	34	50	7	62	47	14	66	9	48	23	7	57	66	1	10	68	3	38	22	37	22	53	30	9	1	6	0	18	6	3	8	51	46	21	33	51	22	18	13	34	61	33	14	40	35	20	63	51	0	18	39	66	69	43	40	32	65	64	31	33	26	32	62	69	38	38	33	44	22	40	9	52	57	47	50	31	59	21	21	33	66	37	67	34	41	50	8	40	15	67	52	0	0	39	46	7	57	33	12	51	65	0	67	62	46	9	43	32	62	69	22	5	63	45	50	11	18	8	65	49	56	19	13	41	56	29	46	14	58	11	37	8	66	49	47	66	21	54	14	50	54	36	2	47	10	30	49	5	65	45	24	51	59	64	38	25	62	69	50	21	37	47	62	41	37	50	24	0	2	61	17	15	29	58	29	18	47	12	6	16	58	49	5	62	32	67	7	38	30	37	12	34	3	3	6	32	57	17	4	14	52	20	3	4	5	68	39	66	29	57	60	60	54	8	31	4	40	22	60	3	30	0	68	46	27	33	14	53	58	6	55	37	41	12	40	19	46	18	46	51	36	21	7	51	2	66	31	33	24	12	61	4	58	32	8	12	43	53	32	32	42	31	59	68	41	40	56	67	22	27	40	59	8	64	1	13	42	25	9	9	54	49	18	34	68	68	47	62	52	14	49	49	18	32	67	55	54	40	3	15	67	53	43	20	9	50	33	16	37	29	42	2	2	51	67	39	40	40	58	65	1	53	9	32	52	7	33	66	20	15	3	67	67	14	45	65	57	36	45	60	67	12	59	29	0	30	13	11	69	31	33	22	18	32	49	61	13	28	16	33	3	46	8	36	8	61	52	2	68	44	36	5	57	40	2	10	67	69	57	37	16	38	54	9	49	35	45	2	51	31	30	25	20	53	16	46	32	60	0	48	61	7	12	7	15	56	2	24	58	22	1	37	9	63	59	35	20	56	64	59	19	26	11	65	5	47	25	42	17	14	36	55	36	53	49	58	14	62	11	9	43	26	63	28	2	41	44	31	10	31	41	44	7	11	27	69	21	39	49	26	35	67	24	31	66	0	14	34	64	63	20	35	42	31	37	10	61	55	17	65	28	40	46	13	0	66	13	43	8	27	16	5	10	5	41	62	13	46	51	5	36	63	33	32	47	41	63	62	46	37	53	15	0	18	22	50	24	49	47	5	46	14	10	57	30	57	15	0	35	55	19	41	54	66	65	24	61	52	67	34	39	54	17	11	5	32	36	17	64	33	56	16	67	11	21	33	19	3	22	54	48	39	64	10	59	6	45	65	25	69	3	13	40	40	49	0	52	22	26	60	62	29	54	21	65	16	1	13	57	2	68	40	62	2	52	60	69	27	47	23	17	24	69	7	61	16	21	45	67	64	67	48	27	43	47	14	58	40	2	12	68	50	11	11	18	10	60	51	9	1	8	47	24	0	1	8	24	38	3	20	50	12	17	44	23	7	24	1	40	8	54	21	0	10	5	53	56	5	14	53	19	56	59	3	3	1	5	25	11	41	61	58	21	19	29	54	59	59	1	62	20	66	69	50	65	36	56	34	47	61	69	12	32	2	18	32	8	23	18	64	30	46	9	36	43	20	41	26	7	69	53	56	10	23	61	36	55	45	14	16	55	41	5	60	66	45	8	2	59	8	47	64	7	39	46	22	47	17	42	20	8	43	38	68	3	6	35	41	34	57	41	7	12	21	54	3	46	49	44	53	16	23	18	17	20	33	37	25	53	8	45	46	56	53	40	22	9	21	69	18	28	6	57	14	6	4	5	43	50	26	60	45	14	8	17	10	3	32	60	46	54	11	58	40	28	35	57	56	22	9	12	31	23	27	68	39	31	56	64	56	3	50	55	64	2	38	48	41	26	41	49	13	51	24	8	4	60	53	16	48	60	43	26	9	29	56	18	27	27	57	28	42	63	39	36	32	42	47	33	41	31	62	12	5	64	49	40	6	21	59	3	5	55	59	39	38	56	34	46	32	67	3	43	1	15	21	15	35	6	39	54	26	26	30	15	39	8	21	30	64	53	48	23	58	9	60	57	39	28	27	16	8	11	38	53	11	7	54	53	65	34	10	41	59	69	20	4	27	40	15	37	28	17	23	66	7	64	49	8	38	25	47	5	25	2	26	49	10	34	2	25	7	67	51	14	6	44	34	46	56	16	33	5	56	65	60	14	68	19	32	38	18	57	27	11	5	58	49	35	68	52	17	67	53	30	8	26	16	9	15	68	65	22	19	1	6	66	21	4	33	10	4	21	56	48	35	40	33	33	25	26	45	48	33	54	2	9	42	22	27	42	21	16	52	54	29	41	20	6	52	36	41	54	54	17	30	8	20	28	41	69	44	20	27	30	54	47	10	61	1	6	31	15	3	34	19	51	22	44	34	43	23	53	45	5	40	48	1	9	40	59	36	36	40	23	6	1	14	66	69	65	45	56	37	68	25	52	42	6	49	31	50	38	2	45	31	13	35	26	47	61	37	53	26	7	8	42	68	34	49	32	55	21	30	28	59	65	30	4	52	9	58	64	12	65	69	34	6	10	42	43	35	18	
40	39	23	27	25	26	27	22	34	21	29	23	35	34	29	31	21	33	23	22	27	39	27	35	25	37	20	30	25	39	30	20	30	20	35	38	33	24	38	32	40	36	27	40	40	32	25	38	30	27	39	34	28	39	24	21	21	30	34	21	32	24	28	29	24	30	33	24	36	25	21	20	33	28	32	22	28	20	37	33	31	21	25	31	36	33	23	28	35	35	33	34	23	38	39	40	29	27	33	26	24	31	23	20	39	27	34	23	30	22	36	39	28	38	24	39	22	22	35	39	26	29	32	20	35	35	30	32	31	20	25	34	20	31	32	37	32	21	29	27	37	30	24	38	31	24	35	29	22	30	29	37	35	37	31	27	23	29	26	31	25	38	20	21	22	32	40	22	20	32	26	26	35	34	33	36	28	23	20	27	31	23	29	37	27	31	24	37	25	25	38	28	29	21	20	32	39	24	20	33	29	35	24	25	39	28	31	26	20	37	22	26	33	25	25	22	38	36	29	35	25	35	28	22	30	27	38	32	22	27	32	21	25	31	26	28	22	36	23	24	26	31	20	21	28	37	20	30	25	37	30	22	24	35	26	33	22	23	34	33	40	38	26	20	37	29	35	29	38	24	40	32	34	38	28	34	31	26	25	29	23	33	37	35	22	34	31	29	33	22	27	31	31	25	37	27	28	38	20	32	39	21	30	32	28	23	24	28	28	22	30	28	20	35	31	25	33	33	31	39	20	30	33	28	38	29	36	22	36	25	27	21	32	38	38	23	25	22	25	21	40	34	38	26	22	21	25	40	36	20	22	39	27	26	21	27	31	39	40	21	37	20	31	38	32	20	24	24	22	32	35	34	25	21	39	30	36	39	21	20	40	25	37	21	24	40	23	27	32	31	25	38	26	24	36	29	38	30	30	20	36	25	22	30	25	20	23	23	27	38	37	21	34	36	37	24	34	38	29	26	21	38	29	36	24	33	24	38	36	37	37	38	23	40	32	35	26	34	27	31	23	29	28	28	30	21	34	27	35	23	21	31	25	37	36	28	23	27	27	40	20	35	27	39	39	34	20	33	23	37	36	24	30	40	25	31	38	29	29	27	34	32	31	24	38	27	26	40	31	36	35	35	39	27	32	38	30	25	29	37	34	22	38	30	23	27	25	36	33	20	34	37	26	24	40	20	37	26	33	36	22	35	30	20	37	34	28	38	30	35	24	31	33	35	37	32	29	23	25	27	33	24	40	28	29	28	40	36	39	23	24	27	27	38	24	37	21	38	25	33	32	32	22	28	40	27	29	29	26	34	35	31	21	37	27	26	25	34	20	21	21	30	25	40	20	20	39	32	32	34	28	39	37	31	24	25	36	28	25	33	29	30	23	25	36	39	28	28	39	29	25	32	26	31	24	25	38	24	24	36	30	38	32	37	22	39	38	22	34	21	36	30	24	22	23	28	23	31	25	34	39	22	37	30	26	20	34	21	36	25	32	37	35	29	26	30	38	26	28	37	26	32	31	29	39	25	29	25	32	38	30	28	24	34	33	22	22	20	36	21	30	32	32	35	20	39	23	37	35	28	35	21	28	25	26	24	38	21	38	35	34	33	31	36	22	21	37	40	34	26	32	36	28	38	40	27	26	33	33	38	22	39	21	27	39	21	40	35	30	25	34	35	30	31	24	20	40	25	39	28	26	24	22	30	27	26	34	25	25	30	38	36	26	40	37	32	25	29	34	29	29	32	27	31	33	34	37	37	30	21	21	32	36	32	28	29	22	31	36	23	39	22	20	30	24	40	33	36	33	29	40	21	34	36	27	21	31	38	21	36	33	22	36	22	20	31	21	38	21	36	37	25	40	25	39	39	20	20	31	28	24	25	40	31	31	27	39	32	29	36	38	35	23	26	24	26	34	28	23	29	37	26	40	36	22	21	29	28	24	24	35	37	31	23	32	27	35	25	23	20	28	32	20	26	39	20	37	26	37	20	26	34	20	34	35	40	39	26	29	21	40	33	23	31	40	35	32	29	31	28	31	38	28	40	21	35	21	34	25	37	30	35	31	30	36	32	25	28	22	40	21	24	24	27	38	39	33	24	30	23	28	35	21	37	30	35	29	33	23	26	32	20	25	20	30	38	40	21	30	36	28	32	28	30	32	37	30	21	28	30	37	34	32	36	21	23	39	27	35	25	39	36	27	32	23	33	32	26	27	26	22	39	35	38	29	29	23	36	34	27	33	27	35	24	29	25	36	20	30	36	35	37	34	22	21	35	25	39	21	23	39	27	21	29	29	32	26	20	31	26	36	20	34	29	22	37	26	39	29	21	21	30	33	40	36	35	30	33	37	35	27	40	34	33	30	32	25	22	30	35	23	37	32	26	38	32	35	40	38	22	22	32	29	39	25	26	39	33	39	33	23	23	34	33	25	24	39	40	30	32	36	39	26	29	31	21	40	37	30	40	22	22	28	35	38	38	35	26	29	22	35	33	21	31	38	29	28	38	30	36	22	28	20	22	38	25	38	34	24	40	23	28	26	22	28	23	28	20	20	27	39	36	24	24	37	20	36	33	27	34	28	35	24	34	37	25	21	40	28	33	32	21	33	24	25	36	40	22	20	23	31	26	37	29	22	33	28	26	38	29	31	29	29	33	27	37	26	33	35	20	26	39	37	30	21	24	25	26	40	38	27	35	22	28	36	22	40	30	37	38	20	39	32	37	24	22	33	32	32	28	34	25	36	29	26	36	32	22	33	32	38	40	31	37	26	25	28	26	25	34	36	37	21	29	30	33	21	36	20	35	24	40	29	33	25	22	25	26	30	30	35	40	31	34	29	36	39	21	29	36	32	31	39	38	29	21	20	34	26	37	37	25	33	30	29	25	27	37	29	30	36	31	38	40	37	34	38	21	36	31	30	24	34	38	40	35	28	28	20	25	21	32	36	29	30	39	27	26	22	24	29	28	22	32	27	31	32	22	34	30	28	38	25	27	29	33	37	25	22	39	25	39	38	25	37	30	30	36	36	38	23	22	27	29	25	37	32	32	31	25	26	35	27	34	29	35	20	23	39	23	21	34	22	40	31	29	34	34	31	36	36	39	39	39	23	29	27	38	25	21	26	28	35	32	21	37	28	27	39	40	39	24	34	37	37	32	38	36	34	20	35	21	28	39	24	22	30	29	26	39	26	30	35	29	33	22	27	39	34	20	34	33	35	35	40	20	28	37	29	22	23	25	21	40	31	34	40	26	27	37	25	34	29	24	31	26	33	22	31	24	36	35	21	29	23	32	40	22	27	22	20	20	21	23	38	20	33	26	33	22	29	35	27	27	33	22	27	25	23	21	39	34	25	20	40	27	30	38	39	22	36	38	30	24	30	22	29	22	39	22	29	36	31	26	31	22	40	36	20	37	37	31	29	37	38	25	39	31	21	26	25	31	37	31	28	30	28	25	31	26	24	32	29	39	22	24	30	34	40	35	38	34	26	28	33	33	25	30	34	32	23	32	32	34	30	23	23	30	22	27	20	35	28	36	24	28	39	38	23	25	37	34	26	22	32	29	34	27	20	38	35	24	24	32	32	29	28	23	27	37	27	35	35	27	23	31	26	37	34	22	34	20	21	36	28	25	22	27	33	24	38	23	21	31	30	33	33	29	39	27	28	34	29	39	31	21	39	24	23	29	40	40	24	34	36	35	38	28	35	39	29	29	31	35	28	31	34	38	29	31	21	28	24	20	27	26	32	24	31	38	33	38	26	30	33	29	26	26	22	23	25	24	25	21	40	28	33	22	37	20	38	35	37	30	39	23	36	25	28	39	24	40	31	28	23	37	22	30	32	33	37	37	39	33	25	39	38	36	39	32	32	23	28	39	37	34	21	32	34	26	21	30	37	27	29	31	39	35	36	31	39	27	30	39	22	21	38	25	24	23	28	22	26	23	32	33	24	20	37	39	23	37	24	32	26	32	23	24	26	40	23	23	22	27	35	27	37	21	34	21	34	31	32	20	38	32	39	31	37	26	33	35	23	37	39	35	24	31	22	28	21	40	36	24	29	32	33	23	21	38	25	23	33	40	20	38	30	26	37	30	21	32	21	40	20	37	22	38	33	25	26	40	34	28	36	25	25	32	34	30	38	23	25	38	28	24	37	38	34	36	26	30	34	26	25	40	20	31	30	31	36	32	28	31	39	29	34	33	38	21	30	25	38	35	33	23	27	28	31	35	30	40	20	29	39	25	35	37	40	35	21	21	38	30	40	27	22	23	33	31	33	23	23	30	22	20	31	38	22	39	34	32	40	36	40	30	36	22	20	39	36	31	39	32	27	37	32	20	40	32	31	39	25	24	23	27	24	34	31	33	26	32	27	36	28	23	37	34	20	21	38	22	
38	37	44	38	34	33	32	43	34	42	42	43	37	42	15	27	28	16	25	47	40	19	26	47	34	28	38	17	10	48	16	42	32	36	44	16	24	22	30	37	25	34	45	19	29	37	49	10	34	10	32	28	50	36	13	26	28	38	38	48	19	49	24	27	15	13	21	24	30	48	41	18	45	26	10	32	36	41	10	30	10	50	11	39	50	10	20	34	31	25	44	44	38	20	38	32	40	22	22	31	12	21	37	20	31	29	11	20	50	48	14	22	17	47	37	16	30	14	32	30	22	39	18	32	38	25	43	44	34	14	42	12	29	36	27	36	25	27	26	31	50	17	48	44	45	13	22	26	42	20	34	50	50	34	50	12	18	36	33	38	29	14	26	27	43	35	35	18	28	13	38	21	35	24	46	34	32	44	15	30	15	42	20	12	27	33	29	43	31	45	25	24	14	32	48	12	22	20	25	27	18	39	34	29	16	30	10	50	20	29	18	22	39	10	48	25	20	49	45	29	45	44	14	20	30	13	44	27	49	34	12	20	37	16	15	43	35	28	32	28	29	11	18	43	34	41	30	25	14	32	10	29	19	28	15	44	28	49	40	38	11	20	23	34	45	19	32	30	29	11	41	17	40	47	31	38	43	44	32	30	35	27	32	20	47	48	32	41	35	50	40	32	32	30	12	47	20	41	45	16	31	13	35	46	41	35	10	15	42	22	41	48	36	16	14	43	46	46	41	21	45	11	50	28	48	47	44	16	45	11	32	12	19	45	28	50	33	39	30	12	42	19	41	26	34	44	33	11	46	26	27	32	35	47	33	42	30	34	15	11	48	36	17	43	35	18	27	37	26	12	19	19	36	17	26	13	23	29	22	15	29	20	16	29	37	37	47	43	42	24	49	48	21	27	37	29	48	40	34	27	22	47	20	31	41	29	22	36	29	48	17	41	13	41	11	12	31	23	46	50	39	28	41	24	33	36	34	45	27	38	27	46	29	15	18	25	18	37	46	22	37	10	44	48	42	22	21	49	26	32	45	47	45	21	18	28	44	47	36	20	14	47	31	20	49	21	30	50	19	44	10	30	32	42	47	32	42	14	38	36	14	33	39	44	38	23	45	15	14	30	27	43	19	28	39	10	19	36	17	44	11	12	31	37	16	21	11	32	25	12	48	30	13	10	14	18	18	50	45	18	35	10	32	29	44	47	29	33	22	12	30	24	28	46	44	20	23	15	44	44	40	16	45	41	26	46	35	29	47	31	24	39	35	30	47	18	24	24	44	24	19	25	30	49	17	35	34	38	38	33	17	27	49	12	46	46	21	22	15	11	34	49	27	39	15	42	14	45	34	43	18	44	27	34	34	14	50	46	35	36	23	11	38	49	11	10	45	31	48	12	12	24	39	40	22	34	25	16	34	21	11	15	20	28	48	33	35	18	24	47	34	46	18	49	10	37	26	34	28	46	28	50	21	46	22	14	19	44	36	50	17	30	47	16	33	34	42	15	20	40	14	23	47	31	35	19	41	18	15	47	19	37	20	14	25	43	25	14	19	12	16	32	41	33	11	46	12	32	29	24	46	47	37	18	36	32	41	26	34	42	18	18	45	43	48	22	10	11	25	24	32	21	39	37	39	46	45	26	23	48	40	19	34	34	22	23	27	35	39	33	24	13	15	44	18	19	25	34	11	33	25	14	26	26	10	17	39	16	27	22	50	17	22	35	41	33	44	42	37	17	46	40	28	22	47	47	37	47	18	34	37	43	34	50	46	34	35	24	33	32	49	36	39	23	40	24	22	47	38	34	10	27	15	10	40	46	41	27	14	40	45	32	48	28	12	43	25	24	19	33	49	32	39	29	24	28	40	21	34	28	47	25	31	44	36	39	45	30	50	29	16	40	24	23	30	48	19	44	32	44	36	23	29	33	39	26	21	22	24	35	30	11	41	18	26	44	48	26	28	15	23	36	20	31	49	49	10	19	47	48	18	41	23	10	42	11	19	38	26	43	23	10	36	14	28	13	39	13	50	35	24	37	31	17	36	32	47	12	12	19	33	15	10	31	31	46	39	36	19	17	14	17	25	30	45	37	10	36	45	33	35	29	50	14	24	31	23	11	19	36	22	16	50	43	35	25	43	42	39	24	18	48	28	44	31	48	26	34	39	17	40	17	32	31	50	23	11	15	25	36	24	34	34	29	46	29	35	48	14	41	34	45	17	22	37	18	33	23	31	45	32	29	40	15	40	22	18	23	36	34	27	34	15	16	25	33	12	39	38	37	50	27	11	24	26	42	43	32	19	40	27	26	50	17	48	45	30	25	30	32	43	10	14	33	42	48	28	47	40	43	36	34	15	43	35	40	46	19	30	39	29	42	39	17	13	40	31	34	33	35	12	46	17	25	12	31	41	49	29	49	26	15	47	32	15	18	11	41	46	19	17	38	24	32	31	45	11	33	33	50	29	11	49	13	16	15	16	24	47	14	14	14	35	50	25	42	37	50	13	33	27	12	38	17	14	42	19	46	46	49	30	29	26	30	35	20	11	40	41	30	28	26	16	34	12	26	35	39	41	27	19	47	49	23	45	34	10	34	38	37	47	38	48	21	27	10	14	17	43	42	32	49	43	37	12	14	42	50	32	11	28	24	22	45	31	22	48	15	11	10	23	29	22	35	49	12	31	28	26	40	39	34	24	27	13	39	28	43	43	42	31	38	49	34	47	20	24	35	49	30	37	37	40	48	14	43	41	11	27	43	42	25	43	30	11	21	11	45	27	26	25	36	18	25	41	18	40	38	30	21	23	46	39	42	12	21	34	12	26	44	37	50	38	13	31	43	42	50	24	29	15	14	39	34	29	32	28	10	25	46	16	24	16	39	27	10	37	48	40	18	23	40	41	40	49	31	38	33	39	50	11	11	37	32	13	38	47	25	38	12	39	42	25	28	34	29	21	25	18	32	20	23	16	16	47	17	10	15	41	24	17	30	16	47	28	40	29	31	18	33	31	49	15	23	35	44	32	42	11	40	21	16	40	27	40	31	17	13	38	33	40	20	12	17	48	36	15	33	17	17	48	31	49	18	31	28	47	15	35	36	17	14	42	35	35	25	30	21	41	32	27	44	47	13	50	21	34	34	31	21	18	38	41	30	20	17	29	13	30	34	36	49	40	32	15	16	48	49	30	45	39	24	21	25	20	13	25	26	27	11	21	20	42	46	33	14	45	48	37	50	26	44	13	39	40	37	25	18	49	11	16	39	22	34	37	12	21	38	22	42	18	32	12	49	26	34	48	34	33	40	47	19	45	16	50	32	37	32	48	49	46	46	14	12	48	44	19	46	50	15	26	14	35	28	28	36	44	45	32	27	37	50	37	45	15	46	31	48	39	17	27	24	41	13	50	41	20	25	43	22	25	30	46	24	28	32	14	47	23	31	50	50	25	48	40	21	28	32	34	13	39	27	31	24	13	38	45	44	14	12	12	49	40	25	10	27	50	37	46	19	16	34	47	50	39	27	34	17	35	31	11	44	47	14	12	35	34	33	47	39	15	37	25	22	30	33	50	30	19	35	28	12	32	49	50	25	16	30	20	49	14	22	19	11	41	22	37	25	42	48	11	21	31	13	45	23	30	35	46	43	44	39	25	33	31	27	10	13	30	41	17	37	17	21	45	31	14	42	49	20	30	19	44	22	42	31	37	48	48	46	47	20	28	32	14	19	23	11	37	12	18	21	49	15	43	39	50	40	24	27	35	31	24	37	17	37	47	36	14	22	14	26	15	43	30	47	39	39	50	44	32	50	31	22	21	26	12	28	41	37	32	29	20	34	17	14	29	34	49	28	25	46	19	20	17	16	19	15	36	18	48	28	13	14	20	19	48	23	25	22	23	19	48	32	39	15	20	35	24	30	15	43	14	15	22	19	30	40	36	10	38	25	20	15	25	20	45	23	35	14	42	24	12	35	42	39	27	24	32	41	46	45	48	40	25	29	26	18	14	40	43	16	31	19	48	30	10	29	25	27	16	10	32	34	33	20	45	50	27	37	41	44	30	14	15	23	34	15	16	27	19	44	26	11	33	28	19	33	28	16	11	24	39	36	37	28	41	26	45	50	49	33	31	29	43	37	50	47	26	50	27	20	39	20	49	13	45	36	34	28	30	10	13	16	27	30	26	26	20	47	34	41	45	20	19	46	29	50	41	11	27	11	27	19	27	36	10	23	35	44	44	39	43	18	32	37	36	49	50	21	36	50	22	26	50	34	16	39	22	30	37	29	31	39	16	38	50	11	41	11	15	39	17	36	12	18	37	48	21	22	37	38	35	46	20	37	39	43	15	11	41	36	41	46	23	38	15	17	44	20	20	33	26	37	15	44	43	29	29	42	47	47	
5
80
