2173
70
0	0	0	0	0	0	0	0	0	0	0	0	0	0	0	0	0	0	0	0	0	0	0	0	0	0	0	0	0	0	0	0	0	0	0	0	0	0	0	0	0	0	0	0	0	0	0	0	0	192	0	0	0	0	0	0	96	0	0	0	0	0	0	0	0	0	0	0	0	0	
0	0	0	0	0	0	0	0	0	0	0	0	0	0	0	0	0	48	0	0	0	0	0	0	0	0	0	0	0	0	0	96	0	0	0	0	0	0	0	0	0	0	0	0	0	0	0	0	0	0	0	0	0	0	0	0	0	0	0	0	0	0	0	0	0	0	500	0	0	0	
0	0	0	0	0	0	0	0	0	0	96	0	0	0	0	0	0	0	0	0	0	0	0	0	0	0	0	0	0	0	0	0	0	0	0	0	0	0	0	0	0	0	0	0	0	0	96	0	0	0	0	0	0	0	0	0	0	0	0	0	0	0	0	0	0	0	0	0	0	0	
0	0	0	0	0	0	0	0	0	0	0	0	0	0	0	0	0	0	0	0	0	0	0	48	0	0	0	0	0	0	0	0	0	0	0	0	0	0	0	0	0	0	0	0	48	0	0	0	96	0	0	0	0	0	0	0	0	192	0	0	0	0	0	0	0	0	0	0	0	0	
0	0	0	0	0	0	0	0	0	0	0	0	0	0	0	192	0	0	0	0	0	0	0	0	0	0	0	0	0	0	0	0	0	0	0	0	0	0	0	0	0	0	0	0	0	0	0	0	0	0	0	0	0	0	0	0	0	192	0	0	0	0	0	96	0	0	0	0	0	0	
0	0	0	0	0	0	0	0	0	0	0	0	0	0	0	0	0	0	0	0	0	0	0	0	0	0	0	0	0	0	0	0	0	0	0	48	500	0	0	0	0	0	0	0	0	0	0	0	0	0	0	0	0	0	500	0	0	0	0	0	0	0	0	0	0	0	0	0	0	192	
0	0	0	0	0	0	0	48	0	0	0	0	0	0	0	0	0	0	0	0	192	0	0	0	96	0	0	0	0	0	0	0	0	0	0	192	0	0	0	0	0	0	0	0	0	0	0	0	0	0	0	0	0	48	0	0	0	0	0	0	0	0	0	0	0	0	0	0	0	0	
0	0	0	0	0	0	48	0	0	0	0	0	0	0	0	0	0	0	0	0	96	0	0	0	0	0	0	0	0	0	0	0	0	0	0	0	0	0	0	0	0	0	0	0	0	0	0	0	0	0	0	0	0	96	0	0	0	0	0	0	0	0	0	0	0	0	0	0	0	0	
0	0	0	0	0	0	0	0	0	0	0	0	0	0	0	0	0	0	0	0	0	500	0	0	0	500	0	0	0	0	0	0	0	0	0	0	0	0	0	0	0	0	0	0	0	0	0	192	0	0	0	0	0	0	0	0	0	0	0	0	0	0	0	0	0	0	0	0	0	0	
0	0	0	0	0	0	0	0	0	0	0	0	0	0	0	0	0	0	0	0	0	0	0	0	0	0	0	0	0	0	0	0	0	0	500	0	0	0	0	0	0	0	0	0	0	0	192	0	0	0	0	0	0	0	0	0	0	0	0	0	0	0	0	0	500	0	0	0	0	0	
0	0	96	0	0	0	0	0	0	0	0	0	48	0	0	0	0	0	0	0	0	0	0	0	0	0	0	0	0	0	0	0	0	48	0	0	0	0	0	0	0	0	0	0	0	0	0	0	0	0	0	0	0	0	0	0	0	0	0	0	0	0	0	0	0	0	0	0	0	0	
0	0	0	0	0	0	0	0	0	0	0	0	0	0	0	0	0	0	0	0	0	0	500	0	0	0	0	0	0	0	0	0	0	0	96	0	0	0	0	0	0	0	0	0	0	0	0	0	0	0	0	0	0	0	0	0	0	0	0	0	0	0	0	0	500	0	0	0	0	0	
0	0	0	0	0	0	0	0	0	0	48	0	0	0	0	0	96	0	0	0	0	0	0	0	0	0	0	0	0	0	0	0	0	500	0	0	0	0	96	0	0	0	0	0	500	0	0	0	0	0	0	0	0	0	0	0	0	0	0	0	0	0	0	0	0	0	0	0	0	0	
0	0	0	0	0	0	0	0	0	0	0	0	0	0	0	96	0	0	0	500	0	0	0	0	0	0	0	0	0	0	0	0	0	0	0	0	0	0	0	0	0	0	0	0	0	0	0	0	0	0	0	0	0	0	0	0	0	0	0	0	0	0	0	0	0	0	0	0	0	0	
0	0	0	0	0	0	0	0	0	0	0	0	0	0	0	0	0	0	0	0	0	0	0	0	0	0	0	0	0	0	0	0	0	0	0	0	0	48	0	0	0	0	0	0	0	0	0	0	0	0	0	0	0	0	0	0	0	0	0	0	0	96	0	0	0	0	0	0	0	0	
0	0	0	0	192	0	0	0	0	0	0	0	0	96	0	0	0	0	0	48	0	0	0	0	0	0	0	0	0	0	0	0	0	0	0	0	0	0	0	0	0	0	0	0	0	0	0	0	0	0	0	0	0	0	0	0	0	0	0	0	0	0	0	0	0	0	0	0	0	0	
0	0	0	0	0	0	0	0	0	0	0	0	96	0	0	0	0	0	0	0	0	0	0	0	0	0	0	0	0	0	0	0	0	0	0	0	0	0	0	0	0	0	0	0	0	0	0	0	0	0	0	192	0	0	0	0	0	0	0	0	0	0	0	0	0	0	0	0	0	0	
0	48	0	0	0	0	0	0	0	0	0	0	0	0	0	0	0	0	0	0	0	0	0	0	0	0	0	0	0	0	0	500	0	0	0	0	0	0	0	0	0	0	0	0	0	0	0	0	0	0	0	0	0	0	0	192	0	0	0	0	0	0	0	0	0	0	0	0	0	0	
0	0	0	0	0	0	0	0	0	0	0	0	0	0	0	0	0	0	0	0	0	0	0	0	0	0	0	0	0	0	0	0	0	0	0	0	0	0	0	0	0	0	0	0	0	0	0	0	0	0	0	0	0	0	0	0	0	0	0	0	0	0	0	0	0	0	0	0	96	48	
0	0	0	0	0	0	0	0	0	0	0	0	0	500	0	48	0	0	0	0	0	0	0	0	0	0	0	0	0	0	0	0	0	0	0	0	0	0	0	0	0	0	0	0	0	0	0	0	0	0	0	0	0	0	0	0	0	0	0	0	0	0	0	0	0	0	0	0	0	0	
0	0	0	0	0	0	192	96	0	0	0	0	0	0	0	0	0	0	0	0	0	0	0	0	0	0	0	0	0	0	0	0	0	0	0	0	0	0	0	0	0	0	0	0	0	0	0	0	0	0	0	0	0	0	0	0	0	0	0	0	0	0	0	0	0	0	0	0	0	0	
0	0	0	0	0	0	0	0	500	0	0	0	0	0	0	0	0	0	0	0	0	0	0	0	0	500	0	0	0	0	0	0	0	0	0	0	0	0	0	0	0	0	0	0	0	0	0	0	0	0	0	0	0	0	0	0	0	0	0	0	0	0	0	0	0	0	0	0	0	0	
0	0	0	0	0	0	0	0	0	0	0	500	0	0	0	0	0	0	0	0	0	0	0	0	0	0	0	0	0	0	0	0	0	0	0	0	0	0	0	0	0	0	0	0	0	0	0	0	0	0	0	0	0	0	0	0	0	0	0	0	0	0	0	0	48	0	0	0	0	0	
0	0	0	48	0	0	0	0	0	0	0	0	0	0	0	0	0	0	0	0	0	0	0	0	0	0	0	0	0	0	0	0	0	0	0	0	0	0	500	0	0	0	0	0	500	0	0	0	96	0	0	0	0	0	0	0	0	192	0	0	0	0	0	0	0	0	0	0	0	0	
0	0	0	0	0	0	96	0	0	0	0	0	0	0	0	0	0	0	0	0	0	0	0	0	0	0	0	0	0	0	0	0	0	0	0	0	0	0	0	48	0	0	0	0	0	0	0	0	0	0	0	0	0	0	0	0	0	0	0	0	0	0	0	0	0	0	0	0	0	0	
0	0	0	0	0	0	0	0	500	0	0	0	0	0	0	0	0	0	0	0	0	500	0	0	0	0	0	0	0	0	0	0	0	0	0	0	0	0	0	0	0	0	0	0	0	0	0	0	0	0	0	0	0	0	0	0	0	0	0	0	0	0	0	0	0	0	0	0	0	0	
0	0	0	0	0	0	0	0	0	0	0	0	0	0	0	0	0	0	0	0	0	0	0	0	0	0	0	0	0	0	0	0	0	0	0	0	0	0	0	0	0	0	0	0	0	0	0	0	0	0	0	0	0	0	0	0	0	0	0	0	0	500	0	0	0	0	500	0	0	0	
0	0	0	0	0	0	0	0	0	0	0	0	0	0	0	0	0	0	0	0	0	0	0	0	0	0	0	0	0	0	0	0	0	96	0	0	0	0	0	0	48	0	0	0	192	0	0	0	0	0	0	0	0	0	0	0	0	0	0	0	0	0	0	0	0	0	0	0	0	0	
0	0	0	0	0	0	0	0	0	0	0	0	0	0	0	0	0	0	0	0	0	0	0	0	0	0	0	0	0	0	500	0	500	0	0	0	0	0	0	0	0	0	0	0	0	0	0	0	0	0	0	0	0	0	0	0	0	0	0	0	0	0	0	0	0	0	0	0	0	0	
0	0	0	0	0	0	0	0	0	0	0	0	0	0	0	0	0	0	0	0	0	0	0	0	0	0	0	0	0	0	0	0	0	0	0	0	0	0	0	0	0	0	192	0	0	192	0	0	0	0	0	0	0	0	48	0	0	0	0	0	0	0	0	0	500	0	0	0	96	0	
0	0	0	0	0	0	0	0	0	0	0	0	0	0	0	0	0	0	0	0	0	0	0	0	0	0	0	0	500	0	0	0	500	0	0	0	0	0	0	0	0	48	0	0	0	0	0	0	0	0	0	0	0	0	0	0	0	0	192	0	0	0	0	0	0	0	0	0	0	0	
0	96	0	0	0	0	0	0	0	0	0	0	0	0	0	0	0	500	0	0	0	0	0	0	0	0	0	0	0	0	0	0	0	0	0	0	0	0	0	0	0	0	0	0	0	0	0	0	0	0	0	0	0	0	0	0	96	0	0	0	0	0	0	0	0	0	0	0	0	0	
0	0	0	0	0	0	0	0	0	0	0	0	0	0	0	0	0	0	0	0	0	0	0	0	0	0	0	0	500	0	500	0	0	0	0	0	0	0	0	0	0	48	0	0	0	0	0	0	0	0	0	0	0	0	0	0	0	0	0	0	0	0	0	0	0	0	0	0	0	0	
0	0	0	0	0	0	0	0	0	0	48	0	500	0	0	0	0	0	0	0	0	0	0	0	0	0	0	96	0	0	0	0	0	0	0	0	0	0	500	0	48	0	0	0	0	0	0	0	0	0	0	0	0	0	0	0	0	0	0	0	0	0	0	0	0	0	0	0	0	0	
0	0	0	0	0	0	0	0	0	500	0	96	0	0	0	0	0	0	0	0	0	0	0	0	0	0	0	0	0	0	0	0	0	0	0	0	0	0	0	0	0	0	0	0	0	0	500	0	0	0	0	192	0	0	0	0	0	0	0	0	0	0	0	0	500	0	0	0	0	0	
0	0	0	0	0	48	192	0	0	0	0	0	0	0	0	0	0	0	0	0	0	0	0	0	0	0	0	0	0	0	0	0	0	0	0	0	0	0	0	0	0	0	0	0	0	0	0	0	0	0	0	0	0	0	0	0	0	0	0	0	0	0	0	0	0	0	0	0	0	0	
0	0	0	0	0	500	0	0	0	0	0	0	0	0	0	0	0	0	0	0	0	0	0	0	0	0	0	0	0	0	0	0	0	0	0	0	0	0	0	0	0	0	0	0	0	0	0	0	0	0	0	0	96	0	0	0	0	0	0	0	96	0	0	0	0	500	0	96	0	0	
0	0	0	0	0	0	0	0	0	0	0	0	0	0	48	0	0	0	0	0	0	0	0	0	0	0	0	0	0	0	0	0	0	0	0	0	0	0	0	0	0	0	0	0	0	0	0	0	0	0	0	0	0	0	0	192	0	0	0	0	0	0	0	0	0	0	0	0	0	0	
0	0	0	0	0	0	0	0	0	0	0	0	96	0	0	0	0	0	0	0	0	0	0	500	0	0	0	0	0	0	0	0	0	500	0	0	0	0	0	0	0	0	0	0	0	0	0	0	0	0	0	0	0	0	0	0	0	0	0	0	0	0	0	0	0	0	0	0	0	0	
0	0	0	0	0	0	0	0	0	0	0	0	0	0	0	0	0	0	0	0	0	0	0	0	48	0	0	0	0	0	0	0	0	0	0	0	0	0	0	0	0	0	0	0	0	0	0	0	0	0	0	0	0	0	0	192	0	0	0	0	0	0	0	0	0	0	0	0	0	0	
0	0	0	0	0	0	0	0	0	0	0	0	0	0	0	0	0	0	0	0	0	0	0	0	0	0	0	48	0	0	0	0	0	48	0	0	0	0	0	0	0	0	0	0	192	0	0	0	500	0	0	0	0	0	0	0	0	0	0	0	0	0	0	0	0	0	0	0	0	0	
0	0	0	0	0	0	0	0	0	0	0	0	0	0	0	0	0	0	0	0	0	0	0	0	0	0	0	0	0	0	48	0	48	0	0	0	0	0	0	0	0	0	0	0	0	0	0	0	0	0	0	0	0	0	0	0	0	0	0	0	0	0	0	0	0	0	0	0	0	0	
0	0	0	0	0	0	0	0	0	0	0	0	0	0	0	0	0	0	0	0	0	0	0	0	0	0	0	0	0	192	0	0	0	0	0	0	0	0	0	0	0	0	0	500	0	0	0	0	0	0	0	0	192	0	0	0	0	0	0	0	0	0	0	0	0	0	0	0	0	0	
0	0	0	0	0	0	0	0	0	0	0	0	0	0	0	0	0	0	0	0	0	0	0	0	0	0	0	0	0	0	0	0	0	0	0	0	0	0	0	0	0	0	500	0	0	0	0	0	0	0	500	0	0	0	0	0	0	0	0	192	192	0	0	0	0	0	0	192	0	0	
0	0	0	48	0	0	0	0	0	0	0	0	500	0	0	0	0	0	0	0	0	0	0	500	0	0	0	192	0	0	0	0	0	0	0	0	0	0	0	0	192	0	0	0	0	0	0	0	0	0	0	0	0	0	0	0	0	0	0	0	0	0	0	0	0	0	0	0	0	0	
0	0	0	0	0	0	0	0	0	0	0	0	0	0	0	0	0	0	0	0	0	0	0	0	0	0	0	0	0	192	0	0	0	0	0	0	0	0	0	0	0	0	0	0	0	0	0	0	0	0	0	0	0	0	0	0	0	0	0	500	0	0	0	0	0	500	0	48	0	0	
0	0	96	0	0	0	0	0	0	192	0	0	0	0	0	0	0	0	0	0	0	0	0	0	0	0	0	0	0	0	0	0	0	0	500	0	0	0	0	0	0	0	0	0	0	0	0	0	0	0	0	0	0	0	0	0	0	0	0	0	0	0	0	0	0	0	0	0	0	0	
0	0	0	0	0	0	0	0	192	0	0	0	0	0	0	0	0	0	0	0	0	0	0	0	0	0	0	0	0	0	0	0	0	0	0	0	0	0	0	0	0	0	0	0	0	0	0	0	0	48	0	0	0	0	0	0	0	0	0	0	0	0	48	0	0	0	0	0	0	0	
0	0	0	96	0	0	0	0	0	0	0	0	0	0	0	0	0	0	0	0	0	0	0	96	0	0	0	0	0	0	0	0	0	0	0	0	0	0	0	0	500	0	0	0	0	0	0	0	0	0	0	0	0	0	0	0	0	96	0	0	0	0	0	96	0	0	0	0	0	0	
192	0	0	0	0	0	0	0	0	0	0	0	0	0	0	0	0	0	0	0	0	0	0	0	0	0	0	0	0	0	0	0	0	0	0	0	0	0	0	0	0	0	0	0	0	0	0	48	0	0	0	0	0	0	0	0	0	0	0	0	0	0	0	0	0	0	0	0	0	0	
0	0	0	0	0	0	0	0	0	0	0	0	0	0	0	0	0	0	0	0	0	0	0	0	0	0	0	0	0	0	0	0	0	0	0	0	0	0	0	0	0	0	0	500	0	0	0	0	0	0	0	0	0	0	0	0	0	0	0	500	0	0	0	0	0	0	0	0	0	0	
0	0	0	0	0	0	0	0	0	0	0	0	0	0	0	0	192	0	0	0	0	0	0	0	0	0	0	0	0	0	0	0	0	0	192	0	0	0	0	0	0	0	0	0	0	0	0	0	0	0	0	0	0	0	0	0	0	0	0	0	0	0	0	0	0	0	0	0	0	0	
0	0	0	0	0	0	0	0	0	0	0	0	0	0	0	0	0	0	0	0	0	0	0	0	0	0	0	0	0	0	0	0	0	0	0	0	96	0	0	0	0	0	192	0	0	0	0	0	0	0	0	0	0	0	0	0	0	0	0	0	0	0	0	0	0	0	0	0	0	0	
0	0	0	0	0	0	48	96	0	0	0	0	0	0	0	0	0	0	0	0	0	0	0	0	0	0	0	0	0	0	0	0	0	0	0	0	0	0	0	0	0	0	0	0	0	0	0	0	0	0	0	0	0	0	0	0	0	0	0	0	0	0	0	0	0	0	0	0	0	0	
0	0	0	0	0	500	0	0	0	0	0	0	0	0	0	0	0	0	0	0	0	0	0	0	0	0	0	0	0	48	0	0	0	0	0	0	0	0	0	0	0	0	0	0	0	0	0	0	0	0	0	0	0	0	0	0	0	0	0	0	0	0	0	0	0	0	0	0	0	0	
0	0	0	0	0	0	0	0	0	0	0	0	0	0	0	0	0	192	0	0	0	0	0	0	0	0	0	0	0	0	0	0	0	0	0	0	0	192	0	192	0	0	0	0	0	0	0	0	0	0	0	0	0	0	0	0	0	0	0	0	0	0	0	0	0	0	0	0	0	0	
96	0	0	0	0	0	0	0	0	0	0	0	0	0	0	0	0	0	0	0	0	0	0	0	0	0	0	0	0	0	0	96	0	0	0	0	0	0	0	0	0	0	0	0	0	0	0	0	0	0	0	0	0	0	0	0	0	0	0	0	0	0	0	0	0	0	0	0	0	0	
0	0	0	192	192	0	0	0	0	0	0	0	0	0	0	0	0	0	0	0	0	0	0	192	0	0	0	0	0	0	0	0	0	0	0	0	0	0	0	0	0	0	0	0	0	0	0	0	96	0	0	0	0	0	0	0	0	0	192	0	0	0	0	0	0	0	0	0	0	0	
0	0	0	0	0	0	0	0	0	0	0	0	0	0	0	0	0	0	0	0	0	0	0	0	0	0	0	0	0	0	192	0	0	0	0	0	0	0	0	0	0	0	0	0	0	0	0	0	0	0	0	0	0	0	0	0	0	192	0	0	0	0	500	0	0	96	0	0	0	0	
0	0	0	0	0	0	0	0	0	0	0	0	0	0	0	0	0	0	0	0	0	0	0	0	0	0	0	0	0	0	0	0	0	0	0	0	0	0	0	0	0	0	0	192	0	500	0	0	0	0	500	0	0	0	0	0	0	0	0	0	0	0	0	0	0	0	0	0	0	0	
0	0	0	0	0	0	0	0	0	0	0	0	0	0	0	0	0	0	0	0	0	0	0	0	0	0	0	0	0	0	0	0	0	0	0	0	96	0	0	0	0	0	0	192	0	0	0	0	0	0	0	0	0	0	0	0	0	0	0	0	0	0	0	0	0	0	0	0	0	0	
0	0	0	0	0	0	0	0	0	0	0	0	0	0	96	0	0	0	0	0	0	0	0	0	0	0	500	0	0	0	0	0	0	0	0	0	0	0	0	0	0	0	0	0	0	0	0	0	0	0	0	0	0	0	0	0	0	0	0	0	0	0	0	0	0	0	0	0	0	0	
0	0	0	0	0	0	0	0	0	0	0	0	0	0	0	0	0	0	0	0	0	0	0	0	0	0	0	0	0	0	0	0	0	0	0	0	0	0	0	0	0	0	0	0	0	0	0	48	0	0	0	0	0	0	0	0	0	0	500	0	0	0	0	0	0	48	0	0	0	0	
0	0	0	0	96	0	0	0	0	0	0	0	0	0	0	0	0	0	0	0	0	0	0	0	0	0	0	0	0	0	0	0	0	0	0	0	0	0	0	0	0	0	0	0	0	0	0	0	96	0	0	0	0	0	0	0	0	0	0	0	0	0	0	0	0	0	0	0	0	0	
0	0	0	0	0	0	0	0	0	500	0	500	0	0	0	0	0	0	0	0	0	0	48	0	0	0	0	0	0	500	0	0	0	0	500	0	0	0	0	0	0	0	0	0	0	0	0	0	0	0	0	0	0	0	0	0	0	0	0	0	0	0	0	0	0	0	0	0	0	0	
0	0	0	0	0	0	0	0	0	0	0	0	0	0	0	0	0	0	0	0	0	0	0	0	0	0	0	0	0	0	0	0	0	0	0	0	500	0	0	0	0	0	0	0	0	500	0	0	0	0	0	0	0	0	0	0	0	0	96	0	0	0	48	0	0	0	0	96	0	0	
0	500	0	0	0	0	0	0	0	0	0	0	0	0	0	0	0	0	0	0	0	0	0	0	0	0	500	0	0	0	0	0	0	0	0	0	0	0	0	0	0	0	0	0	0	0	0	0	0	0	0	0	0	0	0	0	0	0	0	0	0	0	0	0	0	0	0	0	0	0	
0	0	0	0	0	0	0	0	0	0	0	0	0	0	0	0	0	0	0	0	0	0	0	0	0	0	0	0	0	0	0	0	0	0	0	0	96	0	0	0	0	0	0	192	0	48	0	0	0	0	0	0	0	0	0	0	0	0	0	0	0	0	0	0	0	96	0	0	0	0	
0	0	0	0	0	0	0	0	0	0	0	0	0	0	0	0	0	0	96	0	0	0	0	0	0	0	0	0	0	96	0	0	0	0	0	0	0	0	0	0	0	0	0	0	0	0	0	0	0	0	0	0	0	0	0	0	0	0	0	0	0	0	0	0	0	0	0	0	0	0	
0	0	0	0	0	192	0	0	0	0	0	0	0	0	0	0	0	0	48	0	0	0	0	0	0	0	0	0	0	0	0	0	0	0	0	0	0	0	0	0	0	0	0	0	0	0	0	0	0	0	0	0	0	0	0	0	0	0	0	0	0	0	0	0	0	0	0	0	0	0	
47	29	29	1	57	55	35	37	9	44	60	56	39	11	32	57	47	4	44	63	11	1	49	1	64	53	44	18	31	16	36	11	43	33	45	53	13	65	27	32	4	44	63	49	49	14	68	64	9	16	6	29	65	37	63	0	2	53	9	5	15	17	0	19	27	57	58	34	7	65	19	13	30	55	13	11	7	17	47	39	65	50	26	63	55	10	45	20	36	15	44	46	3	27	26	13	15	38	32	34	51	10	20	26	55	39	14	32	69	46	3	17	33	53	43	67	2	6	22	65	42	31	34	20	69	0	68	3	20	69	47	3	28	64	63	11	23	12	7	1	62	37	24	2	6	49	12	46	68	48	20	23	32	32	67	17	34	22	13	18	18	36	59	39	31	42	36	60	26	60	32	68	61	32	58	22	6	62	23	37	65	30	49	62	38	67	21	56	60	63	20	17	6	32	24	22	10	28	18	59	16	5	22	44	28	45	53	27	48	46	30	50	15	29	3	62	10	64	69	19	29	53	35	10	24	2	22	34	59	47	34	22	23	3	4	35	53	24	43	44	20	17	53	37	10	7	41	35	34	65	13	3	25	24	16	26	7	50	25	41	58	53	34	54	61	8	10	53	12	61	38	25	15	0	46	32	2	41	39	17	68	6	26	27	8	0	49	16	63	43	35	55	38	63	51	26	12	35	51	57	12	42	2	67	55	9	37	41	12	33	16	20	66	60	48	43	0	67	30	68	3	12	16	34	6	37	24	30	38	48	6	57	58	59	15	34	15	15	34	28	64	68	6	2	40	34	43	8	23	39	29	63	45	45	56	68	60	54	51	22	21	62	55	12	34	68	33	32	55	18	65	7	39	14	27	46	22	20	20	4	22	10	19	30	8	32	41	37	5	15	17	24	61	23	61	20	47	13	11	11	4	50	15	4	29	51	27	46	24	43	7	50	25	4	11	57	62	53	51	31	20	66	1	55	24	33	50	15	32	52	39	60	8	3	49	41	56	54	25	15	16	42	29	44	47	29	29	25	2	69	50	8	47	22	39	2	18	38	49	42	13	5	64	61	20	17	39	66	64	49	53	43	64	63	26	67	56	55	23	33	8	25	56	58	39	47	8	19	57	0	12	33	26	38	50	33	68	63	9	30	21	43	52	26	6	30	40	6	58	28	17	21	23	17	17	53	11	26	65	0	15	67	20	25	1	25	7	4	35	7	57	40	10	6	56	38	56	59	2	15	5	34	30	18	69	68	29	29	69	51	28	21	0	53	30	30	53	62	31	2	5	30	59	28	47	23	5	45	28	19	18	51	67	35	19	45	19	61	48	5	11	61	62	46	26	60	4	68	47	23	8	31	8	62	35	24	21	42	3	59	20	5	35	1	56	39	0	50	53	14	14	65	5	26	44	19	45	25	15	36	15	12	18	56	59	3	17	54	24	16	61	38	48	39	1	19	56	8	1	62	44	12	32	34	4	25	56	45	1	60	36	6	39	36	25	21	46	9	25	62	8	47	63	64	0	69	12	54	28	28	38	32	13	24	40	56	23	10	69	57	2	24	67	15	11	64	47	31	54	26	67	4	57	2	28	33	40	47	23	2	54	61	69	40	54	60	3	35	28	14	22	23	62	27	3	5	14	36	40	20	43	17	39	50	69	47	60	35	40	6	54	14	25	53	40	53	48	3	9	37	26	45	13	23	63	15	10	5	7	44	14	24	28	58	28	62	49	3	29	12	24	25	52	42	25	20	48	22	9	16	6	36	48	66	59	17	19	4	29	33	6	52	3	63	29	50	59	16	21	26	40	63	20	64	43	43	14	64	42	27	44	55	20	44	44	21	45	23	38	26	14	40	39	66	24	8	7	1	4	54	22	62	31	66	43	1	53	28	6	53	38	27	21	64	69	19	29	5	61	1	56	19	62	54	52	42	27	29	46	5	35	65	58	2	21	50	46	68	21	35	31	27	2	43	47	69	39	43	34	51	62	32	41	23	52	25	4	10	37	13	37	16	40	0	19	4	52	27	57	2	53	5	33	64	12	31	58	23	18	4	9	17	66	65	69	45	0	36	48	58	10	42	62	58	19	25	67	21	56	25	30	46	18	36	42	48	34	4	13	11	32	62	48	14	28	68	30	41	11	51	6	60	26	4	12	8	16	22	6	69	67	64	39	4	20	69	3	11	6	69	6	67	29	27	23	58	38	43	16	42	26	13	31	50	41	59	41	36	39	1	5	39	34	32	54	42	7	64	6	31	25	18	58	66	27	67	27	26	51	36	49	56	7	12	4	42	19	24	32	11	46	0	18	19	43	11	17	42	66	48	12	0	40	28	51	31	60	62	29	18	14	42	3	37	27	14	27	54	32	45	5	35	54	29	58	32	51	21	30	21	15	32	35	4	13	42	68	58	6	32	33	51	17	34	56	17	58	24	42	54	52	25	61	62	18	48	15	24	6	28	35	4	11	46	35	67	26	16	1	14	15	67	62	9	23	26	4	12	49	6	3	52	11	38	4	30	36	5	43	26	12	44	56	5	10	39	26	3	33	41	11	8	51	55	15	57	49	36	17	38	8	51	9	62	21	50	67	49	54	62	32	48	1	27	43	65	30	30	30	38	54	6	49	50	0	8	28	69	37	24	39	57	40	39	3	56	14	3	68	58	14	27	4	51	16	60	28	45	18	49	69	56	51	61	69	31	12	32	8	0	20	8	38	14	24	52	17	40	32	56	14	9	26	69	42	59	65	29	23	53	10	37	33	19	35	17	14	36	43	61	24	14	15	10	20	67	46	57	55	48	6	37	13	5	32	69	30	17	27	25	52	29	23	22	7	67	33	50	54	21	49	61	50	66	50	49	15	45	63	64	17	16	50	19	9	54	56	45	67	21	14	6	65	3	5	23	11	38	61	33	62	0	40	51	16	30	2	4	37	26	32	32	56	56	25	38	33	48	48	19	35	24	20	62	24	62	44	0	6	2	15	62	8	7	51	53	36	1	28	53	46	34	31	51	61	34	35	44	19	3	32	9	18	42	17	65	3	21	33	34	68	0	35	10	37	65	36	16	47	4	16	58	64	15	25	1	40	46	28	49	6	13	28	53	38	29	24	51	42	42	54	12	25	30	24	46	31	41	68	30	2	53	61	57	43	1	32	51	29	44	30	18	0	33	61	13	55	8	57	24	13	3	0	26	39	1	63	48	19	31	49	53	61	41	40	61	67	16	1	1	44	46	59	27	40	7	8	67	21	5	3	28	10	4	21	33	46	53	36	45	25	66	59	35	53	54	43	19	18	6	26	28	36	12	1	49	68	38	37	15	11	35	20	67	53	54	3	44	6	8	33	50	62	21	54	66	47	39	25	39	4	56	56	66	26	38	6	18	37	64	24	27	3	60	64	29	26	46	41	19	19	30	8	19	20	62	60	34	9	26	11	61	23	60	56	11	46	60	38	32	47	47	67	51	64	17	14	12	27	64	7	39	30	65	51	51	60	64	17	13	24	32	13	45	51	33	26	24	31	42	45	41	35	11	42	46	22	2	26	28	64	64	12	8	51	59	46	11	58	58	29	47	53	11	64	1	24	69	1	45	18	69	53	64	29	42	39	17	31	46	65	36	25	68	58	61	51	52	12	11	43	62	44	8	38	50	41	21	34	44	8	41	23	24	10	69	52	17	20	68	51	25	1	54	12	31	39	26	44	52	46	56	29	21	10	56	2	39	34	0	41	68	55	16	58	3	3	59	56	36	67	11	26	32	8	33	29	40	34	0	52	13	24	35	37	36	23	1	46	65	68	27	67	1	29	14	23	28	60	62	2	54	64	12	47	15	26	1	38	47	9	56	35	37	44	36	37	55	31	19	34	12	20	46	56	15	26	40	1	47	66	36	34	17	39	7	6	5	12	40	67	8	59	22	69	62	60	18	26	30	68	44	14	45	66	13	30	64	3	50	13	12	31	0	43	11	9	30	56	10	60	38	54	7	46	49	44	42	14	2	41	57	66	34	52	38	67	12	19	24	38	3	13	11	59	38	51	68	69	41	9	62	41	23	27	7	12	33	52	1	0	68	36	11	59	17	47	16	64	15	37	58	18	51	21	12	28	37	10	64	29	42	27	44	67	7	10	17	36	47	46	41	37	43	24	55	3	13	14	4	61	20	44	52	40	12	61	17	34	25	13	32	45	63	62	36	0	10	23	67	6	59	46	30	20	10	27	13	48	34	43	16	29	0	54	29	50	39	14	64	17	22	10	48	5	60	4	7	14	68	20	43	9	10	13	62	35	65	4	32	18	46	17	15	39	28	27	5	67	26	33	23	11	40	24	67	3	54	6	35	50	45	21	29	1	5	23	21	24	19	41	65	63	61	37	9	57	2	47	4	56	64	18	64	26	36	7	51	51	58	22	11	8	47	49	50	0	50	36	1	19	33	19	68	8	37	37	39	38	2	66	50	25	25	51	57	26	32	44	16	41	36	3	23	31	17	49	53	39	40	66	26	48	55	38	64	1	55	56	41	61	58	36	19	9	7	8	40	21	55	31	48	63	10	49	24	13	59	57	68	52	56	11	42	41	52	41	6	7	13	39	40	22	41	57	13	18	31	66	31	45	55	45	39	2	60	26	30	34	38	11	42	10	58	25	3	41	21	60	52	36	62	6	60	0	56	11	48	9	53	20	36	45	52	46	6	7	6	42	64	58	52	9	62	55	65	52	3	67	4	30	15	44	12	59	56	20	47	44	69	68	16	42	27	41	58	49	41	44	6	41	20	34	67	5	26	19	27	61	58	57	22	59	50	57	39	62	42	40	40	54	40	20	18	13	18	58	46	20	21	59	20	44	45	48	9	11	6	51	41	56	52	47	18	28	59	23	7	46	43	7	57	55	38	16	10	24	27	44	22	36	48	2	58	5	31	65	62	67	40	31	51	68	
6	16	3	52	24	3	65	5	31	22	30	11	31	0	20	6	15	38	66	53	55	8	54	63	12	18	55	68	5	27	37	38	39	32	45	50	29	61	13	49	42	48	2	19	50	54	68	43	60	19	4	7	34	8	50	34	43	64	32	57	59	54	68	45	61	21	20	57	19	66	52	28	1	31	57	2	30	42	64	36	22	14	23	15	9	10	64	41	36	48	13	48	67	60	42	41	68	5	5	13	6	40	42	23	58	64	39	25	37	38	22	67	53	31	46	16	44	3	32	34	55	37	0	45	35	43	44	44	10	44	2	68	64	44	69	26	16	65	43	18	13	57	5	58	10	4	17	3	12	0	34	14	52	37	8	49	44	17	14	40	22	12	18	14	49	12	55	64	3	41	59	55	24	36	29	13	43	11	69	66	58	1	6	45	6	46	36	8	27	42	21	55	40	40	45	64	51	29	8	45	39	6	26	12	5	33	17	26	9	56	9	49	36	19	11	4	14	16	16	48	52	61	64	5	5	8	29	8	50	23	68	66	50	29	14	24	36	64	53	7	69	69	45	42	38	44	66	35	66	68	24	47	52	20	13	40	45	55	48	67	4	0	41	49	48	36	39	32	52	55	60	50	69	63	38	46	50	19	29	61	32	16	62	7	46	40	15	30	39	47	23	33	49	28	67	5	21	42	23	28	49	22	54	3	22	27	67	0	15	22	42	30	58	67	67	0	24	3	0	39	63	44	34	56	49	52	6	68	59	46	44	31	39	39	35	22	3	55	68	40	8	50	49	5	6	17	38	28	59	47	45	15	42	68	18	60	69	6	67	47	26	60	40	36	26	28	4	33	14	65	42	27	31	46	44	60	22	4	63	22	30	38	12	22	50	55	53	55	61	21	66	66	58	5	19	43	15	63	37	52	60	65	60	48	28	2	33	2	38	33	62	2	67	44	48	63	29	57	69	43	12	41	56	12	19	44	44	2	0	27	3	5	5	67	66	29	55	1	26	35	60	50	45	31	41	9	13	14	44	34	66	35	12	2	45	11	61	17	59	53	64	51	42	32	64	63	62	49	56	40	21	28	20	52	11	41	25	1	54	2	39	46	52	31	57	43	49	12	48	25	57	43	9	69	15	5	29	4	38	31	41	65	28	55	64	37	45	42	25	26	41	53	9	29	34	34	19	36	60	15	46	51	54	69	33	11	6	2	45	19	19	65	7	3	45	47	55	19	9	36	44	20	35	13	44	59	6	46	26	42	16	15	67	37	50	53	8	37	16	19	47	46	68	11	29	0	12	6	4	4	41	33	15	59	52	32	62	2	61	7	28	13	65	30	45	68	53	7	17	69	45	56	45	27	51	5	39	61	5	19	49	51	11	27	14	1	21	42	66	5	51	59	21	9	5	55	54	57	55	63	46	49	31	63	36	24	47	64	51	46	26	4	52	44	58	28	52	62	22	61	8	64	46	64	17	37	38	20	20	24	10	30	46	39	45	32	32	57	49	41	67	38	3	48	19	42	49	37	46	38	54	5	23	46	62	33	12	39	32	14	33	38	42	43	5	59	23	45	30	48	1	10	6	34	16	13	30	59	64	4	18	13	54	24	37	27	21	28	10	14	65	40	11	36	27	32	21	31	44	32	32	2	52	58	37	34	1	33	21	23	23	46	33	39	24	58	62	13	8	68	22	30	5	20	36	22	44	16	4	37	30	59	51	2	55	38	68	59	30	55	56	10	14	57	24	6	41	47	39	2	25	15	54	31	54	27	42	3	13	60	45	6	6	10	14	48	16	32	59	28	39	13	1	25	44	15	5	36	35	47	36	8	9	3	31	24	18	17	41	40	21	32	68	15	24	13	1	66	14	41	66	19	30	48	6	6	26	8	41	10	13	68	48	29	22	42	35	5	45	39	22	13	68	68	16	68	31	15	17	2	50	66	33	37	9	14	7	20	64	46	3	60	47	58	25	1	18	2	0	51	49	47	3	61	14	44	25	33	35	9	58	62	60	41	32	26	56	6	68	11	62	53	29	59	12	11	32	0	51	17	0	20	54	36	51	43	7	33	29	54	29	69	67	52	54	52	60	45	21	12	1	47	54	30	52	5	40	69	5	32	67	36	31	4	60	8	30	41	55	30	48	53	19	1	46	31	22	17	60	32	61	41	3	63	23	59	21	52	68	24	25	25	65	43	35	56	59	44	22	62	18	43	1	50	22	11	0	20	51	23	42	0	37	25	7	59	46	9	66	50	36	34	18	47	55	65	16	56	5	4	23	27	36	6	30	45	22	29	66	11	2	1	66	16	17	51	35	48	63	14	58	21	13	23	58	50	36	18	48	3	30	31	37	18	55	5	8	34	43	5	52	8	21	17	2	18	11	37	11	36	10	14	62	25	6	63	16	33	16	52	3	43	2	65	6	42	6	27	17	32	8	1	17	19	39	18	65	3	25	62	11	13	29	11	22	68	17	32	38	62	3	37	9	34	61	39	66	36	27	21	37	38	1	21	52	49	57	5	50	54	69	4	29	1	57	15	11	16	53	56	41	12	67	37	7	61	5	23	19	66	49	49	26	64	15	3	3	33	19	44	37	31	63	58	17	59	15	20	32	23	44	13	53	21	68	1	11	50	52	28	9	69	18	52	51	32	58	21	31	49	66	11	16	17	17	26	39	55	61	44	21	9	5	45	62	17	13	61	8	0	62	56	32	51	4	33	44	24	61	13	62	23	51	42	5	1	7	57	31	2	61	2	51	58	62	14	9	22	52	10	18	3	35	32	22	11	15	0	2	40	38	45	31	33	66	6	2	69	43	5	65	38	9	62	55	28	28	62	32	26	36	6	45	49	57	42	69	31	43	19	15	22	60	55	10	13	34	44	17	8	45	27	15	29	60	69	39	3	35	51	2	35	59	43	7	13	50	19	21	48	42	36	9	32	57	55	4	41	34	28	39	42	31	49	15	42	65	33	6	43	28	69	1	55	43	53	64	23	22	35	30	53	66	46	58	20	46	37	26	44	2	21	27	28	69	2	1	23	42	34	37	22	1	40	17	30	66	46	10	32	59	23	38	58	62	52	27	47	9	13	8	35	9	32	29	36	29	44	54	47	59	4	52	16	31	44	53	20	58	24	43	38	5	61	33	0	28	0	66	58	41	53	9	14	56	3	67	17	41	20	29	34	48	15	0	22	55	5	61	31	18	68	51	39	24	12	19	26	43	26	32	49	64	29	57	47	17	67	3	22	61	28	2	68	16	69	16	48	13	3	36	7	42	38	22	42	38	18	16	54	45	60	69	28	16	11	63	18	26	23	44	5	1	53	53	15	40	36	44	37	36	48	52	16	43	69	38	59	55	12	28	37	26	43	41	69	38	65	53	55	27	15	63	33	19	35	48	12	52	57	9	49	0	2	43	65	37	39	24	11	13	2	43	44	64	56	30	32	4	67	16	26	13	43	62	41	51	54	51	5	58	4	54	20	36	69	12	18	24	12	64	52	44	61	3	1	35	13	32	69	55	21	27	6	63	57	47	37	29	41	6	61	60	2	53	34	22	57	43	14	4	6	21	48	24	60	60	63	1	11	60	40	51	59	34	0	51	42	12	18	13	62	55	38	65	7	9	19	27	38	53	67	62	7	31	68	31	61	63	19	40	45	46	27	1	61	26	16	40	15	41	60	29	64	64	20	2	13	57	51	59	6	62	27	52	34	44	54	57	13	30	13	20	45	57	21	43	27	15	58	39	42	66	28	5	49	27	13	21	30	1	66	47	49	3	56	59	17	48	67	40	42	36	52	12	15	35	29	46	23	6	56	46	0	22	0	4	10	36	14	50	52	46	62	63	21	6	4	13	29	63	51	66	35	7	65	14	41	46	1	10	57	63	6	8	14	46	51	43	37	8	31	37	19	63	45	52	2	20	25	46	2	7	4	49	46	17	64	43	40	40	61	21	1	67	2	58	42	16	38	50	53	24	69	43	10	58	29	13	64	49	47	42	16	32	11	13	16	8	56	29	39	6	11	64	65	15	41	0	69	0	47	35	6	20	56	5	21	34	12	10	7	19	6	63	11	10	68	20	25	46	32	42	22	24	7	29	43	49	50	37	34	0	67	66	21	68	6	65	69	64	62	66	35	11	48	54	43	69	42	8	68	3	4	20	1	29	37	33	5	34	37	38	11	29	41	13	40	42	56	28	0	6	53	33	18	23	39	1	61	19	1	46	21	23	49	33	46	17	39	30	25	36	6	17	16	6	47	14	10	68	4	33	42	19	53	58	36	66	47	67	65	65	29	12	19	32	26	19	36	8	17	21	49	14	35	29	37	19	20	9	57	28	65	4	57	20	68	11	13	4	8	42	58	11	63	37	64	42	9	56	28	68	57	4	3	16	58	29	21	66	20	66	58	56	35	33	55	31	34	31	29	43	69	58	42	54	21	67	35	57	13	4	38	62	7	50	27	63	5	7	31	9	68	63	9	18	52	44	22	47	27	48	16	54	32	69	35	4	66	24	64	3	29	4	61	62	22	43	63	12	29	43	17	2	16	60	59	64	52	36	54	1	52	69	46	43	28	59	23	5	48	56	14	40	69	0	38	3	31	38	49	5	49	65	34	39	17	59	0	52	40	32	66	39	31	34	67	13	63	51	24	53	43	39	35	16	62	55	39	37	46	41	43	55	19	20	29	63	68	12	51	54	24	18	8	24	55	20	65	38	11	39	32	12	66	27	60	13	23	45	6	20	59	69	69	19	67	41	6	1	37	53	6	14	9	8	13	37	52	18	58	52	10	30	58	34	43	44	27	35	10	32	9	26	20	44	45	47	69	2	36	3	7	40	6	67	63	66	29	6	20	38	40	58	58	24	40	53	51	12	9	24	38	32	43	60	61	44	57	4	21	36	50	67	37	61	53	14	52	5	42	4	
23	32	24	24	22	33	34	36	30	38	23	35	33	27	35	35	24	39	34	34	20	20	23	37	30	32	40	38	38	36	25	40	29	36	37	34	37	20	30	38	26	36	28	31	24	26	27	34	35	37	31	25	24	30	24	21	23	39	34	34	36	21	32	37	40	22	30	34	26	34	21	39	36	34	28	23	33	32	22	27	24	35	34	27	40	33	20	34	24	35	40	36	40	40	34	25	34	27	24	30	20	22	28	23	38	28	26	21	25	23	20	20	38	22	23	37	30	25	22	25	39	38	38	39	37	39	29	22	34	33	21	25	23	35	31	37	27	40	20	26	20	31	23	40	31	20	31	39	25	27	25	22	33	29	28	36	22	27	20	20	39	26	24	34	33	25	34	31	29	29	26	24	20	21	33	22	34	25	40	25	24	29	35	36	33	23	25	32	34	21	39	31	35	30	30	39	22	36	36	31	31	20	34	22	36	33	21	40	30	38	28	29	26	39	26	24	27	31	39	40	26	35	27	20	37	27	36	34	33	28	30	29	40	35	21	37	30	37	31	32	37	26	30	27	34	32	38	39	21	23	20	23	27	23	35	33	23	30	39	35	37	31	29	23	29	33	24	26	34	23	39	22	30	28	37	40	24	21	37	33	21	25	32	29	34	36	25	20	29	37	21	23	22	34	29	32	40	22	20	30	37	27	29	24	35	35	40	36	33	25	29	31	23	31	33	27	21	33	37	28	33	27	35	35	36	36	26	33	36	21	25	40	22	39	23	35	39	23	27	23	39	31	37	37	33	35	37	23	25	23	24	20	37	37	20	30	22	34	32	26	20	30	37	40	33	37	21	27	21	22	36	31	28	40	32	24	29	26	36	30	35	23	26	29	32	20	23	40	31	37	35	21	25	37	30	21	35	24	38	24	36	33	31	20	23	26	29	37	25	27	39	24	33	34	26	33	33	33	28	21	34	39	40	39	38	30	31	32	34	23	21	40	38	31	21	36	36	26	34	20	30	32	38	27	40	36	33	39	34	24	22	30	24	21	35	22	38	39	35	22	39	37	25	39	24	38	31	29	40	22	34	39	29	36	26	34	27	25	22	28	34	22	24	33	31	40	32	25	25	31	24	29	35	23	39	32	24	21	36	30	21	28	35	33	28	20	32	38	36	31	20	37	40	27	23	40	24	37	35	24	27	28	39	26	21	21	23	38	22	32	27	26	36	26	32	39	23	28	20	23	33	34	22	25	25	37	37	38	33	27	32	32	30	38	39	38	20	30	32	37	35	28	34	35	34	24	36	30	25	20	40	23	39	22	31	23	30	31	21	28	37	38	36	20	29	30	36	22	39	40	39	24	26	35	27	20	39	33	37	31	23	32	22	23	33	33	32	40	36	38	28	37	29	25	40	35	21	20	33	32	34	37	28	34	25	38	22	23	35	38	38	25	20	32	21	26	36	26	21	21	34	27	23	26	23	31	22	32	22	22	20	25	35	40	25	31	29	28	39	20	22	21	29	35	28	22	26	25	27	23	28	39	39	26	22	23	33	32	36	40	31	32	29	26	35	40	24	26	21	32	37	37	36	27	20	27	37	30	39	25	27	28	36	22	37	38	32	39	39	40	33	27	30	38	21	21	20	35	30	25	32	33	28	32	34	35	37	24	20	25	31	31	23	34	35	27	35	37	30	26	25	31	34	28	29	20	20	22	39	24	40	34	24	24	37	23	39	28	40	29	25	35	32	23	28	29	36	37	40	23	40	21	21	35	32	33	23	37	24	25	36	26	35	22	36	23	39	23	21	40	35	28	40	28	26	30	21	30	21	23	25	36	30	39	28	33	34	27	27	26	36	32	39	40	20	37	22	37	30	37	24	40	30	33	37	27	35	32	39	38	23	24	31	34	26	28	36	40	36	36	40	32	38	26	33	22	26	21	21	34	21	36	26	23	36	27	27	26	38	26	37	20	30	32	31	38	25	28	33	37	26	31	28	37	28	33	27	26	37	30	28	36	24	38	34	32	30	38	22	35	36	33	39	27	25	38	32	33	22	32	40	33	30	38	25	21	22	36	35	29	26	25	22	31	40	21	22	33	36	35	25	27	21	29	37	39	32	20	20	31	27	30	37	38	36	20	31	27	39	29	22	30	40	20	24	28	26	26	29	37	36	25	25	25	36	36	31	31	28	40	36	30	32	21	30	38	23	32	40	30	40	37	29	35	21	34	27	23	20	23	29	31	28	40	33	32	31	20	22	33	37	32	31	30	26	24	25	35	39	37	39	31	28	22	29	27	26	23	31	30	31	25	29	37	28	37	24	26	28	32	36	25	29	30	22	39	25	38	31	25	28	27	25	39	22	20	28	33	26	27	29	25	37	29	36	29	25	27	25	25	40	40	26	24	39	25	28	26	35	32	40	39	28	20	22	28	38	22	27	31	23	26	29	28	25	27	36	39	32	25	21	39	26	36	34	23	32	29	35	28	29	33	32	34	27	37	29	35	32	37	27	32	27	28	37	36	23	32	36	38	38	35	21	25	36	21	31	39	37	28	37	37	33	34	21	20	38	33	32	34	28	33	27	22	30	34	32	29	32	20	22	22	38	40	39	36	27	24	25	39	39	40	33	30	23	30	34	27	28	21	26	34	37	27	21	33	34	29	23	37	35	25	22	28	38	26	32	37	33	25	37	32	20	36	38	36	23	23	38	23	35	35	29	23	20	31	29	22	28	24	28	27	23	39	30	30	33	33	35	38	22	29	25	40	38	20	38	34	23	37	38	28	37	30	36	36	30	31	37	29	25	38	22	29	39	25	32	23	26	39	28	28	32	20	23	38	37	20	40	35	33	29	22	39	22	20	25	35	28	31	38	32	27	22	39	31	40	30	28	29	23	26	25	35	34	25	34	40	31	35	30	25	29	39	38	24	29	29	33	29	25	23	20	21	23	29	30	35	21	38	31	23	32	38	32	40	21	34	34	29	32	33	36	23	29	32	37	24	33	29	23	31	40	32	31	24	39	36	37	35	23	28	28	26	30	29	29	40	35	40	39	27	22	27	23	21	36	24	20	20	38	25	24	39	39	23	28	31	22	23	32	33	26	31	26	28	28	24	38	34	35	40	28	35	20	38	40	35	39	37	34	37	27	22	22	32	28	29	34	20	37	27	23	38	34	26	32	37	20	25	37	33	34	26	27	36	29	33	39	26	22	35	33	35	38	20	32	27	23	33	27	39	21	20	36	38	24	25	32	33	27	27	40	23	33	25	39	36	32	22	27	31	37	21	22	21	26	29	33	33	35	29	34	29	31	28	40	21	34	40	33	40	38	24	40	27	24	27	35	39	38	35	24	37	32	31	31	39	29	28	30	30	34	34	30	38	22	23	24	38	39	28	29	32	27	40	25	29	37	25	28	33	25	22	24	39	31	39	24	22	38	22	39	40	21	26	34	23	20	29	26	27	35	23	27	38	26	27	28	20	35	29	34	32	22	38	34	31	23	26	28	35	28	37	38	25	29	25	40	24	35	31	30	27	29	35	26	33	33	31	34	31	40	39	24	40	27	24	40	32	34	37	31	22	29	23	21	27	27	30	26	32	40	22	24	37	27	30	21	30	22	35	26	38	31	26	40	29	30	29	28	34	40	29	25	35	33	40	25	28	39	29	36	37	22	26	34	25	36	26	38	35	25	25	36	40	31	22	40	37	35	31	34	24	36	34	32	20	28	25	39	23	34	24	39	20	37	28	35	21	30	28	22	40	40	20	23	27	29	33	40	23	30	40	28	21	32	32	37	29	40	38	37	21	36	27	31	39	35	21	37	34	21	28	35	20	33	32	22	40	30	36	37	25	40	27	33	33	20	34	33	40	28	37	34	36	22	26	26	38	26	29	31	31	39	31	24	25	30	25	34	21	35	36	26	23	34	34	35	31	31	38	29	29	33	20	30	30	29	31	23	28	33	37	27	21	25	29	35	37	36	32	24	27	31	33	36	26	23	28	33	21	39	22	30	39	25	32	30	25	26	30	29	24	27	38	34	26	33	40	28	22	24	30	24	23	24	38	30	22	31	32	21	36	29	26	24	38	31	32	29	30	24	23	38	21	31	22	31	35	22	22	23	31	21	26	25	27	35	36	38	20	40	29	27	40	37	28	30	20	38	38	26	24	26	35	28	34	21	29	40	34	25	22	35	38	22	24	38	33	23	38	23	29	28	24	37	38	26	31	28	21	26	21	23	26	30	23	34	32	36	31	37	20	40	24	29	38	38	28	35	22	22	36	35	29	25	30	24	20	22	36	27	37	20	28	33	36	31	36	23	35	31	31	26	28	34	33	34	26	38	40	25	39	33	30	27	29	40	22	21	36	33	28	37	28	32	30	27	29	27	20	22	33	21	22	25	33	32	33	26	24	33	26	35	20	35	31	38	25	37	23	30	26	36	31	28	38	29	32	34	40	21	40	38	20	27	31	21	23	30	23	29	27	39	30	30	25	21	37	21	39	40	37	29	32	20	23	32	32	37	31	27	31	37	29	36	33	38	40	30	20	40	31	21	38	33	34	24	35	33	33	26	38	31	40	25	23	24	31	34	35	36	35	27	24	23	20	23	32	27	21	28	33	29	32	30	23	39	24	31	23	22	37	29	31	30	32	33	40	24	25	38	20	33	33	39	20	32	20	34	33	28	21	32	38	30	39	29	33	25	33	39	33	30	36	33	40	30	38	25	39	23	24	33	31	37	25	37	35	25	20	28	30	30	25	26	34	38	23	38	34	38	23	31	25	25	40	30	40	22	23	28	28	31	27	23	20	23	29	20	38	34	32	40	34	22	23	40	23	31	23	22	37	25	22	37	22	22	21	20	40	38	33	30	28	40	32	40	25	25	24	32	21	28	26	35	23	30	21	37	30	39	39	25	21	39	20	29	27	34	32	24	
20	38	41	20	36	27	49	15	42	35	47	36	20	21	29	26	14	12	10	32	38	20	37	48	29	33	50	35	27	21	19	30	28	32	50	21	22	48	23	49	49	42	48	48	27	40	34	44	43	24	39	24	16	14	25	18	28	28	48	38	23	10	43	20	10	37	46	37	47	35	28	19	47	46	47	17	20	21	23	14	43	25	11	14	13	31	48	45	31	31	41	31	45	20	24	43	18	21	45	35	21	38	49	38	44	27	20	43	11	23	31	50	41	39	25	20	20	49	28	16	21	34	38	16	35	35	45	19	21	19	11	41	37	10	29	19	42	43	43	12	40	23	43	15	31	17	25	20	17	13	21	32	35	41	31	18	21	25	25	23	29	24	33	25	30	35	46	21	20	21	10	24	46	48	35	50	30	13	14	21	45	47	22	27	14	12	16	15	36	15	15	25	34	47	40	45	34	25	43	43	50	37	47	15	28	16	42	18	32	50	42	10	32	21	17	29	20	13	49	17	17	47	34	32	23	22	33	36	18	12	37	41	29	44	39	44	30	45	17	43	13	50	28	37	28	50	30	47	12	46	43	49	47	43	24	32	29	42	23	18	34	40	30	23	41	42	29	46	28	12	18	27	26	14	31	47	36	15	47	50	50	31	25	40	45	36	22	41	21	27	17	49	40	20	41	48	12	26	36	41	24	35	30	30	30	48	36	18	24	40	12	31	44	43	19	15	21	19	43	38	50	43	11	23	15	37	13	43	36	37	12	46	20	32	47	20	25	42	37	30	33	36	43	41	45	33	12	17	35	26	42	40	35	43	39	33	42	32	22	43	21	28	15	38	33	30	13	24	32	20	19	38	43	36	32	49	21	37	37	48	37	27	43	46	37	36	35	32	40	26	43	50	37	43	48	26	25	38	36	10	41	33	49	10	13	44	15	39	34	24	21	19	48	47	33	21	14	16	27	11	29	35	40	49	36	23	37	37	45	42	19	46	41	17	31	46	26	11	28	30	25	28	18	37	18	47	37	36	50	26	17	14	40	21	20	49	26	12	26	39	14	10	38	18	14	31	39	41	50	12	36	32	22	33	43	39	16	29	48	47	32	41	12	43	11	34	27	36	27	22	41	18	13	10	28	26	28	20	50	14	24	48	43	29	17	50	33	12	25	18	12	20	11	40	49	33	34	50	37	27	23	26	17	24	31	42	24	15	45	26	49	22	21	41	25	31	20	31	30	36	32	25	26	25	38	16	39	10	19	39	43	24	40	37	30	43	17	28	11	26	23	41	39	43	50	15	18	15	49	10	11	49	29	34	45	19	32	35	39	26	27	36	23	30	39	14	23	43	24	32	47	13	15	28	28	45	50	22	46	50	16	29	12	44	35	15	20	31	44	18	45	16	16	41	20	36	22	15	24	42	19	26	12	17	30	19	20	14	44	13	13	20	21	42	16	23	10	34	11	46	43	15	31	38	47	39	10	28	47	20	17	49	46	42	14	33	27	50	30	42	28	15	27	26	24	50	42	43	46	11	42	22	21	43	43	30	30	41	18	32	34	43	37	18	31	34	29	20	18	40	44	31	25	38	33	46	35	46	50	50	21	21	27	20	47	31	47	50	17	32	31	50	26	23	19	39	26	34	10	46	11	31	24	41	15	34	23	14	14	23	49	22	27	25	22	33	31	13	45	33	16	21	42	26	31	18	48	50	33	46	24	38	50	50	19	31	39	36	24	22	11	15	11	39	24	16	32	22	34	32	15	31	38	34	36	19	28	37	50	18	28	29	47	23	29	16	23	37	24	48	13	25	38	33	24	16	40	37	31	44	46	31	32	29	43	32	39	47	42	33	28	11	46	10	50	11	24	12	30	27	23	21	32	21	13	29	34	42	17	40	15	46	46	21	39	44	41	50	35	45	26	41	40	47	13	39	32	27	12	33	17	20	36	39	17	38	37	36	42	14	15	18	31	35	35	28	23	46	43	47	11	24	46	29	30	12	32	29	37	40	34	29	49	32	41	12	35	45	20	49	16	30	35	14	11	40	32	20	50	20	48	26	42	42	40	15	32	47	11	44	50	36	11	45	39	41	20	17	40	26	22	37	42	27	14	30	43	19	29	23	22	15	35	12	31	44	48	49	33	15	12	15	16	15	42	32	13	15	12	14	15	32	43	16	21	15	26	50	50	48	36	39	17	19	37	49	35	48	40	43	17	48	34	15	41	13	16	32	47	31	40	46	19	40	45	47	13	28	49	35	47	15	22	20	10	40	23	14	50	13	18	41	19	41	48	39	38	30	47	40	26	49	40	14	14	37	46	23	10	27	43	28	21	18	38	50	44	45	45	24	28	15	40	25	47	21	12	14	15	20	21	16	35	12	15	45	18	30	47	46	30	28	50	22	37	27	44	40	47	31	29	31	27	24	26	48	31	29	20	40	25	24	41	25	19	12	24	17	14	38	17	49	36	19	48	10	18	35	50	33	21	47	18	28	32	16	28	22	20	19	39	44	35	28	15	39	34	26	18	36	38	39	48	45	11	16	47	35	12	44	26	31	14	29	31	27	36	50	45	20	49	32	40	21	48	50	46	49	34	40	47	42	35	40	17	17	15	20	39	17	12	39	12	10	40	26	20	19	26	12	38	37	21	13	22	44	31	17	11	50	45	31	50	50	29	37	50	17	31	27	34	22	14	28	19	29	24	35	43	30	27	19	36	32	44	20	28	44	28	38	42	34	20	41	18	21	47	31	42	38	13	12	10	11	33	40	48	32	41	46	11	30	24	32	29	49	30	23	37	35	15	40	19	11	17	22	42	38	33	15	35	32	38	18	40	27	24	41	36	12	37	21	34	13	10	36	28	41	36	48	48	39	27	50	41	49	31	16	20	14	14	22	39	33	30	29	22	13	43	19	25	21	36	44	13	11	45	40	35	40	17	31	32	29	49	36	20	25	45	18	34	23	32	48	23	11	35	33	38	21	45	22	25	43	34	18	18	27	40	30	26	49	39	22	38	18	25	16	14	16	36	37	35	35	14	27	29	31	27	28	16	44	22	29	37	48	47	24	48	13	21	14	44	21	46	39	19	38	22	17	26	23	48	42	50	24	37	10	16	47	10	42	48	34	34	15	30	20	27	18	23	13	14	21	18	29	23	18	42	11	25	40	24	38	16	17	41	12	43	15	46	28	25	12	44	34	23	41	14	44	43	17	35	18	44	18	29	35	46	27	19	42	28	28	17	24	16	22	49	23	27	29	37	49	41	27	32	37	17	42	31	29	38	20	12	22	16	23	47	42	50	34	40	21	16	50	49	14	24	25	42	50	47	50	49	21	45	34	45	36	17	35	50	10	37	24	38	18	14	13	33	41	38	48	35	12	15	24	37	41	35	12	32	21	48	33	24	19	43	40	11	33	42	40	41	39	36	28	39	27	37	46	13	27	18	23	44	19	42	18	43	27	32	33	28	36	31	29	31	45	39	33	22	21	25	23	12	27	10	17	26	13	14	19	12	32	25	50	47	42	18	41	35	45	42	34	31	32	14	45	29	19	19	20	47	43	12	13	38	40	34	11	50	38	46	31	50	27	11	15	43	35	42	38	45	17	18	13	41	34	14	27	21	47	48	29	37	19	27	26	15	48	13	27	30	13	35	18	44	38	36	27	34	39	26	27	12	17	18	48	38	43	44	35	25	19	31	20	20	47	48	32	35	44	22	41	50	46	16	30	46	24	11	22	31	40	37	17	17	46	36	34	22	13	19	44	42	41	33	27	29	24	26	47	49	21	27	23	45	23	47	11	26	20	44	49	42	38	10	26	31	49	16	12	34	27	34	32	32	42	40	11	42	25	30	18	35	14	33	31	26	11	39	22	33	29	29	14	38	37	30	40	13	36	17	10	22	28	16	41	46	47	47	47	10	34	44	35	44	32	15	50	26	21	20	30	19	10	10	48	18	28	23	27	22	40	40	44	50	26	39	32	11	49	37	14	34	12	20	33	36	19	48	50	15	38	24	21	13	31	45	46	35	47	42	46	20	15	30	10	14	16	16	38	21	18	38	19	33	43	18	41	21	18	46	16	10	21	18	36	46	10	46	35	15	21	45	33	47	43	45	40	46	31	46	13	35	28	33	41	17	38	21	16	41	31	16	30	45	14	45	28	38	23	30	24	34	50	44	47	42	28	29	38	26	32	33	49	22	33	49	14	37	40	34	28	25	42	42	45	16	10	10	49	18	41	32	31	36	29	15	15	36	30	26	22	45	43	19	39	33	34	40	30	12	42	22	11	22	12	20	31	47	44	11	43	17	37	45	33	15	17	16	14	18	23	45	43	21	45	13	43	28	15	21	26	34	37	31	26	34	25	24	46	26	34	42	10	46	32	38	39	29	32	50	45	11	11	46	44	48	12	50	48	16	28	29	27	22	27	35	39	30	43	41	16	43	15	14	18	34	43	13	44	31	10	20	10	33	35	15	35	12	37	34	11	41	25	47	44	36	46	30	38	29	39	46	20	50	21	28	44	30	38	28	16	38	33	25	10	14	17	42	34	46	21	39	42	39	40	20	20	27	14	31	40	14	34	41	16	34	23	27	23	27	11	36	46	20	32	50	13	44	22	16	18	27	18	10	28	11	34	16	39	23	47	43	12	13	44	45	30	28	35	14	48	13	47	22	29	11	30	16	46	35	10	36	47	49	11	47	35	40	40	27	12	48	15	31	15	27	48	10	32	43	37	38	22	19	46	21	42	28	22	22	27	46	17	37	23	30	43	19	41	22	21	40	31	47	43	41	33	16	30	43	48	46	13	10	45	15	21	41	34	33	17	21	42	36	44	23	29	29	33	44	15	39	42	29	24	14	10	47	36	31	24	40	45	48	48	40	44	44	36	44	11	34	42	21	41	17	10	18	10	40	17	48	23	12	32	30	25	40	
15
90
