1932
70
0	0	0	0	192	0	0	0	500	0	0	0	0	0	0	0	0	0	0	0	96	0	0	0	0	0	0	96	500	0	0	0	0	0	0	0	0	0	0	0	0	0	0	0	0	0	0	0	0	0	0	0	0	0	0	0	0	0	0	0	0	0	0	0	0	0	0	0	0	0	
0	0	0	0	0	0	0	0	0	0	0	0	0	0	0	0	0	96	0	0	0	0	0	0	0	0	0	0	0	0	0	0	0	0	0	0	0	0	0	0	0	0	0	0	0	0	0	192	0	0	0	0	0	0	0	0	0	0	48	0	0	0	0	0	0	0	0	0	0	0	
0	0	0	0	0	0	0	0	0	0	0	0	0	0	0	0	0	0	0	0	0	192	0	0	0	0	0	0	0	0	0	0	0	0	0	0	0	0	0	0	0	0	0	0	0	0	0	0	0	0	0	0	0	0	0	96	0	0	0	0	0	0	0	0	0	0	0	0	0	0	
0	0	0	0	0	0	0	0	0	0	192	0	0	0	192	0	0	0	0	0	0	0	500	0	0	192	0	0	0	0	0	0	0	0	0	0	0	0	0	0	0	0	0	0	0	0	0	0	0	0	0	0	0	0	0	0	0	0	0	0	0	0	0	0	0	0	0	0	0	0	
192	0	0	0	0	0	0	0	0	0	0	0	0	0	0	0	0	0	0	0	0	0	0	96	0	0	0	0	0	0	0	0	0	0	0	0	0	0	0	0	0	0	0	0	0	0	96	0	0	0	0	0	0	0	0	0	0	0	0	0	0	0	0	0	192	0	0	0	0	0	
0	0	0	0	0	0	0	0	0	0	0	0	0	0	0	0	0	0	0	0	0	0	96	0	0	0	0	0	0	0	0	0	0	0	0	0	0	0	0	0	0	0	192	0	0	0	0	0	0	0	0	0	0	0	0	0	0	0	0	96	0	0	0	0	0	0	0	0	0	0	
0	0	0	0	0	0	0	0	0	0	0	0	48	0	0	0	0	0	0	0	0	0	0	0	0	0	0	0	0	0	0	0	0	0	0	0	0	0	0	0	500	0	0	0	0	0	0	0	0	0	0	0	0	0	0	0	0	0	0	0	0	0	0	0	0	0	0	0	0	0	
0	0	0	0	0	0	0	0	0	0	0	48	0	0	0	0	0	0	0	0	0	0	0	0	0	0	0	0	0	0	0	0	0	0	500	0	0	0	0	0	0	0	0	0	0	0	0	0	0	0	0	0	0	0	0	0	0	0	0	0	0	0	0	0	0	0	0	0	0	0	
500	0	0	0	0	0	0	0	0	192	0	0	0	96	0	0	0	0	0	0	0	0	0	0	0	0	0	0	0	0	0	0	0	0	0	0	0	0	0	0	0	0	0	0	0	0	0	0	0	0	0	0	0	0	0	0	0	0	0	0	0	0	0	0	0	0	0	0	0	500	
0	0	0	0	0	0	0	0	192	0	0	0	0	192	0	0	0	0	0	0	0	0	0	0	0	0	0	0	0	0	0	0	0	0	0	0	0	0	0	0	0	0	0	0	0	0	0	0	0	0	0	0	0	0	0	0	0	0	0	0	0	0	0	0	0	96	0	0	0	192	
0	0	0	192	0	0	0	0	0	0	0	0	0	0	96	0	0	0	0	0	0	0	0	0	0	500	0	0	0	0	0	0	0	0	0	0	0	0	0	0	0	0	0	0	0	0	0	0	0	0	0	0	0	0	0	0	0	0	0	0	0	0	0	0	0	0	0	0	0	0	
0	0	0	0	0	0	0	48	0	0	0	0	0	0	0	0	0	0	0	0	0	0	0	0	0	500	0	0	0	0	0	0	0	0	0	0	0	0	0	0	0	0	0	0	0	0	0	0	0	0	0	0	0	0	0	0	0	0	0	0	0	0	0	0	0	0	0	0	0	0	
0	0	0	0	0	0	48	0	0	0	0	0	0	0	0	0	0	0	0	0	0	0	0	0	0	0	0	0	0	0	0	0	0	0	0	0	0	0	0	0	0	0	0	0	0	0	0	0	0	0	0	0	0	0	0	0	0	0	0	0	0	0	0	0	0	0	48	0	0	0	
0	0	0	0	0	0	0	0	96	192	0	0	0	0	0	0	0	0	0	0	0	0	0	0	0	0	0	0	0	0	0	0	0	0	0	0	0	0	0	0	0	0	0	0	0	0	0	0	0	0	0	0	0	0	0	0	0	0	0	0	0	0	0	0	0	48	0	0	0	500	
0	0	0	192	0	0	0	0	0	0	96	0	0	0	0	0	0	0	0	0	0	0	0	0	0	0	0	0	0	0	0	0	0	0	0	0	0	0	0	0	192	0	48	0	0	0	0	0	0	0	0	0	0	0	0	0	0	0	0	0	0	0	0	0	0	0	0	0	0	0	
0	0	0	0	0	0	0	0	0	0	0	0	0	0	0	0	0	0	0	0	0	0	0	0	0	0	0	0	0	0	0	0	0	0	0	0	0	96	0	0	0	0	0	0	0	0	0	0	0	0	0	0	0	96	0	0	0	0	0	0	0	0	0	0	0	0	0	0	0	0	
0	0	0	0	0	0	0	0	0	0	0	0	0	0	0	0	0	0	0	96	0	0	0	0	0	0	0	0	0	0	0	0	0	0	0	0	192	0	0	0	0	0	0	0	0	0	0	0	0	0	0	0	0	0	0	0	0	0	0	0	0	0	0	0	0	0	0	0	0	0	
0	96	0	0	0	0	0	0	0	0	0	0	0	0	0	0	0	0	0	0	0	0	0	0	0	0	0	0	0	0	0	0	0	0	0	0	0	0	0	0	0	0	0	0	0	0	0	0	0	0	0	0	0	0	0	0	0	0	192	0	0	0	0	0	0	0	0	0	0	0	
0	0	0	0	0	0	0	0	0	0	0	0	0	0	0	0	0	0	0	0	0	0	0	0	0	0	0	0	0	0	0	0	0	0	0	0	0	0	0	0	0	0	0	0	0	0	0	0	0	0	0	0	0	0	0	0	500	192	0	0	0	0	0	0	0	0	0	0	0	0	
0	0	0	0	0	0	0	0	0	0	0	0	0	0	0	0	96	0	0	0	0	0	0	0	0	0	0	0	0	0	0	0	0	0	0	0	0	0	0	0	0	0	0	0	0	0	0	0	0	0	96	0	0	0	0	0	0	0	0	0	0	0	0	48	0	0	0	0	0	0	
96	0	0	0	0	0	0	0	0	0	0	0	0	0	0	0	0	0	0	0	0	0	0	0	0	0	0	0	0	0	0	192	0	0	0	0	0	0	0	0	0	0	0	0	0	0	0	0	0	0	0	0	0	0	48	0	0	0	0	0	0	0	0	0	0	0	0	0	0	0	
0	0	192	0	0	0	0	0	0	0	0	0	0	0	0	0	0	0	0	0	0	0	0	0	0	0	0	0	0	0	0	0	0	0	0	0	0	0	0	0	0	0	0	0	0	0	0	0	0	0	0	0	0	0	0	500	48	48	0	0	0	0	0	0	0	0	0	0	0	0	
0	0	0	500	0	96	0	0	0	0	0	0	0	0	0	0	0	0	0	0	0	0	0	0	0	0	0	0	0	0	0	0	0	0	0	0	0	0	0	0	0	0	0	0	0	0	0	0	0	0	0	0	0	0	0	0	0	0	0	0	0	0	0	0	0	0	0	0	0	0	
0	0	0	0	96	0	0	0	0	0	0	0	0	0	0	0	0	0	0	0	0	0	0	0	0	0	0	0	0	0	0	0	0	0	0	0	0	0	0	0	0	0	0	0	0	0	96	0	0	0	0	0	0	0	0	0	0	0	0	0	0	0	0	0	192	0	0	0	0	0	
0	0	0	0	0	0	0	0	0	0	0	0	0	0	0	0	0	0	0	0	0	0	0	0	0	0	0	0	0	0	500	0	96	0	0	0	0	0	0	0	0	0	0	0	0	0	0	0	0	0	0	0	0	0	0	0	0	0	0	0	0	0	0	0	0	0	0	0	0	0	
0	0	0	192	0	0	0	0	0	0	500	500	0	0	0	0	0	0	0	0	0	0	0	0	0	0	0	0	0	0	0	0	0	0	0	0	0	0	0	0	0	0	0	0	0	0	0	0	0	0	0	0	0	0	0	0	0	0	0	0	0	0	0	0	0	0	0	0	0	0	
0	0	0	0	0	0	0	0	0	0	0	0	0	0	0	0	0	0	0	0	0	0	0	0	0	0	0	0	0	500	0	0	0	0	0	0	0	0	0	0	0	0	0	0	0	0	0	0	0	0	0	0	0	0	0	0	0	0	0	0	0	192	0	0	0	0	0	0	0	0	
96	0	0	0	0	0	0	0	0	0	0	0	0	0	0	0	0	0	0	0	0	0	0	0	0	0	0	0	48	0	0	0	0	0	0	0	0	0	0	0	0	0	0	0	0	0	0	0	0	0	0	0	0	0	0	0	0	0	0	0	0	0	0	0	0	0	0	0	0	0	
500	0	0	0	0	0	0	0	0	0	0	0	0	0	0	0	0	0	0	0	0	0	0	0	0	0	0	48	0	0	0	0	0	0	0	0	0	0	0	0	0	0	0	0	0	0	0	0	0	0	0	500	0	0	0	0	0	0	0	0	0	0	0	0	0	0	0	0	0	0	
0	0	0	0	0	0	0	0	0	0	0	0	0	0	0	0	0	0	0	0	0	0	0	0	0	0	500	0	0	0	0	0	0	0	0	0	0	0	0	0	0	0	0	0	0	0	0	0	0	0	0	0	0	0	0	0	0	0	0	0	0	0	0	0	0	0	0	0	96	0	
0	0	0	0	0	0	0	0	0	0	0	0	0	0	0	0	0	0	0	0	0	0	0	0	500	0	0	0	0	0	0	0	0	0	0	0	0	0	0	0	0	0	0	0	0	0	0	0	0	0	0	0	0	0	0	0	0	0	0	0	500	0	0	0	0	0	0	0	0	0	
0	0	0	0	0	0	0	0	0	0	0	0	0	0	0	0	0	0	0	0	192	0	0	0	0	0	0	0	0	0	0	0	0	0	0	0	0	0	0	0	0	0	0	0	0	0	0	0	0	0	0	0	0	0	48	0	0	0	0	0	0	0	0	0	0	0	0	0	0	0	
0	0	0	0	0	0	0	0	0	0	0	0	0	0	0	0	0	0	0	0	0	0	0	0	96	0	0	0	0	0	0	0	0	0	0	0	0	0	0	0	0	0	0	0	0	0	0	0	0	0	0	0	0	0	0	0	0	0	500	0	192	0	0	0	0	0	0	0	0	0	
0	0	0	0	0	0	0	0	0	0	0	0	0	0	0	0	0	0	0	0	0	0	0	0	0	0	0	0	0	0	0	0	0	0	0	0	0	0	0	0	0	48	0	0	0	0	0	0	0	0	0	500	0	0	0	0	0	0	0	0	0	48	0	0	0	0	0	0	0	0	
0	0	0	0	0	0	0	500	0	0	0	0	0	0	0	0	0	0	0	0	0	0	0	0	0	0	0	0	0	0	0	0	0	0	0	0	0	0	0	0	0	0	0	0	0	48	0	0	0	0	0	0	0	0	0	0	0	0	0	0	0	0	0	0	0	0	0	0	0	0	
0	0	0	0	0	0	0	0	0	0	0	0	0	0	0	0	0	0	0	0	0	0	0	0	0	0	0	0	0	0	0	0	0	0	0	0	0	0	0	0	48	0	0	0	0	0	0	0	0	0	0	0	0	0	0	0	0	0	0	192	0	0	0	0	0	0	96	0	0	0	
0	0	0	0	0	0	0	0	0	0	0	0	0	0	0	0	192	0	0	0	0	0	0	0	0	0	0	0	0	0	0	0	0	0	0	0	0	0	0	0	0	0	0	0	0	0	0	0	0	500	0	0	0	0	0	0	0	0	0	0	0	0	0	0	0	0	0	0	0	0	
0	0	0	0	0	0	0	0	0	0	0	0	0	0	0	96	0	0	0	0	0	0	0	0	0	0	0	0	0	0	0	0	0	0	0	0	0	0	0	0	0	0	0	0	0	48	0	0	0	0	0	0	0	48	0	0	0	0	0	0	0	0	0	0	0	0	0	500	0	0	
0	0	0	0	0	0	0	0	0	0	0	0	0	0	0	0	0	0	0	0	0	0	0	0	0	0	0	0	0	0	0	0	0	0	0	0	0	0	0	0	0	0	0	0	96	0	0	500	0	0	0	0	0	0	0	0	0	0	48	0	0	0	0	0	0	0	0	0	0	0	
0	0	0	0	0	0	0	0	0	0	0	0	0	0	0	0	0	0	0	0	0	0	0	0	0	0	0	0	0	0	0	0	0	0	0	0	0	0	0	0	0	0	0	0	0	0	0	0	0	96	0	0	0	0	0	0	0	0	0	96	0	0	0	0	0	0	0	0	0	0	
0	0	0	0	0	0	500	0	0	0	0	0	0	0	192	0	0	0	0	0	0	0	0	0	0	0	0	0	0	0	0	0	0	0	0	48	0	0	0	0	0	0	0	0	0	0	0	0	0	0	0	0	0	0	0	0	0	0	0	0	0	0	0	0	0	0	0	0	0	0	
0	0	0	0	0	0	0	0	0	0	0	0	0	0	0	0	0	0	0	0	0	0	0	0	0	0	0	0	0	0	0	0	0	48	0	0	0	0	0	0	0	0	0	0	0	500	0	0	0	0	0	0	0	0	0	0	0	0	0	0	0	0	0	0	0	0	0	0	0	0	
0	0	0	0	0	192	0	0	0	0	0	0	0	0	48	0	0	0	0	0	0	0	0	0	0	0	0	0	0	0	0	0	0	0	0	0	0	0	0	0	0	0	0	0	0	0	0	0	0	0	0	0	0	0	0	0	0	0	0	0	0	0	0	0	0	0	0	0	0	0	
0	0	0	0	0	0	0	0	0	0	0	0	0	0	0	0	0	0	0	0	0	0	0	0	0	0	0	0	0	0	0	0	0	0	0	0	0	0	0	0	0	0	0	0	0	0	0	0	0	0	0	0	0	0	0	0	0	0	48	0	0	0	0	0	0	0	0	192	0	0	
0	0	0	0	0	0	0	0	0	0	0	0	0	0	0	0	0	0	0	0	0	0	0	0	0	0	0	0	0	0	0	0	0	0	0	0	0	0	96	0	0	0	0	0	0	0	0	0	500	0	192	0	192	0	0	0	0	0	0	0	0	0	0	0	0	0	0	96	0	0	
0	0	0	0	0	0	0	0	0	0	0	0	0	0	0	0	0	0	0	0	0	0	0	0	0	0	0	0	0	0	0	0	0	0	48	0	0	48	0	0	0	500	0	0	0	0	0	0	0	0	0	0	0	0	0	0	0	0	0	0	0	0	0	0	0	0	0	0	0	0	
0	0	0	0	96	0	0	0	0	0	0	0	0	0	0	0	0	0	0	0	0	0	0	96	0	0	0	0	0	0	0	0	0	0	0	0	0	0	0	0	0	0	0	0	0	0	0	0	0	0	0	0	0	0	0	0	0	0	0	0	0	0	0	0	0	0	0	0	0	0	
0	192	0	0	0	0	0	0	0	0	0	0	0	0	0	0	0	0	0	0	0	0	0	0	0	0	0	0	0	0	0	0	0	0	0	0	0	0	500	0	0	0	0	0	0	0	0	0	0	0	0	0	0	0	0	0	0	0	0	0	0	0	0	0	0	0	0	0	0	0	
0	0	0	0	0	0	0	0	0	0	0	0	0	0	0	0	0	0	0	0	0	0	0	0	0	0	0	0	0	0	0	0	0	0	0	0	0	0	0	0	0	0	0	0	500	0	0	0	0	0	0	0	500	0	0	0	48	0	0	0	0	0	96	0	0	0	0	0	48	0	
0	0	0	0	0	0	0	0	0	0	0	0	0	0	0	0	0	0	0	0	0	0	0	0	0	0	0	0	0	0	0	0	0	0	0	0	500	0	0	96	0	0	0	0	0	0	0	0	0	0	0	0	0	0	0	0	0	0	0	0	0	0	0	96	0	0	0	0	0	0	
0	0	0	0	0	0	0	0	0	0	0	0	0	0	0	0	0	0	0	96	0	0	0	0	0	0	0	0	0	0	0	0	0	0	0	0	0	0	0	0	0	0	0	0	192	0	0	0	0	0	0	0	0	0	0	0	0	0	0	0	0	0	0	0	0	0	0	0	0	0	
0	0	0	0	0	0	0	0	0	0	0	0	0	0	0	0	0	0	0	0	0	0	0	0	0	0	0	0	500	0	0	0	0	500	0	0	0	0	0	0	0	0	0	0	0	0	0	0	0	0	0	0	0	0	0	0	0	0	0	0	0	0	0	0	0	0	0	0	0	0	
0	0	0	0	0	0	0	0	0	0	0	0	0	0	0	0	0	0	0	0	0	0	0	0	0	0	0	0	0	0	0	0	0	0	0	0	0	0	0	0	0	0	0	0	192	0	0	0	500	0	0	0	0	0	0	0	500	0	0	0	0	0	96	0	0	0	0	0	0	0	
0	0	0	0	0	0	0	0	0	0	0	0	0	0	0	96	0	0	0	0	0	0	0	0	0	0	0	0	0	0	0	0	0	0	0	0	0	48	0	0	0	0	0	0	0	0	0	0	0	0	0	0	0	0	0	0	0	0	0	0	0	0	0	0	0	0	0	0	0	0	
0	0	0	0	0	0	0	0	0	0	0	0	0	0	0	0	0	0	0	0	48	0	0	0	0	0	0	0	0	0	0	48	0	0	0	0	0	0	0	0	0	0	0	0	0	0	0	0	0	0	0	0	0	0	0	0	0	0	0	0	0	0	0	0	0	0	0	0	0	0	
0	0	96	0	0	0	0	0	0	0	0	0	0	0	0	0	0	0	0	0	0	500	0	0	0	0	0	0	0	0	0	0	0	0	0	0	0	0	0	0	0	0	0	0	0	0	0	0	0	0	0	0	0	0	0	0	0	500	0	0	0	0	0	0	0	0	0	0	0	0	
0	0	0	0	0	0	0	0	0	0	0	0	0	0	0	0	0	0	500	0	0	48	0	0	0	0	0	0	0	0	0	0	0	0	0	0	0	0	0	0	0	0	0	0	0	0	0	0	48	0	0	0	500	0	0	0	0	0	0	0	0	0	0	0	0	0	0	0	0	0	
0	0	0	0	0	0	0	0	0	0	0	0	0	0	0	0	0	0	192	0	0	48	0	0	0	0	0	0	0	0	0	0	0	0	0	0	0	0	0	0	0	0	0	0	0	0	0	0	0	0	0	0	0	0	0	500	0	0	0	0	0	0	0	0	0	0	0	0	0	0	
0	48	0	0	0	0	0	0	0	0	0	0	0	0	0	0	0	192	0	0	0	0	0	0	0	0	0	0	0	0	0	0	500	0	0	0	0	0	48	0	0	0	0	48	0	0	0	0	0	0	0	0	0	0	0	0	0	0	0	0	0	0	0	0	0	0	0	0	0	0	
0	0	0	0	0	96	0	0	0	0	0	0	0	0	0	0	0	0	0	0	0	0	0	0	0	0	0	0	0	0	0	0	0	0	0	192	0	0	0	96	0	0	0	0	0	0	0	0	0	0	0	0	0	0	0	0	0	0	0	0	0	0	0	0	0	0	0	0	0	0	
0	0	0	0	0	0	0	0	0	0	0	0	0	0	0	0	0	0	0	0	0	0	0	0	0	0	0	0	0	0	500	0	192	0	0	0	0	0	0	0	0	0	0	0	0	0	0	0	0	0	0	0	0	0	0	0	0	0	0	0	0	0	0	0	0	0	0	0	0	0	
0	0	0	0	0	0	0	0	0	0	0	0	0	0	0	0	0	0	0	0	0	0	0	0	0	0	192	0	0	0	0	0	0	48	0	0	0	0	0	0	0	0	0	0	0	0	0	0	0	0	0	0	0	0	0	0	0	0	0	0	0	0	0	0	0	0	0	0	0	0	
0	0	0	0	0	0	0	0	0	0	0	0	0	0	0	0	0	0	0	0	0	0	0	0	0	0	0	0	0	0	0	0	0	0	0	0	0	0	0	0	0	0	0	0	0	0	0	0	96	0	0	0	96	0	0	0	0	0	0	0	0	0	0	0	0	0	0	0	0	0	
0	0	0	0	0	0	0	0	0	0	0	0	0	0	0	0	0	0	0	48	0	0	0	0	0	0	0	0	0	0	0	0	0	0	0	0	0	0	0	0	0	0	0	0	0	0	0	0	0	96	0	0	0	0	0	0	0	0	0	0	0	0	0	0	0	0	0	0	0	0	
0	0	0	0	192	0	0	0	0	0	0	0	0	0	0	0	0	0	0	0	0	0	0	192	0	0	0	0	0	0	0	0	0	0	0	0	0	0	0	0	0	0	0	0	0	0	0	0	0	0	0	0	0	0	0	0	0	0	0	0	0	0	0	0	0	0	0	0	0	0	
0	0	0	0	0	0	0	0	0	96	0	0	0	48	0	0	0	0	0	0	0	0	0	0	0	0	0	0	0	0	0	0	0	0	0	0	0	0	0	0	0	0	0	0	0	0	0	0	0	0	0	0	0	0	0	0	0	0	0	0	0	0	0	0	0	0	0	0	0	0	
0	0	0	0	0	0	0	0	0	0	0	0	48	0	0	0	0	0	0	0	0	0	0	0	0	0	0	0	0	0	0	0	0	0	0	96	0	0	0	0	0	0	0	0	0	0	0	0	0	0	0	0	0	0	0	0	0	0	0	0	0	0	0	0	0	0	0	0	0	0	
0	0	0	0	0	0	0	0	0	0	0	0	0	0	0	0	0	0	0	0	0	0	0	0	0	0	0	0	0	0	0	0	0	0	0	0	0	500	0	0	0	0	0	192	96	0	0	0	0	0	0	0	0	0	0	0	0	0	0	0	0	0	0	0	0	0	0	0	0	0	
0	0	0	0	0	0	0	0	0	0	0	0	0	0	0	0	0	0	0	0	0	0	0	0	0	0	0	0	0	96	0	0	0	0	0	0	0	0	0	0	0	0	0	0	0	0	0	0	48	0	0	0	0	0	0	0	0	0	0	0	0	0	0	0	0	0	0	0	0	0	
0	0	0	0	0	0	0	0	500	192	0	0	0	500	0	0	0	0	0	0	0	0	0	0	0	0	0	0	0	0	0	0	0	0	0	0	0	0	0	0	0	0	0	0	0	0	0	0	0	0	0	0	0	0	0	0	0	0	0	0	0	0	0	0	0	0	0	0	0	0	
37	8	0	67	24	19	24	31	13	8	56	51	48	22	14	39	53	15	3	49	50	44	34	44	29	27	22	64	11	22	22	26	47	10	24	17	3	2	49	25	51	58	50	18	10	64	5	24	27	13	33	7	46	9	49	30	17	58	19	28	68	63	23	39	2	44	38	48	26	46	35	69	61	36	24	55	20	63	8	4	48	38	10	35	43	26	64	68	61	2	22	65	60	50	4	39	35	21	34	4	7	69	50	25	20	52	28	20	16	7	6	16	40	8	64	61	26	19	51	8	8	65	3	19	67	51	11	3	64	7	62	18	11	59	68	16	54	42	46	30	40	24	68	62	51	42	45	55	61	39	10	45	1	17	31	13	59	45	33	61	3	53	43	64	16	12	17	25	9	54	67	8	14	24	42	55	67	60	13	8	55	13	61	23	16	56	26	41	30	11	68	59	50	13	38	65	16	39	11	38	19	8	2	6	66	65	35	57	12	57	12	59	1	67	56	66	40	22	32	8	28	25	12	49	50	8	27	13	68	68	48	46	0	30	61	17	40	4	53	44	12	13	40	46	27	35	45	35	60	59	47	54	55	57	10	33	58	18	10	32	8	16	40	40	7	40	7	26	63	29	1	8	53	47	17	21	48	59	20	44	60	69	53	23	19	35	38	47	0	48	21	36	49	3	47	68	28	16	47	15	52	59	15	11	43	25	57	48	50	50	40	16	35	40	33	30	54	8	15	30	62	68	67	17	21	25	59	51	40	18	25	47	61	4	8	29	55	58	10	39	10	59	16	13	42	38	53	7	60	33	1	21	30	5	53	21	67	62	50	43	45	40	0	29	16	0	40	62	57	64	5	58	2	10	2	3	57	43	26	7	47	38	48	10	21	49	45	48	23	32	18	35	21	64	15	37	41	35	24	16	52	38	42	25	11	32	64	64	6	43	4	14	47	64	13	69	28	49	19	12	16	63	15	13	24	6	8	40	46	19	10	23	26	32	16	50	14	36	46	25	13	26	47	12	0	36	12	24	39	61	41	29	40	64	23	30	47	66	22	31	23	18	5	67	19	33	65	62	69	8	6	24	57	50	5	63	16	14	42	17	46	12	32	29	3	41	48	7	0	12	38	62	30	13	46	0	41	21	31	44	29	8	68	54	1	33	9	10	27	54	7	22	21	14	37	66	40	27	56	8	16	52	64	64	51	52	59	16	62	69	52	60	20	22	2	13	31	17	31	49	3	60	44	41	27	64	44	54	65	34	45	0	3	24	3	13	66	62	27	29	6	11	32	14	19	39	18	41	2	14	0	39	8	43	67	48	57	8	45	47	65	26	67	60	33	66	54	34	13	39	10	31	61	52	39	48	30	40	26	53	33	58	38	26	36	36	57	36	29	37	28	38	26	69	42	26	6	8	61	47	66	17	61	6	19	32	47	66	30	27	18	39	38	13	65	64	65	37	12	60	59	69	47	17	5	19	23	21	63	66	13	37	15	0	36	7	68	16	54	62	67	35	44	46	12	61	1	4	19	33	54	40	65	23	20	31	56	58	68	36	44	8	39	67	50	38	50	28	55	48	42	19	10	69	26	66	12	58	31	50	16	11	24	32	48	33	8	64	34	41	36	65	4	26	61	49	23	57	32	52	42	53	0	68	33	29	14	21	22	62	11	37	50	23	54	18	47	2	56	54	57	20	33	13	7	44	52	46	62	30	24	63	8	19	52	55	5	61	0	28	29	53	64	35	37	64	1	54	58	66	20	31	49	60	57	12	31	44	9	35	11	29	33	53	9	3	47	32	27	3	51	15	12	27	40	12	25	43	41	68	3	66	24	3	59	1	28	45	62	20	48	6	59	27	25	14	39	57	45	55	41	46	62	29	49	34	69	45	16	20	39	38	64	66	56	16	9	41	68	36	32	16	34	22	69	12	69	62	14	36	20	52	16	47	33	62	33	62	55	34	58	51	41	16	31	47	37	62	34	28	19	38	50	34	10	60	17	50	5	49	60	60	48	1	24	54	22	36	37	29	66	56	67	56	36	3	32	5	12	47	34	20	19	42	50	56	38	48	31	51	42	29	23	46	33	33	34	57	13	68	37	55	23	1	29	22	14	46	44	53	47	49	4	5	50	26	1	60	37	33	33	11	15	64	29	46	27	61	50	50	64	8	28	4	38	25	7	68	27	65	52	45	64	36	6	32	32	59	45	44	50	8	3	42	52	68	64	63	36	1	49	6	19	51	59	58	40	18	51	52	2	46	60	40	35	0	19	29	9	46	20	56	15	25	3	1	4	25	53	69	26	53	16	0	6	49	60	65	11	57	22	23	55	49	36	26	29	65	29	37	57	51	52	24	45	7	13	14	63	59	34	59	3	1	17	2	9	56	2	13	3	50	22	38	35	60	54	54	29	21	30	60	2	57	64	58	59	8	25	0	18	30	18	15	10	29	37	1	24	56	28	38	14	50	61	17	2	61	13	40	23	54	9	8	60	47	44	24	41	13	35	9	51	62	45	2	31	61	54	64	35	42	44	42	27	57	47	16	8	37	54	51	65	9	12	9	65	23	39	40	58	4	11	29	13	61	39	62	1	9	61	29	14	66	37	29	30	39	36	25	50	51	17	59	3	16	34	43	15	30	43	18	21	52	27	56	35	19	56	58	34	69	46	34	39	51	64	41	68	3	14	31	34	23	26	69	38	68	69	36	24	51	42	22	54	64	59	62	35	67	12	34	42	30	64	49	20	43	47	66	69	67	45	5	19	1	7	51	5	1	18	45	20	18	22	42	6	30	25	51	66	43	33	55	23	7	31	1	11	42	44	30	23	4	37	23	3	53	15	64	48	17	21	44	55	46	39	56	6	5	49	66	40	16	35	31	29	64	10	19	63	25	31	53	52	8	46	2	29	9	27	42	3	38	57	36	41	57	16	54	38	44	65	23	26	32	4	27	50	43	51	11	33	52	3	61	69	9	66	53	19	15	39	20	68	40	42	1	46	26	3	22	20	5	41	67	66	21	4	25	68	0	69	44	53	46	17	26	62	61	13	34	24	49	35	0	17	15	40	67	44	33	63	20	14	67	42	22	19	21	14	20	3	65	65	29	17	53	65	14	30	69	13	1	42	23	11	33	56	25	38	4	33	45	34	27	63	21	55	32	8	32	26	54	55	14	3	30	3	65	48	13	9	35	52	14	55	0	6	29	20	54	12	18	65	53	50	46	32	59	64	69	21	46	27	52	57	40	32	21	61	67	31	3	5	4	46	52	44	35	21	63	48	16	27	19	60	51	19	43	29	26	57	67	49	31	3	4	9	2	52	66	43	57	14	50	62	38	51	32	9	40	36	35	50	35	7	2	0	14	12	28	59	55	18	68	66	65	2	29	40	18	64	14	61	4	30	64	38	51	61	22	63	17	43	4	10	33	63	19	15	11	1	37	25	58	13	69	1	46	26	53	62	0	48	56	53	40	12	33	48	34	54	63	64	10	22	36	64	2	55	49	17	28	57	64	59	20	18	56	44	44	53	55	57	12	59	46	53	25	14	15	18	43	16	18	63	5	44	42	55	58	32	26	4	40	18	29	10	4	29	10	38	43	69	25	15	36	12	35	69	67	23	68	1	69	11	1	44	0	8	8	36	54	50	62	20	46	18	58	7	62	22	51	60	19	68	20	66	66	43	20	3	27	18	32	49	18	25	6	66	42	42	63	65	50	33	13	64	24	35	1	26	39	63	43	4	50	28	28	60	22	67	41	57	27	69	51	20	22	44	15	57	46	14	55	64	23	38	7	38	43	63	46	64	67	4	36	1	34	6	28	41	14	62	26	9	60	15	19	36	2	54	23	53	10	28	35	13	35	41	16	19	9	9	51	32	61	27	18	49	40	2	26	7	41	21	31	53	24	53	10	10	6	41	9	59	52	7	67	51	0	37	44	43	45	9	56	62	11	54	40	61	46	57	55	17	24	2	45	38	67	27	4	8	33	61	33	51	14	14	0	5	58	12	0	38	13	48	67	3	42	11	26	17	43	25	49	47	3	60	49	23	26	2	59	5	59	30	12	26	38	29	16	19	37	31	14	64	28	42	62	38	61	14	27	56	15	40	57	16	54	40	29	62	31	35	23	61	6	12	65	28	36	52	50	69	7	62	3	25	11	47	23	27	4	59	39	5	24	2	69	62	15	0	44	3	59	32	16	34	6	55	58	55	56	47	2	11	22	38	17	59	26	57	22	21	50	52	34	16	54	53	2	19	8	3	21	40	40	58	42	30	34	13	23	18	26	23	9	38	66	7	44	16	48	49	25	17	60	58	8	56	27	31	54	25	27	27	0	29	28	30	65	64	14	12	44	41	63	19	59	63	61	33	10	10	68	11	34	53	8	
21	52	26	50	7	68	24	69	50	44	49	69	68	13	25	8	6	66	8	28	18	65	49	18	58	69	32	59	33	69	7	51	60	67	62	3	1	28	9	36	65	19	3	27	57	23	52	13	16	11	24	37	37	21	62	64	46	38	2	5	22	19	57	42	54	64	46	14	6	18	41	40	52	22	44	38	21	34	48	0	25	35	59	44	60	14	33	38	65	62	52	33	50	62	55	31	37	18	42	36	3	67	9	59	59	29	16	18	55	19	43	7	4	34	4	28	53	25	68	36	17	29	8	41	65	24	49	65	52	35	1	55	16	10	39	47	52	4	19	69	9	8	21	67	5	43	43	22	49	14	13	34	6	53	42	1	47	11	68	35	61	12	39	33	26	29	20	60	63	55	13	13	55	43	4	26	53	38	5	64	28	32	20	3	4	30	67	13	38	68	17	45	29	69	62	18	6	13	60	59	3	6	60	46	19	22	47	40	49	54	68	63	32	37	12	46	53	12	50	65	10	27	6	10	14	17	21	33	50	7	57	16	47	51	42	52	12	58	46	26	37	57	61	44	9	3	20	61	47	19	23	40	59	49	2	32	42	48	42	58	69	61	57	40	25	14	67	9	5	54	32	22	58	20	28	53	24	36	10	28	28	41	30	55	17	54	42	10	8	67	22	62	28	57	36	31	43	65	49	19	42	40	59	61	14	59	8	61	27	40	22	47	38	36	49	12	4	0	34	48	38	30	61	15	37	45	16	21	1	44	18	68	7	66	9	43	0	61	39	39	67	59	30	20	49	40	30	11	55	1	7	53	19	44	2	27	61	62	43	58	13	51	12	32	22	22	68	8	68	8	20	25	38	50	3	63	25	27	29	32	62	31	14	56	55	29	9	59	11	5	23	34	49	66	69	37	58	21	2	66	41	67	57	52	60	59	50	61	0	41	4	27	6	48	9	45	64	6	65	21	59	64	55	67	67	57	25	46	8	28	60	48	30	4	49	20	27	59	67	1	24	48	3	62	61	27	37	35	65	17	68	22	30	50	47	57	45	50	58	35	48	19	60	0	9	64	43	56	35	16	24	45	53	14	54	11	51	10	3	11	44	37	48	24	45	16	28	36	27	29	66	29	16	37	49	17	11	19	5	34	1	36	35	33	5	53	3	64	26	26	9	7	36	32	50	67	66	66	52	44	45	28	17	14	18	39	65	69	16	28	36	11	31	23	61	3	46	61	18	58	12	57	30	0	67	39	44	50	58	36	9	51	65	23	19	22	24	1	14	2	49	13	50	20	18	13	9	59	8	4	7	16	67	69	33	13	56	38	67	23	2	22	15	35	65	40	48	15	0	35	58	51	14	63	8	29	12	49	55	37	3	4	68	58	69	28	58	34	35	58	17	17	62	7	30	20	10	55	64	49	65	39	50	44	22	28	24	17	39	21	29	48	65	19	31	20	68	48	1	16	39	65	9	64	17	20	30	62	13	40	44	8	34	48	10	30	52	67	59	9	9	58	45	55	34	15	18	60	44	25	42	14	40	42	13	10	26	41	45	44	36	33	24	10	29	35	55	41	54	16	19	51	17	40	65	26	5	44	61	30	15	65	16	54	2	15	66	26	5	29	59	16	61	6	51	17	12	38	21	55	15	58	5	44	53	11	63	11	30	2	56	26	32	3	30	43	54	37	58	6	52	37	31	17	42	59	7	7	27	30	0	34	31	27	69	29	2	15	0	40	2	65	43	16	3	21	46	20	2	58	43	67	67	21	1	9	31	32	16	20	37	38	54	11	11	20	40	36	54	26	1	7	33	59	67	50	17	8	47	19	37	69	50	39	31	19	14	40	60	25	46	18	21	54	57	40	53	21	11	44	25	2	16	36	17	28	25	19	54	16	62	17	53	26	57	24	41	11	38	10	25	18	65	41	7	26	2	14	4	49	42	23	27	48	31	20	66	16	27	40	24	3	61	45	22	44	31	69	5	34	41	21	52	41	41	59	43	0	57	43	29	24	16	6	39	16	12	0	20	51	31	7	15	13	11	13	57	19	2	68	20	55	61	43	21	66	12	50	25	19	43	27	32	43	49	31	27	65	60	6	37	45	23	20	15	20	35	22	58	58	15	68	5	38	66	46	50	69	16	38	64	56	14	69	46	12	40	7	24	29	20	26	35	26	39	67	50	52	17	42	52	1	48	31	46	28	24	8	43	6	29	9	53	1	8	5	59	36	33	37	10	22	52	4	48	38	41	38	22	22	10	42	27	17	60	67	62	0	51	31	32	1	11	58	44	36	55	16	18	19	59	19	11	18	64	6	40	55	3	37	51	26	35	64	10	2	27	5	10	58	45	15	60	10	16	21	61	59	61	64	45	66	24	64	7	37	30	54	61	43	35	49	23	47	16	7	41	9	57	27	8	29	43	62	22	17	66	9	24	43	65	49	33	5	37	3	31	69	51	49	67	38	33	27	59	43	36	50	15	2	39	32	21	20	15	18	36	48	5	62	19	31	33	19	31	19	64	14	57	1	34	40	38	6	37	13	51	58	16	25	60	10	29	52	14	11	6	47	60	8	3	2	28	53	12	7	67	4	66	60	56	19	15	57	8	69	21	61	34	66	50	41	54	23	48	3	35	32	46	56	2	4	36	17	22	12	32	51	50	3	36	57	54	18	42	2	19	45	25	49	58	25	51	59	48	62	18	49	49	55	33	17	38	8	64	69	34	21	69	60	14	62	64	30	39	42	65	53	43	56	7	39	17	57	48	59	4	29	22	27	29	47	13	31	68	66	63	58	38	48	21	58	0	68	49	25	37	57	69	42	36	60	15	49	23	50	11	2	43	47	54	49	7	53	32	6	66	64	9	32	66	57	59	23	44	57	37	5	27	29	15	7	56	23	23	63	40	49	54	5	59	66	3	6	34	37	42	44	64	48	64	23	30	24	25	4	55	18	5	11	37	2	17	60	59	67	63	37	40	26	7	32	16	68	47	8	67	44	27	45	28	52	2	1	25	54	28	23	58	43	43	19	46	19	45	21	25	18	31	26	65	18	47	52	27	20	13	33	6	41	25	57	14	60	1	6	38	50	20	51	35	35	4	0	26	40	65	17	50	52	45	61	17	61	63	34	62	34	11	34	42	0	65	42	42	20	21	16	19	50	63	4	19	37	43	49	3	38	46	3	44	65	1	44	62	59	49	28	16	69	16	69	62	21	55	40	28	64	46	55	24	19	47	46	44	17	2	10	27	57	35	17	41	39	9	5	49	48	18	57	9	37	66	29	44	14	32	21	69	8	28	23	11	0	2	7	27	18	68	48	61	63	68	39	13	64	36	2	64	2	31	36	5	45	59	32	23	8	34	25	68	30	21	46	21	39	53	6	58	6	53	10	9	30	37	37	2	60	57	57	26	27	42	61	39	57	40	32	34	48	29	14	65	32	55	8	25	22	18	3	46	16	12	58	44	56	56	37	42	47	34	10	39	20	26	39	11	40	33	68	55	36	1	44	34	60	36	28	67	3	14	47	32	16	43	31	6	53	24	23	34	15	11	31	67	23	20	9	34	38	21	58	59	9	34	69	7	0	2	66	47	9	9	22	52	57	45	39	69	48	58	28	14	54	20	30	12	11	2	13	2	26	42	25	3	12	50	66	28	46	61	31	63	13	33	54	7	35	2	53	65	25	46	31	31	6	43	38	56	12	1	12	36	38	63	17	67	1	9	69	67	22	41	25	23	61	0	36	9	55	7	33	28	11	36	54	49	47	42	24	31	0	62	46	28	33	46	4	22	29	19	55	20	36	50	18	33	39	10	68	13	15	34	28	69	50	56	7	32	3	53	38	41	19	15	22	13	1	44	9	35	55	47	56	67	52	56	50	64	1	32	67	9	28	60	1	14	38	21	68	30	58	54	32	50	35	37	52	41	41	17	28	14	51	1	42	42	46	43	29	17	44	48	57	22	60	46	60	52	19	32	61	7	38	11	64	38	22	25	19	68	47	11	6	64	63	58	61	47	60	33	49	68	9	3	16	23	14	36	44	7	37	55	40	67	57	34	24	39	9	19	48	5	64	55	69	18	55	46	5	56	54	2	26	47	66	29	46	56	6	69	56	53	50	60	30	50	3	11	24	26	38	64	33	24	66	65	39	56	64	3	54	31	8	58	54	68	48	16	64	22	55	35	64	30	31	29	2	52	6	68	24	39	14	57	5	28	12	62	25	3	65	37	30	24	22	37	41	24	68	2	14	25	11	59	39	41	18	55	2	61	16	31	4	35	51	30	19	59	14	30	69	34	22	46	59	67	68	40	27	26	16	34	23	36	49	29	22	60	62	45	64	25	7	2	3	2	29	35	39	11	55	68	0	57	50	6	33	55	52	41	52	
25	26	35	32	26	31	34	29	22	20	35	25	24	32	24	20	36	28	20	40	33	26	37	20	24	23	31	36	26	27	20	26	21	36	26	23	21	27	26	31	29	35	30	31	27	35	28	35	28	20	33	23	31	25	24	26	31	37	20	26	21	35	37	20	26	25	26	27	22	34	26	37	28	33	24	30	30	34	38	21	22	30	28	26	38	35	24	32	23	32	29	29	40	26	37	38	33	37	30	39	26	31	23	36	21	37	30	38	38	38	40	26	31	32	28	22	39	31	27	34	29	22	31	34	24	34	21	34	27	31	27	39	23	21	40	20	33	20	26	35	36	24	39	39	33	33	30	24	27	32	33	22	33	37	31	26	30	40	27	20	27	21	28	30	35	25	37	23	21	23	20	24	30	22	25	37	28	22	22	36	30	35	25	31	20	22	23	36	36	38	38	21	26	32	33	37	31	30	40	39	20	22	29	38	34	27	32	25	28	27	21	36	31	25	40	22	32	32	26	28	25	30	34	28	30	33	40	21	29	23	22	39	23	36	27	31	32	27	29	35	33	27	23	28	37	25	39	20	40	36	40	33	20	37	32	32	32	20	31	33	34	25	34	36	29	20	26	23	32	20	34	22	21	38	38	30	33	20	33	37	36	26	34	35	20	37	36	29	38	36	35	39	33	39	38	32	29	23	26	39	26	36	28	21	25	26	25	39	33	28	30	34	25	31	31	39	37	27	34	39	25	32	21	29	25	22	38	40	30	23	39	20	33	28	21	39	34	20	38	39	22	26	34	33	31	25	28	21	28	22	35	37	36	38	33	38	23	39	28	22	25	30	31	28	25	39	36	22	36	20	36	21	27	32	40	29	22	38	27	29	29	35	35	22	26	21	32	27	26	29	39	33	25	37	35	30	29	20	29	28	26	20	37	23	33	23	30	26	32	26	38	36	23	39	24	32	32	29	21	36	34	26	31	33	40	25	23	33	29	27	34	26	37	30	21	23	33	30	28	23	27	40	29	22	25	23	32	24	30	22	37	34	39	25	22	27	37	30	20	33	20	29	36	30	27	36	21	26	33	25	21	23	20	33	36	39	21	36	26	36	21	35	27	40	25	21	22	28	39	30	22	34	28	39	21	21	29	38	38	21	39	31	29	32	38	26	22	21	28	22	23	25	24	27	31	36	21	27	25	25	23	22	37	34	30	24	36	26	30	31	27	26	36	20	31	40	23	27	31	36	40	33	27	29	32	36	20	36	39	30	27	31	38	26	22	39	27	32	20	34	34	36	31	40	39	28	30	38	25	31	23	26	30	26	26	39	30	26	26	22	37	33	40	35	20	28	40	31	38	38	25	30	28	27	20	25	31	35	24	22	36	25	29	23	23	38	21	34	37	27	26	26	28	28	23	21	23	25	32	22	34	21	33	32	24	32	37	27	32	30	26	24	32	22	38	32	39	34	24	21	33	40	33	33	38	31	28	28	27	36	27	37	23	32	31	30	29	32	37	38	22	24	21	37	37	26	39	21	30	24	31	21	24	29	32	25	20	29	36	26	38	37	24	25	39	35	30	30	29	21	35	39	28	22	25	30	40	35	21	24	29	28	35	38	29	32	30	21	33	30	23	28	34	40	23	32	30	26	32	27	36	20	35	22	27	22	25	20	21	24	20	38	35	28	35	34	20	37	33	40	30	34	33	36	35	26	28	28	39	26	34	35	29	24	33	20	33	21	33	40	27	35	20	40	21	36	32	29	24	21	20	38	36	36	34	34	32	39	26	38	30	23	38	35	20	20	38	29	31	30	36	38	24	34	36	32	33	20	27	40	34	23	36	31	38	23	36	35	34	30	29	24	37	31	25	20	38	29	39	28	35	33	24	20	30	29	23	23	36	24	27	37	35	20	28	25	28	24	20	20	31	22	24	27	31	22	22	34	24	37	37	40	22	28	21	39	24	36	38	20	37	40	24	32	25	29	36	26	32	39	37	23	38	22	23	30	33	20	34	28	36	20	31	20	27	25	27	36	35	34	23	23	27	33	30	29	26	30	31	21	37	21	36	36	38	37	26	29	28	26	25	25	36	27	30	38	35	38	28	23	26	31	35	29	21	29	33	32	36	29	32	32	26	33	39	40	25	35	37	30	22	25	31	39	32	29	28	27	39	40	37	37	36	36	29	35	31	40	34	32	27	22	20	20	28	28	22	40	39	30	38	23	29	26	28	30	28	37	21	33	38	24	23	24	26	21	20	26	35	31	32	20	39	39	35	38	34	35	29	27	31	24	25	27	38	37	39	33	31	35	34	35	31	29	31	34	22	21	34	25	32	20	28	21	31	36	40	21	39	33	20	27	37	24	27	25	39	24	24	30	35	26	34	27	30	32	22	24	22	39	23	25	24	35	31	39	22	22	28	30	32	38	34	29	32	37	35	29	29	25	31	32	31	38	31	30	28	35	34	40	39	33	39	28	20	34	24	23	25	35	28	26	34	29	31	38	23	31	28	35	27	30	31	24	32	31	35	40	39	39	33	30	26	32	29	26	22	32	24	40	40	31	22	36	24	22	21	25	32	34	26	21	21	22	35	29	37	33	26	27	27	25	30	34	22	23	24	24	29	39	24	26	25	40	26	29	35	25	34	34	28	32	29	33	35	35	32	27	25	31	37	32	40	20	28	29	40	35	26	32	32	25	31	32	33	37	29	29	20	38	40	36	34	22	28	20	35	31	32	33	37	20	35	23	21	33	22	40	38	34	32	35	38	22	30	23	23	20	29	29	31	27	32	35	25	36	31	28	21	21	37	27	23	21	22	31	39	31	29	37	37	29	36	22	40	21	25	38	22	20	26	40	34	29	28	23	37	37	34	40	27	30	36	24	24	29	28	35	24	33	31	36	35	34	35	20	37	32	20	37	36	22	23	36	21	31	38	23	21	37	40	26	30	29	40	38	40	35	31	39	32	23	23	38	24	21	39	39	33	28	23	28	37	22	30	39	25	25	30	27	30	38	32	32	23	22	28	38	28	23	24	39	32	20	37	25	33	27	29	21	30	30	38	33	36	21	24	23	33	22	40	40	24	34	32	35	33	20	40	40	21	34	25	34	26	34	39	22	25	26	28	21	27	32	32	25	21	25	39	28	36	35	23	30	28	26	28	25	23	40	28	24	34	21	27	29	31	21	20	28	34	31	20	33	28	36	22	26	24	30	31	39	21	30	31	23	28	29	32	29	30	27	39	21	24	39	37	26	20	28	22	30	31	37	33	24	27	28	38	30	38	37	23	38	35	36	23	24	22	24	31	22	38	32	25	21	25	28	35	25	20	24	22	37	24	31	30	22	31	24	21	38	35	31	26	28	20	27	40	30	40	23	37	37	32	40	38	29	20	30	36	22	24	27	36	36	31	21	26	35	23	23	22	23	34	21	27	31	26	24	33	38	31	31	21	36	39	39	26	22	20	32	24	29	30	22	38	34	39	37	39	31	39	22	37	28	36	37	37	21	23	22	33	39	28	38	32	31	23	37	39	31	26	28	21	30	31	40	31	27	40	22	29	20	36	20	33	39	31	22	30	38	40	21	37	25	38	20	20	34	39	34	38	28	28	33	31	35	20	24	34	26	32	27	35	24	26	24	27	39	20	36	30	38	26	29	26	40	33	26	26	20	40	26	20	28	35	28	29	36	29	39	39	37	36	39	30	24	37	23	23	32	22	27	32	40	36	20	23	26	32	21	21	22	36	40	21	32	21	26	30	37	38	23	24	21	23	37	24	39	21	32	30	22	30	20	33	39	36	28	25	38	29	28	33	31	28	22	38	22	40	30	38	21	32	33	31	40	35	37	35	24	37	30	28	29	29	37	36	28	36	22	34	23	28	28	33	38	22	22	31	22	36	40	28	21	30	20	37	35	35	34	23	26	29	32	29	28	25	21	28	39	31	28	39	28	36	33	33	39	36	20	40	25	29	22	30	21	33	28	37	30	31	33	32	29	20	32	20	31	32	23	33	34	33	20	28	37	25	40	28	24	31	30	36	33	39	25	33	31	27	29	39	39	28	24	38	22	27	32	21	29	34	23	27	37	21	35	26	39	23	34	35	36	25	40	38	39	24	38	25	35	29	33	21	23	31	29	22	40	23	32	38	26	31	22	26	28	29	31	21	26	26	25	28	20	24	29	27	32	30	39	31	24	25	25	25	28	35	25	36	22	28	39	33	34	23	21	33	23	20	37	23	23	36	33	32	38	29	35	34	31	31	31	26	31	24	28	20	32	24	29	40	37	33	21	23	28	29	29	22	33	23	27	34	35	38	31	34	31	30	22	27	25	39	35	25	31	29	35	30	30	25	28	31	32	32	35	25	29	21	31	32	30	29	35	30	22	30	29	25	24	
30	50	27	31	14	36	21	20	34	50	40	18	38	27	23	12	13	14	46	49	17	13	38	35	37	46	32	32	18	39	11	39	16	15	48	39	34	24	31	22	31	46	10	10	48	34	35	34	18	41	26	23	17	44	42	32	31	39	44	39	13	11	44	18	27	47	11	18	43	24	45	27	43	13	13	29	41	13	48	41	32	22	38	20	38	31	40	28	22	14	13	16	50	41	20	34	30	13	13	47	22	26	25	18	16	37	38	20	26	45	28	22	11	31	13	21	37	16	18	19	31	24	35	27	27	27	44	11	14	40	18	41	10	11	27	24	31	35	33	40	31	21	28	16	28	38	40	39	43	19	42	13	15	43	19	12	15	34	21	28	50	45	17	15	47	33	16	10	28	12	28	36	47	43	32	45	30	26	27	23	47	46	11	46	44	28	34	26	12	33	33	50	45	50	48	39	38	50	13	23	12	47	38	24	20	20	34	49	46	24	43	27	46	13	44	44	27	32	30	25	48	14	27	33	38	27	41	46	14	25	15	19	47	31	19	40	32	48	18	41	35	46	37	18	20	23	41	12	43	47	44	14	30	40	33	23	10	38	11	33	46	39	14	45	47	27	33	41	29	33	29	19	25	33	48	14	48	50	48	28	31	35	16	33	38	18	48	19	48	34	13	38	10	14	45	16	34	25	46	42	43	30	39	31	16	23	25	49	39	32	37	50	39	35	35	46	20	36	13	35	10	36	20	26	16	22	50	21	25	38	38	31	29	20	32	31	28	22	36	12	31	43	33	41	47	30	41	49	47	42	15	50	17	16	38	35	13	12	34	14	21	48	16	15	19	44	43	26	17	50	42	48	13	21	31	50	12	23	39	18	27	26	27	47	26	46	38	39	40	29	21	43	40	43	33	39	32	13	15	14	15	16	29	33	23	22	45	32	46	21	34	13	47	33	22	23	49	16	35	26	37	31	46	32	19	37	14	19	36	18	33	40	19	25	19	12	34	34	16	33	14	21	49	17	38	20	23	48	11	48	43	43	50	31	10	19	30	20	21	34	18	23	31	20	17	15	28	16	20	40	30	11	39	30	16	17	48	43	17	13	33	23	35	14	19	11	42	42	31	46	29	27	10	16	31	43	41	10	19	49	43	10	21	11	27	10	13	30	16	41	36	49	46	13	17	18	24	41	40	25	18	23	32	16	40	20	28	31	38	21	14	46	50	18	34	41	49	26	31	43	22	45	12	20	14	40	42	20	14	12	10	24	45	15	22	49	26	17	38	23	46	48	20	34	32	11	10	47	21	35	34	21	23	27	23	23	50	44	43	26	26	28	49	18	47	33	37	50	37	27	41	17	15	14	50	30	36	36	45	43	14	40	27	10	40	17	10	46	20	46	43	24	32	38	46	22	34	27	48	26	23	23	44	26	14	39	27	20	42	41	12	28	49	33	24	50	30	30	19	22	45	29	29	29	48	14	48	34	15	28	39	13	12	45	18	40	43	15	14	12	48	47	15	47	19	26	48	32	23	46	33	30	23	14	33	29	23	28	29	26	50	31	13	18	13	25	20	31	49	35	18	10	33	46	29	49	18	17	13	16	17	23	14	25	34	32	20	39	49	11	10	19	15	44	27	38	36	24	22	29	20	18	11	13	47	40	26	16	43	21	33	19	33	37	18	24	36	46	11	24	20	35	29	37	32	40	43	29	49	24	19	50	38	16	47	25	28	21	11	49	44	50	22	46	37	16	18	14	16	14	44	13	31	40	28	27	29	39	45	48	31	48	45	48	41	20	19	13	15	18	39	42	18	20	35	12	50	45	19	42	37	31	10	12	46	48	19	36	24	23	45	40	29	43	21	21	26	44	22	45	37	46	42	41	27	19	13	45	20	32	44	32	24	46	14	18	14	31	40	29	36	14	40	21	25	14	45	17	34	26	10	15	44	11	24	33	46	45	34	12	36	40	48	22	39	31	21	46	47	20	42	44	14	34	13	29	47	10	38	31	12	31	17	41	33	42	10	35	37	28	47	18	28	49	22	18	39	49	11	11	12	37	28	37	30	23	17	21	13	27	16	38	21	47	38	40	34	22	13	42	48	33	50	42	12	33	44	16	13	49	13	33	28	22	13	24	48	13	18	42	42	21	42	27	29	15	14	25	44	30	29	21	36	49	15	16	41	31	14	33	33	44	27	36	35	38	44	41	49	15	37	17	34	15	29	43	14	31	40	27	36	23	40	41	22	47	38	30	31	15	19	47	22	23	49	17	40	25	10	45	23	11	40	25	17	23	43	11	26	42	41	18	25	22	18	34	35	10	19	30	12	39	41	41	34	42	12	32	33	46	49	33	16	32	30	23	41	24	14	11	35	22	30	28	32	42	20	40	43	40	36	31	32	19	35	44	35	17	42	28	33	41	12	20	42	50	32	24	43	18	31	47	47	41	20	23	45	30	41	22	25	47	21	29	21	11	24	21	46	34	49	11	39	41	34	12	24	46	17	17	23	41	24	44	12	41	18	16	23	42	31	20	11	11	38	23	27	36	14	19	24	33	29	28	49	50	39	29	34	11	32	17	50	20	50	32	32	42	46	38	36	34	27	39	49	26	19	27	30	43	26	34	40	13	46	26	44	26	10	13	12	47	10	12	33	39	40	24	31	17	26	43	41	12	20	34	28	43	42	19	28	36	25	33	10	19	24	29	20	23	32	34	45	45	36	18	50	16	39	19	41	39	15	16	17	46	37	13	37	33	39	25	19	13	25	12	47	41	48	24	17	22	29	25	42	36	21	30	42	38	31	12	50	46	26	16	46	28	30	21	24	26	42	41	15	39	31	18	15	28	19	19	15	14	25	16	31	42	41	46	14	11	10	19	46	30	32	19	34	37	44	48	18	46	47	23	32	44	25	48	27	25	33	10	13	19	32	11	34	35	30	31	30	40	10	29	20	34	37	20	20	47	11	26	10	23	18	17	50	50	21	26	40	22	22	44	39	42	47	17	27	47	41	33	45	25	25	46	18	49	16	27	24	28	18	33	38	37	28	22	17	47	15	30	43	41	24	36	10	50	20	40	20	16	49	38	50	27	39	36	13	25	32	35	14	22	47	36	50	12	41	43	13	47	30	36	25	30	19	33	38	47	39	27	12	47	16	30	32	28	15	38	11	46	39	43	10	41	20	21	35	19	21	36	27	42	39	31	25	45	22	41	22	14	25	34	43	39	48	29	32	50	48	15	41	31	21	23	10	24	44	14	32	47	23	47	48	12	47	21	33	16	47	16	49	23	43	17	50	14	28	18	37	34	31	47	12	32	23	15	43	36	32	43	30	20	20	43	33	11	36	12	27	33	49	46	18	14	17	14	42	35	50	18	38	50	49	27	35	41	17	23	18	24	39	22	18	50	34	20	12	28	11	42	24	50	20	46	19	50	41	40	29	43	48	10	22	30	45	23	25	19	28	37	46	35	47	50	26	35	22	15	47	46	18	35	36	25	45	22	30	30	39	42	28	26	34	15	39	38	31	33	46	48	10	29	11	34	19	40	10	49	38	45	31	45	49	28	20	21	16	44	41	49	44	27	11	30	15	16	17	21	46	41	22	28	26	39	16	18	21	32	43	22	23	15	17	47	48	20	15	42	20	13	50	15	50	40	15	13	44	43	47	34	30	24	14	11	42	21	49	25	48	40	31	16	23	22	44	33	48	34	42	14	30	40	47	41	31	38	40	29	14	27	34	26	37	39	31	30	30	33	28	29	32	42	13	14	11	12	19	15	22	49	17	23	20	49	28	49	43	27	32	18	19	30	42	11	42	11	42	14	45	20	23	18	37	23	19	46	33	43	31	35	39	30	21	50	11	46	24	29	48	45	22	44	34	35	35	50	39	49	15	36	27	40	32	16	36	19	38	42	30	20	10	23	17	33	32	44	41	19	15	12	38	25	41	13	21	40	45	20	21	38	11	28	47	38	34	35	24	20	27	26	16	40	36	42	34	46	49	26	42	33	50	43	10	28	44	30	36	40	50	49	23	23	36	19	13	30	38	23	26	49	48	28	28	17	25	32	22	33	20	20	37	26	34	39	17	37	12	26	12	33	18	34	38	11	22	33	20	14	14	36	14	43	26	28	48	32	48	14	45	43	16	38	32	13	30	13	33	40	35	23	43	34	50	16	11	32	25	49	25	26	10	30	34	28	22	41	49	17	12	21	17	31	35	29	30	32	45	28	23	12	18	20	13	40	23	40	14	17	15	50	50	33	14	11	18	31	36	15	45	41	29	24	34	44	34	24	23	48	19	33	17	21	34	13	25	49	47	15	13	46	33	15	26	30	17	49	20	10	15	44	32	30	15	45	46	38	26	27	48	17	30	41	44	33	20	49	45	24	
20
80
