1690
70
0	0	0	0	0	0	0	0	0	0	0	0	0	0	0	0	0	0	0	0	0	0	0	0	0	0	0	0	0	0	0	0	0	0	0	0	0	0	0	0	0	0	0	0	0	0	0	0	0	192	0	0	0	0	0	0	96	0	0	0	0	0	0	0	0	0	0	0	0	0	
0	0	0	0	0	0	0	0	0	0	0	0	0	0	0	0	0	48	0	0	0	0	0	0	0	0	0	0	0	0	0	96	0	0	0	0	0	0	0	0	0	0	0	0	0	0	0	0	0	0	0	0	0	0	0	0	0	0	0	0	0	0	0	0	0	0	500	0	0	0	
0	0	0	0	0	0	0	0	0	0	96	0	0	0	0	0	0	0	0	0	0	0	0	0	0	0	0	0	0	0	0	0	0	0	0	0	0	0	0	0	0	0	0	0	0	0	96	0	0	0	0	0	0	0	0	0	0	0	0	0	0	0	0	0	0	0	0	0	0	0	
0	0	0	0	0	0	0	0	0	0	0	0	0	0	0	0	0	0	0	0	0	0	0	48	0	0	0	0	0	0	0	0	0	0	0	0	0	0	0	0	0	0	0	0	48	0	0	0	96	0	0	0	0	0	0	0	0	192	0	0	0	0	0	0	0	0	0	0	0	0	
0	0	0	0	0	0	0	0	0	0	0	0	0	0	0	192	0	0	0	0	0	0	0	0	0	0	0	0	0	0	0	0	0	0	0	0	0	0	0	0	0	0	0	0	0	0	0	0	0	0	0	0	0	0	0	0	0	192	0	0	0	0	0	96	0	0	0	0	0	0	
0	0	0	0	0	0	0	0	0	0	0	0	0	0	0	0	0	0	0	0	0	0	0	0	0	0	0	0	0	0	0	0	0	0	0	48	500	0	0	0	0	0	0	0	0	0	0	0	0	0	0	0	0	0	500	0	0	0	0	0	0	0	0	0	0	0	0	0	0	192	
0	0	0	0	0	0	0	48	0	0	0	0	0	0	0	0	0	0	0	0	192	0	0	0	96	0	0	0	0	0	0	0	0	0	0	192	0	0	0	0	0	0	0	0	0	0	0	0	0	0	0	0	0	48	0	0	0	0	0	0	0	0	0	0	0	0	0	0	0	0	
0	0	0	0	0	0	48	0	0	0	0	0	0	0	0	0	0	0	0	0	96	0	0	0	0	0	0	0	0	0	0	0	0	0	0	0	0	0	0	0	0	0	0	0	0	0	0	0	0	0	0	0	0	96	0	0	0	0	0	0	0	0	0	0	0	0	0	0	0	0	
0	0	0	0	0	0	0	0	0	0	0	0	0	0	0	0	0	0	0	0	0	500	0	0	0	500	0	0	0	0	0	0	0	0	0	0	0	0	0	0	0	0	0	0	0	0	0	192	0	0	0	0	0	0	0	0	0	0	0	0	0	0	0	0	0	0	0	0	0	0	
0	0	0	0	0	0	0	0	0	0	0	0	0	0	0	0	0	0	0	0	0	0	0	0	0	0	0	0	0	0	0	0	0	0	500	0	0	0	0	0	0	0	0	0	0	0	192	0	0	0	0	0	0	0	0	0	0	0	0	0	0	0	0	0	500	0	0	0	0	0	
0	0	96	0	0	0	0	0	0	0	0	0	48	0	0	0	0	0	0	0	0	0	0	0	0	0	0	0	0	0	0	0	0	48	0	0	0	0	0	0	0	0	0	0	0	0	0	0	0	0	0	0	0	0	0	0	0	0	0	0	0	0	0	0	0	0	0	0	0	0	
0	0	0	0	0	0	0	0	0	0	0	0	0	0	0	0	0	0	0	0	0	0	500	0	0	0	0	0	0	0	0	0	0	0	96	0	0	0	0	0	0	0	0	0	0	0	0	0	0	0	0	0	0	0	0	0	0	0	0	0	0	0	0	0	500	0	0	0	0	0	
0	0	0	0	0	0	0	0	0	0	48	0	0	0	0	0	96	0	0	0	0	0	0	0	0	0	0	0	0	0	0	0	0	500	0	0	0	0	96	0	0	0	0	0	500	0	0	0	0	0	0	0	0	0	0	0	0	0	0	0	0	0	0	0	0	0	0	0	0	0	
0	0	0	0	0	0	0	0	0	0	0	0	0	0	0	96	0	0	0	500	0	0	0	0	0	0	0	0	0	0	0	0	0	0	0	0	0	0	0	0	0	0	0	0	0	0	0	0	0	0	0	0	0	0	0	0	0	0	0	0	0	0	0	0	0	0	0	0	0	0	
0	0	0	0	0	0	0	0	0	0	0	0	0	0	0	0	0	0	0	0	0	0	0	0	0	0	0	0	0	0	0	0	0	0	0	0	0	48	0	0	0	0	0	0	0	0	0	0	0	0	0	0	0	0	0	0	0	0	0	0	0	96	0	0	0	0	0	0	0	0	
0	0	0	0	192	0	0	0	0	0	0	0	0	96	0	0	0	0	0	48	0	0	0	0	0	0	0	0	0	0	0	0	0	0	0	0	0	0	0	0	0	0	0	0	0	0	0	0	0	0	0	0	0	0	0	0	0	0	0	0	0	0	0	0	0	0	0	0	0	0	
0	0	0	0	0	0	0	0	0	0	0	0	96	0	0	0	0	0	0	0	0	0	0	0	0	0	0	0	0	0	0	0	0	0	0	0	0	0	0	0	0	0	0	0	0	0	0	0	0	0	0	192	0	0	0	0	0	0	0	0	0	0	0	0	0	0	0	0	0	0	
0	48	0	0	0	0	0	0	0	0	0	0	0	0	0	0	0	0	0	0	0	0	0	0	0	0	0	0	0	0	0	500	0	0	0	0	0	0	0	0	0	0	0	0	0	0	0	0	0	0	0	0	0	0	0	192	0	0	0	0	0	0	0	0	0	0	0	0	0	0	
0	0	0	0	0	0	0	0	0	0	0	0	0	0	0	0	0	0	0	0	0	0	0	0	0	0	0	0	0	0	0	0	0	0	0	0	0	0	0	0	0	0	0	0	0	0	0	0	0	0	0	0	0	0	0	0	0	0	0	0	0	0	0	0	0	0	0	0	96	48	
0	0	0	0	0	0	0	0	0	0	0	0	0	500	0	48	0	0	0	0	0	0	0	0	0	0	0	0	0	0	0	0	0	0	0	0	0	0	0	0	0	0	0	0	0	0	0	0	0	0	0	0	0	0	0	0	0	0	0	0	0	0	0	0	0	0	0	0	0	0	
0	0	0	0	0	0	192	96	0	0	0	0	0	0	0	0	0	0	0	0	0	0	0	0	0	0	0	0	0	0	0	0	0	0	0	0	0	0	0	0	0	0	0	0	0	0	0	0	0	0	0	0	0	0	0	0	0	0	0	0	0	0	0	0	0	0	0	0	0	0	
0	0	0	0	0	0	0	0	500	0	0	0	0	0	0	0	0	0	0	0	0	0	0	0	0	500	0	0	0	0	0	0	0	0	0	0	0	0	0	0	0	0	0	0	0	0	0	0	0	0	0	0	0	0	0	0	0	0	0	0	0	0	0	0	0	0	0	0	0	0	
0	0	0	0	0	0	0	0	0	0	0	500	0	0	0	0	0	0	0	0	0	0	0	0	0	0	0	0	0	0	0	0	0	0	0	0	0	0	0	0	0	0	0	0	0	0	0	0	0	0	0	0	0	0	0	0	0	0	0	0	0	0	0	0	48	0	0	0	0	0	
0	0	0	48	0	0	0	0	0	0	0	0	0	0	0	0	0	0	0	0	0	0	0	0	0	0	0	0	0	0	0	0	0	0	0	0	0	0	500	0	0	0	0	0	500	0	0	0	96	0	0	0	0	0	0	0	0	192	0	0	0	0	0	0	0	0	0	0	0	0	
0	0	0	0	0	0	96	0	0	0	0	0	0	0	0	0	0	0	0	0	0	0	0	0	0	0	0	0	0	0	0	0	0	0	0	0	0	0	0	48	0	0	0	0	0	0	0	0	0	0	0	0	0	0	0	0	0	0	0	0	0	0	0	0	0	0	0	0	0	0	
0	0	0	0	0	0	0	0	500	0	0	0	0	0	0	0	0	0	0	0	0	500	0	0	0	0	0	0	0	0	0	0	0	0	0	0	0	0	0	0	0	0	0	0	0	0	0	0	0	0	0	0	0	0	0	0	0	0	0	0	0	0	0	0	0	0	0	0	0	0	
0	0	0	0	0	0	0	0	0	0	0	0	0	0	0	0	0	0	0	0	0	0	0	0	0	0	0	0	0	0	0	0	0	0	0	0	0	0	0	0	0	0	0	0	0	0	0	0	0	0	0	0	0	0	0	0	0	0	0	0	0	500	0	0	0	0	500	0	0	0	
0	0	0	0	0	0	0	0	0	0	0	0	0	0	0	0	0	0	0	0	0	0	0	0	0	0	0	0	0	0	0	0	0	96	0	0	0	0	0	0	48	0	0	0	192	0	0	0	0	0	0	0	0	0	0	0	0	0	0	0	0	0	0	0	0	0	0	0	0	0	
0	0	0	0	0	0	0	0	0	0	0	0	0	0	0	0	0	0	0	0	0	0	0	0	0	0	0	0	0	0	500	0	500	0	0	0	0	0	0	0	0	0	0	0	0	0	0	0	0	0	0	0	0	0	0	0	0	0	0	0	0	0	0	0	0	0	0	0	0	0	
0	0	0	0	0	0	0	0	0	0	0	0	0	0	0	0	0	0	0	0	0	0	0	0	0	0	0	0	0	0	0	0	0	0	0	0	0	0	0	0	0	0	192	0	0	192	0	0	0	0	0	0	0	0	48	0	0	0	0	0	0	0	0	0	500	0	0	0	96	0	
0	0	0	0	0	0	0	0	0	0	0	0	0	0	0	0	0	0	0	0	0	0	0	0	0	0	0	0	500	0	0	0	500	0	0	0	0	0	0	0	0	48	0	0	0	0	0	0	0	0	0	0	0	0	0	0	0	0	192	0	0	0	0	0	0	0	0	0	0	0	
0	96	0	0	0	0	0	0	0	0	0	0	0	0	0	0	0	500	0	0	0	0	0	0	0	0	0	0	0	0	0	0	0	0	0	0	0	0	0	0	0	0	0	0	0	0	0	0	0	0	0	0	0	0	0	0	96	0	0	0	0	0	0	0	0	0	0	0	0	0	
0	0	0	0	0	0	0	0	0	0	0	0	0	0	0	0	0	0	0	0	0	0	0	0	0	0	0	0	500	0	500	0	0	0	0	0	0	0	0	0	0	48	0	0	0	0	0	0	0	0	0	0	0	0	0	0	0	0	0	0	0	0	0	0	0	0	0	0	0	0	
0	0	0	0	0	0	0	0	0	0	48	0	500	0	0	0	0	0	0	0	0	0	0	0	0	0	0	96	0	0	0	0	0	0	0	0	0	0	500	0	48	0	0	0	0	0	0	0	0	0	0	0	0	0	0	0	0	0	0	0	0	0	0	0	0	0	0	0	0	0	
0	0	0	0	0	0	0	0	0	500	0	96	0	0	0	0	0	0	0	0	0	0	0	0	0	0	0	0	0	0	0	0	0	0	0	0	0	0	0	0	0	0	0	0	0	0	500	0	0	0	0	192	0	0	0	0	0	0	0	0	0	0	0	0	500	0	0	0	0	0	
0	0	0	0	0	48	192	0	0	0	0	0	0	0	0	0	0	0	0	0	0	0	0	0	0	0	0	0	0	0	0	0	0	0	0	0	0	0	0	0	0	0	0	0	0	0	0	0	0	0	0	0	0	0	0	0	0	0	0	0	0	0	0	0	0	0	0	0	0	0	
0	0	0	0	0	500	0	0	0	0	0	0	0	0	0	0	0	0	0	0	0	0	0	0	0	0	0	0	0	0	0	0	0	0	0	0	0	0	0	0	0	0	0	0	0	0	0	0	0	0	0	0	96	0	0	0	0	0	0	0	96	0	0	0	0	500	0	96	0	0	
0	0	0	0	0	0	0	0	0	0	0	0	0	0	48	0	0	0	0	0	0	0	0	0	0	0	0	0	0	0	0	0	0	0	0	0	0	0	0	0	0	0	0	0	0	0	0	0	0	0	0	0	0	0	0	192	0	0	0	0	0	0	0	0	0	0	0	0	0	0	
0	0	0	0	0	0	0	0	0	0	0	0	96	0	0	0	0	0	0	0	0	0	0	500	0	0	0	0	0	0	0	0	0	500	0	0	0	0	0	0	0	0	0	0	0	0	0	0	0	0	0	0	0	0	0	0	0	0	0	0	0	0	0	0	0	0	0	0	0	0	
0	0	0	0	0	0	0	0	0	0	0	0	0	0	0	0	0	0	0	0	0	0	0	0	48	0	0	0	0	0	0	0	0	0	0	0	0	0	0	0	0	0	0	0	0	0	0	0	0	0	0	0	0	0	0	192	0	0	0	0	0	0	0	0	0	0	0	0	0	0	
0	0	0	0	0	0	0	0	0	0	0	0	0	0	0	0	0	0	0	0	0	0	0	0	0	0	0	48	0	0	0	0	0	48	0	0	0	0	0	0	0	0	0	0	192	0	0	0	500	0	0	0	0	0	0	0	0	0	0	0	0	0	0	0	0	0	0	0	0	0	
0	0	0	0	0	0	0	0	0	0	0	0	0	0	0	0	0	0	0	0	0	0	0	0	0	0	0	0	0	0	48	0	48	0	0	0	0	0	0	0	0	0	0	0	0	0	0	0	0	0	0	0	0	0	0	0	0	0	0	0	0	0	0	0	0	0	0	0	0	0	
0	0	0	0	0	0	0	0	0	0	0	0	0	0	0	0	0	0	0	0	0	0	0	0	0	0	0	0	0	192	0	0	0	0	0	0	0	0	0	0	0	0	0	500	0	0	0	0	0	0	0	0	192	0	0	0	0	0	0	0	0	0	0	0	0	0	0	0	0	0	
0	0	0	0	0	0	0	0	0	0	0	0	0	0	0	0	0	0	0	0	0	0	0	0	0	0	0	0	0	0	0	0	0	0	0	0	0	0	0	0	0	0	500	0	0	0	0	0	0	0	500	0	0	0	0	0	0	0	0	192	192	0	0	0	0	0	0	192	0	0	
0	0	0	48	0	0	0	0	0	0	0	0	500	0	0	0	0	0	0	0	0	0	0	500	0	0	0	192	0	0	0	0	0	0	0	0	0	0	0	0	192	0	0	0	0	0	0	0	0	0	0	0	0	0	0	0	0	0	0	0	0	0	0	0	0	0	0	0	0	0	
0	0	0	0	0	0	0	0	0	0	0	0	0	0	0	0	0	0	0	0	0	0	0	0	0	0	0	0	0	192	0	0	0	0	0	0	0	0	0	0	0	0	0	0	0	0	0	0	0	0	0	0	0	0	0	0	0	0	0	500	0	0	0	0	0	500	0	48	0	0	
0	0	96	0	0	0	0	0	0	192	0	0	0	0	0	0	0	0	0	0	0	0	0	0	0	0	0	0	0	0	0	0	0	0	500	0	0	0	0	0	0	0	0	0	0	0	0	0	0	0	0	0	0	0	0	0	0	0	0	0	0	0	0	0	0	0	0	0	0	0	
0	0	0	0	0	0	0	0	192	0	0	0	0	0	0	0	0	0	0	0	0	0	0	0	0	0	0	0	0	0	0	0	0	0	0	0	0	0	0	0	0	0	0	0	0	0	0	0	0	48	0	0	0	0	0	0	0	0	0	0	0	0	48	0	0	0	0	0	0	0	
0	0	0	96	0	0	0	0	0	0	0	0	0	0	0	0	0	0	0	0	0	0	0	96	0	0	0	0	0	0	0	0	0	0	0	0	0	0	0	0	500	0	0	0	0	0	0	0	0	0	0	0	0	0	0	0	0	96	0	0	0	0	0	96	0	0	0	0	0	0	
192	0	0	0	0	0	0	0	0	0	0	0	0	0	0	0	0	0	0	0	0	0	0	0	0	0	0	0	0	0	0	0	0	0	0	0	0	0	0	0	0	0	0	0	0	0	0	48	0	0	0	0	0	0	0	0	0	0	0	0	0	0	0	0	0	0	0	0	0	0	
0	0	0	0	0	0	0	0	0	0	0	0	0	0	0	0	0	0	0	0	0	0	0	0	0	0	0	0	0	0	0	0	0	0	0	0	0	0	0	0	0	0	0	500	0	0	0	0	0	0	0	0	0	0	0	0	0	0	0	500	0	0	0	0	0	0	0	0	0	0	
0	0	0	0	0	0	0	0	0	0	0	0	0	0	0	0	192	0	0	0	0	0	0	0	0	0	0	0	0	0	0	0	0	0	192	0	0	0	0	0	0	0	0	0	0	0	0	0	0	0	0	0	0	0	0	0	0	0	0	0	0	0	0	0	0	0	0	0	0	0	
0	0	0	0	0	0	0	0	0	0	0	0	0	0	0	0	0	0	0	0	0	0	0	0	0	0	0	0	0	0	0	0	0	0	0	0	96	0	0	0	0	0	192	0	0	0	0	0	0	0	0	0	0	0	0	0	0	0	0	0	0	0	0	0	0	0	0	0	0	0	
0	0	0	0	0	0	48	96	0	0	0	0	0	0	0	0	0	0	0	0	0	0	0	0	0	0	0	0	0	0	0	0	0	0	0	0	0	0	0	0	0	0	0	0	0	0	0	0	0	0	0	0	0	0	0	0	0	0	0	0	0	0	0	0	0	0	0	0	0	0	
0	0	0	0	0	500	0	0	0	0	0	0	0	0	0	0	0	0	0	0	0	0	0	0	0	0	0	0	0	48	0	0	0	0	0	0	0	0	0	0	0	0	0	0	0	0	0	0	0	0	0	0	0	0	0	0	0	0	0	0	0	0	0	0	0	0	0	0	0	0	
0	0	0	0	0	0	0	0	0	0	0	0	0	0	0	0	0	192	0	0	0	0	0	0	0	0	0	0	0	0	0	0	0	0	0	0	0	192	0	192	0	0	0	0	0	0	0	0	0	0	0	0	0	0	0	0	0	0	0	0	0	0	0	0	0	0	0	0	0	0	
96	0	0	0	0	0	0	0	0	0	0	0	0	0	0	0	0	0	0	0	0	0	0	0	0	0	0	0	0	0	0	96	0	0	0	0	0	0	0	0	0	0	0	0	0	0	0	0	0	0	0	0	0	0	0	0	0	0	0	0	0	0	0	0	0	0	0	0	0	0	
0	0	0	192	192	0	0	0	0	0	0	0	0	0	0	0	0	0	0	0	0	0	0	192	0	0	0	0	0	0	0	0	0	0	0	0	0	0	0	0	0	0	0	0	0	0	0	0	96	0	0	0	0	0	0	0	0	0	192	0	0	0	0	0	0	0	0	0	0	0	
0	0	0	0	0	0	0	0	0	0	0	0	0	0	0	0	0	0	0	0	0	0	0	0	0	0	0	0	0	0	192	0	0	0	0	0	0	0	0	0	0	0	0	0	0	0	0	0	0	0	0	0	0	0	0	0	0	192	0	0	0	0	500	0	0	96	0	0	0	0	
0	0	0	0	0	0	0	0	0	0	0	0	0	0	0	0	0	0	0	0	0	0	0	0	0	0	0	0	0	0	0	0	0	0	0	0	0	0	0	0	0	0	0	192	0	500	0	0	0	0	500	0	0	0	0	0	0	0	0	0	0	0	0	0	0	0	0	0	0	0	
0	0	0	0	0	0	0	0	0	0	0	0	0	0	0	0	0	0	0	0	0	0	0	0	0	0	0	0	0	0	0	0	0	0	0	0	96	0	0	0	0	0	0	192	0	0	0	0	0	0	0	0	0	0	0	0	0	0	0	0	0	0	0	0	0	0	0	0	0	0	
0	0	0	0	0	0	0	0	0	0	0	0	0	0	96	0	0	0	0	0	0	0	0	0	0	0	500	0	0	0	0	0	0	0	0	0	0	0	0	0	0	0	0	0	0	0	0	0	0	0	0	0	0	0	0	0	0	0	0	0	0	0	0	0	0	0	0	0	0	0	
0	0	0	0	0	0	0	0	0	0	0	0	0	0	0	0	0	0	0	0	0	0	0	0	0	0	0	0	0	0	0	0	0	0	0	0	0	0	0	0	0	0	0	0	0	0	0	48	0	0	0	0	0	0	0	0	0	0	500	0	0	0	0	0	0	48	0	0	0	0	
0	0	0	0	96	0	0	0	0	0	0	0	0	0	0	0	0	0	0	0	0	0	0	0	0	0	0	0	0	0	0	0	0	0	0	0	0	0	0	0	0	0	0	0	0	0	0	0	96	0	0	0	0	0	0	0	0	0	0	0	0	0	0	0	0	0	0	0	0	0	
0	0	0	0	0	0	0	0	0	500	0	500	0	0	0	0	0	0	0	0	0	0	48	0	0	0	0	0	0	500	0	0	0	0	500	0	0	0	0	0	0	0	0	0	0	0	0	0	0	0	0	0	0	0	0	0	0	0	0	0	0	0	0	0	0	0	0	0	0	0	
0	0	0	0	0	0	0	0	0	0	0	0	0	0	0	0	0	0	0	0	0	0	0	0	0	0	0	0	0	0	0	0	0	0	0	0	500	0	0	0	0	0	0	0	0	500	0	0	0	0	0	0	0	0	0	0	0	0	96	0	0	0	48	0	0	0	0	96	0	0	
0	500	0	0	0	0	0	0	0	0	0	0	0	0	0	0	0	0	0	0	0	0	0	0	0	0	500	0	0	0	0	0	0	0	0	0	0	0	0	0	0	0	0	0	0	0	0	0	0	0	0	0	0	0	0	0	0	0	0	0	0	0	0	0	0	0	0	0	0	0	
0	0	0	0	0	0	0	0	0	0	0	0	0	0	0	0	0	0	0	0	0	0	0	0	0	0	0	0	0	0	0	0	0	0	0	0	96	0	0	0	0	0	0	192	0	48	0	0	0	0	0	0	0	0	0	0	0	0	0	0	0	0	0	0	0	96	0	0	0	0	
0	0	0	0	0	0	0	0	0	0	0	0	0	0	0	0	0	0	96	0	0	0	0	0	0	0	0	0	0	96	0	0	0	0	0	0	0	0	0	0	0	0	0	0	0	0	0	0	0	0	0	0	0	0	0	0	0	0	0	0	0	0	0	0	0	0	0	0	0	0	
0	0	0	0	0	192	0	0	0	0	0	0	0	0	0	0	0	0	48	0	0	0	0	0	0	0	0	0	0	0	0	0	0	0	0	0	0	0	0	0	0	0	0	0	0	0	0	0	0	0	0	0	0	0	0	0	0	0	0	0	0	0	0	0	0	0	0	0	0	0	
10	6	6	55	32	6	38	41	56	25	35	39	24	18	37	52	62	9	24	48	28	7	48	52	11	32	0	43	34	8	11	69	27	6	46	52	37	61	27	63	25	14	49	45	17	54	43	4	12	53	53	59	65	44	59	26	66	28	32	33	44	12	32	47	2	5	39	12	60	46	38	65	45	54	9	21	64	67	6	24	33	48	2	50	29	22	3	2	7	10	41	1	7	11	51	33	22	30	7	37	51	60	41	11	64	17	62	59	26	6	2	49	12	14	43	43	8	46	42	64	69	0	57	48	3	17	14	45	43	41	34	65	42	62	49	56	46	1	29	44	14	49	61	49	35	33	49	48	28	60	66	27	51	16	32	50	66	50	19	27	21	49	10	66	52	62	5	13	63	26	0	62	40	58	65	32	51	64	49	33	45	21	28	55	67	17	58	30	13	6	12	20	43	12	19	40	30	19	19	48	17	42	68	14	59	63	36	22	25	63	59	16	6	11	10	32	47	24	16	14	62	37	21	25	59	11	21	27	62	24	26	44	58	7	38	38	18	12	66	51	43	43	37	11	1	66	35	44	27	55	62	17	30	23	62	2	24	14	39	43	44	25	64	8	2	3	16	27	15	5	37	65	54	40	7	52	55	58	63	45	23	62	15	63	5	62	23	55	34	32	7	34	62	51	6	44	7	58	9	67	5	61	41	10	7	58	52	5	54	14	47	60	63	63	37	43	21	34	60	42	29	22	42	32	58	45	8	43	22	60	40	51	67	59	30	50	4	56	53	44	8	26	69	33	15	26	10	37	18	29	53	4	42	68	10	53	64	33	29	4	9	21	5	63	19	21	26	6	56	60	42	51	21	35	12	59	55	31	18	68	23	67	34	28	23	65	3	51	37	44	29	39	57	31	52	58	26	43	51	28	57	13	31	44	41	7	38	30	60	22	21	28	52	37	23	58	59	25	51	42	58	21	13	14	44	56	69	53	43	69	49	7	18	21	52	45	16	32	38	24	55	41	40	65	0	27	28	58	36	45	28	50	11	60	13	33	66	38	9	8	12	64	58	29	33	18	48	2	42	51	24	3	52	24	21	0	17	58	15	42	50	69	34	37	56	34	50	41	1	59	27	2	28	31	14	56	59	41	40	15	67	24	27	53	13	67	1	69	59	10	0	35	40	62	13	11	15	50	68	69	15	23	11	67	46	8	17	26	37	38	60	32	47	48	61	59	28	51	48	69	5	51	11	54	34	27	58	4	40	48	34	57	48	4	46	18	16	13	19	33	7	22	58	5	8	65	9	35	51	5	60	40	19	53	64	59	65	10	57	32	23	49	26	36	2	38	23	1	33	60	42	39	42	29	42	30	30	33	39	14	24	9	59	59	58	52	39	67	65	14	25	57	37	20	3	21	19	58	32	57	44	43	30	52	36	2	49	51	69	34	26	12	41	31	67	12	0	60	38	33	68	58	54	17	55	33	57	38	1	40	18	62	69	46	13	33	8	37	30	24	10	33	62	53	68	3	28	62	3	27	65	41	29	48	34	6	23	55	69	32	20	57	12	25	1	18	13	8	44	7	63	34	21	44	29	21	43	33	33	23	15	51	20	47	30	49	49	48	23	29	55	42	40	67	26	54	59	64	52	62	31	18	45	50	41	24	28	64	56	61	52	58	1	12	63	11	34	27	51	35	17	51	44	0	9	20	22	26	69	50	4	9	66	4	67	12	26	63	63	13	0	55	12	37	47	0	62	12	51	9	0	45	17	2	57	7	15	6	20	27	40	10	47	5	25	10	67	4	2	41	33	22	32	17	21	69	40	36	53	13	37	1	50	32	55	51	40	16	22	61	27	20	59	36	39	12	67	38	11	68	57	48	22	38	32	55	31	22	60	14	44	28	17	30	14	28	10	60	22	53	40	49	20	11	30	69	26	38	9	47	55	0	7	41	61	23	24	39	56	68	63	9	1	13	11	61	52	41	49	4	25	54	25	6	3	41	24	66	14	53	7	57	10	36	10	34	14	55	28	68	56	12	5	49	9	60	44	30	55	33	40	28	62	61	3	14	69	49	4	49	33	65	18	26	37	58	14	62	60	26	68	23	44	20	45	22	29	46	64	34	29	28	19	26	25	11	62	23	39	57	60	44	27	35	68	37	28	22	53	67	3	30	24	62	44	37	67	10	65	66	19	23	12	34	64	11	5	67	10	61	65	20	7	3	26	43	28	54	57	12	67	7	68	14	60	5	15	25	20	41	9	2	12	24	18	13	1	4	16	45	14	16	30	32	64	6	52	50	0	12	24	54	12	34	11	0	56	10	41	69	0	65	29	20	55	59	69	59	56	39	17	46	20	40	35	48	57	21	49	10	3	17	12	38	54	35	57	5	36	21	12	47	25	32	63	64	33	7	55	48	38	51	24	69	63	13	30	12	3	59	47	9	56	19	42	44	0	40	18	61	12	2	12	68	51	40	7	19	42	27	52	4	36	7	66	16	13	33	23	11	59	7	60	1	35	31	6	24	18	52	57	44	25	37	63	62	27	39	17	50	22	9	29	21	12	65	25	50	28	58	50	7	43	27	48	2	45	17	48	4	47	45	54	48	6	12	54	68	47	49	35	39	14	34	60	45	56	28	54	30	10	22	64	25	42	59	25	44	35	52	60	14	51	31	32	27	69	11	1	26	52	20	31	4	22	59	44	38	44	65	37	6	31	31	2	9	19	1	20	11	21	40	1	56	48	22	21	68	4	68	65	37	6	43	17	37	1	44	65	8	3	62	3	47	47	35	40	46	48	11	49	50	22	55	16	28	56	53	28	53	57	56	66	47	5	4	9	15	55	0	67	57	14	32	43	52	14	54	61	37	30	41	1	47	2	56	5	26	31	6	11	7	34	4	18	10	59	64	43	41	53	17	18	69	47	4	25	31	20	38	2	50	36	32	30	33	50	69	43	48	69	40	63	16	25	62	13	19	55	33	65	67	23	52	2	53	44	66	64	6	29	6	39	56	40	19	26	32	34	37	27	4	48	27	66	42	62	58	3	22	9	9	17	32	60	65	41	47	21	29	26	11	43	58	47	63	51	24	3	52	67	58	35	40	56	3	34	31	17	2	17	50	26	4	9	39	34	67	9	60	14	54	2	61	34	3	49	34	16	57	53	47	12	12	33	34	49	58	6	69	55	56	1	41	46	54	45	40	49	7	15	46	31	35	16	31	4	9	3	61	41	8	66	49	41	60	29	24	45	63	64	49	61	44	46	26	25	23	17	53	44	63	1	37	29	47	27	17	57	10	56	13	3	36	56	4	33	10	52	12	0	56	13	55	47	42	34	23	52	9	15	22	55	28	52	41	35	49	49	50	9	42	37	62	52	28	53	6	15	31	61	36	9	48	31	42	53	6	57	63	19	48	63	50	29	8	66	20	65	67	41	5	10	55	28	23	19	6	1	1	3	3	64	44	14	59	55	34	13	36	5	14	69	4	41	22	54	14	49	60	7	44	19	40	16	69	53	42	48	50	62	20	16	16	19	59	48	47	43	47	21	10	32	47	34	45	35	22	16	6	31	45	9	8	4	38	61	42	62	20	40	58	56	3	18	29	20	26	51	32	10	43	35	11	11	40	2	52	11	68	2	3	34	69	37	50	26	22	7	56	16	35	66	40	67	51	20	52	18	41	57	33	64	30	9	6	52	16	53	51	47	58	40	24	10	8	45	56	28	26	29	69	62	50	22	26	47	48	46	44	26	56	6	2	2	41	33	5	28	69	4	55	31	63	7	29	51	34	36	39	34	49	3	31	18	9	3	27	18	10	45	25	14	19	2	44	0	20	53	38	
13	50	42	46	29	44	30	39	60	9	14	49	14	8	25	34	39	38	68	68	15	64	22	66	41	64	30	40	17	58	49	44	20	11	60	61	56	45	16	18	19	47	52	37	69	36	35	59	17	24	32	16	47	11	54	0	60	62	10	42	16	12	51	25	26	35	18	53	28	33	59	44	37	15	3	37	7	68	68	38	63	38	25	32	35	56	1	31	22	34	46	32	26	2	5	64	38	61	0	12	22	18	14	53	68	10	19	2	38	37	58	61	38	13	35	61	42	59	8	0	52	62	0	18	64	40	61	42	50	15	17	22	40	56	35	43	34	18	18	62	14	23	9	49	20	38	12	32	68	24	15	1	16	6	25	67	58	57	7	27	6	46	56	11	19	33	55	28	5	57	27	21	29	21	57	9	17	27	23	19	59	21	19	22	1	10	48	52	18	63	63	17	48	24	69	54	28	5	16	6	66	51	36	10	67	47	4	15	29	69	0	30	16	62	24	9	0	13	1	35	12	51	17	34	35	13	51	11	7	60	38	53	9	10	48	49	12	26	2	12	64	27	26	69	15	7	43	28	27	16	38	37	42	41	12	59	44	15	5	43	17	52	8	36	43	15	5	67	66	39	39	61	52	33	19	66	57	0	0	17	5	31	21	55	44	18	59	46	15	48	15	0	12	69	64	21	36	50	43	62	27	8	57	34	1	37	69	33	2	49	48	59	13	51	17	19	36	8	24	54	16	44	6	28	53	27	69	23	66	2	34	48	35	22	68	0	60	39	40	40	69	10	52	3	57	15	39	4	0	67	41	27	49	67	51	63	10	14	35	40	63	5	52	24	36	5	60	36	9	34	69	21	54	39	6	5	7	5	19	16	32	64	54	41	59	64	24	41	30	32	19	0	27	61	31	64	22	46	53	6	5	41	18	45	28	62	63	61	63	14	25	68	44	11	57	24	45	23	60	30	35	5	43	65	35	40	37	27	1	59	43	57	40	52	40	57	69	17	10	39	24	51	67	12	62	49	64	51	9	39	30	44	40	29	24	15	27	14	12	5	51	63	34	48	68	9	61	53	46	48	67	21	47	50	19	63	6	40	7	60	19	28	10	11	47	12	52	4	10	55	30	50	32	60	38	61	3	60	31	49	19	15	37	69	52	11	69	24	26	55	32	56	23	0	65	7	63	50	61	30	46	26	25	45	22	45	51	17	9	52	0	33	5	0	48	56	48	16	36	35	58	36	1	45	20	43	66	38	17	67	46	21	3	13	0	56	21	34	8	9	0	4	67	21	66	65	43	49	44	66	57	31	34	54	60	17	17	3	19	40	51	3	13	69	37	11	31	20	45	30	59	25	62	64	8	9	8	20	24	56	38	22	64	17	22	49	63	63	8	30	59	3	40	0	43	24	62	22	51	5	8	35	61	10	63	9	46	13	50	5	66	11	39	36	63	63	40	6	32	43	7	56	65	27	54	52	62	32	31	56	64	25	4	52	26	33	66	68	53	29	34	16	34	62	48	39	56	34	8	23	32	24	16	20	27	24	22	37	12	37	8	45	4	9	25	11	20	36	15	31	17	65	55	61	0	65	63	40	56	14	14	23	66	20	42	4	26	8	24	27	36	30	0	61	15	31	9	63	63	10	43	42	12	47	43	12	39	36	31	27	52	62	48	8	0	29	14	63	65	47	67	25	62	31	15	45	39	28	34	8	65	40	34	39	59	60	69	9	23	42	23	25	62	54	58	65	46	57	12	13	18	15	11	39	31	23	53	67	2	68	30	51	54	52	42	25	12	33	69	48	11	18	45	19	14	57	42	42	8	47	34	50	12	49	65	64	17	36	52	60	48	17	67	52	18	61	13	65	24	40	44	5	21	34	20	29	58	14	1	18	12	53	28	44	58	17	29	32	24	52	12	34	49	30	21	30	39	58	9	35	13	27	2	16	58	32	35	55	52	65	22	11	18	34	47	5	30	56	50	39	47	15	10	61	1	33	32	41	59	63	54	1	61	44	13	27	49	20	18	23	68	5	25	6	4	42	36	5	63	48	57	63	38	1	48	65	56	33	30	42	58	67	0	49	40	53	16	26	66	56	41	20	49	41	20	15	62	29	5	46	20	45	60	60	54	8	63	2	69	28	23	17	64	14	65	34	17	34	17	29	52	24	48	47	0	49	5	47	54	55	22	59	47	69	66	16	37	50	55	61	54	24	11	55	3	43	40	29	64	11	17	40	3	53	32	30	55	26	68	34	48	1	27	56	15	48	67	19	68	55	40	56	6	36	9	10	19	18	63	42	54	42	24	51	2	16	10	56	10	48	67	47	54	61	19	38	59	58	0	1	67	29	10	60	7	52	11	33	54	16	19	6	53	2	39	20	43	53	42	48	23	50	4	28	0	46	67	7	53	27	23	34	53	40	43	59	61	25	24	54	26	44	32	2	3	38	60	63	69	28	5	10	13	32	25	40	37	24	49	43	62	31	57	50	22	32	68	9	32	7	48	6	25	28	48	30	40	6	34	68	15	19	40	28	63	7	62	23	28	1	25	8	27	14	40	59	48	11	33	44	56	28	29	40	39	45	59	16	37	46	31	27	23	30	5	28	35	50	51	57	49	52	13	36	16	36	41	63	64	38	7	34	5	1	37	16	18	40	19	46	58	38	52	22	20	61	49	19	67	13	2	65	24	37	4	13	40	41	8	64	14	55	60	43	31	8	64	7	36	1	52	53	46	44	25	46	27	55	33	2	37	49	53	67	37	31	13	64	32	35	2	64	33	69	52	12	52	56	64	23	19	13	34	32	5	6	45	46	30	1	41	51	13	23	66	48	20	40	50	61	60	16	38	3	63	16	69	19	10	11	29	67	41	5	44	69	9	64	26	18	42	63	66	35	59	5	55	26	57	0	27	13	3	68	40	23	30	34	41	67	49	11	37	69	44	59	2	20	54	12	54	40	67	19	55	17	56	8	14	2	64	57	40	54	58	41	23	64	15	59	37	10	32	63	18	40	25	26	65	33	13	67	60	46	48	25	68	17	1	21	19	50	55	68	10	62	29	19	57	50	16	19	5	6	43	31	58	44	64	69	15	41	36	18	42	36	41	7	53	28	36	68	18	31	32	41	14	23	51	0	1	69	44	6	6	57	69	54	9	22	26	36	8	47	42	17	17	22	67	43	0	59	27	60	63	25	9	59	62	25	3	67	5	45	25	10	48	17	60	6	19	52	47	4	44	67	43	64	55	4	45	68	66	44	46	27	32	33	51	42	20	0	23	10	68	50	41	37	61	37	12	33	18	59	69	58	53	18	43	23	9	56	63	17	42	53	36	20	1	59	21	4	22	20	44	36	66	24	25	23	61	55	69	55	22	53	26	54	51	59	46	42	41	38	48	30	66	28	64	63	42	42	65	13	5	24	69	27	60	39	53	44	47	4	33	25	31	45	54	61	30	42	57	55	4	32	12	41	7	32	0	5	13	54	45	12	54	8	34	43	60	35	58	36	13	26	48	1	37	27	33	24	68	49	16	54	46	46	22	66	6	12	52	69	1	26	45	63	23	59	20	20	3	6	36	6	52	53	32	68	64	2	21	17	34	10	60	67	28	6	10	23	7	42	12	53	69	40	67	47	50	23	14	34	28	40	69	12	16	25	5	14	34	66	30	39	4	6	53	7	34	60	59	68	11	45	34	16	13	19	39	24	21	66	38	29	5	61	28	7	53	14	41	55	25	58	64	27	41	32	69	21	57	64	26	58	11	38	50	49	45	43	33	0	59	34	17	65	3	9	43	51	23	22	4	58	45	64	65	47	13	34	50	59	35	34	61	6	29	9	
30	26	31	33	24	37	27	35	22	33	32	21	35	27	30	36	38	36	34	31	21	26	32	34	22	22	24	27	24	26	33	31	23	35	34	22	28	27	33	22	34	40	24	39	35	33	28	39	26	38	22	32	27	22	30	25	32	27	29	26	31	39	37	24	35	33	32	29	31	40	31	21	26	27	31	36	29	27	27	35	21	33	22	25	21	23	22	31	31	37	33	40	32	37	22	29	29	38	33	29	20	20	36	37	30	26	25	35	21	22	34	20	34	23	27	25	37	35	26	20	36	31	27	28	29	23	28	27	27	21	21	23	35	27	26	26	40	36	36	30	23	36	23	29	26	25	38	35	40	35	37	33	30	35	21	40	27	25	30	25	21	30	38	20	37	32	24	25	22	34	27	23	23	27	20	24	29	22	20	33	30	34	21	25	24	20	20	32	36	33	26	21	20	34	24	29	38	31	21	26	33	40	28	23	26	34	33	40	33	29	35	25	29	20	25	39	35	25	32	38	25	33	31	35	29	39	39	30	39	26	40	27	21	23	32	40	20	28	40	23	20	29	35	23	21	22	37	21	25	21	28	20	31	37	30	35	36	37	37	40	39	21	29	27	31	31	37	31	38	35	36	39	36	35	27	25	24	33	20	22	24	21	23	33	39	28	32	31	33	25	36	26	33	34	34	24	39	36	31	22	34	26	26	33	35	30	38	30	40	33	33	30	39	29	24	33	23	34	22	30	21	37	23	31	40	23	32	39	21	20	27	27	33	40	26	29	21	21	35	28	40	30	31	25	29	23	25	20	36	24	27	21	34	24	35	22	34	26	38	38	37	32	34	35	24	35	35	28	39	33	32	26	26	25	23	25	40	31	38	24	39	26	22	27	32	31	35	29	34	24	38	40	27	20	29	40	32	38	39	39	24	23	20	22	29	37	22	37	33	21	23	40	30	22	26	34	25	22	31	27	23	34	31	37	22	25	26	23	32	31	25	21	34	32	22	28	33	22	37	21	28	27	29	29	33	27	33	40	26	23	23	22	31	27	32	37	40	32	21	35	36	20	35	20	25	30	24	21	27	20	31	20	26	20	34	20	29	37	20	36	36	34	32	26	20	29	40	38	23	31	24	36	32	39	40	21	21	21	24	21	21	37	34	38	39	39	32	35	31	38	25	27	39	24	37	32	22	32	36	26	29	36	39	28	33	30	26	35	33	20	39	26	20	29	30	34	29	29	23	27	20	21	33	28	31	20	33	28	27	32	40	25	35	37	21	39	32	27	37	28	35	23	33	22	34	23	28	30	26	34	28	28	23	39	29	33	25	33	38	31	38	31	25	22	27	33	29	39	29	27	31	37	33	29	34	25	23	24	20	22	34	20	39	38	40	23	22	31	27	21	39	34	25	25	24	25	21	22	40	35	25	22	34	37	22	37	28	29	29	30	28	33	30	26	37	24	22	31	39	24	24	23	31	20	31	27	26	37	24	24	26	29	32	25	33	21	34	38	30	24	25	26	36	36	31	23	34	36	40	23	32	40	38	40	40	24	26	29	35	40	34	29	30	23	33	20	35	27	38	37	31	38	29	23	39	25	25	37	40	22	37	24	20	27	40	25	24	21	21	27	40	26	24	31	31	39	24	20	35	35	37	25	32	40	38	22	24	25	32	39	38	32	21	30	33	34	23	34	28	33	40	36	32	27	23	25	22	40	23	35	38	20	21	30	21	29	28	26	38	29	27	26	30	33	40	22	30	29	29	30	28	35	23	26	26	38	25	25	25	30	39	31	23	24	35	35	38	37	30	33	40	20	40	40	23	26	26	37	36	22	25	39	32	28	40	36	37	38	20	37	38	22	21	26	26	37	27	31	35	29	33	23	30	25	20	35	24	40	31	27	39	33	29	40	27	21	34	24	35	38	32	38	28	23	36	33	33	25	37	25	40	37	29	20	30	35	33	26	33	31	26	24	40	39	37	23	26	23	25	28	35	24	37	40	21	35	38	36	31	39	31	21	39	26	25	30	24	36	28	38	29	20	34	35	24	39	33	28	29	22	37	34	31	20	32	20	21	39	24	28	25	25	36	31	38	28	21	25	29	30	35	21	33	37	32	34	39	22	27	27	31	40	39	20	30	21	35	40	39	36	32	25	23	26	26	20	25	29	40	21	21	32	37	22	31	40	28	23	31	40	21	30	29	31	21	33	31	35	20	35	39	31	37	20	40	30	33	21	27	32	29	40	38	25	25	25	30	27	36	27	35	37	36	37	26	25	20	36	28	36	35	25	25	28	38	26	34	33	26	38	38	23	35	38	22	23	21	22	37	27	35	29	29	36	36	33	35	36	22	26	20	27	24	21	28	40	36	40	39	35	29	36	36	34	26	26	37	22	24	39	33	20	39	23	27	34	29	29	35	26	33	31	22	29	37	37	31	31	23	20	21	26	40	40	36	38	33	31	20	23	29	39	22	35	35	25	30	30	37	23	40	38	39	21	28	32	26	21	32	27	21	34	21	27	25	28	24	30	40	32	27	22	27	35	35	20	21	37	39	22	23	36	29	31	35	37	29	35	23	21	37	27	21	37	33	21	40	33	40	25	36	40	37	34	27	32	29	33	21	33	23	30	38	23	31	22	32	34	27	36	30	23	34	20	27	29	23	22	30	20	25	34	23	24	22	40	33	22	24	25	24	36	20	22	32	40	25	20	20	33	21	22	26	35	23	28	35	28	38	39	27	20	40	35	22	27	32	21	23	31	23	33	22	34	23	21	27	27	37	26	32	30	26	35	34	25	31	27	29	34	31	26	22	32	21	39	27	39	38	20	32	35	36	39	30	34	31	29	28	32	28	28	40	32	20	23	36	38	25	24	31	36	22	39	24	34	33	40	27	37	27	33	38	21	24	38	33	27	29	40	31	34	32	35	22	38	31	36	22	30	37	21	24	21	40	39	24	25	20	33	35	40	33	40	36	20	36	31	39	32	34	22	28	22	20	22	23	24	40	40	23	36	29	27	36	20	35	29	38	22	22	20	40	28	23	37	25	32	29	26	33	35	23	24	33	26	21	24	33	32	37	25	31	38	32	31	31	33	28	30	35	32	27	38	23	25	23	25	27	32	39	34	31	31	31	23	38	33	22	37	21	30	26	32	40	38	29	40	38	24	34	38	34	33	36	39	31	29	21	35	33	35	23	21	23	30	25	39	32	23	36	20	25	38	39	38	27	31	39	22	29	38	39	33	30	29	40	26	39	20	22	32	25	32	38	30	20	40	32	40	38	35	21	32	20	21	36	22	37	24	26	20	38	26	38	32	21	40	33	35	31	35	35	39	36	20	36	35	25	34	38	28	35	27	27	32	31	25	37	34	30	28	28	31	24	27	20	36	31	23	22	27	30	25	31	31	33	20	29	26	28	24	28	39	37	38	25	29	35	21	36	22	27	29	29	33	28	20	22	25	21	37	35	30	33	25	32	38	20	21	20	24	39	35	40	33	23	32	23	32	40	35	32	36	30	38	30	23	33	23	38	23	23	34	23	34	37	30	30	40	30	31	27	38	34	32	22	28	36	28	21	29	31	37	32	21	29	40	24	36	40	28	26	25	27	26	29	38	39	33	34	25	22	26	37	34	39	26	39	23	39	24	40	29	24	26	38	30	26	28	25	27	20	27	20	26	36	31	38	27	20	27	20	23	29	32	23	36	28	37	34	21	20	20	38	33	39	35	20	20	26	39	26	32	24	38	20	35	40	40	23	26	27	28	34	23	33	28	26	26	33	29	37	24	34	26	36	37	27	27	22	31	26	25	40	37	35	40	20	24	29	26	33	20	28	37	23	32	33	24	
32	10	25	29	24	27	35	24	46	28	38	37	17	39	49	18	17	46	28	45	11	10	16	17	29	31	47	21	48	45	31	36	11	40	12	31	26	33	41	35	48	17	46	41	40	39	14	18	14	36	14	40	46	23	10	43	43	40	37	34	12	23	45	12	40	48	38	42	39	21	13	23	43	36	25	18	29	12	34	33	17	30	20	30	31	35	15	39	39	20	29	37	27	24	36	28	11	44	13	14	23	48	25	22	18	11	26	43	32	26	35	39	42	14	36	47	33	46	34	38	43	22	14	31	29	26	46	44	43	15	29	40	29	11	23	25	30	41	19	28	43	49	28	36	33	28	42	45	37	42	25	41	40	32	11	43	10	45	12	12	28	18	14	22	17	49	40	34	22	32	35	14	14	48	47	36	16	28	46	24	37	50	50	11	15	27	20	33	47	18	17	16	43	23	19	44	47	18	13	43	40	24	12	45	37	20	36	15	26	13	10	20	50	29	26	12	45	16	12	44	34	13	30	40	42	14	13	26	29	16	16	43	18	43	33	23	32	14	38	32	39	19	15	33	29	38	47	16	31	27	37	27	48	31	19	22	31	43	29	34	32	13	27	46	22	27	26	33	25	48	46	22	49	46	41	49	41	31	31	15	32	17	13	18	22	15	19	10	15	44	45	38	40	35	47	36	48	34	43	34	33	49	45	38	41	39	46	36	30	49	28	42	10	23	43	18	33	25	48	23	18	36	30	22	37	49	13	15	29	31	42	20	17	43	28	30	50	16	33	30	22	28	50	10	23	13	27	11	26	39	34	15	17	47	26	29	19	43	31	17	11	47	34	25	28	50	47	43	10	27	19	22	43	36	23	43	15	46	43	16	34	23	10	19	16	34	34	11	42	24	48	44	42	49	29	11	27	46	37	18	31	17	48	16	14	41	23	19	21	27	32	19	34	37	45	37	21	35	32	20	11	21	22	48	33	23	29	10	40	40	32	40	24	36	46	44	25	20	27	15	18	36	15	12	11	36	48	12	37	48	21	40	50	32	46	32	21	27	10	25	42	50	43	39	15	20	15	18	29	33	44	22	48	10	33	29	10	50	31	37	38	29	11	23	46	13	39	19	22	22	38	49	29	20	37	29	30	37	16	23	11	23	36	35	38	26	13	48	37	34	44	14	19	17	44	21	41	12	11	21	29	43	27	44	26	43	25	13	13	14	39	18	38	32	11	23	32	43	49	46	46	39	47	35	48	31	48	18	13	49	45	31	20	16	42	33	18	13	50	44	40	10	23	30	22	14	13	10	47	47	18	24	23	40	50	45	26	26	32	16	36	50	37	42	38	43	21	28	31	30	38	22	46	42	40	27	30	10	10	41	36	16	21	15	42	24	31	45	22	32	49	17	15	41	29	47	17	18	45	13	17	39	41	24	25	48	38	36	38	47	20	26	26	30	49	32	48	32	13	37	19	46	17	46	47	10	22	16	26	40	11	40	45	39	20	18	35	45	48	16	49	20	28	16	41	12	32	17	17	10	26	14	44	43	19	32	46	28	35	15	17	47	34	12	49	18	24	39	37	10	41	12	30	20	19	29	17	35	29	45	35	15	29	10	19	34	33	41	45	19	28	46	47	47	42	20	32	34	23	31	50	34	25	15	25	33	37	33	39	12	31	44	26	25	23	27	32	35	19	43	22	13	44	21	39	25	14	49	10	14	19	44	26	30	12	20	19	27	40	23	10	26	50	50	35	50	18	17	38	24	28	22	10	48	18	31	41	42	22	10	11	35	20	31	23	30	33	18	30	29	40	41	29	29	22	14	38	42	33	13	20	20	29	21	28	17	34	11	14	24	45	38	28	15	37	27	35	29	36	22	50	39	46	29	49	31	30	11	30	34	50	19	14	39	14	33	36	13	11	13	18	38	43	42	37	12	31	32	47	45	11	14	24	20	26	41	15	50	24	42	35	22	17	36	38	10	11	19	44	12	50	30	37	13	18	16	40	14	10	31	35	46	10	48	19	45	24	27	33	13	34	29	30	22	16	16	43	49	12	13	12	31	29	14	32	48	28	35	47	29	26	45	11	50	44	24	20	18	39	14	48	29	19	37	19	35	48	34	16	35	27	17	41	49	31	17	13	37	34	29	19	34	40	47	15	34	30	19	21	39	19	21	13	35	20	36	17	16	50	10	22	34	25	24	42	41	34	14	13	50	46	12	14	47	28	50	18	25	30	42	48	44	28	22	36	47	49	50	19	13	14	19	47	25	48	36	40	27	39	26	28	13	24	46	26	12	15	45	27	23	34	47	45	10	43	30	11	34	33	42	42	45	40	13	36	15	33	37	22	14	15	26	33	16	29	33	30	13	39	26	38	14	22	25	38	38	35	28	23	14	23	13	49	48	49	34	22	23	13	38	12	40	45	26	12	15	10	49	31	44	40	28	35	24	34	12	44	21	44	26	40	14	10	29	46	41	18	45	33	36	48	23	38	12	17	19	11	50	28	21	36	23	38	19	12	14	41	49	34	10	41	10	22	44	24	18	28	40	12	29	11	20	25	44	42	18	21	39	37	24	34	16	48	18	44	25	27	42	10	49	16	23	35	30	37	38	47	16	30	14	18	38	15	36	18	44	20	16	18	15	10	30	15	36	42	46	48	49	24	21	26	21	16	46	26	31	20	15	24	15	29	32	37	15	49	27	37	25	46	23	18	45	22	21	46	43	14	45	38	50	47	33	15	24	37	47	17	14	47	43	40	49	17	28	28	12	14	36	19	21	48	27	31	17	43	29	12	19	30	23	39	14	22	14	21	35	14	12	34	21	21	40	13	37	21	12	12	13	11	47	47	43	18	35	26	47	30	48	47	49	34	39	36	23	34	32	11	31	46	32	21	38	10	33	44	24	27	12	21	10	23	38	49	34	25	26	36	15	38	16	29	21	43	38	31	39	18	14	47	21	22	34	45	34	47	41	42	43	18	35	33	25	13	28	17	28	29	16	39	35	42	14	19	34	18	28	26	15	40	19	37	32	32	13	18	33	27	39	19	37	30	18	49	23	40	33	20	27	31	25	45	19	17	36	48	47	28	38	29	33	23	33	33	32	20	19	31	39	26	37	34	25	39	30	47	24	46	23	50	33	41	28	14	42	50	11	13	31	48	26	10	37	15	15	46	16	30	29	11	11	29	21	46	25	40	28	19	21	18	14	35	39	37	45	38	33	43	38	38	11	31	28	12	39	10	42	43	16	38	20	11	17	21	41	17	15	48	49	15	48	30	44	34	47	43	11	36	26	12	11	10	22	43	44	11	21	34	32	27	27	29	42	30	26	28	43	47	11	26	20	47	16	27	20	32	41	46	16	19	14	35	32	22	32	30	27	41	37	40	21	47	17	29	40	39	30	45	34	46	14	32	33	42	50	36	20	24	23	38	48	36	31	14	27	23	26	26	20	31	28	45	50	24	13	32	23	47	24	46	33	23	28	20	31	42	19	40	13	34	45	38	41	48	39	15	31	42	47	48	49	39	38	43	22	16	47	23	18	13	40	26	26	40	13	46	33	16	50	26	15	31	41	48	47	33	29	34	46	30	16	49	50	26	29	19	30	26	18	28	43	31	50	11	13	15	35	23	17	47	12	27	14	34	13	34	41	24	45	45	48	38	47	45	41	35	24	40	18	12	13	32	17	27	37	27	30	39	13	19	31	30	21	20	49	44	13	42	11	40	39	44	22	36	43	41	30	33	35	49	36	36	13	29	15	45	43	27	37	24	33	17	21	50	47	41	26	30	25	46	47	41	13	15	20	32	24	12	37	32	47	33	29	15	50	36	15	12	22	19	27	
5
70
