2173
70
0	0	0	0	192	0	0	0	500	0	0	0	0	0	0	0	0	0	0	0	96	0	0	0	0	0	0	96	500	0	0	0	0	0	0	0	0	0	0	0	0	0	0	0	0	0	0	0	0	0	0	0	0	0	0	0	0	0	0	0	0	0	0	0	0	0	0	0	0	0	
0	0	0	0	0	0	0	0	0	0	0	0	0	0	0	0	0	96	0	0	0	0	0	0	0	0	0	0	0	0	0	0	0	0	0	0	0	0	0	0	0	0	0	0	0	0	0	192	0	0	0	0	0	0	0	0	0	0	48	0	0	0	0	0	0	0	0	0	0	0	
0	0	0	0	0	0	0	0	0	0	0	0	0	0	0	0	0	0	0	0	0	192	0	0	0	0	0	0	0	0	0	0	0	0	0	0	0	0	0	0	0	0	0	0	0	0	0	0	0	0	0	0	0	0	0	96	0	0	0	0	0	0	0	0	0	0	0	0	0	0	
0	0	0	0	0	0	0	0	0	0	192	0	0	0	192	0	0	0	0	0	0	0	500	0	0	192	0	0	0	0	0	0	0	0	0	0	0	0	0	0	0	0	0	0	0	0	0	0	0	0	0	0	0	0	0	0	0	0	0	0	0	0	0	0	0	0	0	0	0	0	
192	0	0	0	0	0	0	0	0	0	0	0	0	0	0	0	0	0	0	0	0	0	0	96	0	0	0	0	0	0	0	0	0	0	0	0	0	0	0	0	0	0	0	0	0	0	96	0	0	0	0	0	0	0	0	0	0	0	0	0	0	0	0	0	192	0	0	0	0	0	
0	0	0	0	0	0	0	0	0	0	0	0	0	0	0	0	0	0	0	0	0	0	96	0	0	0	0	0	0	0	0	0	0	0	0	0	0	0	0	0	0	0	192	0	0	0	0	0	0	0	0	0	0	0	0	0	0	0	0	96	0	0	0	0	0	0	0	0	0	0	
0	0	0	0	0	0	0	0	0	0	0	0	48	0	0	0	0	0	0	0	0	0	0	0	0	0	0	0	0	0	0	0	0	0	0	0	0	0	0	0	500	0	0	0	0	0	0	0	0	0	0	0	0	0	0	0	0	0	0	0	0	0	0	0	0	0	0	0	0	0	
0	0	0	0	0	0	0	0	0	0	0	48	0	0	0	0	0	0	0	0	0	0	0	0	0	0	0	0	0	0	0	0	0	0	500	0	0	0	0	0	0	0	0	0	0	0	0	0	0	0	0	0	0	0	0	0	0	0	0	0	0	0	0	0	0	0	0	0	0	0	
500	0	0	0	0	0	0	0	0	192	0	0	0	96	0	0	0	0	0	0	0	0	0	0	0	0	0	0	0	0	0	0	0	0	0	0	0	0	0	0	0	0	0	0	0	0	0	0	0	0	0	0	0	0	0	0	0	0	0	0	0	0	0	0	0	0	0	0	0	500	
0	0	0	0	0	0	0	0	192	0	0	0	0	192	0	0	0	0	0	0	0	0	0	0	0	0	0	0	0	0	0	0	0	0	0	0	0	0	0	0	0	0	0	0	0	0	0	0	0	0	0	0	0	0	0	0	0	0	0	0	0	0	0	0	0	96	0	0	0	192	
0	0	0	192	0	0	0	0	0	0	0	0	0	0	96	0	0	0	0	0	0	0	0	0	0	500	0	0	0	0	0	0	0	0	0	0	0	0	0	0	0	0	0	0	0	0	0	0	0	0	0	0	0	0	0	0	0	0	0	0	0	0	0	0	0	0	0	0	0	0	
0	0	0	0	0	0	0	48	0	0	0	0	0	0	0	0	0	0	0	0	0	0	0	0	0	500	0	0	0	0	0	0	0	0	0	0	0	0	0	0	0	0	0	0	0	0	0	0	0	0	0	0	0	0	0	0	0	0	0	0	0	0	0	0	0	0	0	0	0	0	
0	0	0	0	0	0	48	0	0	0	0	0	0	0	0	0	0	0	0	0	0	0	0	0	0	0	0	0	0	0	0	0	0	0	0	0	0	0	0	0	0	0	0	0	0	0	0	0	0	0	0	0	0	0	0	0	0	0	0	0	0	0	0	0	0	0	48	0	0	0	
0	0	0	0	0	0	0	0	96	192	0	0	0	0	0	0	0	0	0	0	0	0	0	0	0	0	0	0	0	0	0	0	0	0	0	0	0	0	0	0	0	0	0	0	0	0	0	0	0	0	0	0	0	0	0	0	0	0	0	0	0	0	0	0	0	48	0	0	0	500	
0	0	0	192	0	0	0	0	0	0	96	0	0	0	0	0	0	0	0	0	0	0	0	0	0	0	0	0	0	0	0	0	0	0	0	0	0	0	0	0	192	0	48	0	0	0	0	0	0	0	0	0	0	0	0	0	0	0	0	0	0	0	0	0	0	0	0	0	0	0	
0	0	0	0	0	0	0	0	0	0	0	0	0	0	0	0	0	0	0	0	0	0	0	0	0	0	0	0	0	0	0	0	0	0	0	0	0	96	0	0	0	0	0	0	0	0	0	0	0	0	0	0	0	96	0	0	0	0	0	0	0	0	0	0	0	0	0	0	0	0	
0	0	0	0	0	0	0	0	0	0	0	0	0	0	0	0	0	0	0	96	0	0	0	0	0	0	0	0	0	0	0	0	0	0	0	0	192	0	0	0	0	0	0	0	0	0	0	0	0	0	0	0	0	0	0	0	0	0	0	0	0	0	0	0	0	0	0	0	0	0	
0	96	0	0	0	0	0	0	0	0	0	0	0	0	0	0	0	0	0	0	0	0	0	0	0	0	0	0	0	0	0	0	0	0	0	0	0	0	0	0	0	0	0	0	0	0	0	0	0	0	0	0	0	0	0	0	0	0	192	0	0	0	0	0	0	0	0	0	0	0	
0	0	0	0	0	0	0	0	0	0	0	0	0	0	0	0	0	0	0	0	0	0	0	0	0	0	0	0	0	0	0	0	0	0	0	0	0	0	0	0	0	0	0	0	0	0	0	0	0	0	0	0	0	0	0	0	500	192	0	0	0	0	0	0	0	0	0	0	0	0	
0	0	0	0	0	0	0	0	0	0	0	0	0	0	0	0	96	0	0	0	0	0	0	0	0	0	0	0	0	0	0	0	0	0	0	0	0	0	0	0	0	0	0	0	0	0	0	0	0	0	96	0	0	0	0	0	0	0	0	0	0	0	0	48	0	0	0	0	0	0	
96	0	0	0	0	0	0	0	0	0	0	0	0	0	0	0	0	0	0	0	0	0	0	0	0	0	0	0	0	0	0	192	0	0	0	0	0	0	0	0	0	0	0	0	0	0	0	0	0	0	0	0	0	0	48	0	0	0	0	0	0	0	0	0	0	0	0	0	0	0	
0	0	192	0	0	0	0	0	0	0	0	0	0	0	0	0	0	0	0	0	0	0	0	0	0	0	0	0	0	0	0	0	0	0	0	0	0	0	0	0	0	0	0	0	0	0	0	0	0	0	0	0	0	0	0	500	48	48	0	0	0	0	0	0	0	0	0	0	0	0	
0	0	0	500	0	96	0	0	0	0	0	0	0	0	0	0	0	0	0	0	0	0	0	0	0	0	0	0	0	0	0	0	0	0	0	0	0	0	0	0	0	0	0	0	0	0	0	0	0	0	0	0	0	0	0	0	0	0	0	0	0	0	0	0	0	0	0	0	0	0	
0	0	0	0	96	0	0	0	0	0	0	0	0	0	0	0	0	0	0	0	0	0	0	0	0	0	0	0	0	0	0	0	0	0	0	0	0	0	0	0	0	0	0	0	0	0	96	0	0	0	0	0	0	0	0	0	0	0	0	0	0	0	0	0	192	0	0	0	0	0	
0	0	0	0	0	0	0	0	0	0	0	0	0	0	0	0	0	0	0	0	0	0	0	0	0	0	0	0	0	0	500	0	96	0	0	0	0	0	0	0	0	0	0	0	0	0	0	0	0	0	0	0	0	0	0	0	0	0	0	0	0	0	0	0	0	0	0	0	0	0	
0	0	0	192	0	0	0	0	0	0	500	500	0	0	0	0	0	0	0	0	0	0	0	0	0	0	0	0	0	0	0	0	0	0	0	0	0	0	0	0	0	0	0	0	0	0	0	0	0	0	0	0	0	0	0	0	0	0	0	0	0	0	0	0	0	0	0	0	0	0	
0	0	0	0	0	0	0	0	0	0	0	0	0	0	0	0	0	0	0	0	0	0	0	0	0	0	0	0	0	500	0	0	0	0	0	0	0	0	0	0	0	0	0	0	0	0	0	0	0	0	0	0	0	0	0	0	0	0	0	0	0	192	0	0	0	0	0	0	0	0	
96	0	0	0	0	0	0	0	0	0	0	0	0	0	0	0	0	0	0	0	0	0	0	0	0	0	0	0	48	0	0	0	0	0	0	0	0	0	0	0	0	0	0	0	0	0	0	0	0	0	0	0	0	0	0	0	0	0	0	0	0	0	0	0	0	0	0	0	0	0	
500	0	0	0	0	0	0	0	0	0	0	0	0	0	0	0	0	0	0	0	0	0	0	0	0	0	0	48	0	0	0	0	0	0	0	0	0	0	0	0	0	0	0	0	0	0	0	0	0	0	0	500	0	0	0	0	0	0	0	0	0	0	0	0	0	0	0	0	0	0	
0	0	0	0	0	0	0	0	0	0	0	0	0	0	0	0	0	0	0	0	0	0	0	0	0	0	500	0	0	0	0	0	0	0	0	0	0	0	0	0	0	0	0	0	0	0	0	0	0	0	0	0	0	0	0	0	0	0	0	0	0	0	0	0	0	0	0	0	96	0	
0	0	0	0	0	0	0	0	0	0	0	0	0	0	0	0	0	0	0	0	0	0	0	0	500	0	0	0	0	0	0	0	0	0	0	0	0	0	0	0	0	0	0	0	0	0	0	0	0	0	0	0	0	0	0	0	0	0	0	0	500	0	0	0	0	0	0	0	0	0	
0	0	0	0	0	0	0	0	0	0	0	0	0	0	0	0	0	0	0	0	192	0	0	0	0	0	0	0	0	0	0	0	0	0	0	0	0	0	0	0	0	0	0	0	0	0	0	0	0	0	0	0	0	0	48	0	0	0	0	0	0	0	0	0	0	0	0	0	0	0	
0	0	0	0	0	0	0	0	0	0	0	0	0	0	0	0	0	0	0	0	0	0	0	0	96	0	0	0	0	0	0	0	0	0	0	0	0	0	0	0	0	0	0	0	0	0	0	0	0	0	0	0	0	0	0	0	0	0	500	0	192	0	0	0	0	0	0	0	0	0	
0	0	0	0	0	0	0	0	0	0	0	0	0	0	0	0	0	0	0	0	0	0	0	0	0	0	0	0	0	0	0	0	0	0	0	0	0	0	0	0	0	48	0	0	0	0	0	0	0	0	0	500	0	0	0	0	0	0	0	0	0	48	0	0	0	0	0	0	0	0	
0	0	0	0	0	0	0	500	0	0	0	0	0	0	0	0	0	0	0	0	0	0	0	0	0	0	0	0	0	0	0	0	0	0	0	0	0	0	0	0	0	0	0	0	0	48	0	0	0	0	0	0	0	0	0	0	0	0	0	0	0	0	0	0	0	0	0	0	0	0	
0	0	0	0	0	0	0	0	0	0	0	0	0	0	0	0	0	0	0	0	0	0	0	0	0	0	0	0	0	0	0	0	0	0	0	0	0	0	0	0	48	0	0	0	0	0	0	0	0	0	0	0	0	0	0	0	0	0	0	192	0	0	0	0	0	0	96	0	0	0	
0	0	0	0	0	0	0	0	0	0	0	0	0	0	0	0	192	0	0	0	0	0	0	0	0	0	0	0	0	0	0	0	0	0	0	0	0	0	0	0	0	0	0	0	0	0	0	0	0	500	0	0	0	0	0	0	0	0	0	0	0	0	0	0	0	0	0	0	0	0	
0	0	0	0	0	0	0	0	0	0	0	0	0	0	0	96	0	0	0	0	0	0	0	0	0	0	0	0	0	0	0	0	0	0	0	0	0	0	0	0	0	0	0	0	0	48	0	0	0	0	0	0	0	48	0	0	0	0	0	0	0	0	0	0	0	0	0	500	0	0	
0	0	0	0	0	0	0	0	0	0	0	0	0	0	0	0	0	0	0	0	0	0	0	0	0	0	0	0	0	0	0	0	0	0	0	0	0	0	0	0	0	0	0	0	96	0	0	500	0	0	0	0	0	0	0	0	0	0	48	0	0	0	0	0	0	0	0	0	0	0	
0	0	0	0	0	0	0	0	0	0	0	0	0	0	0	0	0	0	0	0	0	0	0	0	0	0	0	0	0	0	0	0	0	0	0	0	0	0	0	0	0	0	0	0	0	0	0	0	0	96	0	0	0	0	0	0	0	0	0	96	0	0	0	0	0	0	0	0	0	0	
0	0	0	0	0	0	500	0	0	0	0	0	0	0	192	0	0	0	0	0	0	0	0	0	0	0	0	0	0	0	0	0	0	0	0	48	0	0	0	0	0	0	0	0	0	0	0	0	0	0	0	0	0	0	0	0	0	0	0	0	0	0	0	0	0	0	0	0	0	0	
0	0	0	0	0	0	0	0	0	0	0	0	0	0	0	0	0	0	0	0	0	0	0	0	0	0	0	0	0	0	0	0	0	48	0	0	0	0	0	0	0	0	0	0	0	500	0	0	0	0	0	0	0	0	0	0	0	0	0	0	0	0	0	0	0	0	0	0	0	0	
0	0	0	0	0	192	0	0	0	0	0	0	0	0	48	0	0	0	0	0	0	0	0	0	0	0	0	0	0	0	0	0	0	0	0	0	0	0	0	0	0	0	0	0	0	0	0	0	0	0	0	0	0	0	0	0	0	0	0	0	0	0	0	0	0	0	0	0	0	0	
0	0	0	0	0	0	0	0	0	0	0	0	0	0	0	0	0	0	0	0	0	0	0	0	0	0	0	0	0	0	0	0	0	0	0	0	0	0	0	0	0	0	0	0	0	0	0	0	0	0	0	0	0	0	0	0	0	0	48	0	0	0	0	0	0	0	0	192	0	0	
0	0	0	0	0	0	0	0	0	0	0	0	0	0	0	0	0	0	0	0	0	0	0	0	0	0	0	0	0	0	0	0	0	0	0	0	0	0	96	0	0	0	0	0	0	0	0	0	500	0	192	0	192	0	0	0	0	0	0	0	0	0	0	0	0	0	0	96	0	0	
0	0	0	0	0	0	0	0	0	0	0	0	0	0	0	0	0	0	0	0	0	0	0	0	0	0	0	0	0	0	0	0	0	0	48	0	0	48	0	0	0	500	0	0	0	0	0	0	0	0	0	0	0	0	0	0	0	0	0	0	0	0	0	0	0	0	0	0	0	0	
0	0	0	0	96	0	0	0	0	0	0	0	0	0	0	0	0	0	0	0	0	0	0	96	0	0	0	0	0	0	0	0	0	0	0	0	0	0	0	0	0	0	0	0	0	0	0	0	0	0	0	0	0	0	0	0	0	0	0	0	0	0	0	0	0	0	0	0	0	0	
0	192	0	0	0	0	0	0	0	0	0	0	0	0	0	0	0	0	0	0	0	0	0	0	0	0	0	0	0	0	0	0	0	0	0	0	0	0	500	0	0	0	0	0	0	0	0	0	0	0	0	0	0	0	0	0	0	0	0	0	0	0	0	0	0	0	0	0	0	0	
0	0	0	0	0	0	0	0	0	0	0	0	0	0	0	0	0	0	0	0	0	0	0	0	0	0	0	0	0	0	0	0	0	0	0	0	0	0	0	0	0	0	0	0	500	0	0	0	0	0	0	0	500	0	0	0	48	0	0	0	0	0	96	0	0	0	0	0	48	0	
0	0	0	0	0	0	0	0	0	0	0	0	0	0	0	0	0	0	0	0	0	0	0	0	0	0	0	0	0	0	0	0	0	0	0	0	500	0	0	96	0	0	0	0	0	0	0	0	0	0	0	0	0	0	0	0	0	0	0	0	0	0	0	96	0	0	0	0	0	0	
0	0	0	0	0	0	0	0	0	0	0	0	0	0	0	0	0	0	0	96	0	0	0	0	0	0	0	0	0	0	0	0	0	0	0	0	0	0	0	0	0	0	0	0	192	0	0	0	0	0	0	0	0	0	0	0	0	0	0	0	0	0	0	0	0	0	0	0	0	0	
0	0	0	0	0	0	0	0	0	0	0	0	0	0	0	0	0	0	0	0	0	0	0	0	0	0	0	0	500	0	0	0	0	500	0	0	0	0	0	0	0	0	0	0	0	0	0	0	0	0	0	0	0	0	0	0	0	0	0	0	0	0	0	0	0	0	0	0	0	0	
0	0	0	0	0	0	0	0	0	0	0	0	0	0	0	0	0	0	0	0	0	0	0	0	0	0	0	0	0	0	0	0	0	0	0	0	0	0	0	0	0	0	0	0	192	0	0	0	500	0	0	0	0	0	0	0	500	0	0	0	0	0	96	0	0	0	0	0	0	0	
0	0	0	0	0	0	0	0	0	0	0	0	0	0	0	96	0	0	0	0	0	0	0	0	0	0	0	0	0	0	0	0	0	0	0	0	0	48	0	0	0	0	0	0	0	0	0	0	0	0	0	0	0	0	0	0	0	0	0	0	0	0	0	0	0	0	0	0	0	0	
0	0	0	0	0	0	0	0	0	0	0	0	0	0	0	0	0	0	0	0	48	0	0	0	0	0	0	0	0	0	0	48	0	0	0	0	0	0	0	0	0	0	0	0	0	0	0	0	0	0	0	0	0	0	0	0	0	0	0	0	0	0	0	0	0	0	0	0	0	0	
0	0	96	0	0	0	0	0	0	0	0	0	0	0	0	0	0	0	0	0	0	500	0	0	0	0	0	0	0	0	0	0	0	0	0	0	0	0	0	0	0	0	0	0	0	0	0	0	0	0	0	0	0	0	0	0	0	500	0	0	0	0	0	0	0	0	0	0	0	0	
0	0	0	0	0	0	0	0	0	0	0	0	0	0	0	0	0	0	500	0	0	48	0	0	0	0	0	0	0	0	0	0	0	0	0	0	0	0	0	0	0	0	0	0	0	0	0	0	48	0	0	0	500	0	0	0	0	0	0	0	0	0	0	0	0	0	0	0	0	0	
0	0	0	0	0	0	0	0	0	0	0	0	0	0	0	0	0	0	192	0	0	48	0	0	0	0	0	0	0	0	0	0	0	0	0	0	0	0	0	0	0	0	0	0	0	0	0	0	0	0	0	0	0	0	0	500	0	0	0	0	0	0	0	0	0	0	0	0	0	0	
0	48	0	0	0	0	0	0	0	0	0	0	0	0	0	0	0	192	0	0	0	0	0	0	0	0	0	0	0	0	0	0	500	0	0	0	0	0	48	0	0	0	0	48	0	0	0	0	0	0	0	0	0	0	0	0	0	0	0	0	0	0	0	0	0	0	0	0	0	0	
0	0	0	0	0	96	0	0	0	0	0	0	0	0	0	0	0	0	0	0	0	0	0	0	0	0	0	0	0	0	0	0	0	0	0	192	0	0	0	96	0	0	0	0	0	0	0	0	0	0	0	0	0	0	0	0	0	0	0	0	0	0	0	0	0	0	0	0	0	0	
0	0	0	0	0	0	0	0	0	0	0	0	0	0	0	0	0	0	0	0	0	0	0	0	0	0	0	0	0	0	500	0	192	0	0	0	0	0	0	0	0	0	0	0	0	0	0	0	0	0	0	0	0	0	0	0	0	0	0	0	0	0	0	0	0	0	0	0	0	0	
0	0	0	0	0	0	0	0	0	0	0	0	0	0	0	0	0	0	0	0	0	0	0	0	0	0	192	0	0	0	0	0	0	48	0	0	0	0	0	0	0	0	0	0	0	0	0	0	0	0	0	0	0	0	0	0	0	0	0	0	0	0	0	0	0	0	0	0	0	0	
0	0	0	0	0	0	0	0	0	0	0	0	0	0	0	0	0	0	0	0	0	0	0	0	0	0	0	0	0	0	0	0	0	0	0	0	0	0	0	0	0	0	0	0	0	0	0	0	96	0	0	0	96	0	0	0	0	0	0	0	0	0	0	0	0	0	0	0	0	0	
0	0	0	0	0	0	0	0	0	0	0	0	0	0	0	0	0	0	0	48	0	0	0	0	0	0	0	0	0	0	0	0	0	0	0	0	0	0	0	0	0	0	0	0	0	0	0	0	0	96	0	0	0	0	0	0	0	0	0	0	0	0	0	0	0	0	0	0	0	0	
0	0	0	0	192	0	0	0	0	0	0	0	0	0	0	0	0	0	0	0	0	0	0	192	0	0	0	0	0	0	0	0	0	0	0	0	0	0	0	0	0	0	0	0	0	0	0	0	0	0	0	0	0	0	0	0	0	0	0	0	0	0	0	0	0	0	0	0	0	0	
0	0	0	0	0	0	0	0	0	96	0	0	0	48	0	0	0	0	0	0	0	0	0	0	0	0	0	0	0	0	0	0	0	0	0	0	0	0	0	0	0	0	0	0	0	0	0	0	0	0	0	0	0	0	0	0	0	0	0	0	0	0	0	0	0	0	0	0	0	0	
0	0	0	0	0	0	0	0	0	0	0	0	48	0	0	0	0	0	0	0	0	0	0	0	0	0	0	0	0	0	0	0	0	0	0	96	0	0	0	0	0	0	0	0	0	0	0	0	0	0	0	0	0	0	0	0	0	0	0	0	0	0	0	0	0	0	0	0	0	0	
0	0	0	0	0	0	0	0	0	0	0	0	0	0	0	0	0	0	0	0	0	0	0	0	0	0	0	0	0	0	0	0	0	0	0	0	0	500	0	0	0	0	0	192	96	0	0	0	0	0	0	0	0	0	0	0	0	0	0	0	0	0	0	0	0	0	0	0	0	0	
0	0	0	0	0	0	0	0	0	0	0	0	0	0	0	0	0	0	0	0	0	0	0	0	0	0	0	0	0	96	0	0	0	0	0	0	0	0	0	0	0	0	0	0	0	0	0	0	48	0	0	0	0	0	0	0	0	0	0	0	0	0	0	0	0	0	0	0	0	0	
0	0	0	0	0	0	0	0	500	192	0	0	0	500	0	0	0	0	0	0	0	0	0	0	0	0	0	0	0	0	0	0	0	0	0	0	0	0	0	0	0	0	0	0	0	0	0	0	0	0	0	0	0	0	0	0	0	0	0	0	0	0	0	0	0	0	0	0	0	0	
56	27	45	59	0	64	54	55	65	57	16	8	2	19	22	69	30	14	51	20	39	1	12	53	25	35	31	2	6	31	64	27	46	55	52	2	8	22	34	13	27	14	59	32	31	24	59	51	69	68	30	19	59	23	1	42	45	37	7	43	12	10	23	40	0	35	49	58	50	63	17	27	46	24	10	31	34	68	1	14	29	64	29	54	67	44	26	4	10	11	52	50	31	15	0	21	58	69	35	1	40	35	55	9	46	52	59	43	3	69	56	19	51	43	40	37	48	52	0	9	46	63	24	1	33	40	46	33	60	22	55	25	35	49	6	23	66	30	66	68	58	15	66	44	45	0	52	32	65	36	46	33	69	64	37	27	12	5	2	69	60	14	35	44	21	33	61	51	32	9	3	21	51	26	21	10	4	57	55	13	36	52	20	61	66	56	19	41	31	28	0	41	54	33	28	58	54	36	2	17	69	40	10	24	31	28	44	49	46	68	23	44	7	11	38	21	21	27	22	29	0	37	29	4	18	67	24	43	50	62	12	36	30	55	59	62	1	1	53	5	17	15	23	45	44	49	26	30	69	35	36	52	44	10	8	12	18	26	6	53	65	4	19	29	43	28	10	65	69	3	39	2	51	25	39	63	62	15	38	2	56	6	43	32	9	7	53	66	38	46	40	10	31	16	13	60	15	15	54	9	20	22	62	23	2	7	60	29	46	27	54	7	31	52	33	6	29	6	21	62	58	38	31	45	50	61	46	33	2	13	40	26	51	46	26	0	50	37	68	57	54	66	3	29	48	28	58	54	20	13	33	1	8	66	39	66	62	65	30	20	67	3	22	23	14	63	61	40	49	24	52	1	8	66	0	44	40	64	46	11	37	6	3	8	8	33	47	2	37	15	25	65	66	49	58	6	28	61	26	11	55	17	4	61	20	8	49	52	47	69	41	0	60	37	6	3	42	13	59	31	40	41	21	30	38	54	0	6	10	20	33	21	62	6	45	5	28	10	48	29	1	39	41	23	20	22	7	33	28	48	42	21	55	60	8	21	46	15	30	39	22	68	11	69	48	55	25	25	4	69	63	37	13	24	28	55	27	29	6	21	28	64	65	18	7	52	30	40	16	50	16	65	43	53	4	63	69	68	66	60	3	25	7	68	13	12	54	9	13	28	54	27	22	49	38	6	6	4	14	0	65	17	0	15	6	41	10	2	49	48	25	9	26	7	11	28	58	61	47	19	26	25	62	28	2	53	22	55	54	54	22	32	39	42	44	19	19	4	19	2	44	36	10	2	45	9	63	49	48	11	51	6	60	68	38	17	25	65	69	63	67	33	27	44	1	28	58	54	7	8	6	55	40	38	34	25	52	12	7	53	64	5	64	23	22	69	17	54	0	1	30	30	23	15	27	26	1	50	42	42	35	41	29	4	23	17	63	68	43	66	33	16	4	9	60	48	48	22	66	54	67	68	33	10	48	41	66	42	40	8	46	45	1	13	9	45	41	46	17	55	57	28	0	1	3	26	46	18	45	49	29	2	58	28	69	57	4	39	10	4	18	47	54	40	48	60	6	29	26	45	33	22	25	24	31	68	47	44	56	41	15	66	34	28	43	17	43	23	1	66	35	30	68	0	54	17	15	22	2	18	26	54	17	49	5	35	44	62	52	35	27	38	68	1	3	39	10	15	21	32	42	24	7	49	38	1	30	31	34	27	57	58	27	9	36	40	43	49	23	37	5	3	65	3	66	34	49	36	67	18	48	68	25	56	40	44	61	32	49	4	22	55	13	1	23	21	64	50	65	63	18	47	30	60	36	51	48	31	37	63	8	6	60	61	23	4	54	9	36	9	22	68	28	40	1	48	0	15	28	10	48	47	28	22	52	62	62	41	18	32	5	51	27	38	32	48	14	65	39	50	45	61	3	51	44	24	9	37	6	51	52	26	63	6	36	0	49	58	55	29	31	35	28	38	42	30	22	23	62	17	46	37	49	37	58	32	57	3	20	29	35	38	55	38	12	52	22	59	16	46	67	60	65	18	9	33	29	41	13	55	5	49	67	14	58	63	23	47	54	27	24	8	3	33	19	12	35	34	56	27	69	5	34	63	44	41	10	2	62	59	4	50	47	19	21	45	41	59	26	27	27	14	3	44	36	26	12	20	42	16	48	36	1	63	62	16	16	28	20	16	39	64	37	62	26	46	30	43	64	3	59	26	25	30	25	34	50	12	69	36	18	57	52	16	62	68	9	58	45	23	28	60	34	52	33	13	14	56	6	61	42	32	40	36	35	47	65	50	31	32	58	54	26	60	56	5	36	8	5	24	54	28	10	46	23	3	60	27	51	21	17	23	30	57	23	34	41	61	41	5	43	14	30	64	46	27	51	3	50	11	24	48	15	17	33	29	64	45	23	26	69	14	45	51	16	64	66	2	47	60	14	23	64	14	37	51	0	1	20	56	26	57	64	43	69	54	8	10	9	27	58	64	47	9	2	61	55	42	13	19	21	24	44	18	18	14	69	0	8	48	21	24	13	1	37	62	46	51	67	25	55	5	0	63	39	1	26	51	1	50	62	45	28	11	35	60	23	1	45	33	1	17	46	23	67	27	3	37	26	2	51	5	41	38	50	69	40	40	29	61	49	66	57	18	55	17	63	46	3	32	19	12	18	26	67	46	43	68	14	5	49	21	27	5	29	36	64	4	28	51	55	19	39	18	64	63	16	22	33	56	13	35	50	43	63	64	21	13	65	34	60	36	30	40	41	15	7	65	17	62	67	16	39	51	34	32	59	14	38	14	65	57	49	51	50	58	42	57	15	33	42	53	61	43	35	41	12	12	29	35	47	25	65	62	35	0	11	11	39	4	38	51	26	41	10	5	8	39	13	56	53	44	46	35	69	20	49	2	69	59	21	4	59	25	24	37	24	67	44	30	55	17	8	43	22	8	30	27	56	49	31	39	41	22	47	46	66	12	58	61	56	68	21	38	49	38	54	68	58	28	32	67	29	53	67	56	51	65	33	25	35	65	19	3	37	29	48	4	58	10	48	56	40	32	33	40	0	48	17	5	3	5	47	41	11	11	0	0	33	4	67	59	5	7	35	6	32	49	17	20	11	0	5	55	64	13	41	4	43	54	23	37	35	54	66	3	55	37	1	11	13	18	56	54	26	1	63	37	17	66	27	30	63	43	63	36	50	50	25	51	18	42	5	20	12	33	15	17	17	30	57	69	57	13	56	51	1	37	13	66	34	2	64	13	56	52	59	59	65	9	47	37	48	57	17	65	56	68	11	65	21	52	7	14	16	67	45	56	8	39	26	28	13	51	37	27	50	21	51	32	4	7	17	12	69	29	38	38	17	64	40	1	55	25	61	60	4	7	17	40	12	43	1	43	12	57	8	52	27	65	32	31	15	29	5	42	48	12	62	58	17	12	33	16	33	3	58	39	11	37	28	68	19	59	12	30	6	20	26	14	55	43	58	26	9	65	61	29	51	52	67	43	54	38	32	29	13	49	55	17	35	8	64	52	2	61	35	37	56	48	15	33	38	3	45	15	37	38	29	39	69	9	47	42	39	0	30	18	49	67	36	44	50	44	49	56	23	34	58	69	18	1	39	35	44	6	41	46	21	65	37	69	7	69	66	53	18	16	12	58	67	50	66	38	47	59	31	54	9	41	4	20	8	3	69	69	48	44	47	39	12	66	69	11	1	22	24	55	66	68	36	52	43	52	54	57	14	45	66	49	66	2	60	35	14	39	35	47	46	22	43	50	7	26	50	10	42	54	63	44	17	10	25	56	43	3	0	27	12	55	8	20	52	35	20	22	27	29	56	42	21	66	14	69	60	16	37	54	34	17	13	69	9	42	27	68	43	12	15	60	23	5	45	27	26	60	62	48	38	20	48	26	33	43	16	12	4	2	6	53	38	35	24	42	16	2	27	58	40	7	24	12	29	26	31	49	42	1	42	15	27	12	6	65	64	60	43	9	54	47	23	57	42	30	59	36	28	21	21	31	15	43	11	11	28	32	22	3	19	42	15	60	56	59	54	7	34	33	3	38	46	12	2	0	37	48	56	23	43	20	64	38	30	34	33	37	3	15	4	27	17	37	44	21	27	5	31	42	3	39	38	19	47	3	1	3	6	19	56	68	35	47	1	57	65	42	15	8	4	20	33	29	10	46	31	35	18	44	1	10	15	45	47	16	30	21	12	44	7	59	53	13	2	22	22	15	50	44	65	52	22	49	33	7	65	54	46	20	1	28	28	55	6	45	26	3	65	51	7	42	31	19	33	63	58	9	58	41	27	38	55	25	47	7	44	2	26	38	7	19	45	11	13	16	20	30	30	52	62	5	56	63	52	33	52	50	60	60	9	43	58	9	23	39	61	26	68	9	22	66	30	34	55	47	18	23	47	45	45	67	5	16	69	17	69	6	26	47	54	13	16	11	53	11	26	20	54	20	21	10	43	54	41	46	19	66	38	55	7	22	57	42	31	68	38	32	0	0	11	36	45	15	59	1	20	28	67	18	17	50	21	0	0	62	25	35	7	36	51	30	14	14	60	37	43	68	21	26	30	7	1	66	69	33	61	2	63	44	44	29	0	24	62	36	17	60	29	68	61	27	52	14	4	66	31	30	41	22	64	57	17	11	44	63	62	61	69	65	42	60	22	41	64	19	60	22	13	54	57	61	32	23	25	65	21	32	36	11	14	47	23	44	6	58	65	6	68	19	9	52	7	58	66	26	51	65	1	30	56	21	15	65	51	16	19	15	55	51	52	36	67	58	30	35	1	8	48	33	7	33	6	68	20	15	12	58	21	30	11	34	50	24	31	68	28	52	28	0	26	21	11	25	68	37	57	19	47	55	50	45	1	23	46	48	61	63	57	39	34	38	6	37	54	45	28	59	25	54	38	7	56	3	23	
48	12	0	53	21	59	62	43	50	51	35	24	2	23	17	60	36	8	34	26	59	15	6	60	37	46	25	54	39	8	9	8	52	16	25	12	29	14	48	19	53	29	3	56	18	30	62	69	39	16	64	27	49	17	37	25	17	44	1	30	51	44	52	5	12	1	61	3	23	28	34	44	33	24	47	58	53	2	25	68	61	27	30	6	0	17	43	58	37	28	41	1	65	62	68	21	39	10	14	56	39	4	56	27	40	26	4	1	63	37	16	37	50	7	42	18	40	68	0	61	62	16	45	69	43	30	25	18	34	11	0	18	56	34	13	68	37	54	53	66	36	47	10	6	64	1	59	8	56	66	23	19	65	61	58	63	29	52	39	44	25	39	49	61	30	37	22	6	68	22	20	11	60	68	36	25	67	43	64	34	26	48	4	18	8	68	40	33	55	42	8	54	60	67	68	7	10	41	41	22	26	35	15	10	53	66	2	46	23	30	19	57	47	48	50	44	4	63	37	10	33	26	32	32	43	63	23	52	40	19	39	68	31	59	12	47	49	15	14	57	53	6	31	54	29	49	5	59	34	21	25	42	65	50	25	11	68	61	15	11	5	9	0	61	39	68	42	8	12	21	50	11	41	7	5	59	6	9	30	40	52	49	26	13	55	16	17	31	55	45	28	62	24	54	25	34	22	28	12	9	46	50	60	25	38	15	51	33	29	43	41	13	31	57	24	49	35	24	46	54	21	42	30	44	63	50	10	25	21	53	20	13	69	14	30	9	16	50	66	31	52	45	59	33	14	66	49	34	57	46	18	58	23	25	51	67	31	32	64	5	18	31	52	61	37	3	66	47	1	24	17	17	48	52	6	62	41	67	7	24	67	58	33	13	27	32	59	23	24	54	24	15	30	13	66	59	62	7	60	65	43	44	14	22	59	46	36	62	7	8	67	43	62	16	5	29	65	35	39	23	13	65	58	23	45	37	39	49	46	46	64	15	36	12	24	24	57	64	0	10	25	13	5	69	61	44	34	68	41	10	11	43	42	55	3	0	19	68	2	53	23	40	40	17	22	27	30	62	7	62	0	18	57	46	60	2	42	36	18	38	66	46	30	38	12	43	45	48	2	2	69	59	42	9	24	31	35	63	56	38	27	23	3	55	14	4	60	14	49	38	65	41	33	62	56	64	26	21	5	6	27	31	0	19	61	5	64	29	55	32	7	53	4	53	47	13	1	2	51	13	44	68	11	47	56	18	65	13	58	8	59	52	68	51	41	60	51	56	48	58	46	24	60	6	50	49	29	10	50	12	63	31	63	48	34	34	35	27	25	57	9	56	36	9	18	20	21	67	62	4	24	9	42	21	53	17	68	45	5	7	64	63	10	46	14	12	24	26	14	62	37	35	60	52	60	58	67	51	57	24	50	25	28	64	24	59	14	47	28	24	66	54	24	60	54	11	3	60	35	9	26	5	13	63	29	50	14	35	31	58	37	27	65	7	38	51	24	34	61	3	35	14	48	34	24	37	39	54	0	32	27	15	34	54	46	18	35	7	20	35	30	60	9	44	1	10	12	12	7	61	13	51	69	60	58	3	45	48	65	66	41	28	46	6	20	37	58	34	42	45	31	45	19	39	9	63	32	54	60	55	23	42	63	36	16	56	4	63	44	41	30	25	26	28	52	38	16	51	1	65	29	51	40	33	58	39	14	28	6	51	25	4	28	6	33	51	59	55	55	43	69	7	57	25	7	0	29	66	66	7	53	12	24	1	59	24	32	10	47	67	11	29	68	53	10	67	30	14	36	7	47	63	23	45	30	44	0	40	69	66	0	13	58	61	68	8	11	67	53	12	20	8	27	40	27	18	57	51	29	18	44	34	18	68	3	49	64	44	64	62	8	9	64	34	39	35	0	37	58	52	23	3	43	24	18	50	8	8	17	10	62	40	63	33	5	52	57	64	65	11	16	30	24	67	11	35	48	44	58	48	45	36	54	26	12	16	34	17	59	0	56	34	34	44	49	38	48	39	18	65	63	39	44	52	31	0	30	0	54	58	11	30	0	43	32	41	28	22	39	63	68	36	14	43	60	15	61	32	44	14	53	16	26	36	52	22	43	66	17	25	17	47	33	3	32	52	14	37	6	14	67	22	21	68	57	66	24	38	45	35	39	65	0	24	0	34	64	64	52	17	12	16	53	60	17	18	55	23	28	34	44	30	20	54	8	14	34	67	49	39	60	38	0	37	42	56	31	3	54	2	18	41	59	8	60	49	15	43	14	5	45	14	50	42	10	1	7	52	31	21	32	33	0	59	29	40	66	22	1	61	0	6	49	22	43	44	6	63	60	43	39	31	37	13	52	10	1	47	62	68	37	42	5	5	39	11	39	28	50	30	34	30	0	56	43	16	21	22	0	2	53	62	21	7	46	59	35	61	43	10	65	38	8	26	13	59	10	0	60	65	37	36	19	27	32	50	46	47	21	46	16	38	30	65	7	28	36	2	22	10	30	4	52	12	64	9	31	24	23	1	60	26	54	23	4	8	0	22	18	31	13	30	15	10	32	28	25	11	48	9	57	35	66	65	9	13	29	35	13	10	43	40	14	31	17	20	18	28	68	18	5	62	41	1	51	26	31	56	44	56	48	48	48	46	53	35	26	18	7	62	12	56	50	22	32	49	16	7	45	41	0	2	53	48	5	2	6	41	68	45	48	64	7	22	31	11	33	12	11	61	48	11	65	64	1	69	11	58	37	13	37	25	54	12	45	29	11	1	4	49	39	38	60	68	45	45	37	34	48	32	8	48	46	40	64	3	14	62	51	12	45	21	48	20	55	20	33	37	30	41	6	66	47	11	62	52	48	5	43	13	54	7	57	21	43	62	53	44	54	51	65	28	67	57	46	66	38	2	56	50	25	17	48	8	1	61	15	41	58	24	15	59	39	35	38	10	3	43	10	27	15	65	23	0	19	27	61	55	43	62	4	31	48	45	37	48	7	22	27	13	46	60	1	3	29	28	15	65	39	11	34	61	17	24	24	45	6	35	69	35	52	20	1	18	53	11	11	14	36	7	5	9	56	16	21	23	3	6	16	6	51	26	22	37	25	11	44	63	63	56	38	46	11	4	69	60	22	39	8	9	52	54	55	59	51	8	68	29	59	29	11	15	4	46	14	5	17	22	51	16	20	65	5	50	58	36	52	49	66	24	4	19	26	66	6	64	65	1	25	43	36	55	37	61	10	37	63	66	12	0	12	21	60	10	10	17	69	26	50	25	0	1	21	68	10	1	45	3	16	31	6	45	46	50	69	51	41	43	58	49	68	5	37	42	8	22	28	57	18	12	31	28	16	8	52	3	29	42	60	46	62	64	51	65	45	66	7	11	69	31	31	66	1	66	31	48	52	68	27	0	23	28	49	36	6	26	39	48	46	25	20	24	50	12	64	12	5	61	19	65	58	43	35	24	2	15	24	9	9	34	45	34	50	50	56	3	14	12	45	58	51	63	41	48	8	51	68	67	46	9	13	29	42	54	37	16	33	37	61	43	0	44	42	50	61	42	36	39	11	12	30	57	69	36	22	24	55	69	56	50	62	24	33	19	1	22	69	30	67	20	50	33	49	54	2	12	38	42	11	60	30	60	32	15	10	3	69	47	7	47	48	11	25	64	41	69	39	61	36	19	6	9	12	37	5	47	25	37	5	30	43	20	45	62	27	42	39	64	11	25	54	23	30	50	31	41	3	23	58	67	45	30	25	46	1	8	35	52	17	33	13	36	6	37	18	61	45	47	68	52	35	69	28	32	22	69	68	53	45	39	22	22	66	35	16	28	47	64	39	41	8	16	35	32	32	3	1	14	63	60	60	3	29	7	24	48	9	36	22	4	47	40	44	16	4	65	30	69	55	27	60	51	43	50	25	56	11	36	26	29	47	52	56	30	40	20	24	37	22	62	13	8	57	41	32	40	28	27	39	58	65	14	63	57	30	19	35	10	43	28	67	24	36	63	22	31	36	1	61	35	35	56	67	31	41	30	5	42	38	33	69	37	36	67	26	31	60	33	27	2	50	19	9	21	68	1	7	41	56	58	37	24	10	40	32	39	47	37	21	13	17	44	31	51	22	7	46	2	47	0	45	4	46	57	49	1	49	23	37	34	4	30	64	32	69	64	66	68	41	42	44	43	64	30	27	4	60	22	34	15	29	22	59	46	15	26	13	61	9	51	29	53	51	20	44	24	33	26	17	30	55	67	38	36	9	30	22	65	42	4	22	42	36	69	35	38	65	53	65	37	3	40	3	58	25	4	2	54	11	30	51	31	63	22	45	44	28	24	4	58	5	62	53	51	52	49	21	18	32	20	55	42	51	38	8	22	51	7	60	17	47	52	0	29	35	15	37	17	29	35	61	36	3	28	30	6	29	56	37	20	8	54	16	41	60	15	15	59	9	16	41	11	33	63	46	6	7	18	56	15	41	48	42	35	58	11	47	22	21	6	7	19	39	39	43	2	6	3	60	64	16	61	57	18	13	26	21	68	27	0	66	58	39	27	41	22	13	51	15	66	58	63	21	44	39	23	56	37	59	43	44	13	49	35	10	12	26	57	37	41	62	0	39	59	1	3	39	39	48	48	47	40	37	2	57	13	22	38	17	44	47	41	1	3	66	64	12	13	49	42	50	39	1	52	10	52	26	23	62	53	44	42	43	51	14	59	11	18	50	62	32	66	24	30	50	8	44	33	19	2	40	35	40	28	32	54	19	4	11	59	21	30	63	2	22	66	10	63	63	31	13	65	64	68	13	50	17	9	21	58	10	17	39	0	49	52	51	56	47	37	4	10	18	22	56	32	51	57	9	62	46	28	19	9	30	26	66	1	5	28	36	40	21	31	20	53	33	69	36	26	42	31	34	47	26	50	9	39	14	0	41	26	65	
27	33	29	36	25	38	24	37	20	35	21	23	22	22	32	33	24	31	27	39	39	37	37	38	38	22	34	34	27	25	26	37	28	21	38	29	30	27	35	25	24	26	26	27	31	27	24	32	34	32	33	29	21	32	32	39	28	22	35	39	20	24	28	32	30	37	25	26	20	30	30	26	26	26	32	33	36	30	33	39	22	40	23	37	28	38	28	26	20	38	35	26	29	30	26	26	26	37	38	38	20	28	35	39	40	20	21	31	21	31	25	31	21	20	35	20	32	38	28	23	40	28	22	29	39	32	37	39	30	38	29	39	37	23	23	34	22	31	25	27	36	25	24	26	30	22	39	24	39	22	40	28	38	21	37	40	22	24	27	33	40	27	21	22	23	28	24	28	20	31	31	24	23	21	25	22	35	32	28	40	34	36	25	39	35	25	31	32	35	20	37	20	27	26	40	39	37	25	37	34	35	22	30	21	38	38	25	37	35	39	40	22	23	31	30	25	30	27	22	26	32	22	38	25	33	20	25	33	32	27	34	20	24	39	22	27	31	30	26	34	29	29	24	24	33	21	21	31	31	22	33	39	20	24	29	30	37	26	21	35	33	29	33	33	20	21	39	27	36	26	38	31	29	30	22	24	23	36	35	29	27	23	32	29	34	33	31	28	37	31	36	30	35	30	35	35	22	24	29	27	32	26	29	33	24	39	25	39	25	22	20	22	26	25	21	32	25	30	22	30	26	35	39	20	34	35	31	25	31	29	21	22	24	38	22	38	23	26	21	31	40	40	20	29	28	36	39	27	34	22	37	40	31	26	32	27	33	35	30	21	37	29	32	32	33	23	35	27	20	28	32	20	24	24	25	40	37	22	25	32	23	32	30	20	36	39	33	25	20	33	34	33	20	26	23	40	38	28	20	22	22	31	28	31	25	30	22	40	27	33	30	23	28	25	26	24	36	20	23	25	32	21	39	32	28	26	39	28	36	35	37	38	20	24	39	26	23	22	22	37	23	35	37	39	34	23	33	35	20	32	25	20	26	28	20	22	38	33	33	31	22	32	25	33	21	35	32	38	37	33	27	40	25	36	21	30	26	36	21	31	39	21	37	25	35	36	23	36	30	32	37	39	35	38	23	25	24	30	32	29	39	32	27	23	33	23	26	27	40	21	32	21	28	22	25	20	32	37	34	28	23	24	38	27	34	28	25	24	28	37	35	32	27	36	22	31	23	38	20	35	30	35	36	33	35	36	26	36	21	38	37	40	23	32	26	36	37	23	28	23	32	37	34	30	28	33	39	23	32	21	26	24	40	38	28	21	31	29	37	21	39	23	25	32	31	28	25	27	31	31	34	24	30	32	28	35	21	21	23	36	22	27	33	20	39	36	25	39	37	39	26	22	40	25	26	30	24	35	23	27	37	26	32	32	26	35	39	31	35	38	40	26	22	38	38	25	28	26	35	28	32	22	29	37	27	39	25	33	22	38	36	26	23	29	32	26	27	40	34	28	25	30	22	33	23	25	35	31	35	28	36	20	35	29	30	34	38	23	27	29	32	34	33	28	34	35	23	21	40	36	25	31	26	37	29	34	25	25	21	30	35	36	20	21	31	34	24	27	39	35	25	25	24	21	38	24	25	23	20	31	35	30	20	31	36	34	22	24	28	38	39	24	30	31	36	21	34	38	27	32	21	20	39	39	33	30	38	38	31	23	28	24	32	30	23	24	22	22	22	38	21	24	38	26	39	40	26	24	28	34	21	26	26	40	28	39	31	25	24	21	36	28	20	27	33	35	22	38	29	36	35	24	28	40	40	33	26	31	39	21	21	36	37	28	32	29	31	30	37	24	25	39	27	39	35	21	34	21	39	40	24	23	34	27	24	38	21	21	35	40	25	24	39	26	35	35	38	28	20	24	36	25	23	20	30	22	33	40	21	37	31	29	39	23	22	40	25	26	25	37	33	32	25	21	33	25	25	32	38	32	28	33	29	38	21	31	37	35	24	34	30	40	20	30	33	24	23	24	36	25	20	22	22	22	39	27	30	21	25	21	36	28	30	32	35	35	22	20	22	36	39	39	31	35	36	34	25	22	40	24	28	30	37	39	21	33	37	22	36	28	38	37	40	29	28	21	39	31	22	27	37	33	38	35	36	26	28	24	29	23	26	33	22	28	36	32	23	22	27	34	22	39	22	40	33	25	24	36	34	27	29	37	32	34	31	24	26	24	39	25	22	28	26	20	30	27	27	30	35	20	21	25	30	36	30	23	31	28	35	35	26	25	20	25	31	34	28	33	26	20	23	28	26	33	22	30	39	27	40	30	40	33	40	20	23	20	30	38	30	27	23	35	22	31	32	37	23	26	39	30	35	32	39	24	26	36	37	27	32	23	24	21	32	37	25	23	23	39	32	33	33	37	39	35	26	34	31	29	22	32	24	28	34	25	20	38	20	25	40	30	38	36	35	29	30	31	21	32	28	26	25	22	28	37	22	32	32	27	37	20	33	40	35	24	40	20	30	32	35	38	39	26	28	40	36	25	36	22	24	24	31	36	32	34	26	22	31	23	25	25	21	21	30	21	40	36	26	32	39	39	30	39	24	24	36	22	29	40	38	20	21	31	37	23	35	20	36	34	28	26	32	29	23	23	39	33	20	20	20	21	34	29	32	22	26	40	33	24	37	29	38	31	37	23	25	22	37	32	24	39	22	40	38	33	33	22	23	29	35	36	39	23	27	27	31	30	27	22	39	20	28	25	34	23	33	25	37	26	25	26	39	31	36	40	28	38	22	24	32	22	37	27	30	38	40	37	36	30	27	26	33	31	33	20	27	32	26	20	29	38	25	28	22	33	24	38	24	38	30	40	29	36	31	37	39	39	40	21	24	23	32	26	35	31	20	24	29	28	25	20	36	30	39	36	38	31	24	26	37	34	26	26	28	29	24	29	31	36	31	29	21	36	28	21	37	20	32	34	39	37	39	37	34	24	35	31	28	20	40	27	26	28	39	28	21	31	21	24	39	28	30	26	35	36	21	35	39	35	26	29	35	36	30	33	26	21	28	35	29	21	24	33	31	26	23	29	21	27	24	24	23	23	25	25	24	40	32	32	25	34	37	24	39	27	35	33	30	21	23	22	29	29	27	40	24	30	36	40	28	26	22	27	21	36	33	25	20	25	22	23	37	33	20	32	20	33	29	28	39	27	23	24	31	36	40	34	24	20	39	33	39	36	38	38	27	27	29	35	37	21	31	32	24	32	27	32	35	32	36	30	38	32	28	26	39	23	30	24	33	32	30	32	36	23	40	33	27	32	35	33	26	24	38	31	23	26	31	31	33	34	31	35	33	37	36	25	40	34	20	31	34	25	30	20	29	37	38	38	33	37	29	31	35	32	25	23	31	36	37	29	21	38	22	21	29	35	20	40	25	21	28	36	26	35	22	30	39	23	21	21	36	36	25	33	20	26	31	40	40	28	31	30	26	25	21	33	21	21	40	26	36	39	26	23	36	21	22	23	24	31	33	38	25	31	40	35	24	36	38	25	29	39	26	26	33	39	36	35	35	25	22	36	35	28	34	25	23	40	33	34	39	27	21	36	30	30	23	23	24	26	20	31	26	27	28	32	28	36	37	38	27	32	31	33	24	30	32	33	35	22	24	32	35	20	37	26	32	24	29	27	26	21	35	40	36	29	36	35	23	21	37	33	40	30	36	36	23	32	38	30	20	39	24	34	22	29	20	34	30	26	23	33	31	32	38	24	37	24	38	24	25	27	22	37	38	27	24	34	36	21	24	21	29	29	29	39	32	37	30	23	28	40	32	29	29	21	24	28	24	20	28	38	40	35	26	20	39	24	40	20	37	33	31	24	39	35	29	21	25	36	40	32	20	27	26	35	21	31	38	21	28	33	32	40	40	39	40	23	38	22	31	31	30	20	39	28	35	30	24	23	30	29	34	37	21	28	35	21	34	26	20	22	28	21	31	22	24	32	38	34	40	35	28	23	31	26	24	40	23	28	28	27	26	29	27	23	27	32	34	25	24	36	27	37	24	34	40	20	25	24	37	31	38	29	20	23	28	30	21	35	25	39	33	29	26	31	29	21	24	33	24	38	26	28	23	40	28	38	30	21	29	35	32	26	30	29	30	33	24	32	21	39	32	27	30	36	28	22	29	29	27	31	25	30	33	37	29	37	35	28	29	34	21	25	35	36	38	25	27	25	31	35	20	28	22	36	40	22	32	23	37	23	40	33	38	39	22	35	35	39	34	25	26	30	36	30	38	39	30	21	40	22	20	39	20	28	36	38	40	35	30	38	34	29	36	28	22	30	28	39	23	36	33	37	38	27	39	22	40	31	30	22	38	38	24	30	31	30	38	22	20	31	22	36	31	31	35	31	39	34	28	21	22	34	24	30	27	22	26	32	28	23	22	40	23	20	24	39	33	30	29	36	35	27	26	34	23	26	20	34	27	27	23	38	35	23	40	20	23	20	20	25	27	37	25	23	26	29	32	31	38	40	20	40	21	22	24	40	39	25	35	39	29	35	39	28	25	40	26	20	36	26	27	21	24	39	32	30	28	21	39	27	34	31	20	27	28	32	26	33	29	33	37	27	31	28	34	26	21	23	36	33	26	29	24	38	31	28	36	40	26	33	32	30	31	26	32	20	30	29	32	29	21	27	30	34	25	23	21	28	26	38	36	38	24	20	26	20	27	29	34	35	31	37	23	40	30	25	23	33	33	24	21	36	33	38	29	30	23	40	27	40	35	33	23	22	40	20	24	29	24	25	29	21	35	30	33	23	22	37	33	34	29	21	27	20	33	29	20	33	34	20	37	37	24	27	39	35	34	36	30	20	31	36	31	28	36	23	40	20	24	40	26	29	37	24	22	23	23	34	28	37	38	38	23	33	25	39	29	22	24	34	32	
40	43	20	35	34	40	42	34	16	45	15	29	30	38	42	30	41	33	40	19	25	28	37	27	27	42	14	13	25	10	44	45	21	24	42	38	50	43	29	31	32	10	48	25	38	18	39	47	23	41	39	34	44	49	46	34	40	49	12	40	39	50	38	36	31	13	18	44	28	26	42	38	30	27	19	47	19	46	28	27	23	20	26	29	40	30	46	12	27	43	12	38	49	27	30	13	25	48	37	28	38	31	12	41	24	25	15	26	21	14	32	19	39	23	36	21	11	34	11	22	16	15	20	45	14	45	44	35	26	20	30	17	39	28	28	48	29	28	18	43	33	43	15	37	19	40	43	47	28	10	28	47	47	26	16	26	35	45	36	36	21	33	42	27	10	40	30	22	16	15	14	44	34	13	31	19	43	11	20	22	39	12	29	43	18	49	38	28	29	47	36	13	28	37	25	47	39	17	22	12	32	10	46	11	24	48	14	29	18	30	31	43	33	20	29	39	10	33	37	48	27	24	42	14	48	34	14	49	35	43	20	45	18	43	18	16	41	28	50	16	47	48	31	16	50	17	49	18	10	41	16	43	16	16	43	34	49	24	25	31	27	37	37	15	12	44	44	13	24	33	39	35	23	45	43	29	36	33	45	41	17	45	22	17	45	36	28	39	27	21	29	32	35	19	36	40	44	37	47	19	12	37	27	32	31	43	31	14	31	40	31	41	11	44	29	27	13	24	18	26	37	45	33	15	27	36	33	46	20	42	41	30	44	20	37	15	46	13	18	34	47	19	30	24	41	42	17	11	30	12	38	10	11	46	27	29	31	12	50	19	31	10	30	42	18	44	24	30	48	38	50	21	18	42	39	19	44	38	24	25	46	43	41	12	45	47	47	28	38	25	42	26	47	43	30	22	14	19	43	33	35	39	50	22	47	49	47	41	10	36	32	25	25	35	10	13	21	50	27	19	36	43	40	44	34	33	22	15	21	30	35	29	37	15	41	34	50	12	10	46	29	26	15	17	30	42	33	11	44	23	20	41	22	27	33	49	13	41	11	20	36	43	14	26	43	11	28	13	49	44	24	31	29	39	17	48	19	13	40	44	29	11	33	48	28	42	20	36	22	18	43	42	41	14	17	11	42	25	26	14	49	35	30	11	27	38	12	24	20	43	47	28	46	37	14	15	42	44	28	22	11	25	17	36	42	23	26	40	32	31	15	18	31	25	34	15	35	22	15	42	24	41	25	17	45	16	43	22	20	38	41	25	18	45	22	42	19	50	14	27	43	50	33	48	25	18	39	49	11	45	38	18	18	18	22	41	22	35	42	32	26	15	31	29	32	48	30	33	43	28	27	12	32	22	21	19	38	35	28	37	33	47	46	29	10	47	50	33	18	44	42	34	25	36	43	23	41	26	14	46	39	28	47	41	20	19	25	10	41	36	15	17	50	18	22	50	13	18	11	22	43	13	50	44	37	34	20	11	36	41	29	39	28	30	29	46	14	12	18	27	50	33	46	27	42	44	10	28	32	44	31	24	24	24	28	48	21	47	48	33	14	23	39	16	40	49	37	49	26	25	23	26	37	39	45	50	17	10	25	19	48	24	34	34	39	40	42	30	37	49	49	20	46	14	25	26	32	33	44	23	22	47	36	12	39	12	42	24	44	43	32	11	19	22	44	18	20	20	45	11	21	10	16	44	38	25	35	24	33	35	14	47	32	50	30	25	14	47	34	37	31	42	11	19	23	49	23	46	13	48	30	13	16	12	26	36	31	30	41	47	43	15	10	44	45	24	28	29	33	43	35	12	40	38	50	31	42	14	28	20	50	42	42	16	37	28	11	27	45	26	48	21	41	26	30	22	18	22	35	30	35	22	27	39	47	44	50	21	40	21	30	40	27	48	44	36	25	37	25	30	46	28	38	32	34	39	14	50	13	36	24	25	27	47	16	32	21	50	46	28	30	19	45	40	44	22	11	36	50	22	43	35	22	15	16	38	43	46	17	20	28	46	50	11	39	17	46	38	43	38	21	47	20	12	35	17	20	19	37	47	27	12	37	14	37	11	45	44	16	36	44	10	20	33	45	44	19	45	18	13	29	28	22	44	29	32	16	19	14	20	24	41	29	21	11	39	47	45	41	14	33	12	27	28	19	50	47	29	39	21	28	36	42	34	29	25	25	17	50	50	13	16	48	16	12	31	31	50	41	50	26	20	10	16	30	29	46	48	45	24	45	16	31	40	46	46	48	28	27	40	12	17	31	18	11	20	37	30	10	28	25	47	46	25	49	19	49	50	26	48	45	16	36	36	18	22	13	45	44	18	34	32	46	17	41	49	31	39	31	33	20	27	13	25	42	46	27	42	16	26	21	31	11	20	10	47	27	20	41	12	47	33	27	15	44	38	25	18	25	48	45	28	18	46	43	40	50	29	14	27	36	26	29	19	48	33	29	12	38	31	20	10	45	38	11	11	12	23	11	18	23	13	47	30	17	39	31	30	22	20	40	45	32	24	39	33	38	11	41	35	25	38	37	20	30	30	17	10	44	31	40	40	37	43	25	27	40	23	47	28	35	27	30	26	18	48	40	15	45	42	12	24	25	20	32	23	14	15	26	26	24	37	26	16	19	22	17	33	50	25	41	13	30	36	37	44	49	33	30	27	24	40	46	42	20	33	35	41	35	32	43	38	23	38	24	16	36	39	37	39	22	21	42	41	12	32	18	29	16	16	48	50	39	22	48	29	25	33	13	23	26	12	50	37	39	41	39	22	40	48	18	24	42	47	16	27	36	43	12	43	38	35	24	24	22	16	26	39	11	17	35	14	49	17	34	36	43	41	30	47	35	15	12	12	50	20	16	50	33	24	49	37	24	13	47	20	19	37	33	21	25	41	41	13	37	30	44	25	10	45	48	41	25	29	28	14	12	26	39	34	10	33	35	23	20	40	24	12	44	32	35	38	40	11	30	33	27	48	20	26	34	18	20	24	35	44	13	30	23	32	12	26	39	24	11	40	40	30	35	21	29	48	21	30	29	24	30	14	43	18	40	12	39	31	15	19	27	17	28	24	14	33	28	23	25	37	38	12	48	30	19	37	20	18	30	18	48	27	40	28	15	46	45	12	49	47	24	49	17	46	41	34	42	27	44	31	32	36	32	42	16	36	47	32	41	43	33	26	18	35	40	15	40	29	40	49	35	41	43	11	17	35	30	25	29	21	16	39	32	26	32	46	10	15	44	27	22	26	38	34	45	45	38	20	33	32	47	22	36	42	13	42	43	33	36	26	30	19	17	27	41	47	27	30	25	45	31	14	42	36	32	23	11	13	21	10	24	34	33	26	32	24	12	18	17	44	15	29	26	20	26	19	22	12	38	24	43	49	47	14	42	38	14	15	12	27	11	30	19	19	49	10	39	17	40	35	43	25	19	45	15	28	18	44	39	11	31	49	37	26	40	40	36	29	46	32	13	11	47	20	24	14	21	47	19	25	34	31	46	24	25	15	10	10	45	26	47	17	27	47	12	31	40	41	38	24	44	23	35	44	37	11	10	26	12	16	29	14	35	29	29	36	44	44	42	34	25	44	28	49	23	39	23	43	36	38	12	11	38	33	43	41	27	25	42	20	27	31	49	22	39	11	17	27	41	29	18	35	28	31	36	42	19	46	43	44	35	46	45	36	26	29	19	17	30	43	44	25	39	41	35	15	28	47	22	45	48	44	42	40	11	48	46	41	26	19	45	33	17	22	46	34	30	47	41	10	44	46	19	15	21	50	11	29	30	28	10	44	43	18	45	25	35	46	12	36	19	43	34	38	12	11	11	24	14	45	10	49	27	48	41	37	27	16	21	30	13	26	35	22	35	24	43	35	27	36	48	41	10	34	33	42	19	43	45	21	41	45	11	35	48	37	16	38	15	35	40	24	46	46	28	27	44	35	40	10	16	42	27	11	47	48	38	23	25	19	30	31	18	18	27	38	15	45	15	24	22	13	48	49	29	12	37	22	26	39	18	13	23	12	13	36	37	24	40	48	20	42	30	42	34	29	22	23	40	35	44	43	39	37	43	21	40	11	42	14	13	10	13	43	13	40	19	20	42	24	35	13	43	11	41	27	19	26	10	28	40	38	36	17	12	24	37	35	29	25	50	33	43	18	50	13	41	36	43	21	27	40	46	23	42	30	37	26	30	31	38	18	11	44	35	17	13	37	23	39	33	42	41	42	13	46	19	13	40	20	34	44	15	11	37	27	15	38	39	44	39	16	45	40	48	16	15	17	41	39	27	39	43	44	13	49	46	23	47	38	22	48	29	35	44	31	22	30	15	18	21	37	42	21	37	50	35	35	41	14	42	39	32	42	46	44	29	49	48	22	27	14	34	26	10	43	30	42	15	29	17	41	20	43	38	50	37	13	44	32	34	14	47	39	12	11	42	33	11	17	25	25	22	18	17	19	31	31	26	33	30	38	42	38	18	36	48	11	41	49	30	29	50	46	46	21	20	17	50	31	16	24	32	11	27	17	50	47	49	48	39	25	30	47	38	31	29	45	38	40	32	41	47	16	13	43	44	16	22	25	38	20	24	24	24	45	17	15	40	43	13	40	26	33	31	29	44	50	17	43	29	13	13	27	30	47	17	11	23	46	30	10	25	23	33	42	33	24	14	11	26	45	42	21	40	46	14	13	49	28	46	20	10	25	49	45	39	30	45	20	11	10	19	40	43	10	23	26	24	44	22	50	37	18	36	31	15	44	16	45	10	27	30	31	29	16	13	37	23	10	21	36	48	45	42	40	16	22	42	12	49	23	16	48	14	32	41	24	44	42	19	10	30	37	42	32	26	39	19	23	21	36	30	22	42	25	33	16	37	23	30	48	35	13	50	44	45	38	38	17	45	38	28	36	25	39	37	20	29	13	23	50	14	30	14	26	21	
10
90
