1207
70
0	0	0	0	0	0	0	0	0	192	0	0	0	0	0	0	0	0	0	0	0	0	0	0	0	0	0	500	0	0	0	0	0	0	500	0	0	0	0	0	0	0	0	500	0	0	0	0	0	0	0	0	0	96	0	0	0	0	0	0	0	0	0	0	0	0	0	0	0	0	
0	0	0	0	0	0	0	0	0	0	0	0	0	0	0	0	0	0	0	0	0	0	0	0	0	0	0	0	0	0	0	0	0	0	0	0	0	0	0	0	0	500	0	0	0	48	0	0	0	0	0	0	96	0	0	0	0	0	0	0	0	0	0	0	0	0	0	0	0	0	
0	0	0	0	0	0	0	0	0	0	0	0	0	0	0	0	0	0	0	0	0	0	0	0	0	0	0	0	0	0	500	0	0	0	0	0	0	0	0	0	96	0	0	0	0	0	0	0	0	0	0	0	0	0	0	0	0	0	0	0	0	0	0	0	0	0	0	0	0	0	
0	0	0	0	0	0	0	0	0	0	0	0	0	0	0	0	48	0	0	0	0	0	0	0	0	0	0	0	0	0	0	0	0	0	0	0	0	0	0	0	0	0	0	0	0	0	0	0	48	0	0	0	0	0	0	0	0	0	0	0	0	0	0	0	0	0	0	0	0	0	
0	0	0	0	0	0	0	0	0	0	0	0	0	0	0	0	0	0	0	0	0	0	0	0	0	0	0	0	0	0	0	0	0	0	0	0	0	0	0	0	0	0	0	0	0	0	48	0	0	0	0	0	0	0	500	0	0	0	0	0	0	0	0	0	0	0	0	0	0	0	
0	0	0	0	0	0	0	0	0	0	0	0	500	0	0	0	0	0	0	0	0	0	0	0	0	0	0	0	0	0	0	0	0	0	0	0	0	0	0	192	0	0	0	0	0	0	0	0	0	0	0	0	0	0	0	0	0	0	0	0	0	0	0	0	0	0	0	0	0	0	
0	0	0	0	0	0	0	0	0	0	0	0	0	0	0	0	0	0	0	0	0	500	0	0	0	0	0	0	0	0	500	0	0	0	0	0	0	0	0	0	48	0	0	0	0	0	0	0	0	0	0	0	0	0	0	0	0	0	0	0	0	0	0	0	0	0	0	0	0	0	
0	0	0	0	0	0	0	0	0	0	0	0	0	0	0	0	0	0	0	0	0	0	0	0	0	0	0	0	0	0	0	0	0	0	0	0	192	0	0	0	0	0	0	0	0	0	0	0	0	96	0	0	0	0	0	0	0	48	0	0	0	0	0	0	0	0	0	0	0	0	
0	0	0	0	0	0	0	0	0	0	0	0	0	0	0	0	0	0	0	0	0	0	500	0	0	0	0	0	0	0	0	0	0	0	0	0	0	0	0	0	0	0	0	0	0	0	0	0	0	0	0	0	0	0	0	0	0	0	0	192	0	0	0	0	0	0	0	0	0	0	
192	0	0	0	0	0	0	0	0	0	0	0	0	0	0	0	0	0	0	0	0	0	0	0	0	0	0	0	0	0	0	96	0	0	0	0	0	0	0	0	0	0	0	0	0	0	0	0	0	0	0	0	0	0	0	0	0	0	0	0	0	0	0	0	0	0	0	0	0	0	
0	0	0	0	0	0	0	0	0	0	0	0	0	0	0	0	0	0	0	0	0	0	0	0	0	0	0	0	0	0	0	0	0	0	0	0	0	0	48	0	0	0	0	0	0	0	0	0	0	0	0	0	0	0	0	0	48	0	0	0	0	0	0	0	0	0	0	0	0	0	
0	0	0	0	0	0	0	0	0	0	0	0	0	0	0	0	0	0	0	0	0	0	0	0	0	0	0	0	0	0	0	0	48	0	0	0	0	0	0	0	0	0	0	0	0	0	0	0	0	0	0	0	0	0	0	192	0	0	0	0	0	0	0	0	0	0	0	0	0	0	
0	0	0	0	0	500	0	0	0	0	0	0	0	48	0	0	0	0	0	0	0	192	0	0	0	0	0	0	0	0	0	0	0	0	0	0	0	0	0	48	0	0	0	0	0	0	0	0	0	0	0	0	0	0	0	0	0	0	192	0	0	0	0	0	0	0	0	0	0	0	
0	0	0	0	0	0	0	0	0	0	0	0	48	0	0	0	0	0	0	0	0	0	0	0	0	0	0	0	0	0	0	0	0	0	0	0	0	0	0	0	0	0	0	0	500	0	0	0	0	0	0	192	0	0	0	0	0	0	0	0	0	0	0	0	0	0	0	0	0	0	
0	0	0	0	0	0	0	0	0	0	0	0	0	0	0	0	0	0	0	0	0	0	0	0	0	0	0	0	0	0	0	0	0	0	0	0	0	0	0	0	0	0	0	0	96	0	0	0	0	0	0	0	0	0	0	0	0	0	0	0	0	0	0	0	0	0	0	48	0	0	
0	0	0	0	0	0	0	0	0	0	0	0	0	0	0	0	96	0	0	0	0	0	0	0	0	0	0	0	0	0	0	0	0	0	0	0	96	0	0	0	0	0	0	0	0	0	0	0	96	0	48	0	0	0	0	0	0	0	0	0	0	0	0	0	0	0	0	0	0	0	
0	0	0	48	0	0	0	0	0	0	0	0	0	0	0	96	0	0	0	0	0	0	0	0	0	0	0	0	0	0	0	0	0	0	0	0	0	0	0	0	0	0	0	0	0	0	500	0	0	0	48	0	0	0	0	0	0	0	0	0	0	96	0	0	0	0	0	0	0	0	
0	0	0	0	0	0	0	0	0	0	0	0	0	0	0	0	0	0	0	0	0	0	0	0	0	0	0	48	0	0	0	0	0	0	0	0	0	96	0	0	0	0	0	0	0	0	0	0	0	0	0	0	0	0	0	0	0	0	0	0	0	0	0	0	0	0	0	0	0	0	
0	0	0	0	0	0	0	0	0	0	0	0	0	0	0	0	0	0	0	0	0	0	0	0	0	0	0	0	0	0	0	96	0	0	0	0	0	0	0	0	0	0	0	0	0	0	0	0	0	0	0	0	0	0	0	0	0	0	0	0	0	0	0	96	0	0	0	0	0	0	
0	0	0	0	0	0	0	0	0	0	0	0	0	0	0	0	0	0	0	0	0	0	0	0	96	0	0	0	0	0	0	0	0	0	0	0	0	0	0	0	0	0	0	0	0	0	0	0	0	0	0	0	0	0	0	48	0	0	0	0	0	0	0	0	0	0	0	0	0	0	
0	0	0	0	0	0	0	0	0	0	0	0	0	0	0	0	0	0	0	0	0	0	0	0	0	0	0	0	0	0	0	0	0	0	0	0	0	0	0	0	0	0	0	0	0	0	48	0	0	0	192	0	0	0	0	0	0	0	0	0	500	96	0	0	0	0	0	0	0	0	
0	0	0	0	0	0	500	0	0	0	0	0	192	0	0	0	0	0	0	0	0	0	0	0	0	0	0	0	0	0	48	0	0	0	0	0	0	0	0	0	0	0	0	0	0	0	0	0	0	0	0	0	0	0	0	0	0	0	0	0	0	0	0	0	0	0	0	0	0	0	
0	0	0	0	0	0	0	0	500	0	0	0	0	0	0	0	0	0	0	0	0	0	0	0	0	0	0	0	0	0	0	0	0	48	0	0	0	0	0	0	0	0	0	0	0	0	0	0	0	0	0	0	0	0	0	0	0	0	48	500	0	0	0	0	0	0	0	0	0	0	
0	0	0	0	0	0	0	0	0	0	0	0	0	0	0	0	0	0	0	0	0	0	0	0	0	0	0	0	0	0	0	0	0	0	0	0	0	0	0	0	0	0	500	0	0	0	0	0	0	0	0	0	0	0	96	0	0	0	0	0	0	0	0	0	48	0	0	0	0	0	
0	0	0	0	0	0	0	0	0	0	0	0	0	0	0	0	0	0	0	96	0	0	0	0	0	192	0	0	0	0	0	0	0	0	0	0	0	0	0	0	0	0	0	0	0	0	0	0	0	0	0	0	0	0	0	0	0	0	0	0	0	0	0	0	0	0	0	0	0	0	
0	0	0	0	0	0	0	0	0	0	0	0	0	0	0	0	0	0	0	0	0	0	0	0	192	0	0	0	0	0	0	0	0	0	0	0	0	0	0	0	0	0	0	0	0	0	0	0	0	0	0	0	0	0	0	0	0	0	0	0	0	0	192	0	0	0	0	0	96	0	
0	0	0	0	0	0	0	0	0	0	0	0	0	0	0	0	0	0	0	0	0	0	0	0	0	0	0	0	0	0	0	0	0	0	0	0	0	0	0	0	0	0	0	0	0	0	0	0	0	0	0	0	192	0	0	0	0	0	48	0	0	0	0	0	0	0	0	0	0	0	
500	0	0	0	0	0	0	0	0	0	0	0	0	0	0	0	0	48	0	0	0	0	0	0	0	0	0	0	0	0	0	0	0	0	0	0	0	500	0	0	0	0	0	0	0	0	0	0	0	0	0	0	0	0	0	0	0	0	0	0	0	0	0	0	0	0	0	0	0	0	
0	0	0	0	0	0	0	0	0	0	0	0	0	0	0	0	0	0	0	0	0	0	0	0	0	0	0	0	0	0	0	0	0	0	0	0	0	0	48	0	0	192	0	0	0	0	0	96	0	0	0	0	0	0	0	0	0	0	0	0	0	0	0	0	0	0	0	0	0	0	
0	0	0	0	0	0	0	0	0	0	0	0	0	0	0	0	0	0	0	0	0	0	0	0	0	0	0	0	0	0	0	0	0	0	0	0	0	0	0	0	0	0	0	0	0	0	0	0	0	0	0	48	0	0	0	0	0	0	0	0	0	0	0	0	0	0	192	0	0	0	
0	0	500	0	0	0	500	0	0	0	0	0	0	0	0	0	0	0	0	0	0	48	0	0	0	0	0	0	0	0	0	0	0	0	0	0	0	0	0	0	0	0	0	0	0	0	0	0	0	0	0	0	0	0	0	0	0	0	0	0	0	0	0	0	0	0	0	0	0	0	
0	0	0	0	0	0	0	0	0	96	0	0	0	0	0	0	0	0	96	0	0	0	0	0	0	0	0	0	0	0	0	0	0	0	0	0	0	0	0	0	0	0	0	0	0	0	0	0	0	0	0	0	0	0	0	0	0	0	0	0	0	0	0	0	0	0	0	0	0	0	
0	0	0	0	0	0	0	0	0	0	0	48	0	0	0	0	0	0	0	0	0	0	0	0	0	0	0	0	0	0	0	0	0	0	0	0	0	48	0	0	0	0	0	0	0	0	0	0	0	0	0	0	0	0	0	0	0	0	0	0	0	0	0	0	0	0	0	0	0	0	
0	0	0	0	0	0	0	0	0	0	0	0	0	0	0	0	0	0	0	0	0	0	48	0	0	0	0	0	0	0	0	0	0	0	0	0	0	0	0	0	0	0	48	0	0	0	0	0	0	0	0	0	0	0	0	0	0	0	96	0	0	0	0	0	0	0	0	0	0	0	
500	0	0	0	0	0	0	0	0	0	0	0	0	0	0	0	0	0	0	0	0	0	0	0	0	0	0	0	0	0	0	0	0	0	0	0	0	0	0	0	0	0	0	0	0	0	0	0	0	0	0	0	0	192	0	0	0	0	0	0	0	0	0	0	0	0	0	0	0	0	
0	0	0	0	0	0	0	0	0	0	0	0	0	0	0	0	0	0	0	0	0	0	0	0	0	0	0	0	0	0	0	0	0	0	0	0	0	0	0	0	0	0	0	0	0	500	0	0	0	0	0	0	0	0	0	0	0	0	0	0	0	0	0	96	0	96	0	0	0	0	
0	0	0	0	0	0	0	192	0	0	0	0	0	0	0	96	0	0	0	0	0	0	0	0	0	0	0	0	0	0	0	0	0	0	0	0	0	0	0	0	0	0	0	0	0	0	0	0	0	192	0	0	0	0	0	0	0	0	0	0	0	0	0	0	0	0	0	0	0	0	
0	0	0	0	0	0	0	0	0	0	0	0	0	0	0	0	0	96	0	0	0	0	0	0	0	0	0	500	0	0	0	0	48	0	0	0	0	0	0	0	0	0	0	48	0	0	0	0	0	0	0	0	0	0	0	0	0	0	0	0	0	0	0	0	0	0	0	0	0	0	
0	0	0	0	0	0	0	0	0	0	48	0	0	0	0	0	0	0	0	0	0	0	0	0	0	0	0	0	48	0	0	0	0	0	0	0	0	0	0	0	0	0	0	0	0	0	0	500	0	0	0	0	0	0	0	0	500	0	0	0	0	0	0	0	0	0	0	0	0	0	
0	0	0	0	0	192	0	0	0	0	0	0	48	0	0	0	0	0	0	0	0	0	0	0	0	0	0	0	0	0	0	0	0	0	0	0	0	0	0	0	0	0	0	0	0	0	0	0	0	0	0	0	0	0	0	0	0	0	0	0	0	0	0	0	0	0	0	0	0	0	
0	0	96	0	0	0	48	0	0	0	0	0	0	0	0	0	0	0	0	0	0	0	0	0	0	0	0	0	0	0	0	0	0	0	0	0	0	0	0	0	0	0	0	0	0	0	0	0	0	0	0	0	0	0	0	0	0	0	0	0	0	0	0	0	0	0	0	0	0	0	
0	500	0	0	0	0	0	0	0	0	0	0	0	0	0	0	0	0	0	0	0	0	0	0	0	0	0	0	192	0	0	0	0	0	0	0	0	0	0	0	0	0	0	0	0	0	0	0	0	0	0	0	0	0	0	0	0	0	0	0	0	0	192	0	0	0	0	0	192	0	
0	0	0	0	0	0	0	0	0	0	0	0	0	0	0	0	0	0	0	0	0	0	0	500	0	0	0	0	0	0	0	0	0	48	0	0	0	0	0	0	0	0	0	0	0	0	0	0	0	0	0	0	0	0	0	0	0	0	0	0	0	0	0	0	0	0	0	0	0	0	
500	0	0	0	0	0	0	0	0	0	0	0	0	0	0	0	0	0	0	0	0	0	0	0	0	0	0	0	0	0	0	0	0	0	0	0	0	48	0	0	0	0	0	0	0	0	0	0	0	0	0	0	0	0	0	0	48	0	0	0	0	0	0	0	0	0	0	0	192	192	
0	0	0	0	0	0	0	0	0	0	0	0	0	500	96	0	0	0	0	0	0	0	0	0	0	0	0	0	0	0	0	0	0	0	0	0	0	0	0	0	0	0	0	0	0	0	0	0	0	0	0	0	0	0	0	0	0	0	0	0	0	0	0	0	0	0	0	0	0	0	
0	48	0	0	0	0	0	0	0	0	0	0	0	0	0	0	0	0	0	0	0	0	0	0	0	0	0	0	0	0	0	0	0	0	0	500	0	0	0	0	0	0	0	0	0	0	0	0	0	0	0	0	0	0	0	0	0	0	0	0	0	0	0	0	0	0	0	0	0	0	
0	0	0	0	48	0	0	0	0	0	0	0	0	0	0	0	500	0	0	0	48	0	0	0	0	0	0	0	0	0	0	0	0	0	0	0	0	0	0	0	0	0	0	0	0	0	0	0	0	0	48	0	0	0	0	0	0	0	0	0	0	0	0	0	0	0	0	0	0	0	
0	0	0	0	0	0	0	0	0	0	0	0	0	0	0	0	0	0	0	0	0	0	0	0	0	0	0	0	96	0	0	0	0	0	0	0	0	0	500	0	0	0	0	0	0	0	0	0	0	0	0	0	0	0	0	0	0	0	0	0	0	0	0	0	0	0	0	0	0	0	
0	0	0	48	0	0	0	0	0	0	0	0	0	0	0	96	0	0	0	0	0	0	0	0	0	0	0	0	0	0	0	0	0	0	0	0	0	0	0	0	0	0	0	0	0	0	0	0	0	0	0	0	0	0	0	0	0	0	0	0	0	0	0	0	0	0	0	0	0	0	
0	0	0	0	0	0	0	96	0	0	0	0	0	0	0	0	0	0	0	0	0	0	0	0	0	0	0	0	0	0	0	0	0	0	0	0	192	0	0	0	0	0	0	0	0	0	0	0	0	0	0	0	0	0	0	0	0	0	0	0	0	0	0	0	0	0	0	0	0	0	
0	0	0	0	0	0	0	0	0	0	0	0	0	0	0	48	48	0	0	0	192	0	0	0	0	0	0	0	0	0	0	0	0	0	0	0	0	0	0	0	0	0	0	0	0	0	48	0	0	0	0	0	0	0	0	0	0	0	0	0	0	0	0	0	0	0	0	0	0	0	
0	0	0	0	0	0	0	0	0	0	0	0	0	192	0	0	0	0	0	0	0	0	0	0	0	0	0	0	0	48	0	0	0	0	0	0	0	0	0	0	0	0	0	0	0	0	0	0	0	0	0	0	0	0	0	0	0	0	0	0	0	0	0	0	0	0	0	0	0	0	
0	96	0	0	0	0	0	0	0	0	0	0	0	0	0	0	0	0	0	0	0	0	0	0	0	0	192	0	0	0	0	0	0	0	0	0	0	0	0	0	0	0	0	0	0	0	0	0	0	0	0	0	0	0	0	0	0	0	0	0	0	0	0	0	0	0	0	0	0	0	
96	0	0	0	0	0	0	0	0	0	0	0	0	0	0	0	0	0	0	0	0	0	0	0	0	0	0	0	0	0	0	0	0	0	192	0	0	0	0	0	0	0	0	0	0	0	0	0	0	0	0	0	0	0	0	0	0	0	0	0	0	0	0	0	0	0	0	0	0	0	
0	0	0	0	500	0	0	0	0	0	0	0	0	0	0	0	0	0	0	0	0	0	0	96	0	0	0	0	0	0	0	0	0	0	0	0	0	0	0	0	0	0	0	0	0	0	0	0	0	0	0	0	0	0	0	0	0	0	0	0	0	192	0	0	0	0	0	0	0	0	
0	0	0	0	0	0	0	0	0	0	0	192	0	0	0	0	0	0	0	48	0	0	0	0	0	0	0	0	0	0	0	0	0	0	0	0	0	0	0	0	0	0	0	0	0	0	0	0	0	0	0	0	0	0	0	0	0	0	0	0	0	0	0	0	0	0	0	0	0	0	
0	0	0	0	0	0	0	0	0	0	48	0	0	0	0	0	0	0	0	0	0	0	0	0	0	0	0	0	0	0	0	0	0	0	0	0	0	0	500	0	0	0	0	48	0	0	0	0	0	0	0	0	0	0	0	0	0	96	0	0	192	0	0	0	0	0	0	0	0	0	
0	0	0	0	0	0	0	48	0	0	0	0	0	0	0	0	0	0	0	0	0	0	0	0	0	0	0	0	0	0	0	0	0	0	0	0	0	0	0	0	0	0	0	0	0	0	0	0	0	0	0	0	0	0	0	0	96	0	0	0	0	0	0	0	0	0	0	0	0	0	
0	0	0	0	0	0	0	0	0	0	0	0	192	0	0	0	0	0	0	0	0	0	48	0	0	0	48	0	0	0	0	0	0	96	0	0	0	0	0	0	0	0	0	0	0	0	0	0	0	0	0	0	0	0	0	0	0	0	0	0	0	0	0	0	0	0	0	0	0	0	
0	0	0	0	0	0	0	0	192	0	0	0	0	0	0	0	0	0	0	0	0	0	500	0	0	0	0	0	0	0	0	0	0	0	0	0	0	0	0	0	0	0	0	0	0	0	0	0	0	0	0	0	0	0	0	0	0	0	0	0	0	0	0	0	0	0	0	0	0	0	
0	0	0	0	0	0	0	0	0	0	0	0	0	0	0	0	0	0	0	0	500	0	0	0	0	0	0	0	0	0	0	0	0	0	0	0	0	0	0	0	0	0	0	0	0	0	0	0	0	0	0	0	0	0	0	0	192	0	0	0	0	0	0	0	192	0	0	0	0	0	
0	0	0	0	0	0	0	0	0	0	0	0	0	0	0	0	96	0	0	0	96	0	0	0	0	0	0	0	0	0	0	0	0	0	0	0	0	0	0	0	0	0	0	0	0	0	0	0	0	0	0	0	0	0	192	0	0	0	0	0	0	0	0	0	0	0	0	0	0	0	
0	0	0	0	0	0	0	0	0	0	0	0	0	0	0	0	0	0	0	0	0	0	0	0	0	192	0	0	0	0	0	0	0	0	0	0	0	0	0	0	0	192	0	0	0	0	0	0	0	0	0	0	0	0	0	0	0	0	0	0	0	0	0	0	0	0	0	0	0	0	
0	0	0	0	0	0	0	0	0	0	0	0	0	0	0	0	0	0	96	0	0	0	0	0	0	0	0	0	0	0	0	0	0	0	0	96	0	0	0	0	0	0	0	0	0	0	0	0	0	0	0	0	0	0	0	0	0	0	0	0	0	0	0	0	0	0	0	0	0	0	
0	0	0	0	0	0	0	0	0	0	0	0	0	0	0	0	0	0	0	0	0	0	0	48	0	0	0	0	0	0	0	0	0	0	0	0	0	0	0	0	0	0	0	0	0	0	0	0	0	0	0	0	0	0	0	0	0	0	0	0	192	0	0	0	0	0	96	500	192	0	
0	0	0	0	0	0	0	0	0	0	0	0	0	0	0	0	0	0	0	0	0	0	0	0	0	0	0	0	0	0	0	0	0	0	0	96	0	0	0	0	0	0	0	0	0	0	0	0	0	0	0	0	0	0	0	0	0	0	0	0	0	0	0	0	0	0	0	0	192	500	
0	0	0	0	0	0	0	0	0	0	0	0	0	0	0	0	0	0	0	0	0	0	0	0	0	0	0	0	0	192	0	0	0	0	0	0	0	0	0	0	0	0	0	0	0	0	0	0	0	0	0	0	0	0	0	0	0	0	0	0	0	0	0	0	96	0	0	0	0	0	
0	0	0	0	0	0	0	0	0	0	0	0	0	0	48	0	0	0	0	0	0	0	0	0	0	0	0	0	0	0	0	0	0	0	0	0	0	0	0	0	0	0	0	0	0	0	0	0	0	0	0	0	0	0	0	0	0	0	0	0	0	0	0	0	500	0	0	0	0	0	
0	0	0	0	0	0	0	0	0	0	0	0	0	0	0	0	0	0	0	0	0	0	0	0	0	96	0	0	0	0	0	0	0	0	0	0	0	0	0	0	0	192	0	192	0	0	0	0	0	0	0	0	0	0	0	0	0	0	0	0	0	0	0	0	192	192	0	0	0	0	
0	0	0	0	0	0	0	0	0	0	0	0	0	0	0	0	0	0	0	0	0	0	0	0	0	0	0	0	0	0	0	0	0	0	0	0	0	0	0	0	0	0	0	192	0	0	0	0	0	0	0	0	0	0	0	0	0	0	0	0	0	0	0	0	0	500	0	0	0	0	
67	29	60	35	46	17	45	64	25	28	19	67	50	46	57	53	18	24	6	32	1	53	52	16	67	63	36	12	8	33	56	34	58	51	10	19	29	28	33	57	21	67	20	20	27	42	27	59	7	32	54	50	52	10	14	7	69	32	27	22	23	21	48	30	55	6	66	56	5	17	69	41	36	55	32	4	10	43	11	44	23	9	14	28	35	64	26	47	40	57	28	46	52	62	65	64	29	36	40	28	6	20	31	45	31	10	5	66	16	12	31	38	27	52	52	56	58	39	45	3	58	30	11	46	51	42	58	0	59	35	29	28	56	53	10	23	16	28	37	62	7	31	35	55	21	37	33	18	69	15	21	51	15	41	60	43	43	49	53	18	27	20	53	14	31	65	27	58	22	49	0	31	8	55	53	55	44	53	1	5	20	17	44	66	5	37	53	43	52	40	63	60	37	19	69	1	25	13	30	40	2	37	62	66	25	31	26	60	42	49	31	46	61	3	2	0	44	35	12	22	23	39	46	10	33	49	21	11	62	53	48	52	36	10	33	39	29	65	59	14	39	57	17	17	28	52	54	16	17	1	33	48	52	57	22	28	32	58	6	66	26	11	32	56	14	56	3	44	20	18	18	17	51	26	42	8	63	66	4	64	8	13	68	19	22	50	11	6	59	10	43	48	65	27	0	3	32	61	0	39	39	1	7	13	32	44	64	43	48	47	27	27	50	37	65	26	19	36	41	18	4	54	14	49	9	67	43	47	35	51	44	39	30	26	48	32	14	68	25	3	17	29	65	67	19	11	53	15	4	49	54	26	24	8	16	29	14	15	50	69	46	36	15	5	10	48	19	26	5	44	32	49	55	30	6	5	9	41	45	7	65	38	16	58	66	29	61	64	26	22	39	31	21	51	2	11	11	23	4	9	28	69	25	65	45	6	9	55	44	65	5	24	7	19	9	52	12	11	36	53	69	53	23	24	45	42	35	34	50	30	38	3	47	30	25	9	13	37	26	38	0	41	9	26	2	11	53	36	28	34	41	0	27	46	39	62	9	28	55	3	9	35	0	38	69	67	68	29	43	17	14	46	41	56	21	27	3	40	36	42	66	53	17	14	64	29	35	34	63	35	20	24	53	47	44	66	64	13	18	14	21	34	55	39	44	3	55	49	20	62	48	4	11	18	61	39	56	26	24	26	28	11	28	42	51	29	64	31	32	27	52	63	31	36	37	24	47	42	67	51	14	25	40	24	20	24	47	19	27	64	35	59	67	52	21	10	41	1	66	25	13	55	40	44	37	49	50	29	51	41	9	49	1	26	30	52	45	27	10	62	1	14	24	22	50	44	27	18	40	42	23	8	15	54	11	64	61	29	43	7	26	36	47	64	13	3	47	42	34	45	31	42	2	40	66	1	16	67	58	28	64	53	8	64	0	42	55	58	43	55	46	50	58	43	55	48	65	61	41	14	17	25	62	43	46	22	66	25	42	7	10	52	6	46	51	5	62	38	52	58	13	23	8	41	15	12	59	23	35	8	40	62	19	57	68	33	17	62	34	38	22	30	35	43	12	38	30	1	68	66	23	22	67	20	19	62	15	37	10	19	16	10	48	66	49	42	53	19	9	40	53	69	32	14	21	24	53	62	45	66	52	13	64	28	1	64	29	12	59	6	69	50	40	7	31	41	59	52	52	37	46	34	20	56	44	55	58	15	59	68	36	20	37	38	64	35	67	41	58	37	29	5	44	68	52	34	9	26	21	43	9	24	4	9	23	44	65	39	26	47	1	65	33	17	39	25	27	64	61	39	1	28	36	54	43	24	0	37	2	25	3	40	21	10	47	54	5	31	48	38	15	57	33	24	63	9	12	63	51	69	17	14	4	5	10	38	68	12	47	35	30	0	38	63	37	17	51	53	3	54	19	24	45	11	40	19	67	26	50	31	33	62	19	54	24	61	53	52	9	53	15	54	51	41	3	5	17	67	48	26	27	59	9	15	12	64	38	21	67	4	29	23	45	13	15	45	19	0	49	38	32	29	51	50	7	24	68	8	34	34	62	59	28	67	17	29	60	29	52	31	27	51	43	66	46	67	43	5	9	1	14	28	11	40	49	34	5	55	41	36	62	26	31	40	43	38	15	14	15	66	34	15	23	49	46	38	64	43	35	30	6	68	51	42	50	22	24	38	47	2	14	44	34	49	57	63	4	47	18	4	29	58	9	60	20	4	62	28	41	35	29	68	45	14	26	26	15	13	0	11	30	25	12	44	58	64	16	69	18	64	41	9	60	28	64	43	37	24	36	60	68	63	35	5	0	17	42	0	10	18	63	41	44	24	44	61	5	21	11	23	28	40	48	56	58	66	11	0	18	53	64	21	39	3	13	68	38	14	45	66	48	7	34	6	39	3	8	51	34	13	48	11	52	51	54	29	43	56	15	10	59	43	37	62	45	32	51	5	31	33	59	34	18	55	9	10	35	64	54	32	43	54	20	61	57	56	12	9	34	18	22	28	50	16	25	5	20	15	31	43	15	19	38	69	8	60	65	2	52	9	2	29	35	34	21	41	56	17	18	38	69	45	65	12	1	2	68	9	8	46	49	60	2	10	68	32	48	28	24	68	48	18	1	62	45	45	59	49	5	17	16	48	11	20	18	49	4	15	50	22	14	22	49	20	11	4	42	45	8	67	41	25	43	17	22	8	25	31	26	47	57	7	32	65	28	33	38	16	24	69	49	1	64	18	65	3	2	
30	38	43	14	60	44	58	29	42	63	32	16	2	37	50	44	12	8	23	8	37	15	8	34	22	63	21	25	16	30	50	29	59	14	20	3	69	59	21	0	20	19	40	54	69	30	64	6	59	65	3	8	18	12	35	39	9	66	45	54	14	15	38	24	41	24	24	38	11	53	5	63	16	69	20	46	59	10	46	17	31	31	53	55	41	62	62	62	50	39	69	39	43	54	34	20	60	4	64	68	32	25	12	11	21	26	45	60	32	47	7	19	13	22	28	29	40	33	3	38	10	42	51	48	22	13	42	66	44	18	66	18	60	55	44	58	49	22	63	29	3	1	3	16	55	62	9	66	14	65	10	50	26	22	53	21	29	34	55	44	6	11	47	42	31	18	49	68	28	57	6	35	38	20	61	12	48	11	4	30	40	19	21	22	28	50	17	26	7	53	29	26	8	60	1	65	29	38	13	44	42	7	8	12	12	34	33	11	45	9	8	3	52	49	40	37	28	62	14	3	32	2	19	10	55	11	0	20	44	68	24	62	19	12	9	26	63	51	0	17	66	64	32	52	66	8	67	30	34	67	37	27	23	19	45	6	29	26	62	53	28	32	14	55	35	9	12	19	57	9	26	34	40	45	6	39	0	44	36	65	42	58	44	25	4	52	30	12	52	37	41	35	41	7	55	27	26	0	25	57	63	48	60	66	36	12	4	47	2	26	17	7	68	41	20	7	26	29	54	38	6	35	9	31	19	63	9	60	60	54	51	20	23	28	16	55	58	52	34	10	14	22	30	16	31	33	44	41	48	22	41	20	20	43	54	55	38	67	26	1	3	39	30	36	14	35	61	67	51	25	37	64	28	41	67	11	14	19	50	5	54	37	8	30	40	55	21	40	42	29	30	12	9	41	18	47	34	69	42	36	13	1	0	11	64	13	0	2	17	21	47	28	65	14	29	66	1	7	8	51	21	26	39	18	68	44	41	57	11	52	45	36	21	66	9	58	43	17	31	64	52	32	36	61	8	13	35	6	41	41	62	32	51	42	55	31	54	64	15	69	38	8	3	9	9	2	68	5	42	59	40	54	41	69	29	20	23	59	28	50	18	24	69	56	5	30	2	47	44	38	28	11	25	69	50	29	38	35	45	67	3	0	19	60	4	52	10	67	45	67	9	69	23	33	31	48	23	62	30	7	34	30	13	42	3	25	57	14	69	17	5	30	66	50	50	9	3	61	7	48	18	51	60	66	48	0	12	30	40	67	9	49	31	55	40	18	24	40	32	62	12	34	21	54	25	7	55	45	51	32	13	55	9	13	50	47	36	63	22	59	62	52	3	44	33	43	42	21	32	28	48	21	22	17	39	57	20	20	62	33	5	36	29	4	26	37	35	22	55	22	63	6	17	27	22	58	62	2	29	39	34	5	29	35	28	34	62	60	63	25	47	45	13	12	67	56	66	39	40	51	41	32	5	17	59	53	6	33	38	2	65	14	34	41	2	54	50	24	7	49	14	7	38	16	17	28	58	6	64	33	53	12	0	6	59	25	46	6	19	42	37	43	28	28	23	66	13	66	1	57	38	37	9	68	27	21	1	31	11	50	36	29	21	43	69	32	11	33	46	25	1	13	3	62	52	15	23	26	19	5	36	9	19	36	1	53	26	0	55	6	62	0	49	25	16	6	54	46	26	55	11	42	24	27	66	69	8	33	32	53	14	31	19	12	12	34	51	38	27	20	47	45	9	60	38	23	31	55	22	50	20	8	63	2	28	26	30	1	36	32	57	23	1	63	27	12	20	51	31	32	42	15	36	9	66	33	3	29	8	44	57	43	3	51	14	37	16	67	33	60	69	16	24	6	66	49	59	1	62	14	11	43	9	68	43	31	24	56	27	53	26	49	1	32	47	42	10	22	50	24	19	52	47	50	10	2	56	48	57	57	68	3	65	1	2	41	60	55	40	69	38	23	17	11	24	19	22	54	41	21	9	40	48	39	42	0	21	19	59	2	12	49	34	7	61	47	13	1	21	12	40	0	41	11	52	3	45	18	0	20	51	49	35	49	2	44	64	17	1	57	8	63	9	53	38	46	65	55	62	23	12	51	25	69	36	31	65	23	2	23	52	24	38	35	52	55	12	53	29	35	11	54	35	9	52	62	21	54	23	18	9	47	29	30	66	2	44	15	65	11	40	41	50	69	8	51	8	61	20	3	34	58	55	18	19	0	0	22	48	27	1	14	60	8	10	37	43	3	46	31	54	35	25	9	65	10	45	34	45	3	25	50	1	12	8	19	32	32	0	3	65	40	68	52	21	42	22	54	19	23	66	19	33	35	33	7	29	63	69	54	17	32	33	46	3	49	8	65	7	39	64	13	59	33	37	68	28	22	8	36	3	51	31	55	14	17	61	25	14	29	32	56	4	4	42	7	50	33	53	16	6	25	43	44	57	11	36	55	19	20	38	38	61	19	8	63	68	45	47	3	30	51	55	34	16	63	4	65	4	38	26	20	56	2	22	42	43	40	11	29	68	41	46	12	69	19	13	57	57	1	66	26	1	57	22	65	47	10	41	25	15	68	55	7	4	36	67	15	29	62	28	53	35	20	32	29	23	45	51	39	53	11	54	15	23	58	0	25	45	53	43	21	7	49	7	55	68	61	45	25	23	3	17	1	10	21	16	12	2	32	49	7	65	27	9	50	4	57	65	37	4	55	62	68	60	1	28	24	49	19	33	11	20	24	68	14	48	
29	25	33	40	26	27	40	30	21	22	26	26	38	22	34	29	37	23	20	20	36	29	20	38	36	35	21	22	26	22	24	33	31	30	33	35	26	37	26	38	27	38	25	35	33	23	22	33	38	40	29	29	35	34	40	25	33	36	25	39	31	26	20	38	30	38	38	36	26	33	36	33	40	28	26	28	23	36	35	20	35	38	27	33	37	23	40	22	27	28	24	21	25	40	23	32	36	21	32	27	35	40	30	38	31	26	23	24	39	36	23	31	29	36	34	30	33	22	39	34	40	22	23	33	25	33	40	37	25	21	29	29	20	33	25	31	40	21	32	40	33	40	20	27	24	37	36	29	21	33	35	36	39	30	35	32	23	21	32	25	38	31	32	30	32	29	21	27	24	24	38	31	20	39	23	26	34	23	37	36	29	24	29	25	34	24	23	34	38	23	35	39	22	22	26	27	30	26	23	25	23	30	21	35	38	29	32	36	25	26	20	37	39	37	29	38	32	32	34	28	36	21	23	36	29	24	24	23	23	27	28	40	37	36	39	37	34	28	23	30	37	23	21	26	24	37	36	20	35	29	39	38	39	26	32	30	37	29	23	31	28	22	35	29	32	34	23	22	28	24	31	37	28	22	31	23	21	29	35	39	26	24	22	29	21	20	31	30	23	25	32	22	25	23	22	35	27	39	26	20	30	21	38	33	28	29	26	21	32	39	29	33	32	29	30	21	27	21	27	34	28	22	30	33	23	23	22	30	35	20	26	36	36	26	37	26	38	39	39	21	31	40	32	23	36	26	34	29	23	39	24	35	28	33	26	22	31	34	40	36	30	37	34	37	40	24	25	39	20	21	35	24	33	29	29	23	39	27	26	39	39	24	34	21	25	23	25	36	29	33	34	31	23	24	35	37	23	28	23	29	30	36	26	21	28	40	23	33	29	33	24	37	20	26	35	40	39	34	24	28	34	23	34	22	34	20	22	21	21	34	36	25	35	29	37	27	36	33	36	20	24	35	33	30	32	35	25	36	33	25	24	40	26	28	21	24	32	20	40	32	30	38	27	32	30	27	33	36	34	39	36	23	28	24	31	25	28	28	32	23	22	30	20	22	35	39	33	36	25	22	33	20	31	39	22	37	31	25	26	26	21	21	37	30	33	30	25	30	38	21	38	23	21	37	26	24	36	36	28	31	29	28	33	36	31	38	34	34	20	21	20	24	29	23	37	20	24	28	32	37	33	33	29	21	33	22	26	33	22	39	24	29	39	30	34	23	27	27	26	31	32	31	30	26	36	29	34	28	34	29	31	33	40	38	38	32	31	23	33	33	39	22	33	32	29	30	23	21	20	20	24	25	29	32	31	38	27	28	34	25	27	32	40	38	38	34	27	20	38	32	31	40	38	25	20	31	28	39	31	21	20	24	20	32	25	27	22	38	35	38	27	20	20	38	30	25	28	24	24	28	35	21	26	25	28	30	39	28	39	25	24	25	26	35	40	30	29	40	23	20	29	27	40	39	30	30	35	35	34	39	27	36	24	32	29	30	26	27	32	22	35	35	32	37	35	33	34	21	29	27	25	33	24	34	24	36	30	20	31	28	30	21	27	34	20	24	25	34	20	33	25	20	32	29	24	34	35	26	28	26	20	34	33	20	23	35	24	21	27	30	39	24	24	22	30	26	20	23	27	32	24	31	31	37	33	26	32	30	28	28	28	29	26	20	38	32	20	32	33	26	39	38	35	30	25	32	27	31	23	25	32	29	34	38	33	30	38	29	29	34	21	22	24	25	26	26	39	33	31	38	28	22	33	39	32	32	28	33	29	35	27	35	20	25	38	23	38	35	29	40	26	22	24	36	35	26	24	26	22	38	21	34	20	22	23	32	35	24	36	36	30	31	23	21	28	23	24	39	37	30	22	38	35	40	25	34	40	22	34	39	30	25	38	30	36	27	34	39	28	27	28	23	34	28	37	40	20	33	22	26	35	38	25	38	33	36	34	37	23	23	23	39	31	30	31	39	35	37	25	22	24	33	21	39	32	24	29	37	38	37	33	38	37	29	20	38	27	32	29	25	23	24	21	24	21	39	32	21	25	24	40	35	36	21	23	27	23	33	40	39	24	35	24	21	34	26	35	33	28	29	28	32	40	24	24	39	33	29	35	20	28	30	31	32	40	27	37	24	39	22	25	33	39	32	25	34	20	28	39	28	34	40	32	25	37	25	33	32	40	25	35	23	29	27	21	30	27	24	29	20	32	31	36	33	39	24	24	20	33	21	40	33	25	24	38	29	40	40	35	35	30	38	34	36	31	23	27	40	33	24	37	38	26	20	22	39	30	29	38	29	23	33	25	32	38	28	24	27	20	27	33	22	31	28	27	38	40	24	29	24	33	29	40	28	20	37	31	23	30	21	31	25	37	37	39	20	25	27	34	36	37	36	22	33	34	28	29	31	35	38	36	20	40	38	20	34	34	33	20	40	39	29	36	25	24	40	35	28	31	35	22	40	20	37	32	29	25	27	22	25	35	37	36	24	25	37	35	33	38	30	20	23	20	37	25	25	25	20	34	27	29	21	40	40	24	33	22	21	34	28	21	25	22	26	38	21	27	20	31	28	23	34	33	32	21	24	28	21	39	34	34	40	35	23	32	35	33	29	22	20	34	35	29	28	39	30	23	20	25	29	29	30	29	33	40	21	24	35	33	24	29	26	26	28	29	25	21	21	39	33	20	21	37	33	32	28	21	
20	38	47	33	12	19	34	47	31	34	39	13	24	40	44	22	33	23	46	23	19	41	35	18	15	39	26	47	38	46	48	31	38	44	36	20	40	36	36	16	17	47	29	47	23	31	41	17	17	17	29	11	11	19	46	26	50	16	29	24	47	11	16	36	33	20	39	41	49	34	24	38	24	17	12	15	32	22	15	38	44	11	29	14	41	24	19	42	17	29	16	30	19	32	29	22	30	35	44	15	23	41	14	39	37	10	28	41	19	32	34	37	32	31	14	40	22	18	45	43	49	13	29	10	10	42	38	40	31	22	26	11	14	40	35	12	26	45	30	21	10	22	25	31	17	21	11	28	27	18	10	20	41	36	13	46	31	45	36	50	29	17	45	12	47	27	12	17	25	33	38	39	16	41	47	22	49	15	19	41	19	50	32	35	43	49	27	18	42	18	33	30	26	47	29	46	10	17	38	23	36	40	10	12	22	10	44	21	31	41	35	27	30	35	38	46	50	29	40	17	29	35	48	21	14	13	44	14	10	15	25	22	43	12	14	10	19	36	18	36	48	33	26	26	23	22	37	24	13	11	36	12	34	32	15	26	38	34	19	26	40	27	13	42	48	24	35	16	19	24	45	38	50	35	10	50	30	46	24	50	24	21	25	44	18	44	35	13	40	43	20	42	29	49	31	25	45	10	34	50	47	31	43	17	40	14	37	48	14	20	40	22	19	12	25	43	46	25	45	33	31	35	17	31	11	32	45	40	43	48	37	29	33	19	48	43	44	14	11	49	48	32	21	22	49	34	22	18	49	22	20	14	45	37	26	26	20	36	43	47	27	39	20	14	41	36	18	18	39	11	32	46	45	13	35	50	24	47	25	19	10	39	11	39	25	32	34	14	17	44	41	38	40	20	35	38	33	14	23	50	43	40	36	47	37	12	19	36	30	37	12	49	22	11	45	35	32	48	42	28	27	20	50	42	34	39	26	38	43	33	30	50	15	45	32	23	37	23	21	38	17	30	40	26	27	15	18	46	49	27	43	36	20	20	45	17	11	16	10	16	42	23	25	38	49	43	47	23	36	31	19	50	21	11	46	19	38	34	19	49	30	14	39	50	30	22	46	47	46	20	30	21	44	42	26	13	39	36	49	41	29	21	31	40	43	47	48	10	29	13	35	36	17	18	23	38	50	28	38	19	50	26	48	14	20	24	41	27	44	43	15	21	48	28	34	17	34	50	23	20	20	20	35	26	44	22	38	42	41	22	29	25	34	27	13	14	45	24	49	41	40	16	13	48	15	37	14	25	39	38	22	49	26	47	44	29	31	31	27	31	37	23	30	25	15	19	45	13	40	40	26	22	39	22	11	30	44	24	12	40	50	35	38	33	28	30	22	36	12	28	41	47	40	23	34	38	11	50	29	31	28	34	40	22	23	37	27	38	16	24	23	24	27	45	22	16	41	36	47	27	30	22	26	27	34	18	43	15	39	49	14	26	21	31	18	11	46	14	37	21	13	22	47	27	38	44	10	39	35	28	35	11	37	26	39	13	30	14	50	16	37	26	38	50	44	18	50	20	17	29	11	32	21	12	29	49	42	17	20	30	43	21	23	21	25	46	50	47	12	16	48	33	21	47	27	22	27	20	10	28	44	17	25	38	40	11	19	11	11	31	20	39	28	42	20	35	39	37	34	25	32	39	39	12	43	32	30	35	34	31	20	46	25	45	38	50	24	45	44	21	42	39	29	37	14	45	36	13	30	23	11	21	42	38	25	27	46	41	35	24	27	27	34	32	15	25	36	29	14	35	40	23	31	27	22	15	44	45	14	46	41	31	47	13	26	37	32	48	41	26	18	23	49	42	43	38	26	32	37	33	14	30	16	43	37	10	27	41	37	37	14	23	33	15	20	43	36	23	18	42	22	35	28	42	44	13	50	25	43	35	50	47	47	33	31	34	19	33	44	27	29	38	46	26	22	40	49	48	24	20	30	20	21	41	12	50	21	24	16	42	34	27	20	15	35	20	21	14	31	31	18	32	21	11	12	24	28	43	50	20	33	24	16	15	32	10	19	49	15	10	40	27	34	43	38	22	19	17	13	15	15	39	50	48	38	12	45	18	35	25	20	10	47	50	14	14	25	26	26	15	10	37	26	46	28	18	49	35	35	18	16	17	45	33	33	11	49	36	41	27	44	36	39	28	27	12	22	50	25	17	18	32	18	19	24	43	25	28	12	16	33	49	49	28	11	49	27	47	49	18	25	10	50	39	13	43	16	16	37	10	25	25	47	19	30	13	19	20	20	17	45	14	17	13	46	10	19	29	41	42	21	44	48	20	13	17	31	15	39	49	16	27	36	37	48	27	49	13	13	20	13	11	34	41	19	18	17	45	29	41	20	37	26	38	47	16	49	30	39	36	34	12	38	20	10	28	38	35	18	13	41	10	30	45	29	14	42	49	39	19	36	29	14	12	38	36	38	49	37	29	47	34	17	15	20	49	22	32	37	24	22	20	21	42	33	13	25	18	39	18	30	35	49	28	10	49	29	24	40	47	43	41	39	10	31	19	29	24	25	45	21	32	20	39	30	45	22	22	30	38	10	33	17	42	45	14	15	26	23	35	30	11	28	11	26	24	37	31	35	47	19	33	39	42	47	13	27	18	41	27	14	27	23	29	50	20	43	31	48	43	31	14	18	33	43	13	24	18	37	47	22	35	48	39	38	24	23	41	38	13	25	21	44	34	46	50	33	
10
50
