1449
70
0	0	0	0	0	0	0	0	0	192	0	0	0	0	0	0	0	0	0	0	0	0	0	0	0	0	0	500	0	0	0	0	0	0	500	0	0	0	0	0	0	0	0	500	0	0	0	0	0	0	0	0	0	96	0	0	0	0	0	0	0	0	0	0	0	0	0	0	0	0	
0	0	0	0	0	0	0	0	0	0	0	0	0	0	0	0	0	0	0	0	0	0	0	0	0	0	0	0	0	0	0	0	0	0	0	0	0	0	0	0	0	500	0	0	0	48	0	0	0	0	0	0	96	0	0	0	0	0	0	0	0	0	0	0	0	0	0	0	0	0	
0	0	0	0	0	0	0	0	0	0	0	0	0	0	0	0	0	0	0	0	0	0	0	0	0	0	0	0	0	0	500	0	0	0	0	0	0	0	0	0	96	0	0	0	0	0	0	0	0	0	0	0	0	0	0	0	0	0	0	0	0	0	0	0	0	0	0	0	0	0	
0	0	0	0	0	0	0	0	0	0	0	0	0	0	0	0	48	0	0	0	0	0	0	0	0	0	0	0	0	0	0	0	0	0	0	0	0	0	0	0	0	0	0	0	0	0	0	0	48	0	0	0	0	0	0	0	0	0	0	0	0	0	0	0	0	0	0	0	0	0	
0	0	0	0	0	0	0	0	0	0	0	0	0	0	0	0	0	0	0	0	0	0	0	0	0	0	0	0	0	0	0	0	0	0	0	0	0	0	0	0	0	0	0	0	0	0	48	0	0	0	0	0	0	0	500	0	0	0	0	0	0	0	0	0	0	0	0	0	0	0	
0	0	0	0	0	0	0	0	0	0	0	0	500	0	0	0	0	0	0	0	0	0	0	0	0	0	0	0	0	0	0	0	0	0	0	0	0	0	0	192	0	0	0	0	0	0	0	0	0	0	0	0	0	0	0	0	0	0	0	0	0	0	0	0	0	0	0	0	0	0	
0	0	0	0	0	0	0	0	0	0	0	0	0	0	0	0	0	0	0	0	0	500	0	0	0	0	0	0	0	0	500	0	0	0	0	0	0	0	0	0	48	0	0	0	0	0	0	0	0	0	0	0	0	0	0	0	0	0	0	0	0	0	0	0	0	0	0	0	0	0	
0	0	0	0	0	0	0	0	0	0	0	0	0	0	0	0	0	0	0	0	0	0	0	0	0	0	0	0	0	0	0	0	0	0	0	0	192	0	0	0	0	0	0	0	0	0	0	0	0	96	0	0	0	0	0	0	0	48	0	0	0	0	0	0	0	0	0	0	0	0	
0	0	0	0	0	0	0	0	0	0	0	0	0	0	0	0	0	0	0	0	0	0	500	0	0	0	0	0	0	0	0	0	0	0	0	0	0	0	0	0	0	0	0	0	0	0	0	0	0	0	0	0	0	0	0	0	0	0	0	192	0	0	0	0	0	0	0	0	0	0	
192	0	0	0	0	0	0	0	0	0	0	0	0	0	0	0	0	0	0	0	0	0	0	0	0	0	0	0	0	0	0	96	0	0	0	0	0	0	0	0	0	0	0	0	0	0	0	0	0	0	0	0	0	0	0	0	0	0	0	0	0	0	0	0	0	0	0	0	0	0	
0	0	0	0	0	0	0	0	0	0	0	0	0	0	0	0	0	0	0	0	0	0	0	0	0	0	0	0	0	0	0	0	0	0	0	0	0	0	48	0	0	0	0	0	0	0	0	0	0	0	0	0	0	0	0	0	48	0	0	0	0	0	0	0	0	0	0	0	0	0	
0	0	0	0	0	0	0	0	0	0	0	0	0	0	0	0	0	0	0	0	0	0	0	0	0	0	0	0	0	0	0	0	48	0	0	0	0	0	0	0	0	0	0	0	0	0	0	0	0	0	0	0	0	0	0	192	0	0	0	0	0	0	0	0	0	0	0	0	0	0	
0	0	0	0	0	500	0	0	0	0	0	0	0	48	0	0	0	0	0	0	0	192	0	0	0	0	0	0	0	0	0	0	0	0	0	0	0	0	0	48	0	0	0	0	0	0	0	0	0	0	0	0	0	0	0	0	0	0	192	0	0	0	0	0	0	0	0	0	0	0	
0	0	0	0	0	0	0	0	0	0	0	0	48	0	0	0	0	0	0	0	0	0	0	0	0	0	0	0	0	0	0	0	0	0	0	0	0	0	0	0	0	0	0	0	500	0	0	0	0	0	0	192	0	0	0	0	0	0	0	0	0	0	0	0	0	0	0	0	0	0	
0	0	0	0	0	0	0	0	0	0	0	0	0	0	0	0	0	0	0	0	0	0	0	0	0	0	0	0	0	0	0	0	0	0	0	0	0	0	0	0	0	0	0	0	96	0	0	0	0	0	0	0	0	0	0	0	0	0	0	0	0	0	0	0	0	0	0	48	0	0	
0	0	0	0	0	0	0	0	0	0	0	0	0	0	0	0	96	0	0	0	0	0	0	0	0	0	0	0	0	0	0	0	0	0	0	0	96	0	0	0	0	0	0	0	0	0	0	0	96	0	48	0	0	0	0	0	0	0	0	0	0	0	0	0	0	0	0	0	0	0	
0	0	0	48	0	0	0	0	0	0	0	0	0	0	0	96	0	0	0	0	0	0	0	0	0	0	0	0	0	0	0	0	0	0	0	0	0	0	0	0	0	0	0	0	0	0	500	0	0	0	48	0	0	0	0	0	0	0	0	0	0	96	0	0	0	0	0	0	0	0	
0	0	0	0	0	0	0	0	0	0	0	0	0	0	0	0	0	0	0	0	0	0	0	0	0	0	0	48	0	0	0	0	0	0	0	0	0	96	0	0	0	0	0	0	0	0	0	0	0	0	0	0	0	0	0	0	0	0	0	0	0	0	0	0	0	0	0	0	0	0	
0	0	0	0	0	0	0	0	0	0	0	0	0	0	0	0	0	0	0	0	0	0	0	0	0	0	0	0	0	0	0	96	0	0	0	0	0	0	0	0	0	0	0	0	0	0	0	0	0	0	0	0	0	0	0	0	0	0	0	0	0	0	0	96	0	0	0	0	0	0	
0	0	0	0	0	0	0	0	0	0	0	0	0	0	0	0	0	0	0	0	0	0	0	0	96	0	0	0	0	0	0	0	0	0	0	0	0	0	0	0	0	0	0	0	0	0	0	0	0	0	0	0	0	0	0	48	0	0	0	0	0	0	0	0	0	0	0	0	0	0	
0	0	0	0	0	0	0	0	0	0	0	0	0	0	0	0	0	0	0	0	0	0	0	0	0	0	0	0	0	0	0	0	0	0	0	0	0	0	0	0	0	0	0	0	0	0	48	0	0	0	192	0	0	0	0	0	0	0	0	0	500	96	0	0	0	0	0	0	0	0	
0	0	0	0	0	0	500	0	0	0	0	0	192	0	0	0	0	0	0	0	0	0	0	0	0	0	0	0	0	0	48	0	0	0	0	0	0	0	0	0	0	0	0	0	0	0	0	0	0	0	0	0	0	0	0	0	0	0	0	0	0	0	0	0	0	0	0	0	0	0	
0	0	0	0	0	0	0	0	500	0	0	0	0	0	0	0	0	0	0	0	0	0	0	0	0	0	0	0	0	0	0	0	0	48	0	0	0	0	0	0	0	0	0	0	0	0	0	0	0	0	0	0	0	0	0	0	0	0	48	500	0	0	0	0	0	0	0	0	0	0	
0	0	0	0	0	0	0	0	0	0	0	0	0	0	0	0	0	0	0	0	0	0	0	0	0	0	0	0	0	0	0	0	0	0	0	0	0	0	0	0	0	0	500	0	0	0	0	0	0	0	0	0	0	0	96	0	0	0	0	0	0	0	0	0	48	0	0	0	0	0	
0	0	0	0	0	0	0	0	0	0	0	0	0	0	0	0	0	0	0	96	0	0	0	0	0	192	0	0	0	0	0	0	0	0	0	0	0	0	0	0	0	0	0	0	0	0	0	0	0	0	0	0	0	0	0	0	0	0	0	0	0	0	0	0	0	0	0	0	0	0	
0	0	0	0	0	0	0	0	0	0	0	0	0	0	0	0	0	0	0	0	0	0	0	0	192	0	0	0	0	0	0	0	0	0	0	0	0	0	0	0	0	0	0	0	0	0	0	0	0	0	0	0	0	0	0	0	0	0	0	0	0	0	192	0	0	0	0	0	96	0	
0	0	0	0	0	0	0	0	0	0	0	0	0	0	0	0	0	0	0	0	0	0	0	0	0	0	0	0	0	0	0	0	0	0	0	0	0	0	0	0	0	0	0	0	0	0	0	0	0	0	0	0	192	0	0	0	0	0	48	0	0	0	0	0	0	0	0	0	0	0	
500	0	0	0	0	0	0	0	0	0	0	0	0	0	0	0	0	48	0	0	0	0	0	0	0	0	0	0	0	0	0	0	0	0	0	0	0	500	0	0	0	0	0	0	0	0	0	0	0	0	0	0	0	0	0	0	0	0	0	0	0	0	0	0	0	0	0	0	0	0	
0	0	0	0	0	0	0	0	0	0	0	0	0	0	0	0	0	0	0	0	0	0	0	0	0	0	0	0	0	0	0	0	0	0	0	0	0	0	48	0	0	192	0	0	0	0	0	96	0	0	0	0	0	0	0	0	0	0	0	0	0	0	0	0	0	0	0	0	0	0	
0	0	0	0	0	0	0	0	0	0	0	0	0	0	0	0	0	0	0	0	0	0	0	0	0	0	0	0	0	0	0	0	0	0	0	0	0	0	0	0	0	0	0	0	0	0	0	0	0	0	0	48	0	0	0	0	0	0	0	0	0	0	0	0	0	0	192	0	0	0	
0	0	500	0	0	0	500	0	0	0	0	0	0	0	0	0	0	0	0	0	0	48	0	0	0	0	0	0	0	0	0	0	0	0	0	0	0	0	0	0	0	0	0	0	0	0	0	0	0	0	0	0	0	0	0	0	0	0	0	0	0	0	0	0	0	0	0	0	0	0	
0	0	0	0	0	0	0	0	0	96	0	0	0	0	0	0	0	0	96	0	0	0	0	0	0	0	0	0	0	0	0	0	0	0	0	0	0	0	0	0	0	0	0	0	0	0	0	0	0	0	0	0	0	0	0	0	0	0	0	0	0	0	0	0	0	0	0	0	0	0	
0	0	0	0	0	0	0	0	0	0	0	48	0	0	0	0	0	0	0	0	0	0	0	0	0	0	0	0	0	0	0	0	0	0	0	0	0	48	0	0	0	0	0	0	0	0	0	0	0	0	0	0	0	0	0	0	0	0	0	0	0	0	0	0	0	0	0	0	0	0	
0	0	0	0	0	0	0	0	0	0	0	0	0	0	0	0	0	0	0	0	0	0	48	0	0	0	0	0	0	0	0	0	0	0	0	0	0	0	0	0	0	0	48	0	0	0	0	0	0	0	0	0	0	0	0	0	0	0	96	0	0	0	0	0	0	0	0	0	0	0	
500	0	0	0	0	0	0	0	0	0	0	0	0	0	0	0	0	0	0	0	0	0	0	0	0	0	0	0	0	0	0	0	0	0	0	0	0	0	0	0	0	0	0	0	0	0	0	0	0	0	0	0	0	192	0	0	0	0	0	0	0	0	0	0	0	0	0	0	0	0	
0	0	0	0	0	0	0	0	0	0	0	0	0	0	0	0	0	0	0	0	0	0	0	0	0	0	0	0	0	0	0	0	0	0	0	0	0	0	0	0	0	0	0	0	0	500	0	0	0	0	0	0	0	0	0	0	0	0	0	0	0	0	0	96	0	96	0	0	0	0	
0	0	0	0	0	0	0	192	0	0	0	0	0	0	0	96	0	0	0	0	0	0	0	0	0	0	0	0	0	0	0	0	0	0	0	0	0	0	0	0	0	0	0	0	0	0	0	0	0	192	0	0	0	0	0	0	0	0	0	0	0	0	0	0	0	0	0	0	0	0	
0	0	0	0	0	0	0	0	0	0	0	0	0	0	0	0	0	96	0	0	0	0	0	0	0	0	0	500	0	0	0	0	48	0	0	0	0	0	0	0	0	0	0	48	0	0	0	0	0	0	0	0	0	0	0	0	0	0	0	0	0	0	0	0	0	0	0	0	0	0	
0	0	0	0	0	0	0	0	0	0	48	0	0	0	0	0	0	0	0	0	0	0	0	0	0	0	0	0	48	0	0	0	0	0	0	0	0	0	0	0	0	0	0	0	0	0	0	500	0	0	0	0	0	0	0	0	500	0	0	0	0	0	0	0	0	0	0	0	0	0	
0	0	0	0	0	192	0	0	0	0	0	0	48	0	0	0	0	0	0	0	0	0	0	0	0	0	0	0	0	0	0	0	0	0	0	0	0	0	0	0	0	0	0	0	0	0	0	0	0	0	0	0	0	0	0	0	0	0	0	0	0	0	0	0	0	0	0	0	0	0	
0	0	96	0	0	0	48	0	0	0	0	0	0	0	0	0	0	0	0	0	0	0	0	0	0	0	0	0	0	0	0	0	0	0	0	0	0	0	0	0	0	0	0	0	0	0	0	0	0	0	0	0	0	0	0	0	0	0	0	0	0	0	0	0	0	0	0	0	0	0	
0	500	0	0	0	0	0	0	0	0	0	0	0	0	0	0	0	0	0	0	0	0	0	0	0	0	0	0	192	0	0	0	0	0	0	0	0	0	0	0	0	0	0	0	0	0	0	0	0	0	0	0	0	0	0	0	0	0	0	0	0	0	192	0	0	0	0	0	192	0	
0	0	0	0	0	0	0	0	0	0	0	0	0	0	0	0	0	0	0	0	0	0	0	500	0	0	0	0	0	0	0	0	0	48	0	0	0	0	0	0	0	0	0	0	0	0	0	0	0	0	0	0	0	0	0	0	0	0	0	0	0	0	0	0	0	0	0	0	0	0	
500	0	0	0	0	0	0	0	0	0	0	0	0	0	0	0	0	0	0	0	0	0	0	0	0	0	0	0	0	0	0	0	0	0	0	0	0	48	0	0	0	0	0	0	0	0	0	0	0	0	0	0	0	0	0	0	48	0	0	0	0	0	0	0	0	0	0	0	192	192	
0	0	0	0	0	0	0	0	0	0	0	0	0	500	96	0	0	0	0	0	0	0	0	0	0	0	0	0	0	0	0	0	0	0	0	0	0	0	0	0	0	0	0	0	0	0	0	0	0	0	0	0	0	0	0	0	0	0	0	0	0	0	0	0	0	0	0	0	0	0	
0	48	0	0	0	0	0	0	0	0	0	0	0	0	0	0	0	0	0	0	0	0	0	0	0	0	0	0	0	0	0	0	0	0	0	500	0	0	0	0	0	0	0	0	0	0	0	0	0	0	0	0	0	0	0	0	0	0	0	0	0	0	0	0	0	0	0	0	0	0	
0	0	0	0	48	0	0	0	0	0	0	0	0	0	0	0	500	0	0	0	48	0	0	0	0	0	0	0	0	0	0	0	0	0	0	0	0	0	0	0	0	0	0	0	0	0	0	0	0	0	48	0	0	0	0	0	0	0	0	0	0	0	0	0	0	0	0	0	0	0	
0	0	0	0	0	0	0	0	0	0	0	0	0	0	0	0	0	0	0	0	0	0	0	0	0	0	0	0	96	0	0	0	0	0	0	0	0	0	500	0	0	0	0	0	0	0	0	0	0	0	0	0	0	0	0	0	0	0	0	0	0	0	0	0	0	0	0	0	0	0	
0	0	0	48	0	0	0	0	0	0	0	0	0	0	0	96	0	0	0	0	0	0	0	0	0	0	0	0	0	0	0	0	0	0	0	0	0	0	0	0	0	0	0	0	0	0	0	0	0	0	0	0	0	0	0	0	0	0	0	0	0	0	0	0	0	0	0	0	0	0	
0	0	0	0	0	0	0	96	0	0	0	0	0	0	0	0	0	0	0	0	0	0	0	0	0	0	0	0	0	0	0	0	0	0	0	0	192	0	0	0	0	0	0	0	0	0	0	0	0	0	0	0	0	0	0	0	0	0	0	0	0	0	0	0	0	0	0	0	0	0	
0	0	0	0	0	0	0	0	0	0	0	0	0	0	0	48	48	0	0	0	192	0	0	0	0	0	0	0	0	0	0	0	0	0	0	0	0	0	0	0	0	0	0	0	0	0	48	0	0	0	0	0	0	0	0	0	0	0	0	0	0	0	0	0	0	0	0	0	0	0	
0	0	0	0	0	0	0	0	0	0	0	0	0	192	0	0	0	0	0	0	0	0	0	0	0	0	0	0	0	48	0	0	0	0	0	0	0	0	0	0	0	0	0	0	0	0	0	0	0	0	0	0	0	0	0	0	0	0	0	0	0	0	0	0	0	0	0	0	0	0	
0	96	0	0	0	0	0	0	0	0	0	0	0	0	0	0	0	0	0	0	0	0	0	0	0	0	192	0	0	0	0	0	0	0	0	0	0	0	0	0	0	0	0	0	0	0	0	0	0	0	0	0	0	0	0	0	0	0	0	0	0	0	0	0	0	0	0	0	0	0	
96	0	0	0	0	0	0	0	0	0	0	0	0	0	0	0	0	0	0	0	0	0	0	0	0	0	0	0	0	0	0	0	0	0	192	0	0	0	0	0	0	0	0	0	0	0	0	0	0	0	0	0	0	0	0	0	0	0	0	0	0	0	0	0	0	0	0	0	0	0	
0	0	0	0	500	0	0	0	0	0	0	0	0	0	0	0	0	0	0	0	0	0	0	96	0	0	0	0	0	0	0	0	0	0	0	0	0	0	0	0	0	0	0	0	0	0	0	0	0	0	0	0	0	0	0	0	0	0	0	0	0	192	0	0	0	0	0	0	0	0	
0	0	0	0	0	0	0	0	0	0	0	192	0	0	0	0	0	0	0	48	0	0	0	0	0	0	0	0	0	0	0	0	0	0	0	0	0	0	0	0	0	0	0	0	0	0	0	0	0	0	0	0	0	0	0	0	0	0	0	0	0	0	0	0	0	0	0	0	0	0	
0	0	0	0	0	0	0	0	0	0	48	0	0	0	0	0	0	0	0	0	0	0	0	0	0	0	0	0	0	0	0	0	0	0	0	0	0	0	500	0	0	0	0	48	0	0	0	0	0	0	0	0	0	0	0	0	0	96	0	0	192	0	0	0	0	0	0	0	0	0	
0	0	0	0	0	0	0	48	0	0	0	0	0	0	0	0	0	0	0	0	0	0	0	0	0	0	0	0	0	0	0	0	0	0	0	0	0	0	0	0	0	0	0	0	0	0	0	0	0	0	0	0	0	0	0	0	96	0	0	0	0	0	0	0	0	0	0	0	0	0	
0	0	0	0	0	0	0	0	0	0	0	0	192	0	0	0	0	0	0	0	0	0	48	0	0	0	48	0	0	0	0	0	0	96	0	0	0	0	0	0	0	0	0	0	0	0	0	0	0	0	0	0	0	0	0	0	0	0	0	0	0	0	0	0	0	0	0	0	0	0	
0	0	0	0	0	0	0	0	192	0	0	0	0	0	0	0	0	0	0	0	0	0	500	0	0	0	0	0	0	0	0	0	0	0	0	0	0	0	0	0	0	0	0	0	0	0	0	0	0	0	0	0	0	0	0	0	0	0	0	0	0	0	0	0	0	0	0	0	0	0	
0	0	0	0	0	0	0	0	0	0	0	0	0	0	0	0	0	0	0	0	500	0	0	0	0	0	0	0	0	0	0	0	0	0	0	0	0	0	0	0	0	0	0	0	0	0	0	0	0	0	0	0	0	0	0	0	192	0	0	0	0	0	0	0	192	0	0	0	0	0	
0	0	0	0	0	0	0	0	0	0	0	0	0	0	0	0	96	0	0	0	96	0	0	0	0	0	0	0	0	0	0	0	0	0	0	0	0	0	0	0	0	0	0	0	0	0	0	0	0	0	0	0	0	0	192	0	0	0	0	0	0	0	0	0	0	0	0	0	0	0	
0	0	0	0	0	0	0	0	0	0	0	0	0	0	0	0	0	0	0	0	0	0	0	0	0	192	0	0	0	0	0	0	0	0	0	0	0	0	0	0	0	192	0	0	0	0	0	0	0	0	0	0	0	0	0	0	0	0	0	0	0	0	0	0	0	0	0	0	0	0	
0	0	0	0	0	0	0	0	0	0	0	0	0	0	0	0	0	0	96	0	0	0	0	0	0	0	0	0	0	0	0	0	0	0	0	96	0	0	0	0	0	0	0	0	0	0	0	0	0	0	0	0	0	0	0	0	0	0	0	0	0	0	0	0	0	0	0	0	0	0	
0	0	0	0	0	0	0	0	0	0	0	0	0	0	0	0	0	0	0	0	0	0	0	48	0	0	0	0	0	0	0	0	0	0	0	0	0	0	0	0	0	0	0	0	0	0	0	0	0	0	0	0	0	0	0	0	0	0	0	0	192	0	0	0	0	0	96	500	192	0	
0	0	0	0	0	0	0	0	0	0	0	0	0	0	0	0	0	0	0	0	0	0	0	0	0	0	0	0	0	0	0	0	0	0	0	96	0	0	0	0	0	0	0	0	0	0	0	0	0	0	0	0	0	0	0	0	0	0	0	0	0	0	0	0	0	0	0	0	192	500	
0	0	0	0	0	0	0	0	0	0	0	0	0	0	0	0	0	0	0	0	0	0	0	0	0	0	0	0	0	192	0	0	0	0	0	0	0	0	0	0	0	0	0	0	0	0	0	0	0	0	0	0	0	0	0	0	0	0	0	0	0	0	0	0	96	0	0	0	0	0	
0	0	0	0	0	0	0	0	0	0	0	0	0	0	48	0	0	0	0	0	0	0	0	0	0	0	0	0	0	0	0	0	0	0	0	0	0	0	0	0	0	0	0	0	0	0	0	0	0	0	0	0	0	0	0	0	0	0	0	0	0	0	0	0	500	0	0	0	0	0	
0	0	0	0	0	0	0	0	0	0	0	0	0	0	0	0	0	0	0	0	0	0	0	0	0	96	0	0	0	0	0	0	0	0	0	0	0	0	0	0	0	192	0	192	0	0	0	0	0	0	0	0	0	0	0	0	0	0	0	0	0	0	0	0	192	192	0	0	0	0	
0	0	0	0	0	0	0	0	0	0	0	0	0	0	0	0	0	0	0	0	0	0	0	0	0	0	0	0	0	0	0	0	0	0	0	0	0	0	0	0	0	0	0	192	0	0	0	0	0	0	0	0	0	0	0	0	0	0	0	0	0	0	0	0	0	500	0	0	0	0	
48	36	30	58	43	10	31	57	54	9	41	56	30	16	46	31	11	19	53	8	29	25	11	2	62	19	40	47	58	34	43	2	6	21	39	68	55	8	42	40	63	49	31	34	40	45	65	15	50	0	22	33	47	50	59	38	8	62	10	53	38	57	2	15	41	67	64	6	65	67	68	12	68	27	11	32	38	5	66	30	6	63	68	61	29	3	29	2	69	45	8	24	36	20	62	7	51	4	9	30	8	62	12	9	35	27	55	18	28	44	69	35	48	21	7	42	60	49	27	64	57	10	58	67	3	69	31	68	35	58	30	14	46	27	22	44	34	21	64	11	41	46	20	48	44	29	59	66	31	64	0	32	64	34	47	52	46	36	59	7	37	43	7	54	7	39	47	57	39	15	56	30	21	43	17	20	31	51	48	21	40	11	35	6	42	1	56	8	33	67	40	56	56	38	26	31	45	60	51	23	50	34	41	27	68	43	6	50	15	40	62	67	25	36	20	67	13	5	47	17	54	48	62	24	68	11	53	44	34	36	44	16	41	25	52	29	56	16	14	0	25	3	49	14	6	40	50	32	7	0	31	46	1	9	10	9	2	49	27	33	3	52	52	64	12	18	39	47	15	40	60	55	23	44	27	22	22	24	64	63	30	2	42	35	27	30	36	31	42	36	43	28	46	10	32	47	7	39	19	41	37	69	28	18	14	46	38	41	10	26	28	38	42	35	21	5	21	1	33	40	47	50	59	47	44	57	0	63	26	24	18	38	66	49	8	47	36	24	14	37	6	55	21	57	65	53	62	54	7	10	19	55	63	61	21	50	19	15	45	54	35	6	62	42	55	20	16	23	24	66	51	14	9	3	6	69	51	9	52	62	67	9	12	36	19	15	19	47	55	31	61	56	58	10	28	26	32	60	17	44	10	0	35	0	66	27	3	23	22	61	18	58	15	24	46	2	21	69	7	68	42	69	58	3	37	50	6	66	20	53	30	61	15	46	54	23	41	17	21	11	0	22	38	44	20	69	53	43	22	35	13	61	2	4	63	1	66	12	13	49	33	23	63	30	60	9	64	25	43	52	31	59	69	56	69	65	33	38	5	39	28	8	53	48	18	8	22	62	33	50	21	2	23	56	12	26	29	68	22	34	1	16	45	41	57	39	60	63	0	7	44	18	15	12	7	55	52	18	40	13	24	57	32	9	20	44	41	24	13	23	6	8	29	12	10	53	40	3	43	50	12	18	2	61	52	1	47	25	55	68	49	66	67	50	1	27	38	3	14	26	26	45	43	29	65	54	29	55	48	26	29	63	28	69	29	66	35	61	45	65	41	41	21	48	30	51	26	6	37	19	41	61	35	9	19	46	67	27	44	58	41	8	44	50	64	62	11	36	49	68	18	37	40	15	44	41	27	8	62	43	31	54	1	18	48	3	22	19	50	17	18	11	17	27	45	32	0	11	36	15	54	55	69	49	4	21	59	3	58	21	49	4	43	62	45	47	24	58	8	37	45	49	31	22	22	37	48	21	8	4	51	7	65	44	8	49	17	15	20	24	19	37	21	2	31	51	65	37	55	49	65	58	64	5	46	23	0	61	10	61	31	63	22	32	32	52	69	59	39	12	32	54	65	11	57	40	10	53	11	9	14	10	1	24	68	50	5	52	35	55	12	9	28	12	36	55	48	33	54	19	21	36	35	51	9	27	53	16	2	14	47	59	11	18	60	33	10	61	3	57	17	34	16	47	7	67	41	28	65	3	65	45	41	41	47	27	11	49	18	11	37	36	45	60	51	26	42	35	42	60	57	52	30	30	41	40	4	52	63	32	44	56	44	61	4	42	40	18	33	13	48	52	59	65	37	41	24	68	51	50	55	2	63	2	42	51	36	24	43	59	50	25	67	14	23	43	56	3	9	28	17	30	37	21	20	47	42	12	13	10	19	28	64	51	30	58	59	59	25	19	59	28	28	27	17	34	22	1	17	9	2	23	57	31	56	7	12	6	9	10	50	34	58	67	27	14	61	32	41	0	35	38	19	59	7	57	64	60	58	26	41	6	14	23	33	54	1	30	65	44	32	56	16	69	46	55	29	53	28	20	2	38	6	37	9	38	29	13	5	47	8	69	10	17	25	49	47	46	29	47	54	37	69	20	3	14	63	66	31	53	26	44	42	57	43	37	49	50	26	30	16	19	48	24	23	6	37	41	33	32	26	2	69	1	58	1	24	27	3	66	45	30	2	61	42	10	22	66	31	40	40	12	42	0	54	37	26	58	6	36	31	26	10	0	63	38	35	20	33	53	24	67	33	17	54	4	26	55	32	4	38	50	3	41	35	14	46	2	48	49	29	54	53	54	68	52	66	16	16	33	67	53	12	27	7	28	67	59	7	5	30	4	13	16	19	5	17	69	40	3	33	10	52	37	53	6	26	48	22	45	20	53	61	37	47	44	60	10	58	18	7	24	32	30	66	34	35	63	11	66	2	66	11	29	32	21	51	23	33	69	15	55	4	39	39	44	23	52	13	66	47	59	56	58	3	25	0	56	1	19	37	11	10	65	66	51	57	18	1	6	45	11	13	24	54	17	30	11	29	17	18	0	59	52	36	61	16	9	54	30	20	48	56	7	30	34	10	38	13	48	63	47	18	17	30	22	58	62	56	34	11	37	36	47	49	27	31	65	33	18	26	56	32	22	4	0	0	65	12	14	51	69	51	16	39	55	26	11	32	1	60	3	66	46	12	13	29	3	1	8	11	57	14	12	63	39	52	14	26	28	18	56	1	39	55	5	58	4	8	7	4	62	4	68	2	2	36	1	32	61	30	54	30	20	50	60	69	41	18	65	47	22	57	66	6	32	29	47	38	23	4	42	60	64	41	42	55	3	69	33	5	29	8	24	47	68	69	16	60	63	49	45	18	68	65	43	38	14	1	19	51	64	37	54	17	12	61	26	41	61	48	48	38	65	27	6	24	3	38	26	0	57	35	33	37	44	10	27	29	68	49	13	69	14	67	5	34	10	7	38	48	1	17	0	16	51	23	15	34	1	43	62	47	34	69	67	50	50	54	33	13	18	61	47	31	24	30	59	65	1	51	23	16	47	46	62	26	68	42	5	42	67	26	68	17	14	39	16	7	34	63	17	9	17	61	11	35	54	26	22	60	22	66	12	57	8	31	38	26	11	12	8	64	25	27	62	60	33	22	52	2	18	4	64	33	15	69	54	36	53	15	50	35	13	4	23	41	52	57	23	33	34	41	40	57	36	59	66	0	41	48	43	63	28	33	66	42	32	39	
65	60	53	7	55	7	48	27	35	15	59	39	60	13	49	4	28	34	26	37	59	54	62	11	54	35	49	39	41	33	30	18	9	29	67	50	38	16	23	10	49	69	60	54	62	52	68	39	46	51	35	16	19	22	37	43	22	58	8	2	67	56	49	2	57	68	1	54	3	66	62	32	10	39	44	50	12	48	15	57	34	33	41	62	24	68	11	59	67	31	20	53	44	13	2	0	20	45	1	28	22	22	51	8	53	62	18	45	40	7	48	52	6	56	36	53	8	59	8	8	69	28	31	68	30	32	43	16	34	26	60	46	15	32	50	20	36	20	62	25	17	5	26	34	27	56	27	53	53	9	11	40	16	56	41	34	37	58	25	50	42	27	55	47	0	39	69	7	47	35	42	8	24	48	19	5	47	40	16	2	15	48	38	2	60	51	58	48	0	28	34	44	30	44	54	32	44	32	36	33	22	59	22	58	51	64	42	45	54	12	18	42	38	51	26	50	57	12	4	24	61	8	1	6	19	23	58	5	20	19	31	45	17	19	17	45	47	67	19	8	59	41	33	36	64	14	37	39	27	21	43	43	23	6	64	64	6	23	6	44	62	13	60	39	62	55	18	49	7	47	27	44	68	63	61	62	19	22	9	57	28	7	19	46	22	34	22	32	1	49	44	5	36	11	55	24	65	40	43	63	7	18	4	23	6	14	40	53	55	65	20	29	10	47	19	25	62	6	15	38	1	47	34	37	22	29	22	2	48	42	21	29	50	56	27	9	33	40	40	3	28	25	8	33	32	67	49	62	7	20	60	20	18	13	52	9	25	48	25	52	5	5	29	26	7	27	20	12	4	69	68	8	20	33	43	2	34	12	32	25	10	68	7	60	49	25	29	57	42	28	16	30	20	58	61	40	16	61	60	42	65	45	64	54	26	23	55	8	29	29	54	49	65	6	5	18	34	17	36	50	13	20	51	7	25	15	69	27	18	40	22	15	9	36	27	11	68	10	52	54	5	36	45	13	37	67	62	38	40	67	17	59	6	48	12	9	18	67	39	51	8	24	40	27	50	48	27	29	63	62	42	8	52	56	5	41	8	40	38	58	10	24	43	26	31	39	33	13	10	26	64	36	62	26	43	2	52	17	2	33	15	37	25	21	26	10	12	13	52	61	12	4	16	57	45	22	24	60	50	39	4	30	57	8	59	54	55	12	26	19	38	39	14	20	1	17	1	50	4	69	25	68	60	24	55	10	37	48	57	57	65	26	6	15	44	30	48	27	59	59	32	44	49	34	48	15	56	7	59	35	43	2	10	3	35	60	7	27	4	38	65	27	14	38	10	56	15	28	59	37	11	21	27	44	50	36	59	21	50	61	56	42	14	25	1	68	23	34	1	62	41	0	53	45	47	6	30	13	50	27	9	4	34	32	61	18	51	47	59	36	53	42	66	5	47	6	19	65	17	28	47	25	68	8	23	49	22	20	68	39	8	13	49	20	4	24	14	40	43	69	36	12	3	30	31	1	3	18	52	64	31	42	18	10	32	1	51	44	19	3	68	62	36	66	37	67	68	15	29	39	42	42	2	10	40	20	17	29	38	64	34	7	66	18	43	14	66	42	69	36	36	27	16	10	4	56	62	27	10	61	34	29	48	39	39	42	32	28	36	31	12	12	55	33	60	26	62	34	44	3	12	14	4	40	66	44	50	55	41	30	47	40	40	0	61	52	64	29	57	57	22	6	65	6	42	9	13	62	18	24	29	25	25	2	10	27	18	8	44	57	66	28	54	24	43	44	19	30	29	63	45	32	41	23	65	46	59	1	4	2	40	34	30	39	40	67	52	8	2	63	55	10	54	11	25	15	55	19	69	37	69	64	4	39	27	24	12	65	57	25	31	60	6	18	61	65	1	66	62	54	37	5	12	47	16	55	37	15	9	55	3	21	56	47	66	3	0	16	62	4	32	15	25	26	53	34	46	18	42	15	46	27	48	34	3	48	36	34	28	34	51	42	38	46	56	16	45	66	18	68	67	11	50	33	2	44	45	28	61	55	28	51	14	68	41	16	26	68	31	8	67	4	36	32	34	44	3	32	65	37	31	44	36	4	61	21	33	52	65	5	37	40	42	39	26	49	26	42	21	63	20	61	16	67	46	47	69	25	41	47	10	48	27	21	45	69	62	57	46	54	37	32	61	43	16	57	30	41	1	26	49	19	1	59	30	15	14	7	3	62	42	51	4	32	18	6	25	7	63	67	58	42	44	55	53	60	10	32	32	46	46	59	55	16	47	0	31	6	24	58	53	23	10	59	1	7	8	65	54	15	53	66	61	44	13	62	22	46	50	55	26	3	19	61	33	56	29	38	34	26	63	5	19	43	11	5	63	38	1	3	62	39	52	45	64	44	16	69	47	56	56	40	18	48	0	46	5	9	15	23	33	23	3	54	32	62	57	20	58	55	1	21	65	12	64	24	65	54	66	2	56	40	30	0	18	58	57	20	27	17	8	38	43	69	58	2	38	20	4	48	64	69	13	69	47	7	15	65	11	4	27	17	58	61	63	19	24	27	60	50	52	19	19	21	63	18	29	65	37	59	3	25	3	12	39	68	32	32	50	40	34	54	44	41	54	58	4	16	46	34	7	4	63	11	46	39	33	28	46	31	37	33	60	28	39	27	22	24	12	13	39	11	10	48	41	1	58	27	3	69	12	13	56	27	8	2	30	28	14	31	58	54	38	23	38	53	16	52	28	22	65	28	49	68	10	68	31	61	55	63	58	43	10	35	57	47	33	64	44	64	22	29	61	54	47	37	11	37	20	28	61	58	60	18	22	1	32	52	11	69	0	3	47	21	30	40	21	8	62	67	16	13	56	16	67	53	66	8	45	56	59	11	55	61	57	48	32	16	7	4	69	33	23	15	29	3	12	29	13	47	40	5	27	13	56	18	1	41	24	8	20	46	55	20	22	54	11	56	5	58	29	64	54	27	1	21	25	56	24	6	55	32	36	36	2	8	21	21	9	32	7	39	64	5	24	55	28	17	54	46	32	56	13	26	56	67	67	33	21	45	14	42	1	38	52	14	25	66	29	35	32	24	15	41	57	18	36	49	15	43	46	26	29	14	43	38	64	64	17	44	39	56	42	15	67	1	32	10	37	45	9	62	4	23	56	16	65	11	21	4	57	69	3	69	1	10	50	42	26	47	63	1	3	16	56	50	37	59	40	44	25	37	41	50	53	35	52	45	14	61	57	9	10	5	65	38	38	40	34	22	9	8	17	40	59	63	46	27	3	
25	27	38	37	35	27	34	21	25	27	29	22	33	36	32	21	32	37	39	38	23	37	36	31	23	25	30	27	29	20	38	34	20	39	37	34	25	38	38	23	25	20	31	20	31	30	40	20	22	38	38	36	36	27	35	39	35	37	34	37	30	21	34	37	20	31	29	21	27	24	32	29	39	39	32	31	32	32	38	38	40	24	25	25	28	40	22	24	22	20	31	24	35	25	23	28	33	28	23	24	27	40	32	22	34	40	21	32	20	22	38	40	22	27	31	29	37	23	27	26	36	21	32	21	25	31	34	39	33	23	23	22	32	29	36	27	24	35	21	21	37	38	28	38	25	39	38	34	26	27	36	37	38	31	40	40	40	29	27	34	25	20	32	25	28	25	25	38	21	21	24	25	36	26	25	29	26	29	27	22	25	33	34	20	27	35	24	38	34	34	25	27	31	33	28	20	30	37	33	37	34	21	31	20	22	21	35	34	21	26	32	29	32	27	29	30	39	29	29	35	39	20	20	34	22	30	33	38	37	39	20	39	27	29	34	27	24	27	24	28	37	24	21	24	27	27	22	38	40	30	37	27	23	31	22	35	28	26	30	37	22	26	39	26	30	26	21	31	29	37	32	26	39	34	39	39	32	34	38	20	27	31	33	29	40	28	33	28	25	23	39	35	26	22	38	39	33	30	26	27	21	26	29	40	34	35	34	20	31	37	39	31	37	40	25	24	21	31	37	32	38	38	32	31	31	28	33	21	32	40	21	37	37	24	37	25	29	22	37	25	33	35	21	34	35	21	40	24	35	38	31	37	22	22	29	24	26	23	30	26	20	38	27	24	35	32	26	36	31	27	32	27	31	25	39	34	29	21	23	36	20	27	38	30	36	34	33	26	27	34	24	24	30	39	32	35	28	25	20	36	34	29	29	21	23	37	23	31	24	23	22	22	40	30	29	22	35	20	35	21	20	24	26	27	34	32	25	34	37	38	22	37	37	36	39	30	34	39	28	22	28	28	32	36	31	20	40	32	28	23	28	35	20	39	26	29	28	27	39	40	36	33	38	33	34	30	36	36	32	22	21	20	35	37	23	22	29	34	34	37	28	32	40	39	26	37	27	38	31	23	21	22	30	32	35	33	24	34	38	37	26	33	35	22	23	33	33	26	33	32	29	38	23	20	25	25	32	29	31	35	36	30	30	22	35	36	30	24	22	22	29	34	38	23	32	29	29	30	29	40	29	30	35	30	39	31	34	32	37	23	38	23	31	37	29	24	22	20	35	37	22	31	27	30	24	39	34	23	37	23	38	26	31	35	20	27	22	32	29	31	27	28	37	38	35	30	28	33	25	35	32	37	36	27	40	32	22	30	20	31	26	36	34	33	27	24	31	35	40	32	29	35	25	31	23	21	21	20	29	21	40	40	24	36	24	26	31	22	21	35	33	37	32	35	28	39	23	38	36	23	38	40	38	20	23	27	28	31	37	27	32	33	22	23	22	25	40	31	39	23	25	34	22	20	29	37	39	32	26	33	37	39	24	36	23	20	21	27	21	28	29	27	30	33	29	35	37	38	23	34	40	22	40	37	25	32	27	35	33	35	22	21	26	26	32	29	22	40	40	37	26	36	32	22	36	34	40	22	31	38	22	20	37	21	22	38	25	31	29	25	37	31	39	21	34	29	29	37	34	30	37	39	20	28	37	27	38	20	26	35	21	29	36	23	33	23	38	31	40	22	34	37	33	24	20	40	29	28	33	38	26	24	22	28	40	33	32	24	28	26	37	33	24	26	38	38	38	34	35	20	37	31	36	30	37	29	24	26	29	21	32	34	36	32	20	20	21	40	23	33	28	26	39	33	30	33	35	26	23	26	30	20	20	29	35	20	34	29	28	20	31	32	26	29	20	40	20	24	28	24	40	38	22	21	37	23	29	34	26	36	40	23	29	38	30	34	23	31	40	28	26	33	37	20	37	24	24	26	26	27	24	39	31	33	27	29	39	38	32	21	34	24	21	32	38	29	26	25	29	29	24	20	25	30	39	25	20	33	36	36	27	32	40	29	34	33	40	21	40	40	35	20	37	32	27	22	32	23	34	28	31	23	39	30	32	30	39	37	21	26	26	20	22	26	24	39	26	40	23	24	37	30	21	22	21	39	39	21	29	35	21	27	32	22	25	29	25	24	26	20	37	38	32	33	32	39	21	21	30	22	28	20	38	30	20	26	35	22	28	40	25	25	20	27	29	27	22	34	26	31	34	29	22	29	29	30	36	37	29	20	31	28	30	31	38	36	38	31	31	31	38	36	39	29	35	20	30	34	38	39	36	29	23	28	36	22	21	24	34	23	22	22	22	35	34	33	21	36	28	34	29	24	38	28	22	22	33	33	21	31	37	35	40	37	37	33	33	40	32	20	33	21	32	38	25	34	37	39	37	23	22	27	23	33	38	35	33	35	40	35	38	39	22	26	32	20	34	32	31	21	27	31	27	24	28	20	38	22	33	26	31	30	24	22	20	31	22	29	40	25	31	32	39	40	38	32	32	36	36	36	34	24	33	28	36	40	34	27	36	22	35	21	21	21	30	39	27	21	21	34	39	31	23	21	24	37	33	39	26	24	35	22	31	37	28	21	33	25	27	29	25	28	31	27	31	34	23	27	30	24	38	36	36	25	36	31	40	31	39	35	36	21	33	30	38	32	37	39	25	34	22	33	25	21	26	31	27	36	35	33	36	35	29	33	24	33	29	30	34	23	38	22	34	21	40	32	29	34	27	29	32	29	32	21	37	40	29	38	40	36	27	28	31	23	30	24	25	33	28	39	27	30	33	38	34	35	40	39	22	24	31	33	35	23	25	37	20	34	32	24	39	35	23	38	30	30	33	20	31	27	21	34	24	32	22	40	30	20	22	28	26	30	23	35	25	22	33	34	35	22	36	32	29	21	21	33	23	30	27	40	22	32	21	28	33	25	37	40	34	29	38	21	25	20	23	40	26	31	38	27	20	32	33	36	39	32	25	33	22	26	23	22	32	29	37	34	27	30	23	24	27	35	30	34	23	37	40	40	35	33	22	20	26	24	32	29	40	27	36	29	38	38	23	32	28	33	23	28	39	29	28	22	29	20	29	39	30	27	28	31	26	36	25	38	30	37	30	37	35	36	24	34	23	30	32	35	37	25	20	23	38	25	34	36	33	25	24	21	21	28	28	36	40	35	21	33	39	28	23	31	34	26	29	32	26	36	26	34	23	35	37	32	34	32	24	28	27	35	20	25	22	20	20	38	29	25	29	29	33	
10	17	47	13	12	36	19	38	40	33	25	21	29	15	50	42	49	14	50	35	36	23	34	33	32	33	12	47	20	24	22	16	12	21	13	33	33	10	13	50	35	31	39	15	40	46	27	38	31	10	41	38	39	32	29	47	42	42	44	18	46	48	39	26	47	38	47	22	33	18	11	32	27	39	32	44	29	27	11	21	50	20	46	35	43	27	33	30	22	29	11	30	29	22	18	31	32	46	11	19	47	20	40	50	26	18	49	24	37	15	30	48	25	46	11	34	40	34	49	27	47	20	21	37	22	37	12	49	11	13	45	11	11	20	44	32	42	34	23	24	35	12	17	16	39	49	11	20	18	46	20	28	43	50	36	48	24	29	29	16	42	39	11	16	49	42	18	47	26	16	23	22	32	20	50	24	20	23	21	45	17	34	47	30	21	37	23	40	47	16	22	32	46	37	36	11	47	15	36	20	37	39	41	34	38	32	39	16	28	41	28	35	30	12	50	41	33	25	26	40	17	25	26	33	32	40	12	46	17	45	25	11	46	13	22	30	45	41	35	35	14	24	34	25	44	42	37	38	37	49	20	48	19	15	17	37	41	40	16	26	41	13	21	39	44	15	34	26	31	17	48	24	29	47	46	26	10	26	11	39	35	18	42	18	29	22	30	12	44	41	24	40	46	43	16	38	18	46	10	10	47	17	47	44	43	21	28	14	30	49	29	20	15	49	26	32	41	37	41	35	49	34	30	34	44	46	28	36	42	26	37	39	44	20	24	20	23	39	28	47	12	20	46	10	40	31	48	44	22	23	44	16	18	23	10	17	35	14	10	33	35	21	16	41	50	10	39	22	12	44	16	13	17	15	37	40	16	28	11	12	34	21	34	39	10	50	49	48	29	33	30	48	24	42	47	35	16	21	11	17	20	29	34	20	14	36	46	32	18	44	23	38	26	26	17	23	16	48	42	23	35	13	30	33	44	41	34	37	25	23	50	31	48	47	11	45	36	45	48	27	13	38	37	25	50	20	38	27	16	39	13	49	15	29	37	30	22	43	19	26	23	32	48	43	33	48	45	14	30	33	30	10	21	36	29	32	44	25	41	37	50	47	39	45	19	50	46	17	50	17	21	18	43	27	33	10	17	26	41	38	18	26	26	33	35	50	34	27	48	23	11	21	39	32	23	38	15	21	31	19	15	40	23	33	13	32	48	11	42	24	23	43	29	44	12	40	22	21	28	37	24	50	47	38	42	30	23	46	47	25	28	14	32	22	20	37	25	10	18	12	45	26	28	46	14	22	23	40	34	34	13	21	21	24	29	24	18	41	42	46	42	14	22	44	46	15	30	26	39	35	30	24	18	43	31	35	34	10	43	10	41	10	49	15	42	22	15	38	20	19	15	16	10	30	31	20	42	35	45	42	33	18	17	40	30	18	25	18	38	43	18	17	42	22	38	28	31	44	31	16	15	47	10	45	33	27	24	34	47	11	11	28	40	11	16	30	23	44	38	44	14	41	23	31	48	24	15	37	14	12	30	17	38	26	19	29	41	47	42	32	21	18	34	36	38	39	42	43	26	32	22	28	27	30	34	19	29	16	47	19	49	31	38	50	33	10	28	45	43	33	15	12	47	48	27	41	28	13	50	23	29	49	34	19	23	10	44	17	25	33	37	33	25	23	40	19	35	32	13	43	39	36	34	43	21	32	49	31	11	26	32	31	43	22	20	25	45	25	40	25	47	28	43	15	23	20	21	24	12	43	18	19	50	10	50	20	16	26	42	22	47	30	48	42	46	27	14	34	10	27	47	37	24	10	27	15	46	35	48	42	14	38	19	12	26	29	49	35	12	50	11	15	23	18	40	26	30	25	41	22	11	10	50	14	37	46	15	28	29	41	33	41	44	26	11	18	18	13	17	40	50	38	44	38	13	24	36	40	14	41	47	38	49	15	34	14	15	16	15	44	24	19	34	39	37	34	50	46	44	36	28	27	49	42	22	34	27	50	37	22	31	36	16	29	20	45	33	23	10	34	38	19	24	24	13	14	28	22	49	41	16	11	27	42	37	23	45	46	43	16	12	38	18	12	23	12	17	43	34	18	21	21	21	11	37	28	19	32	35	23	34	35	34	21	31	42	38	38	14	26	21	29	44	17	26	44	46	27	21	12	12	49	18	12	30	29	43	31	14	21	17	41	31	33	48	27	35	46	29	24	16	17	43	18	20	17	47	44	37	30	29	34	11	10	12	48	50	50	32	10	15	40	27	26	34	42	47	12	31	41	22	40	16	44	39	49	23	23	27	12	21	38	24	21	47	12	11	33	25	10	34	24	48	25	23	14	19	31	22	30	37	25	17	23	50	35	18	42	40	37	32	33	26	50	26	48	25	22	49	17	31	50	30	50	25	26	26	15	13	18	24	23	38	35	24	30	22	18	22	40	13	43	47	50	36	13	43	45	20	17	23	35	12	33	41	24	22	38	36	12	17	39	21	34	29	40	44	31	47	50	29	36	11	11	24	24	35	26	36	26	17	15	14	40	35	41	34	46	47	20	12	50	40	45	16	23	34	15	14	19	21	19	40	14	49	16	23	39	19	34	47	44	42	24	33	32	44	19	44	43	12	40	48	39	44	29	27	17	39	20	17	28	18	23	15	35	50	19	45	47	12	36	13	10	29	41	18	46	24	26	15	10	34	34	29	21	46	42	45	26	30	23	12	19	24	41	14	42	39	36	18	41	42	11	18	50	24	33	32	35	50	39	23	20	48	11	49	32	31	29	50	43	31	20	11	34	25	16	29	28	32	14	25	23	11	35	29	32	11	50	22	40	27	26	44	45	48	30	25	31	43	31	33	19	37	50	23	18	45	40	38	45	25	11	35	37	35	16	16	32	48	37	22	24	12	14	30	17	19	36	10	45	50	43	22	31	33	50	17	13	39	41	42	36	42	35	49	24	42	42	12	43	46	43	49	10	40	20	42	31	28	38	13	43	44	25	49	39	46	48	35	12	22	12	10	35	29	24	13	28	43	30	45	36	24	15	23	10	23	46	38	37	28	22	34	17	11	11	44	45	50	19	46	26	30	46	25	12	19	35	33	10	45	38	17	43	25	43	28	50	10	45	30	30	27	29	35	44	27	43	16	41	49	14	18	39	49	27	24	42	31	47	46	36	44	45	36	17	34	22	40	48	13	35	26	19	37	13	42	43	27	25	15	13	19	11	36	44	21	25	40	36	16	35	13	35	24	36	22	33	18	20	21	48	40	16	29	31	25	15	40	38	14	48	44	21	37	26	18	
5
60
