1449
70
0	0	0	0	192	0	0	0	500	0	0	0	0	0	0	0	0	0	0	0	96	0	0	0	0	0	0	96	500	0	0	0	0	0	0	0	0	0	0	0	0	0	0	0	0	0	0	0	0	0	0	0	0	0	0	0	0	0	0	0	0	0	0	0	0	0	0	0	0	0	
0	0	0	0	0	0	0	0	0	0	0	0	0	0	0	0	0	96	0	0	0	0	0	0	0	0	0	0	0	0	0	0	0	0	0	0	0	0	0	0	0	0	0	0	0	0	0	192	0	0	0	0	0	0	0	0	0	0	48	0	0	0	0	0	0	0	0	0	0	0	
0	0	0	0	0	0	0	0	0	0	0	0	0	0	0	0	0	0	0	0	0	192	0	0	0	0	0	0	0	0	0	0	0	0	0	0	0	0	0	0	0	0	0	0	0	0	0	0	0	0	0	0	0	0	0	96	0	0	0	0	0	0	0	0	0	0	0	0	0	0	
0	0	0	0	0	0	0	0	0	0	192	0	0	0	192	0	0	0	0	0	0	0	500	0	0	192	0	0	0	0	0	0	0	0	0	0	0	0	0	0	0	0	0	0	0	0	0	0	0	0	0	0	0	0	0	0	0	0	0	0	0	0	0	0	0	0	0	0	0	0	
192	0	0	0	0	0	0	0	0	0	0	0	0	0	0	0	0	0	0	0	0	0	0	96	0	0	0	0	0	0	0	0	0	0	0	0	0	0	0	0	0	0	0	0	0	0	96	0	0	0	0	0	0	0	0	0	0	0	0	0	0	0	0	0	192	0	0	0	0	0	
0	0	0	0	0	0	0	0	0	0	0	0	0	0	0	0	0	0	0	0	0	0	96	0	0	0	0	0	0	0	0	0	0	0	0	0	0	0	0	0	0	0	192	0	0	0	0	0	0	0	0	0	0	0	0	0	0	0	0	96	0	0	0	0	0	0	0	0	0	0	
0	0	0	0	0	0	0	0	0	0	0	0	48	0	0	0	0	0	0	0	0	0	0	0	0	0	0	0	0	0	0	0	0	0	0	0	0	0	0	0	500	0	0	0	0	0	0	0	0	0	0	0	0	0	0	0	0	0	0	0	0	0	0	0	0	0	0	0	0	0	
0	0	0	0	0	0	0	0	0	0	0	48	0	0	0	0	0	0	0	0	0	0	0	0	0	0	0	0	0	0	0	0	0	0	500	0	0	0	0	0	0	0	0	0	0	0	0	0	0	0	0	0	0	0	0	0	0	0	0	0	0	0	0	0	0	0	0	0	0	0	
500	0	0	0	0	0	0	0	0	192	0	0	0	96	0	0	0	0	0	0	0	0	0	0	0	0	0	0	0	0	0	0	0	0	0	0	0	0	0	0	0	0	0	0	0	0	0	0	0	0	0	0	0	0	0	0	0	0	0	0	0	0	0	0	0	0	0	0	0	500	
0	0	0	0	0	0	0	0	192	0	0	0	0	192	0	0	0	0	0	0	0	0	0	0	0	0	0	0	0	0	0	0	0	0	0	0	0	0	0	0	0	0	0	0	0	0	0	0	0	0	0	0	0	0	0	0	0	0	0	0	0	0	0	0	0	96	0	0	0	192	
0	0	0	192	0	0	0	0	0	0	0	0	0	0	96	0	0	0	0	0	0	0	0	0	0	500	0	0	0	0	0	0	0	0	0	0	0	0	0	0	0	0	0	0	0	0	0	0	0	0	0	0	0	0	0	0	0	0	0	0	0	0	0	0	0	0	0	0	0	0	
0	0	0	0	0	0	0	48	0	0	0	0	0	0	0	0	0	0	0	0	0	0	0	0	0	500	0	0	0	0	0	0	0	0	0	0	0	0	0	0	0	0	0	0	0	0	0	0	0	0	0	0	0	0	0	0	0	0	0	0	0	0	0	0	0	0	0	0	0	0	
0	0	0	0	0	0	48	0	0	0	0	0	0	0	0	0	0	0	0	0	0	0	0	0	0	0	0	0	0	0	0	0	0	0	0	0	0	0	0	0	0	0	0	0	0	0	0	0	0	0	0	0	0	0	0	0	0	0	0	0	0	0	0	0	0	0	48	0	0	0	
0	0	0	0	0	0	0	0	96	192	0	0	0	0	0	0	0	0	0	0	0	0	0	0	0	0	0	0	0	0	0	0	0	0	0	0	0	0	0	0	0	0	0	0	0	0	0	0	0	0	0	0	0	0	0	0	0	0	0	0	0	0	0	0	0	48	0	0	0	500	
0	0	0	192	0	0	0	0	0	0	96	0	0	0	0	0	0	0	0	0	0	0	0	0	0	0	0	0	0	0	0	0	0	0	0	0	0	0	0	0	192	0	48	0	0	0	0	0	0	0	0	0	0	0	0	0	0	0	0	0	0	0	0	0	0	0	0	0	0	0	
0	0	0	0	0	0	0	0	0	0	0	0	0	0	0	0	0	0	0	0	0	0	0	0	0	0	0	0	0	0	0	0	0	0	0	0	0	96	0	0	0	0	0	0	0	0	0	0	0	0	0	0	0	96	0	0	0	0	0	0	0	0	0	0	0	0	0	0	0	0	
0	0	0	0	0	0	0	0	0	0	0	0	0	0	0	0	0	0	0	96	0	0	0	0	0	0	0	0	0	0	0	0	0	0	0	0	192	0	0	0	0	0	0	0	0	0	0	0	0	0	0	0	0	0	0	0	0	0	0	0	0	0	0	0	0	0	0	0	0	0	
0	96	0	0	0	0	0	0	0	0	0	0	0	0	0	0	0	0	0	0	0	0	0	0	0	0	0	0	0	0	0	0	0	0	0	0	0	0	0	0	0	0	0	0	0	0	0	0	0	0	0	0	0	0	0	0	0	0	192	0	0	0	0	0	0	0	0	0	0	0	
0	0	0	0	0	0	0	0	0	0	0	0	0	0	0	0	0	0	0	0	0	0	0	0	0	0	0	0	0	0	0	0	0	0	0	0	0	0	0	0	0	0	0	0	0	0	0	0	0	0	0	0	0	0	0	0	500	192	0	0	0	0	0	0	0	0	0	0	0	0	
0	0	0	0	0	0	0	0	0	0	0	0	0	0	0	0	96	0	0	0	0	0	0	0	0	0	0	0	0	0	0	0	0	0	0	0	0	0	0	0	0	0	0	0	0	0	0	0	0	0	96	0	0	0	0	0	0	0	0	0	0	0	0	48	0	0	0	0	0	0	
96	0	0	0	0	0	0	0	0	0	0	0	0	0	0	0	0	0	0	0	0	0	0	0	0	0	0	0	0	0	0	192	0	0	0	0	0	0	0	0	0	0	0	0	0	0	0	0	0	0	0	0	0	0	48	0	0	0	0	0	0	0	0	0	0	0	0	0	0	0	
0	0	192	0	0	0	0	0	0	0	0	0	0	0	0	0	0	0	0	0	0	0	0	0	0	0	0	0	0	0	0	0	0	0	0	0	0	0	0	0	0	0	0	0	0	0	0	0	0	0	0	0	0	0	0	500	48	48	0	0	0	0	0	0	0	0	0	0	0	0	
0	0	0	500	0	96	0	0	0	0	0	0	0	0	0	0	0	0	0	0	0	0	0	0	0	0	0	0	0	0	0	0	0	0	0	0	0	0	0	0	0	0	0	0	0	0	0	0	0	0	0	0	0	0	0	0	0	0	0	0	0	0	0	0	0	0	0	0	0	0	
0	0	0	0	96	0	0	0	0	0	0	0	0	0	0	0	0	0	0	0	0	0	0	0	0	0	0	0	0	0	0	0	0	0	0	0	0	0	0	0	0	0	0	0	0	0	96	0	0	0	0	0	0	0	0	0	0	0	0	0	0	0	0	0	192	0	0	0	0	0	
0	0	0	0	0	0	0	0	0	0	0	0	0	0	0	0	0	0	0	0	0	0	0	0	0	0	0	0	0	0	500	0	96	0	0	0	0	0	0	0	0	0	0	0	0	0	0	0	0	0	0	0	0	0	0	0	0	0	0	0	0	0	0	0	0	0	0	0	0	0	
0	0	0	192	0	0	0	0	0	0	500	500	0	0	0	0	0	0	0	0	0	0	0	0	0	0	0	0	0	0	0	0	0	0	0	0	0	0	0	0	0	0	0	0	0	0	0	0	0	0	0	0	0	0	0	0	0	0	0	0	0	0	0	0	0	0	0	0	0	0	
0	0	0	0	0	0	0	0	0	0	0	0	0	0	0	0	0	0	0	0	0	0	0	0	0	0	0	0	0	500	0	0	0	0	0	0	0	0	0	0	0	0	0	0	0	0	0	0	0	0	0	0	0	0	0	0	0	0	0	0	0	192	0	0	0	0	0	0	0	0	
96	0	0	0	0	0	0	0	0	0	0	0	0	0	0	0	0	0	0	0	0	0	0	0	0	0	0	0	48	0	0	0	0	0	0	0	0	0	0	0	0	0	0	0	0	0	0	0	0	0	0	0	0	0	0	0	0	0	0	0	0	0	0	0	0	0	0	0	0	0	
500	0	0	0	0	0	0	0	0	0	0	0	0	0	0	0	0	0	0	0	0	0	0	0	0	0	0	48	0	0	0	0	0	0	0	0	0	0	0	0	0	0	0	0	0	0	0	0	0	0	0	500	0	0	0	0	0	0	0	0	0	0	0	0	0	0	0	0	0	0	
0	0	0	0	0	0	0	0	0	0	0	0	0	0	0	0	0	0	0	0	0	0	0	0	0	0	500	0	0	0	0	0	0	0	0	0	0	0	0	0	0	0	0	0	0	0	0	0	0	0	0	0	0	0	0	0	0	0	0	0	0	0	0	0	0	0	0	0	96	0	
0	0	0	0	0	0	0	0	0	0	0	0	0	0	0	0	0	0	0	0	0	0	0	0	500	0	0	0	0	0	0	0	0	0	0	0	0	0	0	0	0	0	0	0	0	0	0	0	0	0	0	0	0	0	0	0	0	0	0	0	500	0	0	0	0	0	0	0	0	0	
0	0	0	0	0	0	0	0	0	0	0	0	0	0	0	0	0	0	0	0	192	0	0	0	0	0	0	0	0	0	0	0	0	0	0	0	0	0	0	0	0	0	0	0	0	0	0	0	0	0	0	0	0	0	48	0	0	0	0	0	0	0	0	0	0	0	0	0	0	0	
0	0	0	0	0	0	0	0	0	0	0	0	0	0	0	0	0	0	0	0	0	0	0	0	96	0	0	0	0	0	0	0	0	0	0	0	0	0	0	0	0	0	0	0	0	0	0	0	0	0	0	0	0	0	0	0	0	0	500	0	192	0	0	0	0	0	0	0	0	0	
0	0	0	0	0	0	0	0	0	0	0	0	0	0	0	0	0	0	0	0	0	0	0	0	0	0	0	0	0	0	0	0	0	0	0	0	0	0	0	0	0	48	0	0	0	0	0	0	0	0	0	500	0	0	0	0	0	0	0	0	0	48	0	0	0	0	0	0	0	0	
0	0	0	0	0	0	0	500	0	0	0	0	0	0	0	0	0	0	0	0	0	0	0	0	0	0	0	0	0	0	0	0	0	0	0	0	0	0	0	0	0	0	0	0	0	48	0	0	0	0	0	0	0	0	0	0	0	0	0	0	0	0	0	0	0	0	0	0	0	0	
0	0	0	0	0	0	0	0	0	0	0	0	0	0	0	0	0	0	0	0	0	0	0	0	0	0	0	0	0	0	0	0	0	0	0	0	0	0	0	0	48	0	0	0	0	0	0	0	0	0	0	0	0	0	0	0	0	0	0	192	0	0	0	0	0	0	96	0	0	0	
0	0	0	0	0	0	0	0	0	0	0	0	0	0	0	0	192	0	0	0	0	0	0	0	0	0	0	0	0	0	0	0	0	0	0	0	0	0	0	0	0	0	0	0	0	0	0	0	0	500	0	0	0	0	0	0	0	0	0	0	0	0	0	0	0	0	0	0	0	0	
0	0	0	0	0	0	0	0	0	0	0	0	0	0	0	96	0	0	0	0	0	0	0	0	0	0	0	0	0	0	0	0	0	0	0	0	0	0	0	0	0	0	0	0	0	48	0	0	0	0	0	0	0	48	0	0	0	0	0	0	0	0	0	0	0	0	0	500	0	0	
0	0	0	0	0	0	0	0	0	0	0	0	0	0	0	0	0	0	0	0	0	0	0	0	0	0	0	0	0	0	0	0	0	0	0	0	0	0	0	0	0	0	0	0	96	0	0	500	0	0	0	0	0	0	0	0	0	0	48	0	0	0	0	0	0	0	0	0	0	0	
0	0	0	0	0	0	0	0	0	0	0	0	0	0	0	0	0	0	0	0	0	0	0	0	0	0	0	0	0	0	0	0	0	0	0	0	0	0	0	0	0	0	0	0	0	0	0	0	0	96	0	0	0	0	0	0	0	0	0	96	0	0	0	0	0	0	0	0	0	0	
0	0	0	0	0	0	500	0	0	0	0	0	0	0	192	0	0	0	0	0	0	0	0	0	0	0	0	0	0	0	0	0	0	0	0	48	0	0	0	0	0	0	0	0	0	0	0	0	0	0	0	0	0	0	0	0	0	0	0	0	0	0	0	0	0	0	0	0	0	0	
0	0	0	0	0	0	0	0	0	0	0	0	0	0	0	0	0	0	0	0	0	0	0	0	0	0	0	0	0	0	0	0	0	48	0	0	0	0	0	0	0	0	0	0	0	500	0	0	0	0	0	0	0	0	0	0	0	0	0	0	0	0	0	0	0	0	0	0	0	0	
0	0	0	0	0	192	0	0	0	0	0	0	0	0	48	0	0	0	0	0	0	0	0	0	0	0	0	0	0	0	0	0	0	0	0	0	0	0	0	0	0	0	0	0	0	0	0	0	0	0	0	0	0	0	0	0	0	0	0	0	0	0	0	0	0	0	0	0	0	0	
0	0	0	0	0	0	0	0	0	0	0	0	0	0	0	0	0	0	0	0	0	0	0	0	0	0	0	0	0	0	0	0	0	0	0	0	0	0	0	0	0	0	0	0	0	0	0	0	0	0	0	0	0	0	0	0	0	0	48	0	0	0	0	0	0	0	0	192	0	0	
0	0	0	0	0	0	0	0	0	0	0	0	0	0	0	0	0	0	0	0	0	0	0	0	0	0	0	0	0	0	0	0	0	0	0	0	0	0	96	0	0	0	0	0	0	0	0	0	500	0	192	0	192	0	0	0	0	0	0	0	0	0	0	0	0	0	0	96	0	0	
0	0	0	0	0	0	0	0	0	0	0	0	0	0	0	0	0	0	0	0	0	0	0	0	0	0	0	0	0	0	0	0	0	0	48	0	0	48	0	0	0	500	0	0	0	0	0	0	0	0	0	0	0	0	0	0	0	0	0	0	0	0	0	0	0	0	0	0	0	0	
0	0	0	0	96	0	0	0	0	0	0	0	0	0	0	0	0	0	0	0	0	0	0	96	0	0	0	0	0	0	0	0	0	0	0	0	0	0	0	0	0	0	0	0	0	0	0	0	0	0	0	0	0	0	0	0	0	0	0	0	0	0	0	0	0	0	0	0	0	0	
0	192	0	0	0	0	0	0	0	0	0	0	0	0	0	0	0	0	0	0	0	0	0	0	0	0	0	0	0	0	0	0	0	0	0	0	0	0	500	0	0	0	0	0	0	0	0	0	0	0	0	0	0	0	0	0	0	0	0	0	0	0	0	0	0	0	0	0	0	0	
0	0	0	0	0	0	0	0	0	0	0	0	0	0	0	0	0	0	0	0	0	0	0	0	0	0	0	0	0	0	0	0	0	0	0	0	0	0	0	0	0	0	0	0	500	0	0	0	0	0	0	0	500	0	0	0	48	0	0	0	0	0	96	0	0	0	0	0	48	0	
0	0	0	0	0	0	0	0	0	0	0	0	0	0	0	0	0	0	0	0	0	0	0	0	0	0	0	0	0	0	0	0	0	0	0	0	500	0	0	96	0	0	0	0	0	0	0	0	0	0	0	0	0	0	0	0	0	0	0	0	0	0	0	96	0	0	0	0	0	0	
0	0	0	0	0	0	0	0	0	0	0	0	0	0	0	0	0	0	0	96	0	0	0	0	0	0	0	0	0	0	0	0	0	0	0	0	0	0	0	0	0	0	0	0	192	0	0	0	0	0	0	0	0	0	0	0	0	0	0	0	0	0	0	0	0	0	0	0	0	0	
0	0	0	0	0	0	0	0	0	0	0	0	0	0	0	0	0	0	0	0	0	0	0	0	0	0	0	0	500	0	0	0	0	500	0	0	0	0	0	0	0	0	0	0	0	0	0	0	0	0	0	0	0	0	0	0	0	0	0	0	0	0	0	0	0	0	0	0	0	0	
0	0	0	0	0	0	0	0	0	0	0	0	0	0	0	0	0	0	0	0	0	0	0	0	0	0	0	0	0	0	0	0	0	0	0	0	0	0	0	0	0	0	0	0	192	0	0	0	500	0	0	0	0	0	0	0	500	0	0	0	0	0	96	0	0	0	0	0	0	0	
0	0	0	0	0	0	0	0	0	0	0	0	0	0	0	96	0	0	0	0	0	0	0	0	0	0	0	0	0	0	0	0	0	0	0	0	0	48	0	0	0	0	0	0	0	0	0	0	0	0	0	0	0	0	0	0	0	0	0	0	0	0	0	0	0	0	0	0	0	0	
0	0	0	0	0	0	0	0	0	0	0	0	0	0	0	0	0	0	0	0	48	0	0	0	0	0	0	0	0	0	0	48	0	0	0	0	0	0	0	0	0	0	0	0	0	0	0	0	0	0	0	0	0	0	0	0	0	0	0	0	0	0	0	0	0	0	0	0	0	0	
0	0	96	0	0	0	0	0	0	0	0	0	0	0	0	0	0	0	0	0	0	500	0	0	0	0	0	0	0	0	0	0	0	0	0	0	0	0	0	0	0	0	0	0	0	0	0	0	0	0	0	0	0	0	0	0	0	500	0	0	0	0	0	0	0	0	0	0	0	0	
0	0	0	0	0	0	0	0	0	0	0	0	0	0	0	0	0	0	500	0	0	48	0	0	0	0	0	0	0	0	0	0	0	0	0	0	0	0	0	0	0	0	0	0	0	0	0	0	48	0	0	0	500	0	0	0	0	0	0	0	0	0	0	0	0	0	0	0	0	0	
0	0	0	0	0	0	0	0	0	0	0	0	0	0	0	0	0	0	192	0	0	48	0	0	0	0	0	0	0	0	0	0	0	0	0	0	0	0	0	0	0	0	0	0	0	0	0	0	0	0	0	0	0	0	0	500	0	0	0	0	0	0	0	0	0	0	0	0	0	0	
0	48	0	0	0	0	0	0	0	0	0	0	0	0	0	0	0	192	0	0	0	0	0	0	0	0	0	0	0	0	0	0	500	0	0	0	0	0	48	0	0	0	0	48	0	0	0	0	0	0	0	0	0	0	0	0	0	0	0	0	0	0	0	0	0	0	0	0	0	0	
0	0	0	0	0	96	0	0	0	0	0	0	0	0	0	0	0	0	0	0	0	0	0	0	0	0	0	0	0	0	0	0	0	0	0	192	0	0	0	96	0	0	0	0	0	0	0	0	0	0	0	0	0	0	0	0	0	0	0	0	0	0	0	0	0	0	0	0	0	0	
0	0	0	0	0	0	0	0	0	0	0	0	0	0	0	0	0	0	0	0	0	0	0	0	0	0	0	0	0	0	500	0	192	0	0	0	0	0	0	0	0	0	0	0	0	0	0	0	0	0	0	0	0	0	0	0	0	0	0	0	0	0	0	0	0	0	0	0	0	0	
0	0	0	0	0	0	0	0	0	0	0	0	0	0	0	0	0	0	0	0	0	0	0	0	0	0	192	0	0	0	0	0	0	48	0	0	0	0	0	0	0	0	0	0	0	0	0	0	0	0	0	0	0	0	0	0	0	0	0	0	0	0	0	0	0	0	0	0	0	0	
0	0	0	0	0	0	0	0	0	0	0	0	0	0	0	0	0	0	0	0	0	0	0	0	0	0	0	0	0	0	0	0	0	0	0	0	0	0	0	0	0	0	0	0	0	0	0	0	96	0	0	0	96	0	0	0	0	0	0	0	0	0	0	0	0	0	0	0	0	0	
0	0	0	0	0	0	0	0	0	0	0	0	0	0	0	0	0	0	0	48	0	0	0	0	0	0	0	0	0	0	0	0	0	0	0	0	0	0	0	0	0	0	0	0	0	0	0	0	0	96	0	0	0	0	0	0	0	0	0	0	0	0	0	0	0	0	0	0	0	0	
0	0	0	0	192	0	0	0	0	0	0	0	0	0	0	0	0	0	0	0	0	0	0	192	0	0	0	0	0	0	0	0	0	0	0	0	0	0	0	0	0	0	0	0	0	0	0	0	0	0	0	0	0	0	0	0	0	0	0	0	0	0	0	0	0	0	0	0	0	0	
0	0	0	0	0	0	0	0	0	96	0	0	0	48	0	0	0	0	0	0	0	0	0	0	0	0	0	0	0	0	0	0	0	0	0	0	0	0	0	0	0	0	0	0	0	0	0	0	0	0	0	0	0	0	0	0	0	0	0	0	0	0	0	0	0	0	0	0	0	0	
0	0	0	0	0	0	0	0	0	0	0	0	48	0	0	0	0	0	0	0	0	0	0	0	0	0	0	0	0	0	0	0	0	0	0	96	0	0	0	0	0	0	0	0	0	0	0	0	0	0	0	0	0	0	0	0	0	0	0	0	0	0	0	0	0	0	0	0	0	0	
0	0	0	0	0	0	0	0	0	0	0	0	0	0	0	0	0	0	0	0	0	0	0	0	0	0	0	0	0	0	0	0	0	0	0	0	0	500	0	0	0	0	0	192	96	0	0	0	0	0	0	0	0	0	0	0	0	0	0	0	0	0	0	0	0	0	0	0	0	0	
0	0	0	0	0	0	0	0	0	0	0	0	0	0	0	0	0	0	0	0	0	0	0	0	0	0	0	0	0	96	0	0	0	0	0	0	0	0	0	0	0	0	0	0	0	0	0	0	48	0	0	0	0	0	0	0	0	0	0	0	0	0	0	0	0	0	0	0	0	0	
0	0	0	0	0	0	0	0	500	192	0	0	0	500	0	0	0	0	0	0	0	0	0	0	0	0	0	0	0	0	0	0	0	0	0	0	0	0	0	0	0	0	0	0	0	0	0	0	0	0	0	0	0	0	0	0	0	0	0	0	0	0	0	0	0	0	0	0	0	0	
16	48	65	66	35	45	14	62	18	2	54	31	58	36	45	25	38	4	24	64	65	59	54	62	46	64	9	45	11	66	51	29	30	36	47	58	66	35	48	57	49	65	40	64	32	15	59	3	34	46	53	36	36	67	37	12	65	68	5	26	58	51	17	48	30	31	45	18	10	47	51	49	21	59	43	5	32	58	37	69	7	55	18	1	63	54	47	65	32	25	10	18	46	65	14	34	14	31	49	12	3	57	69	32	8	20	46	68	36	25	34	59	24	21	61	31	55	10	5	67	3	48	16	24	25	20	10	51	31	9	53	24	26	69	32	62	60	24	43	28	34	21	43	46	1	67	17	43	0	57	37	65	30	5	69	20	69	54	13	15	60	43	31	42	65	58	56	48	25	45	17	3	12	59	38	9	59	49	18	21	25	37	55	55	29	8	22	63	18	63	68	60	37	28	47	59	39	15	63	52	22	11	22	65	30	37	12	2	46	20	40	14	50	10	45	22	59	49	5	8	62	54	29	16	64	24	13	52	6	60	37	61	49	36	41	44	66	14	19	13	20	33	21	24	62	44	5	22	47	38	3	41	57	7	19	25	15	29	63	9	25	53	41	69	23	48	6	3	48	49	60	34	31	6	69	21	49	43	53	40	33	45	62	17	53	45	30	3	63	24	39	0	12	36	65	46	56	29	32	8	24	2	31	45	13	0	36	7	60	59	31	64	14	50	50	55	38	18	38	68	1	1	66	67	18	8	8	65	12	31	40	28	54	48	3	38	8	5	54	30	23	28	11	17	41	37	6	7	8	48	34	66	21	3	67	63	31	14	10	40	11	52	16	3	54	44	31	63	13	66	37	14	57	63	38	24	38	64	68	8	5	63	12	69	40	28	32	35	40	50	55	20	33	4	13	35	14	52	19	50	6	31	39	7	10	16	33	65	57	53	3	29	33	38	25	47	37	66	1	57	39	38	65	61	12	9	22	64	60	53	46	41	46	39	52	3	9	8	52	55	14	54	13	0	64	39	49	64	10	20	50	43	1	20	24	26	59	57	37	60	42	36	11	28	51	3	60	51	44	29	7	66	46	59	12	32	16	49	22	44	15	30	17	35	62	65	48	23	24	60	25	8	8	47	52	7	9	35	47	3	24	69	40	67	56	56	0	66	25	58	52	27	34	7	24	34	1	8	5	47	42	24	63	52	18	21	6	16	48	2	5	64	15	48	47	62	38	21	16	62	1	48	68	15	54	11	64	17	6	63	3	14	15	55	59	29	66	9	6	67	16	26	58	64	66	10	30	28	43	29	58	31	10	1	48	64	62	23	52	50	4	58	34	58	17	3	4	65	56	57	34	50	25	12	58	67	35	23	42	20	68	45	33	14	24	56	61	12	48	43	56	47	45	67	20	18	28	6	14	6	60	30	13	39	18	26	50	67	41	69	4	26	21	7	11	65	39	61	13	55	61	36	46	66	48	66	15	18	28	38	18	56	52	33	6	18	27	59	28	50	2	68	34	39	32	27	38	47	43	61	28	47	34	8	12	22	61	43	3	53	13	27	2	52	26	4	49	44	57	24	53	56	37	10	52	37	25	27	37	9	16	46	35	52	11	11	18	32	19	59	46	31	40	17	11	60	34	55	11	34	10	41	39	25	12	8	44	13	43	65	60	5	24	6	12	40	48	26	46	30	34	27	58	25	13	14	44	57	0	46	1	34	22	31	40	67	38	62	0	25	13	55	30	22	47	63	20	5	65	45	20	62	33	5	32	3	5	54	17	45	46	20	17	48	11	62	48	36	33	13	46	58	53	63	1	55	11	6	43	11	57	57	54	54	64	47	12	30	66	65	53	64	18	44	44	52	27	39	47	59	62	61	33	28	20	65	27	10	28	17	3	27	65	44	9	53	46	9	61	22	44	37	65	38	46	32	66	42	67	12	21	50	37	48	6	60	43	49	31	22	24	25	15	57	17	66	2	52	37	6	31	35	59	14	55	31	46	35	6	64	39	58	24	66	7	34	37	2	22	7	65	0	57	12	11	16	40	42	23	31	26	29	46	64	45	3	60	12	0	50	56	36	2	4	56	23	46	17	30	57	33	59	44	6	37	30	36	30	43	18	58	52	69	4	20	15	36	38	9	55	42	53	61	28	14	64	23	55	55	33	49	62	46	57	30	28	30	7	20	7	24	61	27	41	15	47	7	23	36	48	28	5	14	41	6	12	55	3	57	8	32	10	6	13	58	59	7	58	16	57	1	11	23	21	48	36	54	14	7	66	24	23	30	50	50	65	29	50	51	21	2	0	34	8	35	27	58	57	30	67	53	31	57	28	46	11	49	33	43	20	58	69	60	7	6	44	54	47	37	52	60	39	60	17	33	1	48	28	24	24	27	50	67	65	15	44	2	31	16	25	30	56	28	16	61	6	12	35	28	38	23	26	62	37	67	61	32	64	31	1	23	19	37	69	30	64	17	45	18	62	1	59	4	48	25	34	15	56	31	24	16	27	39	6	54	6	23	32	13	33	45	4	28	42	60	41	8	18	38	17	6	16	59	61	15	42	41	39	42	23	55	53	12	68	0	62	6	7	43	3	33	29	65	22	41	65	10	15	51	57	8	24	31	31	35	7	68	26	6	17	68	21	67	53	6	18	39	34	63	20	51	12	2	50	31	48	44	18	11	45	15	31	43	44	2	18	67	33	63	61	28	25	11	40	53	2	38	60	68	46	57	28	30	62	55	16	49	62	15	13	56	64	20	63	2	9	57	39	1	54	67	68	37	55	53	0	12	26	52	54	10	31	54	29	42	69	42	41	43	49	21	50	57	43	62	63	65	21	26	67	21	47	60	27	18	16	49	23	51	49	10	43	60	30	34	6	1	3	12	45	65	3	51	39	69	44	43	22	21	20	47	30	51	16	39	62	23	42	67	29	32	49	50	24	52	35	63	9	31	14	23	26	47	41	13	42	14	62	37	8	56	46	45	57	11	7	44	21	37	50	8	0	8	19	18	59	65	34	51	37	54	2	62	20	26	19	36	39	8	68	16	65	38	31	61	62	26	8	10	44	52	16	8	4	32	17	44	51	67	11	57	65	54	31	49	41	9	0	39	22	60	0	38	43	67	23	15	26	11	4	49	33	60	5	47	23	20	20	36	59	59	32	67	19	23	17	33	54	36	23	8	49	66	31	37	65	10	8	42	17	18	58	18	49	37	11	51	31	41	30	54	13	23	65	0	14	7	16	18	51	27	14	3	34	19	24	47	57	55	42	51	9	49	18	43	13	45	4	62	
3	64	36	43	24	63	64	39	59	1	7	23	27	32	26	24	2	23	37	67	15	62	5	59	39	3	47	61	13	55	59	55	6	4	39	66	10	29	37	39	68	49	28	3	57	34	16	64	9	26	51	13	37	34	58	51	65	36	46	35	66	38	0	64	52	56	1	34	35	11	46	40	25	65	17	13	41	59	53	0	66	50	31	26	47	23	41	31	59	25	23	38	12	19	7	24	38	47	15	51	11	57	6	23	26	16	0	35	13	59	45	13	21	1	26	7	26	52	49	40	59	68	24	34	51	38	60	47	6	22	61	20	45	64	11	20	63	10	32	31	11	18	24	66	44	66	68	54	10	25	61	50	30	2	13	65	63	0	49	19	63	21	38	43	23	0	39	4	14	15	67	45	7	36	39	63	38	63	57	14	34	59	45	33	16	6	36	17	22	66	32	68	35	11	55	23	68	51	59	10	10	7	5	39	47	19	58	44	38	31	42	53	4	44	42	23	53	46	57	18	42	20	23	3	36	29	6	2	6	36	43	8	2	16	42	65	17	67	44	37	12	24	45	2	25	19	23	62	45	22	36	24	11	22	10	20	32	45	8	23	14	65	22	41	32	18	62	7	41	24	37	29	3	64	53	37	1	28	18	43	28	48	30	7	51	58	32	6	67	34	30	40	64	43	44	12	5	59	35	56	5	52	15	45	54	57	20	5	29	40	6	18	37	15	2	9	58	16	42	11	37	25	36	42	61	16	1	15	28	21	9	45	33	65	10	67	63	41	2	63	23	23	19	20	48	40	60	2	6	68	28	69	48	66	65	55	25	5	10	31	3	27	16	68	3	23	62	49	56	63	23	53	18	24	28	13	34	11	28	11	63	64	20	12	5	54	16	51	16	66	35	33	38	39	26	37	47	42	1	43	25	11	62	16	49	63	9	39	23	54	22	26	63	28	52	14	20	26	9	3	1	18	45	53	35	32	17	54	51	20	7	11	59	2	9	56	22	55	65	8	59	65	14	10	42	4	38	47	52	30	5	13	6	47	18	56	23	44	13	15	61	57	50	67	69	4	53	4	42	39	27	15	46	67	34	59	52	32	12	13	13	24	36	62	14	43	48	23	55	35	0	46	41	67	30	42	23	55	24	36	13	51	3	34	28	53	53	21	51	8	4	24	1	56	17	36	53	59	51	64	17	67	2	35	29	10	49	39	26	53	24	53	32	60	26	44	25	43	50	62	13	50	64	36	68	15	44	55	36	57	50	58	32	14	4	22	5	64	15	32	51	44	24	34	13	34	13	63	18	15	63	22	44	46	13	38	32	24	32	22	59	4	25	2	59	0	32	43	69	65	38	61	66	59	0	69	53	20	64	17	53	5	48	67	40	44	46	54	69	37	4	31	27	8	23	52	0	63	63	68	53	51	10	22	43	2	47	5	64	46	2	64	17	52	59	37	53	10	41	57	22	37	10	55	46	52	60	49	32	23	59	9	65	60	41	26	12	52	11	16	3	19	16	43	32	63	60	36	41	54	52	11	65	61	11	4	29	20	60	36	68	3	68	30	7	52	39	36	24	37	64	65	64	47	4	60	56	4	19	36	48	2	43	44	25	1	46	53	64	27	38	45	56	35	52	42	57	19	36	34	44	65	36	64	64	29	69	16	63	47	47	9	48	34	60	34	8	42	33	24	2	49	60	49	58	16	59	2	39	45	11	52	48	42	38	46	47	1	41	23	19	34	37	59	69	54	67	31	66	19	57	30	3	38	1	13	22	62	51	28	7	52	56	64	62	69	30	44	48	10	39	45	46	58	35	26	15	32	24	7	17	26	33	51	50	55	57	47	1	63	68	24	57	62	18	25	62	50	61	32	43	25	23	54	23	34	13	68	0	5	59	66	37	46	57	35	37	54	50	62	32	3	18	14	17	51	61	62	13	24	31	51	67	4	42	13	4	68	9	41	60	2	63	40	38	38	44	49	1	10	27	7	9	52	65	50	7	65	23	1	36	37	42	3	16	64	51	52	24	52	57	33	29	9	67	33	56	50	25	39	64	31	14	8	47	30	55	24	65	64	14	14	21	41	3	61	11	33	26	48	57	30	63	16	5	62	51	17	58	49	42	48	37	14	58	30	43	69	12	58	7	16	4	5	11	20	14	59	12	28	16	43	69	41	60	40	32	53	53	43	8	2	64	56	40	69	67	38	39	51	62	36	35	37	25	6	41	12	54	30	62	7	46	25	18	54	19	7	22	26	37	57	21	19	52	27	40	39	65	10	3	13	18	2	27	25	55	69	17	56	7	23	57	17	22	12	34	43	48	5	65	21	49	48	1	5	56	66	3	16	29	43	39	11	62	66	29	18	64	17	43	40	69	66	40	19	47	53	4	40	57	22	3	4	61	50	46	59	45	11	52	38	63	48	52	4	31	62	13	54	14	31	17	19	62	6	49	65	38	44	44	11	6	30	12	15	34	35	68	19	58	29	3	18	4	57	17	30	35	30	17	31	15	7	52	23	27	1	57	46	17	26	41	11	69	47	58	28	7	29	25	61	51	30	33	66	32	43	30	65	36	67	13	65	37	55	51	28	2	38	22	0	25	41	47	1	20	69	53	5	22	20	39	15	9	56	54	63	39	41	4	69	12	14	39	54	58	9	44	64	28	5	65	44	40	61	28	17	24	44	17	60	47	34	61	58	42	64	25	63	64	29	38	18	65	51	67	36	32	42	12	37	67	13	14	66	25	42	20	29	60	22	2	31	62	43	9	25	41	32	58	33	17	42	34	20	25	66	57	41	15	55	52	56	27	41	44	43	18	33	67	11	26	36	44	8	19	19	52	18	40	3	58	13	69	45	37	43	2	45	59	54	39	22	0	17	19	47	59	13	60	8	65	2	26	60	47	47	38	4	24	12	24	3	61	40	50	8	6	63	36	8	33	41	66	53	38	37	3	2	16	23	60	0	49	33	36	3	39	36	17	33	31	44	24	13	34	20	0	52	61	39	35	11	29	33	5	36	56	6	28	18	47	31	40	43	3	16	28	23	2	23	68	6	39	22	12	65	11	52	29	64	22	11	23	12	7	68	34	28	35	40	56	66	31	6	57	47	24	53	24	38	42	36	20	36	30	37	27	62	45	36	28	14	1	32	48	59	9	60	54	46	10	37	57	42	12	65	66	46	16	40	12	4	55	61	44	9	32	2	30	46	24	17	55	15	43	54	2	48	3	39	27	10	19	36	9	57	33	34	43	4	15	24	22	41	7	57	42	53	20	27	1	59	63	41	1	40	45	
40	37	27	39	36	31	35	28	32	29	32	35	29	29	33	34	33	25	34	40	28	33	36	35	33	38	31	40	23	39	20	37	20	22	29	24	31	30	24	26	37	27	24	38	27	26	32	40	25	31	38	37	33	39	36	33	35	37	25	39	27	21	23	30	32	25	31	23	29	37	35	36	20	30	20	25	22	38	33	29	35	32	35	27	24	32	35	24	37	40	32	28	21	20	38	22	20	37	29	29	36	31	21	20	23	35	28	32	40	35	32	28	29	25	31	30	29	22	30	36	24	21	32	23	40	25	24	36	20	25	35	40	28	23	38	36	20	22	34	21	38	25	28	22	24	33	23	25	22	31	26	39	27	25	20	34	35	33	25	26	21	32	32	28	24	24	26	39	32	24	25	33	36	33	30	37	31	33	38	37	24	37	33	40	31	34	29	40	30	38	26	28	22	28	40	20	33	21	38	21	33	29	32	27	39	25	24	34	25	38	29	39	30	33	37	37	33	23	21	28	38	29	29	20	39	22	26	22	30	38	25	32	23	39	39	22	24	34	35	23	22	25	23	38	40	24	26	31	23	29	36	24	20	24	34	22	29	36	39	27	34	22	24	21	39	30	22	25	22	26	38	39	36	38	31	38	20	24	21	20	40	26	30	34	39	38	25	25	31	40	33	20	20	26	33	30	39	38	28	27	27	26	31	33	39	32	29	26	27	24	24	39	27	20	35	21	40	34	25	31	23	30	20	20	23	37	37	29	39	39	33	35	30	21	20	24	27	22	23	35	34	33	40	31	36	24	34	22	31	27	40	23	21	20	25	28	23	37	39	26	39	35	34	21	28	36	29	25	34	26	23	31	22	40	26	23	31	28	39	21	21	40	25	29	24	22	31	21	21	23	22	26	34	36	22	25	28	32	28	31	35	26	27	39	20	25	20	29	22	22	40	23	37	36	20	22	21	31	37	34	34	32	26	21	24	30	31	20	37	39	21	31	36	30	40	25	20	21	34	26	36	35	22	36	38	30	22	32	27	22	26	31	31	30	36	32	25	29	29	23	23	39	28	26	25	28	31	22	25	24	39	28	20	29	30	31	27	40	28	27	29	33	24	31	37	36	34	37	29	34	34	36	34	28	37	22	31	22	31	30	35	28	37	21	22	33	26	34	25	26	30	40	39	31	20	22	32	31	31	28	26	34	38	23	38	35	34	25	21	30	20	27	36	21	33	30	23	37	38	32	40	40	38	20	20	33	40	36	22	39	33	33	21	39	22	24	21	38	36	27	35	25	35	26	38	23	39	28	24	31	32	30	30	21	37	24	21	22	33	37	38	34	30	36	38	38	28	33	32	37	34	20	35	33	24	34	27	27	25	21	40	23	22	34	40	21	29	30	33	33	24	26	31	27	38	24	35	25	32	33	39	36	32	33	34	20	22	34	40	30	29	36	22	30	40	23	20	29	36	37	40	36	25	22	36	34	24	36	28	26	23	31	40	30	21	22	27	31	23	36	35	34	30	37	22	26	35	31	29	21	31	36	28	40	40	38	36	29	25	25	38	35	35	28	32	23	26	27	23	27	28	36	33	27	30	38	38	22	24	37	31	25	27	29	31	33	31	40	29	36	23	29	31	27	30	35	30	36	37	28	20	31	39	29	37	21	34	37	33	21	39	38	35	25	37	33	30	27	31	25	24	31	32	22	36	27	34	25	25	26	39	30	22	40	20	32	25	25	33	35	39	31	39	29	28	23	34	21	27	23	39	36	30	30	21	30	27	23	36	23	35	22	22	20	21	35	23	40	28	20	39	22	32	22	32	36	39	21	40	21	37	30	22	29	32	28	22	37	25	38	28	23	37	28	32	24	34	39	33	36	32	36	27	28	31	23	38	23	26	37	36	37	31	31	21	39	39	28	25	38	38	27	36	31	36	24	39	27	38	29	39	28	24	35	31	35	40	37	27	37	26	31	35	21	32	21	40	30	39	27	36	37	32	34	20	32	23	27	26	22	29	34	26	28	33	34	27	31	31	25	36	31	26	34	34	22	21	25	20	37	38	20	29	34	23	27	35	33	34	20	39	36	36	28	26	23	25	35	25	36	31	32	37	31	26	35	30	36	26	31	23	29	25	23	26	36	32	29	23	38	37	32	35	32	26	37	29	38	29	26	32	33	24	33	20	21	30	36	29	23	34	40	24	36	27	39	22	27	38	37	23	20	31	33	31	39	39	34	33	38	31	40	23	37	21	36	31	30	28	26	33	24	39	30	35	27	32	36	28	28	23	32	24	35	31	31	26	28	29	29	27	30	20	36	24	33	32	31	32	29	29	36	27	30	35	23	39	37	20	25	29	31	29	23	33	31	26	22	37	39	25	32	33	34	24	32	32	27	37	21	21	23	36	26	37	27	24	28	27	38	34	27	36	28	22	35	26	31	35	30	34	31	28	25	37	21	22	22	23	25	22	22	38	20	20	35	31	34	27	36	32	28	33	40	39	39	39	35	34	31	34	30	29	36	23	32	40	32	38	23	38	20	38	25	31	25	31	23	22	40	30	27	38	21	39	38	23	30	29	20	20	33	30	30	25	20	35	40	23	25	22	39	31	31	37	22	33	23	30	34	20	33	22	23	26	31	32	24	33	40	31	26	31	27	22	29	28	38	27	25	21	25	40	37	35	38	25	24	27	27	22	23	39	20	31	31	38	27	26	27	38	27	39	21	22	36	28	27	36	40	31	39	37	35	21	27	21	39	28	29	37	32	39	21	31	24	22	23	20	31	38	31	23	33	24	23	40	22	33	28	24	32	40	21	40	30	22	31	33	40	28	37	22	27	32	22	39	20	26	37	21	28	32	39	20	28	31	34	27	26	39	40	25	20	39	31	36	39	32	27	21	34	30	38	40	33	36	23	36	23	29	27	29	24	39	30	40	33	31	35	35	20	40	20	22	26	24	22	27	32	37	37	31	28	40	35	40	37	31	26	35	32	39	30	30	25	23	23	26	26	27	22	27	39	35	23	27	39	37	31	35	37	37	21	25	26	39	23	26	36	33	28	28	25	21	37	20	24	27	20	36	28	32	20	36	40	21	27	31	33	32	40	33	40	27	38	23	22	33	27	30	31	21	23	25	35	27	20	32	39	26	32	34	23	28	38	25	35	38	32	38	21	28	38	35	24	36	29	22	22	40	26	24	40	32	29	24	22	35	25	28	23	26	38	39	32	28	36	25	31	20	29	31	22	21	35	22	39	30	24	32	24	24	39	32	37	24	35	35	32	27	27	20	31	36	36	20	26	27	
44	17	13	45	12	26	23	22	42	10	24	23	41	35	44	48	21	30	19	19	22	25	30	44	36	21	28	36	22	39	40	42	48	11	35	34	20	36	20	44	24	23	43	31	50	50	34	42	48	32	27	40	20	23	29	50	22	14	37	11	38	33	31	24	50	13	19	24	26	36	33	12	40	35	24	49	24	22	31	25	29	34	25	25	27	49	46	41	45	12	25	44	39	22	22	45	42	37	30	34	20	32	45	39	30	43	26	35	13	45	15	29	34	40	20	47	34	37	16	40	20	47	32	19	49	38	44	35	45	15	46	22	24	36	35	30	16	39	33	43	21	44	40	50	36	22	16	21	11	32	16	35	35	42	45	48	16	27	29	42	49	34	43	50	10	13	18	16	29	49	42	46	29	40	31	38	26	28	12	17	32	15	45	33	14	11	46	29	34	21	23	14	26	35	17	43	50	27	32	36	41	24	41	26	27	31	17	30	24	47	35	35	44	43	25	13	28	49	16	42	13	25	48	14	38	14	15	31	43	42	42	39	33	11	45	11	29	38	13	49	12	36	28	13	12	29	46	16	16	40	19	43	15	44	45	47	36	45	34	35	11	23	13	21	27	22	10	32	23	36	49	41	12	48	30	30	47	37	21	30	43	38	42	23	11	19	11	12	32	40	39	12	17	41	15	45	13	22	24	15	32	37	15	15	38	26	27	45	49	39	31	44	47	16	11	11	34	37	24	30	48	23	27	43	41	11	13	18	45	35	43	11	37	38	32	31	37	47	44	37	41	42	48	46	43	29	12	37	23	39	42	49	32	40	12	24	25	29	13	30	31	23	23	37	10	31	24	48	41	10	20	35	43	18	21	36	28	49	44	17	31	20	38	17	40	23	16	36	31	27	21	27	25	42	30	24	32	10	21	12	14	13	50	48	38	30	36	11	17	42	21	22	18	46	50	14	20	27	21	36	49	29	34	31	17	25	41	50	26	50	45	46	35	50	50	22	46	35	18	24	30	30	30	41	28	48	33	29	26	25	15	45	42	29	49	40	29	25	22	33	21	13	35	46	36	32	36	21	17	14	15	49	50	50	47	31	18	22	36	19	16	22	45	20	50	42	40	12	33	48	29	33	40	15	47	12	39	44	26	42	47	12	13	18	15	43	49	13	35	41	23	46	34	41	35	41	45	50	36	48	20	27	50	49	32	50	46	13	26	20	36	41	33	45	29	19	31	23	12	34	36	28	22	17	22	37	22	48	49	17	43	24	10	15	50	39	42	29	21	49	17	37	32	41	40	12	49	41	45	44	23	35	24	38	18	21	19	42	14	28	11	40	26	12	17	27	26	22	19	28	26	25	44	12	50	39	15	32	49	23	31	22	28	13	41	35	30	47	29	11	48	30	26	49	23	49	40	36	34	39	36	30	50	46	39	16	16	23	14	45	33	44	19	29	44	39	17	33	32	34	42	40	48	34	34	50	49	43	42	48	30	45	22	32	26	36	31	29	39	34	25	17	32	22	21	20	25	20	14	14	29	30	47	29	20	38	34	16	42	24	13	34	44	21	41	23	34	24	34	26	21	19	30	43	50	27	20	18	11	36	24	15	11	47	50	25	34	22	20	11	26	32	25	18	16	39	42	10	37	42	38	10	24	39	43	22	45	48	45	27	16	35	18	18	24	19	40	40	14	34	34	32	21	45	41	38	17	22	38	37	33	36	16	38	20	30	43	34	30	32	29	31	27	47	17	37	42	40	39	39	15	22	15	18	10	21	19	33	12	33	10	38	19	47	29	50	16	34	22	19	45	20	10	34	11	28	13	36	11	26	37	45	27	49	26	16	31	40	45	50	39	30	31	34	11	21	36	41	42	28	41	22	44	41	26	41	13	42	18	29	21	25	37	22	23	29	39	49	31	42	36	22	31	41	30	32	36	31	42	36	20	32	41	27	35	43	42	34	32	13	21	30	27	49	40	25	32	43	12	40	34	23	46	43	49	16	39	35	28	23	35	38	48	43	45	29	22	23	23	18	32	44	37	44	34	14	26	27	19	39	31	45	19	14	15	46	35	24	30	26	25	38	38	31	33	11	23	10	36	13	39	15	18	10	14	12	50	32	40	42	31	47	45	26	42	13	15	46	27	32	34	11	15	22	23	18	20	47	17	24	49	42	32	23	21	23	14	21	30	28	40	34	24	15	26	48	27	10	18	46	22	12	32	11	23	16	31	47	16	16	29	37	19	17	23	23	13	31	20	11	21	14	38	17	12	14	14	34	44	24	46	20	18	10	38	33	44	39	23	17	19	41	10	21	32	17	33	29	34	23	44	21	28	38	26	46	17	11	22	48	26	22	48	33	28	17	49	39	26	18	31	23	24	28	30	30	37	33	45	14	39	47	34	32	41	39	16	12	21	25	31	46	11	34	46	38	50	20	29	13	25	45	46	31	47	15	12	39	15	12	38	15	42	41	14	49	24	15	39	11	12	46	21	40	37	50	12	50	40	50	50	40	39	15	29	12	36	25	38	20	38	43	36	13	33	37	37	13	24	46	25	48	37	40	16	22	28	16	18	11	45	24	11	13	31	20	21	14	45	22	37	50	19	14	18	24	16	32	19	43	46	30	48	15	11	19	46	20	31	13	36	47	21	11	16	26	40	19	36	17	23	20	33	40	16	48	49	20	40	15	16	48	39	38	47	15	31	31	42	25	43	30	15	50	15	42	47	13	31	49	12	37	24	25	46	35	24	19	35	47	28	25	49	24	26	36	44	45	43	15	26	34	29	16	18	35	33	34	42	27	42	10	13	37	46	25	26	48	50	30	23	37	49	42	48	26	26	13	11	46	23	20	20	27	27	40	17	46	31	47	24	33	30	30	20	30	14	11	28	45	42	46	19	12	29	23	14	36	15	31	19	23	40	15	14	10	34	19	12	25	15	49	24	46	17	41	24	23	37	21	40	48	13	49	20	11	22	48	50	18	30	47	10	31	27	17	21	47	24	24	46	19	24	18	46	37	24	16	45	46	49	34	36	21	44	36	23	47	18	15	36	18	36	50	46	43	13	38	31	20	35	13	28	31	12	35	48	22	25	19	15	47	48	50	36	50	48	37	43	20	22	44	14	27	29	38	26	41	13	44	16	16	22	46	30	12	36	40	44	45	18	28	39	15	38	24	32	37	42	50	28	17	30	44	37	32	17	41	13	12	24	15	48	18	34	40	15	41	11	47	22	49	39	20	23	39	17	20	44	36	12	13	40	11	18	12	44	24	37	48	28	29	42	22	26	38	35	35	14	
5
60
