1690
70
0	0	0	0	0	0	0	0	0	192	0	0	0	0	0	0	0	0	0	0	0	0	0	0	0	0	0	500	0	0	0	0	0	0	500	0	0	0	0	0	0	0	0	500	0	0	0	0	0	0	0	0	0	96	0	0	0	0	0	0	0	0	0	0	0	0	0	0	0	0	
0	0	0	0	0	0	0	0	0	0	0	0	0	0	0	0	0	0	0	0	0	0	0	0	0	0	0	0	0	0	0	0	0	0	0	0	0	0	0	0	0	500	0	0	0	48	0	0	0	0	0	0	96	0	0	0	0	0	0	0	0	0	0	0	0	0	0	0	0	0	
0	0	0	0	0	0	0	0	0	0	0	0	0	0	0	0	0	0	0	0	0	0	0	0	0	0	0	0	0	0	500	0	0	0	0	0	0	0	0	0	96	0	0	0	0	0	0	0	0	0	0	0	0	0	0	0	0	0	0	0	0	0	0	0	0	0	0	0	0	0	
0	0	0	0	0	0	0	0	0	0	0	0	0	0	0	0	48	0	0	0	0	0	0	0	0	0	0	0	0	0	0	0	0	0	0	0	0	0	0	0	0	0	0	0	0	0	0	0	48	0	0	0	0	0	0	0	0	0	0	0	0	0	0	0	0	0	0	0	0	0	
0	0	0	0	0	0	0	0	0	0	0	0	0	0	0	0	0	0	0	0	0	0	0	0	0	0	0	0	0	0	0	0	0	0	0	0	0	0	0	0	0	0	0	0	0	0	48	0	0	0	0	0	0	0	500	0	0	0	0	0	0	0	0	0	0	0	0	0	0	0	
0	0	0	0	0	0	0	0	0	0	0	0	500	0	0	0	0	0	0	0	0	0	0	0	0	0	0	0	0	0	0	0	0	0	0	0	0	0	0	192	0	0	0	0	0	0	0	0	0	0	0	0	0	0	0	0	0	0	0	0	0	0	0	0	0	0	0	0	0	0	
0	0	0	0	0	0	0	0	0	0	0	0	0	0	0	0	0	0	0	0	0	500	0	0	0	0	0	0	0	0	500	0	0	0	0	0	0	0	0	0	48	0	0	0	0	0	0	0	0	0	0	0	0	0	0	0	0	0	0	0	0	0	0	0	0	0	0	0	0	0	
0	0	0	0	0	0	0	0	0	0	0	0	0	0	0	0	0	0	0	0	0	0	0	0	0	0	0	0	0	0	0	0	0	0	0	0	192	0	0	0	0	0	0	0	0	0	0	0	0	96	0	0	0	0	0	0	0	48	0	0	0	0	0	0	0	0	0	0	0	0	
0	0	0	0	0	0	0	0	0	0	0	0	0	0	0	0	0	0	0	0	0	0	500	0	0	0	0	0	0	0	0	0	0	0	0	0	0	0	0	0	0	0	0	0	0	0	0	0	0	0	0	0	0	0	0	0	0	0	0	192	0	0	0	0	0	0	0	0	0	0	
192	0	0	0	0	0	0	0	0	0	0	0	0	0	0	0	0	0	0	0	0	0	0	0	0	0	0	0	0	0	0	96	0	0	0	0	0	0	0	0	0	0	0	0	0	0	0	0	0	0	0	0	0	0	0	0	0	0	0	0	0	0	0	0	0	0	0	0	0	0	
0	0	0	0	0	0	0	0	0	0	0	0	0	0	0	0	0	0	0	0	0	0	0	0	0	0	0	0	0	0	0	0	0	0	0	0	0	0	48	0	0	0	0	0	0	0	0	0	0	0	0	0	0	0	0	0	48	0	0	0	0	0	0	0	0	0	0	0	0	0	
0	0	0	0	0	0	0	0	0	0	0	0	0	0	0	0	0	0	0	0	0	0	0	0	0	0	0	0	0	0	0	0	48	0	0	0	0	0	0	0	0	0	0	0	0	0	0	0	0	0	0	0	0	0	0	192	0	0	0	0	0	0	0	0	0	0	0	0	0	0	
0	0	0	0	0	500	0	0	0	0	0	0	0	48	0	0	0	0	0	0	0	192	0	0	0	0	0	0	0	0	0	0	0	0	0	0	0	0	0	48	0	0	0	0	0	0	0	0	0	0	0	0	0	0	0	0	0	0	192	0	0	0	0	0	0	0	0	0	0	0	
0	0	0	0	0	0	0	0	0	0	0	0	48	0	0	0	0	0	0	0	0	0	0	0	0	0	0	0	0	0	0	0	0	0	0	0	0	0	0	0	0	0	0	0	500	0	0	0	0	0	0	192	0	0	0	0	0	0	0	0	0	0	0	0	0	0	0	0	0	0	
0	0	0	0	0	0	0	0	0	0	0	0	0	0	0	0	0	0	0	0	0	0	0	0	0	0	0	0	0	0	0	0	0	0	0	0	0	0	0	0	0	0	0	0	96	0	0	0	0	0	0	0	0	0	0	0	0	0	0	0	0	0	0	0	0	0	0	48	0	0	
0	0	0	0	0	0	0	0	0	0	0	0	0	0	0	0	96	0	0	0	0	0	0	0	0	0	0	0	0	0	0	0	0	0	0	0	96	0	0	0	0	0	0	0	0	0	0	0	96	0	48	0	0	0	0	0	0	0	0	0	0	0	0	0	0	0	0	0	0	0	
0	0	0	48	0	0	0	0	0	0	0	0	0	0	0	96	0	0	0	0	0	0	0	0	0	0	0	0	0	0	0	0	0	0	0	0	0	0	0	0	0	0	0	0	0	0	500	0	0	0	48	0	0	0	0	0	0	0	0	0	0	96	0	0	0	0	0	0	0	0	
0	0	0	0	0	0	0	0	0	0	0	0	0	0	0	0	0	0	0	0	0	0	0	0	0	0	0	48	0	0	0	0	0	0	0	0	0	96	0	0	0	0	0	0	0	0	0	0	0	0	0	0	0	0	0	0	0	0	0	0	0	0	0	0	0	0	0	0	0	0	
0	0	0	0	0	0	0	0	0	0	0	0	0	0	0	0	0	0	0	0	0	0	0	0	0	0	0	0	0	0	0	96	0	0	0	0	0	0	0	0	0	0	0	0	0	0	0	0	0	0	0	0	0	0	0	0	0	0	0	0	0	0	0	96	0	0	0	0	0	0	
0	0	0	0	0	0	0	0	0	0	0	0	0	0	0	0	0	0	0	0	0	0	0	0	96	0	0	0	0	0	0	0	0	0	0	0	0	0	0	0	0	0	0	0	0	0	0	0	0	0	0	0	0	0	0	48	0	0	0	0	0	0	0	0	0	0	0	0	0	0	
0	0	0	0	0	0	0	0	0	0	0	0	0	0	0	0	0	0	0	0	0	0	0	0	0	0	0	0	0	0	0	0	0	0	0	0	0	0	0	0	0	0	0	0	0	0	48	0	0	0	192	0	0	0	0	0	0	0	0	0	500	96	0	0	0	0	0	0	0	0	
0	0	0	0	0	0	500	0	0	0	0	0	192	0	0	0	0	0	0	0	0	0	0	0	0	0	0	0	0	0	48	0	0	0	0	0	0	0	0	0	0	0	0	0	0	0	0	0	0	0	0	0	0	0	0	0	0	0	0	0	0	0	0	0	0	0	0	0	0	0	
0	0	0	0	0	0	0	0	500	0	0	0	0	0	0	0	0	0	0	0	0	0	0	0	0	0	0	0	0	0	0	0	0	48	0	0	0	0	0	0	0	0	0	0	0	0	0	0	0	0	0	0	0	0	0	0	0	0	48	500	0	0	0	0	0	0	0	0	0	0	
0	0	0	0	0	0	0	0	0	0	0	0	0	0	0	0	0	0	0	0	0	0	0	0	0	0	0	0	0	0	0	0	0	0	0	0	0	0	0	0	0	0	500	0	0	0	0	0	0	0	0	0	0	0	96	0	0	0	0	0	0	0	0	0	48	0	0	0	0	0	
0	0	0	0	0	0	0	0	0	0	0	0	0	0	0	0	0	0	0	96	0	0	0	0	0	192	0	0	0	0	0	0	0	0	0	0	0	0	0	0	0	0	0	0	0	0	0	0	0	0	0	0	0	0	0	0	0	0	0	0	0	0	0	0	0	0	0	0	0	0	
0	0	0	0	0	0	0	0	0	0	0	0	0	0	0	0	0	0	0	0	0	0	0	0	192	0	0	0	0	0	0	0	0	0	0	0	0	0	0	0	0	0	0	0	0	0	0	0	0	0	0	0	0	0	0	0	0	0	0	0	0	0	192	0	0	0	0	0	96	0	
0	0	0	0	0	0	0	0	0	0	0	0	0	0	0	0	0	0	0	0	0	0	0	0	0	0	0	0	0	0	0	0	0	0	0	0	0	0	0	0	0	0	0	0	0	0	0	0	0	0	0	0	192	0	0	0	0	0	48	0	0	0	0	0	0	0	0	0	0	0	
500	0	0	0	0	0	0	0	0	0	0	0	0	0	0	0	0	48	0	0	0	0	0	0	0	0	0	0	0	0	0	0	0	0	0	0	0	500	0	0	0	0	0	0	0	0	0	0	0	0	0	0	0	0	0	0	0	0	0	0	0	0	0	0	0	0	0	0	0	0	
0	0	0	0	0	0	0	0	0	0	0	0	0	0	0	0	0	0	0	0	0	0	0	0	0	0	0	0	0	0	0	0	0	0	0	0	0	0	48	0	0	192	0	0	0	0	0	96	0	0	0	0	0	0	0	0	0	0	0	0	0	0	0	0	0	0	0	0	0	0	
0	0	0	0	0	0	0	0	0	0	0	0	0	0	0	0	0	0	0	0	0	0	0	0	0	0	0	0	0	0	0	0	0	0	0	0	0	0	0	0	0	0	0	0	0	0	0	0	0	0	0	48	0	0	0	0	0	0	0	0	0	0	0	0	0	0	192	0	0	0	
0	0	500	0	0	0	500	0	0	0	0	0	0	0	0	0	0	0	0	0	0	48	0	0	0	0	0	0	0	0	0	0	0	0	0	0	0	0	0	0	0	0	0	0	0	0	0	0	0	0	0	0	0	0	0	0	0	0	0	0	0	0	0	0	0	0	0	0	0	0	
0	0	0	0	0	0	0	0	0	96	0	0	0	0	0	0	0	0	96	0	0	0	0	0	0	0	0	0	0	0	0	0	0	0	0	0	0	0	0	0	0	0	0	0	0	0	0	0	0	0	0	0	0	0	0	0	0	0	0	0	0	0	0	0	0	0	0	0	0	0	
0	0	0	0	0	0	0	0	0	0	0	48	0	0	0	0	0	0	0	0	0	0	0	0	0	0	0	0	0	0	0	0	0	0	0	0	0	48	0	0	0	0	0	0	0	0	0	0	0	0	0	0	0	0	0	0	0	0	0	0	0	0	0	0	0	0	0	0	0	0	
0	0	0	0	0	0	0	0	0	0	0	0	0	0	0	0	0	0	0	0	0	0	48	0	0	0	0	0	0	0	0	0	0	0	0	0	0	0	0	0	0	0	48	0	0	0	0	0	0	0	0	0	0	0	0	0	0	0	96	0	0	0	0	0	0	0	0	0	0	0	
500	0	0	0	0	0	0	0	0	0	0	0	0	0	0	0	0	0	0	0	0	0	0	0	0	0	0	0	0	0	0	0	0	0	0	0	0	0	0	0	0	0	0	0	0	0	0	0	0	0	0	0	0	192	0	0	0	0	0	0	0	0	0	0	0	0	0	0	0	0	
0	0	0	0	0	0	0	0	0	0	0	0	0	0	0	0	0	0	0	0	0	0	0	0	0	0	0	0	0	0	0	0	0	0	0	0	0	0	0	0	0	0	0	0	0	500	0	0	0	0	0	0	0	0	0	0	0	0	0	0	0	0	0	96	0	96	0	0	0	0	
0	0	0	0	0	0	0	192	0	0	0	0	0	0	0	96	0	0	0	0	0	0	0	0	0	0	0	0	0	0	0	0	0	0	0	0	0	0	0	0	0	0	0	0	0	0	0	0	0	192	0	0	0	0	0	0	0	0	0	0	0	0	0	0	0	0	0	0	0	0	
0	0	0	0	0	0	0	0	0	0	0	0	0	0	0	0	0	96	0	0	0	0	0	0	0	0	0	500	0	0	0	0	48	0	0	0	0	0	0	0	0	0	0	48	0	0	0	0	0	0	0	0	0	0	0	0	0	0	0	0	0	0	0	0	0	0	0	0	0	0	
0	0	0	0	0	0	0	0	0	0	48	0	0	0	0	0	0	0	0	0	0	0	0	0	0	0	0	0	48	0	0	0	0	0	0	0	0	0	0	0	0	0	0	0	0	0	0	500	0	0	0	0	0	0	0	0	500	0	0	0	0	0	0	0	0	0	0	0	0	0	
0	0	0	0	0	192	0	0	0	0	0	0	48	0	0	0	0	0	0	0	0	0	0	0	0	0	0	0	0	0	0	0	0	0	0	0	0	0	0	0	0	0	0	0	0	0	0	0	0	0	0	0	0	0	0	0	0	0	0	0	0	0	0	0	0	0	0	0	0	0	
0	0	96	0	0	0	48	0	0	0	0	0	0	0	0	0	0	0	0	0	0	0	0	0	0	0	0	0	0	0	0	0	0	0	0	0	0	0	0	0	0	0	0	0	0	0	0	0	0	0	0	0	0	0	0	0	0	0	0	0	0	0	0	0	0	0	0	0	0	0	
0	500	0	0	0	0	0	0	0	0	0	0	0	0	0	0	0	0	0	0	0	0	0	0	0	0	0	0	192	0	0	0	0	0	0	0	0	0	0	0	0	0	0	0	0	0	0	0	0	0	0	0	0	0	0	0	0	0	0	0	0	0	192	0	0	0	0	0	192	0	
0	0	0	0	0	0	0	0	0	0	0	0	0	0	0	0	0	0	0	0	0	0	0	500	0	0	0	0	0	0	0	0	0	48	0	0	0	0	0	0	0	0	0	0	0	0	0	0	0	0	0	0	0	0	0	0	0	0	0	0	0	0	0	0	0	0	0	0	0	0	
500	0	0	0	0	0	0	0	0	0	0	0	0	0	0	0	0	0	0	0	0	0	0	0	0	0	0	0	0	0	0	0	0	0	0	0	0	48	0	0	0	0	0	0	0	0	0	0	0	0	0	0	0	0	0	0	48	0	0	0	0	0	0	0	0	0	0	0	192	192	
0	0	0	0	0	0	0	0	0	0	0	0	0	500	96	0	0	0	0	0	0	0	0	0	0	0	0	0	0	0	0	0	0	0	0	0	0	0	0	0	0	0	0	0	0	0	0	0	0	0	0	0	0	0	0	0	0	0	0	0	0	0	0	0	0	0	0	0	0	0	
0	48	0	0	0	0	0	0	0	0	0	0	0	0	0	0	0	0	0	0	0	0	0	0	0	0	0	0	0	0	0	0	0	0	0	500	0	0	0	0	0	0	0	0	0	0	0	0	0	0	0	0	0	0	0	0	0	0	0	0	0	0	0	0	0	0	0	0	0	0	
0	0	0	0	48	0	0	0	0	0	0	0	0	0	0	0	500	0	0	0	48	0	0	0	0	0	0	0	0	0	0	0	0	0	0	0	0	0	0	0	0	0	0	0	0	0	0	0	0	0	48	0	0	0	0	0	0	0	0	0	0	0	0	0	0	0	0	0	0	0	
0	0	0	0	0	0	0	0	0	0	0	0	0	0	0	0	0	0	0	0	0	0	0	0	0	0	0	0	96	0	0	0	0	0	0	0	0	0	500	0	0	0	0	0	0	0	0	0	0	0	0	0	0	0	0	0	0	0	0	0	0	0	0	0	0	0	0	0	0	0	
0	0	0	48	0	0	0	0	0	0	0	0	0	0	0	96	0	0	0	0	0	0	0	0	0	0	0	0	0	0	0	0	0	0	0	0	0	0	0	0	0	0	0	0	0	0	0	0	0	0	0	0	0	0	0	0	0	0	0	0	0	0	0	0	0	0	0	0	0	0	
0	0	0	0	0	0	0	96	0	0	0	0	0	0	0	0	0	0	0	0	0	0	0	0	0	0	0	0	0	0	0	0	0	0	0	0	192	0	0	0	0	0	0	0	0	0	0	0	0	0	0	0	0	0	0	0	0	0	0	0	0	0	0	0	0	0	0	0	0	0	
0	0	0	0	0	0	0	0	0	0	0	0	0	0	0	48	48	0	0	0	192	0	0	0	0	0	0	0	0	0	0	0	0	0	0	0	0	0	0	0	0	0	0	0	0	0	48	0	0	0	0	0	0	0	0	0	0	0	0	0	0	0	0	0	0	0	0	0	0	0	
0	0	0	0	0	0	0	0	0	0	0	0	0	192	0	0	0	0	0	0	0	0	0	0	0	0	0	0	0	48	0	0	0	0	0	0	0	0	0	0	0	0	0	0	0	0	0	0	0	0	0	0	0	0	0	0	0	0	0	0	0	0	0	0	0	0	0	0	0	0	
0	96	0	0	0	0	0	0	0	0	0	0	0	0	0	0	0	0	0	0	0	0	0	0	0	0	192	0	0	0	0	0	0	0	0	0	0	0	0	0	0	0	0	0	0	0	0	0	0	0	0	0	0	0	0	0	0	0	0	0	0	0	0	0	0	0	0	0	0	0	
96	0	0	0	0	0	0	0	0	0	0	0	0	0	0	0	0	0	0	0	0	0	0	0	0	0	0	0	0	0	0	0	0	0	192	0	0	0	0	0	0	0	0	0	0	0	0	0	0	0	0	0	0	0	0	0	0	0	0	0	0	0	0	0	0	0	0	0	0	0	
0	0	0	0	500	0	0	0	0	0	0	0	0	0	0	0	0	0	0	0	0	0	0	96	0	0	0	0	0	0	0	0	0	0	0	0	0	0	0	0	0	0	0	0	0	0	0	0	0	0	0	0	0	0	0	0	0	0	0	0	0	192	0	0	0	0	0	0	0	0	
0	0	0	0	0	0	0	0	0	0	0	192	0	0	0	0	0	0	0	48	0	0	0	0	0	0	0	0	0	0	0	0	0	0	0	0	0	0	0	0	0	0	0	0	0	0	0	0	0	0	0	0	0	0	0	0	0	0	0	0	0	0	0	0	0	0	0	0	0	0	
0	0	0	0	0	0	0	0	0	0	48	0	0	0	0	0	0	0	0	0	0	0	0	0	0	0	0	0	0	0	0	0	0	0	0	0	0	0	500	0	0	0	0	48	0	0	0	0	0	0	0	0	0	0	0	0	0	96	0	0	192	0	0	0	0	0	0	0	0	0	
0	0	0	0	0	0	0	48	0	0	0	0	0	0	0	0	0	0	0	0	0	0	0	0	0	0	0	0	0	0	0	0	0	0	0	0	0	0	0	0	0	0	0	0	0	0	0	0	0	0	0	0	0	0	0	0	96	0	0	0	0	0	0	0	0	0	0	0	0	0	
0	0	0	0	0	0	0	0	0	0	0	0	192	0	0	0	0	0	0	0	0	0	48	0	0	0	48	0	0	0	0	0	0	96	0	0	0	0	0	0	0	0	0	0	0	0	0	0	0	0	0	0	0	0	0	0	0	0	0	0	0	0	0	0	0	0	0	0	0	0	
0	0	0	0	0	0	0	0	192	0	0	0	0	0	0	0	0	0	0	0	0	0	500	0	0	0	0	0	0	0	0	0	0	0	0	0	0	0	0	0	0	0	0	0	0	0	0	0	0	0	0	0	0	0	0	0	0	0	0	0	0	0	0	0	0	0	0	0	0	0	
0	0	0	0	0	0	0	0	0	0	0	0	0	0	0	0	0	0	0	0	500	0	0	0	0	0	0	0	0	0	0	0	0	0	0	0	0	0	0	0	0	0	0	0	0	0	0	0	0	0	0	0	0	0	0	0	192	0	0	0	0	0	0	0	192	0	0	0	0	0	
0	0	0	0	0	0	0	0	0	0	0	0	0	0	0	0	96	0	0	0	96	0	0	0	0	0	0	0	0	0	0	0	0	0	0	0	0	0	0	0	0	0	0	0	0	0	0	0	0	0	0	0	0	0	192	0	0	0	0	0	0	0	0	0	0	0	0	0	0	0	
0	0	0	0	0	0	0	0	0	0	0	0	0	0	0	0	0	0	0	0	0	0	0	0	0	192	0	0	0	0	0	0	0	0	0	0	0	0	0	0	0	192	0	0	0	0	0	0	0	0	0	0	0	0	0	0	0	0	0	0	0	0	0	0	0	0	0	0	0	0	
0	0	0	0	0	0	0	0	0	0	0	0	0	0	0	0	0	0	96	0	0	0	0	0	0	0	0	0	0	0	0	0	0	0	0	96	0	0	0	0	0	0	0	0	0	0	0	0	0	0	0	0	0	0	0	0	0	0	0	0	0	0	0	0	0	0	0	0	0	0	
0	0	0	0	0	0	0	0	0	0	0	0	0	0	0	0	0	0	0	0	0	0	0	48	0	0	0	0	0	0	0	0	0	0	0	0	0	0	0	0	0	0	0	0	0	0	0	0	0	0	0	0	0	0	0	0	0	0	0	0	192	0	0	0	0	0	96	500	192	0	
0	0	0	0	0	0	0	0	0	0	0	0	0	0	0	0	0	0	0	0	0	0	0	0	0	0	0	0	0	0	0	0	0	0	0	96	0	0	0	0	0	0	0	0	0	0	0	0	0	0	0	0	0	0	0	0	0	0	0	0	0	0	0	0	0	0	0	0	192	500	
0	0	0	0	0	0	0	0	0	0	0	0	0	0	0	0	0	0	0	0	0	0	0	0	0	0	0	0	0	192	0	0	0	0	0	0	0	0	0	0	0	0	0	0	0	0	0	0	0	0	0	0	0	0	0	0	0	0	0	0	0	0	0	0	96	0	0	0	0	0	
0	0	0	0	0	0	0	0	0	0	0	0	0	0	48	0	0	0	0	0	0	0	0	0	0	0	0	0	0	0	0	0	0	0	0	0	0	0	0	0	0	0	0	0	0	0	0	0	0	0	0	0	0	0	0	0	0	0	0	0	0	0	0	0	500	0	0	0	0	0	
0	0	0	0	0	0	0	0	0	0	0	0	0	0	0	0	0	0	0	0	0	0	0	0	0	96	0	0	0	0	0	0	0	0	0	0	0	0	0	0	0	192	0	192	0	0	0	0	0	0	0	0	0	0	0	0	0	0	0	0	0	0	0	0	192	192	0	0	0	0	
0	0	0	0	0	0	0	0	0	0	0	0	0	0	0	0	0	0	0	0	0	0	0	0	0	0	0	0	0	0	0	0	0	0	0	0	0	0	0	0	0	0	0	192	0	0	0	0	0	0	0	0	0	0	0	0	0	0	0	0	0	0	0	0	0	500	0	0	0	0	
69	44	41	3	43	25	65	34	9	56	59	7	41	2	31	11	47	40	50	65	44	57	41	0	21	66	0	31	30	62	34	61	8	23	45	20	1	41	67	32	55	66	49	41	31	31	8	6	53	37	18	15	2	54	9	38	10	31	46	20	60	41	33	11	21	52	17	27	34	45	37	27	55	19	42	42	31	51	61	48	20	59	36	53	36	11	26	37	27	60	40	30	31	5	49	65	6	27	46	28	10	49	66	33	24	3	66	41	58	41	10	19	26	8	47	9	36	15	42	35	24	25	62	5	37	35	40	21	42	35	11	54	31	7	35	9	55	36	1	50	51	5	6	19	32	27	9	28	12	22	7	39	18	21	17	37	32	23	18	47	22	24	12	57	43	17	40	33	26	12	7	22	56	38	14	0	56	8	12	69	64	58	19	15	49	65	50	7	39	58	11	27	30	20	68	59	9	17	32	2	37	11	42	50	4	17	48	38	51	40	15	16	8	63	27	40	47	45	47	9	6	18	47	51	14	40	51	12	5	50	32	7	36	67	48	14	67	48	56	31	33	2	28	30	68	63	61	4	44	47	30	64	26	69	6	3	12	42	66	0	56	49	58	56	38	50	45	8	52	8	60	63	42	66	10	62	52	14	54	61	56	37	17	54	53	19	41	35	25	43	57	53	54	46	69	46	4	56	69	60	51	54	24	16	8	33	51	58	60	12	50	40	54	23	38	9	40	43	38	39	24	69	51	61	15	61	16	61	22	41	62	37	19	66	24	60	33	0	39	54	48	67	53	15	36	25	41	5	5	1	18	35	15	6	67	31	25	40	49	52	45	24	44	40	50	69	25	69	1	53	57	58	22	65	29	9	35	5	48	10	33	6	9	47	31	65	57	53	46	11	65	51	26	29	43	27	21	18	46	65	68	17	61	29	16	32	59	60	67	53	15	30	24	60	23	17	19	18	48	26	24	68	15	1	53	67	17	5	32	3	31	0	55	42	2	50	53	56	25	35	24	46	26	32	47	65	18	46	1	68	51	26	53	20	49	64	17	32	40	13	22	49	14	44	42	15	40	21	8	22	32	32	62	9	37	24	4	32	22	17	3	47	26	13	9	26	56	51	65	20	8	55	15	25	1	63	60	22	63	16	47	20	14	4	65	32	69	35	50	55	47	12	39	43	62	9	64	32	57	56	21	33	3	30	44	45	27	25	55	20	14	67	52	5	7	35	50	69	3	25	69	13	43	63	64	65	39	36	24	12	8	38	40	43	53	15	53	40	41	14	51	28	59	47	41	65	23	16	39	0	5	0	7	64	46	50	41	17	54	38	53	36	0	3	13	60	45	46	67	35	65	52	2	8	17	63	44	8	19	29	65	59	19	68	27	32	60	59	46	40	59	45	27	62	46	58	20	40	63	61	33	66	47	21	64	33	40	53	1	0	17	43	66	56	9	25	15	5	51	48	35	28	3	2	40	52	40	9	21	9	56	18	51	2	17	21	59	6	8	37	12	5	44	56	66	15	59	40	64	64	32	33	38	69	45	7	54	9	57	9	34	55	52	10	60	9	55	58	3	67	28	47	33	25	42	37	27	26	47	67	50	39	37	42	64	48	5	13	7	46	2	26	12	56	9	60	22	34	51	22	51	49	32	34	0	16	31	6	35	43	3	57	66	11	1	29	6	47	34	34	1	23	17	3	48	38	1	48	32	35	32	13	27	32	57	19	25	12	47	56	37	16	7	32	68	68	22	6	26	37	27	30	52	54	69	34	28	19	2	59	34	37	1	37	24	35	53	18	44	23	31	53	63	32	27	6	1	26	58	5	64	20	60	23	52	7	23	0	37	25	16	62	45	57	4	62	50	20	32	52	13	5	5	43	52	46	11	9	37	51	59	38	10	22	28	27	1	41	53	62	20	12	1	61	35	37	43	24	59	6	31	10	24	54	66	33	44	24	42	1	43	22	45	59	29	6	21	2	17	51	40	34	19	60	47	17	5	18	8	31	21	12	60	56	41	47	16	43	47	36	1	57	61	33	28	26	68	54	58	32	30	45	13	7	41	63	42	23	63	9	65	19	6	54	0	62	62	4	31	34	23	48	62	61	20	33	52	33	9	51	21	8	2	59	44	3	39	31	68	29	16	38	18	26	46	27	19	60	59	20	61	20	50	6	37	50	30	40	51	22	18	23	69	12	27	31	30	43	39	68	21	50	20	52	34	58	25	12	67	63	46	43	39	32	29	0	6	30	36	18	53	17	39	50	19	5	59	59	54	11	56	53	45	47	30	6	62	5	29	41	33	30	49	29	11	12	28	54	61	31	64	39	8	46	27	25	25	1	36	35	2	68	51	2	36	40	6	60	54	29	11	55	67	47	12	4	58	61	26	56	26	5	59	6	6	55	7	30	52	30	60	32	43	18	42	4	14	53	27	29	28	12	67	10	50	2	39	56	60	45	23	23	55	36	45	5	6	2	1	28	42	36	15	15	50	38	51	23	61	28	56	8	22	46	2	3	18	51	66	55	37	11	51	50	26	13	46	47	26	43	35	37	22	41	57	62	49	66	34	7	3	66	37	1	39	13	58	50	45	5	57	43	24	25	56	9	39	30	15	26	17	58	45	5	6	5	0	7	53	61	6	36	62	42	65	57	44	67	41	30	28	33	34	30	27	56	62	2	50	30	40	30	69	9	2	27	29	20	8	60	29	45	60	12	56	54	24	29	51	36	37	48	55	19	15	42	11	56	32	41	64	43	4	8	0	48	55	61	32	23	35	55	57	39	12	7	67	55	1	31	16	66	8	42	7	37	14	27	58	32	42	26	48	21	1	54	40	59	16	46	37	50	27	62	26	59	17	63	53	68	18	10	23	47	48	39	44	57	65	11	56	20	47	31	12	48	54	47	61	62	58	8	1	54	0	38	19	2	36	42	41	35	30	53	36	1	25	65	47	22	50	12	17	35	9	10	64	14	33	21	29	19	50	43	13	41	64	18	0	14	9	48	53	49	61	40	69	12	40	61	34	31	49	55	46	37	6	61	66	3	47	56	34	12	22	36	25	57	17	10	52	54	37	29	30	1	66	4	9	48	41	67	42	30	31	28	25	32	0	68	56	44	42	30	18	3	62	69	64	30	23	42	56	6	3	11	0	51	51	24	7	45	51	16	5	40	3	10	27	59	15	51	44	13	33	48	9	66	52	27	2	68	36	68	38	23	65	12	53	5	49	58	31	33	32	5	29	20	61	27	26	60	60	19	68	9	46	56	27	31	17	6	6	37	10	30	19	64	36	50	7	31	14	53	21	26	54	66	65	56	17	27	34	58	33	13	60	54	34	3	31	50	44	24	36	53	31	30	28	13	9	19	14	4	33	42	69	54	25	0	53	28	37	44	9	13	5	45	58	22	21	55	31	7	23	36	33	45	53	17	67	23	2	69	40	25	66	45	62	69	15	44	22	30	3	26	24	10	16	69	2	5	23	20	56	62	34	62	16	49	30	10	41	54	37	16	19	36	52	1	27	15	56	4	62	13	65	61	55	61	12	35	61	33	1	64	56	36	45	49	15	2	48	33	25	57	0	18	57	68	16	13	40	0	32	47	61	6	51	27	43	65	17	29	54	57	35	66	59	6	57	31	49	20	69	44	53	48	46	39	34	66	58	23	65	22	28	51	40	25	49	20	8	36	55	17	53	15	16	50	7	8	41	18	6	31	39	51	68	56	66	19	32	50	55	2	54	57	0	43	9	20	65	66	48	67	65	15	26	22	38	35	68	50	11	43	37	65	52	20	29	33	8	55	17	51	31	21	17	41	41	47	5	15	1	51	35	46	15	43	
8	13	31	3	32	62	55	66	58	18	42	64	26	4	48	18	22	22	3	66	50	12	68	10	13	4	30	69	8	29	17	29	1	28	67	44	36	64	17	33	37	26	34	1	60	18	0	23	41	30	45	19	36	44	48	47	16	33	42	38	45	6	14	51	30	17	68	11	55	62	16	35	46	13	15	46	22	21	69	29	66	4	27	34	14	7	20	47	6	40	10	49	55	45	36	9	38	56	44	50	33	58	54	6	6	49	65	57	64	29	64	40	34	36	27	59	42	41	0	22	66	34	12	26	35	16	14	41	23	15	5	24	30	59	1	12	1	64	38	37	37	34	39	60	22	57	33	21	58	6	62	39	56	8	44	45	63	57	14	10	61	25	23	6	52	56	53	2	37	4	14	68	25	52	13	15	34	59	69	64	4	51	67	30	50	54	53	46	66	46	53	59	26	23	22	10	43	5	26	36	50	9	3	6	26	4	59	57	69	66	60	60	19	34	16	8	56	17	40	26	49	43	55	62	47	27	19	23	1	29	46	55	38	8	0	65	55	48	37	58	64	62	17	67	40	34	61	40	8	54	1	68	28	58	29	21	0	27	18	2	1	12	61	1	69	11	13	55	38	43	28	6	23	1	2	36	1	59	62	58	46	23	23	34	0	27	49	4	22	33	12	69	43	15	65	1	25	25	53	26	52	59	26	53	23	7	27	39	50	40	23	5	35	3	21	62	41	22	46	13	57	52	19	33	0	40	6	69	36	42	44	6	25	34	50	1	1	34	30	3	43	53	22	26	58	65	23	22	8	49	30	62	25	13	33	29	10	32	18	6	46	8	66	53	41	46	14	56	23	4	14	2	58	29	63	53	37	5	14	52	57	48	10	13	9	66	2	1	17	69	33	10	53	63	51	39	29	25	15	4	26	66	44	48	29	46	6	13	54	42	11	22	37	9	44	12	17	69	52	14	11	64	61	31	63	5	9	30	1	41	39	5	17	16	66	67	34	26	65	58	39	29	18	7	39	20	9	53	46	32	53	9	6	43	34	64	12	43	5	45	18	40	27	64	0	57	5	2	69	64	46	45	4	50	27	12	63	1	47	10	40	24	23	62	0	67	32	53	39	47	55	4	24	14	57	27	52	3	12	65	9	10	7	62	11	37	50	39	36	48	19	25	59	52	17	28	7	11	49	63	16	16	6	66	17	49	62	63	32	48	17	43	63	21	34	28	11	58	26	24	33	3	69	34	47	56	55	58	25	9	33	28	12	28	24	9	12	5	44	12	14	6	32	18	25	11	61	34	63	60	26	39	0	24	66	40	9	34	60	10	52	68	48	30	33	13	25	63	67	22	6	34	5	1	57	64	35	5	10	66	35	36	54	19	66	39	12	46	15	58	50	43	32	56	26	64	15	49	19	6	65	38	26	55	11	57	17	45	43	63	41	5	9	62	41	39	43	58	56	58	8	65	11	4	41	50	55	4	34	4	16	68	66	61	37	25	31	18	1	28	33	54	6	49	55	15	66	31	60	9	54	8	48	62	31	55	7	52	51	55	18	17	18	27	6	13	49	64	7	48	9	31	25	56	57	9	29	20	63	9	55	42	23	42	9	51	42	43	6	61	32	19	43	20	28	43	40	50	57	60	8	0	37	43	19	8	62	19	17	21	33	29	33	15	19	22	36	39	46	49	44	7	0	40	45	28	54	50	24	32	61	1	41	20	31	14	11	40	17	14	24	27	55	43	7	7	59	32	51	25	44	9	49	53	27	51	30	33	21	36	35	37	10	31	40	47	56	2	16	21	62	69	39	39	63	45	39	27	7	66	13	19	48	4	35	45	53	50	4	43	9	21	1	65	46	30	4	11	53	27	33	29	7	54	16	55	49	48	64	65	4	60	44	19	59	21	0	6	2	48	35	66	20	8	6	54	24	64	10	52	22	16	4	2	54	36	21	14	41	49	25	69	52	16	10	35	9	12	27	59	24	49	59	39	64	57	49	12	22	59	0	46	44	41	61	3	5	19	54	65	16	58	62	45	20	18	3	4	48	42	38	12	59	57	20	26	3	55	64	1	51	27	43	55	52	37	6	46	62	16	49	66	69	3	40	49	52	69	4	65	30	44	38	12	31	5	49	42	58	60	58	29	44	50	68	25	38	16	57	62	35	21	22	18	64	26	34	33	17	24	37	10	43	32	41	51	20	39	10	9	3	6	37	42	63	46	17	18	22	44	0	59	64	47	40	8	64	8	44	69	49	29	29	55	11	1	53	66	28	22	58	13	5	45	69	32	57	27	29	51	66	63	53	38	5	21	30	34	8	8	13	15	18	24	56	8	14	32	64	5	65	28	51	62	50	41	21	7	20	5	49	52	41	62	10	5	6	31	8	28	40	28	9	21	65	15	46	62	53	45	18	69	55	68	3	0	16	60	37	37	33	46	65	22	28	67	18	23	9	58	48	66	29	20	29	15	62	4	5	22	0	67	61	56	16	62	44	60	45	52	54	68	26	14	22	47	19	67	6	46	14	61	2	9	38	40	27	15	2	59	8	30	58	15	51	35	12	29	40	34	61	5	0	22	10	53	67	49	26	66	48	67	17	26	30	6	17	32	54	3	43	50	1	22	27	35	64	24	45	35	5	61	12	1	37	55	49	27	56	36	49	14	20	14	34	44	54	55	28	68	69	5	38	53	43	8	49	6	44	14	63	22	7	1	41	44	8	27	22	18	66	8	21	31	58	52	69	33	17	33	13	13	56	11	69	0	0	49	64	55	51	12	60	55	52	10	0	67	65	0	53	31	34	51	23	6	22	25	44	6	64	11	43	12	28	31	67	29	26	20	4	48	29	36	38	0	6	18	40	6	5	68	29	60	26	25	55	65	64	11	49	35	47	49	49	67	60	1	34	18	48	63	11	4	46	69	15	8	7	25	31	4	44	13	6	40	57	0	50	19	44	27	6	55	48	24	43	44	12	63	41	35	4	44	17	50	38	57	47	5	69	46	45	65	40	53	3	53	64	55	19	66	36	63	67	1	13	15	18	15	37	13	38	5	39	35	31	68	19	7	12	3	42	67	14	53	0	56	12	25	35	48	32	8	48	66	22	15	62	12	61	55	55	1	10	17	11	35	57	45	49	61	52	5	19	41	10	42	68	22	44	38	63	58	23	59	6	28	23	32	9	24	36	37	17	17	45	69	4	59	34	62	64	8	22	9	66	30	44	44	41	21	31	26	69	23	62	14	3	28	62	64	61	68	6	25	55	1	4	31	8	31	26	55	8	66	8	26	42	50	38	55	57	61	54	63	57	13	20	15	22	10	11	30	21	56	50	25	42	29	31	33	44	35	43	35	26	32	13	60	23	23	11	17	60	10	35	5	42	28	48	67	13	29	18	26	13	13	40	39	45	40	65	23	34	65	17	59	40	48	39	45	23	35	35	58	49	16	55	4	23	14	60	34	38	39	9	33	65	10	38	11	2	35	30	69	53	66	20	9	63	43	18	46	32	7	34	58	28	1	54	64	4	33	14	60	39	32	62	2	29	37	64	13	58	20	5	41	45	37	0	20	31	32	22	15	64	27	26	21	4	51	27	49	62	23	34	17	24	17	41	67	41	42	33	42	8	59	64	7	8	58	13	25	4	9	61	9	55	16	5	12	45	18	52	33	55	62	61	42	51	62	24	31	55	23	40	33	62	26	6	47	18	49	6	30	12	59	5	40	3	60	44	45	25	58	0	20	60	19	36	5	4	44	7	30	68	59	3	66	15	1	43	19	2	28	53	46	37	42	58	49	54	19	19	53	13	30	67	14	11	24	29	35	19	25	6	7	7	11	
28	24	38	40	40	38	27	33	30	29	31	37	31	29	39	22	25	36	24	30	20	40	31	34	33	37	34	34	23	39	20	26	26	26	40	24	32	36	34	30	23	23	34	29	33	26	28	30	26	24	36	36	33	39	29	36	35	40	24	28	21	25	22	32	29	29	30	36	32	27	36	24	36	39	24	21	38	27	26	24	31	20	21	23	26	22	25	37	33	20	34	26	30	39	37	37	27	35	34	40	33	25	38	22	27	35	25	40	34	28	31	22	20	22	20	35	23	33	30	26	29	28	40	40	24	31	39	26	27	25	36	23	39	37	24	39	23	39	22	37	23	38	33	35	35	38	29	28	31	40	23	36	40	26	21	30	25	32	30	37	23	20	29	40	30	37	35	40	23	36	29	21	33	28	32	25	40	32	21	40	40	35	23	27	33	26	24	38	20	24	40	39	20	21	24	23	28	36	28	24	38	21	28	39	40	28	20	36	27	28	29	40	36	28	20	32	22	21	20	27	20	31	26	20	25	33	40	40	37	37	28	27	26	25	26	37	37	21	28	26	34	29	28	38	22	34	28	40	24	39	40	34	20	38	37	36	32	31	40	28	21	39	35	35	24	40	26	34	21	40	35	29	20	25	33	38	34	32	32	25	35	20	29	37	26	32	21	30	38	33	24	40	34	22	25	26	35	26	30	31	33	36	25	32	23	27	35	29	33	32	35	24	28	31	26	30	28	24	40	25	29	35	39	36	40	40	40	23	33	23	20	29	28	38	32	21	23	30	38	23	26	28	22	26	31	31	36	20	34	33	21	32	29	21	20	32	22	25	26	25	31	25	37	20	36	39	32	38	29	40	20	21	32	33	28	35	28	40	30	35	34	20	21	34	32	34	28	31	23	38	27	39	27	24	29	26	30	38	25	20	21	31	22	37	21	23	35	27	25	27	21	27	34	30	23	21	40	24	27	35	23	27	39	38	28	38	31	40	33	31	29	30	23	27	28	22	33	34	36	32	26	22	26	29	29	31	31	36	29	21	35	34	39	29	20	21	24	33	20	39	26	27	36	33	30	34	21	33	33	24	37	21	32	29	26	35	30	36	31	38	32	38	31	20	38	22	38	24	36	36	36	27	31	26	30	23	29	26	37	27	24	29	20	24	31	31	38	39	24	26	34	20	33	34	34	27	21	36	26	33	38	28	36	35	24	21	24	21	37	27	30	40	21	25	20	25	25	40	25	28	33	33	26	23	26	35	21	21	26	25	28	34	25	27	39	38	33	25	36	40	34	35	20	28	27	30	22	25	29	28	29	20	31	26	39	40	39	38	32	39	33	21	27	26	21	38	36	29	39	26	25	25	29	32	35	29	28	28	29	24	32	36	26	23	21	21	38	38	28	37	38	28	22	35	20	32	26	35	33	27	30	28	28	38	31	29	29	20	35	34	34	36	35	33	29	39	32	37	35	36	21	32	23	33	39	36	28	22	30	28	20	20	24	22	25	32	28	29	22	24	34	32	21	40	26	36	22	38	39	22	26	36	20	24	22	20	35	28	35	40	32	30	40	34	33	38	34	20	20	22	21	32	28	27	38	37	22	20	39	22	34	34	26	36	27	39	38	28	27	20	24	30	30	22	25	31	33	39	39	36	26	32	30	25	32	26	33	40	37	31	22	32	36	29	38	24	23	31	35	23	24	24	31	33	24	23	40	22	33	34	40	40	25	28	32	22	28	29	20	29	25	39	39	33	24	39	35	27	23	26	39	29	40	35	31	35	22	20	38	34	35	35	34	39	34	21	21	32	31	25	39	38	38	24	32	32	36	29	28	38	24	25	21	35	37	30	37	38	35	39	34	29	25	38	34	25	25	22	22	27	36	29	38	33	33	40	22	23	30	36	29	37	33	28	37	23	37	20	20	33	37	22	23	25	21	39	24	27	36	26	39	27	24	20	23	22	28	35	27	27	25	25	23	38	32	28	27	27	28	22	26	35	20	34	36	31	24	30	30	37	34	31	32	26	32	20	21	23	24	26	39	23	34	36	30	27	28	38	31	26	32	24	20	30	24	23	39	32	23	25	31	28	28	40	31	31	33	21	30	40	30	38	34	24	40	30	33	31	31	33	28	21	32	25	35	24	27	21	33	21	25	23	37	29	39	23	23	28	38	25	27	28	34	25	33	37	35	31	23	38	30	31	23	25	34	28	34	34	27	30	37	20	32	28	35	24	23	23	38	23	25	21	26	38	24	20	40	22	38	37	36	25	32	20	21	38	21	28	30	37	24	34	28	34	40	20	35	21	22	31	28	38	26	22	22	20	22	32	20	20	28	30	25	35	39	34	28	34	36	31	40	40	26	30	39	25	38	20	29	35	37	29	34	32	35	30	37	38	25	23	27	25	35	21	26	35	27	33	34	31	25	32	37	37	23	21	26	25	38	29	31	36	30	36	23	33	26	34	35	21	32	25	24	28	33	34	29	23	37	27	32	32	39	30	25	35	23	38	25	27	24	30	31	35	23	34	31	40	35	26	40	20	40	21	29	39	25	38	33	27	25	29	40	29	24	39	38	20	34	23	23	40	39	35	40	21	38	26	36	39	31	21	24	32	29	20	29	20	40	35	29	40	24	40	21	22	31	29	26	33	38	28	29	27	22	40	24	23	29	23	26	23	21	37	27	40	29	34	34	23	37	25	29	29	39	31	26	24	40	32	28	34	21	35	20	39	38	34	35	22	38	36	24	22	29	24	26	20	20	25	36	40	32	23	40	34	22	24	34	38	39	38	35	22	23	21	20	26	39	21	31	30	34	39	34	21	20	39	40	36	40	23	35	21	36	40	36	35	30	40	33	27	37	29	33	25	23	22	23	31	34	40	38	21	25	38	39	40	26	29	40	33	35	40	20	37	20	24	40	33	31	30	28	33	30	38	34	29	29	30	32	26	33	37	40	29	28	28	33	39	33	36	32	38	28	29	33	40	38	28	34	34	27	28	29	30	32	32	35	28	31	21	33	38	30	24	21	33	36	28	33	38	31	20	27	30	34	39	29	21	32	26	33	24	25	22	24	36	39	28	36	29	29	32	24	26	27	34	23	40	24	33	39	23	27	38	31	38	26	21	21	24	21	24	33	38	36	25	37	33	39	24	20	31	39	31	25	24	25	39	35	24	35	33	26	29	32	35	29	28	29	21	22	27	34	38	38	35	25	38	24	34	20	23	36	28	30	23	26	20	21	26	23	24	23	39	30	36	37	26	32	39	36	38	37	24	30	29	37	29	23	24	27	31	38	36	25	27	36	26	25	28	22	22	39	35	30	20	21	37	27	29	25	33	30	39	29	22	26	24	30	40	40	21	22	40	34	25	21	35	39	30	23	38	30	26	33	22	25	34	37	39	30	20	22	20	38	20	31	20	30	30	27	27	33	26	35	40	30	28	29	38	21	22	23	33	21	29	26	26	37	24	38	20	20	30	39	25	22	34	21	34	37	26	23	25	21	35	25	36	35	20	32	22	31	28	32	39	36	32	28	29	33	40	33	24	33	35	27	24	34	38	40	35	29	22	33	35	37	40	37	23	37	33	24	23	30	24	32	36	35	40	40	28	35	25	29	20	38	32	21	26	23	25	22	36	28	34	39	26	23	35	35	30	24	23	38	40	34	28	38	30	22	28	23	31	39	37	25	33	34	31	24	23	36	28	22	31	34	39	35	23	23	30	24	33	31	40	29	38	22	22	32	35	33	34	38	24	33	32	25	40	40	21	21	24	24	38	32	35	24	40	38	32	23	38	30	27	28	27	31	40	34	38	29	26	20	23	30	23	31	26	20	35	34	28	26	26	33	22	
10	24	15	19	28	34	19	33	41	19	10	17	11	29	45	20	35	44	24	38	16	26	31	15	42	38	17	21	48	45	37	33	46	23	48	26	20	45	15	17	47	48	46	41	27	36	35	39	18	10	18	42	28	25	18	40	46	50	30	47	48	20	31	23	30	31	20	48	14	27	43	25	47	22	29	43	40	32	48	16	33	45	34	22	49	16	45	45	13	36	15	40	22	48	47	16	46	16	38	36	44	45	38	17	50	48	49	43	12	11	20	23	21	13	31	49	42	16	39	47	49	31	31	21	45	12	40	44	46	11	40	41	12	13	49	44	41	22	21	42	41	21	10	39	44	30	36	31	48	10	27	40	32	11	14	13	45	48	10	46	23	44	24	32	20	28	14	25	22	28	26	50	25	35	26	16	37	40	26	30	21	43	27	33	48	11	32	43	40	32	26	13	11	25	28	19	43	45	40	11	27	41	40	28	28	10	15	21	50	28	10	36	25	39	48	35	47	16	13	32	40	18	13	46	21	13	18	44	10	15	24	12	17	16	10	34	12	40	35	47	27	11	15	29	41	34	26	17	24	12	14	21	38	21	40	32	36	44	46	35	37	30	14	38	26	10	35	20	20	18	13	23	21	33	50	49	10	22	29	19	21	23	45	19	35	18	44	45	19	10	23	43	35	50	30	49	15	16	41	14	37	13	17	39	14	38	19	34	50	29	25	12	39	44	19	47	26	13	32	21	12	39	41	28	47	21	47	47	10	30	48	40	22	50	14	24	18	43	12	18	38	31	23	45	23	19	18	14	35	21	23	13	40	14	28	41	25	41	44	49	20	17	41	36	19	41	33	21	18	33	17	50	19	13	18	39	15	47	38	12	41	37	36	12	32	21	50	50	12	30	38	25	39	23	29	10	12	12	32	29	14	10	33	19	16	19	19	12	16	40	27	50	27	46	14	37	13	46	45	49	33	39	46	49	28	23	29	46	13	20	47	27	10	34	46	15	42	25	44	28	21	33	31	49	29	34	49	16	35	22	20	24	17	28	47	49	44	10	20	22	13	29	46	26	29	48	42	41	38	25	20	44	21	35	41	27	16	25	36	23	31	27	36	17	39	16	16	44	25	12	10	49	47	14	47	16	33	37	21	23	49	27	24	41	29	47	11	25	45	46	26	35	23	44	36	29	19	36	46	35	46	13	34	35	35	42	17	49	25	36	10	14	34	43	15	40	19	14	41	46	12	50	12	23	35	18	30	29	23	25	39	23	50	47	12	23	12	24	35	22	37	30	27	13	29	40	11	41	42	44	50	26	26	14	36	19	28	26	46	18	12	25	47	18	48	42	20	32	10	20	18	16	31	45	49	32	25	21	40	12	11	31	31	39	47	12	12	42	36	42	41	15	29	46	13	30	34	50	48	31	32	32	34	33	33	25	44	38	26	44	27	47	41	19	35	21	18	39	11	20	20	21	12	21	17	48	30	28	40	37	20	13	30	27	19	43	11	37	39	43	23	12	41	31	19	26	39	16	40	22	38	36	14	28	39	46	28	50	42	14	19	40	49	36	16	49	22	13	42	25	43	37	20	33	50	40	13	44	20	42	49	44	44	49	11	49	37	50	14	44	48	37	23	43	47	20	45	32	22	36	26	32	42	40	40	28	31	10	14	50	29	49	14	41	31	39	12	29	45	43	50	17	45	17	36	30	34	25	47	13	45	32	25	27	36	13	14	46	43	32	35	47	18	49	42	48	32	47	12	33	50	35	15	34	40	14	19	38	18	43	15	17	18	50	15	44	29	46	15	40	22	27	18	43	29	10	20	10	43	33	21	16	30	27	25	41	12	20	47	10	48	44	34	20	41	19	46	27	11	37	47	45	27	35	14	32	48	24	16	24	30	16	14	43	33	29	32	21	18	22	40	44	39	36	45	24	17	23	21	11	11	49	10	37	35	36	50	49	43	50	31	21	12	38	43	18	47	10	38	11	28	44	33	13	40	30	10	48	30	20	34	13	46	30	31	42	14	29	44	30	41	18	26	41	48	27	10	50	38	21	45	26	26	23	26	24	27	27	22	35	33	39	35	27	11	11	28	22	41	17	32	49	11	19	34	47	34	24	17	40	35	13	46	21	32	10	45	29	11	37	16	20	26	23	50	29	47	13	28	26	34	18	47	10	10	12	50	22	18	41	39	16	45	46	25	30	22	47	28	47	27	30	42	29	36	30	18	22	49	26	40	48	11	32	17	21	25	50	34	25	37	46	36	11	46	48	34	19	45	21	32	29	33	46	12	46	39	39	35	23	26	39	18	41	40	30	19	35	15	19	20	19	10	49	12	11	16	11	34	34	39	24	18	35	49	14	42	17	14	34	23	16	46	42	44	22	16	20	36	19	16	43	50	19	44	42	41	43	21	45	41	49	29	17	29	26	28	17	21	49	10	32	32	38	36	47	13	26	21	37	37	17	38	49	37	11	26	12	34	49	22	10	34	19	26	49	17	50	43	34	45	13	45	44	38	23	23	12	25	29	50	17	17	15	15	49	14	30	25	23	43	16	44	16	38	50	46	40	26	30	47	32	44	16	23	31	12	47	16	48	33	25	31	10	49	37	39	43	24	12	48	23	11	18	25	23	46	47	36	50	38	32	10	36	11	36	43	42	36	22	33	16	22	49	21	19	14	28	14	40	18	40	41	12	13	32	13	32	28	34	35	39	24	31	40	33	31	25	25	47	45	38	19	15	42	36	48	43	18	14	40	11	41	50	14	32	18	12	45	12	18	48	31	49	18	23	13	33	45	18	45	48	19	16	24	16	38	12	30	21	39	30	12	38	44	28	15	20	12	23	40	13	41	22	50	17	13	33	49	20	24	32	30	12	22	23	24	50	19	12	26	44	13	11	22	49	28	39	40	50	46	11	14	47	26	34	50	17	11	45	33	29	43	10	39	32	17	35	30	24	21	21	31	21	23	34	45	12	29	37	16	49	22	50	37	23	39	26	10	36	46	14	14	44	13	30	48	28	36	46	36	10	26	24	45	46	38	41	27	12	39	48	44	38	24	35	34	10	50	26	46	16	29	38	30	43	10	35	36	49	41	40	42	20	47	47	13	13	35	18	18	26	19	49	17	17	45	43	25	41	11	17	37	26	44	28	39	27	43	10	11	15	17	13	34	12	34	34	35	39	23	41	36	45	43	41	27	28	46	48	35	44	29	27	40	18	12	12	17	16	47	21	41	28	14	22	30	16	23	20	38	18	47	45	27	40	33	42	20	40	20	14	24	20	33	48	43	50	38	15	43	41	42	23	21	46	26	11	39	13	46	23	40	44	40	15	30	29	22	46	12	22	41	29	29	38	16	26	12	42	11	21	34	40	13	32	10	39	47	15	47	33	34	44	18	26	21	36	41	45	44	30	13	24	40	24	16	40	21	26	17	36	38	17	48	46	42	42	16	50	36	28	22	16	19	10	40	14	17	35	19	24	18	27	10	49	41	40	37	13	32	35	16	10	39	37	23	47	41	37	18	46	28	17	32	32	28	47	33	29	28	45	32	10	30	23	10	15	46	37	35	22	10	36	44	38	48	24	26	33	12	45	42	38	26	26	45	42	29	40	15	29	40	20	16	44	31	13	32	32	48	11	30	13	39	25	21	25	35	47	24	15	22	50	15	28	12	31	38	13	17	42	45	17	31	18	31	21	46	44	22	42	49	50	38	28	39	18	22	45	25	39	46	35	39	37	37	24	40	17	29	21	24	20	18	43	16	33	43	26	12	38	19	23	42	26	29	36	26	49	17	17	12	46	50	30	16	41	43	37	19	27	36	42	13	50	25	34	49	50	
5
70
