1690
70
0	0	0	0	96	0	0	0	0	0	0	0	0	0	0	0	0	0	0	0	0	500	0	0	0	0	0	0	0	0	0	0	0	0	0	0	0	0	0	0	0	0	0	0	0	0	0	0	0	0	0	0	0	0	0	0	0	0	500	0	0	0	0	0	0	0	0	0	0	0	
0	0	0	0	0	0	0	0	0	0	0	0	0	0	0	0	0	0	0	0	0	0	0	0	0	0	500	0	192	0	0	0	0	0	0	0	0	0	0	0	0	0	0	0	0	0	0	0	0	0	0	0	0	0	0	0	0	0	0	0	0	0	0	0	0	0	0	0	0	0	
0	0	0	0	0	0	0	0	0	0	0	0	0	0	0	0	0	0	0	0	0	0	0	0	0	0	0	0	0	0	0	0	0	0	0	0	0	0	0	0	0	0	0	0	0	0	0	0	48	0	0	0	0	0	0	192	0	0	0	0	0	0	0	0	0	0	0	0	0	0	
0	0	0	0	0	0	0	0	0	0	0	0	0	0	0	0	0	0	0	0	0	0	0	0	0	0	0	500	0	0	0	0	96	0	0	0	0	0	0	0	0	0	0	192	0	0	0	0	0	0	0	0	0	0	96	0	0	500	0	0	0	0	0	0	0	0	0	0	0	0	
96	0	0	0	0	0	0	0	0	0	0	0	0	0	0	0	0	0	0	0	0	0	0	0	0	0	0	0	0	0	0	0	0	0	0	0	500	0	0	0	0	0	0	0	0	0	0	0	0	0	0	0	0	0	0	0	0	0	0	0	0	0	0	0	0	0	0	0	0	0	
0	0	0	0	0	0	0	0	0	0	0	0	0	0	0	0	0	0	0	0	0	0	0	0	192	0	0	0	0	0	0	192	0	0	0	0	0	0	0	192	0	0	0	0	0	0	0	0	0	0	0	0	0	0	0	0	0	0	0	0	0	0	0	0	0	0	0	0	0	0	
0	0	0	0	0	0	0	0	0	0	0	0	0	0	0	0	0	192	0	0	0	0	0	0	0	0	0	0	0	0	0	0	0	0	0	0	0	0	192	0	0	500	0	0	0	0	0	0	0	0	0	0	0	0	0	0	0	0	0	0	0	0	0	0	0	0	0	0	0	0	
0	0	0	0	0	0	0	0	0	0	0	0	0	0	0	192	0	0	0	96	0	0	0	0	0	0	0	0	0	0	0	0	0	0	0	0	0	0	0	0	0	0	0	0	0	0	0	0	0	0	0	0	0	0	0	0	0	0	0	0	500	96	0	0	0	0	0	192	0	0	
0	0	0	0	0	0	0	0	0	0	0	0	0	0	0	0	0	0	0	0	0	192	0	0	0	0	0	0	0	0	0	0	0	0	0	0	0	0	0	0	0	0	0	0	0	0	0	0	0	0	48	0	0	0	0	0	0	0	0	0	0	0	0	192	0	0	0	0	0	0	
0	0	0	0	0	0	0	0	0	0	0	0	0	0	0	0	0	0	0	0	0	0	0	0	0	0	0	0	0	0	0	0	0	0	192	192	0	0	0	0	0	0	0	0	0	0	0	0	0	0	0	0	0	0	0	0	0	0	0	0	0	0	0	0	0	0	0	0	0	48	
0	0	0	0	0	0	0	0	0	0	0	0	0	0	0	0	0	0	0	0	0	0	0	0	0	0	0	0	0	0	0	0	0	0	0	0	0	0	0	0	0	0	0	0	0	0	48	0	48	0	0	0	0	0	0	500	0	0	0	0	0	0	0	0	0	0	0	0	0	0	
0	0	0	0	0	0	0	0	0	0	0	0	0	0	0	0	0	0	0	192	0	0	0	0	0	0	0	0	0	0	0	0	0	0	0	0	0	0	0	0	0	0	0	0	0	0	192	0	0	0	0	0	0	0	0	0	0	0	0	0	48	0	0	0	0	0	0	0	0	0	
0	0	0	0	0	0	0	0	0	0	0	0	0	0	0	0	0	0	0	0	0	0	0	0	0	192	0	0	0	0	0	0	0	0	0	0	0	0	0	0	0	0	0	0	0	0	0	0	0	0	0	0	0	96	0	0	0	0	0	0	0	0	0	0	0	0	0	0	0	0	
0	0	0	0	0	0	0	0	0	0	0	0	0	0	48	0	0	0	0	0	0	0	0	0	0	0	0	0	0	0	0	0	0	0	0	0	0	0	0	0	0	0	0	0	0	0	0	0	0	0	0	0	0	0	0	0	96	0	0	0	0	0	0	0	0	0	0	0	0	0	
0	0	0	0	0	0	0	0	0	0	0	0	0	48	0	0	0	0	0	0	0	0	0	500	0	0	0	0	0	0	0	0	0	0	48	0	0	0	0	0	0	0	0	0	0	0	0	0	0	0	0	0	0	0	0	0	0	0	0	0	0	0	0	0	0	0	0	0	0	0	
0	0	0	0	0	0	0	192	0	0	0	0	0	0	0	0	0	0	0	0	0	0	0	0	0	0	0	0	0	0	0	0	0	0	0	0	0	0	0	0	0	0	0	0	0	0	0	0	0	0	0	0	0	0	0	0	0	0	0	0	0	500	0	0	0	0	0	0	0	0	
0	0	0	0	0	0	0	0	0	0	0	0	0	0	0	0	0	0	0	0	0	0	0	0	0	0	0	0	0	0	0	0	0	0	0	0	0	0	0	0	0	0	0	0	0	0	0	0	0	0	0	0	0	0	0	0	500	0	0	0	0	0	0	0	0	48	500	0	0	0	
0	0	0	0	0	0	192	0	0	0	0	0	0	0	0	0	0	0	0	0	0	0	0	0	0	0	0	0	0	0	0	0	0	0	0	0	0	0	0	0	0	500	0	0	0	0	0	0	0	0	0	0	0	0	0	0	0	0	0	0	0	0	0	0	0	0	0	0	0	0	
0	0	0	0	0	0	0	0	0	0	0	0	0	0	0	0	0	0	0	0	48	0	0	0	0	0	0	0	0	0	0	0	0	500	0	0	0	0	0	0	0	0	0	0	0	0	0	0	0	0	0	0	0	0	0	0	0	0	0	0	0	0	0	0	0	0	0	0	0	0	
0	0	0	0	0	0	0	96	0	0	0	192	0	0	0	0	0	0	0	0	0	0	0	0	0	0	0	0	0	0	0	0	0	0	0	0	0	0	0	0	0	0	0	0	0	0	0	0	0	0	0	0	0	0	0	0	0	0	0	0	0	0	0	0	0	0	0	0	0	0	
0	0	0	0	0	0	0	0	0	0	0	0	0	0	0	0	0	0	48	0	0	0	0	0	0	0	0	0	0	0	0	0	0	96	0	0	0	0	0	0	0	0	0	0	0	0	0	0	0	0	0	0	0	0	0	0	0	0	0	0	0	0	0	0	0	0	0	0	0	0	
500	0	0	0	0	0	0	0	192	0	0	0	0	0	0	0	0	0	0	0	0	0	0	0	0	0	0	0	0	0	0	0	0	0	0	0	0	0	0	0	0	0	0	0	0	0	0	0	0	0	0	0	0	0	0	0	0	0	0	0	0	0	0	0	0	0	0	0	0	0	
0	0	0	0	0	0	0	0	0	0	0	0	0	0	0	0	0	0	0	0	0	0	0	0	0	0	0	0	0	0	0	0	0	0	0	0	0	0	0	0	0	0	0	0	0	500	0	0	0	0	0	0	192	0	0	0	0	0	0	0	0	0	0	0	0	0	0	0	0	0	
0	0	0	0	0	0	0	0	0	0	0	0	0	0	500	0	0	0	0	0	0	0	0	0	0	0	0	0	0	0	0	0	0	0	0	0	0	0	0	0	0	0	500	0	0	0	0	0	0	0	0	0	0	0	0	0	0	0	0	0	0	0	0	0	0	0	0	0	0	0	
0	0	0	0	0	192	0	0	0	0	0	0	0	0	0	0	0	0	0	0	0	0	0	0	0	0	0	0	0	0	0	0	0	0	0	0	0	0	0	500	0	0	0	0	0	0	0	0	0	0	0	0	0	0	0	0	0	0	0	0	0	0	0	0	0	0	0	0	0	0	
0	0	0	0	0	0	0	0	0	0	0	0	192	0	0	0	0	0	0	0	0	0	0	0	0	0	0	0	0	0	0	0	0	0	0	0	0	0	0	0	0	0	0	192	0	0	0	0	0	0	0	0	0	96	0	0	0	0	0	0	0	0	0	0	0	0	0	0	0	0	
0	500	0	0	0	0	0	0	0	0	0	0	0	0	0	0	0	0	0	0	0	0	0	0	0	0	0	0	500	0	0	0	0	96	0	0	0	0	0	0	0	0	48	0	0	0	0	0	0	0	0	0	0	0	0	0	0	0	0	0	0	0	0	0	0	0	0	0	48	0	
0	0	0	500	0	0	0	0	0	0	0	0	0	0	0	0	0	0	0	0	0	0	0	0	0	0	0	0	0	500	0	0	192	0	0	0	0	0	0	0	0	0	0	0	0	0	0	0	0	500	0	0	0	0	500	0	0	0	0	0	0	0	0	0	0	0	0	0	0	0	
0	192	0	0	0	0	0	0	0	0	0	0	0	0	0	0	0	0	0	0	0	0	0	0	0	0	500	0	0	0	0	0	0	0	0	0	0	0	0	0	0	0	0	0	0	0	0	0	0	0	0	0	0	0	0	0	0	0	0	0	0	0	0	0	0	0	0	0	0	0	
0	0	0	0	0	0	0	0	0	0	0	0	0	0	0	0	0	0	0	0	0	0	0	0	0	0	0	500	0	0	0	0	0	0	0	0	0	0	0	0	0	0	0	0	0	0	0	0	0	48	0	0	0	0	0	0	0	0	0	0	0	0	0	0	0	0	0	0	0	0	
0	0	0	0	0	0	0	0	0	0	0	0	0	0	0	0	0	0	0	0	0	0	0	0	0	0	0	0	0	0	0	0	0	0	0	500	0	0	0	0	0	0	0	0	0	0	0	0	0	0	0	0	0	0	0	0	0	0	0	0	0	0	0	0	0	0	0	0	0	96	
0	0	0	0	0	192	0	0	0	0	0	0	0	0	0	0	0	0	0	0	0	0	0	0	0	0	0	0	0	0	0	0	0	0	500	0	0	0	0	0	192	0	0	0	0	0	0	0	0	0	0	0	0	0	0	0	0	500	0	0	0	0	0	0	0	0	0	0	0	0	
0	0	0	96	0	0	0	0	0	0	0	0	0	0	0	0	0	0	0	0	0	0	0	0	0	0	0	192	0	0	0	0	0	0	0	0	0	0	0	0	0	0	0	0	0	0	0	0	0	0	0	0	0	0	0	0	0	192	0	0	0	0	0	0	0	0	0	0	0	0	
0	0	0	0	0	0	0	0	0	0	0	0	0	0	0	0	0	0	500	0	96	0	0	0	0	0	96	0	0	0	0	0	0	0	0	0	0	0	0	0	0	0	0	0	0	0	0	0	0	0	0	0	0	0	0	0	0	0	0	0	0	0	0	0	0	0	0	0	0	0	
0	0	0	0	0	0	0	0	0	192	0	0	0	0	48	0	0	0	0	0	0	0	0	0	0	0	0	0	0	0	0	500	0	0	0	0	0	0	0	0	0	0	0	0	0	0	0	0	0	0	0	0	0	0	0	0	0	0	0	0	0	0	0	0	0	0	0	0	0	0	
0	0	0	0	0	0	0	0	0	192	0	0	0	0	0	0	0	0	0	0	0	0	0	0	0	0	0	0	0	0	500	0	0	0	0	0	0	0	0	0	0	0	0	0	0	0	0	0	0	0	0	0	0	0	0	0	0	0	500	0	0	0	0	0	0	0	0	0	0	0	
0	0	0	0	500	0	0	0	0	0	0	0	0	0	0	0	0	0	0	0	0	0	0	0	0	0	0	0	0	0	0	0	0	0	0	0	0	0	0	0	0	0	0	0	0	0	0	192	0	0	0	0	0	0	0	96	0	0	0	0	0	0	0	0	0	0	0	0	0	0	
0	0	0	0	0	0	0	0	0	0	0	0	0	0	0	0	0	0	0	0	0	0	0	0	0	0	0	0	0	0	0	0	0	0	0	0	0	0	500	0	0	0	0	0	0	0	0	0	0	0	0	96	0	0	0	0	0	0	0	0	0	0	0	0	0	0	0	0	0	0	
0	0	0	0	0	0	192	0	0	0	0	0	0	0	0	0	0	0	0	0	0	0	0	0	0	0	0	0	0	0	0	0	0	0	0	0	0	500	0	0	0	0	0	0	0	0	0	0	0	0	0	48	0	0	0	0	0	0	0	0	0	0	0	0	0	0	0	0	0	0	
0	0	0	0	0	192	0	0	0	0	0	0	0	0	0	0	0	0	0	0	0	0	0	0	500	0	0	0	0	0	0	0	0	0	0	0	0	0	0	0	0	0	0	0	0	0	0	0	0	0	0	0	0	0	0	0	0	0	0	0	0	0	0	0	0	0	0	0	0	0	
0	0	0	0	0	0	0	0	0	0	0	0	0	0	0	0	0	0	0	0	0	0	0	0	0	0	0	0	0	0	0	192	0	0	0	0	0	0	0	0	0	0	0	0	192	0	0	0	0	0	0	0	0	0	0	0	0	0	0	0	0	0	0	0	0	0	0	0	0	0	
0	0	0	0	0	0	500	0	0	0	0	0	0	0	0	0	0	500	0	0	0	0	0	0	0	0	0	0	0	0	0	0	0	0	0	0	0	0	0	0	0	0	0	0	0	0	0	0	0	0	0	0	0	0	0	0	0	0	0	0	0	0	0	0	0	0	0	0	0	0	
0	0	0	0	0	0	0	0	0	0	0	0	0	0	0	0	0	0	0	0	0	0	0	500	0	0	48	0	0	0	0	0	0	0	0	0	0	0	0	0	0	0	0	0	0	0	0	0	0	0	0	0	0	0	0	0	0	0	0	0	0	0	0	0	0	0	0	0	0	0	
0	0	0	192	0	0	0	0	0	0	0	0	0	0	0	0	0	0	0	0	0	0	0	0	0	192	0	0	0	0	0	0	0	0	0	0	0	0	0	0	0	0	0	0	0	0	0	0	0	0	0	0	0	0	0	0	0	0	0	0	0	0	0	0	0	0	0	0	0	0	
0	0	0	0	0	0	0	0	0	0	0	0	0	0	0	0	0	0	0	0	0	0	0	0	0	0	0	0	0	0	0	0	0	0	0	0	0	0	0	0	192	0	0	0	0	0	0	0	0	0	0	0	0	500	0	0	0	0	0	0	0	0	0	0	0	0	0	0	0	0	
0	0	0	0	0	0	0	0	0	0	0	0	0	0	0	0	0	0	0	0	0	0	500	0	0	0	0	0	0	0	0	0	0	0	0	0	0	0	0	0	0	0	0	0	0	0	0	0	0	0	0	0	48	0	0	0	0	0	0	0	0	0	0	0	96	0	0	0	0	0	
0	0	0	0	0	0	0	0	0	0	48	192	0	0	0	0	0	0	0	0	0	0	0	0	0	0	0	0	0	0	0	0	0	0	0	0	0	0	0	0	0	0	0	0	0	0	0	0	0	0	0	0	0	0	0	96	0	0	0	0	0	0	0	0	0	0	0	0	0	0	
0	0	0	0	0	0	0	0	0	0	0	0	0	0	0	0	0	0	0	0	0	0	0	0	0	0	0	0	0	0	0	0	0	0	0	0	192	0	0	0	0	0	0	0	0	0	0	0	0	0	0	0	0	0	0	0	0	0	0	0	0	0	0	96	0	0	0	0	0	0	
0	0	48	0	0	0	0	0	0	0	48	0	0	0	0	0	0	0	0	0	0	0	0	0	0	0	0	0	0	0	0	0	0	0	0	0	0	0	0	0	0	0	0	0	0	0	0	0	0	0	0	0	0	0	0	0	0	0	0	0	0	0	0	0	0	0	0	0	0	0	
0	0	0	0	0	0	0	0	0	0	0	0	0	0	0	0	0	0	0	0	0	0	0	0	0	0	0	500	0	48	0	0	0	0	0	0	0	0	0	0	0	0	0	0	0	0	0	0	0	0	0	0	0	0	0	0	0	0	0	0	0	0	0	0	0	0	0	0	0	0	
0	0	0	0	0	0	0	0	48	0	0	0	0	0	0	0	0	0	0	0	0	0	0	0	0	0	0	0	0	0	0	0	0	0	0	0	0	0	0	0	0	0	0	0	0	0	0	0	0	0	0	0	0	0	0	0	0	0	0	0	0	0	0	96	0	0	0	0	0	0	
0	0	0	0	0	0	0	0	0	0	0	0	0	0	0	0	0	0	0	0	0	0	0	0	0	0	0	0	0	0	0	0	0	0	0	0	0	96	48	0	0	0	0	0	0	0	0	0	0	0	0	0	0	0	0	0	0	0	0	0	0	0	96	0	0	0	0	192	0	0	
0	0	0	0	0	0	0	0	0	0	0	0	0	0	0	0	0	0	0	0	0	0	192	0	0	0	0	0	0	0	0	0	0	0	0	0	0	0	0	0	0	0	0	0	0	48	0	0	0	0	0	0	0	0	0	0	0	0	0	0	0	0	0	0	0	0	0	0	0	0	
0	0	0	0	0	0	0	0	0	0	0	0	96	0	0	0	0	0	0	0	0	0	0	0	0	96	0	0	0	0	0	0	0	0	0	0	0	0	0	0	0	0	0	0	500	0	0	0	0	0	0	0	0	0	0	0	192	0	0	0	0	0	96	0	0	0	0	0	0	0	
0	0	0	96	0	0	0	0	0	0	0	0	0	0	0	0	0	0	0	0	0	0	0	0	0	0	0	500	0	0	0	0	0	0	0	0	0	0	0	0	0	0	0	0	0	0	0	0	0	0	0	0	0	0	0	0	0	0	0	0	0	0	0	0	0	0	0	0	0	0	
0	0	192	0	0	0	0	0	0	0	500	0	0	0	0	0	0	0	0	0	0	0	0	0	0	0	0	0	0	0	0	0	0	0	0	0	96	0	0	0	0	0	0	0	0	0	96	0	0	0	0	0	0	0	0	0	0	0	0	0	0	0	0	0	0	0	0	0	0	0	
0	0	0	0	0	0	0	0	0	0	0	0	0	96	0	0	500	0	0	0	0	0	0	0	0	0	0	0	0	0	0	0	0	0	0	0	0	0	0	0	0	0	0	0	0	0	0	0	0	0	0	0	0	192	0	0	0	0	0	0	0	0	0	0	0	0	0	0	0	0	
0	0	0	500	0	0	0	0	0	0	0	0	0	0	0	0	0	0	0	0	0	0	0	0	0	0	0	0	0	0	0	500	192	0	0	0	0	0	0	0	0	0	0	0	0	0	0	0	0	0	0	0	0	0	0	0	0	0	0	0	0	0	0	0	0	0	0	0	0	0	
500	0	0	0	0	0	0	0	0	0	0	0	0	0	0	0	0	0	0	0	0	0	0	0	0	0	0	0	0	0	0	0	0	0	0	500	0	0	0	0	0	0	0	0	0	0	0	0	0	0	0	0	0	0	0	0	0	0	0	0	0	0	0	0	0	0	0	0	0	0	
0	0	0	0	0	0	0	0	0	0	0	0	0	0	0	0	0	0	0	0	0	0	0	0	0	0	0	0	0	0	0	0	0	0	0	0	0	0	0	0	0	0	0	0	0	0	0	0	0	0	0	0	0	0	0	0	0	0	0	0	0	0	0	0	0	0	96	0	500	0	
0	0	0	0	0	0	0	500	0	0	0	48	0	0	0	0	0	0	0	0	0	0	0	0	0	0	0	0	0	0	0	0	0	0	0	0	0	0	0	0	0	0	0	0	0	0	0	0	0	0	0	0	0	0	0	0	0	0	0	0	0	0	0	0	0	0	0	0	0	0	
0	0	0	0	0	0	0	96	0	0	0	0	0	0	0	500	0	0	0	0	0	0	0	0	0	0	0	0	0	0	0	0	0	0	0	0	0	0	0	0	0	0	0	0	0	0	0	0	0	0	0	0	0	0	0	0	0	0	0	0	0	0	0	0	0	0	0	0	0	0	
0	0	0	0	0	0	0	0	0	0	0	0	0	0	0	0	0	0	0	0	0	0	0	0	0	0	0	0	0	0	0	0	0	0	0	0	0	0	0	0	0	0	0	0	0	0	0	0	0	0	0	96	0	96	0	0	0	0	0	0	0	0	0	0	0	0	0	0	0	0	
0	0	0	0	0	0	0	0	192	0	0	0	0	0	0	0	0	0	0	0	0	0	0	0	0	0	0	0	0	0	0	0	0	0	0	0	0	0	0	0	0	0	0	0	0	0	0	96	0	0	96	0	0	0	0	0	0	0	0	0	0	0	0	0	0	500	0	0	0	0	
0	0	0	0	0	0	0	0	0	0	0	0	0	0	0	0	0	0	0	0	0	0	0	0	0	0	0	0	0	0	0	0	0	0	0	0	0	0	0	0	0	0	0	0	0	96	0	0	0	0	0	0	0	0	0	0	0	0	0	0	0	0	0	0	0	0	96	0	0	0	
0	0	0	0	0	0	0	0	0	0	0	0	0	0	0	0	48	0	0	0	0	0	0	0	0	0	0	0	0	0	0	0	0	0	0	0	0	0	0	0	0	0	0	0	0	0	0	0	0	0	0	0	0	0	0	0	0	0	0	0	0	0	0	500	0	0	192	0	0	500	
0	0	0	0	0	0	0	0	0	0	0	0	0	0	0	0	500	0	0	0	0	0	0	0	0	0	0	0	0	0	0	0	0	0	0	0	0	0	0	0	0	0	0	0	0	0	0	0	0	0	0	0	0	0	0	0	0	0	0	96	0	0	0	0	96	192	0	0	0	0	
0	0	0	0	0	0	0	192	0	0	0	0	0	0	0	0	0	0	0	0	0	0	0	0	0	0	0	0	0	0	0	0	0	0	0	0	0	0	0	0	0	0	0	0	0	0	0	0	0	0	0	192	0	0	0	0	0	0	0	0	0	0	0	0	0	0	0	0	0	0	
0	0	0	0	0	0	0	0	0	0	0	0	0	0	0	0	0	0	0	0	0	0	0	0	0	0	48	0	0	0	0	0	0	0	0	0	0	0	0	0	0	0	0	0	0	0	0	0	0	0	0	0	0	0	0	0	0	0	0	500	0	0	0	0	0	0	0	0	0	0	
0	0	0	0	0	0	0	0	0	48	0	0	0	0	0	0	0	0	0	0	0	0	0	0	0	0	0	0	0	0	96	0	0	0	0	0	0	0	0	0	0	0	0	0	0	0	0	0	0	0	0	0	0	0	0	0	0	0	0	0	0	0	0	0	0	500	0	0	0	0	
45	53	56	20	69	16	61	33	7	40	45	32	1	64	65	36	46	6	54	62	3	43	29	38	13	31	40	44	68	15	53	55	36	39	31	57	58	13	47	25	0	57	10	58	54	43	50	43	39	40	36	2	19	8	57	8	64	31	21	63	33	7	61	23	22	62	50	11	15	29	2	2	25	46	41	46	68	48	23	11	69	53	35	4	40	8	24	43	65	5	51	49	6	32	34	31	9	60	51	42	23	9	6	62	59	21	18	6	49	32	16	30	11	54	6	36	26	51	27	24	40	57	0	22	61	45	59	31	35	3	7	31	41	57	31	15	38	7	36	38	27	11	32	51	33	3	39	23	69	29	20	55	18	54	42	10	20	68	24	41	44	39	7	4	23	47	9	20	63	28	50	12	32	0	35	22	19	66	19	16	52	36	15	9	5	35	39	33	43	40	24	13	58	52	59	44	60	5	52	29	14	30	2	43	69	41	51	42	51	39	26	13	57	18	44	47	38	2	33	33	21	1	68	52	37	66	50	39	33	7	22	69	46	45	56	58	30	1	21	61	21	33	32	49	45	61	57	55	63	64	42	38	31	30	52	21	57	42	14	17	28	33	23	20	49	19	30	29	6	36	47	29	19	57	38	3	38	57	0	54	31	18	6	6	31	17	1	28	8	52	24	61	65	11	3	34	38	39	10	32	19	46	0	36	61	1	10	29	50	22	40	64	34	38	29	27	44	49	56	13	60	65	50	49	44	37	58	7	41	65	24	31	21	38	46	40	35	15	43	30	41	58	56	36	23	7	52	43	23	19	51	68	16	27	33	18	40	9	57	20	11	44	18	40	34	46	1	53	27	67	69	2	33	33	2	66	22	2	37	12	58	65	65	18	32	32	62	42	12	69	44	33	32	62	20	15	10	15	23	41	65	26	60	58	40	41	46	35	60	57	3	32	24	26	45	14	5	26	29	18	46	37	20	65	64	19	47	48	33	31	69	16	25	65	25	64	22	44	56	26	2	55	46	45	30	42	35	8	19	33	23	34	30	9	19	4	52	63	46	17	0	55	15	68	5	50	62	55	64	58	60	11	20	11	36	9	10	14	36	26	26	15	63	33	50	69	51	64	24	8	53	14	59	43	28	23	29	22	56	42	54	37	12	57	3	21	7	14	66	18	3	12	48	50	33	51	65	33	18	9	65	19	6	65	29	2	56	26	39	60	25	47	15	59	1	69	27	29	39	10	8	9	42	0	29	21	14	22	26	63	62	52	65	40	3	51	2	34	47	33	59	46	57	35	31	32	54	49	51	7	26	25	69	11	14	4	7	24	48	61	19	37	69	13	39	34	68	55	62	22	27	3	47	6	37	18	54	26	47	34	37	24	48	0	54	57	30	51	66	20	6	30	64	55	3	59	7	17	11	49	37	46	23	18	19	32	63	15	44	65	8	37	60	41	69	43	61	13	24	12	18	17	44	28	53	65	14	62	0	5	66	31	3	5	51	44	3	1	4	56	23	41	23	14	10	14	37	17	43	44	37	57	17	39	57	5	7	11	58	50	40	30	35	43	59	47	68	15	15	16	34	12	5	40	50	56	48	28	40	28	23	35	8	2	31	40	56	59	9	67	13	50	2	46	20	29	11	64	14	37	13	21	31	58	13	16	35	44	58	44	34	26	13	8	27	1	66	52	65	1	13	37	45	68	46	62	41	7	28	1	63	60	13	34	12	68	5	64	67	4	61	2	37	23	44	50	57	10	12	5	41	51	48	17	39	69	55	38	53	69	62	24	23	26	35	7	5	69	4	58	41	19	1	3	67	55	69	53	45	51	31	9	3	36	65	29	7	3	59	61	65	31	65	8	53	33	41	43	27	2	16	23	35	48	55	62	18	64	30	34	3	3	5	9	45	38	2	29	52	30	11	23	43	55	51	55	45	39	43	19	34	45	17	45	7	39	21	65	48	0	29	7	42	25	26	31	46	15	35	23	44	30	55	10	3	27	50	40	10	56	65	19	44	69	5	24	43	13	68	35	27	39	16	5	23	15	38	20	24	50	48	45	17	22	20	38	35	22	5	59	36	42	57	7	20	24	18	30	38	7	8	57	67	45	6	44	52	45	9	8	6	37	54	47	59	44	60	69	23	15	18	57	17	26	51	59	36	7	0	33	3	15	2	25	30	54	30	9	14	5	15	3	16	59	4	47	40	29	66	50	65	8	40	58	42	10	59	6	55	40	51	41	40	12	66	23	21	8	38	62	58	54	16	37	3	4	62	68	2	5	50	65	29	39	15	23	65	31	43	67	33	2	46	8	13	19	27	69	64	5	45	10	2	17	34	64	56	24	46	1	25	0	35	7	21	40	43	32	27	31	7	54	50	60	5	36	32	46	30	54	30	65	4	17	3	40	13	22	59	16	42	58	57	26	43	40	49	57	68	46	24	46	61	1	61	18	21	1	39	44	29	1	7	68	13	38	25	9	53	21	39	52	9	67	62	48	26	40	9	22	50	11	20	10	7	54	24	43	54	59	58	50	61	60	37	42	25	25	15	16	36	68	6	37	22	46	50	2	15	23	58	43	2	12	17	37	17	28	26	15	48	32	46	4	62	44	52	69	55	65	55	17	46	49	65	45	51	17	55	63	22	21	3	52	26	21	58	53	25	26	23	31	25	6	14	67	61	62	24	45	53	43	38	34	43	65	22	34	38	68	16	33	0	59	12	25	65	45	3	32	1	62	33	35	15	5	64	58	4	46	25	44	50	43	51	8	49	54	36	25	15	19	31	10	41	3	31	34	9	38	35	56	19	13	11	54	32	45	6	65	60	27	11	32	69	36	44	44	16	48	2	44	57	20	55	22	28	26	18	38	12	24	24	5	48	52	47	45	20	18	66	39	41	28	16	29	52	22	42	24	28	63	60	34	61	31	36	2	51	4	59	58	34	26	58	47	33	53	18	14	18	2	62	1	30	67	50	46	23	42	0	28	37	61	35	31	43	8	0	58	1	39	34	50	19	62	31	55	64	42	28	66	46	37	10	47	59	27	69	51	10	32	8	16	11	50	24	39	24	27	27	69	24	7	45	36	58	15	24	63	33	41	17	10	41	61	7	58	1	1	21	55	28	25	13	6	18	54	43	25	25	60	19	55	19	64	42	26	43	49	61	14	14	59	10	8	33	28	2	63	34	15	10	8	30	37	40	28	34	35	33	7	0	43	48	36	68	33	42	58	57	47	37	68	39	67	27	9	52	40	19	64	15	13	38	8	44	23	47	23	65	0	36	68	47	10	8	32	46	68	62	2	60	27	24	43	58	9	31	41	42	35	16	28	54	21	7	13	15	67	43	18	63	61	63	34	34	37	57	0	61	46	60	28	66	12	56	37	33	51	32	45	17	37	1	46	32	54	67	27	44	62	61	43	58	15	60	57	68	26	3	32	58	7	68	6	27	18	11	54	38	59	56	51	15	8	2	66	33	3	34	16	3	24	51	30	2	26	62	18	14	53	12	15	57	21	20	44	35	6	56	60	43	4	58	16	50	26	43	39	16	34	66	0	55	48	30	25	49	40	18	21	52	4	40	23	3	58	18	12	50	2	59	5	52	35	50	21	5	61	11	64	67	14	49	69	13	16	23	31	11	27	6	1	46	49	34	22	4	64	12	9	15	13	63	41	27	42	65	18	40	51	57	11	67	44	1	33	45	7	50	5	58	65	69	64	36	58	14	40	4	56	18	56	24	1	0	64	58	51	51	42	38	12	65	49	45	2	27	52	27	62	66	39	64	38	0	13	35	61	5	10	18	64	2	23	36	60	44	16	29	68	34	26	21	54	63	67	25	59	
36	69	51	66	1	50	45	5	20	19	57	45	21	17	58	38	18	27	54	43	22	31	58	39	51	15	28	59	41	60	7	64	59	29	69	61	51	6	4	59	15	13	46	46	30	7	30	25	16	28	14	14	36	42	61	68	38	38	61	54	69	59	30	2	61	49	38	30	69	60	57	17	30	39	53	54	42	69	36	3	52	44	66	12	28	48	39	40	35	56	43	22	40	35	28	40	38	47	28	63	68	68	27	19	43	39	17	0	8	14	20	43	8	19	69	23	4	55	61	27	45	13	60	27	28	65	1	41	2	46	47	12	52	53	38	7	13	13	17	20	54	42	54	25	10	12	38	3	29	61	59	31	10	55	34	17	37	13	19	7	11	29	41	36	17	68	28	51	6	35	51	61	62	26	4	4	2	47	45	8	36	2	48	62	58	40	51	56	1	18	36	27	15	24	64	52	45	63	6	15	19	43	50	46	18	44	4	68	57	51	18	56	47	31	20	52	6	52	40	6	64	16	28	15	18	14	63	6	63	38	48	47	0	34	23	57	14	15	6	8	30	22	45	9	49	0	60	11	46	11	3	26	20	21	27	60	16	22	36	34	11	59	15	11	8	21	46	25	36	30	66	38	13	36	47	1	53	0	22	3	65	9	17	30	13	24	17	24	13	36	62	12	42	10	55	55	56	4	50	21	27	11	58	19	0	37	31	49	65	13	61	38	51	36	12	37	46	37	14	42	21	1	9	5	4	11	21	35	14	57	44	57	0	41	54	31	67	22	69	9	18	61	37	48	7	28	4	49	55	67	10	60	44	56	9	24	49	16	5	21	11	48	26	63	19	47	60	5	6	61	35	22	47	2	19	43	17	0	55	6	51	42	29	11	8	65	8	61	41	13	62	33	68	43	6	51	20	37	16	15	41	27	1	36	34	44	17	17	14	10	33	34	22	30	55	29	65	43	6	65	55	18	68	1	39	58	60	6	13	16	52	0	18	58	28	53	44	69	38	58	64	11	15	11	58	54	34	63	9	51	3	39	23	35	31	61	7	20	41	23	57	59	45	24	29	28	69	67	10	67	11	20	47	63	3	18	23	32	44	35	54	23	15	45	20	1	14	11	30	4	36	28	33	34	66	34	68	66	48	18	8	44	8	53	20	32	4	39	53	49	7	26	57	44	34	25	50	47	31	3	59	18	43	22	13	0	43	26	9	48	41	48	41	6	44	19	67	2	18	23	12	33	1	38	36	43	69	57	55	45	13	29	26	66	1	14	65	49	64	1	56	49	58	27	50	29	41	60	51	33	53	42	52	60	42	4	50	24	64	4	31	3	30	39	60	8	43	8	59	38	49	47	5	67	20	26	25	41	14	46	46	7	39	36	29	58	51	2	41	64	4	1	53	65	29	17	50	58	51	12	63	45	8	18	7	38	12	49	55	56	27	41	56	54	62	61	25	50	30	35	21	22	45	64	61	13	62	53	52	14	10	22	17	67	17	63	57	46	36	27	3	2	25	63	14	40	43	3	44	24	64	36	48	50	55	49	52	7	22	7	1	21	7	47	58	39	8	38	37	2	28	40	7	25	8	36	66	49	62	66	11	57	21	13	2	7	26	42	30	47	25	23	49	6	48	18	59	47	57	30	65	8	60	20	0	61	45	40	5	1	48	43	10	15	33	39	11	32	52	38	7	67	26	39	61	55	64	17	22	18	34	41	31	53	69	47	63	46	6	15	53	50	17	4	44	44	38	46	25	5	47	40	49	66	23	51	39	24	56	45	23	19	69	64	61	65	54	45	62	48	38	17	66	62	31	38	39	3	36	37	48	57	19	56	29	51	17	67	50	61	22	33	56	58	40	41	29	66	25	24	62	2	1	64	47	36	36	69	15	44	43	20	68	54	55	19	19	34	16	29	37	30	57	55	2	8	15	51	7	54	50	64	66	56	34	26	2	54	24	37	30	26	59	68	35	11	13	2	16	7	28	69	2	1	6	50	60	15	66	18	1	26	69	18	26	13	15	29	12	37	10	6	34	25	14	43	15	56	26	13	32	52	46	59	20	57	23	19	38	68	67	21	5	60	19	38	69	65	13	21	11	69	58	64	15	47	56	34	20	64	48	56	1	37	14	69	25	47	48	36	66	35	12	2	41	21	39	55	66	24	19	4	56	16	43	66	63	21	45	25	54	34	63	69	67	28	3	41	22	65	63	39	14	69	55	24	33	63	61	1	23	28	59	50	37	16	35	12	26	29	67	27	35	48	25	47	25	33	13	45	13	37	31	32	36	35	50	27	57	36	29	26	13	21	54	29	11	5	42	61	64	0	36	50	61	35	66	1	9	56	61	7	3	33	7	16	56	65	3	20	38	15	7	62	31	63	12	5	52	59	56	5	33	10	46	19	50	2	54	1	40	26	5	21	5	57	67	62	9	40	64	61	3	16	2	49	29	20	2	58	40	44	22	40	6	65	27	20	14	15	59	51	36	28	48	67	5	55	10	50	40	19	29	35	4	36	21	51	2	46	34	58	32	36	20	52	67	32	49	48	19	19	27	19	9	66	4	29	24	16	47	35	19	18	40	6	51	11	4	7	23	69	45	69	42	25	41	35	63	39	42	43	15	21	21	56	41	62	68	43	59	23	52	34	14	26	25	45	18	9	11	61	28	25	35	39	65	33	23	69	22	39	22	8	60	9	47	17	59	28	52	47	42	14	18	51	35	65	63	16	47	44	60	12	20	60	11	24	51	58	44	9	64	30	51	13	26	68	44	42	65	42	19	45	56	55	24	9	1	62	23	6	58	43	2	2	2	40	45	42	58	36	34	11	7	18	5	69	57	65	12	2	64	38	47	37	35	14	6	65	11	25	35	9	69	14	62	33	58	25	4	25	27	36	9	0	41	2	24	38	18	66	29	48	68	8	4	27	38	35	35	5	51	21	55	26	16	40	40	37	43	37	27	45	42	62	22	56	54	64	38	63	51	16	25	32	3	42	31	23	21	56	50	47	65	55	3	69	33	33	67	24	30	4	54	42	20	59	29	41	26	55	55	4	21	54	8	36	13	61	56	29	35	12	41	63	47	65	21	7	64	23	10	58	33	2	14	10	51	17	21	27	55	67	13	12	2	36	56	60	33	18	26	53	39	32	33	46	11	56	53	44	34	61	11	17	47	29	55	29	61	20	6	24	59	28	44	28	68	55	21	45	11	33	3	21	19	0	19	67	21	33	23	42	24	31	14	42	13	28	44	31	45	4	62	27	50	7	32	36	21	24	59	56	68	60	4	11	58	52	5	6	28	66	15	18	40	62	21	67	69	61	53	34	33	37	49	52	31	8	31	63	67	33	31	39	22	25	19	35	20	48	63	66	21	28	31	38	14	36	31	23	16	9	11	24	4	55	45	24	8	38	57	25	0	11	13	60	1	6	65	16	42	0	67	46	10	48	7	41	14	5	51	52	59	2	66	11	48	64	49	31	54	41	48	11	34	35	6	49	9	69	64	25	64	48	10	20	1	2	7	21	50	61	13	24	2	54	23	5	21	62	1	59	25	7	66	13	41	39	10	17	59	20	32	12	29	65	41	59	4	35	53	65	58	61	63	11	58	31	8	0	4	1	40	56	11	21	57	42	25	22	41	45	13	65	40	47	66	40	18	24	8	13	61	29	48	13	1	23	20	63	36	14	65	3	42	16	8	9	21	38	44	61	21	55	16	10	24	56	45	59	28	5	26	65	45	0	10	54	36	54	34	24	44	41	67	20	61	19	12	48	28	66	56	20	36	58	2	45	55	47	41	48	2	56	60	5	7	34	24	58	27	44	25	60	26	21	22	43	
38	26	38	21	39	30	39	27	29	36	32	35	23	20	37	23	36	30	22	30	38	38	26	24	32	23	24	23	22	31	30	23	28	33	29	22	21	40	36	26	24	34	23	40	22	24	38	30	25	21	25	20	32	31	24	40	32	27	33	26	40	37	35	23	39	21	30	34	28	22	32	40	25	20	33	34	39	29	33	38	40	39	32	23	35	23	40	24	39	38	36	40	36	32	33	34	36	33	36	22	25	25	37	28	37	30	24	30	32	38	28	33	22	28	40	29	39	23	35	33	38	22	40	39	27	31	23	35	27	28	33	27	39	31	32	22	22	24	21	20	29	31	39	39	40	28	37	28	36	35	20	37	28	21	32	25	39	28	27	36	25	36	27	32	24	34	22	33	32	32	33	35	24	29	35	37	29	30	23	28	35	31	32	33	24	33	27	35	39	25	29	37	30	32	25	36	20	37	25	20	34	21	22	20	37	30	35	35	40	31	33	39	33	20	35	29	25	36	23	21	32	39	25	22	36	37	22	38	21	34	30	28	28	34	20	27	33	34	34	22	24	20	25	20	33	32	38	27	33	20	35	28	27	38	32	38	30	20	29	34	34	20	34	29	36	38	39	35	35	37	22	27	30	38	35	37	22	34	24	34	26	27	21	37	38	21	28	27	38	31	28	39	37	39	26	21	34	37	25	28	34	39	22	23	22	32	39	33	31	35	31	36	24	39	25	35	21	40	35	31	39	37	38	23	23	23	37	36	26	38	37	32	24	22	34	30	22	20	34	34	21	23	36	29	37	30	37	36	27	33	37	26	35	39	20	25	22	29	38	25	38	35	32	30	34	31	39	36	31	22	24	40	21	28	34	26	27	37	39	33	27	26	30	25	38	33	40	23	27	39	23	28	29	25	32	24	35	25	40	22	34	28	27	40	28	22	23	32	38	39	20	37	22	31	31	33	38	20	25	37	29	26	39	22	25	22	20	23	40	25	35	25	24	37	23	35	24	38	28	25	35	34	35	39	34	24	39	34	37	38	28	29	30	35	20	26	21	35	23	35	30	21	40	26	23	25	20	36	22	40	29	25	38	34	23	24	32	27	34	21	38	37	31	40	37	31	31	33	25	26	21	28	33	29	32	20	30	23	24	33	35	24	25	36	28	37	29	33	20	29	21	26	27	36	32	27	28	33	35	33	21	22	26	23	27	29	27	22	25	22	35	26	29	28	40	29	38	38	29	27	29	24	38	26	25	30	39	31	30	32	21	24	31	27	34	38	27	29	31	36	22	27	33	28	33	24	35	38	20	21	28	20	21	27	27	26	24	25	37	40	26	39	36	32	34	22	28	31	32	40	31	24	27	27	39	29	39	21	21	39	31	21	36	26	36	21	31	26	32	25	29	35	27	27	24	24	31	35	25	20	23	20	24	30	20	34	38	35	26	23	31	23	28	30	35	40	25	21	20	31	35	39	39	20	27	28	35	29	35	34	29	39	33	36	23	28	23	38	38	36	31	36	24	26	39	35	28	35	31	34	27	38	27	26	36	20	20	20	21	40	26	28	30	22	23	30	22	25	21	20	40	40	30	22	33	23	29	26	33	35	25	36	32	26	21	37	23	29	26	35	21	21	30	39	32	40	32	29	40	32	29	37	28	36	39	37	27	27	21	31	34	34	37	28	27	34	38	30	40	30	30	30	32	25	22	34	36	40	26	20	25	22	24	36	20	38	32	22	22	30	40	40	20	35	31	20	21	20	23	32	27	36	20	32	30	37	28	30	20	22	20	38	35	40	36	32	23	28	40	33	24	36	33	32	36	32	26	27	39	23	38	35	29	22	31	40	38	29	36	28	37	25	21	36	39	22	24	40	24	28	37	24	28	23	20	31	30	20	26	22	30	27	28	35	28	24	28	36	40	25	30	30	33	20	28	25	35	30	34	23	24	35	31	25	38	40	29	24	25	34	28	22	37	32	35	33	30	33	31	27	33	31	32	38	33	33	35	34	26	26	33	35	28	20	35	29	37	34	25	35	34	25	28	29	23	35	30	38	30	32	34	32	32	32	21	25	20	34	20	22	28	38	22	32	32	22	28	40	34	39	36	22	25	38	24	37	34	28	36	25	31	20	31	21	37	39	27	29	27	30	27	39	26	35	28	21	33	21	26	25	35	25	27	38	30	38	22	27	24	24	31	29	39	25	33	21	37	24	39	30	34	25	34	20	35	37	36	25	40	20	26	40	27	20	34	27	22	28	39	29	39	34	23	24	20	35	23	31	39	27	26	24	24	40	27	28	26	34	34	33	24	25	32	31	37	28	22	34	22	31	38	32	33	22	38	21	35	23	20	33	38	38	22	25	29	22	22	22	30	28	36	31	28	20	33	23	40	20	32	33	24	34	28	22	32	28	29	28	24	22	31	21	20	29	32	37	27	34	37	26	29	28	28	30	31	39	24	30	32	22	37	24	34	26	36	30	24	36	37	38	20	36	29	40	37	40	39	33	32	31	38	35	34	25	29	37	26	25	34	40	30	26	23	26	26	36	26	36	26	25	36	34	24	38	21	21	26	40	40	36	35	34	40	36	35	34	27	20	34	31	26	20	32	28	25	39	31	23	28	37	24	34	31	38	35	24	26	30	30	22	36	32	27	40	29	25	27	37	23	23	27	34	37	29	20	22	36	29	20	27	34	32	32	34	30	38	27	27	40	32	33	33	27	33	38	20	33	24	37	28	28	40	26	34	25	39	39	20	28	28	29	25	24	31	21	22	40	22	40	20	27	30	37	29	35	24	22	29	38	20	39	23	25	31	20	36	37	33	25	40	37	36	22	37	25	23	21	40	26	40	27	20	23	26	26	29	31	30	40	22	30	32	23	37	33	27	37	38	26	38	21	40	20	27	35	24	30	23	36	30	38	32	36	27	40	36	31	26	37	23	33	33	37	31	34	40	38	27	30	38	21	24	31	37	34	25	31	30	27	38	36	39	26	27	33	37	38	25	36	31	37	28	31	25	32	26	27	36	33	37	26	34	27	26	24	33	23	24	36	37	21	38	30	38	32	21	37	23	37	33	35	21	35	39	25	32	36	33	28	24	40	35	25	26	31	32	32	37	28	27	24	22	21	38	36	24	21	36	30	31	30	38	33	23	20	29	32	25	20	21	31	31	23	23	28	32	20	30	24	28	22	21	40	28	33	24	37	39	38	39	31	23	39	22	35	22	30	21	27	34	26	24	21	27	26	32	27	37	20	29	37	32	33	35	39	29	21	27	22	38	30	31	35	22	36	29	27	29	36	24	35	40	27	25	22	23	39	35	23	39	39	38	20	20	34	30	26	40	23	35	37	34	34	37	32	24	28	20	38	29	31	34	33	34	30	24	37	21	37	26	29	36	30	37	32	30	37	22	32	22	36	24	36	33	36	28	33	33	22	36	20	28	36	31	30	34	34	32	27	29	34	31	33	20	32	30	35	35	23	40	39	32	27	40	39	25	22	36	20	30	25	25	25	37	30	37	30	32	20	28	40	20	20	28	40	38	40	23	32	26	20	24	29	39	31	33	39	24	21	35	33	32	22	23	24	20	29	35	29	33	29	29	21	27	20	20	38	40	20	20	34	21	27	23	28	34	33	38	28	40	25	39	25	30	22	33	40	33	30	32	26	21	34	35	31	33	32	22	32	32	32	22	31	20	30	27	25	36	21	23	23	31	34	31	28	23	39	20	33	29	29	38	35	38	34	36	31	32	21	36	31	38	29	31	40	40	31	36	38	38	21	24	20	31	21	33	40	39	30	37	32	30	31	39	34	39	36	27	31	40	30	38	27	22	27	28	23	33	21	32	
45	46	24	50	36	13	14	19	20	48	27	44	39	28	42	10	48	15	39	15	24	12	10	22	21	17	35	41	10	41	23	28	28	12	43	46	40	17	41	30	10	16	34	45	49	17	22	47	43	14	26	38	46	23	36	32	25	35	20	20	37	26	39	11	32	17	41	21	29	48	10	47	10	17	15	43	18	28	35	41	22	44	29	23	25	36	48	25	36	23	48	21	45	50	11	41	27	20	44	34	38	15	20	47	23	29	28	38	38	22	17	11	29	24	26	40	12	12	42	41	32	15	24	43	42	33	15	15	12	47	46	21	34	45	15	48	25	38	17	49	27	23	12	14	32	38	18	14	17	17	33	18	23	46	46	42	30	19	44	32	30	19	14	41	29	38	30	18	10	45	49	19	38	12	38	28	32	38	14	14	41	21	49	31	43	34	25	17	28	31	35	28	28	18	42	30	31	16	41	25	45	10	36	40	30	45	46	31	48	17	18	50	12	49	41	41	27	46	39	35	37	31	13	12	28	39	14	46	43	34	42	46	42	33	46	48	21	42	13	30	40	18	45	15	13	30	46	32	18	11	22	34	18	21	22	19	50	41	49	18	32	14	18	49	10	50	21	29	46	45	16	21	17	33	41	11	22	30	29	15	17	36	49	22	20	27	29	10	23	50	49	13	10	47	45	11	31	15	29	24	41	49	38	37	23	16	39	13	40	10	36	48	11	50	16	25	22	17	27	11	28	37	49	40	26	28	17	41	44	34	23	29	16	14	24	39	35	18	25	50	36	13	41	34	24	37	38	22	16	26	12	31	35	25	16	44	32	48	42	25	48	35	20	10	44	15	41	28	36	23	26	38	11	23	40	25	43	49	29	12	12	47	41	15	46	26	44	34	48	20	32	22	14	13	46	18	23	44	43	22	22	33	34	46	16	42	48	37	19	30	37	40	30	33	17	12	37	25	27	37	32	26	13	18	24	33	22	39	35	23	13	49	17	41	27	11	20	40	29	49	44	21	23	14	19	25	24	42	42	22	23	21	46	11	20	13	46	32	39	50	16	26	19	34	39	49	29	22	23	33	30	36	46	16	15	45	31	26	31	40	40	20	26	45	39	25	21	34	10	28	16	20	33	14	37	37	18	50	35	26	46	32	15	50	26	17	38	36	35	29	40	33	30	13	30	36	23	22	17	17	38	30	12	15	40	11	30	36	27	45	31	39	39	21	49	43	45	17	26	27	42	28	18	30	32	24	19	30	15	25	26	22	28	24	21	45	20	39	22	47	12	29	41	31	12	20	28	26	20	18	25	15	10	23	17	40	39	34	12	36	50	47	42	24	12	20	19	14	32	31	22	48	38	35	11	18	16	36	26	48	44	45	10	40	32	49	38	16	18	16	43	31	22	38	50	33	49	10	41	13	38	30	43	17	10	24	15	20	29	48	30	44	27	27	47	46	36	17	10	42	21	23	15	24	16	43	35	26	10	30	41	19	47	46	50	11	11	30	39	21	34	49	33	11	38	40	50	12	23	12	32	21	50	17	36	42	31	44	32	39	44	30	25	19	27	15	47	40	41	14	19	31	18	32	42	20	28	43	44	28	45	34	48	12	40	12	50	11	47	13	17	22	22	23	38	11	22	29	42	50	30	10	29	28	14	31	21	27	16	12	13	38	28	36	42	24	34	20	10	42	22	14	16	11	34	33	24	32	41	49	39	16	28	11	15	28	41	48	35	39	35	17	26	12	15	11	42	42	34	44	24	29	50	18	23	15	42	11	41	41	12	49	21	30	36	27	10	10	18	35	30	44	22	24	26	17	16	35	50	36	16	25	36	22	16	42	32	11	32	11	42	24	17	10	15	28	32	44	32	22	37	35	30	40	19	12	47	20	41	35	33	32	24	49	22	39	36	22	10	26	27	25	12	41	27	29	38	38	49	13	26	20	17	41	22	24	45	47	26	41	10	37	25	39	16	34	25	16	48	26	42	19	48	45	28	26	10	44	44	26	23	27	34	43	50	14	30	36	11	40	47	15	13	43	13	34	12	15	23	12	19	13	22	17	21	25	23	30	48	29	25	11	30	29	25	28	23	29	50	29	48	43	35	50	20	47	31	34	46	18	50	13	25	28	26	38	31	47	24	39	30	47	40	12	15	30	32	44	28	38	24	46	44	50	36	25	41	49	14	18	12	20	50	19	10	44	30	18	37	24	34	21	47	31	43	45	11	46	50	25	25	43	12	30	50	11	24	48	28	43	38	44	44	47	40	25	50	42	37	48	16	48	20	35	27	23	17	47	37	14	24	14	15	37	15	42	26	43	27	13	39	31	46	48	21	20	23	31	30	45	23	41	12	11	17	27	43	36	21	37	44	43	10	45	17	22	11	48	23	25	38	22	35	47	25	48	24	44	48	14	44	25	14	29	42	49	19	45	34	44	17	31	50	11	45	15	32	32	24	27	10	41	41	42	35	12	41	11	23	50	45	10	50	37	36	49	50	31	44	26	50	17	23	39	49	34	21	45	29	28	50	45	29	34	23	17	31	31	38	48	38	29	22	19	28	12	10	35	22	40	43	29	41	38	22	47	27	32	24	40	50	35	31	40	17	47	18	49	43	25	50	12	18	16	46	18	50	32	26	29	31	30	43	31	37	11	50	24	17	30	40	28	32	23	27	11	48	41	33	23	29	46	23	35	24	14	37	33	14	42	37	26	25	33	20	10	29	10	10	36	38	39	43	48	49	26	39	34	50	10	41	39	32	29	14	12	49	14	46	34	42	42	28	35	26	44	18	23	18	14	11	11	41	11	20	47	38	37	45	38	33	36	49	41	30	24	26	10	28	10	34	47	22	27	34	33	14	32	13	48	31	29	36	18	44	20	13	32	41	49	38	39	49	22	50	31	24	25	35	40	13	14	18	31	38	38	31	47	38	21	41	12	21	45	30	14	50	29	31	41	27	32	34	48	15	20	31	44	25	25	25	46	47	49	33	22	25	38	13	36	19	24	35	24	38	27	29	36	18	30	37	31	37	11	29	17	33	14	17	47	32	27	33	28	47	27	23	29	18	50	47	18	39	14	31	11	50	36	16	12	17	16	46	21	10	29	38	30	13	15	42	19	15	31	43	13	33	42	14	29	34	37	36	29	43	13	14	42	28	14	50	40	30	39	13	39	19	38	25	39	47	48	43	18	25	22	31	27	48	44	32	31	35	40	47	28	16	45	19	42	45	47	43	16	44	33	35	10	42	40	14	37	31	33	13	11	32	43	40	31	50	28	21	30	29	13	33	42	25	20	13	30	38	13	31	32	50	18	34	36	48	27	24	27	39	46	18	36	35	15	48	10	18	26	16	26	28	29	11	39	23	33	40	33	16	19	29	40	19	18	19	19	29	44	38	49	49	14	45	10	36	11	48	14	36	41	33	37	31	10	48	46	19	26	45	10	23	25	23	41	42	28	32	43	36	42	11	41	12	36	46	32	13	25	16	38	30	35	27	49	41	29	24	31	22	50	11	39	27	35	17	12	47	49	10	19	47	14	17	19	38	41	37	49	49	18	19	41	43	31	23	39	43	49	38	12	44	41	47	36	28	41	17	22	35	42	18	30	22	44	25	12	37	31	46	28	32	25	18	40	13	32	15	16	22	11	34	16	43	49	15	38	38	36	18	46	16	41	19	31	44	43	36	27	20	22	24	36	43	37	32	14	12	41	20	47	36	19	47	11	31	37	23	45	25	30	46	44	41	39	22	20	50	13	28	43	36	34	49	43	20	25	13	30	10	17	23	11	14	46	12	48	49	29	24	43	39	41	14	21	19	38	19	26	32	29	34	35	46	10	
15
70
