2173
70
0	0	0	0	96	0	0	0	0	0	0	0	0	0	0	0	0	0	0	0	0	500	0	0	0	0	0	0	0	0	0	0	0	0	0	0	0	0	0	0	0	0	0	0	0	0	0	0	0	0	0	0	0	0	0	0	0	0	500	0	0	0	0	0	0	0	0	0	0	0	
0	0	0	0	0	0	0	0	0	0	0	0	0	0	0	0	0	0	0	0	0	0	0	0	0	0	500	0	192	0	0	0	0	0	0	0	0	0	0	0	0	0	0	0	0	0	0	0	0	0	0	0	0	0	0	0	0	0	0	0	0	0	0	0	0	0	0	0	0	0	
0	0	0	0	0	0	0	0	0	0	0	0	0	0	0	0	0	0	0	0	0	0	0	0	0	0	0	0	0	0	0	0	0	0	0	0	0	0	0	0	0	0	0	0	0	0	0	0	48	0	0	0	0	0	0	192	0	0	0	0	0	0	0	0	0	0	0	0	0	0	
0	0	0	0	0	0	0	0	0	0	0	0	0	0	0	0	0	0	0	0	0	0	0	0	0	0	0	500	0	0	0	0	96	0	0	0	0	0	0	0	0	0	0	192	0	0	0	0	0	0	0	0	0	0	96	0	0	500	0	0	0	0	0	0	0	0	0	0	0	0	
96	0	0	0	0	0	0	0	0	0	0	0	0	0	0	0	0	0	0	0	0	0	0	0	0	0	0	0	0	0	0	0	0	0	0	0	500	0	0	0	0	0	0	0	0	0	0	0	0	0	0	0	0	0	0	0	0	0	0	0	0	0	0	0	0	0	0	0	0	0	
0	0	0	0	0	0	0	0	0	0	0	0	0	0	0	0	0	0	0	0	0	0	0	0	192	0	0	0	0	0	0	192	0	0	0	0	0	0	0	192	0	0	0	0	0	0	0	0	0	0	0	0	0	0	0	0	0	0	0	0	0	0	0	0	0	0	0	0	0	0	
0	0	0	0	0	0	0	0	0	0	0	0	0	0	0	0	0	192	0	0	0	0	0	0	0	0	0	0	0	0	0	0	0	0	0	0	0	0	192	0	0	500	0	0	0	0	0	0	0	0	0	0	0	0	0	0	0	0	0	0	0	0	0	0	0	0	0	0	0	0	
0	0	0	0	0	0	0	0	0	0	0	0	0	0	0	192	0	0	0	96	0	0	0	0	0	0	0	0	0	0	0	0	0	0	0	0	0	0	0	0	0	0	0	0	0	0	0	0	0	0	0	0	0	0	0	0	0	0	0	0	500	96	0	0	0	0	0	192	0	0	
0	0	0	0	0	0	0	0	0	0	0	0	0	0	0	0	0	0	0	0	0	192	0	0	0	0	0	0	0	0	0	0	0	0	0	0	0	0	0	0	0	0	0	0	0	0	0	0	0	0	48	0	0	0	0	0	0	0	0	0	0	0	0	192	0	0	0	0	0	0	
0	0	0	0	0	0	0	0	0	0	0	0	0	0	0	0	0	0	0	0	0	0	0	0	0	0	0	0	0	0	0	0	0	0	192	192	0	0	0	0	0	0	0	0	0	0	0	0	0	0	0	0	0	0	0	0	0	0	0	0	0	0	0	0	0	0	0	0	0	48	
0	0	0	0	0	0	0	0	0	0	0	0	0	0	0	0	0	0	0	0	0	0	0	0	0	0	0	0	0	0	0	0	0	0	0	0	0	0	0	0	0	0	0	0	0	0	48	0	48	0	0	0	0	0	0	500	0	0	0	0	0	0	0	0	0	0	0	0	0	0	
0	0	0	0	0	0	0	0	0	0	0	0	0	0	0	0	0	0	0	192	0	0	0	0	0	0	0	0	0	0	0	0	0	0	0	0	0	0	0	0	0	0	0	0	0	0	192	0	0	0	0	0	0	0	0	0	0	0	0	0	48	0	0	0	0	0	0	0	0	0	
0	0	0	0	0	0	0	0	0	0	0	0	0	0	0	0	0	0	0	0	0	0	0	0	0	192	0	0	0	0	0	0	0	0	0	0	0	0	0	0	0	0	0	0	0	0	0	0	0	0	0	0	0	96	0	0	0	0	0	0	0	0	0	0	0	0	0	0	0	0	
0	0	0	0	0	0	0	0	0	0	0	0	0	0	48	0	0	0	0	0	0	0	0	0	0	0	0	0	0	0	0	0	0	0	0	0	0	0	0	0	0	0	0	0	0	0	0	0	0	0	0	0	0	0	0	0	96	0	0	0	0	0	0	0	0	0	0	0	0	0	
0	0	0	0	0	0	0	0	0	0	0	0	0	48	0	0	0	0	0	0	0	0	0	500	0	0	0	0	0	0	0	0	0	0	48	0	0	0	0	0	0	0	0	0	0	0	0	0	0	0	0	0	0	0	0	0	0	0	0	0	0	0	0	0	0	0	0	0	0	0	
0	0	0	0	0	0	0	192	0	0	0	0	0	0	0	0	0	0	0	0	0	0	0	0	0	0	0	0	0	0	0	0	0	0	0	0	0	0	0	0	0	0	0	0	0	0	0	0	0	0	0	0	0	0	0	0	0	0	0	0	0	500	0	0	0	0	0	0	0	0	
0	0	0	0	0	0	0	0	0	0	0	0	0	0	0	0	0	0	0	0	0	0	0	0	0	0	0	0	0	0	0	0	0	0	0	0	0	0	0	0	0	0	0	0	0	0	0	0	0	0	0	0	0	0	0	0	500	0	0	0	0	0	0	0	0	48	500	0	0	0	
0	0	0	0	0	0	192	0	0	0	0	0	0	0	0	0	0	0	0	0	0	0	0	0	0	0	0	0	0	0	0	0	0	0	0	0	0	0	0	0	0	500	0	0	0	0	0	0	0	0	0	0	0	0	0	0	0	0	0	0	0	0	0	0	0	0	0	0	0	0	
0	0	0	0	0	0	0	0	0	0	0	0	0	0	0	0	0	0	0	0	48	0	0	0	0	0	0	0	0	0	0	0	0	500	0	0	0	0	0	0	0	0	0	0	0	0	0	0	0	0	0	0	0	0	0	0	0	0	0	0	0	0	0	0	0	0	0	0	0	0	
0	0	0	0	0	0	0	96	0	0	0	192	0	0	0	0	0	0	0	0	0	0	0	0	0	0	0	0	0	0	0	0	0	0	0	0	0	0	0	0	0	0	0	0	0	0	0	0	0	0	0	0	0	0	0	0	0	0	0	0	0	0	0	0	0	0	0	0	0	0	
0	0	0	0	0	0	0	0	0	0	0	0	0	0	0	0	0	0	48	0	0	0	0	0	0	0	0	0	0	0	0	0	0	96	0	0	0	0	0	0	0	0	0	0	0	0	0	0	0	0	0	0	0	0	0	0	0	0	0	0	0	0	0	0	0	0	0	0	0	0	
500	0	0	0	0	0	0	0	192	0	0	0	0	0	0	0	0	0	0	0	0	0	0	0	0	0	0	0	0	0	0	0	0	0	0	0	0	0	0	0	0	0	0	0	0	0	0	0	0	0	0	0	0	0	0	0	0	0	0	0	0	0	0	0	0	0	0	0	0	0	
0	0	0	0	0	0	0	0	0	0	0	0	0	0	0	0	0	0	0	0	0	0	0	0	0	0	0	0	0	0	0	0	0	0	0	0	0	0	0	0	0	0	0	0	0	500	0	0	0	0	0	0	192	0	0	0	0	0	0	0	0	0	0	0	0	0	0	0	0	0	
0	0	0	0	0	0	0	0	0	0	0	0	0	0	500	0	0	0	0	0	0	0	0	0	0	0	0	0	0	0	0	0	0	0	0	0	0	0	0	0	0	0	500	0	0	0	0	0	0	0	0	0	0	0	0	0	0	0	0	0	0	0	0	0	0	0	0	0	0	0	
0	0	0	0	0	192	0	0	0	0	0	0	0	0	0	0	0	0	0	0	0	0	0	0	0	0	0	0	0	0	0	0	0	0	0	0	0	0	0	500	0	0	0	0	0	0	0	0	0	0	0	0	0	0	0	0	0	0	0	0	0	0	0	0	0	0	0	0	0	0	
0	0	0	0	0	0	0	0	0	0	0	0	192	0	0	0	0	0	0	0	0	0	0	0	0	0	0	0	0	0	0	0	0	0	0	0	0	0	0	0	0	0	0	192	0	0	0	0	0	0	0	0	0	96	0	0	0	0	0	0	0	0	0	0	0	0	0	0	0	0	
0	500	0	0	0	0	0	0	0	0	0	0	0	0	0	0	0	0	0	0	0	0	0	0	0	0	0	0	500	0	0	0	0	96	0	0	0	0	0	0	0	0	48	0	0	0	0	0	0	0	0	0	0	0	0	0	0	0	0	0	0	0	0	0	0	0	0	0	48	0	
0	0	0	500	0	0	0	0	0	0	0	0	0	0	0	0	0	0	0	0	0	0	0	0	0	0	0	0	0	500	0	0	192	0	0	0	0	0	0	0	0	0	0	0	0	0	0	0	0	500	0	0	0	0	500	0	0	0	0	0	0	0	0	0	0	0	0	0	0	0	
0	192	0	0	0	0	0	0	0	0	0	0	0	0	0	0	0	0	0	0	0	0	0	0	0	0	500	0	0	0	0	0	0	0	0	0	0	0	0	0	0	0	0	0	0	0	0	0	0	0	0	0	0	0	0	0	0	0	0	0	0	0	0	0	0	0	0	0	0	0	
0	0	0	0	0	0	0	0	0	0	0	0	0	0	0	0	0	0	0	0	0	0	0	0	0	0	0	500	0	0	0	0	0	0	0	0	0	0	0	0	0	0	0	0	0	0	0	0	0	48	0	0	0	0	0	0	0	0	0	0	0	0	0	0	0	0	0	0	0	0	
0	0	0	0	0	0	0	0	0	0	0	0	0	0	0	0	0	0	0	0	0	0	0	0	0	0	0	0	0	0	0	0	0	0	0	500	0	0	0	0	0	0	0	0	0	0	0	0	0	0	0	0	0	0	0	0	0	0	0	0	0	0	0	0	0	0	0	0	0	96	
0	0	0	0	0	192	0	0	0	0	0	0	0	0	0	0	0	0	0	0	0	0	0	0	0	0	0	0	0	0	0	0	0	0	500	0	0	0	0	0	192	0	0	0	0	0	0	0	0	0	0	0	0	0	0	0	0	500	0	0	0	0	0	0	0	0	0	0	0	0	
0	0	0	96	0	0	0	0	0	0	0	0	0	0	0	0	0	0	0	0	0	0	0	0	0	0	0	192	0	0	0	0	0	0	0	0	0	0	0	0	0	0	0	0	0	0	0	0	0	0	0	0	0	0	0	0	0	192	0	0	0	0	0	0	0	0	0	0	0	0	
0	0	0	0	0	0	0	0	0	0	0	0	0	0	0	0	0	0	500	0	96	0	0	0	0	0	96	0	0	0	0	0	0	0	0	0	0	0	0	0	0	0	0	0	0	0	0	0	0	0	0	0	0	0	0	0	0	0	0	0	0	0	0	0	0	0	0	0	0	0	
0	0	0	0	0	0	0	0	0	192	0	0	0	0	48	0	0	0	0	0	0	0	0	0	0	0	0	0	0	0	0	500	0	0	0	0	0	0	0	0	0	0	0	0	0	0	0	0	0	0	0	0	0	0	0	0	0	0	0	0	0	0	0	0	0	0	0	0	0	0	
0	0	0	0	0	0	0	0	0	192	0	0	0	0	0	0	0	0	0	0	0	0	0	0	0	0	0	0	0	0	500	0	0	0	0	0	0	0	0	0	0	0	0	0	0	0	0	0	0	0	0	0	0	0	0	0	0	0	500	0	0	0	0	0	0	0	0	0	0	0	
0	0	0	0	500	0	0	0	0	0	0	0	0	0	0	0	0	0	0	0	0	0	0	0	0	0	0	0	0	0	0	0	0	0	0	0	0	0	0	0	0	0	0	0	0	0	0	192	0	0	0	0	0	0	0	96	0	0	0	0	0	0	0	0	0	0	0	0	0	0	
0	0	0	0	0	0	0	0	0	0	0	0	0	0	0	0	0	0	0	0	0	0	0	0	0	0	0	0	0	0	0	0	0	0	0	0	0	0	500	0	0	0	0	0	0	0	0	0	0	0	0	96	0	0	0	0	0	0	0	0	0	0	0	0	0	0	0	0	0	0	
0	0	0	0	0	0	192	0	0	0	0	0	0	0	0	0	0	0	0	0	0	0	0	0	0	0	0	0	0	0	0	0	0	0	0	0	0	500	0	0	0	0	0	0	0	0	0	0	0	0	0	48	0	0	0	0	0	0	0	0	0	0	0	0	0	0	0	0	0	0	
0	0	0	0	0	192	0	0	0	0	0	0	0	0	0	0	0	0	0	0	0	0	0	0	500	0	0	0	0	0	0	0	0	0	0	0	0	0	0	0	0	0	0	0	0	0	0	0	0	0	0	0	0	0	0	0	0	0	0	0	0	0	0	0	0	0	0	0	0	0	
0	0	0	0	0	0	0	0	0	0	0	0	0	0	0	0	0	0	0	0	0	0	0	0	0	0	0	0	0	0	0	192	0	0	0	0	0	0	0	0	0	0	0	0	192	0	0	0	0	0	0	0	0	0	0	0	0	0	0	0	0	0	0	0	0	0	0	0	0	0	
0	0	0	0	0	0	500	0	0	0	0	0	0	0	0	0	0	500	0	0	0	0	0	0	0	0	0	0	0	0	0	0	0	0	0	0	0	0	0	0	0	0	0	0	0	0	0	0	0	0	0	0	0	0	0	0	0	0	0	0	0	0	0	0	0	0	0	0	0	0	
0	0	0	0	0	0	0	0	0	0	0	0	0	0	0	0	0	0	0	0	0	0	0	500	0	0	48	0	0	0	0	0	0	0	0	0	0	0	0	0	0	0	0	0	0	0	0	0	0	0	0	0	0	0	0	0	0	0	0	0	0	0	0	0	0	0	0	0	0	0	
0	0	0	192	0	0	0	0	0	0	0	0	0	0	0	0	0	0	0	0	0	0	0	0	0	192	0	0	0	0	0	0	0	0	0	0	0	0	0	0	0	0	0	0	0	0	0	0	0	0	0	0	0	0	0	0	0	0	0	0	0	0	0	0	0	0	0	0	0	0	
0	0	0	0	0	0	0	0	0	0	0	0	0	0	0	0	0	0	0	0	0	0	0	0	0	0	0	0	0	0	0	0	0	0	0	0	0	0	0	0	192	0	0	0	0	0	0	0	0	0	0	0	0	500	0	0	0	0	0	0	0	0	0	0	0	0	0	0	0	0	
0	0	0	0	0	0	0	0	0	0	0	0	0	0	0	0	0	0	0	0	0	0	500	0	0	0	0	0	0	0	0	0	0	0	0	0	0	0	0	0	0	0	0	0	0	0	0	0	0	0	0	0	48	0	0	0	0	0	0	0	0	0	0	0	96	0	0	0	0	0	
0	0	0	0	0	0	0	0	0	0	48	192	0	0	0	0	0	0	0	0	0	0	0	0	0	0	0	0	0	0	0	0	0	0	0	0	0	0	0	0	0	0	0	0	0	0	0	0	0	0	0	0	0	0	0	96	0	0	0	0	0	0	0	0	0	0	0	0	0	0	
0	0	0	0	0	0	0	0	0	0	0	0	0	0	0	0	0	0	0	0	0	0	0	0	0	0	0	0	0	0	0	0	0	0	0	0	192	0	0	0	0	0	0	0	0	0	0	0	0	0	0	0	0	0	0	0	0	0	0	0	0	0	0	96	0	0	0	0	0	0	
0	0	48	0	0	0	0	0	0	0	48	0	0	0	0	0	0	0	0	0	0	0	0	0	0	0	0	0	0	0	0	0	0	0	0	0	0	0	0	0	0	0	0	0	0	0	0	0	0	0	0	0	0	0	0	0	0	0	0	0	0	0	0	0	0	0	0	0	0	0	
0	0	0	0	0	0	0	0	0	0	0	0	0	0	0	0	0	0	0	0	0	0	0	0	0	0	0	500	0	48	0	0	0	0	0	0	0	0	0	0	0	0	0	0	0	0	0	0	0	0	0	0	0	0	0	0	0	0	0	0	0	0	0	0	0	0	0	0	0	0	
0	0	0	0	0	0	0	0	48	0	0	0	0	0	0	0	0	0	0	0	0	0	0	0	0	0	0	0	0	0	0	0	0	0	0	0	0	0	0	0	0	0	0	0	0	0	0	0	0	0	0	0	0	0	0	0	0	0	0	0	0	0	0	96	0	0	0	0	0	0	
0	0	0	0	0	0	0	0	0	0	0	0	0	0	0	0	0	0	0	0	0	0	0	0	0	0	0	0	0	0	0	0	0	0	0	0	0	96	48	0	0	0	0	0	0	0	0	0	0	0	0	0	0	0	0	0	0	0	0	0	0	0	96	0	0	0	0	192	0	0	
0	0	0	0	0	0	0	0	0	0	0	0	0	0	0	0	0	0	0	0	0	0	192	0	0	0	0	0	0	0	0	0	0	0	0	0	0	0	0	0	0	0	0	0	0	48	0	0	0	0	0	0	0	0	0	0	0	0	0	0	0	0	0	0	0	0	0	0	0	0	
0	0	0	0	0	0	0	0	0	0	0	0	96	0	0	0	0	0	0	0	0	0	0	0	0	96	0	0	0	0	0	0	0	0	0	0	0	0	0	0	0	0	0	0	500	0	0	0	0	0	0	0	0	0	0	0	192	0	0	0	0	0	96	0	0	0	0	0	0	0	
0	0	0	96	0	0	0	0	0	0	0	0	0	0	0	0	0	0	0	0	0	0	0	0	0	0	0	500	0	0	0	0	0	0	0	0	0	0	0	0	0	0	0	0	0	0	0	0	0	0	0	0	0	0	0	0	0	0	0	0	0	0	0	0	0	0	0	0	0	0	
0	0	192	0	0	0	0	0	0	0	500	0	0	0	0	0	0	0	0	0	0	0	0	0	0	0	0	0	0	0	0	0	0	0	0	0	96	0	0	0	0	0	0	0	0	0	96	0	0	0	0	0	0	0	0	0	0	0	0	0	0	0	0	0	0	0	0	0	0	0	
0	0	0	0	0	0	0	0	0	0	0	0	0	96	0	0	500	0	0	0	0	0	0	0	0	0	0	0	0	0	0	0	0	0	0	0	0	0	0	0	0	0	0	0	0	0	0	0	0	0	0	0	0	192	0	0	0	0	0	0	0	0	0	0	0	0	0	0	0	0	
0	0	0	500	0	0	0	0	0	0	0	0	0	0	0	0	0	0	0	0	0	0	0	0	0	0	0	0	0	0	0	500	192	0	0	0	0	0	0	0	0	0	0	0	0	0	0	0	0	0	0	0	0	0	0	0	0	0	0	0	0	0	0	0	0	0	0	0	0	0	
500	0	0	0	0	0	0	0	0	0	0	0	0	0	0	0	0	0	0	0	0	0	0	0	0	0	0	0	0	0	0	0	0	0	0	500	0	0	0	0	0	0	0	0	0	0	0	0	0	0	0	0	0	0	0	0	0	0	0	0	0	0	0	0	0	0	0	0	0	0	
0	0	0	0	0	0	0	0	0	0	0	0	0	0	0	0	0	0	0	0	0	0	0	0	0	0	0	0	0	0	0	0	0	0	0	0	0	0	0	0	0	0	0	0	0	0	0	0	0	0	0	0	0	0	0	0	0	0	0	0	0	0	0	0	0	0	96	0	500	0	
0	0	0	0	0	0	0	500	0	0	0	48	0	0	0	0	0	0	0	0	0	0	0	0	0	0	0	0	0	0	0	0	0	0	0	0	0	0	0	0	0	0	0	0	0	0	0	0	0	0	0	0	0	0	0	0	0	0	0	0	0	0	0	0	0	0	0	0	0	0	
0	0	0	0	0	0	0	96	0	0	0	0	0	0	0	500	0	0	0	0	0	0	0	0	0	0	0	0	0	0	0	0	0	0	0	0	0	0	0	0	0	0	0	0	0	0	0	0	0	0	0	0	0	0	0	0	0	0	0	0	0	0	0	0	0	0	0	0	0	0	
0	0	0	0	0	0	0	0	0	0	0	0	0	0	0	0	0	0	0	0	0	0	0	0	0	0	0	0	0	0	0	0	0	0	0	0	0	0	0	0	0	0	0	0	0	0	0	0	0	0	0	96	0	96	0	0	0	0	0	0	0	0	0	0	0	0	0	0	0	0	
0	0	0	0	0	0	0	0	192	0	0	0	0	0	0	0	0	0	0	0	0	0	0	0	0	0	0	0	0	0	0	0	0	0	0	0	0	0	0	0	0	0	0	0	0	0	0	96	0	0	96	0	0	0	0	0	0	0	0	0	0	0	0	0	0	500	0	0	0	0	
0	0	0	0	0	0	0	0	0	0	0	0	0	0	0	0	0	0	0	0	0	0	0	0	0	0	0	0	0	0	0	0	0	0	0	0	0	0	0	0	0	0	0	0	0	96	0	0	0	0	0	0	0	0	0	0	0	0	0	0	0	0	0	0	0	0	96	0	0	0	
0	0	0	0	0	0	0	0	0	0	0	0	0	0	0	0	48	0	0	0	0	0	0	0	0	0	0	0	0	0	0	0	0	0	0	0	0	0	0	0	0	0	0	0	0	0	0	0	0	0	0	0	0	0	0	0	0	0	0	0	0	0	0	500	0	0	192	0	0	500	
0	0	0	0	0	0	0	0	0	0	0	0	0	0	0	0	500	0	0	0	0	0	0	0	0	0	0	0	0	0	0	0	0	0	0	0	0	0	0	0	0	0	0	0	0	0	0	0	0	0	0	0	0	0	0	0	0	0	0	96	0	0	0	0	96	192	0	0	0	0	
0	0	0	0	0	0	0	192	0	0	0	0	0	0	0	0	0	0	0	0	0	0	0	0	0	0	0	0	0	0	0	0	0	0	0	0	0	0	0	0	0	0	0	0	0	0	0	0	0	0	0	192	0	0	0	0	0	0	0	0	0	0	0	0	0	0	0	0	0	0	
0	0	0	0	0	0	0	0	0	0	0	0	0	0	0	0	0	0	0	0	0	0	0	0	0	0	48	0	0	0	0	0	0	0	0	0	0	0	0	0	0	0	0	0	0	0	0	0	0	0	0	0	0	0	0	0	0	0	0	500	0	0	0	0	0	0	0	0	0	0	
0	0	0	0	0	0	0	0	0	48	0	0	0	0	0	0	0	0	0	0	0	0	0	0	0	0	0	0	0	0	96	0	0	0	0	0	0	0	0	0	0	0	0	0	0	0	0	0	0	0	0	0	0	0	0	0	0	0	0	0	0	0	0	0	0	500	0	0	0	0	
29	64	60	55	59	41	39	31	46	42	57	50	1	17	56	8	15	37	38	57	61	48	12	39	60	28	44	54	25	52	4	26	54	7	39	16	49	11	18	32	4	16	12	13	14	57	37	52	16	64	20	37	13	50	54	24	45	14	67	36	12	7	5	23	64	23	18	31	60	21	41	10	51	39	23	32	60	47	43	5	58	34	51	23	22	45	46	65	19	52	57	31	7	66	16	15	14	0	17	55	31	30	67	51	49	0	44	5	41	6	42	31	20	54	4	30	52	45	16	44	7	36	28	55	50	37	57	9	2	27	51	42	68	67	32	38	41	49	25	20	29	23	48	14	50	2	43	3	51	16	49	48	29	58	2	62	12	11	4	47	37	64	18	16	47	2	44	5	43	13	60	13	49	58	5	40	44	31	57	54	37	32	28	39	24	67	9	67	52	8	34	3	13	60	65	1	66	5	47	21	66	36	29	25	59	60	21	1	26	30	60	42	36	59	43	34	33	12	63	18	54	48	20	35	18	35	10	13	63	24	1	64	4	14	18	3	14	48	32	45	7	17	11	6	66	39	47	47	60	55	54	24	45	28	56	25	0	9	16	69	4	19	52	64	7	29	63	39	64	44	69	56	14	21	66	34	5	8	1	41	68	20	66	23	43	20	14	69	55	2	35	67	45	62	27	52	48	39	32	10	33	5	20	66	63	55	36	1	27	40	57	33	12	53	51	39	5	53	4	49	61	49	19	16	66	59	12	54	57	2	23	11	0	13	32	21	50	5	20	0	10	31	21	53	44	40	39	34	9	7	31	53	44	16	61	10	29	12	20	15	61	62	60	64	1	33	65	7	53	32	26	65	34	63	69	32	49	11	44	16	20	58	54	33	22	8	33	3	8	29	19	37	24	45	15	55	53	1	1	64	30	25	21	63	1	24	6	18	52	47	18	9	65	1	27	15	21	37	36	11	44	50	23	57	18	41	68	60	34	22	64	52	5	64	27	25	53	4	65	12	3	35	53	45	4	2	41	21	59	53	22	66	6	26	62	31	15	0	13	50	32	45	12	3	67	38	49	39	14	31	64	44	67	5	39	62	20	12	39	69	22	21	6	45	62	64	2	60	26	4	22	42	10	22	61	11	25	30	57	57	42	47	10	69	52	29	60	21	54	59	61	41	5	25	24	40	18	26	12	20	5	28	37	50	58	42	31	22	43	12	64	27	23	1	4	41	45	13	68	18	60	24	41	33	20	14	13	68	42	20	46	66	41	4	28	30	45	62	15	68	9	51	30	50	45	1	66	39	4	30	15	68	65	65	11	59	22	8	3	21	10	64	55	22	20	31	69	12	13	26	25	17	1	52	30	9	56	58	17	23	24	37	1	47	9	63	62	13	29	43	9	47	20	32	69	43	30	59	44	5	34	31	30	41	55	17	34	54	12	52	4	18	52	56	32	57	67	46	67	49	5	61	59	46	18	20	24	13	27	46	59	42	1	27	36	24	47	45	55	68	10	11	55	40	46	43	6	52	37	26	58	45	38	11	36	26	32	58	20	25	38	4	52	59	12	33	65	44	66	25	37	20	66	17	54	44	15	20	7	40	32	32	55	31	68	55	24	12	16	16	9	27	1	31	43	28	6	9	15	63	69	45	25	52	59	36	21	52	62	67	57	61	47	20	4	25	67	10	54	26	52	64	12	42	13	7	2	25	9	44	32	35	2	56	19	55	23	18	49	11	67	12	38	45	60	65	12	49	37	44	6	23	25	10	53	24	30	30	65	13	38	9	6	55	33	1	48	52	38	37	21	24	55	6	42	31	4	1	6	51	12	21	35	27	30	15	13	67	0	42	0	9	59	20	21	59	46	54	64	61	52	67	27	27	35	6	29	45	46	42	34	61	10	47	31	46	17	38	54	46	19	1	21	35	11	2	38	10	53	26	26	35	29	50	20	53	43	34	5	16	0	15	30	27	57	1	9	50	10	19	58	57	36	67	12	39	68	69	7	64	16	0	12	59	57	6	15	56	18	38	8	62	33	0	26	41	23	45	67	47	29	66	39	53	5	51	9	51	22	14	13	43	16	10	59	35	22	33	48	53	63	40	44	43	15	26	35	59	11	58	10	62	20	41	27	50	15	41	12	10	54	7	16	25	18	69	32	31	4	3	56	58	58	67	11	61	51	35	16	25	41	60	8	55	19	52	43	9	14	4	57	27	36	5	30	50	30	58	41	19	37	22	0	42	28	68	55	8	9	55	55	35	68	9	13	35	34	39	41	18	28	14	28	38	1	27	15	56	18	11	21	6	61	24	40	5	52	65	4	24	56	45	41	42	32	65	32	34	23	32	42	22	22	37	7	69	21	25	63	67	60	3	10	23	40	53	52	58	18	6	4	9	9	15	65	61	37	37	39	6	11	57	68	53	66	15	18	2	68	18	48	29	52	63	13	18	62	35	2	5	21	61	15	40	32	64	3	56	31	25	41	29	15	50	63	56	47	38	19	10	11	25	62	52	2	7	62	6	5	14	37	3	16	38	67	11	66	10	15	33	32	40	60	65	63	53	57	57	69	2	33	24	18	6	66	4	7	66	46	26	27	2	48	14	15	29	26	7	68	67	63	34	66	40	49	69	23	1	2	9	2	59	5	12	36	42	10	49	24	43	41	18	22	27	47	47	51	45	62	60	54	62	28	57	19	45	36	55	1	63	52	68	20	19	25	53	29	29	41	1	69	42	6	5	8	31	65	0	63	59	57	38	59	5	55	4	41	5	44	48	21	47	26	48	56	50	47	48	69	48	65	16	30	14	35	10	3	42	55	14	17	7	33	43	31	3	52	29	26	17	17	64	17	53	18	42	10	24	29	65	57	59	18	56	55	34	9	51	33	9	37	68	62	55	12	21	51	60	23	18	62	25	48	65	29	29	41	6	33	47	65	6	5	3	62	67	47	4	12	19	47	24	26	20	13	15	8	66	19	2	62	55	27	64	17	5	69	59	55	25	19	62	19	25	0	55	9	65	9	7	11	69	61	44	53	35	46	53	59	62	8	60	50	26	16	6	25	32	13	37	12	53	40	17	1	69	6	11	29	12	43	64	14	9	40	19	68	13	22	43	31	25	53	42	16	23	49	11	16	39	45	47	4	43	68	19	23	31	41	46	4	2	29	61	50	9	2	39	16	25	44	20	24	56	22	31	46	2	3	37	13	40	26	45	37	21	36	2	47	65	52	40	11	43	61	19	1	25	27	54	68	31	62	57	59	25	28	63	28	47	60	33	44	68	51	53	16	2	54	64	15	57	67	12	16	27	11	29	28	64	9	22	26	56	31	52	12	33	4	18	48	44	4	21	54	61	16	19	19	10	63	23	21	21	33	62	42	40	51	39	7	17	44	33	62	54	38	15	60	34	52	49	57	15	17	20	65	51	69	34	5	60	19	39	15	52	38	53	25	44	60	0	45	50	64	29	48	34	33	46	69	44	43	50	14	56	47	58	29	54	20	57	58	46	18	62	29	43	46	20	3	55	65	11	69	38	41	46	15	34	49	32	61	9	19	34	67	41	42	15	47	24	41	36	68	61	0	42	67	0	4	55	60	19	4	28	57	66	63	26	56	63	25	46	4	39	53	21	43	58	28	59	61	56	12	63	49	43	62	69	29	19	64	45	16	30	53	56	14	36	8	67	43	6	59	56	44	64	29	39	33	5	23	53	24	32	19	16	31	24	18	31	5	60	57	63	17	50	18	62	40	17	34	49	69	25	36	10	1	54	52	39	45	32	45	35	28	39	20	65	27	19	35	18	3	0	55	15	31	25	59	64	16	48	27	62	25	5	35	0	29	16	63	39	45	21	58	24	26	31	31	18	69	62	53	51	51	4	30	44	3	41	60	13	28	7	5	56	1	40	22	44	18	54	8	68	49	6	2	40	46	24	10	29	30	20	36	16	41	16	53	38	31	52	40	62	35	57	2	59	4	7	22	32	60	51	62	6	8	63	42	33	25	50	44	62	2	65	65	58	47	62	20	24	52	20	26	43	51	65	28	21	11	68	36	45	37	15	34	6	13	8	66	31	1	63	10	61	15	10	24	11	39	24	18	16	34	23	42	31	35	3	39	32	18	30	38	48	25	48	10	32	26	11	21	53	59	2	14	52	21	5	10	27	29	59	65	33	53	23	30	47	11	25	61	42	65	3	37	47	0	34	17	19	51	12	3	43	1	37	2	57	26	19	49	56	41	60	55	40	7	44	22	55	62	9	34	9	32	58	58	6	38	59	11	11	58	41	22	36	6	45	64	24	67	52	11	56	25	49	67	51	50	24	30	68	8	48	62	23	4	15	51	17	29	69	3	12	60	54	42	44	18	58	6	52	28	11	62	39	5	27	59	23	64	65	16	45	2	33	15	34	4	39	41	20	57	34	17	59	8	58	19	25	60	14	4	14	62	38	11	41	1	43	56	38	9	43	61	4	6	44	6	61	52	6	54	53	4	31	10	22	66	14	25	68	12	15	66	6	51	24	30	4	37	33	6	61	32	60	60	28	33	42	27	56	39	19	29	57	48	16	9	62	44	18	32	55	37	7	10	58	17	55	68	18	63	23	67	28	21	54	21	14	43	42	59	54	50	14	2	51	47	12	22	5	36	22	50	5	17	22	1	32	60	22	65	41	33	27	54	44	69	57	50	50	49	62	34	59	35	24	60	65	39	35	6	65	63	36	35	16	44	69	56	44	54	13	55	23	37	8	65	50	66	23	15	9	13	1	48	37	25	66	10	55	46	47	58	61	6	20	5	38	63	38	63	26	20	43	64	55	29	61	39	14	18	38	21	60	18	6	57	0	35	22	20	27	12	2	54	27	29	0	64	21	40	16	30	8	52	4	25	15	29	52	10	9	25	48	9	11	23	33	17	38	15	65	37	24	29	40	21	
1	42	28	49	41	57	7	66	16	42	68	4	4	45	10	24	67	17	35	58	15	65	62	69	17	53	30	69	58	51	53	46	58	60	60	31	31	45	39	11	5	68	49	26	26	3	65	26	0	17	18	62	25	43	13	21	21	29	43	41	56	12	13	26	15	50	36	47	53	39	14	32	34	14	8	5	4	50	38	27	55	30	20	11	59	2	57	33	6	36	49	4	11	35	25	36	18	32	28	43	30	43	15	10	47	40	13	9	10	64	59	33	13	66	36	35	57	6	41	23	42	22	36	35	1	53	24	18	6	68	41	16	49	66	28	4	38	61	13	43	50	39	69	42	30	49	18	8	18	65	57	14	67	44	8	68	26	69	14	41	49	22	9	49	38	39	5	30	21	33	3	53	64	47	1	68	35	67	15	6	28	34	30	58	3	40	47	32	24	21	69	42	15	50	15	64	68	28	10	23	60	19	59	28	51	36	9	39	30	52	55	27	9	69	34	37	6	29	17	4	3	61	53	33	45	8	45	3	8	50	49	42	29	15	51	52	18	62	10	22	22	68	55	7	47	25	11	28	14	68	62	58	33	33	41	6	5	36	50	6	66	36	62	41	0	46	47	53	45	3	15	41	18	63	29	22	64	52	27	19	19	33	46	61	52	26	35	43	36	6	35	15	41	52	46	9	41	28	49	36	52	0	38	7	28	31	50	1	5	12	16	17	29	59	35	20	53	43	40	4	14	66	56	22	12	45	14	37	22	49	63	17	57	57	4	12	35	52	44	26	4	47	60	44	60	16	49	1	58	14	68	41	64	64	64	48	47	8	30	39	19	32	29	55	59	35	56	62	63	58	31	34	6	27	15	12	26	47	6	11	60	21	45	6	68	24	63	12	15	23	38	36	42	59	23	24	57	14	60	7	41	51	6	15	3	24	33	14	21	12	58	57	59	56	45	51	19	4	50	0	49	20	32	18	11	61	39	62	61	66	27	1	41	41	45	53	11	41	48	46	37	62	69	3	1	68	11	44	3	20	35	8	31	3	25	6	6	40	13	43	7	45	22	42	0	30	3	14	30	16	56	37	12	67	51	66	26	52	7	51	13	68	15	36	25	51	14	62	33	5	26	34	45	47	51	66	66	20	40	36	68	22	68	1	24	14	0	35	64	8	38	17	55	24	3	34	29	33	9	51	23	30	11	35	18	58	55	17	20	21	20	63	54	61	12	6	65	59	52	54	53	25	46	3	68	16	1	2	60	7	24	56	55	46	44	59	27	26	37	33	20	27	0	15	60	65	47	59	19	3	17	60	1	28	35	21	52	60	6	7	49	60	37	69	57	63	49	34	58	14	65	42	65	56	2	54	31	44	21	24	10	42	39	68	49	17	1	9	23	20	30	54	2	53	8	41	47	12	40	44	47	26	10	50	22	32	21	30	29	0	16	40	62	55	36	58	55	12	27	33	36	36	8	11	52	60	1	23	15	37	19	8	4	9	7	1	33	35	61	19	0	6	36	51	19	42	36	53	36	67	45	31	43	42	12	22	6	19	13	47	41	69	62	12	6	27	0	33	27	67	64	35	14	0	15	63	45	68	19	52	54	61	52	7	37	46	47	17	2	66	65	24	61	48	31	61	52	12	62	12	20	60	25	6	63	55	35	67	62	19	5	59	55	67	60	39	26	52	48	8	49	8	11	46	7	53	2	13	4	44	56	14	11	24	28	1	30	33	14	5	8	22	60	11	31	7	3	61	11	60	17	3	8	48	59	32	25	2	47	22	8	63	58	37	2	31	68	32	57	14	34	24	23	15	65	55	68	41	25	2	6	12	29	61	25	50	17	60	47	52	32	8	4	63	63	17	0	13	17	36	65	0	37	60	45	1	68	47	26	29	61	9	4	40	18	55	31	31	22	3	1	65	29	54	61	53	20	29	5	42	19	11	0	55	11	33	12	60	28	64	45	44	35	16	21	24	59	63	35	54	17	6	45	50	44	28	46	37	59	11	24	66	69	25	2	57	45	36	2	47	3	43	63	19	38	23	50	26	22	11	35	53	58	61	37	3	10	67	31	24	59	38	67	1	41	30	9	9	5	65	69	48	67	50	19	24	66	50	35	58	44	47	48	45	27	41	57	65	8	37	30	8	7	38	63	5	8	16	21	51	18	49	27	66	30	38	51	0	53	11	47	50	60	35	67	15	66	13	25	44	36	14	29	69	65	25	11	10	36	67	37	46	42	64	16	25	20	60	28	28	3	66	16	14	2	53	20	53	33	63	29	11	34	4	43	69	18	59	69	10	4	41	5	4	57	54	36	6	57	66	20	30	61	5	12	12	23	36	3	19	0	48	67	32	0	4	9	18	9	22	26	23	42	6	64	67	13	18	25	17	59	55	27	10	27	34	60	56	50	51	68	49	50	36	9	46	6	30	69	58	52	44	14	51	29	54	12	19	54	30	53	53	38	25	65	54	38	28	2	6	23	36	22	20	40	48	63	55	66	9	11	51	2	61	56	18	23	35	51	26	36	19	66	55	6	61	56	17	28	56	65	14	17	3	14	3	50	6	29	69	42	17	63	68	2	17	6	12	44	33	57	5	41	69	56	31	21	27	16	42	9	60	47	11	28	14	34	2	16	55	37	19	2	52	6	51	66	42	11	27	17	39	21	34	65	38	23	46	33	54	15	5	47	32	3	68	61	3	29	10	2	68	43	49	26	57	57	9	49	18	1	3	10	3	39	54	58	3	61	40	30	17	61	42	15	54	33	49	64	56	62	52	21	37	37	28	42	40	16	68	24	5	53	12	42	56	24	59	8	38	22	16	32	68	7	13	47	64	44	32	26	30	7	46	8	53	28	20	60	60	30	44	13	9	37	56	47	10	0	59	58	2	46	52	43	50	7	69	16	58	68	21	22	8	5	1	35	27	25	42	16	69	20	63	3	44	22	5	13	57	21	64	20	49	1	3	51	56	62	3	58	36	19	24	0	44	57	66	38	53	18	20	53	57	4	65	67	38	15	1	29	9	33	68	29	37	43	19	6	12	40	25	45	18	46	37	27	26	29	35	11	58	25	25	34	30	42	68	9	59	18	46	31	66	44	12	11	43	16	41	44	65	11	14	51	3	23	60	29	16	0	40	46	47	52	5	35	1	20	50	42	51	30	10	14	32	45	36	56	1	14	69	37	12	53	27	11	60	13	51	27	18	41	31	67	28	15	23	50	40	61	36	29	20	67	35	52	53	54	11	20	50	29	28	59	59	26	2	59	53	24	56	7	40	18	9	9	68	6	21	31	12	32	30	46	25	58	53	17	57	0	1	47	64	68	68	28	11	8	21	68	68	65	33	60	9	2	37	9	33	27	62	42	63	21	25	18	20	5	66	44	58	23	16	1	41	63	68	42	69	7	14	50	23	56	36	35	16	2	57	23	6	6	24	19	51	26	31	34	64	55	14	7	46	69	66	26	58	29	12	19	43	16	54	63	4	22	15	20	45	16	16	33	49	23	40	34	60	41	58	14	31	68	47	49	35	60	13	56	49	28	51	42	64	49	12	49	7	25	40	12	46	54	31	57	35	6	44	23	9	19	30	47	67	59	11	34	31	4	61	33	13	68	47	35	69	37	20	13	48	66	37	15	19	44	60	14	39	43	53	66	62	21	27	50	22	22	64	27	33	48	19	23	34	17	11	19	0	50	28	35	53	19	22	42	30	3	34	3	61	46	69	21	68	49	59	45	58	34	68	42	45	54	19	37	40	23	13	52	66	34	20	34	30	25	69	17	25	64	16	2	28	41	15	31	41	55	41	27	25	32	33	12	4	29	2	3	29	8	64	6	64	51	23	30	45	14	30	15	1	23	18	41	31	18	43	29	41	25	1	69	7	18	15	11	56	43	40	64	24	50	18	25	68	39	24	19	43	2	65	49	41	21	40	28	0	65	14	37	19	36	2	37	2	69	40	43	59	34	3	22	13	25	26	43	7	6	39	5	23	44	26	43	67	5	24	55	64	32	8	33	45	33	46	12	24	45	32	41	19	10	25	21	11	57	18	64	28	30	63	0	59	22	65	10	21	43	41	54	43	69	18	39	54	10	3	59	63	23	63	11	20	33	46	57	8	30	5	22	3	41	37	1	19	7	42	17	51	58	22	30	58	42	64	57	44	43	15	44	63	5	3	26	60	48	7	64	26	6	59	61	63	32	39	10	47	69	31	4	5	5	41	50	55	31	69	15	21	2	14	48	30	6	64	20	67	57	40	62	56	1	35	45	13	25	57	40	3	69	40	46	47	14	45	54	31	26	43	63	61	34	10	4	32	18	46	67	55	67	16	39	40	7	27	56	59	21	45	25	31	21	3	69	34	24	19	48	7	45	58	67	37	60	67	50	5	40	13	38	22	8	15	7	55	32	14	20	6	12	60	31	7	58	68	24	41	36	53	26	37	8	45	29	3	20	62	49	25	28	37	1	44	28	31	40	21	14	23	11	62	14	51	62	59	56	13	37	68	56	0	9	64	3	16	17	58	60	69	12	28	35	66	29	57	57	4	2	22	23	46	33	16	27	18	69	62	16	2	43	49	23	9	56	31	28	42	49	44	50	11	15	12	15	32	64	67	25	68	36	65	67	24	28	20	59	27	38	15	6	31	63	0	8	22	37	62	22	55	45	53	59	38	61	60	21	69	32	3	25	39	8	14	6	21	0	11	40	16	44	62	35	30	21	49	9	31	36	46	56	64	16	4	16	20	13	32	1	55	14	17	43	44	61	8	66	56	7	58	48	4	37	9	41	11	62	2	44	48	39	35	66	65	35	53	1	21	9	65	32	54	8	38	16	21	59	53	21	51	7	25	13	48	5	54	24	44	42	4	33	4	68	50	46	5	38	65	20	51	60	41	43	68	17	64	30	43	6	15	35	17	58	59	14	
21	23	29	39	34	39	35	30	29	20	23	28	40	34	27	37	39	40	32	36	27	21	30	21	24	29	26	36	29	27	29	32	26	20	22	21	21	20	37	36	30	20	33	23	25	33	25	33	30	27	22	34	39	33	40	23	27	31	37	25	20	31	20	38	24	29	37	39	20	35	21	37	21	39	28	38	38	39	30	22	31	28	23	33	38	38	33	20	20	34	26	37	20	22	35	32	25	35	22	39	38	21	29	20	34	20	35	33	25	39	26	34	28	29	34	37	30	26	34	35	38	22	35	34	24	20	39	35	34	23	32	38	21	25	24	36	38	38	21	36	20	30	21	36	37	29	36	39	23	37	28	27	25	29	35	30	30	21	39	29	32	25	25	37	28	31	30	30	35	29	26	24	37	31	23	29	40	40	20	31	27	30	26	22	40	39	21	34	25	32	34	22	37	34	23	37	29	23	38	34	30	39	23	30	34	27	24	30	22	38	30	21	21	21	32	32	29	23	26	33	23	23	25	37	33	27	31	34	40	35	21	27	20	33	26	30	25	37	24	40	20	23	31	28	28	25	30	25	26	28	24	25	32	40	26	22	22	23	37	38	39	22	36	26	29	22	28	26	39	24	39	26	38	20	35	23	22	24	21	39	32	38	20	31	29	35	30	31	22	33	33	35	27	34	32	31	39	34	30	33	40	22	24	39	30	28	23	30	29	33	32	34	38	24	30	39	30	33	31	20	30	37	28	40	37	39	32	32	27	30	30	32	36	36	24	25	21	25	23	23	33	34	22	38	27	26	32	29	20	38	36	38	35	25	40	36	39	29	22	37	30	38	24	33	20	30	31	27	22	37	21	38	28	20	34	40	37	21	33	39	37	23	36	33	34	29	23	24	26	38	35	34	25	35	31	22	34	23	24	28	36	40	37	36	20	31	31	28	23	36	36	28	40	34	33	25	32	36	24	34	39	29	40	23	28	20	24	39	29	26	37	34	32	33	31	33	25	36	35	25	36	26	30	34	36	34	33	25	36	23	31	33	39	27	26	23	24	39	22	33	39	39	31	28	22	23	36	29	24	21	34	25	33	33	31	37	33	22	24	27	25	35	28	23	38	39	30	21	20	28	29	35	40	25	24	32	20	22	33	27	25	39	31	30	23	20	38	24	37	31	33	34	30	23	24	40	37	22	38	39	24	28	22	21	26	40	32	34	33	40	21	30	22	21	30	28	31	34	33	40	35	39	25	24	32	35	32	23	35	36	36	22	22	29	20	32	31	37	34	22	27	22	36	38	39	25	36	37	20	38	21	25	33	21	28	24	36	40	32	23	28	23	31	23	20	38	27	23	22	30	22	39	29	28	35	33	32	37	37	27	33	32	36	35	26	21	28	25	31	23	37	36	25	25	38	29	21	24	28	30	33	32	38	39	34	20	25	30	24	34	31	24	40	26	38	37	33	35	31	38	35	32	34	34	38	39	27	20	20	36	22	34	36	40	22	31	33	21	29	32	28	22	32	21	32	20	26	27	28	33	20	36	24	28	23	34	36	28	29	33	23	28	36	30	31	26	34	37	35	40	38	26	25	20	28	28	23	40	37	27	30	30	40	30	29	33	38	24	23	34	35	37	25	28	24	25	27	22	40	24	31	22	25	28	26	26	32	39	21	28	34	25	21	22	30	32	31	24	25	27	21	20	40	32	37	27	34	24	21	34	27	22	37	40	39	33	20	26	24	35	40	39	25	29	33	21	26	40	30	33	39	29	29	25	20	27	28	23	31	34	30	25	21	40	30	30	31	36	25	36	31	25	29	36	30	29	40	21	40	40	28	24	31	27	30	20	20	30	22	36	21	36	38	21	39	37	21	20	23	24	38	37	38	40	34	24	30	33	27	39	24	22	27	24	22	22	25	39	31	31	29	22	34	24	25	36	36	30	26	35	21	21	28	32	28	24	30	38	25	34	31	32	26	27	27	23	21	23	26	24	34	38	20	22	34	24	33	39	36	28	36	38	32	21	40	20	24	21	22	39	20	23	21	33	34	32	22	35	25	39	31	22	28	31	31	40	35	35	34	28	31	32	26	21	37	27	34	20	38	27	32	20	23	27	29	28	20	28	22	36	22	29	28	25	20	26	26	33	38	39	28	37	26	30	34	39	27	39	23	38	26	31	31	20	28	21	24	35	25	21	27	32	33	31	21	38	25	26	21	21	28	22	25	29	24	31	29	25	38	39	38	25	36	24	20	31	22	22	22	37	22	31	31	21	30	26	27	23	21	39	40	36	28	23	40	38	25	23	30	36	27	30	40	31	35	32	40	24	31	22	34	28	31	27	23	30	26	21	36	37	23	32	26	22	28	23	23	36	34	36	24	34	38	33	26	24	28	35	32	25	34	40	37	33	32	29	37	36	38	34	39	34	38	34	29	32	37	29	25	31	25	37	39	32	28	22	35	20	24	35	26	39	25	34	34	22	39	35	20	37	34	24	37	22	32	35	34	31	35	30	38	32	40	27	34	27	33	29	35	26	36	26	40	37	32	34	28	23	24	23	29	39	39	34	29	32	31	22	28	22	20	36	21	28	29	36	34	26	23	24	37	32	31	39	28	24	21	36	30	40	36	33	22	40	37	39	32	35	22	38	38	33	30	33	29	40	34	31	21	33	29	34	23	31	28	33	23	39	26	20	22	22	27	22	22	25	29	40	34	23	20	28	37	21	34	24	21	32	29	29	22	34	34	30	32	29	20	26	21	27	26	37	23	39	38	35	39	39	28	33	26	22	37	32	25	24	34	37	31	28	40	23	24	34	27	36	40	21	37	30	39	27	36	25	28	32	34	32	23	28	34	20	40	29	33	21	38	28	36	40	26	21	33	30	26	30	20	26	36	30	21	29	40	23	35	29	35	34	29	29	31	37	21	37	30	31	36	20	32	31	20	30	32	29	37	38	37	34	28	37	39	38	23	37	33	20	36	36	26	39	24	20	39	22	23	36	34	38	24	21	31	32	21	27	29	31	36	27	32	40	24	27	36	23	36	30	22	40	39	36	34	35	20	29	39	39	33	34	22	29	20	22	25	21	25	33	25	25	25	35	30	31	20	28	32	33	37	36	40	23	25	35	31	30	29	21	24	36	30	40	32	22	36	23	38	26	38	24	26	30	25	34	34	33	39	34	32	38	35	36	33	30	35	29	24	33	24	36	36	40	28	34	39	38	25	20	31	38	27	28	32	23	20	28	34	38	38	40	30	28	22	39	27	32	27	35	29	25	33	23	35	36	35	33	26	32	34	34	31	32	40	40	24	30	26	39	20	22	32	20	32	38	20	21	23	21	22	25	36	31	28	30	23	35	23	38	25	30	37	34	25	31	20	28	33	30	30	26	30	26	20	24	32	32	22	36	28	23	28	37	35	21	23	27	21	22	39	38	40	31	25	28	32	30	26	20	22	20	37	35	39	36	38	21	30	34	21	39	30	22	23	29	29	36	27	33	31	23	37	40	38	34	29	38	33	31	22	34	29	35	34	30	30	27	30	32	20	38	31	39	38	31	36	20	29	25	23	26	34	31	30	33	31	30	40	25	28	21	28	35	30	36	29	36	35	20	37	23	34	39	23	25	31	26	38	31	38	34	21	38	30	28	32	26	36	24	23	39	24	23	37	34	21	37	27	33	23	20	40	26	28	39	35	38	31	28	37	29	33	36	33	21	34	20	35	20	36	29	35	28	27	28	29	30	20	35	23	38	39	31	38	36	30	20	36	25	30	21	40	23	30	35	32	33	35	29	27	32	27	21	28	40	40	24	26	20	23	30	30	23	24	39	38	24	35	31	35	25	21	31	33	22	27	22	24	34	33	21	21	21	20	21	35	29	24	21	26	40	35	20	35	26	29	22	26	30	29	33	25	29	24	21	24	27	40	38	39	40	22	39	39	38	40	34	29	32	32	27	38	29	23	24	31	35	32	32	38	32	23	27	32	21	22	25	26	21	25	32	20	37	33	26	31	30	20	36	26	23	33	23	26	31	34	32	31	30	28	27	31	28	28	24	39	36	24	27	31	30	35	37	24	31	37	40	39	25	40	27	23	39	30	33	39	35	22	23	35	20	20	33	20	39	33	22	36	21	22	40	20	39	23	39	29	26	23	27	37	33	36	25	28	39	34	22	28	27	39	31	25	22	35	33	33	39	22	20	37	33	38	28	22	27	21	21	21	28	27	27	30	34	30	30	35	39	27	35	23	31	26	33	40	37	27	21	34	23	26	37	30	40	21	28	34	37	40	30	35	28	36	35	27	24	26	39	22	21	40	24	30	33	30	32	38	32	26	35	32	36	35	38	28	35	30	28	30	31	28	23	38	32	36	39	25	25	22	36	33	35	23	22	26	30	32	29	30	37	23	33	33	28	22	39	32	23	27	38	25	31	38	20	36	31	24	29	36	25	35	21	38	27	20	25	28	37	21	21	39	32	34	20	23	31	29	20	27	37	38	29	31	30	23	25	36	23	34	24	20	33	27	20	31	26	21	27	29	35	31	21	26	34	36	21	30	39	24	29	27	40	35	22	22	40	36	37	37	28	39	30	23	38	28	30	40	22	29	39	20	26	21	35	20	23	40	22	27	34	23	40	33	38	38	27	24	24	25	26	20	23	23	31	21	26	29	21	38	36	34	39	23	33	25	24	39	37	29	35	21	32	24	34	37	23	38	36	32	30	22	20	26	28	25	33	31	20	34	29	38	35	26	38	39	29	23	31	23	27	25	31	32	33	21	35	27	20	36	28	24	37	38	36	27	33	26	26	29	37	31	37	27	35	37	30	40	38	28	32	27	39	27	20	33	40	22	29	38	34	37	34	37	33	26	39	24	37	23	37	40	36	31	29	31	39	20	40	25	33	28	32	22	24	30	30	31	27	21	40	39	24	29	33	26	40	26	
12	17	14	29	47	22	35	18	36	17	37	41	43	12	22	17	39	38	12	21	44	35	23	24	18	38	22	12	10	30	27	37	50	16	46	41	28	41	48	18	31	29	33	26	49	21	48	14	27	33	42	31	20	44	21	35	41	33	21	22	36	45	21	17	14	15	16	14	17	32	37	19	11	32	32	41	16	18	40	23	44	37	24	12	33	42	18	46	30	20	18	33	28	42	10	18	21	23	24	40	31	46	14	36	44	36	35	26	27	31	17	37	36	49	41	39	26	32	22	25	45	25	33	36	43	48	47	49	15	49	41	32	23	28	20	38	43	19	11	37	50	38	30	17	18	25	21	32	36	48	35	39	29	50	18	44	36	22	26	23	22	47	16	23	19	37	15	29	32	38	11	44	16	46	39	29	27	45	25	34	38	34	35	17	26	48	31	39	41	41	22	13	27	17	11	23	45	41	17	24	29	30	35	49	45	43	13	43	15	15	34	29	25	48	14	35	44	28	24	15	25	23	46	14	15	36	26	18	14	18	38	43	37	23	13	27	28	36	44	43	39	33	36	19	16	28	33	43	44	40	26	25	32	45	24	26	21	13	38	40	14	34	28	28	33	15	36	39	21	45	42	40	45	28	32	39	13	32	50	35	45	37	27	10	47	25	50	12	21	35	32	20	17	17	37	24	50	34	14	28	42	13	34	27	25	25	23	48	23	27	35	22	31	21	38	14	46	22	41	45	50	18	43	23	31	35	45	23	24	48	16	27	13	23	23	29	48	35	19	49	10	10	39	30	37	18	29	40	23	30	50	38	11	22	15	50	50	47	11	27	22	44	43	49	40	30	41	16	15	43	30	26	40	12	14	50	47	37	40	29	45	10	35	32	12	24	38	23	18	40	18	28	48	38	14	36	19	41	34	22	45	16	16	31	47	28	27	12	48	32	50	34	24	20	17	22	47	10	10	15	43	30	43	21	35	49	11	31	24	35	35	49	30	15	37	48	36	34	30	32	33	34	11	40	17	46	36	40	10	30	13	21	38	45	39	48	10	37	23	27	41	19	22	40	39	15	44	38	14	41	33	22	10	40	22	15	11	15	22	49	50	29	15	33	18	44	24	29	50	36	32	35	15	22	37	38	23	45	15	35	15	25	14	14	23	17	44	27	40	27	47	49	47	48	19	20	19	45	39	29	47	24	25	30	20	19	40	45	10	21	33	10	35	44	39	11	15	33	47	35	48	27	18	26	18	32	33	50	35	34	23	20	37	43	44	23	34	29	41	45	24	22	27	18	49	45	11	15	14	47	39	33	20	15	16	30	21	40	28	42	33	30	40	26	46	45	40	15	40	21	18	17	11	46	37	39	50	27	14	20	45	12	13	24	32	27	35	15	18	49	45	38	16	40	36	49	19	31	40	24	42	20	45	18	45	40	42	48	25	25	17	49	11	12	39	40	19	22	19	45	36	27	11	24	43	10	11	40	21	38	47	28	49	37	50	50	31	12	34	15	39	41	21	41	19	41	16	43	48	27	11	10	49	42	20	50	15	31	50	44	47	23	11	11	21	47	11	33	25	29	32	15	47	19	28	12	24	17	23	27	31	19	45	24	11	30	30	29	18	39	48	21	41	14	42	16	18	29	43	10	23	29	46	41	15	49	14	15	10	49	44	33	44	16	24	41	30	41	12	26	28	12	37	37	21	29	18	36	32	49	42	47	49	19	27	13	36	46	31	41	35	31	46	47	12	27	33	20	18	20	16	10	21	16	47	20	29	46	22	32	40	35	41	14	17	28	26	47	38	41	30	43	20	15	49	37	22	38	21	38	33	17	42	17	41	11	19	38	33	31	22	28	37	38	27	13	25	13	21	23	14	37	40	23	22	27	46	29	49	16	18	13	19	50	20	39	32	33	22	42	37	44	21	37	15	10	24	19	16	12	13	14	30	27	42	16	28	35	22	35	46	31	23	22	11	15	40	36	12	41	47	11	24	31	37	10	25	35	19	34	36	32	44	14	32	46	15	13	31	25	43	37	30	41	39	15	35	10	32	44	14	21	24	42	12	49	39	31	27	15	45	19	50	20	43	34	13	20	10	26	16	47	47	38	45	41	33	46	35	22	27	22	33	24	44	16	36	17	10	34	39	11	39	49	22	16	27	49	30	19	28	39	49	36	42	41	17	49	49	47	37	10	46	47	36	43	34	16	41	13	28	48	24	30	43	35	49	46	30	38	38	42	48	14	35	12	30	28	31	24	22	31	35	42	16	29	26	29	38	35	10	35	34	39	29	18	17	29	36	39	21	17	21	33	19	24	40	33	22	11	31	34	46	30	46	13	19	10	20	27	24	33	20	38	49	27	50	26	21	47	25	29	10	38	13	21	34	31	17	35	26	25	34	15	20	48	23	23	17	35	12	28	43	37	48	32	41	36	38	38	15	27	26	18	48	13	24	46	21	28	24	45	44	11	33	26	23	35	33	40	27	45	29	28	13	16	45	24	43	29	11	24	50	35	22	31	13	24	15	12	31	18	13	12	37	23	15	44	39	27	20	50	11	44	13	34	28	36	29	10	42	39	37	41	45	23	27	38	29	15	11	50	25	24	12	24	31	11	14	37	44	33	19	21	19	33	32	24	15	25	44	31	21	27	26	27	50	43	38	23	42	38	31	25	11	17	46	39	10	19	38	32	50	30	38	21	10	45	39	25	15	10	26	24	48	27	15	39	36	29	19	38	44	45	36	36	41	31	27	43	44	32	49	38	47	27	48	18	37	34	10	37	49	42	49	14	44	32	10	23	44	42	35	18	36	20	42	50	34	19	12	13	41	50	32	41	15	19	16	30	26	42	21	46	17	23	49	20	50	12	15	21	11	25	32	30	46	15	36	14	42	22	29	30	21	35	13	50	44	47	18	34	30	29	17	30	37	27	20	11	35	23	48	17	11	21	25	35	17	23	42	50	32	34	39	18	18	31	18	50	14	15	39	16	40	22	22	46	12	26	30	44	50	46	19	22	22	23	19	26	16	46	15	29	47	48	18	49	49	11	32	43	15	14	32	17	42	21	22	22	42	12	12	24	23	23	29	29	45	24	29	14	36	28	21	44	15	26	23	36	43	38	40	23	50	39	14	23	30	30	43	26	46	19	20	34	36	29	38	40	40	35	10	47	14	10	44	39	28	50	18	20	34	12	36	40	45	31	20	11	12	32	47	35	33	39	13	26	10	25	14	30	26	40	28	31	24	36	30	13	15	23	28	36	39	18	45	30	12	12	26	41	41	37	42	18	15	35	33	10	45	13	43	28	45	32	17	23	44	26	13	36	48	29	29	13	19	41	45	43	41	46	35	47	34	40	13	32	42	49	25	37	19	27	26	41	25	22	23	43	43	37	50	43	24	38	15	41	35	17	38	33	43	46	14	39	44	33	14	23	23	32	15	18	24	19	23	47	17	44	20	17	13	48	14	42	35	26	20	24	36	45	41	41	47	44	48	44	48	49	42	41	20	20	30	36	29	31	26	33	13	50	36	12	14	43	12	30	32	34	13	21	33	14	39	44	43	21	40	30	37	19	19	22	42	46	21	36	26	17	21	38	41	33	22	39	15	15	19	38	35	33	37	49	37	38	26	37	43	32	48	15	23	48	44	25	49	39	38	28	42	10	35	18	11	36	38	41	49	17	40	28	11	39	27	37	15	29	28	20	14	40	25	26	14	17	38	19	41	23	11	37	30	21	19	21	15	20	44	20	22	40	18	43	44	32	17	11	19	31	30	11	41	36	38	31	13	50	50	38	39	43	31	41	40	34	33	17	22	10	18	10	38	28	10	18	12	35	35	21	42	35	17	28	18	33	31	48	38	48	33	10	43	50	49	50	41	42	28	40	33	17	16	22	44	33	44	11	16	42	24	12	19	36	15	16	21	13	39	22	39	15	23	26	12	46	19	39	34	15	22	50	26	25	11	31	32	48	40	10	17	14	19	25	34	43	49	24	26	21	38	35	37	33	35	31	49	32	41	27	38	28	19	25	34	36	50	16	12	25	14	14	23	36	28	13	25	41	33	31	36	48	22	32	31	47	23	44	40	26	16	33	12	32	34	40	35	11	47	35	44	48	35	18	36	49	21	28	23	24	33	13	18	16	17	31	33	35	13	31	50	47	21	41	41	22	13	47	30	25	17	14	38	28	46	30	34	24	49	46	49	42	34	29	16	39	40	41	10	12	31	20	33	47	41	11	11	49	30	39	29	30	47	23	13	50	40	20	10	27	23	44	11	48	21	15	47	39	13	16	47	23	21	20	15	50	12	21	14	47	21	36	42	19	29	37	11	14	45	23	13	20	10	40	20	36	29	30	31	39	42	38	21	28	10	49	23	28	17	28	19	36	31	36	20	44	41	35	42	14	35	38	22	44	35	42	19	38	25	42	11	11	22	43	41	19	31	43	48	46	42	19	27	41	25	35	32	16	16	15	16	43	15	12	38	11	12	47	34	17	21	37	36	28	29	18	10	41	20	21	11	33	22	44	47	14	49	43	29	42	41	24	44	12	42	35	21	46	48	45	26	46	25	33	36	35	39	11	27	44	21	49	21	13	25	49	50	38	36	35	29	10	40	10	43	37	27	10	23	11	37	40	38	14	40	39	19	50	14	41	22	23	42	46	29	31	11	50	36	35	22	31	26	36	50	11	15	47	30	30	11	29	14	32	37	20	32	32	29	50	12	12	45	20	45	48	12	38	30	16	47	38	34	47	38	31	23	35	20	26	44	39	28	21	13	38	25	32	47	39	33	44	18	15	46	27	47	14	46	45	45	16	29	40	46	12	25	29	16	17	50	26	12	45	11	21	44	46	31	44	19	28	34	27	26	27	46	39	43	13	17	26	30	48	47	43	22	33	38	41	25	18	33	23	44	27	34	23	27	14	36	18	24	
15
90
