2173
70
0	0	0	0	0	0	0	0	0	192	0	0	0	0	0	0	0	0	0	0	0	0	0	0	0	0	0	500	0	0	0	0	0	0	500	0	0	0	0	0	0	0	0	500	0	0	0	0	0	0	0	0	0	96	0	0	0	0	0	0	0	0	0	0	0	0	0	0	0	0	
0	0	0	0	0	0	0	0	0	0	0	0	0	0	0	0	0	0	0	0	0	0	0	0	0	0	0	0	0	0	0	0	0	0	0	0	0	0	0	0	0	500	0	0	0	48	0	0	0	0	0	0	96	0	0	0	0	0	0	0	0	0	0	0	0	0	0	0	0	0	
0	0	0	0	0	0	0	0	0	0	0	0	0	0	0	0	0	0	0	0	0	0	0	0	0	0	0	0	0	0	500	0	0	0	0	0	0	0	0	0	96	0	0	0	0	0	0	0	0	0	0	0	0	0	0	0	0	0	0	0	0	0	0	0	0	0	0	0	0	0	
0	0	0	0	0	0	0	0	0	0	0	0	0	0	0	0	48	0	0	0	0	0	0	0	0	0	0	0	0	0	0	0	0	0	0	0	0	0	0	0	0	0	0	0	0	0	0	0	48	0	0	0	0	0	0	0	0	0	0	0	0	0	0	0	0	0	0	0	0	0	
0	0	0	0	0	0	0	0	0	0	0	0	0	0	0	0	0	0	0	0	0	0	0	0	0	0	0	0	0	0	0	0	0	0	0	0	0	0	0	0	0	0	0	0	0	0	48	0	0	0	0	0	0	0	500	0	0	0	0	0	0	0	0	0	0	0	0	0	0	0	
0	0	0	0	0	0	0	0	0	0	0	0	500	0	0	0	0	0	0	0	0	0	0	0	0	0	0	0	0	0	0	0	0	0	0	0	0	0	0	192	0	0	0	0	0	0	0	0	0	0	0	0	0	0	0	0	0	0	0	0	0	0	0	0	0	0	0	0	0	0	
0	0	0	0	0	0	0	0	0	0	0	0	0	0	0	0	0	0	0	0	0	500	0	0	0	0	0	0	0	0	500	0	0	0	0	0	0	0	0	0	48	0	0	0	0	0	0	0	0	0	0	0	0	0	0	0	0	0	0	0	0	0	0	0	0	0	0	0	0	0	
0	0	0	0	0	0	0	0	0	0	0	0	0	0	0	0	0	0	0	0	0	0	0	0	0	0	0	0	0	0	0	0	0	0	0	0	192	0	0	0	0	0	0	0	0	0	0	0	0	96	0	0	0	0	0	0	0	48	0	0	0	0	0	0	0	0	0	0	0	0	
0	0	0	0	0	0	0	0	0	0	0	0	0	0	0	0	0	0	0	0	0	0	500	0	0	0	0	0	0	0	0	0	0	0	0	0	0	0	0	0	0	0	0	0	0	0	0	0	0	0	0	0	0	0	0	0	0	0	0	192	0	0	0	0	0	0	0	0	0	0	
192	0	0	0	0	0	0	0	0	0	0	0	0	0	0	0	0	0	0	0	0	0	0	0	0	0	0	0	0	0	0	96	0	0	0	0	0	0	0	0	0	0	0	0	0	0	0	0	0	0	0	0	0	0	0	0	0	0	0	0	0	0	0	0	0	0	0	0	0	0	
0	0	0	0	0	0	0	0	0	0	0	0	0	0	0	0	0	0	0	0	0	0	0	0	0	0	0	0	0	0	0	0	0	0	0	0	0	0	48	0	0	0	0	0	0	0	0	0	0	0	0	0	0	0	0	0	48	0	0	0	0	0	0	0	0	0	0	0	0	0	
0	0	0	0	0	0	0	0	0	0	0	0	0	0	0	0	0	0	0	0	0	0	0	0	0	0	0	0	0	0	0	0	48	0	0	0	0	0	0	0	0	0	0	0	0	0	0	0	0	0	0	0	0	0	0	192	0	0	0	0	0	0	0	0	0	0	0	0	0	0	
0	0	0	0	0	500	0	0	0	0	0	0	0	48	0	0	0	0	0	0	0	192	0	0	0	0	0	0	0	0	0	0	0	0	0	0	0	0	0	48	0	0	0	0	0	0	0	0	0	0	0	0	0	0	0	0	0	0	192	0	0	0	0	0	0	0	0	0	0	0	
0	0	0	0	0	0	0	0	0	0	0	0	48	0	0	0	0	0	0	0	0	0	0	0	0	0	0	0	0	0	0	0	0	0	0	0	0	0	0	0	0	0	0	0	500	0	0	0	0	0	0	192	0	0	0	0	0	0	0	0	0	0	0	0	0	0	0	0	0	0	
0	0	0	0	0	0	0	0	0	0	0	0	0	0	0	0	0	0	0	0	0	0	0	0	0	0	0	0	0	0	0	0	0	0	0	0	0	0	0	0	0	0	0	0	96	0	0	0	0	0	0	0	0	0	0	0	0	0	0	0	0	0	0	0	0	0	0	48	0	0	
0	0	0	0	0	0	0	0	0	0	0	0	0	0	0	0	96	0	0	0	0	0	0	0	0	0	0	0	0	0	0	0	0	0	0	0	96	0	0	0	0	0	0	0	0	0	0	0	96	0	48	0	0	0	0	0	0	0	0	0	0	0	0	0	0	0	0	0	0	0	
0	0	0	48	0	0	0	0	0	0	0	0	0	0	0	96	0	0	0	0	0	0	0	0	0	0	0	0	0	0	0	0	0	0	0	0	0	0	0	0	0	0	0	0	0	0	500	0	0	0	48	0	0	0	0	0	0	0	0	0	0	96	0	0	0	0	0	0	0	0	
0	0	0	0	0	0	0	0	0	0	0	0	0	0	0	0	0	0	0	0	0	0	0	0	0	0	0	48	0	0	0	0	0	0	0	0	0	96	0	0	0	0	0	0	0	0	0	0	0	0	0	0	0	0	0	0	0	0	0	0	0	0	0	0	0	0	0	0	0	0	
0	0	0	0	0	0	0	0	0	0	0	0	0	0	0	0	0	0	0	0	0	0	0	0	0	0	0	0	0	0	0	96	0	0	0	0	0	0	0	0	0	0	0	0	0	0	0	0	0	0	0	0	0	0	0	0	0	0	0	0	0	0	0	96	0	0	0	0	0	0	
0	0	0	0	0	0	0	0	0	0	0	0	0	0	0	0	0	0	0	0	0	0	0	0	96	0	0	0	0	0	0	0	0	0	0	0	0	0	0	0	0	0	0	0	0	0	0	0	0	0	0	0	0	0	0	48	0	0	0	0	0	0	0	0	0	0	0	0	0	0	
0	0	0	0	0	0	0	0	0	0	0	0	0	0	0	0	0	0	0	0	0	0	0	0	0	0	0	0	0	0	0	0	0	0	0	0	0	0	0	0	0	0	0	0	0	0	48	0	0	0	192	0	0	0	0	0	0	0	0	0	500	96	0	0	0	0	0	0	0	0	
0	0	0	0	0	0	500	0	0	0	0	0	192	0	0	0	0	0	0	0	0	0	0	0	0	0	0	0	0	0	48	0	0	0	0	0	0	0	0	0	0	0	0	0	0	0	0	0	0	0	0	0	0	0	0	0	0	0	0	0	0	0	0	0	0	0	0	0	0	0	
0	0	0	0	0	0	0	0	500	0	0	0	0	0	0	0	0	0	0	0	0	0	0	0	0	0	0	0	0	0	0	0	0	48	0	0	0	0	0	0	0	0	0	0	0	0	0	0	0	0	0	0	0	0	0	0	0	0	48	500	0	0	0	0	0	0	0	0	0	0	
0	0	0	0	0	0	0	0	0	0	0	0	0	0	0	0	0	0	0	0	0	0	0	0	0	0	0	0	0	0	0	0	0	0	0	0	0	0	0	0	0	0	500	0	0	0	0	0	0	0	0	0	0	0	96	0	0	0	0	0	0	0	0	0	48	0	0	0	0	0	
0	0	0	0	0	0	0	0	0	0	0	0	0	0	0	0	0	0	0	96	0	0	0	0	0	192	0	0	0	0	0	0	0	0	0	0	0	0	0	0	0	0	0	0	0	0	0	0	0	0	0	0	0	0	0	0	0	0	0	0	0	0	0	0	0	0	0	0	0	0	
0	0	0	0	0	0	0	0	0	0	0	0	0	0	0	0	0	0	0	0	0	0	0	0	192	0	0	0	0	0	0	0	0	0	0	0	0	0	0	0	0	0	0	0	0	0	0	0	0	0	0	0	0	0	0	0	0	0	0	0	0	0	192	0	0	0	0	0	96	0	
0	0	0	0	0	0	0	0	0	0	0	0	0	0	0	0	0	0	0	0	0	0	0	0	0	0	0	0	0	0	0	0	0	0	0	0	0	0	0	0	0	0	0	0	0	0	0	0	0	0	0	0	192	0	0	0	0	0	48	0	0	0	0	0	0	0	0	0	0	0	
500	0	0	0	0	0	0	0	0	0	0	0	0	0	0	0	0	48	0	0	0	0	0	0	0	0	0	0	0	0	0	0	0	0	0	0	0	500	0	0	0	0	0	0	0	0	0	0	0	0	0	0	0	0	0	0	0	0	0	0	0	0	0	0	0	0	0	0	0	0	
0	0	0	0	0	0	0	0	0	0	0	0	0	0	0	0	0	0	0	0	0	0	0	0	0	0	0	0	0	0	0	0	0	0	0	0	0	0	48	0	0	192	0	0	0	0	0	96	0	0	0	0	0	0	0	0	0	0	0	0	0	0	0	0	0	0	0	0	0	0	
0	0	0	0	0	0	0	0	0	0	0	0	0	0	0	0	0	0	0	0	0	0	0	0	0	0	0	0	0	0	0	0	0	0	0	0	0	0	0	0	0	0	0	0	0	0	0	0	0	0	0	48	0	0	0	0	0	0	0	0	0	0	0	0	0	0	192	0	0	0	
0	0	500	0	0	0	500	0	0	0	0	0	0	0	0	0	0	0	0	0	0	48	0	0	0	0	0	0	0	0	0	0	0	0	0	0	0	0	0	0	0	0	0	0	0	0	0	0	0	0	0	0	0	0	0	0	0	0	0	0	0	0	0	0	0	0	0	0	0	0	
0	0	0	0	0	0	0	0	0	96	0	0	0	0	0	0	0	0	96	0	0	0	0	0	0	0	0	0	0	0	0	0	0	0	0	0	0	0	0	0	0	0	0	0	0	0	0	0	0	0	0	0	0	0	0	0	0	0	0	0	0	0	0	0	0	0	0	0	0	0	
0	0	0	0	0	0	0	0	0	0	0	48	0	0	0	0	0	0	0	0	0	0	0	0	0	0	0	0	0	0	0	0	0	0	0	0	0	48	0	0	0	0	0	0	0	0	0	0	0	0	0	0	0	0	0	0	0	0	0	0	0	0	0	0	0	0	0	0	0	0	
0	0	0	0	0	0	0	0	0	0	0	0	0	0	0	0	0	0	0	0	0	0	48	0	0	0	0	0	0	0	0	0	0	0	0	0	0	0	0	0	0	0	48	0	0	0	0	0	0	0	0	0	0	0	0	0	0	0	96	0	0	0	0	0	0	0	0	0	0	0	
500	0	0	0	0	0	0	0	0	0	0	0	0	0	0	0	0	0	0	0	0	0	0	0	0	0	0	0	0	0	0	0	0	0	0	0	0	0	0	0	0	0	0	0	0	0	0	0	0	0	0	0	0	192	0	0	0	0	0	0	0	0	0	0	0	0	0	0	0	0	
0	0	0	0	0	0	0	0	0	0	0	0	0	0	0	0	0	0	0	0	0	0	0	0	0	0	0	0	0	0	0	0	0	0	0	0	0	0	0	0	0	0	0	0	0	500	0	0	0	0	0	0	0	0	0	0	0	0	0	0	0	0	0	96	0	96	0	0	0	0	
0	0	0	0	0	0	0	192	0	0	0	0	0	0	0	96	0	0	0	0	0	0	0	0	0	0	0	0	0	0	0	0	0	0	0	0	0	0	0	0	0	0	0	0	0	0	0	0	0	192	0	0	0	0	0	0	0	0	0	0	0	0	0	0	0	0	0	0	0	0	
0	0	0	0	0	0	0	0	0	0	0	0	0	0	0	0	0	96	0	0	0	0	0	0	0	0	0	500	0	0	0	0	48	0	0	0	0	0	0	0	0	0	0	48	0	0	0	0	0	0	0	0	0	0	0	0	0	0	0	0	0	0	0	0	0	0	0	0	0	0	
0	0	0	0	0	0	0	0	0	0	48	0	0	0	0	0	0	0	0	0	0	0	0	0	0	0	0	0	48	0	0	0	0	0	0	0	0	0	0	0	0	0	0	0	0	0	0	500	0	0	0	0	0	0	0	0	500	0	0	0	0	0	0	0	0	0	0	0	0	0	
0	0	0	0	0	192	0	0	0	0	0	0	48	0	0	0	0	0	0	0	0	0	0	0	0	0	0	0	0	0	0	0	0	0	0	0	0	0	0	0	0	0	0	0	0	0	0	0	0	0	0	0	0	0	0	0	0	0	0	0	0	0	0	0	0	0	0	0	0	0	
0	0	96	0	0	0	48	0	0	0	0	0	0	0	0	0	0	0	0	0	0	0	0	0	0	0	0	0	0	0	0	0	0	0	0	0	0	0	0	0	0	0	0	0	0	0	0	0	0	0	0	0	0	0	0	0	0	0	0	0	0	0	0	0	0	0	0	0	0	0	
0	500	0	0	0	0	0	0	0	0	0	0	0	0	0	0	0	0	0	0	0	0	0	0	0	0	0	0	192	0	0	0	0	0	0	0	0	0	0	0	0	0	0	0	0	0	0	0	0	0	0	0	0	0	0	0	0	0	0	0	0	0	192	0	0	0	0	0	192	0	
0	0	0	0	0	0	0	0	0	0	0	0	0	0	0	0	0	0	0	0	0	0	0	500	0	0	0	0	0	0	0	0	0	48	0	0	0	0	0	0	0	0	0	0	0	0	0	0	0	0	0	0	0	0	0	0	0	0	0	0	0	0	0	0	0	0	0	0	0	0	
500	0	0	0	0	0	0	0	0	0	0	0	0	0	0	0	0	0	0	0	0	0	0	0	0	0	0	0	0	0	0	0	0	0	0	0	0	48	0	0	0	0	0	0	0	0	0	0	0	0	0	0	0	0	0	0	48	0	0	0	0	0	0	0	0	0	0	0	192	192	
0	0	0	0	0	0	0	0	0	0	0	0	0	500	96	0	0	0	0	0	0	0	0	0	0	0	0	0	0	0	0	0	0	0	0	0	0	0	0	0	0	0	0	0	0	0	0	0	0	0	0	0	0	0	0	0	0	0	0	0	0	0	0	0	0	0	0	0	0	0	
0	48	0	0	0	0	0	0	0	0	0	0	0	0	0	0	0	0	0	0	0	0	0	0	0	0	0	0	0	0	0	0	0	0	0	500	0	0	0	0	0	0	0	0	0	0	0	0	0	0	0	0	0	0	0	0	0	0	0	0	0	0	0	0	0	0	0	0	0	0	
0	0	0	0	48	0	0	0	0	0	0	0	0	0	0	0	500	0	0	0	48	0	0	0	0	0	0	0	0	0	0	0	0	0	0	0	0	0	0	0	0	0	0	0	0	0	0	0	0	0	48	0	0	0	0	0	0	0	0	0	0	0	0	0	0	0	0	0	0	0	
0	0	0	0	0	0	0	0	0	0	0	0	0	0	0	0	0	0	0	0	0	0	0	0	0	0	0	0	96	0	0	0	0	0	0	0	0	0	500	0	0	0	0	0	0	0	0	0	0	0	0	0	0	0	0	0	0	0	0	0	0	0	0	0	0	0	0	0	0	0	
0	0	0	48	0	0	0	0	0	0	0	0	0	0	0	96	0	0	0	0	0	0	0	0	0	0	0	0	0	0	0	0	0	0	0	0	0	0	0	0	0	0	0	0	0	0	0	0	0	0	0	0	0	0	0	0	0	0	0	0	0	0	0	0	0	0	0	0	0	0	
0	0	0	0	0	0	0	96	0	0	0	0	0	0	0	0	0	0	0	0	0	0	0	0	0	0	0	0	0	0	0	0	0	0	0	0	192	0	0	0	0	0	0	0	0	0	0	0	0	0	0	0	0	0	0	0	0	0	0	0	0	0	0	0	0	0	0	0	0	0	
0	0	0	0	0	0	0	0	0	0	0	0	0	0	0	48	48	0	0	0	192	0	0	0	0	0	0	0	0	0	0	0	0	0	0	0	0	0	0	0	0	0	0	0	0	0	48	0	0	0	0	0	0	0	0	0	0	0	0	0	0	0	0	0	0	0	0	0	0	0	
0	0	0	0	0	0	0	0	0	0	0	0	0	192	0	0	0	0	0	0	0	0	0	0	0	0	0	0	0	48	0	0	0	0	0	0	0	0	0	0	0	0	0	0	0	0	0	0	0	0	0	0	0	0	0	0	0	0	0	0	0	0	0	0	0	0	0	0	0	0	
0	96	0	0	0	0	0	0	0	0	0	0	0	0	0	0	0	0	0	0	0	0	0	0	0	0	192	0	0	0	0	0	0	0	0	0	0	0	0	0	0	0	0	0	0	0	0	0	0	0	0	0	0	0	0	0	0	0	0	0	0	0	0	0	0	0	0	0	0	0	
96	0	0	0	0	0	0	0	0	0	0	0	0	0	0	0	0	0	0	0	0	0	0	0	0	0	0	0	0	0	0	0	0	0	192	0	0	0	0	0	0	0	0	0	0	0	0	0	0	0	0	0	0	0	0	0	0	0	0	0	0	0	0	0	0	0	0	0	0	0	
0	0	0	0	500	0	0	0	0	0	0	0	0	0	0	0	0	0	0	0	0	0	0	96	0	0	0	0	0	0	0	0	0	0	0	0	0	0	0	0	0	0	0	0	0	0	0	0	0	0	0	0	0	0	0	0	0	0	0	0	0	192	0	0	0	0	0	0	0	0	
0	0	0	0	0	0	0	0	0	0	0	192	0	0	0	0	0	0	0	48	0	0	0	0	0	0	0	0	0	0	0	0	0	0	0	0	0	0	0	0	0	0	0	0	0	0	0	0	0	0	0	0	0	0	0	0	0	0	0	0	0	0	0	0	0	0	0	0	0	0	
0	0	0	0	0	0	0	0	0	0	48	0	0	0	0	0	0	0	0	0	0	0	0	0	0	0	0	0	0	0	0	0	0	0	0	0	0	0	500	0	0	0	0	48	0	0	0	0	0	0	0	0	0	0	0	0	0	96	0	0	192	0	0	0	0	0	0	0	0	0	
0	0	0	0	0	0	0	48	0	0	0	0	0	0	0	0	0	0	0	0	0	0	0	0	0	0	0	0	0	0	0	0	0	0	0	0	0	0	0	0	0	0	0	0	0	0	0	0	0	0	0	0	0	0	0	0	96	0	0	0	0	0	0	0	0	0	0	0	0	0	
0	0	0	0	0	0	0	0	0	0	0	0	192	0	0	0	0	0	0	0	0	0	48	0	0	0	48	0	0	0	0	0	0	96	0	0	0	0	0	0	0	0	0	0	0	0	0	0	0	0	0	0	0	0	0	0	0	0	0	0	0	0	0	0	0	0	0	0	0	0	
0	0	0	0	0	0	0	0	192	0	0	0	0	0	0	0	0	0	0	0	0	0	500	0	0	0	0	0	0	0	0	0	0	0	0	0	0	0	0	0	0	0	0	0	0	0	0	0	0	0	0	0	0	0	0	0	0	0	0	0	0	0	0	0	0	0	0	0	0	0	
0	0	0	0	0	0	0	0	0	0	0	0	0	0	0	0	0	0	0	0	500	0	0	0	0	0	0	0	0	0	0	0	0	0	0	0	0	0	0	0	0	0	0	0	0	0	0	0	0	0	0	0	0	0	0	0	192	0	0	0	0	0	0	0	192	0	0	0	0	0	
0	0	0	0	0	0	0	0	0	0	0	0	0	0	0	0	96	0	0	0	96	0	0	0	0	0	0	0	0	0	0	0	0	0	0	0	0	0	0	0	0	0	0	0	0	0	0	0	0	0	0	0	0	0	192	0	0	0	0	0	0	0	0	0	0	0	0	0	0	0	
0	0	0	0	0	0	0	0	0	0	0	0	0	0	0	0	0	0	0	0	0	0	0	0	0	192	0	0	0	0	0	0	0	0	0	0	0	0	0	0	0	192	0	0	0	0	0	0	0	0	0	0	0	0	0	0	0	0	0	0	0	0	0	0	0	0	0	0	0	0	
0	0	0	0	0	0	0	0	0	0	0	0	0	0	0	0	0	0	96	0	0	0	0	0	0	0	0	0	0	0	0	0	0	0	0	96	0	0	0	0	0	0	0	0	0	0	0	0	0	0	0	0	0	0	0	0	0	0	0	0	0	0	0	0	0	0	0	0	0	0	
0	0	0	0	0	0	0	0	0	0	0	0	0	0	0	0	0	0	0	0	0	0	0	48	0	0	0	0	0	0	0	0	0	0	0	0	0	0	0	0	0	0	0	0	0	0	0	0	0	0	0	0	0	0	0	0	0	0	0	0	192	0	0	0	0	0	96	500	192	0	
0	0	0	0	0	0	0	0	0	0	0	0	0	0	0	0	0	0	0	0	0	0	0	0	0	0	0	0	0	0	0	0	0	0	0	96	0	0	0	0	0	0	0	0	0	0	0	0	0	0	0	0	0	0	0	0	0	0	0	0	0	0	0	0	0	0	0	0	192	500	
0	0	0	0	0	0	0	0	0	0	0	0	0	0	0	0	0	0	0	0	0	0	0	0	0	0	0	0	0	192	0	0	0	0	0	0	0	0	0	0	0	0	0	0	0	0	0	0	0	0	0	0	0	0	0	0	0	0	0	0	0	0	0	0	96	0	0	0	0	0	
0	0	0	0	0	0	0	0	0	0	0	0	0	0	48	0	0	0	0	0	0	0	0	0	0	0	0	0	0	0	0	0	0	0	0	0	0	0	0	0	0	0	0	0	0	0	0	0	0	0	0	0	0	0	0	0	0	0	0	0	0	0	0	0	500	0	0	0	0	0	
0	0	0	0	0	0	0	0	0	0	0	0	0	0	0	0	0	0	0	0	0	0	0	0	0	96	0	0	0	0	0	0	0	0	0	0	0	0	0	0	0	192	0	192	0	0	0	0	0	0	0	0	0	0	0	0	0	0	0	0	0	0	0	0	192	192	0	0	0	0	
0	0	0	0	0	0	0	0	0	0	0	0	0	0	0	0	0	0	0	0	0	0	0	0	0	0	0	0	0	0	0	0	0	0	0	0	0	0	0	0	0	0	0	192	0	0	0	0	0	0	0	0	0	0	0	0	0	0	0	0	0	0	0	0	0	500	0	0	0	0	
18	61	5	4	18	45	41	56	59	51	15	34	26	21	24	54	36	58	4	44	33	43	52	17	44	21	59	14	68	1	8	15	48	33	9	17	33	61	69	32	18	57	34	41	37	52	10	7	7	8	59	28	5	22	23	33	0	66	60	69	61	28	32	56	3	15	50	59	69	63	52	31	11	68	35	26	46	60	14	13	45	16	22	23	11	35	27	50	69	25	56	22	58	8	29	51	36	36	11	24	22	5	14	17	57	28	20	24	12	4	8	28	46	43	58	38	18	41	17	24	61	46	48	17	27	33	23	24	25	47	66	54	44	55	42	69	35	37	36	54	17	32	6	62	14	25	51	47	31	54	19	35	66	25	12	25	41	55	30	64	7	64	3	51	23	18	18	5	37	39	13	62	20	40	34	63	46	62	25	58	6	26	48	56	34	48	19	56	65	35	5	66	3	46	4	25	49	65	45	52	19	64	61	67	31	36	28	2	32	45	58	21	43	49	66	17	1	65	32	4	43	47	40	30	23	15	14	10	64	60	62	33	3	64	48	33	17	57	30	23	61	48	50	30	20	13	19	31	42	30	3	10	2	60	12	62	26	46	56	8	34	50	21	22	7	53	6	49	60	46	54	19	5	40	10	43	21	9	0	30	51	25	20	48	32	18	23	46	25	47	8	53	41	34	17	60	53	53	21	61	40	27	48	8	40	27	30	14	10	45	27	48	41	19	35	65	12	13	11	64	54	23	33	31	43	48	12	16	28	24	39	26	56	20	42	8	38	48	65	17	1	18	53	33	40	27	3	1	34	59	8	0	64	66	22	22	68	37	15	50	21	58	30	33	64	49	54	53	18	37	69	22	12	12	32	12	60	69	11	22	55	54	30	21	68	65	55	60	50	24	48	55	46	29	63	28	69	65	28	5	18	33	66	49	11	57	57	63	67	29	19	21	24	12	39	14	30	36	15	23	25	37	4	48	5	29	40	46	45	19	68	46	49	42	2	37	0	27	14	19	11	59	37	10	33	25	51	49	25	8	3	69	5	14	31	49	36	18	46	27	58	5	49	46	61	25	41	19	16	6	58	22	44	59	25	14	39	38	12	30	20	65	29	6	18	61	22	13	42	10	27	6	13	44	64	31	4	2	68	15	2	39	65	36	46	33	8	51	54	17	16	43	33	18	54	8	21	61	61	27	26	27	15	61	60	17	69	19	46	66	35	41	54	56	66	1	53	21	3	7	35	47	17	38	7	39	31	23	28	21	33	49	26	29	18	9	18	18	8	36	4	29	21	63	54	16	17	22	15	27	32	47	4	2	47	31	49	1	40	69	58	47	33	26	52	29	68	17	39	67	55	38	24	54	66	19	28	19	3	53	14	13	43	43	50	60	44	57	29	4	49	24	7	6	5	45	56	59	49	31	11	48	6	35	9	21	38	7	52	9	40	27	0	69	66	28	52	17	32	57	46	61	68	62	19	7	44	2	2	62	47	8	25	44	35	60	33	15	31	43	28	8	20	56	10	1	48	12	48	51	35	55	51	56	50	54	60	62	42	54	44	60	23	29	37	22	24	55	46	66	7	15	32	38	36	10	54	55	6	29	49	28	7	1	54	10	18	32	2	54	8	8	61	13	49	56	60	60	53	53	21	56	53	17	28	50	28	56	21	29	48	26	66	48	34	67	22	22	68	7	13	6	42	24	10	67	32	38	52	46	20	64	26	8	43	61	30	68	35	0	63	21	36	15	5	64	8	55	46	38	13	13	51	16	13	57	53	58	42	1	33	4	5	52	26	4	10	40	56	43	57	9	68	55	8	37	1	18	7	59	66	9	8	60	50	21	31	62	68	54	41	26	32	25	30	27	41	13	40	41	3	5	63	31	64	11	43	32	28	19	1	36	49	35	1	34	46	52	35	67	7	15	53	13	59	60	51	23	29	41	9	14	24	30	9	30	63	45	34	18	27	3	60	67	0	59	31	23	59	67	55	3	36	41	32	27	3	55	20	50	64	41	19	45	67	16	34	8	15	45	3	28	28	0	14	44	23	35	35	61	31	4	30	51	29	6	56	49	24	38	33	2	41	49	24	38	14	39	38	8	26	35	30	4	42	24	19	57	69	54	39	18	68	39	0	21	21	2	17	9	2	33	34	29	60	2	33	63	31	59	44	30	38	27	5	41	26	43	21	52	19	68	58	60	42	39	44	62	23	59	8	12	28	53	49	17	54	0	14	8	8	35	62	47	1	53	15	33	2	63	52	65	31	28	61	3	51	35	44	67	57	43	55	7	66	65	30	62	51	58	38	37	25	45	53	61	5	63	23	52	59	44	50	26	64	36	58	5	45	55	25	56	9	62	25	2	51	7	65	42	9	64	5	30	34	48	41	44	17	3	35	61	15	9	55	48	61	35	1	14	44	36	12	46	41	52	20	40	11	40	36	52	18	41	1	12	61	4	34	6	47	41	14	10	29	40	5	64	48	47	56	56	68	9	27	62	40	51	64	69	44	61	39	42	27	3	50	0	58	59	63	36	46	53	55	56	53	28	2	44	46	23	28	17	5	64	17	62	17	3	25	30	31	8	26	29	58	51	28	22	43	33	14	26	34	67	24	23	36	57	54	0	14	57	18	55	15	14	6	63	64	0	13	17	52	41	15	39	68	57	38	24	45	18	50	57	47	37	33	61	5	25	53	26	32	30	44	48	48	22	11	12	67	64	44	57	4	60	36	28	69	52	16	34	7	35	39	15	19	45	18	55	44	0	23	1	59	34	51	22	54	38	62	7	56	7	64	29	39	62	29	14	19	58	65	60	25	30	12	66	56	53	4	33	48	28	50	22	46	20	8	65	60	8	36	3	41	61	27	27	45	22	24	23	16	19	61	6	59	40	65	26	30	3	24	4	20	45	18	35	19	12	57	63	10	38	27	9	44	46	26	8	35	18	39	65	1	28	28	12	49	1	3	38	39	67	14	10	68	3	21	60	61	31	19	43	9	65	60	61	30	38	17	53	43	8	27	34	66	51	68	52	17	13	60	2	33	47	8	53	1	3	5	59	53	28	57	13	61	50	9	28	2	67	15	46	4	8	11	18	36	17	41	56	59	28	49	7	32	45	20	18	49	65	64	52	29	35	57	8	62	13	39	13	68	15	52	14	32	39	17	35	63	34	58	60	65	68	58	63	64	3	5	11	13	64	12	55	2	57	26	46	32	39	34	36	28	44	66	53	62	60	59	49	19	47	1	11	37	6	40	64	1	23	58	41	9	30	13	17	1	54	3	67	61	27	11	44	60	36	19	26	50	25	23	62	18	14	19	66	21	14	27	37	12	47	53	64	32	47	13	43	36	47	68	43	29	51	0	54	26	13	67	43	17	16	63	45	63	28	66	51	19	43	27	52	45	28	24	28	55	5	36	1	66	60	41	54	34	64	18	32	26	67	24	53	61	65	11	10	52	25	34	44	60	45	63	12	59	67	47	28	22	58	44	67	42	36	10	56	18	35	20	65	17	2	54	5	62	45	5	52	66	44	9	65	25	34	21	67	66	36	15	22	22	18	37	39	60	13	60	67	9	38	20	31	18	66	40	55	33	47	9	49	55	35	7	14	10	40	2	33	24	37	23	19	13	55	55	15	1	66	20	35	27	35	43	25	43	55	0	28	8	33	45	27	47	13	61	35	37	7	14	6	23	12	15	53	6	52	44	19	18	25	32	64	30	38	51	67	56	7	27	5	0	24	61	4	62	0	45	20	54	42	10	67	21	55	9	64	39	13	28	0	67	35	65	24	30	8	53	34	1	68	67	10	37	25	17	6	57	19	54	59	5	13	24	38	30	54	35	15	45	47	31	47	37	56	56	19	55	38	1	29	45	58	20	0	61	6	63	59	38	28	42	29	2	11	63	8	8	25	48	66	67	36	61	52	11	39	39	59	47	0	68	64	67	61	26	55	39	57	19	33	48	42	25	25	51	66	19	3	45	58	57	24	41	64	18	27	23	0	29	38	50	65	60	32	19	45	47	8	51	46	51	32	21	13	27	5	38	60	47	33	21	45	30	47	64	13	50	66	8	46	49	36	68	46	64	12	59	16	37	69	56	18	25	66	63	42	2	47	55	7	33	54	26	60	46	29	15	45	49	49	65	42	55	9	51	25	40	32	7	4	12	55	66	40	45	21	46	1	45	47	50	7	0	31	27	3	60	57	56	50	31	0	18	12	0	53	35	25	67	47	21	31	3	1	47	12	63	1	67	53	30	13	52	3	34	34	26	26	24	11	12	42	20	16	4	63	31	46	24	7	45	4	53	41	20	55	12	16	27	7	0	10	52	51	12	27	26	36	52	21	34	48	27	52	32	46	67	61	50	6	62	61	53	1	52	64	24	34	49	6	29	5	20	34	65	37	18	30	64	47	63	62	42	62	58	14	29	36	10	35	63	37	12	63	51	47	45	52	39	35	47	3	25	12	69	16	15	61	22	26	23	15	9	49	57	63	65	37	27	14	69	9	26	10	36	41	48	35	46	19	3	66	26	36	37	54	35	38	4	69	50	37	5	44	42	64	50	14	59	65	51	4	47	66	40	19	29	10	15	55	19	3	18	22	14	51	5	9	0	53	40	27	46	23	18	13	58	61	27	67	67	50	45	17	43	26	50	13	11	63	28	62	40	2	38	53	16	68	37	43	69	13	24	22	44	68	31	8	69	60	22	37	49	22	42	18	13	42	4	26	64	18	42	3	12	62	9	54	4	41	3	34	38	11	32	1	58	62	54	56	25	23	49	20	8	57	58	23	32	6	65	68	6	38	11	38	0	49	25	41	53	69	3	0	20	67	19	62	36	18	48	27	32	24	63	34	49	53	47	52	5	9	54	25	67	68	30	52	50	55	39	33	59	17	55	37	19	2	9	11	8	30	29	33	24	33	11	26	54	
64	44	25	10	19	35	63	55	57	54	7	58	27	16	8	3	6	56	2	66	41	33	13	52	49	3	62	26	53	32	45	24	19	30	18	15	16	59	6	0	1	32	4	37	4	66	10	29	41	16	14	60	63	59	35	1	45	42	2	32	1	67	15	50	11	60	38	67	10	46	20	18	69	13	12	3	6	55	68	53	14	11	24	38	48	51	25	20	65	4	65	17	64	42	10	8	50	62	21	41	3	8	41	39	54	1	38	18	12	50	50	14	65	53	40	1	67	19	61	37	43	48	39	66	42	25	28	40	68	31	43	1	5	19	5	63	36	0	24	28	54	61	22	52	58	69	58	28	62	31	8	69	50	40	8	41	15	27	21	13	59	57	40	24	3	5	59	28	26	14	23	34	41	15	0	27	1	69	16	47	25	35	12	47	34	52	31	10	47	43	41	4	41	3	10	40	21	56	67	12	16	55	58	34	62	56	58	26	38	50	58	67	38	20	8	39	50	12	62	45	7	9	32	7	8	69	37	65	54	20	28	15	9	49	63	45	55	56	47	47	29	33	52	27	40	69	58	55	40	0	20	21	39	6	8	37	48	64	49	21	42	40	18	45	15	0	29	59	8	19	52	21	56	4	65	65	32	36	43	23	21	22	59	7	12	37	28	32	7	54	44	64	49	68	43	32	45	52	49	14	15	20	7	26	49	46	32	42	10	13	22	31	49	10	29	13	60	38	38	53	43	43	44	53	23	29	40	54	21	7	41	58	63	53	52	63	12	23	39	37	61	64	11	69	63	40	22	29	61	4	35	40	18	42	39	60	28	67	5	41	32	9	12	51	23	61	51	6	15	10	4	56	38	55	15	15	5	36	35	65	9	16	25	0	4	49	35	22	66	46	23	9	64	46	47	1	43	40	20	58	0	9	13	30	23	58	23	69	16	20	68	66	46	10	14	3	3	5	39	9	16	32	14	12	66	6	2	56	57	10	17	17	37	25	0	30	17	0	59	31	20	57	64	31	50	59	8	56	25	54	55	29	10	45	0	4	38	17	16	68	65	37	58	24	60	63	35	0	29	50	42	47	42	10	21	24	15	26	13	29	2	52	20	20	51	19	42	47	45	13	34	46	0	48	69	23	7	55	53	11	55	46	64	49	0	25	15	67	12	49	19	53	14	2	2	52	9	12	12	17	35	14	60	4	13	53	65	15	22	14	51	64	33	10	36	43	35	34	51	6	53	7	48	3	55	66	15	62	34	44	57	46	11	8	23	5	42	65	37	0	35	6	53	25	45	68	52	39	33	43	59	66	7	35	28	21	57	21	57	44	50	41	27	2	43	69	0	57	4	10	5	48	58	36	47	44	14	39	39	35	50	62	52	44	8	69	27	44	38	19	56	21	67	7	6	33	56	7	57	28	58	24	31	36	21	36	41	41	27	44	64	33	17	19	28	12	58	42	59	2	0	64	26	55	18	23	1	69	7	20	69	58	64	57	49	32	60	19	39	41	2	31	11	39	24	64	1	39	35	27	60	34	7	19	43	6	43	25	8	48	20	58	43	15	26	36	5	45	51	52	57	29	26	6	1	63	2	55	31	62	3	38	20	18	69	22	35	30	13	0	42	40	44	39	45	39	14	41	27	67	68	67	6	19	30	33	55	25	15	64	53	13	42	0	23	23	56	22	8	57	0	46	31	61	3	46	12	68	47	69	69	45	41	7	55	12	18	56	33	21	2	35	13	46	5	56	5	49	32	15	38	16	6	11	51	25	40	19	21	32	42	54	49	55	44	16	48	17	61	69	2	41	45	40	48	15	52	2	42	33	15	5	53	65	33	47	31	26	31	17	68	10	15	0	44	12	15	21	5	32	36	15	45	25	5	7	24	5	36	59	54	47	61	65	67	55	29	10	53	64	41	60	28	0	32	59	61	10	28	32	58	66	1	39	30	41	16	17	17	7	45	20	63	28	48	61	9	64	59	52	46	61	2	4	39	19	39	26	42	50	5	54	9	50	34	3	24	28	25	65	33	31	65	23	66	53	48	66	23	22	53	37	16	33	3	63	30	59	31	35	49	60	44	14	6	60	7	45	25	57	28	33	69	13	44	9	63	54	63	22	46	15	22	39	39	58	36	31	21	58	11	29	24	49	59	0	38	35	61	35	54	64	34	47	63	33	46	43	67	30	33	64	14	42	30	62	51	58	34	60	3	16	57	4	37	25	62	1	56	38	57	48	33	59	45	51	20	20	19	69	6	67	22	58	65	35	33	32	51	41	7	6	61	19	32	42	30	50	61	30	60	21	69	19	37	40	0	47	16	35	19	12	26	16	40	15	65	1	17	38	51	14	28	13	51	67	17	7	65	1	52	11	46	39	44	28	9	9	35	33	49	34	1	31	63	27	27	1	28	10	62	0	42	57	35	23	50	20	12	36	14	8	43	35	30	39	37	65	11	50	27	27	62	15	23	46	53	45	48	28	14	0	30	7	46	29	23	40	57	27	13	7	24	26	46	28	8	27	68	0	64	25	40	27	55	50	32	68	64	54	41	21	37	49	64	55	53	0	10	60	14	16	36	49	24	39	53	65	50	67	60	49	9	64	5	35	33	68	22	30	32	7	17	64	25	9	40	8	0	48	53	17	68	66	14	34	18	64	6	8	37	25	30	12	18	53	12	57	2	6	65	8	41	38	40	20	54	35	15	10	39	41	28	1	0	37	12	44	14	37	45	10	36	50	44	26	2	52	54	34	30	14	39	5	11	14	50	25	68	67	7	3	29	49	8	0	40	15	46	67	16	21	42	60	39	11	32	26	45	63	63	23	61	28	16	24	26	13	41	21	57	26	18	53	46	2	3	26	39	62	50	46	24	24	59	36	66	38	6	22	12	38	48	46	14	42	60	9	14	26	39	11	36	60	42	24	18	56	8	5	12	46	16	61	50	62	46	5	47	8	37	12	51	33	13	27	53	1	33	17	59	9	30	1	1	37	27	60	30	63	23	27	25	45	25	31	24	50	65	49	56	62	64	68	19	54	37	50	35	36	30	59	11	15	24	56	29	27	46	33	8	39	67	10	23	59	18	46	20	10	50	17	23	66	21	63	61	49	44	39	28	33	39	9	32	59	23	56	64	38	29	17	29	54	65	36	67	26	57	32	38	5	17	5	31	21	41	64	45	16	52	0	38	44	61	2	42	11	37	59	26	7	41	7	21	38	25	47	29	17	21	1	20	43	24	2	7	68	1	11	38	19	54	13	9	9	44	41	47	2	68	14	69	68	38	17	6	69	12	31	56	38	45	20	43	63	25	13	29	11	45	42	53	10	54	14	0	13	52	0	61	48	48	51	51	26	6	42	45	15	44	0	7	20	59	21	28	63	8	48	23	53	26	35	28	53	61	67	27	55	33	14	11	8	49	49	48	21	25	24	2	8	54	37	26	41	5	9	65	52	52	42	13	1	31	42	30	6	15	46	25	59	43	24	45	24	19	4	4	61	27	37	24	2	34	66	50	39	31	4	6	30	26	61	49	63	56	19	57	27	49	15	62	47	22	28	20	33	14	59	49	6	22	15	47	51	3	22	16	6	62	56	3	68	66	48	15	31	39	33	52	44	35	58	4	5	49	37	12	35	52	10	49	66	13	24	7	31	25	49	60	36	39	53	56	40	40	5	48	51	62	11	23	58	44	38	66	26	66	46	35	45	57	8	18	46	8	6	35	12	33	19	57	43	32	54	29	17	30	7	5	54	40	33	37	8	8	28	46	31	58	69	17	57	47	49	32	10	2	35	19	2	43	60	68	43	45	61	0	69	36	51	42	57	68	35	29	40	6	34	11	30	43	39	26	16	8	67	11	43	5	45	12	9	50	60	43	44	16	17	35	2	54	15	23	50	64	19	7	16	42	58	45	21	23	21	14	53	28	3	40	5	19	48	28	25	64	7	43	39	18	4	9	11	22	28	10	50	45	68	46	4	55	28	6	14	0	37	33	46	47	65	45	36	46	32	65	66	18	45	13	34	62	10	69	48	22	41	24	50	4	31	3	22	31	32	32	16	46	4	35	56	51	54	41	4	26	8	68	62	52	46	19	38	0	39	1	44	54	40	54	56	23	58	34	68	65	68	4	26	31	3	18	29	58	44	26	57	40	60	33	13	29	6	68	59	45	42	15	61	52	46	46	7	40	23	66	4	13	68	46	54	27	40	50	34	62	31	6	46	2	35	37	67	29	7	34	19	6	13	53	54	16	55	66	44	51	60	26	38	24	38	39	28	43	48	13	3	11	26	57	67	9	23	16	22	63	53	40	4	23	19	53	5	36	2	60	41	65	35	0	48	22	50	59	28	5	30	29	21	31	27	37	33	47	28	46	18	53	8	44	22	22	10	11	1	26	29	16	53	5	20	63	32	16	48	26	53	62	62	50	2	8	53	30	30	64	38	56	63	2	8	29	57	11	52	5	50	68	9	20	35	39	28	3	0	18	26	23	40	6	7	66	39	68	22	26	66	54	3	50	17	68	65	18	63	1	9	31	13	30	1	7	47	12	56	35	12	21	60	50	61	57	8	29	64	19	16	47	63	27	67	35	28	36	43	69	41	65	26	42	28	56	31	44	28	3	44	27	16	43	13	42	60	69	9	69	6	65	38	13	29	55	16	9	26	46	16	65	51	55	43	29	34	6	18	69	57	16	60	46	18	69	36	13	23	60	5	51	4	6	16	8	49	1	64	64	19	47	58	59	48	53	57	66	31	24	36	16	62	60	44	35	4	49	65	23	43	24	69	61	6	62	39	30	39	13	13	43	15	25	33	1	24	5	2	21	35	48	28	25	53	58	63	2	66	54	24	24	49	41	5	18	11	9	33	23	22	32	7	36	6	7	15	30	49	38	22	38	39	20	58	38	28	30	60	6	66	16	67	67	35	34	
27	21	35	33	21	23	29	22	28	24	40	33	29	20	21	27	38	35	22	26	40	33	36	23	30	27	23	36	36	40	22	26	21	25	34	23	37	39	33	39	35	29	20	20	29	35	23	23	25	28	26	40	25	33	21	40	24	29	37	23	33	29	39	36	21	31	25	32	33	32	40	20	27	32	32	37	20	24	40	23	27	33	34	40	20	21	32	32	34	36	30	31	27	23	22	38	32	25	32	34	40	37	23	37	22	33	27	27	20	22	32	27	37	39	34	35	22	38	27	39	29	33	34	24	37	22	38	33	38	30	21	26	24	34	26	31	25	37	30	27	28	20	31	37	37	21	35	29	31	36	23	27	29	34	35	31	40	39	25	38	23	37	21	26	29	34	24	27	36	39	20	27	22	28	28	34	33	39	38	26	23	35	33	23	24	27	27	32	28	35	34	38	28	27	22	31	29	20	40	21	39	25	29	38	22	37	21	39	39	34	32	22	32	29	21	22	21	39	23	40	40	28	32	28	31	33	32	23	38	31	39	39	31	24	36	35	37	28	38	25	37	32	24	34	21	26	29	22	32	27	27	27	22	34	20	27	23	36	30	26	20	34	31	40	33	20	37	22	27	33	40	31	33	26	32	39	37	23	24	39	40	34	36	35	24	32	36	31	22	35	35	37	28	22	38	23	21	21	33	37	25	27	21	20	28	37	28	20	30	23	27	28	31	40	39	23	39	27	26	28	36	37	25	40	27	22	23	26	37	34	20	28	40	37	26	23	30	24	29	28	34	33	36	36	37	30	22	25	38	22	25	38	32	23	32	37	20	35	32	24	28	32	20	27	40	36	28	34	32	21	23	25	25	23	38	23	23	39	30	22	26	30	37	35	25	39	22	39	30	40	28	22	23	36	34	37	34	23	22	40	34	29	32	22	37	37	26	29	21	26	36	24	29	22	21	30	40	32	32	36	23	30	33	21	33	30	23	27	21	26	32	22	26	27	23	23	33	32	24	36	30	39	21	31	40	27	20	34	35	35	36	30	21	40	23	33	35	38	24	21	29	25	29	37	35	28	35	24	26	23	35	26	40	30	37	28	20	40	30	30	20	29	21	21	22	21	31	36	35	30	32	30	33	34	24	22	30	35	25	21	21	38	38	39	24	34	36	36	38	37	39	35	23	26	24	37	24	37	25	36	38	22	27	23	20	38	40	29	25	37	37	34	22	21	29	28	20	23	33	22	23	26	27	24	35	28	27	21	34	30	30	20	36	32	26	32	20	39	22	31	31	38	25	35	23	34	37	25	27	32	38	33	22	36	32	29	34	33	24	38	26	38	40	23	26	21	30	31	35	36	35	28	33	22	40	23	28	38	23	28	31	25	32	28	20	38	26	40	38	29	31	30	36	37	20	23	29	38	40	39	40	36	40	22	37	24	28	30	29	30	37	24	27	40	31	28	28	40	34	26	39	30	30	28	33	23	30	37	21	32	39	38	26	25	36	23	33	31	24	31	23	39	33	26	38	33	21	34	31	29	28	32	29	22	34	35	32	31	21	40	23	27	40	31	21	30	29	36	27	36	32	35	31	38	24	23	38	32	33	30	21	31	25	20	25	33	20	28	20	30	40	37	24	20	20	37	24	26	31	29	33	31	33	33	29	26	37	25	21	30	35	33	24	26	34	28	21	20	30	22	40	37	36	37	32	35	21	38	23	40	40	33	25	38	34	37	30	39	22	22	20	36	34	40	38	35	35	31	29	40	38	38	22	36	27	24	36	34	39	37	33	29	26	32	38	36	24	35	39	34	30	25	31	35	40	26	27	37	37	27	33	24	39	36	37	36	35	28	36	28	33	32	32	29	24	36	23	26	25	23	27	34	22	37	35	26	21	30	23	27	28	27	38	26	35	27	32	30	36	32	29	35	33	26	29	34	38	26	25	34	33	33	33	30	27	27	27	31	39	28	26	23	25	26	27	27	29	34	36	24	29	35	36	21	40	35	26	34	24	36	29	35	28	22	36	37	40	40	35	22	21	30	33	33	21	36	23	26	29	20	30	40	24	30	33	35	37	23	27	25	31	34	28	26	40	25	20	29	36	32	36	21	37	33	23	39	33	24	35	38	35	32	38	28	30	38	34	21	38	35	36	21	20	22	38	24	37	33	32	24	28	40	37	26	21	25	28	30	28	23	21	28	24	36	33	31	28	39	21	37	38	24	39	34	35	34	39	26	34	24	35	30	35	33	34	33	30	27	33	22	28	36	36	37	38	30	23	29	20	37	29	38	32	38	35	32	21	37	28	27	25	33	21	20	23	21	26	40	37	32	28	23	21	24	27	38	22	37	38	20	34	23	21	40	23	30	21	27	22	28	27	35	40	22	36	35	35	38	33	20	31	40	34	38	24	27	35	38	29	28	34	26	40	27	23	29	33	32	22	26	33	33	23	34	20	39	32	27	37	23	24	21	35	23	35	33	30	28	33	23	32	26	22	26	24	20	40	26	29	26	40	30	35	38	25	20	34	38	26	24	27	21	27	31	35	23	37	24	35	36	30	29	26	29	30	29	30	37	30	23	20	31	21	32	31	22	31	24	23	28	39	33	39	30	32	35	29	20	30	29	27	34	34	26	40	32	40	33	31	35	32	36	36	29	35	33	20	37	23	29	30	34	26	40	35	32	33	31	37	40	33	22	36	33	34	37	35	32	38	23	31	26	30	22	28	24	31	24	34	22	36	32	23	34	21	31	28	30	38	23	27	37	25	32	21	36	29	27	40	34	22	24	24	24	24	30	20	25	29	28	25	32	34	29	22	21	29	34	37	35	28	38	22	37	24	35	20	33	26	37	37	40	40	25	38	21	32	26	23	23	33	23	25	27	20	38	24	28	21	23	20	37	36	33	37	20	31	26	26	35	29	40	26	40	27	22	28	34	25	23	29	29	29	23	25	38	37	21	38	32	23	37	28	39	37	35	32	20	33	34	22	25	30	22	39	23	36	21	37	38	29	21	21	38	29	29	31	36	33	30	23	29	27	29	35	39	38	40	25	34	39	30	30	25	34	24	20	23	40	28	33	32	36	22	34	27	29	34	34	23	35	40	38	28	30	40	23	31	37	33	36	27	38	27	30	21	37	27	35	34	21	39	31	38	30	39	35	20	23	37	32	22	33	35	34	20	24	30	34	28	20	21	34	20	30	28	39	21	28	30	37	20	28	30	25	32	30	22	28	20	31	40	24	33	28	32	36	38	35	32	30	40	24	31	26	22	21	38	37	23	37	40	26	31	30	31	24	39	21	21	40	25	20	34	29	37	36	28	38	33	21	40	24	28	30	30	22	38	27	36	20	38	22	30	21	22	26	35	25	21	35	22	32	25	26	21	25	23	29	32	34	33	34	27	27	32	34	24	32	35	36	30	31	20	30	20	35	40	35	27	35	24	30	40	28	28	40	20	23	38	20	36	34	25	32	26	34	39	35	40	34	39	37	20	37	28	24	38	29	40	21	29	35	36	24	25	36	40	25	40	30	21	28	40	39	29	20	39	25	21	24	32	38	25	22	40	39	24	29	23	40	38	32	33	34	28	30	27	36	35	35	32	36	40	30	26	37	33	23	32	29	28	28	40	20	24	25	22	20	40	39	29	20	31	29	35	21	35	40	38	24	32	27	37	27	21	24	25	37	20	35	23	36	29	38	24	34	27	31	34	36	37	37	29	22	37	27	25	24	23	38	31	30	34	21	28	27	37	24	33	27	36	39	20	33	22	31	29	23	36	22	30	20	26	36	29	25	32	29	25	24	27	21	27	34	31	26	25	30	22	33	34	37	35	32	25	21	23	35	25	20	21	25	28	36	40	33	38	37	40	21	36	25	30	31	39	24	26	31	29	31	23	23	24	35	34	22	29	37	21	24	31	22	34	40	36	30	38	27	28	35	22	35	29	34	39	31	20	37	30	32	33	32	29	21	34	20	31	27	34	21	37	29	32	39	29	22	28	32	24	38	40	32	38	22	26	32	39	26	32	26	25	33	38	36	34	30	34	31	30	31	39	23	36	38	37	20	32	27	30	38	38	36	39	23	30	22	20	21	38	29	40	28	22	36	22	29	38	35	26	27	40	26	22	39	24	21	31	21	32	37	21	20	20	34	27	40	21	25	30	31	21	24	31	31	32	29	34	22	30	37	22	38	23	30	35	40	25	35	29	25	39	37	38	29	23	29	29	28	30	38	39	22	37	29	39	23	37	32	39	35	25	31	32	31	33	30	40	24	21	20	29	29	37	40	31	40	29	20	34	29	31	30	36	38	40	31	22	39	27	39	31	24	23	23	31	36	37	36	39	20	23	33	27	22	27	38	34	20	21	40	33	33	21	29	25	31	26	20	37	20	34	38	37	30	26	35	24	20	39	40	40	29	34	27	29	32	30	21	21	33	37	33	28	26	39	25	25	32	34	36	29	30	32	29	24	22	23	20	20	27	21	34	27	26	31	30	33	40	39	37	26	38	26	38	31	27	40	38	21	35	39	35	37	35	27	24	32	28	40	34	24	30	24	23	29	32	30	28	22	35	33	21	28	39	38	39	23	28	27	37	30	21	24	38	22	25	27	35	34	30	24	20	32	31	28	33	24	37	29	30	28	32	34	28	22	37	37	28	32	24	31	28	28	20	22	21	25	29	38	27	24	30	27	31	20	39	24	35	35	28	30	30	32	34	34	34	26	33	26	30	28	39	23	33	32	21	34	39	32	27	34	30	35	23	33	23	38	21	36	25	40	35	38	39	32	27	21	40	22	36	38	31	34	26	39	39	26	23	31	34	38	28	34	33	26	24	31	38	39	28	26	26	25	37	29	35	37	21	34	28	23	21	24	30	36	27	35	27	32	31	35	32	40	28	34	24	27	36	23	32	28	40	32	21	26	32	40	37	40	39	27	38	
18	25	17	49	17	23	19	26	20	11	40	29	26	48	45	28	28	19	18	11	28	36	37	22	29	29	11	33	20	33	34	14	23	19	46	18	16	34	18	40	45	40	29	23	11	21	15	22	21	39	34	22	17	17	25	46	46	21	29	46	37	34	23	32	45	46	46	17	29	41	26	44	47	36	17	39	35	49	36	42	39	14	14	18	13	34	30	34	48	26	49	27	35	28	49	40	18	34	10	21	32	23	25	16	25	48	40	30	25	49	39	32	50	38	41	48	26	28	21	10	36	44	45	21	43	25	41	39	44	25	13	14	45	22	27	31	15	37	48	22	17	23	15	27	49	28	16	24	31	38	23	33	35	44	37	14	27	17	15	39	17	38	48	33	44	39	16	33	17	14	44	41	20	23	50	35	36	46	34	13	15	46	28	16	32	36	18	21	15	22	32	41	27	33	45	12	46	12	45	48	16	28	22	40	43	25	12	50	38	42	36	50	28	30	49	33	28	30	13	38	17	43	26	32	12	20	18	35	30	22	14	28	32	40	14	36	31	14	18	34	23	34	35	30	47	40	37	11	48	26	24	48	49	39	49	27	47	50	29	30	45	39	40	33	41	29	23	23	43	16	30	36	50	34	14	27	18	38	26	44	29	36	11	37	49	38	21	22	43	33	21	40	35	32	20	47	20	26	11	17	47	34	39	50	23	32	15	27	21	33	17	18	22	28	10	41	33	23	40	41	34	29	28	49	11	34	12	23	19	42	42	14	29	35	40	21	42	49	33	15	43	25	37	48	43	44	22	34	21	22	44	30	31	40	20	35	40	33	16	36	14	15	38	48	39	13	42	14	26	43	28	17	29	26	14	38	38	12	31	21	29	27	49	13	50	42	22	32	49	10	35	14	34	17	49	13	13	35	31	15	50	26	42	18	20	45	22	14	26	15	48	49	35	48	34	27	38	28	36	24	14	35	21	41	46	27	10	26	19	13	48	27	33	39	20	12	34	10	15	12	14	30	16	31	49	13	15	14	35	17	14	30	37	27	49	11	27	47	47	22	24	37	15	17	11	18	44	26	26	35	35	47	21	10	28	35	14	14	44	34	26	10	41	20	21	38	40	41	45	44	46	36	39	46	37	20	25	48	27	34	35	27	34	32	24	14	27	12	23	11	32	48	31	17	35	42	47	17	35	24	17	20	33	12	17	30	45	21	20	46	20	40	39	18	45	35	42	11	14	31	19	14	22	22	25	39	22	42	30	25	19	47	22	27	43	17	49	41	21	46	14	33	47	20	24	17	40	39	50	34	34	25	22	24	39	11	28	45	45	13	10	31	35	44	18	32	44	45	30	49	10	48	25	50	21	41	40	36	34	30	26	20	38	30	30	19	44	12	47	45	15	21	13	36	45	41	32	37	21	30	10	21	44	12	21	15	33	15	24	43	47	34	21	19	10	41	39	41	39	39	29	40	25	21	18	10	49	22	50	21	27	50	16	42	45	37	29	31	28	10	42	39	12	14	28	25	11	32	18	50	17	16	22	49	50	28	33	43	23	33	22	15	35	48	25	29	13	35	17	47	16	50	13	33	33	17	48	15	25	31	24	24	21	21	46	24	28	29	11	46	19	40	33	39	26	50	46	12	16	41	44	43	21	30	14	28	43	38	18	31	45	30	36	46	35	46	45	23	17	17	27	47	40	37	44	13	14	41	24	22	13	22	14	28	38	35	13	33	12	21	45	42	32	47	29	35	29	28	27	48	35	17	34	38	27	50	31	27	20	47	50	30	49	31	18	34	36	50	19	25	14	34	25	17	19	45	23	42	37	32	12	27	17	16	40	30	24	31	21	42	20	21	19	35	33	26	33	41	48	10	19	39	44	28	50	39	19	39	34	45	11	13	25	43	47	39	33	31	33	40	23	37	23	30	40	17	10	19	36	16	28	32	29	43	21	21	13	35	47	16	31	36	26	45	27	33	13	29	12	11	48	29	13	43	32	18	40	16	44	27	45	35	49	20	27	47	20	49	15	17	41	50	42	34	42	15	43	30	13	23	12	12	19	24	11	39	23	11	28	35	16	35	38	33	33	39	22	10	33	13	42	26	17	36	42	31	22	47	11	12	26	46	44	45	31	50	43	27	46	34	39	50	49	28	22	22	22	34	32	35	32	31	13	40	27	10	42	46	40	28	29	21	27	41	34	27	45	21	27	15	14	33	43	13	15	41	34	34	49	40	44	40	41	29	35	10	23	37	17	48	48	50	26	26	27	36	17	19	46	26	31	47	50	10	16	35	37	50	33	14	18	33	33	25	21	11	13	28	38	31	28	29	48	41	28	28	20	15	36	22	34	27	31	17	34	14	49	15	19	17	37	29	30	16	41	11	46	42	30	21	35	48	18	48	33	43	11	47	38	44	35	37	44	49	47	41	24	39	46	24	11	32	32	23	18	38	22	30	38	26	20	42	47	33	39	35	37	25	27	41	43	37	32	34	37	38	14	16	29	29	16	20	49	16	27	31	36	12	26	19	30	22	20	50	26	22	25	22	21	30	10	12	37	19	35	30	16	19	23	23	11	10	27	38	33	27	49	30	34	12	21	28	15	31	31	23	24	39	36	28	28	33	21	11	45	47	23	18	13	18	19	32	46	17	15	22	26	50	25	20	16	24	44	10	44	30	28	35	25	30	50	22	10	30	44	48	28	44	22	49	13	29	10	13	34	26	30	16	42	38	14	45	47	15	11	24	12	13	39	14	31	19	33	46	42	45	49	10	20	26	40	10	27	27	16	47	38	31	49	10	12	17	34	40	46	38	41	29	20	39	32	19	44	42	23	19	35	15	11	21	23	18	24	35	17	49	22	13	31	25	49	34	50	22	30	49	17	28	11	46	11	18	26	44	47	35	18	42	41	23	32	41	40	25	23	41	38	38	37	22	25	18	16	46	28	20	43	31	33	12	21	16	27	27	46	25	44	31	38	25	44	47	47	16	12	44	45	48	29	20	38	14	46	12	32	49	19	14	18	45	48	23	17	17	13	33	11	45	36	17	35	37	46	38	23	11	33	48	46	39	15	20	42	18	21	24	10	10	36	21	46	21	22	38	15	31	20	40	40	23	48	17	42	29	40	15	39	13	46	12	34	11	31	34	28	27	17	48	31	22	29	44	40	22	38	42	25	38	41	22	49	19	18	17	14	43	28	20	11	14	21	43	17	27	45	46	13	49	46	28	10	46	25	50	41	46	41	38	24	38	36	15	34	33	35	44	40	25	12	22	41	25	15	14	24	16	42	32	47	13	49	31	28	49	33	33	35	33	32	43	30	40	32	46	37	36	46	17	26	49	49	13	40	22	48	32	31	38	24	27	43	12	29	42	21	43	48	28	32	45	12	42	29	47	30	16	33	28	26	28	11	43	36	30	42	39	13	31	14	21	35	15	41	45	30	46	16	36	11	11	48	50	17	21	22	45	32	43	18	28	17	28	33	17	48	47	40	45	13	48	25	31	16	33	29	41	34	37	31	22	26	49	29	48	47	13	43	17	30	12	34	28	14	44	17	22	28	19	45	50	30	26	40	12	11	15	15	11	13	31	34	27	34	13	25	42	47	36	20	13	19	18	15	47	18	21	14	50	28	11	33	23	17	40	44	16	31	37	26	36	31	33	11	36	30	21	13	49	18	11	44	22	41	26	30	35	31	33	11	38	32	10	30	47	17	27	48	26	11	42	21	45	50	50	44	34	14	38	11	31	43	28	19	26	16	31	47	22	46	17	24	37	10	40	38	50	23	21	28	38	42	17	45	40	32	44	46	24	22	27	37	38	44	49	46	43	50	18	44	40	15	47	32	48	28	47	50	42	46	47	10	36	36	28	47	38	50	32	26	46	22	46	36	29	36	18	50	35	33	14	46	17	13	36	42	31	47	23	27	24	20	42	37	37	27	19	24	41	16	49	43	30	32	48	49	25	38	35	18	11	30	11	13	45	41	34	42	46	19	37	35	47	38	49	21	43	17	25	16	10	47	30	42	25	20	18	12	16	36	42	41	22	33	27	23	43	21	42	39	12	28	32	12	31	20	11	44	23	41	21	18	44	29	10	14	34	22	23	43	23	30	43	23	27	23	16	33	29	27	38	11	21	35	24	48	34	24	20	50	29	49	12	30	22	39	24	45	33	38	39	19	46	15	14	14	47	15	43	39	38	11	14	27	33	24	18	46	17	27	46	18	28	12	46	37	28	18	39	20	15	13	37	40	12	33	22	33	32	11	21	42	47	16	38	12	26	47	38	26	31	14	14	47	13	37	44	18	38	19	17	32	41	38	16	10	47	26	11	14	32	12	40	17	16	35	46	27	32	38	21	36	27	28	11	22	44	45	22	22	13	36	24	16	28	26	29	20	45	16	17	26	27	13	22	42	37	29	39	47	31	17	41	14	33	21	43	45	49	36	49	44	37	19	38	40	29	41	43	15	41	17	23	28	49	15	32	27	29	23	36	10	23	50	35	26	50	27	42	28	30	36	45	34	45	12	20	40	43	23	11	45	11	33	15	47	35	11	47	15	11	27	29	14	18	16	45	33	38	16	47	43	27	47	18	27	39	50	19	25	50	27	50	46	40	24	28	20	26	34	30	39	15	36	45	28	17	31	49	28	48	13	28	46	19	31	44	34	21	10	38	13	40	16	45	37	14	23	29	45	25	38	28	12	21	42	20	48	39	15	39	22	49	21	36	45	48	11	25	40	49	41	12	22	34	40	49	34	15	34	21	50	50	33	45	26	38	47	28	31	35	43	34	23	42	31	23	16	42	49	39	45	43	32	17	38	31	44	29	15	23	49	30	21	28	12	25	24	17	44	24	38	24	26	26	25	37	46	23	20	44	38	29	44	14	15	38	20	43	19	20	39	28	19	33	49	35	40	27	48	50	35	23	12	
0.5
90
