3204
90
0	0	0	0	0	500	0	0	0	0	0	0	0	0	0	0	0	0	0	0	0	0	0	0	0	0	0	0	0	0	0	0	0	0	0	0	0	0	0	0	0	0	0	0	0	96	0	0	0	0	0	0	0	0	96	0	0	0	0	0	0	0	0	0	0	0	0	0	0	0	0	0	0	0	0	0	0	0	0	0	0	0	0	0	0	0	0	0	0	0	
0	0	0	0	0	0	0	0	0	0	0	0	0	0	0	0	0	0	0	0	0	0	0	0	0	0	0	0	0	0	192	0	0	0	0	0	0	0	0	48	0	0	0	0	0	0	0	0	0	0	0	0	0	0	0	0	0	0	0	0	0	0	0	0	0	0	0	0	0	0	0	0	0	0	0	0	0	0	0	0	0	0	0	0	0	0	0	0	0	0	
0	0	0	0	0	0	0	0	0	0	0	0	0	0	0	0	96	0	0	0	0	0	0	0	0	0	0	0	0	0	0	0	0	0	0	0	0	0	192	0	0	0	0	0	0	0	0	0	0	0	0	0	0	0	0	192	0	0	0	0	0	0	0	0	0	0	0	0	0	0	0	0	0	0	0	0	0	0	0	0	0	0	0	0	0	0	0	0	0	0	
0	0	0	0	0	0	0	0	0	0	0	0	0	0	0	0	0	0	0	0	0	0	0	0	0	0	0	0	0	0	0	0	0	0	0	0	0	0	0	0	0	0	0	0	0	0	0	0	0	0	0	0	0	0	0	0	0	0	0	0	0	0	0	0	192	0	0	0	0	0	0	192	0	0	0	0	0	0	0	0	0	0	0	0	0	0	0	0	0	0	
0	0	0	0	0	0	0	0	0	0	0	0	0	0	0	0	0	0	0	0	0	0	0	0	0	0	0	0	0	96	0	0	0	0	0	0	0	0	0	0	0	0	0	0	0	0	0	0	0	0	0	0	0	0	0	0	0	0	0	0	0	0	0	0	0	0	0	0	0	0	0	0	0	0	0	0	0	0	0	48	0	0	0	0	0	0	0	0	0	0	
500	0	0	0	0	0	0	0	0	0	0	0	0	0	0	0	0	0	0	0	0	0	0	0	0	0	0	0	0	0	0	0	0	0	0	0	0	0	0	0	0	0	0	0	0	0	0	0	0	0	0	0	0	0	48	0	0	0	0	0	0	0	0	0	0	0	0	0	0	0	0	0	0	0	0	0	0	0	0	0	0	0	0	0	0	0	500	0	0	0	
0	0	0	0	0	0	0	0	0	192	0	0	0	0	0	0	0	0	0	0	0	0	0	0	0	0	0	48	0	0	0	0	0	0	0	0	0	0	0	0	0	0	0	0	0	0	0	0	0	0	0	0	0	0	0	0	0	0	0	0	0	0	0	0	0	0	0	0	0	0	0	0	0	0	0	0	0	0	0	0	0	0	0	0	0	0	0	0	0	0	
0	0	0	0	0	0	0	0	0	0	0	0	0	0	0	0	0	0	0	0	0	0	0	0	0	0	0	0	0	0	0	0	0	0	500	48	0	0	0	0	0	0	0	0	0	0	0	0	0	0	0	0	0	0	0	0	0	0	0	0	0	0	0	0	0	0	0	0	0	0	0	0	0	0	0	0	0	0	0	0	0	0	0	0	0	0	0	0	0	0	
0	0	0	0	0	0	0	0	0	0	0	0	0	0	0	0	0	0	0	0	0	0	0	0	0	0	0	0	0	0	0	0	0	0	0	0	0	0	0	0	0	0	48	0	0	0	0	0	0	0	0	0	0	0	0	0	0	0	0	0	0	0	0	0	0	0	0	0	0	0	0	0	0	0	0	0	0	0	0	0	0	0	0	0	0	192	0	0	0	0	
0	0	0	0	0	0	192	0	0	0	0	0	0	0	0	0	0	0	0	0	0	0	0	0	0	0	0	500	0	0	0	0	0	0	0	0	0	0	0	0	0	0	0	0	0	0	0	0	0	0	0	0	0	0	0	0	0	0	0	0	0	0	0	0	0	0	0	0	0	0	0	0	0	0	0	0	0	0	500	0	0	0	0	0	0	0	0	0	0	0	
0	0	0	0	0	0	0	0	0	0	0	0	0	0	0	0	0	0	0	0	0	500	0	0	0	0	0	0	0	0	0	0	0	0	0	0	0	0	0	0	0	0	0	0	0	0	0	0	0	0	0	0	0	0	0	0	0	0	0	48	0	0	0	0	0	0	0	0	0	0	0	0	0	0	0	0	0	0	0	0	0	0	0	0	0	0	0	0	0	0	
0	0	0	0	0	0	0	0	0	0	0	0	0	0	0	0	0	0	0	500	0	0	0	0	0	0	0	0	0	0	0	0	0	0	0	0	0	0	0	0	0	0	0	0	0	0	0	0	0	192	0	0	0	48	0	0	0	0	0	0	0	0	0	0	0	0	0	0	0	0	0	0	0	0	0	0	0	0	0	0	0	0	0	0	0	0	0	0	0	0	
0	0	0	0	0	0	0	0	0	0	0	0	0	0	0	48	0	0	0	0	0	0	0	0	0	0	0	0	0	0	0	0	0	0	0	0	0	0	0	0	0	0	0	0	0	0	0	0	0	0	0	0	0	0	0	0	0	0	0	0	0	0	0	0	0	0	0	0	0	0	0	0	0	0	0	0	0	0	0	0	0	0	0	0	0	0	0	0	96	0	
0	0	0	0	0	0	0	0	0	0	0	0	0	0	0	0	0	0	0	0	0	500	0	0	0	0	0	0	0	0	0	0	0	0	0	0	0	0	0	0	0	0	0	48	0	0	0	0	0	0	0	0	0	0	0	0	0	0	0	0	0	0	0	0	0	96	0	0	0	0	0	0	0	0	0	0	48	0	0	0	0	0	0	0	0	0	48	0	0	0	
0	0	0	0	0	0	0	0	0	0	0	0	0	0	0	0	0	0	0	0	0	0	0	0	0	0	0	0	0	0	0	0	0	48	0	0	0	0	0	0	0	0	0	0	0	0	0	0	0	0	0	0	0	0	0	0	0	0	0	0	0	0	0	0	0	0	0	0	0	0	0	0	0	0	0	0	0	0	0	0	48	0	0	0	48	0	0	0	0	0	
0	0	0	0	0	0	0	0	0	0	0	0	48	0	0	0	0	0	0	0	0	0	0	0	0	0	0	0	0	0	0	0	0	0	0	0	0	96	0	0	0	0	0	0	0	0	0	0	0	0	0	0	0	0	0	0	0	0	0	0	0	0	0	0	0	0	0	0	0	0	0	0	0	0	0	0	0	0	0	0	0	0	0	0	0	0	0	96	192	0	
0	0	96	0	0	0	0	0	0	0	0	0	0	0	0	0	0	0	0	0	0	0	0	0	0	0	0	0	0	0	0	96	0	0	0	0	0	0	48	0	0	0	0	0	0	0	0	0	0	0	192	0	0	0	0	0	0	0	0	0	0	0	0	0	0	0	0	0	0	0	0	0	0	0	0	0	0	0	0	0	0	0	0	0	0	0	0	0	0	0	
0	0	0	0	0	0	0	0	0	0	0	0	0	0	0	0	0	0	0	0	0	0	0	0	0	0	0	0	0	0	0	0	0	0	0	0	0	0	0	0	0	0	0	0	0	0	0	0	0	0	0	0	0	0	0	0	0	0	0	0	0	0	0	0	96	0	0	0	0	0	0	48	0	0	0	0	0	0	0	0	0	0	0	0	0	0	0	0	0	0	
0	0	0	0	0	0	0	0	0	0	0	0	0	0	0	0	0	0	0	0	0	0	0	0	0	96	0	0	0	0	0	48	0	0	0	0	0	0	0	0	0	0	0	0	0	0	0	0	0	0	0	0	0	0	0	0	0	96	0	0	0	0	0	0	0	0	0	0	0	0	0	0	0	0	0	0	0	0	0	0	0	0	0	0	0	0	0	0	0	0	
0	0	0	0	0	0	0	0	0	0	0	500	0	0	0	0	0	0	0	0	0	0	0	0	0	0	0	0	0	0	0	0	0	0	500	0	0	0	0	0	0	0	0	0	0	0	0	0	0	0	0	0	0	500	0	0	0	0	0	0	0	0	0	0	0	0	0	0	0	0	0	0	0	0	0	0	0	0	0	0	0	0	0	0	0	0	0	0	0	0	
0	0	0	0	0	0	0	0	0	0	0	0	0	0	0	0	0	0	0	0	0	0	0	0	0	0	192	0	0	0	0	0	0	0	0	0	0	0	0	0	0	0	0	0	0	0	0	0	96	0	0	0	0	0	0	0	0	0	0	0	0	0	0	0	0	0	0	0	0	0	0	0	0	0	0	0	0	0	0	0	0	0	0	0	0	0	0	0	0	0	
0	0	0	0	0	0	0	0	0	0	500	0	0	500	0	0	0	0	0	0	0	0	0	0	0	0	0	0	0	0	0	0	0	0	0	0	0	0	0	0	0	0	0	0	0	0	0	0	0	0	0	0	0	0	0	0	0	0	0	500	0	0	0	0	0	0	0	0	0	0	0	0	0	0	0	0	0	0	0	0	0	0	0	0	0	0	0	0	0	0	
0	0	0	0	0	0	0	0	0	0	0	0	0	0	0	0	0	0	0	0	0	0	0	0	0	0	0	0	0	0	0	0	0	0	0	0	0	0	0	0	0	0	0	0	0	0	0	0	0	0	0	0	0	0	0	0	0	0	0	0	0	0	0	0	0	0	0	0	0	0	0	0	48	0	0	0	0	0	0	0	0	0	0	0	0	0	0	96	192	0	
0	0	0	0	0	0	0	0	0	0	0	0	0	0	0	0	0	0	0	0	0	0	0	0	0	0	0	0	0	0	0	0	0	0	0	0	0	0	0	0	0	0	0	0	0	0	0	0	0	0	0	0	0	0	0	0	0	0	0	0	0	0	0	192	0	0	0	0	192	0	0	0	0	0	0	0	0	0	0	0	0	0	0	0	0	0	0	0	0	0	
0	0	0	0	0	0	0	0	0	0	0	0	0	0	0	0	0	0	0	0	0	0	0	0	0	0	0	0	0	0	0	0	0	0	0	0	0	0	0	0	0	0	0	0	0	0	0	0	0	0	0	0	500	0	0	0	0	0	0	0	0	0	0	0	0	0	0	0	0	0	0	0	0	500	0	0	0	0	0	0	0	0	0	0	0	0	0	0	0	0	
0	0	0	0	0	0	0	0	0	0	0	0	0	0	0	0	0	0	96	0	0	0	0	0	0	0	0	0	0	0	0	0	0	0	0	0	0	0	0	0	0	0	0	0	0	0	0	0	0	0	0	0	0	0	0	0	0	0	0	0	0	0	0	0	0	0	0	0	0	0	0	0	0	0	0	0	0	0	0	0	0	0	0	0	0	0	0	0	0	192	
0	0	0	0	0	0	0	0	0	0	0	0	0	0	0	0	0	0	0	0	192	0	0	0	0	0	0	48	0	0	0	0	0	0	0	0	0	0	0	0	0	0	0	0	0	0	0	0	96	0	0	0	0	0	0	0	0	0	0	0	0	0	0	0	0	0	0	0	0	0	192	0	0	0	0	48	0	0	0	0	0	0	0	0	0	0	0	0	0	0	
0	0	0	0	0	0	48	0	0	500	0	0	0	0	0	0	0	0	0	0	0	0	0	0	0	0	48	0	0	0	0	0	0	0	0	0	0	0	0	0	0	0	0	0	0	0	0	0	0	0	0	0	0	0	0	0	0	0	0	0	0	0	0	0	0	0	0	0	0	0	48	0	0	0	0	0	0	0	0	0	0	0	0	0	0	0	0	0	0	0	
0	0	0	0	0	0	0	0	0	0	0	0	0	0	0	0	0	0	0	0	0	0	0	0	0	0	0	0	0	0	0	0	0	0	0	0	0	0	0	0	500	0	0	0	0	0	0	0	0	0	0	0	0	0	0	0	0	0	0	0	0	0	0	0	0	0	0	0	0	0	0	0	0	0	0	48	0	0	0	0	0	0	0	0	0	0	0	0	0	0	
0	0	0	0	96	0	0	0	0	0	0	0	0	0	0	0	0	0	0	0	0	0	0	0	0	0	0	0	0	0	0	0	0	0	0	0	0	0	0	0	500	192	0	0	0	0	0	0	0	0	0	0	0	0	0	0	0	0	0	0	0	0	0	0	0	0	0	0	0	0	500	0	0	0	0	0	0	0	0	192	0	0	0	0	0	0	0	0	0	0	
0	192	0	0	0	0	0	0	0	0	0	0	0	0	0	0	0	0	0	0	0	0	0	0	0	0	0	0	0	0	0	0	0	0	0	96	0	0	0	500	0	0	0	0	0	0	0	0	0	0	0	0	0	0	0	0	0	0	0	0	96	0	0	0	0	0	0	0	0	0	0	0	0	0	0	0	0	0	96	0	0	0	0	0	0	0	0	0	0	0	
0	0	0	0	0	0	0	0	0	0	0	0	0	0	0	0	96	0	48	0	0	0	0	0	0	0	0	0	0	0	0	0	0	0	0	0	0	0	0	0	0	0	0	0	0	0	0	0	0	0	192	0	0	0	0	0	0	0	0	0	0	0	0	0	0	0	0	0	0	0	0	0	0	0	0	0	0	0	0	0	0	0	0	0	0	0	0	0	0	0	
0	0	0	0	0	0	0	0	0	0	0	0	0	0	0	0	0	0	0	0	0	0	0	0	0	0	0	0	0	0	0	0	0	0	0	0	0	0	0	0	0	0	0	0	0	0	0	0	0	0	0	0	0	192	0	0	0	0	0	0	0	0	0	0	0	0	0	0	0	0	0	0	0	0	0	0	0	0	500	0	0	0	0	0	0	0	0	0	0	0	
0	0	0	0	0	0	0	0	0	0	0	0	0	0	48	0	0	0	0	0	0	0	0	0	0	0	0	0	0	0	0	0	0	0	0	0	0	0	0	0	0	0	0	96	0	0	0	0	0	0	0	0	0	0	0	0	0	0	0	0	0	0	0	0	0	192	0	0	0	0	0	0	0	0	0	0	0	0	0	0	0	0	0	0	0	0	0	0	0	0	
0	0	0	0	0	0	0	500	0	0	0	0	0	0	0	0	0	0	0	500	0	0	0	0	0	0	0	0	0	0	0	0	0	0	0	0	0	0	0	0	0	0	0	0	0	0	0	0	0	0	0	0	0	0	0	0	0	0	0	0	0	0	0	0	0	0	0	0	0	0	0	0	0	0	0	0	0	0	0	0	0	0	0	0	0	0	0	0	0	0	
0	0	0	0	0	0	0	48	0	0	0	0	0	0	0	0	0	0	0	0	0	0	0	0	0	0	0	0	0	0	96	0	0	0	0	0	0	0	0	0	0	0	0	0	0	0	0	0	0	500	0	96	0	0	0	0	0	0	0	0	0	0	0	0	0	0	0	0	0	0	0	0	0	0	0	0	0	0	96	0	0	0	0	0	0	0	0	0	0	0	
0	0	0	0	0	0	0	0	0	0	0	0	0	0	0	0	0	0	0	0	0	0	0	0	0	0	0	0	0	0	0	0	0	0	0	0	0	0	0	0	0	0	0	0	0	500	0	0	0	0	0	0	0	0	192	0	0	0	0	0	0	0	0	0	192	0	0	0	0	0	0	500	0	0	0	0	0	0	0	0	0	0	0	0	0	0	0	0	0	0	
0	0	0	0	0	0	0	0	0	0	0	0	0	0	0	96	0	0	0	0	0	0	0	0	0	0	0	0	0	0	0	0	0	0	0	0	0	0	0	0	0	0	0	0	0	0	0	0	0	0	0	0	0	0	0	500	0	0	0	0	0	0	0	0	0	0	0	0	0	0	0	0	0	0	0	0	0	0	0	0	0	0	0	0	0	0	0	0	0	0	
0	0	192	0	0	0	0	0	0	0	0	0	0	0	0	0	48	0	0	0	0	0	0	0	0	0	0	0	0	0	0	0	0	0	0	0	0	0	0	0	0	0	0	0	0	0	0	0	0	0	0	0	0	0	0	0	0	0	0	0	0	0	0	0	0	0	0	0	0	0	0	0	0	0	0	0	0	0	0	0	0	0	0	0	0	0	0	0	0	0	
0	48	0	0	0	0	0	0	0	0	0	0	0	0	0	0	0	0	0	0	0	0	0	0	0	0	0	0	0	0	500	0	0	0	0	0	0	0	0	0	0	0	0	0	0	0	0	0	0	0	0	0	0	0	0	0	0	0	0	0	0	0	0	0	0	0	0	0	0	0	0	0	0	0	0	0	0	0	0	0	0	0	0	0	0	0	0	0	0	0	
0	0	0	0	0	0	0	0	0	0	0	0	0	0	0	0	0	0	0	0	0	0	0	0	0	0	0	0	500	500	0	0	0	0	0	0	0	0	0	0	0	0	0	0	0	0	0	0	0	0	0	0	0	0	0	0	0	0	0	0	0	0	0	0	0	0	0	0	0	0	0	0	0	0	0	0	0	0	0	0	0	0	0	0	0	0	0	0	0	0	
0	0	0	0	0	0	0	0	0	0	0	0	0	0	0	0	0	0	0	0	0	0	0	0	0	0	0	0	0	192	0	0	0	0	0	0	0	0	0	0	0	0	0	0	0	0	0	0	0	0	0	0	0	0	0	0	0	0	0	0	0	0	0	0	0	0	0	0	0	0	0	0	0	0	0	0	0	0	0	0	96	0	0	0	48	0	0	0	0	0	
0	0	0	0	0	0	0	0	48	0	0	0	0	0	0	0	0	0	0	0	0	0	0	0	0	0	0	0	0	0	0	0	0	0	0	0	0	0	0	0	0	0	0	0	0	0	192	96	0	0	0	0	0	0	0	0	0	0	0	0	0	0	0	0	0	0	0	0	0	0	0	0	0	0	0	0	0	0	0	0	0	0	0	0	0	48	0	0	0	0	
0	0	0	0	0	0	0	0	0	0	0	0	0	48	0	0	0	0	0	0	0	0	0	0	0	0	0	0	0	0	0	0	0	96	0	0	0	0	0	0	0	0	0	0	0	0	0	0	0	0	0	0	0	0	0	0	0	0	0	0	0	0	0	0	0	0	0	0	0	0	0	0	0	0	0	0	0	0	0	0	0	0	0	0	0	0	0	0	0	0	
0	0	0	0	0	0	0	0	0	0	0	0	0	0	0	0	0	0	0	0	0	0	0	0	0	0	0	0	0	0	0	0	0	0	0	0	0	0	0	0	0	0	0	0	0	0	0	0	0	0	0	0	0	0	0	0	0	0	96	0	0	0	0	0	0	0	0	0	0	500	0	0	0	0	0	0	0	0	0	0	0	0	0	0	0	0	0	0	0	0	
96	0	0	0	0	0	0	0	0	0	0	0	0	0	0	0	0	0	0	0	0	0	0	0	0	0	0	0	0	0	0	0	0	0	0	0	500	0	0	0	0	0	0	0	0	0	192	0	0	0	0	0	0	0	48	0	0	0	0	0	0	0	0	0	0	0	0	0	0	0	0	0	0	0	0	0	0	48	0	0	0	0	0	0	0	0	0	0	0	0	
0	0	0	0	0	0	0	0	0	0	0	0	0	0	0	0	0	0	0	0	0	0	0	0	0	0	0	0	0	0	0	0	0	0	0	0	0	0	0	0	0	0	192	0	0	192	0	0	0	0	0	0	0	0	0	0	0	0	0	0	0	0	0	0	0	0	0	0	0	0	0	0	0	0	0	0	0	192	0	0	0	0	0	0	0	0	0	0	0	0	
0	0	0	0	0	0	0	0	0	0	0	0	0	0	0	0	0	0	0	0	0	0	0	0	0	0	0	0	0	0	0	0	0	0	0	0	0	0	0	0	0	0	96	0	0	0	0	0	0	0	0	0	0	0	0	0	0	0	0	0	0	0	0	0	0	0	0	0	0	0	0	0	0	0	0	0	0	0	0	0	0	0	0	0	0	96	0	0	0	0	
0	0	0	0	0	0	0	0	0	0	0	0	0	0	0	0	0	0	0	0	96	0	0	0	0	0	96	0	0	0	0	0	0	0	0	0	0	0	0	0	0	0	0	0	0	0	0	0	0	0	0	0	0	0	0	0	0	0	0	0	0	0	0	0	0	0	0	0	0	0	0	0	0	0	0	0	0	0	0	0	0	0	0	0	0	0	0	0	0	0	
0	0	0	0	0	0	0	0	0	0	0	192	0	0	0	0	0	0	0	0	0	0	0	0	0	0	0	0	0	0	0	0	0	0	0	500	0	0	0	0	0	0	0	0	0	0	0	0	0	0	0	0	0	0	0	0	0	0	0	0	0	0	0	0	0	0	0	0	0	0	0	0	0	0	0	0	0	0	0	0	0	0	0	0	0	0	0	0	0	0	
0	0	0	0	0	0	0	0	0	0	0	0	0	0	0	0	192	0	0	0	0	0	0	0	0	0	0	0	0	0	0	192	0	0	0	0	0	0	0	0	0	0	0	0	0	0	0	0	0	0	0	0	0	0	0	0	0	0	0	0	0	0	0	0	0	0	0	0	0	0	0	0	0	0	0	0	0	0	0	0	0	0	0	0	0	0	0	0	0	0	
0	0	0	0	0	0	0	0	0	0	0	0	0	0	0	0	0	0	0	0	0	0	0	0	0	0	0	0	0	0	0	0	0	0	0	96	0	0	0	0	0	0	0	0	0	0	0	0	0	0	0	0	0	0	0	0	0	0	0	0	0	0	0	0	0	0	0	0	192	0	0	0	0	0	0	0	0	0	0	0	0	0	0	0	0	0	0	0	0	0	
0	0	0	0	0	0	0	0	0	0	0	0	0	0	0	0	0	0	0	0	0	0	0	0	500	0	0	0	0	0	0	0	0	0	0	0	0	0	0	0	0	0	0	0	0	0	0	0	0	0	0	0	0	0	0	0	0	0	0	0	0	0	0	0	0	0	0	0	0	0	0	0	0	192	0	0	0	0	0	0	0	0	0	0	0	0	0	0	0	0	
0	0	0	0	0	0	0	0	0	0	0	48	0	0	0	0	0	0	0	500	0	0	0	0	0	0	0	0	0	0	0	0	192	0	0	0	0	0	0	0	0	0	0	0	0	0	0	0	0	0	0	0	0	0	0	0	0	0	0	0	0	0	0	0	0	0	0	0	0	0	0	0	0	0	0	0	0	0	0	0	0	0	0	0	0	0	0	0	0	0	
96	0	0	0	0	48	0	0	0	0	0	0	0	0	0	0	0	0	0	0	0	0	0	0	0	0	0	0	0	0	0	0	0	0	0	0	192	0	0	0	0	0	0	0	0	48	0	0	0	0	0	0	0	0	0	0	0	0	0	0	0	0	48	0	0	0	0	0	0	0	0	0	0	0	0	0	0	0	0	0	0	0	0	0	0	0	0	0	0	0	
0	0	192	0	0	0	0	0	0	0	0	0	0	0	0	0	0	0	0	0	0	0	0	0	0	0	0	0	0	0	0	0	0	0	0	0	0	500	0	0	0	0	0	0	0	0	0	0	0	0	0	0	0	0	0	0	500	0	0	0	0	0	0	0	0	0	0	96	0	0	0	0	0	0	48	0	0	0	0	0	0	0	0	0	0	0	0	0	0	0	
0	0	0	0	0	0	0	0	0	0	0	0	0	0	0	0	0	0	0	0	0	0	0	0	0	0	0	0	0	0	0	0	0	0	0	0	0	0	0	0	0	0	0	0	0	0	0	0	0	0	0	0	0	0	0	500	0	96	0	0	0	0	0	0	0	0	0	192	0	0	0	0	0	0	500	0	0	0	0	0	0	0	0	0	0	0	0	0	0	192	
0	0	0	0	0	0	0	0	0	0	0	0	0	0	0	0	0	0	96	0	0	0	0	0	0	0	0	0	0	0	0	0	0	0	0	0	0	0	0	0	0	0	0	0	0	0	0	0	0	0	0	0	0	0	0	0	96	0	0	0	0	192	0	0	0	0	0	0	0	0	0	0	0	0	0	0	0	0	0	0	0	0	0	0	0	0	0	0	0	0	
0	0	0	0	0	0	0	0	0	0	0	0	0	0	0	0	0	0	0	0	0	0	0	0	0	0	0	0	0	0	0	0	0	0	0	0	0	0	0	0	0	0	0	0	96	0	0	0	0	0	0	0	0	0	0	0	0	0	0	0	0	0	0	0	0	0	500	0	0	96	0	0	500	0	0	0	0	0	0	0	0	192	0	0	0	0	0	0	0	0	
0	0	0	0	0	0	0	0	0	0	48	0	0	0	0	0	0	0	0	0	0	500	0	0	0	0	0	0	0	0	0	0	0	0	0	0	0	0	0	0	0	0	0	0	0	0	0	0	0	0	0	0	0	0	0	0	0	0	0	0	0	0	0	0	0	0	0	0	0	0	0	0	0	0	0	0	0	0	0	0	0	0	0	0	0	0	0	0	0	0	
0	0	0	0	0	0	0	0	0	0	0	0	0	0	0	0	0	0	0	0	0	0	0	0	0	0	0	0	0	0	96	0	0	0	0	0	0	0	0	0	0	0	0	0	0	0	0	0	0	0	0	0	0	0	0	0	0	0	0	0	0	0	0	0	0	0	0	0	0	0	0	0	0	0	0	0	192	0	0	0	0	0	0	0	0	0	0	0	0	0	
0	0	0	0	0	0	0	0	0	0	0	0	0	0	0	0	0	0	0	0	0	0	0	0	0	0	0	0	0	0	0	0	0	0	0	0	0	0	0	0	0	0	0	0	0	0	0	0	0	0	0	0	0	0	0	0	0	192	0	0	0	0	0	0	0	0	0	0	0	0	0	0	0	0	500	0	0	0	0	0	0	0	0	0	0	0	0	0	0	0	
0	0	0	0	0	0	0	0	0	0	0	0	0	0	0	0	0	0	0	0	0	0	0	0	0	0	0	0	0	0	0	0	0	0	0	0	0	0	0	0	0	0	0	0	0	0	0	0	0	0	0	0	0	0	48	0	0	0	0	0	0	0	0	0	48	500	0	0	0	0	0	0	0	0	0	0	0	96	0	0	0	0	0	0	0	0	0	0	0	0	
0	0	0	0	0	0	0	0	0	0	0	0	0	0	0	0	0	0	0	0	0	0	0	192	0	0	0	0	0	0	0	0	0	0	0	0	0	0	0	0	0	0	0	0	0	0	0	0	0	0	0	0	0	0	0	0	0	0	0	0	0	0	0	0	0	0	0	96	0	500	0	0	0	0	0	0	0	0	0	0	0	0	0	48	0	0	0	0	0	0	
0	0	0	192	0	0	0	0	0	0	0	0	0	0	0	0	0	96	0	0	0	0	0	0	0	0	0	0	0	0	0	0	0	0	0	0	192	0	0	0	0	0	0	0	0	0	0	0	0	0	0	0	0	0	0	0	0	0	0	0	0	0	48	0	0	0	0	0	0	0	0	0	0	0	0	0	0	0	0	0	0	0	0	0	0	0	0	0	0	0	
0	0	0	0	0	0	0	0	0	0	0	0	0	96	0	0	0	0	0	0	0	0	0	0	0	0	0	0	0	0	0	0	0	192	0	0	0	0	0	0	0	0	0	0	0	0	0	0	0	0	0	0	0	0	0	0	0	0	0	0	0	0	500	0	0	0	0	0	0	0	0	0	0	0	0	0	0	0	0	0	0	0	0	0	0	0	0	0	0	0	
0	0	0	0	0	0	0	0	0	0	0	0	0	0	0	0	0	0	0	0	0	0	0	0	0	0	0	0	0	0	0	0	0	0	0	0	0	0	0	0	0	0	0	0	0	0	0	0	0	0	0	0	0	0	0	0	0	0	500	0	0	0	0	0	0	0	0	192	0	0	0	0	0	0	0	0	0	0	0	0	0	192	192	0	0	0	0	0	0	0	
0	0	0	0	0	0	0	0	0	0	0	0	0	0	0	0	0	0	0	0	0	0	0	0	0	0	0	0	0	0	0	0	0	0	0	0	0	0	0	0	0	0	0	0	0	0	0	0	0	0	0	0	0	0	0	96	192	0	0	0	0	0	0	96	0	0	192	0	0	0	0	0	0	0	0	0	0	0	0	0	0	0	0	500	0	0	0	0	0	0	
0	0	0	0	0	0	0	0	0	0	0	0	0	0	0	0	0	0	0	0	0	0	0	192	0	0	0	0	0	0	0	0	0	0	0	0	0	0	0	0	0	0	0	0	0	0	0	0	0	0	0	192	0	0	0	0	0	0	0	0	0	0	0	0	0	0	0	0	0	0	0	0	0	0	0	0	0	0	0	0	0	0	0	0	0	0	0	0	0	0	
0	0	0	0	0	0	0	0	0	0	0	0	0	0	0	0	0	0	0	0	0	0	0	0	0	0	0	0	0	0	0	0	0	0	0	0	0	0	0	0	0	0	0	0	500	0	0	0	0	0	0	0	0	0	0	0	0	0	96	0	0	0	0	500	0	0	0	0	0	0	0	0	0	0	0	0	0	0	0	0	0	0	0	0	0	0	0	0	0	0	
0	0	0	0	0	0	0	0	0	0	0	0	0	0	0	0	0	0	0	0	0	0	0	0	0	0	192	48	0	500	0	0	0	0	0	0	0	0	0	0	0	0	0	0	0	0	0	0	0	0	0	0	0	0	0	0	0	0	0	0	0	0	0	0	0	0	0	0	0	0	0	0	0	0	0	0	0	0	0	0	0	0	0	0	0	0	0	0	0	0	
0	0	0	192	0	0	0	0	0	0	0	0	0	0	0	0	0	48	0	0	0	0	0	0	0	0	0	0	0	0	0	0	0	0	0	0	500	0	0	0	0	0	0	0	0	0	0	0	0	0	0	0	0	0	0	0	0	0	0	0	0	0	0	0	0	0	0	0	0	0	0	0	0	0	0	0	0	0	0	0	0	0	0	0	0	0	0	0	0	0	
0	0	0	0	0	0	0	0	0	0	0	0	0	0	0	0	0	0	0	0	0	0	48	0	0	0	0	0	0	0	0	0	0	0	0	0	0	0	0	0	0	0	0	0	0	0	0	0	0	0	0	0	0	0	0	0	0	0	500	0	0	0	0	0	0	0	0	0	0	0	0	0	0	0	0	0	0	0	0	0	0	0	0	0	0	0	0	0	0	0	
0	0	0	0	0	0	0	0	0	0	0	0	0	0	0	0	0	0	0	0	0	0	0	0	500	0	0	0	0	0	0	0	0	0	0	0	0	0	0	0	0	0	0	0	0	0	0	0	0	0	0	0	192	0	0	0	0	0	0	0	0	0	0	0	0	0	0	0	0	0	0	0	0	0	0	0	0	0	0	0	0	0	96	0	0	0	0	0	0	0	
0	0	0	0	0	0	0	0	0	0	0	0	0	0	0	0	0	0	0	0	0	0	0	0	0	0	0	0	0	0	0	0	0	0	0	0	0	0	0	0	0	0	0	0	0	0	0	0	0	0	0	0	0	0	0	48	500	0	0	0	0	500	0	0	0	0	0	0	0	0	0	0	0	0	0	0	0	0	0	0	0	0	0	0	0	0	0	0	0	0	
0	0	0	0	0	0	0	0	0	0	0	0	0	0	0	0	0	0	0	0	0	0	0	0	0	0	48	0	48	0	0	0	0	0	0	0	0	0	0	0	0	0	0	0	0	0	0	0	0	0	0	0	0	0	0	0	0	0	0	0	0	0	0	0	0	0	0	0	0	0	0	0	0	0	0	0	0	0	0	0	0	0	0	0	0	0	0	0	0	0	
0	0	0	0	0	0	0	0	0	0	0	0	0	48	0	0	0	0	0	0	0	0	0	0	0	0	0	0	0	0	0	0	0	0	0	0	0	0	0	0	0	0	0	0	0	0	0	0	0	0	0	0	0	0	0	0	0	0	0	0	192	0	0	0	0	0	0	0	0	0	0	0	0	0	0	0	0	0	0	0	0	0	0	0	0	0	0	0	0	0	
0	0	0	0	0	0	0	0	0	0	0	0	0	0	0	0	0	0	0	0	0	0	0	0	0	0	0	0	0	0	0	0	0	0	0	0	0	0	0	0	0	0	0	0	0	48	192	0	0	0	0	0	0	0	0	0	0	0	0	0	0	0	96	0	0	0	0	0	0	0	0	0	0	0	0	0	0	0	0	0	0	0	0	0	0	0	0	0	0	0	
0	0	0	0	0	0	0	0	0	500	0	0	0	0	0	0	0	0	0	0	0	0	0	0	0	0	0	0	0	0	96	0	500	0	0	96	0	0	0	0	0	0	0	0	0	0	0	0	0	0	0	0	0	0	0	0	0	0	0	0	0	0	0	0	0	0	0	0	0	0	0	0	0	0	0	0	0	0	0	0	0	0	0	0	0	0	0	0	0	0	
0	0	0	0	48	0	0	0	0	0	0	0	0	0	0	0	0	0	0	0	0	0	0	0	0	0	0	0	0	192	0	0	0	0	0	0	0	0	0	0	0	0	0	0	0	0	0	0	0	0	0	0	0	0	0	0	0	0	0	0	0	0	0	0	0	0	0	0	0	0	0	0	0	0	0	0	0	0	0	0	0	0	0	0	0	500	0	0	0	0	
0	0	0	0	0	0	0	0	0	0	0	0	0	0	48	0	0	0	0	0	0	0	0	0	0	0	0	0	0	0	0	0	0	0	0	0	0	0	0	0	0	96	0	0	0	0	0	0	0	0	0	0	0	0	0	0	0	0	0	0	0	0	0	0	0	0	0	0	0	0	0	0	0	0	0	0	0	0	0	0	0	0	0	0	0	0	0	0	0	0	
0	0	0	0	0	0	0	0	0	0	0	0	0	0	0	0	0	0	0	0	0	0	0	0	0	0	0	0	0	0	0	0	0	0	0	0	0	0	0	0	0	0	0	0	0	0	0	0	0	0	0	0	0	0	0	0	0	0	192	0	0	0	0	0	0	0	192	0	0	0	0	0	0	0	0	0	0	0	0	0	0	0	0	0	0	0	0	0	0	0	
0	0	0	0	0	0	0	0	0	0	0	0	0	0	0	0	0	0	0	0	0	0	0	0	0	0	0	0	0	0	0	0	0	0	0	0	0	0	0	0	0	0	0	0	0	0	0	0	0	0	0	0	0	0	0	0	0	0	0	0	0	0	0	0	0	0	192	0	0	0	0	0	0	96	0	0	0	0	0	0	0	0	0	0	0	0	0	0	0	0	
0	0	0	0	0	0	0	0	0	0	0	0	0	0	0	0	0	0	0	0	0	0	0	0	0	0	0	0	0	0	0	0	0	0	0	0	0	0	0	0	0	0	0	0	0	0	0	0	0	0	0	0	0	0	0	0	0	0	0	0	0	0	0	48	0	0	0	500	0	0	0	0	0	0	0	0	0	0	0	0	0	0	0	0	0	0	0	0	0	0	
0	0	0	0	0	0	0	0	0	0	0	0	0	0	48	0	0	0	0	0	0	0	0	0	0	0	0	0	0	0	0	0	0	0	0	0	0	0	0	0	0	48	0	0	0	0	0	0	0	0	0	0	0	0	0	0	0	0	0	0	0	0	0	0	0	0	0	0	0	0	0	0	0	0	0	0	0	0	0	0	0	0	0	0	0	0	0	0	0	0	
0	0	0	0	0	0	0	0	192	0	0	0	0	0	0	0	0	0	0	0	0	0	0	0	0	0	0	0	0	0	0	0	0	0	0	0	0	0	0	0	0	0	48	0	0	0	0	96	0	0	0	0	0	0	0	0	0	0	0	0	0	0	0	0	0	0	0	0	0	0	0	0	0	0	0	0	0	0	0	500	0	0	0	0	0	0	192	0	0	0	
0	0	0	0	0	500	0	0	0	0	0	0	0	48	0	0	0	0	0	0	0	0	0	0	0	0	0	0	0	0	0	0	0	0	0	0	0	0	0	0	0	0	0	0	0	0	0	0	0	0	0	0	0	0	0	0	0	0	0	0	0	0	0	0	0	0	0	0	0	0	0	0	0	0	0	0	0	0	0	0	0	0	0	0	0	192	0	0	0	0	
0	0	0	0	0	0	0	0	0	0	0	0	0	0	0	96	0	0	0	0	0	0	96	0	0	0	0	0	0	0	0	0	0	0	0	0	0	0	0	0	0	0	0	0	0	0	0	0	0	0	0	0	0	0	0	0	0	0	0	0	0	0	0	0	0	0	0	0	0	0	0	0	0	0	0	0	0	0	0	0	0	0	0	0	0	0	0	0	0	0	
0	0	0	0	0	0	0	0	0	0	0	0	96	0	0	192	0	0	0	0	0	0	192	0	0	0	0	0	0	0	0	0	0	0	0	0	0	0	0	0	0	0	0	0	0	0	0	0	0	0	0	0	0	0	0	0	0	0	0	0	0	0	0	0	0	0	0	0	0	0	0	0	0	0	0	0	0	0	0	0	0	0	0	0	0	0	0	0	0	0	
0	0	0	0	0	0	0	0	0	0	0	0	0	0	0	0	0	0	0	0	0	0	0	0	0	192	0	0	0	0	0	0	0	0	0	0	0	0	0	0	0	0	0	0	0	0	0	0	0	0	0	0	0	0	0	0	192	0	0	0	0	0	0	0	0	0	0	0	0	0	0	0	0	0	0	0	0	0	0	0	0	0	0	0	0	0	0	0	0	0	
73	29	85	46	53	6	69	3	55	20	41	27	68	47	22	73	1	19	18	63	66	21	56	44	41	17	34	70	7	17	72	72	52	2	80	3	19	4	62	48	41	25	34	24	23	38	85	12	40	49	45	85	32	66	17	13	34	18	72	32	40	21	67	66	38	44	67	64	46	29	86	23	12	56	41	25	11	0	12	57	31	52	10	2	89	21	26	76	46	24	69	68	47	75	40	67	1	46	21	16	13	53	25	85	20	79	26	8	10	86	48	2	32	81	61	68	35	48	71	47	30	7	73	66	4	55	57	51	9	52	6	14	80	40	17	30	52	65	63	14	64	86	61	5	15	28	81	72	12	27	30	57	64	29	66	82	46	30	0	68	40	60	79	20	35	52	44	15	60	67	26	35	76	71	41	33	54	28	52	78	88	30	47	82	19	62	14	4	78	53	17	4	48	16	40	9	30	69	72	88	23	75	71	31	2	87	36	61	15	69	22	47	61	11	15	16	53	78	71	68	60	8	89	15	19	89	36	54	33	55	74	46	9	51	72	68	89	24	20	51	54	33	54	61	65	42	73	88	53	58	31	63	45	54	9	77	5	56	42	19	16	80	26	46	78	59	13	24	45	35	58	83	53	56	42	72	4	3	21	88	73	46	48	64	28	65	7	60	82	83	22	75	54	18	81	46	21	70	30	55	12	82	32	21	78	36	41	64	12	48	15	7	82	23	6	37	43	20	64	38	24	53	49	83	10	21	25	39	68	55	17	47	58	64	7	19	2	26	17	88	75	57	19	67	57	51	43	34	85	65	55	61	87	13	81	29	52	69	12	76	34	70	36	50	62	35	31	63	82	0	33	44	57	85	0	64	68	12	51	37	27	81	46	16	61	39	19	68	50	36	8	33	53	11	55	48	4	50	4	21	8	19	73	65	43	31	39	63	68	50	4	16	25	48	10	65	87	6	89	69	66	82	3	67	13	16	38	1	25	87	64	51	22	55	12	37	75	29	84	42	42	63	40	35	34	19	10	71	63	67	86	10	85	81	37	64	65	72	67	73	5	37	13	30	10	88	86	34	42	61	36	50	52	15	59	63	49	58	6	18	40	12	74	54	68	5	10	83	87	44	0	51	20	28	88	23	34	74	88	16	12	7	42	71	67	50	27	69	30	54	77	54	78	85	20	62	77	6	59	0	58	4	9	85	32	57	81	8	70	1	2	50	37	21	66	65	57	59	0	35	38	61	8	65	73	76	84	20	88	64	70	70	38	13	58	52	10	86	49	41	74	12	55	12	87	65	84	15	89	20	50	13	52	50	37	19	69	48	61	75	73	53	24	74	88	42	25	26	24	80	64	2	30	81	49	59	58	39	76	63	37	62	45	59	40	3	54	72	44	72	89	14	0	35	67	76	4	65	70	65	43	19	2	45	8	89	40	69	2	77	1	12	58	1	57	77	63	55	19	4	66	12	53	3	21	80	75	45	19	44	63	47	37	56	17	50	50	8	1	26	77	63	22	2	39	71	52	17	84	14	3	69	15	37	31	1	15	61	30	56	13	51	82	30	66	63	75	81	45	80	88	63	65	73	13	17	26	56	12	44	5	31	69	63	41	14	64	73	57	34	78	59	62	57	87	88	18	21	69	18	70	7	86	80	34	65	48	16	12	26	75	29	51	64	87	36	24	19	45	17	21	76	13	47	39	33	50	1	42	82	53	15	77	31	67	30	44	17	75	67	41	43	51	44	21	2	46	54	24	9	28	70	47	69	71	70	2	35	37	23	20	30	84	42	46	33	78	85	65	75	3	55	8	71	70	59	63	4	83	85	19	63	86	28	41	59	53	15	28	41	20	24	11	26	54	74	35	69	13	25	84	37	53	38	49	9	32	48	66	36	2	15	69	45	5	30	45	34	9	28	71	25	57	78	83	40	19	86	24	36	25	88	53	57	25	82	67	73	75	62	83	69	30	0	54	27	30	62	39	40	18	4	19	48	38	55	18	37	43	40	63	78	72	79	41	7	83	64	15	80	1	78	8	75	66	8	42	77	35	1	82	65	38	76	31	73	13	20	72	87	10	0	50	77	53	46	18	49	85	44	53	76	46	78	66	25	70	7	85	62	85	84	61	73	43	54	67	74	61	33	26	73	75	34	35	87	18	64	60	63	22	5	60	41	4	24	64	73	23	71	63	53	64	19	38	36	15	71	24	37	41	77	32	47	14	18	80	6	30	3	23	15	33	87	13	37	29	62	52	10	62	62	52	20	45	51	63	16	2	29	36	10	35	22	67	80	80	20	71	60	63	19	81	63	8	86	64	28	5	88	17	86	81	62	22	18	66	49	26	75	68	69	89	62	89	24	11	46	67	6	69	48	8	6	24	83	5	59	2	84	78	60	4	76	52	32	17	36	28	89	84	5	15	67	56	66	7	59	14	16	39	44	45	34	87	7	76	53	4	82	67	79	34	53	87	52	33	36	31	28	70	48	26	48	71	8	11	4	31	5	54	42	44	2	57	79	19	4	51	29	54	24	48	84	43	36	49	83	87	43	25	73	82	73	86	86	45	33	89	19	39	10	2	15	72	54	85	65	40	48	83	71	48	41	15	61	63	57	49	35	7	29	53	38	39	52	68	1	69	34	6	0	85	50	26	79	82	61	7	46	34	41	68	79	40	11	27	81	68	20	55	67	31	52	18	81	79	50	18	35	42	62	84	11	63	11	79	35	46	6	65	10	56	33	59	89	6	7	61	26	32	55	38	71	42	6	54	77	13	26	18	70	20	12	32	14	27	33	57	25	29	39	47	3	0	82	24	1	0	81	73	40	11	66	67	2	13	23	49	15	67	48	24	78	59	22	88	73	43	10	12	22	5	44	23	86	3	75	40	55	13	28	48	5	77	3	12	20	10	87	63	29	36	9	13	31	43	77	43	77	83	0	12	6	38	73	51	69	47	76	69	37	86	86	46	81	16	31	40	6	6	84	66	3	82	40	44	81	44	47	55	79	25	60	26	39	4	18	13	87	15	46	81	7	19	51	36	52	72	37	16	24	48	64	44	13	74	37	7	12	28	89	86	61	29	78	34	78	57	29	57	30	47	59	54	37	57	70	88	78	39	61	14	45	30	11	41	16	82	65	50	82	51	87	25	83	63	29	87	19	74	80	64	42	42	1	40	89	85	31	73	34	63	7	5	40	15	65	35	83	73	83	55	67	86	10	28	13	1	53	73	15	43	51	21	21	48	5	25	47	59	89	58	78	20	21	42	65	58	22	4	4	13	77	73	45	19	7	58	18	7	44	44	30	5	89	60	5	38	61	61	69	61	24	15	85	80	65	19	9	53	46	0	14	73	6	7	62	3	60	85	69	37	52	76	37	32	71	71	79	86	40	28	31	47	89	3	35	21	39	79	32	46	89	1	4	29	25	75	0	12	40	5	42	83	61	48	6	8	81	30	21	59	8	2	83	82	74	81	64	5	76	21	89	13	45	67	26	36	22	89	27	12	14	43	87	11	31	14	8	79	69	89	80	29	23	27	26	59	28	57	78	80	63	75	64	25	62	78	61	77	54	13	9	59	38	3	6	75	36	41	7	39	21	28	40	52	61	81	5	24	33	64	25	49	72	48	34	47	26	12	74	10	6	85	24	53	7	36	24	59	44	17	66	51	75	15	61	11	9	61	80	51	49	88	73	64	65	75	45	55	77	19	51	14	20	15	28	34	61	14	46	21	15	84	73	63	37	10	17	62	5	1	53	14	43	0	6	84	24	58	76	14	27	61	32	39	87	42	83	82	87	13	22	31	31	31	83	74	53	75	68	80	34	76	58	68	1	42	67	9	82	42	11	77	9	34	3	68	68	45	87	72	51	78	29	65	44	18	68	34	3	14	5	47	56	68	85	8	62	19	54	67	52	6	83	40	13	88	27	73	39	86	86	62	28	21	30	79	46	22	1	15	33	52	64	18	55	37	6	76	30	64	22	60	72	8	2	56	82	5	69	21	57	51	52	33	69	59	89	57	78	87	32	73	39	86	36	51	89	51	65	52	45	75	33	44	30	27	9	0	12	33	17	66	7	84	63	41	50	6	4	61	36	27	52	10	78	84	81	37	37	80	60	14	0	21	59	75	72	26	78	28	57	52	16	3	31	79	75	60	54	13	3	59	75	66	17	63	27	10	73	32	45	4	39	11	29	52	80	53	86	79	82	31	87	31	47	74	30	82	68	56	34	32	73	24	57	1	6	24	44	20	82	1	8	71	78	26	41	39	60	18	38	51	83	56	78	40	72	58	45	78	6	11	54	58	5	11	64	82	71	40	5	86	72	26	74	63	53	15	70	60	61	50	3	19	68	79	6	48	64	35	54	36	49	63	1	45	27	4	64	0	5	85	68	4	22	56	31	40	16	60	18	84	55	17	32	41	85	72	11	33	4	54	40	18	71	14	31	61	27	57	25	85	50	43	19	16	78	81	27	78	47	27	24	72	15	81	1	80	15	11	77	39	42	5	52	82	60	18	15	85	77	56	5	53	88	68	16	0	39	67	47	58	18	79	74	4	1	36	76	33	17	49	82	52	46	43	60	20	54	40	25	85	42	63	70	46	2	36	25	10	41	69	49	22	83	3	37	37	84	20	35	40	65	61	2	42	2	37	55	87	41	56	22	24	89	46	16	41	40	20	16	38	80	71	18	55	40	41	69	34	40	15	44	72	32	23	67	69	63	49	78	56	83	39	81	60	4	67	81	2	69	66	62	39	14	30	4	21	27	71	48	81	37	77	69	26	78	80	81	13	6	62	17	87	54	45	70	81	27	12	53	86	69	67	32	74	11	26	73	86	22	65	47	49	39	8	79	34	76	33	4	32	87	50	35	58	24	48	64	50	42	33	88	83	13	79	84	37	35	8	22	32	89	6	28	88	18	44	43	83	0	38	0	88	9	62	1	39	47	22	24	41	20	0	71	61	59	84	12	80	65	66	87	17	18	33	56	77	28	61	33	46	17	52	37	77	89	70	65	88	13	31	22	9	22	81	62	72	74	40	56	65	59	59	65	11	53	36	9	86	57	41	11	79	75	56	75	43	43	65	30	87	66	41	19	22	22	64	28	3	38	19	10	78	4	51	6	74	74	72	43	84	70	32	49	63	71	18	16	62	16	87	44	5	6	34	81	58	81	3	35	6	14	78	16	79	44	31	74	86	55	26	43	40	37	24	19	59	69	8	0	14	71	29	74	89	67	57	5	88	80	54	51	58	62	9	56	40	69	41	65	25	56	42	61	16	21	65	83	43	24	76	3	49	6	35	0	33	41	4	27	80	83	17	60	31	65	57	10	27	35	62	22	41	51	22	80	79	76	47	22	68	22	23	84	47	56	88	75	1	88	20	34	87	60	32	14	83	85	8	32	4	20	68	25	15	2	4	68	10	10	26	83	23	10	2	37	68	6	64	86	39	82	79	85	13	75	71	85	4	5	16	2	37	77	24	35	13	79	61	83	67	57	58	60	56	68	63	11	0	30	20	3	41	3	57	64	82	9	28	53	33	57	63	67	16	8	4	28	88	56	78	10	31	1	35	13	56	77	15	72	83	78	26	63	69	85	34	22	3	13	47	66	60	42	17	22	81	38	55	62	30	5	19	7	60	10	21	88	76	82	85	8	9	38	49	69	2	30	50	34	14	53	6	18	46	30	41	17	31	57	69	31	5	76	48	33	25	40	64	1	10	73	69	57	34	71	72	81	79	80	5	74	86	25	65	57	67	67	1	26	17	45	12	76	65	63	31	64	4	72	56	70	83	13	30	23	37	44	43	58	2	35	37	5	17	67	4	61	85	36	68	27	7	56	37	81	8	26	33	76	40	76	61	2	4	62	31	46	80	33	51	73	17	39	37	89	47	68	81	5	70	13	20	76	63	54	30	15	66	21	45	44	28	25	37	36	27	3	48	20	34	3	46	14	6	72	63	17	57	89	76	39	89	45	19	53	71	26	54	34	45	26	15	20	30	71	64	64	17	80	38	85	65	17	11	20	28	0	88	33	23	14	59	48	16	22	31	22	3	28	75	16	79	15	17	69	15	88	18	48	43	84	80	37	45	45	8	66	52	81	78	24	88	83	80	0	16	7	22	43	7	31	58	27	64	40	15	77	43	56	37	52	73	85	44	32	42	60	12	40	58	9	15	49	42	82	38	51	51	60	65	0	55	7	85	44	60	0	82	20	83	37	21	45	86	38	0	38	26	27	71	81	14	26	45	74	51	80	62	79	9	56	42	43	33	18	23	25	37	32	87	29	25	3	26	4	45	23	6	23	57	22	78	0	72	22	52	76	78	48	62	52	40	65	2	57	3	36	26	45	56	16	18	16	18	16	26	83	24	3	35	53	23	11	5	21	20	43	2	24	1	50	76	44	23	52	17	17	15	33	67	64	85	24	15	14	31	41	77	64	68	48	60	14	66	54	89	37	10	77	57	72	69	49	88	15	20	85	61	65	64	70	32	66	13	26	50	15	36	56	63	19	74	23	41	54	74	34	34	7	19	88	85	17	80	24	62	39	0	47	10	85	7	23	66	12	72	86	8	77	10	26	48	8	10	0	65	59	25	14	85	15	24	48	75	7	78	39	64	76	39	0	18	55	8	59	53	56	68	76	36	69	4	29	88	87	27	48	73	79	53	54	26	12	71	19	77	3	50	56	74	12	1	89	60	31	47	52	57	3	53	68	24	67	6	21	75	61	5	41	65	8	54	29	20	71	54	63	64	85	46	57	52	3	52	14	10	81	76	56	51	75	5	24	30	46	67	64	57	63	5	40	88	85	6	18	26	64	27	61	18	34	45	13	60	16	63	26	23	89	83	59	3	76	66	16	26	56	67	48	24	75	85	11	17	6	43	65	24	64	65	85	77	7	25	67	82	21	14	7	73	9	36	17	66	72	42	14	77	65	81	35	24	67	52	31	24	18	53	61	79	38	39	0	35	60	39	21	74	83	54	19	44	12	87	0	34	24	75	74	60	64	65	87	31	21	49	63	66	89	14	69	67	54	11	64	54	80	55	25	28	88	63	19	82	65	16	69	52	86	45	76	37	7	86	79	19	71	44	81	26	23	76	59	45	71	39	53	10	36	52	45	72	4	19	1	79	48	81	18	14	47	20	2	65	57	31	71	52	19	8	56	60	50	29	5	1	64	21	37	49	74	8	52	10	69	64	12	84	17	70	88	65	71	61	2	45	2	52	44	6	22	18	50	58	48	23	57	74	19	
50	57	80	6	38	18	65	49	41	12	44	47	33	20	62	71	48	44	64	83	12	89	12	79	9	1	37	71	16	5	23	40	85	41	6	79	45	15	55	42	11	76	27	23	41	58	84	26	17	59	12	35	60	14	68	52	1	45	23	29	18	50	47	36	78	70	28	21	43	26	35	28	27	81	47	71	33	1	62	1	38	70	54	87	83	73	27	67	44	65	36	13	79	29	22	9	27	40	37	18	16	30	10	6	1	5	19	10	85	8	76	82	4	72	82	42	88	8	64	30	32	54	6	23	35	36	26	39	15	51	37	52	47	37	67	62	13	22	19	18	23	71	30	72	12	60	9	5	61	66	87	15	63	87	3	48	42	56	63	26	42	89	24	39	44	41	12	7	48	52	53	77	13	21	12	76	56	26	10	38	1	76	1	27	30	78	15	77	10	1	31	58	2	50	77	59	8	28	22	11	33	74	9	14	45	25	17	66	29	56	67	59	72	18	64	63	17	20	54	28	29	37	16	35	75	34	10	12	13	82	12	88	32	88	81	5	39	75	32	57	20	52	11	56	3	72	10	9	31	86	18	70	83	75	22	52	81	27	0	76	52	25	50	32	55	89	67	33	75	76	55	24	31	17	1	29	66	62	14	58	56	2	75	21	0	21	21	3	5	23	43	68	41	31	51	21	76	71	55	6	41	22	80	69	44	20	43	56	72	62	58	19	84	31	41	42	26	40	33	65	25	15	37	62	55	86	4	61	22	28	47	5	41	6	23	85	69	69	42	55	5	68	55	64	25	68	10	51	87	44	30	48	44	89	77	71	4	20	1	44	50	44	33	42	61	4	42	63	89	62	68	88	52	72	1	1	51	35	52	37	69	19	25	48	62	66	51	77	61	73	31	58	76	32	89	2	9	27	45	7	13	89	42	81	19	70	64	26	72	7	81	80	62	64	86	55	63	30	62	70	36	83	83	4	3	58	40	63	51	70	35	7	7	48	36	14	3	62	60	14	80	67	2	5	66	69	46	59	55	49	0	56	12	36	69	66	86	35	63	44	13	19	89	35	78	21	61	67	70	36	82	76	58	39	75	66	65	35	57	49	22	43	49	17	87	8	76	55	53	55	54	31	61	65	25	16	29	11	88	56	47	82	22	8	16	80	25	80	67	46	41	33	54	6	18	49	58	9	85	51	86	14	3	15	5	23	9	31	42	13	41	63	18	8	63	84	35	19	20	52	56	14	76	0	46	14	81	52	21	17	16	44	85	86	10	76	35	57	47	60	18	11	79	76	64	77	13	26	17	24	72	48	32	6	68	38	4	69	55	16	59	42	30	40	43	4	57	32	43	72	35	28	46	1	33	13	87	28	48	11	36	6	71	81	69	26	5	39	3	75	26	29	66	62	41	29	43	22	48	62	23	78	61	0	22	81	65	42	86	13	82	20	18	40	13	43	85	67	71	9	51	18	72	89	59	87	46	1	83	53	79	72	71	46	30	78	34	50	80	65	55	48	4	69	29	40	82	21	64	41	82	28	34	80	18	6	4	13	23	52	67	83	46	45	75	82	19	65	84	1	81	78	83	23	0	48	69	81	78	7	14	24	18	3	50	66	22	48	8	14	75	67	75	16	28	69	49	75	34	50	65	8	50	73	56	28	57	39	48	66	5	6	1	9	63	16	83	78	7	25	55	2	11	58	18	42	30	53	61	28	69	21	66	83	88	46	79	59	81	47	39	7	31	0	33	82	25	64	52	3	43	17	48	53	87	16	69	42	38	83	19	23	16	67	81	22	85	87	48	18	76	61	52	61	70	76	12	64	6	47	29	31	44	30	75	71	30	21	30	32	58	52	7	55	57	7	19	17	36	4	44	73	21	81	62	41	20	54	12	31	69	53	15	50	89	54	39	59	25	63	8	81	68	56	23	28	10	9	51	44	29	58	67	52	12	87	85	49	57	21	41	74	36	72	84	70	82	79	31	1	50	58	70	19	82	86	61	27	42	72	73	24	67	76	19	25	36	87	7	62	79	48	1	1	84	12	64	69	12	13	41	80	20	86	34	4	70	48	30	44	58	7	2	26	39	46	79	1	89	70	8	81	0	45	56	83	29	50	29	57	71	34	54	12	22	47	74	30	54	15	3	74	64	72	9	58	41	42	53	55	77	25	88	20	78	9	34	36	39	88	69	20	59	42	78	69	50	29	8	18	4	1	72	22	38	5	88	18	60	76	30	85	86	50	59	36	39	28	9	42	28	25	4	42	62	27	8	57	85	22	9	42	15	70	47	60	76	64	49	78	1	34	2	9	21	43	2	40	59	1	71	4	66	47	81	27	77	77	22	68	42	25	78	7	84	57	12	3	74	60	66	53	42	18	58	3	52	78	1	28	35	10	40	8	67	46	44	67	8	10	23	6	5	34	9	87	25	24	55	33	30	0	48	36	88	12	12	43	84	78	55	83	63	60	72	39	27	20	50	57	32	86	11	45	61	40	0	6	8	76	88	47	37	36	84	11	37	20	35	51	23	24	66	18	40	43	3	9	32	57	17	83	47	33	69	89	19	41	33	28	27	15	85	37	74	3	70	72	72	18	29	11	37	6	26	17	60	46	79	2	62	64	19	56	49	29	7	34	53	27	11	58	80	20	64	6	57	64	5	23	3	18	83	17	47	20	25	65	13	69	38	11	31	25	56	52	43	56	88	70	70	78	25	6	63	79	89	39	62	35	52	48	5	12	11	53	27	50	55	65	83	11	44	32	33	27	38	73	7	22	42	85	67	20	65	39	80	11	72	22	5	13	41	41	73	70	74	25	78	11	10	13	78	50	7	50	40	76	40	23	36	23	34	89	38	23	35	61	11	2	19	64	44	63	53	5	17	28	2	31	8	72	86	0	84	3	9	75	73	64	52	68	28	41	70	60	54	77	23	74	49	26	80	54	5	9	79	17	12	38	56	43	75	53	78	11	7	34	50	11	12	79	83	30	77	74	53	8	38	0	22	64	85	0	89	74	63	22	23	77	61	26	50	78	13	32	78	50	31	58	32	15	42	28	27	75	74	30	57	9	66	61	25	34	39	2	40	37	25	19	55	1	56	62	73	23	79	9	77	12	38	64	29	1	69	83	64	33	21	79	1	57	45	60	22	58	65	31	5	27	69	62	5	51	0	48	19	62	9	63	75	78	48	44	49	60	89	61	6	62	5	31	47	64	54	12	22	49	83	77	76	39	17	76	28	42	69	86	75	7	52	11	72	56	33	85	84	88	0	34	25	73	22	72	16	8	87	71	2	83	1	49	71	65	31	44	41	51	70	62	47	26	32	25	44	37	5	13	36	86	68	16	32	62	52	12	80	79	51	63	58	80	67	25	66	2	15	52	38	86	1	70	16	37	35	11	89	14	34	71	77	34	27	79	9	22	18	21	52	1	40	68	86	18	17	12	59	41	65	10	2	37	37	4	80	20	49	59	11	65	34	87	19	39	37	41	55	37	78	89	20	30	35	84	2	72	17	82	52	68	78	86	30	2	75	56	42	65	69	60	88	19	83	50	50	71	4	71	64	11	57	50	67	70	30	11	61	70	72	54	27	86	57	9	26	50	39	29	84	86	3	27	41	33	87	48	56	58	22	79	36	28	33	58	6	42	30	27	76	81	73	14	68	7	66	32	62	12	80	4	9	59	18	26	36	21	50	78	53	67	79	62	53	82	10	29	7	4	24	41	45	17	30	35	1	80	33	77	58	52	29	75	87	86	28	61	72	66	41	42	9	4	81	10	25	85	59	35	79	57	6	33	60	60	15	41	82	43	22	37	87	76	48	54	48	53	29	42	51	71	66	11	30	50	25	3	26	15	10	0	18	15	63	10	13	8	30	14	39	63	43	1	58	76	50	19	63	62	0	40	63	32	22	88	10	19	77	39	57	62	16	78	13	52	4	52	77	44	65	35	46	45	86	47	55	56	31	60	36	16	37	52	10	32	85	85	39	85	54	34	18	40	7	12	54	72	3	59	81	78	24	18	3	79	56	84	69	0	60	75	48	72	45	86	64	64	79	81	19	61	50	51	0	25	45	48	36	61	65	37	7	89	85	44	2	62	30	21	17	1	61	72	9	62	20	24	45	42	74	66	32	25	53	8	77	10	45	11	57	21	81	58	36	87	62	13	25	78	6	26	57	46	21	31	0	60	40	62	34	41	66	45	78	68	51	82	77	89	1	79	20	36	53	38	71	58	35	22	82	40	76	8	8	37	17	42	15	70	11	1	17	46	59	2	51	12	48	75	74	67	0	62	87	18	60	49	12	86	88	43	73	22	42	40	49	68	55	11	53	84	10	18	1	77	41	32	49	15	32	83	68	36	30	40	87	35	17	7	33	84	38	1	74	19	86	44	84	41	40	20	16	82	51	23	68	13	8	27	56	78	7	6	52	72	87	11	4	89	0	83	50	36	70	66	83	42	26	85	13	33	41	65	67	80	23	4	30	43	46	82	64	25	43	22	16	87	86	55	19	84	6	85	40	35	72	41	4	67	29	88	18	47	64	48	44	58	12	51	59	73	61	9	81	13	54	22	51	75	87	88	32	22	24	12	12	67	42	28	23	89	0	25	82	75	6	55	4	16	14	63	57	88	41	67	1	52	28	14	59	30	21	2	44	69	56	34	46	36	72	2	28	29	27	2	24	15	58	78	53	32	25	29	32	81	64	73	4	38	59	85	32	28	48	65	39	39	1	67	46	34	54	67	17	43	14	89	26	55	14	23	2	17	40	47	50	56	52	27	75	62	45	37	60	71	74	13	18	16	36	3	2	56	88	25	82	44	41	15	71	85	57	70	17	54	49	16	36	6	83	8	40	14	73	48	37	71	6	0	69	84	65	20	5	86	66	47	33	18	20	49	76	15	11	27	89	49	55	15	58	14	55	14	64	83	39	26	53	6	10	32	87	73	77	26	48	37	72	55	44	66	23	89	19	20	35	74	54	84	38	52	25	68	54	34	57	83	38	59	19	57	1	17	72	43	77	11	31	83	21	24	23	82	61	36	5	5	37	11	59	65	2	17	19	79	84	68	19	89	66	38	15	40	65	27	17	4	59	63	37	38	82	50	46	53	23	77	9	60	12	34	32	74	32	82	40	40	42	15	16	7	13	61	26	38	2	68	10	32	4	83	67	68	69	26	21	80	5	12	33	75	53	25	38	17	36	80	80	29	8	53	64	26	63	27	60	53	5	40	36	47	7	75	29	4	62	54	40	57	83	20	67	50	52	81	85	66	83	74	41	55	75	81	49	26	32	16	19	71	52	31	5	19	62	14	89	2	63	19	85	69	75	18	31	78	12	21	74	37	5	80	13	13	51	17	61	25	88	34	67	78	58	23	8	56	68	4	57	73	62	25	68	20	65	68	80	56	18	13	81	12	52	70	78	71	22	22	10	0	55	63	24	2	11	30	27	47	30	27	32	15	45	54	77	85	43	5	41	74	52	41	23	85	48	60	47	58	74	85	76	45	11	10	71	83	87	26	71	82	16	81	81	10	26	7	8	84	12	82	80	22	35	27	72	60	78	31	4	49	23	42	55	55	34	55	18	61	13	17	27	66	31	74	38	60	73	68	31	4	57	25	16	88	45	53	32	23	42	62	38	40	37	54	37	40	46	7	38	12	53	1	89	75	71	86	61	62	11	48	66	20	70	14	28	88	69	9	0	65	17	71	59	24	30	21	30	68	19	44	33	28	16	50	54	29	35	25	66	8	9	27	14	42	53	37	12	6	15	83	52	81	15	46	43	2	72	30	10	58	55	74	3	5	86	80	12	86	15	62	38	73	61	4	38	57	4	85	57	17	66	83	7	75	16	77	88	44	85	89	75	80	61	79	30	34	63	73	46	76	82	13	68	79	75	65	50	67	7	75	64	42	21	9	37	31	23	63	6	69	49	89	37	53	7	65	16	21	50	43	72	67	69	49	56	12	37	21	40	59	44	77	27	49	74	37	51	43	18	83	67	70	58	20	60	45	4	21	51	41	25	54	67	69	44	78	85	54	43	50	10	33	36	8	34	58	24	61	35	5	12	47	66	35	10	67	62	66	32	37	30	88	83	14	39	68	4	8	66	4	79	45	40	74	60	31	79	45	46	77	78	11	83	41	21	47	81	42	27	11	87	4	49	82	32	19	63	58	36	1	79	58	45	18	34	79	16	60	63	13	56	85	0	53	39	65	5	17	87	32	53	56	83	26	3	1	48	59	55	33	52	63	28	15	41	42	80	48	78	86	75	47	33	81	54	29	56	10	10	31	24	18	26	14	0	77	72	35	38	26	82	77	33	4	1	57	48	25	74	66	72	10	19	41	71	49	54	29	47	61	36	74	60	8	44	67	14	73	68	72	78	24	62	12	74	2	73	80	71	47	14	37	74	8	66	7	75	83	7	57	2	22	75	57	11	89	1	21	47	12	73	24	1	27	78	4	71	47	73	86	6	17	82	38	82	79	35	11	43	3	85	0	88	77	29	66	60	63	85	49	71	55	87	65	49	49	30	55	29	48	73	70	23	13	88	77	83	34	2	65	44	51	1	39	39	38	78	86	9	17	2	65	0	30	13	9	46	72	1	61	19	83	75	16	42	42	18	51	80	49	64	63	81	63	27	80	31	82	34	28	41	41	38	62	18	8	21	30	87	4	81	24	43	53	77	17	45	86	58	37	63	25	16	82	70	27	72	25	44	18	68	68	62	42	79	18	15	85	14	31	60	15	83	20	8	62	56	75	26	54	14	43	26	43	56	43	72	25	30	50	89	18	84	19	52	2	43	40	77	79	0	16	52	21	5	51	83	84	21	78	81	32	72	56	57	17	68	20	8	53	80	57	58	78	89	54	23	16	4	18	21	54	45	52	67	4	12	13	82	27	52	28	8	11	30	71	52	29	62	9	48	13	44	50	44	26	59	79	53	76	52	43	29	24	67	59	85	52	6	6	10	77	52	10	83	79	74	80	17	67	21	10	15	81	85	5	35	15	2	87	40	81	89	19	82	68	58	31	29	73	86	8	28	36	22	16	30	54	18	78	29	40	34	10	60	76	23	24	35	50	82	71	78	36	25	22	4	88	3	36	57	57	62	13	40	82	42	49	18	9	24	67	83	37	13	4	25	71	29	9	23	41	37	27	65	15	24	61	61	73	88	84	84	2	9	32	51	33	16	87	44	30	12	34	87	38	23	82	69	70	7	30	5	66	23	46	87	15	86	26	53	29	36	79	0	78	
37	24	34	35	36	32	33	24	39	22	28	32	23	38	27	39	27	28	39	21	24	22	20	29	32	29	22	23	35	35	21	37	23	25	33	33	26	35	28	30	32	39	27	29	34	34	30	34	30	31	30	39	29	26	29	36	22	23	37	35	36	27	26	27	22	39	33	35	39	22	30	32	21	36	38	30	30	21	33	35	26	22	29	40	31	20	23	20	40	30	38	37	39	36	30	30	40	38	28	33	25	35	35	28	23	22	22	22	30	38	40	20	33	29	37	27	37	34	30	36	29	21	26	20	20	35	28	33	36	20	33	36	31	39	23	21	37	24	36	20	32	39	23	24	30	25	28	31	37	32	39	35	23	38	39	21	34	23	20	30	26	31	29	35	29	21	24	35	28	28	20	34	34	29	20	38	35	30	34	23	38	29	31	30	27	21	28	38	35	28	38	32	25	39	25	26	35	36	26	26	21	28	36	22	29	30	32	40	40	30	26	26	22	23	21	38	26	22	39	40	33	31	26	29	36	40	39	26	21	21	38	31	21	23	27	20	20	34	35	23	37	40	29	30	33	31	32	35	31	37	23	22	37	23	29	23	32	40	28	27	34	33	26	27	40	28	34	38	34	29	28	33	23	38	22	25	38	38	32	38	40	37	39	38	26	27	29	35	29	32	23	22	32	37	22	38	30	20	39	39	22	20	21	34	32	26	29	35	36	21	28	23	32	22	33	21	39	34	31	30	20	38	25	23	25	33	39	33	29	24	28	20	37	37	23	22	27	38	32	21	26	26	39	28	33	21	27	30	25	25	20	35	40	21	31	29	34	21	39	36	20	30	20	25	35	22	35	27	21	24	24	23	27	22	27	37	28	26	30	34	33	20	25	32	29	32	27	33	22	22	31	37	26	32	35	25	38	33	32	40	26	34	34	23	25	32	26	38	20	37	30	31	33	34	38	23	23	30	36	27	23	22	29	26	30	24	21	35	33	28	23	23	33	33	31	24	36	25	22	36	23	28	23	29	30	24	36	21	30	26	25	28	34	29	29	40	28	26	27	39	21	20	30	40	28	36	31	37	20	34	25	40	21	25	23	35	37	26	26	28	39	37	25	24	39	35	40	22	22	23	22	34	36	39	21	27	29	21	35	38	36	20	21	21	27	36	26	29	29	38	40	21	24	26	22	22	25	40	20	22	37	32	34	22	34	40	24	29	20	37	22	37	20	35	28	36	25	27	33	28	21	35	36	36	21	23	26	23	36	38	30	25	27	30	24	29	39	40	28	29	35	23	32	39	26	27	32	27	34	24	40	38	25	31	22	31	33	34	38	32	38	28	28	26	36	32	20	23	31	31	21	23	37	25	31	39	39	34	23	33	39	35	27	33	38	38	30	29	32	23	34	29	36	34	23	36	26	24	33	30	29	27	25	28	39	32	20	35	29	33	21	34	30	26	32	32	39	37	34	20	37	28	34	21	27	24	32	24	23	26	36	23	23	28	36	22	25	22	36	22	36	25	23	38	28	39	27	31	25	27	34	20	38	25	35	38	25	22	27	22	39	40	32	28	40	35	21	27	21	24	32	40	25	32	39	30	30	37	29	39	29	36	33	34	29	31	38	34	20	27	25	33	31	22	20	29	31	40	37	34	40	22	32	21	21	39	39	39	29	31	26	26	24	37	25	38	26	31	24	22	31	26	27	39	32	23	40	20	20	23	23	25	24	24	29	34	28	40	20	37	36	31	40	24	27	29	34	21	31	31	29	37	37	24	29	30	33	36	28	27	34	39	36	33	28	24	39	24	27	33	21	29	28	32	25	36	30	35	34	36	26	32	21	36	35	37	39	38	20	39	24	26	24	26	38	38	28	21	31	39	26	27	33	40	26	21	24	31	38	25	25	23	31	34	30	23	38	30	31	32	39	39	27	40	27	26	22	31	37	22	26	31	35	23	33	38	27	32	33	33	21	35	39	34	23	30	37	28	38	23	29	29	39	38	27	40	31	40	39	24	26	29	20	34	20	32	20	27	24	36	24	33	28	30	21	40	21	21	28	22	32	40	26	33	27	26	31	28	39	23	22	26	33	33	26	37	38	29	25	25	20	36	35	40	21	38	21	35	26	34	34	40	33	28	39	32	28	20	29	35	36	20	35	33	39	28	29	22	37	20	24	20	21	29	33	37	21	32	29	25	25	28	22	40	33	24	35	32	33	26	28	32	28	39	25	22	27	29	29	21	32	33	37	25	40	31	27	27	38	32	23	38	28	29	23	23	29	22	23	28	28	30	31	34	33	27	20	39	36	28	27	37	32	32	24	21	27	29	39	37	30	24	35	40	22	33	23	22	34	35	38	31	38	26	24	25	23	38	30	30	37	25	39	26	36	34	32	39	22	28	36	33	22	31	31	25	38	25	24	28	40	29	20	31	20	26	26	23	30	40	35	20	30	20	26	25	38	37	31	21	23	29	35	35	21	23	27	25	34	32	35	34	31	30	35	31	28	40	28	30	39	29	31	21	25	20	25	32	33	34	32	26	20	24	29	23	31	28	26	30	40	21	32	40	25	27	28	21	40	29	36	22	35	23	27	34	35	27	37	29	36	26	29	30	21	29	22	30	23	27	28	29	20	39	35	34	31	32	21	25	40	26	28	33	29	26	24	37	31	32	20	40	29	27	24	29	36	36	28	38	31	40	28	40	32	40	33	33	36	32	39	20	32	21	28	36	40	35	23	25	26	21	22	33	40	23	27	20	23	32	35	24	30	32	37	39	36	22	27	36	33	27	25	22	23	29	30	28	27	38	29	39	30	38	22	29	26	20	24	20	22	22	26	25	22	31	33	37	35	33	22	23	35	38	25	29	33	36	37	27	35	40	20	38	30	32	21	35	38	27	25	21	31	30	28	40	37	23	27	28	28	27	30	20	26	30	27	23	37	36	35	29	20	37	40	34	23	26	27	36	23	37	32	37	27	40	24	20	20	23	35	25	26	22	40	23	32	32	23	28	21	40	22	26	25	26	35	31	35	40	38	27	31	20	39	39	23	31	36	27	23	38	28	25	31	35	40	36	24	36	32	34	26	31	31	33	32	24	30	30	37	27	33	27	22	27	36	23	24	27	23	22	24	33	25	23	30	37	27	21	28	21	20	39	27	28	26	26	26	36	31	38	34	26	21	31	33	22	35	28	23	38	31	37	30	28	34	30	24	21	21	37	28	23	38	30	31	25	40	23	21	29	21	21	39	24	31	37	24	35	20	21	23	25	32	33	24	38	34	22	40	22	24	39	37	20	24	34	37	29	21	29	33	29	35	20	35	36	32	27	32	35	27	36	30	30	22	21	32	28	23	30	31	33	32	23	39	36	37	25	20	39	26	30	34	36	28	36	29	27	32	25	22	39	37	20	28	37	36	34	33	26	21	38	20	34	34	27	26	39	36	22	24	28	24	34	38	32	28	39	33	25	32	29	35	32	23	30	38	33	23	31	37	26	39	28	31	38	29	29	37	24	22	20	37	23	27	35	27	22	24	33	31	37	40	20	33	21	37	24	37	34	31	24	22	27	22	24	37	25	27	38	30	27	40	38	38	33	33	22	28	20	38	35	28	28	25	24	36	33	31	32	36	24	35	37	24	23	20	28	25	22	24	30	23	40	30	37	23	30	36	21	33	34	37	20	37	26	24	30	34	22	29	30	33	24	23	39	31	33	23	27	26	30	35	35	29	21	34	28	36	34	23	29	27	28	30	28	21	25	30	28	21	28	38	35	36	37	38	33	22	24	31	28	35	21	20	32	20	20	27	35	39	31	25	27	34	31	34	34	27	25	25	29	21	36	26	31	34	31	34	39	23	39	39	29	24	37	36	35	33	36	31	40	36	36	37	28	26	23	21	34	34	31	25	28	28	21	24	40	40	22	33	37	25	27	29	40	33	29	37	22	40	21	21	28	34	26	24	34	30	22	30	40	31	25	38	23	38	31	39	20	26	26	31	31	27	32	30	37	39	40	25	31	25	38	32	28	37	39	26	26	36	32	39	26	39	40	39	30	21	31	32	35	29	40	29	32	28	32	29	38	28	26	28	37	22	24	26	38	23	39	34	25	21	21	24	25	21	28	28	34	26	27	39	27	29	30	28	30	38	34	37	25	24	25	22	37	36	34	37	28	33	33	25	25	20	22	28	25	32	38	37	30	22	28	20	34	31	33	32	36	23	24	40	30	34	34	21	35	38	28	21	33	37	28	27	31	23	37	26	38	40	35	32	29	24	40	27	32	32	33	34	25	22	30	20	21	27	28	30	27	25	27	28	31	39	31	30	32	36	28	32	34	32	26	22	20	40	27	38	30	33	31	22	27	39	33	35	37	30	26	40	38	31	36	38	25	33	36	33	33	23	21	21	27	26	26	28	29	38	27	37	28	29	40	34	20	34	24	35	33	36	29	27	22	27	29	39	26	36	20	26	20	29	38	23	29	34	34	27	37	27	38	26	20	21	26	29	20	37	39	34	33	27	30	34	34	39	26	40	37	26	34	37	22	34	29	27	30	21	36	40	21	35	33	25	37	27	39	24	25	35	35	37	26	31	29	29	25	30	21	37	27	23	37	22	33	36	23	32	21	20	35	21	26	32	39	24	29	31	29	33	30	38	35	39	25	30	40	27	28	34	22	23	28	39	33	35	29	38	36	27	32	28	20	33	21	29	36	38	39	34	30	31	20	24	38	22	24	39	30	30	34	27	34	35	22	37	32	32	28	20	36	21	38	37	28	37	30	20	38	40	25	31	24	40	25	34	30	30	21	27	23	39	31	30	36	34	20	37	33	20	27	21	27	31	38	39	37	36	22	29	39	35	22	36	37	22	20	38	39	29	27	22	23	30	24	20	30	36	25	30	21	23	28	34	27	29	25	31	28	23	21	29	37	22	22	20	27	25	30	28	38	30	36	40	35	31	22	37	36	21	27	28	26	35	36	33	24	32	27	34	29	35	38	36	33	24	34	35	31	32	32	30	26	38	27	40	39	31	29	37	20	40	37	22	33	30	27	27	39	28	31	32	31	33	21	23	36	38	29	27	33	23	21	40	39	30	23	20	36	23	36	25	37	39	37	27	28	31	24	27	23	40	23	22	36	25	22	36	36	21	29	33	20	28	29	26	21	35	35	20	37	33	31	22	32	27	38	31	26	20	32	23	23	33	38	38	30	20	38	24	21	34	39	25	34	35	26	39	21	40	24	39	38	39	32	25	25	34	30	20	34	38	27	29	22	25	25	38	33	34	24	23	26	26	26	21	33	24	34	29	25	35	34	25	31	30	22	26	24	39	29	35	38	20	24	22	38	30	38	32	40	20	25	28	37	23	32	21	25	33	31	30	40	32	31	27	38	36	39	30	29	40	33	38	36	28	36	21	38	31	36	20	27	36	23	25	39	27	29	30	23	21	33	26	31	24	22	35	23	38	32	29	40	37	32	20	24	39	31	32	27	21	39	20	39	20	37	33	20	37	30	33	27	26	30	21	26	37	34	34	21	30	31	28	22	26	21	38	29	31	40	40	35	38	34	32	33	30	28	38	28	29	37	33	24	28	33	30	40	32	32	30	20	35	20	32	24	21	40	25	24	36	26	40	20	20	28	24	37	27	20	36	35	26	34	23	22	36	33	36	30	25	24	26	38	20	29	25	33	39	29	36	29	40	20	20	30	27	22	24	37	27	32	26	34	22	23	29	39	30	23	23	32	32	25	24	29	37	29	20	20	26	20	33	30	33	24	20	31	37	20	31	27	23	38	36	34	33	37	22	28	27	31	25	32	40	33	40	20	30	34	30	27	25	37	31	33	35	30	22	36	39	34	36	27	31	36	40	39	40	31	21	39	36	23	25	29	31	22	39	38	30	22	39	27	31	28	34	21	23	26	40	40	21	31	36	31	20	28	40	37	24	27	24	22	24	26	38	25	20	23	40	37	25	26	23	28	26	25	33	39	38	38	38	27	26	36	23	38	32	40	31	21	29	25	29	32	26	35	39	40	31	36	21	27	38	39	25	27	39	31	27	34	36	34	40	27	37	39	39	29	21	40	36	34	28	26	28	38	25	20	20	39	30	34	35	33	34	40	27	27	24	28	28	26	29	37	26	32	39	23	31	38	29	26	30	25	31	35	34	21	35	32	36	28	38	36	25	40	31	30	27	40	37	35	27	22	36	39	27	22	37	39	33	23	25	35	25	29	32	27	24	26	39	33	28	24	40	37	39	25	30	21	33	26	32	34	31	21	30	29	23	23	38	36	37	39	25	28	28	21	33	20	30	40	30	34	32	25	28	34	25	26	33	38	34	27	31	37	36	24	40	30	38	31	36	39	27	25	22	32	21	20	37	31	24	26	25	25	36	38	39	32	40	40	21	27	22	35	30	24	28	40	34	34	23	30	27	36	37	22	24	21	27	40	30	36	24	27	25	22	27	23	34	33	37	29	30	35	31	29	38	20	40	25	20	22	39	21	20	39	22	24	37	40	33	40	22	39	30	22	26	31	23	34	20	35	31	32	35	37	24	37	26	31	29	28	21	33	34	25	24	22	24	38	32	24	28	34	36	37	40	32	29	27	37	31	37	40	33	37	38	37	27	20	21	23	33	30	40	22	35	35	40	26	40	21	39	39	20	21	37	32	36	23	35	40	31	26	35	32	21	29	25	31	24	30	36	28	25	22	21	20	35	22	22	39	33	30	24	32	24	23	22	21	40	21	27	40	33	21	30	29	27	35	27	23	36	20	33	31	38	39	38	24	24	24	35	36	24	30	40	37	39	33	22	30	36	21	40	22	34	36	33	26	36	30	32	39	39	26	39	32	27	27	27	31	34	38	36	37	38	29	32	27	32	31	28	26	21	23	28	34	26	36	23	34	20	40	29	38	25	39	24	24	33	34	28	30	32	39	30	30	32	32	30	34	26	36	38	35	37	40	21	29	40	36	37	21	32	24	25	24	20	20	36	36	34	25	27	23	34	24	39	32	26	26	21	35	37	36	38	24	40	38	33	40	20	35	28	21	21	38	22	38	29	29	37	32	34	36	40	31	25	30	22	33	38	26	29	25	25	24	30	40	20	25	26	34	20	35	40	36	35	33	37	26	24	40	27	20	32	24	27	35	40	36	38	24	26	31	20	23	27	20	32	37	33	27	22	36	26	27	34	35	31	23	30	40	37	31	38	27	35	38	25	24	40	21	25	35	29	35	32	32	29	38	30	33	34	23	30	36	27	26	39	20	33	21	29	21	
46	13	10	42	18	34	16	20	43	32	25	48	18	14	24	37	43	15	42	30	50	25	31	36	11	46	36	44	42	45	50	11	11	15	48	21	27	18	17	35	45	13	10	13	29	12	14	18	27	43	32	41	39	10	34	41	33	10	22	14	29	46	27	33	47	34	30	33	29	10	25	32	30	41	42	14	50	48	24	26	35	49	33	47	38	17	46	33	21	50	21	14	34	50	35	28	19	10	29	45	41	21	11	14	47	42	30	18	49	43	17	28	44	19	28	43	48	29	28	30	45	44	44	49	36	26	18	24	17	13	16	27	33	50	10	30	34	19	10	19	44	24	35	28	23	29	19	15	47	33	14	27	21	43	43	12	43	25	17	37	17	44	48	39	31	26	13	42	17	30	32	11	21	14	20	41	47	47	48	28	19	29	15	39	19	16	11	10	22	39	35	19	48	23	14	24	44	42	24	17	46	28	41	43	30	43	26	12	44	42	28	27	24	29	47	30	14	46	32	39	11	46	24	39	45	40	28	49	17	24	34	49	16	39	37	45	39	19	35	49	23	14	24	47	21	33	47	47	17	11	17	32	17	15	18	40	49	33	43	25	31	47	37	23	36	48	15	25	43	36	19	32	43	25	15	24	47	42	42	12	12	21	41	26	19	30	19	15	45	26	29	12	42	49	36	15	24	31	25	27	42	20	43	10	17	25	16	32	27	43	24	25	18	18	33	13	33	49	20	15	21	47	12	44	17	38	22	50	16	41	44	18	31	24	17	19	28	32	40	16	21	19	36	37	45	30	50	44	29	10	23	50	17	16	24	24	15	16	39	33	12	45	40	42	11	48	45	10	10	49	38	43	39	38	39	35	36	49	30	38	32	46	22	48	27	14	36	18	13	35	40	30	48	37	49	34	48	19	50	42	32	44	44	17	33	12	17	43	43	44	39	14	21	26	49	11	12	11	32	22	20	12	25	35	42	25	21	20	29	31	13	18	12	18	27	12	13	41	22	38	41	34	29	14	45	42	25	28	39	17	15	11	30	40	29	33	21	38	42	44	22	42	49	23	27	30	46	46	30	35	47	24	50	11	11	48	48	22	34	22	34	42	26	20	45	48	46	50	35	19	30	32	36	23	27	24	14	33	29	32	27	13	34	25	13	26	10	26	41	26	19	18	26	47	50	34	41	44	35	30	29	17	12	28	48	15	24	15	12	13	10	35	14	26	46	19	13	47	28	17	49	46	23	32	23	40	16	28	13	21	41	40	20	12	29	49	44	36	41	32	49	34	22	41	19	24	16	39	37	45	17	13	33	10	48	19	10	23	32	48	34	49	46	24	10	44	44	39	33	48	29	49	20	35	37	35	17	28	37	30	19	20	20	33	27	42	46	45	39	15	25	28	16	36	12	17	34	34	48	43	33	18	33	20	16	25	38	12	50	38	11	28	20	23	30	28	42	48	11	12	13	50	21	44	20	34	15	44	28	40	36	26	21	31	44	44	32	46	18	28	31	32	31	39	15	23	49	26	12	50	34	39	13	22	22	39	45	13	23	42	33	24	49	24	15	14	25	42	28	16	28	37	20	43	40	27	15	21	29	10	39	27	50	19	36	24	22	32	45	22	21	13	44	26	40	22	33	49	41	22	20	47	13	33	15	40	40	16	36	27	45	49	49	30	29	27	49	48	21	25	29	13	44	15	20	26	12	46	11	34	20	28	36	39	15	25	44	41	32	24	24	42	17	12	27	19	46	41	19	31	22	26	46	15	19	42	38	23	38	49	40	50	39	46	12	19	36	14	44	40	11	14	39	44	29	41	34	45	21	22	25	16	50	38	11	18	23	29	16	20	31	16	24	27	49	50	30	22	18	18	31	46	10	42	47	34	24	47	45	27	29	27	25	11	26	45	14	33	38	43	22	34	41	14	22	46	10	35	45	25	15	23	24	37	31	13	27	22	45	23	30	25	22	11	45	18	23	34	23	30	35	46	33	26	13	19	43	37	40	27	32	20	19	30	42	46	26	42	36	50	12	20	14	31	43	31	23	15	12	21	24	17	49	14	17	39	20	34	23	41	48	11	33	25	13	16	10	42	38	24	12	46	41	30	40	23	45	39	49	44	18	41	25	37	39	14	42	49	34	35	31	44	38	13	34	43	19	39	38	44	10	36	12	20	43	49	28	43	28	22	18	25	34	46	14	19	31	39	35	18	37	16	33	31	11	28	12	42	11	30	13	43	43	29	14	14	20	19	12	28	18	46	38	16	31	14	49	44	28	26	14	36	33	35	48	19	32	39	26	31	32	27	33	19	32	13	37	38	47	41	27	44	35	13	38	10	32	20	48	41	30	18	46	24	22	13	21	11	32	23	13	13	42	43	44	13	19	30	15	20	44	34	31	35	13	33	44	26	49	40	47	30	32	23	19	31	40	40	34	16	35	24	21	38	45	46	14	26	47	25	41	43	45	49	21	44	36	16	14	34	25	36	22	42	25	35	41	19	37	37	32	43	42	50	37	33	24	28	12	36	27	16	17	44	43	46	36	31	24	31	27	24	36	15	16	48	12	48	30	46	49	21	33	22	48	22	38	42	22	16	36	44	43	36	36	15	49	12	23	15	20	21	50	16	50	23	14	15	28	38	13	33	44	27	14	25	21	48	33	33	40	45	41	18	47	40	41	48	38	44	39	29	50	11	50	20	20	35	43	36	32	31	49	29	49	31	34	41	29	23	41	48	32	19	28	43	32	34	42	30	30	47	22	10	32	38	24	28	21	45	21	31	18	30	33	46	32	36	20	11	23	30	46	23	31	35	22	46	40	22	26	21	50	22	20	41	42	36	12	19	47	37	15	49	30	11	24	33	11	50	40	44	13	37	17	43	39	47	42	37	25	31	32	45	50	29	21	18	50	30	40	42	16	39	45	10	18	40	31	10	45	35	21	20	26	38	13	26	48	40	25	26	29	35	16	48	32	19	33	15	31	16	37	49	13	35	37	16	17	22	40	20	38	49	22	20	21	27	11	31	12	41	19	46	45	39	26	22	39	11	32	42	37	28	29	18	31	10	18	25	30	32	28	39	22	45	29	15	43	30	29	20	23	42	11	33	34	49	41	27	23	38	47	28	29	32	33	41	14	40	47	39	48	46	36	20	10	49	10	13	43	24	45	43	24	20	10	40	21	28	27	22	18	37	44	22	32	33	10	29	21	18	10	37	25	17	27	21	25	37	24	17	45	42	34	19	16	11	44	26	17	35	21	19	26	10	43	26	48	47	36	40	28	22	47	50	11	21	33	45	30	12	16	45	30	29	47	39	35	39	38	42	14	21	24	18	40	14	19	50	30	26	46	44	46	45	23	25	32	25	48	18	16	32	27	47	13	20	29	24	41	49	11	48	39	46	20	38	12	36	33	13	19	39	42	33	28	13	19	28	18	32	42	25	28	41	44	44	45	32	39	33	27	26	23	13	29	29	20	30	35	27	19	16	50	29	50	26	47	10	30	44	24	27	23	33	25	42	42	35	39	50	46	34	26	47	49	28	41	29	49	45	43	47	38	19	43	21	14	34	24	14	24	25	21	27	27	13	34	34	40	32	36	36	34	12	10	45	35	23	45	32	36	20	15	15	16	23	32	43	18	15	43	18	18	23	12	25	22	14	14	29	15	35	22	40	13	35	44	24	23	39	34	21	47	29	17	23	20	47	19	47	47	12	39	48	32	14	20	49	17	30	42	12	17	12	39	13	10	31	48	33	38	36	42	42	10	50	10	31	29	10	29	17	37	44	30	47	33	32	49	10	39	46	45	32	23	25	47	32	25	32	14	26	17	33	30	19	26	43	19	17	50	45	32	22	46	22	10	43	48	47	17	48	24	15	41	10	19	14	41	32	12	50	19	27	20	40	31	29	29	18	23	14	21	30	22	36	44	13	45	20	13	35	32	25	22	27	48	13	23	50	13	48	22	12	32	31	13	48	49	17	48	26	38	41	49	49	22	23	16	10	15	22	27	30	24	26	19	11	43	17	44	10	14	24	30	50	46	24	15	28	26	16	40	18	25	17	22	46	12	40	11	23	11	48	19	43	16	18	33	10	35	25	50	17	21	18	46	12	44	30	12	39	23	45	34	22	36	34	38	14	49	39	49	21	50	27	47	50	20	36	23	41	28	45	45	10	11	34	24	21	30	26	23	41	47	14	46	30	46	11	44	45	21	39	33	47	20	19	47	44	21	33	25	16	36	39	20	20	43	46	46	37	14	15	14	35	45	23	46	11	25	17	39	17	35	42	12	27	38	49	46	36	19	26	48	34	40	34	43	27	45	49	16	37	12	15	45	31	24	35	18	16	16	26	49	31	20	14	47	13	13	20	11	43	49	49	28	16	13	45	50	30	18	19	26	24	34	50	12	38	45	24	22	46	35	25	21	47	10	42	32	15	30	48	44	17	32	39	23	11	18	26	18	41	21	32	19	48	43	33	13	27	18	18	27	38	20	15	35	34	40	19	25	25	50	38	48	19	50	39	12	22	28	12	38	19	31	32	46	27	13	32	26	39	11	50	17	25	37	15	29	34	19	20	46	31	17	15	23	48	48	16	12	25	15	11	14	23	25	46	11	14	46	30	29	43	34	24	44	26	47	50	28	16	41	32	21	23	13	46	37	24	26	14	41	23	11	26	47	15	22	25	46	18	43	13	38	49	39	40	42	10	34	31	11	31	40	30	26	12	32	34	16	49	28	18	26	15	11	33	21	35	37	28	47	49	40	16	22	49	10	17	40	10	18	18	35	49	36	16	22	40	44	45	39	40	48	45	35	13	15	35	46	13	42	49	30	16	47	16	18	30	49	15	36	36	15	44	20	19	13	50	26	13	34	34	23	49	36	48	45	25	27	40	49	40	29	32	14	31	48	46	15	24	49	17	26	25	36	14	42	43	46	34	23	35	43	26	27	37	36	44	24	21	29	42	16	43	40	35	26	44	12	42	18	43	20	18	11	19	33	34	36	49	23	43	33	44	24	47	37	12	42	45	40	44	25	26	29	25	20	20	25	23	39	48	18	23	39	45	16	19	40	18	45	29	10	23	23	50	11	40	29	26	45	49	11	20	47	27	42	35	10	14	38	21	25	41	11	38	25	31	20	43	50	22	12	11	10	31	10	13	15	42	46	40	17	20	14	34	26	30	23	44	14	32	34	38	35	45	13	16	44	22	39	44	33	42	48	28	23	28	14	17	21	19	41	30	22	24	26	21	17	11	22	10	24	19	38	11	23	14	25	49	16	33	43	49	14	20	28	49	34	42	20	38	29	24	23	30	22	37	47	25	42	46	34	27	41	19	28	13	40	16	43	23	16	50	16	41	45	16	22	34	45	38	28	46	33	24	19	19	20	21	22	45	33	38	18	13	10	49	22	24	29	25	33	23	14	27	18	39	19	31	46	43	17	30	23	33	44	21	29	28	39	25	10	11	12	22	42	27	23	44	20	44	32	45	46	17	35	29	50	12	38	11	38	45	25	25	34	18	38	25	38	45	41	11	28	22	34	15	42	31	31	16	18	41	12	11	37	47	39	34	23	43	36	44	47	33	30	16	19	35	24	38	25	22	29	46	14	31	30	11	27	24	29	15	32	18	34	32	45	50	30	43	39	19	33	21	17	15	16	31	36	28	28	36	48	49	26	24	26	46	23	27	24	27	49	24	22	34	18	18	16	27	32	42	14	32	45	30	50	11	36	22	41	31	29	12	34	14	12	30	32	38	26	25	10	31	13	47	15	49	47	37	10	28	47	40	27	42	42	35	21	13	31	46	33	22	44	35	10	42	45	30	50	15	30	13	26	22	45	19	38	22	43	24	34	47	36	38	35	18	17	10	50	40	13	17	29	35	32	48	25	27	43	29	25	20	21	35	26	26	14	48	50	47	21	24	34	29	24	32	25	43	45	24	21	20	48	42	17	46	37	36	26	44	10	34	16	32	49	35	20	28	38	37	47	10	42	11	19	16	31	28	25	13	46	28	45	18	15	23	46	16	11	34	30	31	19	16	32	32	36	30	24	22	35	22	27	43	39	21	17	41	23	21	33	11	13	41	38	30	39	29	10	37	39	17	37	28	32	24	50	50	37	14	16	26	32	27	18	26	34	31	26	50	28	47	28	47	21	15	29	39	22	12	20	37	21	13	42	46	34	20	47	44	24	13	14	31	48	38	29	50	10	33	42	34	14	39	44	31	40	25	44	32	16	29	34	18	10	24	12	14	34	12	41	26	38	12	36	17	16	40	46	34	42	13	34	14	41	25	42	32	13	49	41	42	46	26	46	20	40	26	49	45	26	35	50	36	24	37	18	33	31	18	47	37	17	38	18	31	20	47	38	10	24	29	49	38	33	46	26	31	23	35	47	45	45	42	10	45	32	41	10	32	35	48	30	12	35	12	13	13	17	41	10	39	25	43	34	31	18	23	23	34	41	24	24	48	41	18	21	20	39	50	39	40	38	24	41	18	33	50	38	34	34	34	27	24	18	24	25	20	36	26	22	16	47	41	39	21	27	29	18	46	22	40	41	42	35	23	30	23	36	47	27	40	41	50	23	48	46	18	38	25	48	39	43	11	34	30	27	16	26	12	12	49	49	14	25	24	49	37	24	21	36	39	31	31	12	44	41	21	43	40	43	47	38	14	12	27	46	35	40	35	41	42	29	41	38	30	18	18	11	34	50	30	46	18	37	10	10	31	24	12	29	27	16	46	49	11	37	34	33	22	13	13	25	31	46	21	25	32	29	45	36	17	36	10	49	34	20	27	50	15	33	22	29	30	24	32	42	31	15	42	39	37	23	34	19	37	22	41	10	14	35	22	34	44	30	20	15	49	31	42	11	46	11	11	45	18	37	15	10	11	36	11	25	23	20	18	17	13	43	30	20	34	13	43	50	27	28	45	41	40	47	33	27	43	41	30	29	24	30	46	29	17	36	34	17	29	48	14	22	26	18	28	32	45	22	17	44	33	30	30	26	40	14	10	41	25	28	39	24	35	23	44	26	33	32	37	15	25	18	42	25	20	24	47	23	41	48	12	40	48	22	16	26	35	21	46	46	16	20	15	14	34	32	19	27	14	12	22	13	30	38	45	20	21	29	13	34	31	50	31	33	14	14	15	20	10	46	30	12	20	46	43	19	49	36	13	25	26	16	40	13	28	12	17	10	14	10	11	28	16	14	32	41	40	31	27	23	33	26	12	45	46	40	50	14	31	10	46	31	12	38	20	18	45	
5
80
