3204
90
0	0	0	0	500	0	0	0	0	0	48	0	0	0	0	0	0	0	0	0	0	0	0	0	0	0	0	0	0	0	0	0	0	0	0	0	0	0	0	0	0	0	0	0	0	0	0	0	0	0	0	0	0	0	0	0	0	0	0	0	0	0	0	0	0	0	0	0	0	0	0	0	0	0	0	0	0	0	0	0	0	0	500	0	0	0	0	0	96	0	
0	0	0	0	0	0	0	0	0	0	0	0	0	0	0	0	0	0	0	0	0	0	0	0	0	0	0	0	0	0	0	0	0	0	500	0	0	0	0	0	0	0	0	0	0	0	0	0	0	0	0	0	0	0	0	0	0	0	0	0	0	0	0	0	0	0	0	0	192	0	0	0	0	0	0	0	0	0	0	0	0	0	0	0	0	0	0	0	0	0	
0	0	0	0	0	0	0	0	0	0	0	0	0	0	0	0	0	0	0	0	0	96	0	0	0	0	0	0	0	0	0	0	0	0	0	0	0	0	0	0	0	0	0	0	0	0	0	0	0	0	0	0	0	0	96	0	0	0	0	0	0	0	0	0	0	0	0	0	0	0	0	0	0	0	0	0	0	0	0	0	0	0	0	0	0	0	0	0	0	0	
0	0	0	0	0	0	0	0	0	0	0	0	0	0	0	0	0	0	0	0	0	0	0	0	0	0	0	0	0	0	0	0	0	0	0	0	0	0	0	0	0	0	0	0	0	0	0	0	0	0	0	0	0	0	0	0	0	0	96	0	0	0	0	0	0	0	0	0	0	0	0	0	0	0	0	0	0	0	0	0	0	0	0	0	0	0	0	0	0	48	
500	0	0	0	0	0	0	96	0	0	0	0	0	0	0	0	0	0	0	0	0	0	0	0	0	0	0	0	0	0	0	0	0	0	0	0	0	0	0	0	0	0	0	0	0	0	0	0	0	0	0	0	0	0	0	0	0	48	0	0	0	0	0	0	0	0	0	0	0	0	0	0	0	0	0	0	0	0	0	0	0	0	0	0	0	0	0	0	0	0	
0	0	0	0	0	0	0	0	0	0	0	0	0	0	0	0	0	0	0	0	0	0	0	0	0	0	0	0	0	0	0	0	0	0	0	0	0	0	0	0	0	0	0	0	0	0	0	0	0	0	0	0	0	0	0	500	0	0	0	0	0	0	0	0	0	0	0	0	0	0	0	0	0	0	0	0	0	0	96	0	0	0	0	0	0	0	0	0	0	0	
0	0	0	0	0	0	0	0	0	0	0	0	0	0	0	0	0	0	0	0	0	0	0	0	0	48	0	0	0	0	0	0	0	0	0	0	0	0	0	0	0	0	0	0	0	0	0	0	0	0	0	0	0	0	0	0	0	0	0	0	0	0	0	0	0	0	0	0	0	0	0	96	0	0	0	0	0	0	0	0	0	0	0	0	0	0	0	0	0	0	
0	0	0	0	96	0	0	0	0	0	0	0	0	0	0	0	0	0	0	0	0	0	0	0	0	0	0	0	0	0	0	0	0	0	0	0	0	0	0	0	0	0	0	0	0	0	0	0	0	0	0	0	0	0	0	0	0	500	0	0	0	0	0	0	0	0	0	0	0	0	0	0	0	0	0	0	0	0	0	0	0	0	0	0	0	0	0	0	0	0	
0	0	0	0	0	0	0	0	0	0	0	0	0	0	0	0	0	0	0	500	0	0	0	0	0	0	0	0	0	0	0	0	0	0	0	0	0	0	0	0	0	0	0	0	0	0	0	500	0	0	0	0	0	0	0	0	0	0	0	0	0	0	0	0	0	0	0	0	0	0	0	0	0	0	0	0	0	0	48	0	0	0	0	0	0	0	0	0	0	0	
0	0	0	0	0	0	0	0	0	0	0	0	0	0	0	0	0	0	0	0	0	0	0	0	0	0	0	0	0	0	0	0	0	0	0	0	0	0	0	0	0	0	0	0	0	0	0	0	0	0	0	0	0	0	0	0	0	0	0	0	0	0	0	0	0	0	0	48	0	0	0	0	0	0	0	0	0	0	0	0	0	0	0	0	48	0	0	0	0	0	
48	0	0	0	0	0	0	0	0	0	0	0	0	0	0	0	0	0	0	0	0	0	0	0	0	0	0	0	0	0	0	0	0	0	0	0	0	0	0	0	0	0	0	0	0	0	0	0	0	0	0	0	0	0	0	0	0	0	0	0	0	0	0	0	0	0	0	0	0	0	0	0	0	0	0	0	0	0	0	0	0	0	192	0	0	0	0	0	500	0	
0	0	0	0	0	0	0	0	0	0	0	0	0	0	0	48	0	0	192	0	0	0	0	0	0	0	0	0	0	0	0	0	0	0	0	0	0	0	0	0	0	0	0	0	0	0	0	0	0	0	0	0	0	0	0	0	0	0	0	96	0	0	0	0	48	0	0	0	0	0	0	0	0	0	0	0	0	0	0	0	0	0	0	0	0	0	0	0	0	0	
0	0	0	0	0	0	0	0	0	0	0	0	0	0	0	0	0	0	0	0	0	0	0	0	0	0	0	0	0	0	0	0	0	0	0	0	0	0	0	0	0	0	0	0	0	0	0	192	0	0	0	0	0	0	0	0	0	0	0	0	0	0	0	0	0	0	0	0	0	96	0	0	0	0	0	0	0	0	0	0	0	0	0	0	0	0	0	0	0	0	
0	0	0	0	0	0	0	0	0	0	0	0	0	0	0	0	0	0	0	0	0	0	0	192	0	0	0	0	0	0	96	0	0	0	0	0	0	48	0	0	0	0	0	0	0	0	0	0	0	0	0	0	0	0	0	0	0	0	0	0	0	0	0	0	0	0	0	0	0	0	0	0	0	0	0	0	0	0	0	0	0	0	0	0	0	0	0	0	0	0	
0	0	0	0	0	0	0	0	0	0	0	0	0	0	0	0	0	0	500	0	0	0	0	0	0	0	0	0	0	0	0	0	0	0	0	0	0	0	0	0	0	0	0	0	0	0	0	0	0	0	0	0	0	0	0	0	0	0	0	0	0	0	0	0	192	0	0	0	0	0	0	0	0	0	0	0	0	0	0	0	0	0	0	0	0	0	0	0	0	0	
0	0	0	0	0	0	0	0	0	0	0	48	0	0	0	0	0	0	0	0	0	0	0	0	0	0	0	0	0	0	0	0	0	0	0	0	0	0	0	0	0	0	0	0	0	0	0	0	0	0	0	0	0	0	0	0	0	0	0	192	0	0	0	0	0	0	0	0	0	0	0	0	0	0	0	0	0	0	0	0	0	0	0	0	0	0	0	0	0	0	
0	0	0	0	0	0	0	0	0	0	0	0	0	0	0	0	0	0	0	0	0	0	0	0	0	0	0	0	0	0	0	0	192	0	0	0	0	0	0	0	0	0	0	0	0	0	0	0	0	0	0	0	0	0	0	0	0	0	0	0	0	0	0	0	0	0	0	0	0	0	0	0	0	0	0	0	0	0	0	0	0	0	0	0	0	0	0	0	192	0	
0	0	0	0	0	0	0	0	0	0	0	0	0	0	0	0	0	0	0	0	0	0	0	0	0	0	0	0	0	0	0	0	0	0	0	0	500	0	0	0	0	0	0	0	0	0	0	0	0	0	0	0	0	0	0	0	96	0	0	0	192	0	0	0	0	0	0	0	0	0	0	0	0	0	192	0	0	0	0	0	0	0	0	0	0	0	0	500	0	0	
0	0	0	0	0	0	0	0	0	0	0	192	0	0	500	0	0	0	0	0	0	0	0	0	0	0	0	0	0	0	0	0	0	0	0	0	0	0	0	0	0	0	0	0	0	0	0	0	0	0	0	0	0	0	0	0	0	0	0	0	0	0	0	0	0	0	0	0	0	0	0	0	0	0	0	0	0	0	0	0	0	0	0	0	0	0	0	0	0	0	
0	0	0	0	0	0	0	0	500	0	0	0	0	0	0	0	0	0	0	0	0	0	0	0	0	0	0	0	0	0	0	0	0	0	0	0	0	0	0	0	0	0	0	0	0	0	0	48	0	0	0	0	0	0	0	0	0	0	0	0	0	0	0	0	0	500	0	0	0	0	0	0	0	0	0	0	0	0	0	0	0	0	0	0	0	0	0	0	0	0	
0	0	0	0	0	0	0	0	0	0	0	0	0	0	0	0	0	0	0	0	0	0	0	0	0	0	0	0	0	0	0	0	0	0	0	0	0	0	96	0	0	0	0	0	0	0	0	0	0	0	96	0	0	0	0	0	0	0	0	0	0	0	0	0	0	0	0	0	0	0	0	0	0	0	0	0	0	0	0	0	0	0	0	0	0	0	0	0	0	0	
0	0	96	0	0	0	0	0	0	0	0	0	0	0	0	0	0	0	0	0	0	0	0	0	0	0	0	0	0	0	0	0	0	0	0	0	0	0	0	0	0	0	0	0	0	0	0	0	0	0	0	0	0	0	0	0	0	0	0	0	0	0	0	0	0	0	0	0	0	0	0	0	0	0	0	0	0	0	0	0	0	0	0	0	0	96	0	0	0	0	
0	0	0	0	0	0	0	0	0	0	0	0	0	0	0	0	0	0	0	0	0	0	0	0	0	0	0	0	0	0	0	0	0	0	0	0	0	0	0	0	0	0	0	0	0	0	0	0	0	0	0	192	0	0	0	0	96	0	0	0	500	0	0	0	0	0	0	0	0	0	0	0	0	0	0	0	0	0	0	0	0	0	0	0	0	0	0	0	0	0	
0	0	0	0	0	0	0	0	0	0	0	0	0	192	0	0	0	0	0	0	0	0	0	0	0	0	0	0	0	0	0	0	0	0	0	0	0	192	0	0	0	0	0	0	0	0	0	0	0	0	0	0	0	0	0	0	0	0	0	0	0	0	0	0	0	0	0	0	0	0	0	0	0	0	0	0	0	0	0	0	0	0	0	0	0	0	0	0	0	0	
0	0	0	0	0	0	0	0	0	0	0	0	0	0	0	0	0	0	0	0	0	0	0	0	0	0	0	0	0	0	0	0	0	0	0	0	0	0	0	0	0	0	0	0	0	0	0	0	0	0	0	0	0	0	0	0	0	0	0	0	0	0	0	0	0	0	0	0	0	0	0	0	0	0	0	0	192	0	0	0	0	0	0	48	0	0	0	0	0	0	
0	0	0	0	0	0	48	0	0	0	0	0	0	0	0	0	0	0	0	0	0	0	0	0	0	0	96	0	0	0	0	0	0	0	0	0	0	0	0	0	0	48	0	0	0	0	0	0	0	0	0	0	0	0	0	0	0	0	0	0	0	0	0	0	0	0	0	0	0	48	0	0	48	0	0	0	0	0	0	0	0	0	0	0	0	0	0	0	0	0	
0	0	0	0	0	0	0	0	0	0	0	0	0	0	0	0	0	0	0	0	0	0	0	0	0	96	0	0	0	0	0	0	0	0	0	0	0	0	0	0	0	500	0	0	0	0	0	0	0	0	0	0	0	0	0	0	0	0	0	0	0	0	0	0	0	0	0	0	0	0	0	0	0	0	0	0	0	0	0	0	0	0	0	0	0	0	0	0	0	0	
0	0	0	0	0	0	0	0	0	0	0	0	0	0	0	0	0	0	0	0	0	0	0	0	0	0	0	0	0	500	0	0	0	0	0	0	0	0	0	0	0	0	0	0	0	0	0	0	0	0	0	0	0	500	0	96	0	0	0	0	0	0	0	0	0	0	0	0	0	0	0	0	0	0	0	0	0	0	0	0	0	0	0	0	0	0	0	0	0	0	
0	0	0	0	0	0	0	0	0	0	0	0	0	0	0	0	0	0	0	0	0	0	0	0	0	0	0	0	0	0	0	0	0	0	0	0	0	0	0	0	0	0	0	0	0	0	0	0	0	0	0	0	0	0	0	0	0	0	48	0	0	0	0	0	0	0	0	0	0	0	0	0	96	0	0	0	0	0	0	0	0	0	0	0	0	0	0	0	0	0	
0	0	0	0	0	0	0	0	0	0	0	0	0	0	0	0	0	0	0	0	0	0	0	0	0	0	0	500	0	0	0	0	0	0	0	0	0	0	0	0	0	0	0	0	0	0	0	0	0	0	0	0	0	500	0	0	0	0	0	0	0	0	0	0	0	0	0	0	0	0	0	0	0	0	0	0	0	0	0	0	0	0	0	0	0	0	0	0	0	0	
0	0	0	0	0	0	0	0	0	0	0	0	0	96	0	0	0	0	0	0	0	0	0	0	0	0	0	0	0	0	0	0	0	0	0	0	0	0	0	0	0	0	0	0	0	0	0	0	0	0	0	0	0	0	0	0	0	0	0	0	0	0	0	0	0	0	0	0	0	0	0	0	0	0	0	0	0	0	0	0	0	0	0	0	0	500	0	0	0	0	
0	0	0	0	0	0	0	0	0	0	0	0	0	0	0	0	0	0	0	0	0	0	0	0	0	0	0	0	0	0	0	0	0	0	0	0	0	0	0	0	0	0	0	0	0	192	0	0	0	0	0	0	0	0	0	0	0	0	0	0	0	0	0	500	0	0	0	0	0	0	0	0	0	0	0	0	0	0	0	0	0	0	0	0	0	0	0	0	0	0	
0	0	0	0	0	0	0	0	0	0	0	0	0	0	0	0	192	0	0	0	0	0	0	0	0	0	0	0	0	0	0	0	0	0	0	0	0	0	0	0	0	0	0	0	0	500	0	0	96	0	0	0	0	0	0	0	0	0	0	0	0	0	0	0	0	0	0	0	0	0	0	0	0	0	0	0	0	0	0	0	0	0	0	0	0	0	0	0	0	0	
0	0	0	0	0	0	0	0	0	0	0	0	0	0	0	0	0	0	0	0	0	0	0	0	0	0	0	0	0	0	0	0	0	0	0	0	0	0	0	0	0	0	0	0	0	0	0	0	0	192	0	0	96	0	0	0	0	0	0	0	0	0	0	48	0	0	0	0	0	0	0	0	0	0	0	0	0	0	0	0	0	96	0	48	0	0	0	0	0	0	
0	500	0	0	0	0	0	0	0	0	0	0	0	0	0	0	0	0	0	0	0	0	0	0	0	0	0	0	0	0	0	0	0	0	0	0	0	0	0	0	0	0	0	0	0	0	0	0	0	0	0	0	192	0	0	0	0	0	0	0	0	0	0	0	0	0	0	0	0	0	0	0	0	0	0	0	0	0	0	0	0	0	0	192	0	0	0	0	0	0	
0	0	0	0	0	0	0	0	0	0	0	0	0	0	0	0	0	0	0	0	0	0	0	0	0	0	0	0	0	0	0	0	0	0	0	0	0	0	0	0	192	0	0	0	0	0	48	0	0	0	0	0	0	0	0	0	0	0	0	0	0	0	0	0	0	0	0	0	0	0	0	0	0	0	0	0	0	0	0	96	0	0	0	0	0	0	0	0	0	0	
0	0	0	0	0	0	0	0	0	0	0	0	0	0	0	0	0	500	0	0	0	0	0	0	0	0	0	0	0	0	0	0	0	0	0	0	0	0	0	0	0	0	0	0	0	0	0	0	0	0	0	0	0	0	0	0	48	0	0	0	0	0	0	0	0	0	0	0	0	0	0	0	0	0	500	0	0	0	0	0	0	0	0	0	0	0	96	500	0	0	
0	0	0	0	0	0	0	0	0	0	0	0	0	48	0	0	0	0	0	0	0	0	0	192	0	0	0	0	0	0	0	0	0	0	0	0	0	0	0	0	0	0	0	0	0	0	0	0	0	0	0	0	0	0	0	0	0	0	0	0	0	0	0	0	0	0	0	0	0	0	0	0	0	0	0	0	0	0	0	0	0	0	0	0	0	0	0	0	0	0	
0	0	0	0	0	0	0	0	0	0	0	0	0	0	0	0	0	0	0	0	96	0	0	0	0	0	0	0	0	0	0	0	0	0	0	0	0	0	0	0	0	0	0	0	0	0	0	0	0	0	48	0	0	0	0	0	0	0	0	0	0	0	0	0	0	0	0	0	0	0	0	0	0	0	0	0	0	0	0	0	0	0	0	0	0	0	0	0	0	0	
0	0	0	0	0	0	0	0	0	0	0	0	0	0	0	0	0	0	0	0	0	0	0	0	0	0	0	0	0	0	0	0	0	0	0	0	0	0	0	0	0	0	0	0	0	0	0	0	0	0	0	0	0	0	0	0	0	0	0	0	0	0	0	0	0	0	48	0	0	0	0	0	0	0	0	96	0	0	0	0	0	0	0	0	0	0	0	0	0	0	
0	0	0	0	0	0	0	0	0	0	0	0	0	0	0	0	0	0	0	0	0	0	0	0	0	0	0	0	0	0	0	0	0	0	0	192	0	0	0	0	0	0	0	0	0	0	0	0	0	0	0	0	0	0	0	0	0	0	0	0	0	0	0	0	0	0	0	0	0	0	0	0	0	0	0	0	0	0	0	0	96	0	0	0	0	0	0	0	0	0	
0	0	0	0	0	0	0	0	0	0	0	0	0	0	0	0	0	0	0	0	0	0	0	0	0	48	500	0	0	0	0	0	0	0	0	0	0	0	0	0	0	0	0	0	0	0	0	0	0	0	0	0	0	0	0	0	0	0	0	0	0	0	0	0	0	0	0	0	0	0	0	0	0	0	0	0	0	0	0	0	0	0	0	0	0	0	0	0	0	0	
0	0	0	0	0	0	0	0	0	0	0	0	0	0	0	0	0	0	0	0	0	0	0	0	0	0	0	0	0	0	0	0	0	0	0	0	0	0	0	0	0	0	0	0	192	0	0	0	0	0	0	0	0	0	0	0	0	0	0	0	0	96	0	0	0	0	0	48	0	0	0	0	0	0	0	0	0	0	0	0	0	0	0	0	0	0	500	96	0	0	
0	0	0	0	0	0	0	0	0	0	0	0	0	0	0	0	0	0	0	0	0	0	0	0	0	0	0	0	0	0	0	0	0	0	0	0	0	0	0	0	0	0	0	0	0	0	0	0	0	0	0	0	0	0	0	0	0	0	0	0	0	0	0	0	0	0	0	0	0	0	0	0	0	0	0	0	0	48	0	0	0	0	0	0	0	0	0	0	0	500	
0	0	0	0	0	0	0	0	0	0	0	0	0	0	0	0	0	0	0	0	0	0	0	0	0	0	0	0	0	0	0	0	0	0	0	0	0	0	0	0	0	0	192	0	0	0	0	0	0	0	0	0	0	0	0	0	0	0	0	0	0	0	0	0	0	0	0	0	0	0	0	0	0	0	0	0	192	0	0	0	0	0	0	0	0	0	0	0	0	0	
0	0	0	0	0	0	0	0	0	0	0	0	0	0	0	0	0	0	0	0	0	0	0	0	0	0	0	0	0	0	0	192	500	0	0	0	0	0	0	0	0	0	0	0	0	0	0	0	0	0	0	0	0	0	0	0	0	0	0	0	0	0	0	0	0	0	0	0	0	0	0	0	0	0	0	0	0	0	0	0	0	0	0	0	0	0	0	0	0	0	
0	0	0	0	0	0	0	0	0	0	0	0	0	0	0	0	0	0	0	0	0	0	0	0	0	0	0	0	0	0	0	0	0	0	0	48	0	0	0	0	0	0	0	0	0	0	0	0	0	0	0	192	0	0	0	0	0	0	0	0	0	0	0	0	0	0	0	0	0	0	0	0	0	0	192	0	0	0	0	192	0	0	0	0	0	0	0	0	0	0	
0	0	0	0	0	0	0	0	500	0	0	0	192	0	0	0	0	0	0	48	0	0	0	0	0	0	0	0	0	0	0	0	0	0	0	0	0	0	0	0	0	0	0	0	0	0	0	0	0	0	0	0	0	0	0	0	0	0	0	0	0	0	0	0	0	0	0	0	0	0	0	0	0	0	0	0	0	0	0	0	0	0	0	0	0	0	0	0	0	0	
0	0	0	0	0	0	0	0	0	0	0	0	0	0	0	0	0	0	0	0	0	0	0	0	0	0	0	0	0	0	0	0	96	0	0	0	0	0	0	0	0	0	0	0	0	0	0	0	0	0	0	0	0	0	0	0	0	0	0	0	0	0	0	0	0	0	0	0	0	0	0	0	0	0	0	0	0	0	0	0	0	192	0	0	0	0	0	0	0	0	
0	0	0	0	0	0	0	0	0	0	0	0	0	0	0	0	0	0	0	0	0	0	0	0	0	0	0	0	0	0	0	0	0	192	0	0	0	0	0	0	0	0	0	0	0	0	0	0	0	0	0	0	192	0	0	0	0	0	0	0	0	0	0	0	0	0	0	0	0	0	0	0	0	0	0	0	0	0	0	0	0	0	0	0	0	0	0	0	0	0	
0	0	0	0	0	0	0	0	0	0	0	0	0	0	0	0	0	0	0	0	96	0	0	0	0	0	0	0	0	0	0	0	0	0	0	0	0	0	48	0	0	0	0	0	0	0	0	0	0	0	0	0	0	0	0	0	0	0	0	0	0	0	0	0	0	0	0	0	0	0	0	192	0	0	0	0	0	0	0	0	0	0	0	0	0	0	0	0	0	0	
0	0	0	0	0	0	0	0	0	0	0	0	0	0	0	0	0	0	0	0	0	0	192	0	0	0	0	0	0	0	0	0	0	0	0	0	0	0	0	0	0	0	0	0	0	0	192	0	0	0	0	0	0	0	0	0	0	0	0	0	0	0	0	0	0	0	0	0	0	0	0	0	0	0	0	0	0	0	0	0	0	0	0	0	0	0	0	0	0	0	
0	0	0	0	0	0	0	0	0	0	0	0	0	0	0	0	0	0	0	0	0	0	0	0	0	0	0	0	0	0	0	0	0	96	192	0	0	0	0	0	0	0	0	0	0	0	0	0	0	192	0	0	0	0	0	0	0	0	0	0	0	0	0	0	0	0	0	0	0	0	0	0	0	0	0	0	48	0	0	0	0	0	0	0	0	0	0	0	0	0	
0	0	0	0	0	0	0	0	0	0	0	0	0	0	0	0	0	0	0	0	0	0	0	0	0	0	0	500	0	500	0	0	0	0	0	0	0	0	0	0	0	0	0	0	0	0	0	0	0	0	0	0	0	0	0	0	0	0	0	0	0	0	0	0	0	0	0	0	0	0	0	0	0	0	0	0	0	0	0	0	0	0	0	0	0	0	0	0	0	0	
0	0	96	0	0	0	0	0	0	0	0	0	0	0	0	0	0	0	0	0	0	0	0	0	0	0	0	0	0	0	0	0	0	0	0	0	0	0	0	0	0	0	0	0	0	0	0	0	0	0	0	0	0	0	0	0	0	0	0	0	0	0	500	0	0	500	0	0	0	0	0	0	0	0	0	0	0	0	0	0	0	0	0	0	0	0	0	0	0	0	
0	0	0	0	0	500	0	0	0	0	0	0	0	0	0	0	0	0	0	0	0	0	0	0	0	0	0	96	0	0	0	0	0	0	0	0	0	0	0	0	0	0	0	0	0	0	0	0	0	0	0	0	0	0	0	0	0	0	0	0	0	0	0	0	0	192	0	0	0	0	0	0	0	0	0	0	0	0	192	0	0	0	0	0	0	0	0	0	0	0	
0	0	0	0	0	0	0	0	0	0	0	0	0	0	0	0	0	96	0	0	0	0	96	0	0	0	0	0	0	0	0	0	0	0	0	0	48	0	0	0	0	0	0	0	0	0	0	0	0	0	0	0	0	0	0	0	0	0	0	0	0	0	0	0	0	0	0	0	0	0	0	0	0	0	0	0	0	0	0	0	0	0	0	0	0	0	0	0	0	0	
0	0	0	0	48	0	0	500	0	0	0	0	0	0	0	0	0	0	0	0	0	0	0	0	0	0	0	0	0	0	0	0	0	0	0	0	0	0	0	0	0	0	0	0	0	0	0	0	0	0	0	0	0	0	0	0	0	0	0	0	0	0	0	0	0	0	0	0	0	0	0	0	0	0	0	0	0	0	0	0	0	0	0	0	0	0	0	0	0	0	
0	0	0	96	0	0	0	0	0	0	0	0	0	0	0	0	0	0	0	0	0	0	0	0	0	0	0	0	48	0	0	0	0	0	0	0	0	0	0	0	0	0	0	0	0	0	0	0	0	0	0	0	0	0	0	0	0	0	0	0	0	0	0	0	0	0	0	0	0	0	0	0	0	0	0	0	0	0	0	0	0	0	0	0	0	0	0	0	0	0	
0	0	0	0	0	0	0	0	0	0	0	96	0	0	0	192	0	0	0	0	0	0	0	0	0	0	0	0	0	0	0	0	0	0	0	0	0	0	0	0	0	0	0	0	0	0	0	0	0	0	0	0	0	0	0	0	0	0	0	0	0	0	0	0	0	0	0	0	0	0	0	0	0	0	0	0	0	0	0	0	192	0	0	0	0	0	0	0	0	0	
0	0	0	0	0	0	0	0	0	0	0	0	0	0	0	0	0	192	0	0	0	0	500	0	0	0	0	0	0	0	0	0	0	0	0	0	0	0	0	0	0	0	0	0	0	0	0	0	0	0	0	0	0	0	0	0	0	0	0	0	0	0	0	0	0	0	0	0	0	0	0	0	0	0	0	0	0	0	0	0	0	0	0	0	0	0	0	0	0	0	
0	0	0	0	0	0	0	0	0	0	0	0	0	0	0	0	0	0	0	0	0	0	0	0	0	0	0	0	0	0	0	0	0	0	0	0	0	0	0	0	0	0	96	0	0	0	0	0	0	0	0	0	0	0	0	0	0	0	0	0	0	0	0	0	0	0	0	0	0	0	0	0	0	0	0	500	0	0	0	0	0	0	0	0	0	0	0	0	0	0	
0	0	0	0	0	0	0	0	0	0	0	0	0	0	0	0	0	0	0	0	0	0	0	0	0	0	0	0	0	0	0	0	0	0	0	0	0	0	0	0	0	0	0	0	0	0	0	0	0	0	0	0	0	0	500	0	0	0	0	0	0	0	0	0	0	0	0	0	0	0	0	0	0	0	0	0	0	0	48	0	0	0	0	0	0	0	0	0	0	0	
0	0	0	0	0	0	0	0	0	0	0	0	0	0	0	0	0	0	0	0	0	0	0	0	0	0	0	0	0	0	0	500	0	48	0	0	0	0	0	0	0	0	0	0	0	0	0	0	0	0	0	0	0	0	0	0	0	0	0	0	0	0	0	0	0	0	0	0	0	0	0	0	0	0	0	0	0	0	0	0	0	0	0	0	0	0	0	0	0	0	
0	0	0	0	0	0	0	0	0	0	0	48	0	0	192	0	0	0	0	0	0	0	0	0	0	0	0	0	0	0	0	0	0	0	0	0	0	0	0	0	0	0	0	0	0	0	0	0	0	0	0	0	0	0	0	0	0	0	0	0	0	0	0	0	0	0	0	0	0	0	0	0	0	0	0	0	0	0	0	0	0	0	0	0	0	0	0	0	0	0	
0	0	0	0	0	0	0	0	0	0	0	0	0	0	0	0	0	0	0	500	0	0	0	0	0	0	0	0	0	0	0	0	0	0	0	0	0	0	0	0	0	0	0	0	0	0	0	0	0	0	0	0	0	0	500	192	0	0	0	0	0	0	0	0	0	0	0	0	0	0	0	0	0	0	0	0	0	0	0	0	0	0	0	0	0	0	0	0	0	0	
0	0	0	0	0	0	0	0	0	0	0	0	0	0	0	0	0	0	0	0	0	0	0	0	0	0	0	0	0	0	0	0	0	0	0	0	0	0	0	48	0	0	0	0	0	0	0	0	0	0	0	0	0	0	0	0	0	0	0	0	0	0	0	0	0	0	0	500	0	0	0	0	0	0	0	0	0	0	0	0	0	0	0	0	0	0	0	0	0	0	
0	0	0	0	0	0	0	0	0	48	0	0	0	0	0	0	0	0	0	0	0	0	0	0	0	0	0	0	0	0	0	0	0	0	0	0	0	0	0	0	0	0	48	0	0	0	0	0	0	0	0	0	0	0	0	0	0	0	0	0	0	0	0	0	0	0	500	0	0	0	48	0	0	0	0	0	0	0	0	0	0	0	0	0	0	0	0	0	0	0	
0	192	0	0	0	0	0	0	0	0	0	0	0	0	0	0	0	0	0	0	0	0	0	0	0	0	0	0	0	0	0	0	0	0	0	0	0	0	0	0	0	0	0	0	0	0	0	0	0	0	0	0	0	0	0	0	0	0	0	0	0	0	0	0	0	0	0	0	0	0	192	0	0	0	0	0	0	0	0	0	0	0	0	0	96	0	0	0	0	0	
0	0	0	0	0	0	0	0	0	0	0	0	96	0	0	0	0	0	0	0	0	0	0	0	0	48	0	0	0	0	0	0	0	0	0	0	0	0	0	0	0	0	0	0	0	0	0	0	0	0	0	0	0	0	0	0	0	0	0	0	0	0	0	0	0	0	0	0	0	0	0	0	0	0	0	0	0	0	0	0	0	0	0	0	0	0	0	0	0	0	
0	0	0	0	0	0	0	0	0	0	0	0	0	0	0	0	0	0	0	0	0	0	0	0	0	0	0	0	0	0	0	0	0	0	0	0	0	0	0	0	0	0	0	0	0	0	0	0	0	0	0	0	0	0	0	0	0	0	0	0	0	0	0	0	0	0	0	48	192	0	0	0	0	0	0	0	0	0	0	0	0	0	0	0	0	0	0	0	0	0	
0	0	0	0	0	0	96	0	0	0	0	0	0	0	0	0	0	0	0	0	0	0	0	0	0	0	0	0	0	0	0	0	0	0	0	0	0	0	0	0	0	0	0	0	0	0	0	0	0	0	192	0	0	0	0	0	0	0	0	0	0	0	0	0	0	0	0	0	0	0	0	0	0	0	0	0	0	0	0	0	0	0	0	0	0	0	0	0	0	0	
0	0	0	0	0	0	0	0	0	0	0	0	0	0	0	0	0	0	0	0	0	0	0	0	0	48	0	0	96	0	0	0	0	0	0	0	0	0	0	0	0	0	0	0	0	0	0	0	0	0	0	0	0	0	0	0	0	0	0	0	0	0	0	0	0	0	0	0	0	0	0	0	0	0	0	0	0	0	192	0	0	0	0	0	0	0	0	0	0	0	
0	0	0	0	0	0	0	0	0	0	0	0	0	0	0	0	0	0	0	0	0	0	0	0	0	0	0	0	0	0	0	0	0	0	0	0	0	0	0	0	0	0	0	0	0	0	0	0	0	0	0	0	0	0	0	0	0	0	0	0	0	0	0	0	0	0	0	0	0	0	0	0	0	0	0	0	0	48	0	192	96	0	0	0	96	0	0	0	0	0	
0	0	0	0	0	0	0	0	0	0	0	0	0	0	0	0	0	192	0	0	0	0	0	0	0	0	0	0	0	0	0	0	0	0	0	0	500	0	0	0	0	0	0	0	0	0	192	0	0	0	0	0	0	0	0	0	0	0	0	0	0	0	0	0	0	0	0	0	0	0	0	0	0	0	0	0	0	0	0	0	0	0	0	0	0	0	0	0	0	0	
0	0	0	0	0	0	0	0	0	0	0	0	0	0	0	0	0	0	0	0	0	0	0	0	0	0	0	0	0	0	0	0	0	0	0	0	0	0	0	96	0	0	0	0	0	0	0	0	0	0	0	0	0	0	0	0	0	0	0	0	0	500	0	0	0	0	0	0	0	0	0	0	0	0	0	0	0	0	0	0	0	0	0	0	0	0	0	0	0	0	
0	0	0	0	0	0	0	0	0	0	0	0	0	0	0	0	0	0	0	0	0	0	0	0	192	0	0	0	0	0	0	0	0	0	0	0	0	0	0	0	0	0	0	0	192	0	0	0	0	0	0	0	48	0	0	0	0	0	0	0	0	0	0	0	0	0	0	0	0	0	0	0	0	0	0	0	0	0	0	0	0	0	0	0	0	0	0	0	0	0	
0	0	0	0	0	0	0	0	0	0	0	0	0	0	0	0	0	0	0	0	0	0	0	0	0	0	0	0	0	0	0	0	0	0	0	0	0	0	0	0	0	0	0	48	0	0	0	0	0	0	0	0	0	0	0	0	0	0	0	0	0	0	0	0	0	0	0	0	0	0	0	0	0	48	0	0	0	0	0	0	192	0	0	0	0	0	0	0	0	500	
0	0	0	0	0	96	0	0	48	0	0	0	0	0	0	0	0	0	0	0	0	0	0	0	0	0	0	0	0	0	0	0	0	0	0	0	0	0	0	0	0	0	0	0	0	0	0	0	0	0	0	0	0	0	0	192	0	0	0	0	0	0	48	0	0	0	0	0	0	0	0	0	192	0	0	0	0	0	0	0	0	0	0	0	0	0	0	0	0	0	
0	0	0	0	0	0	0	0	0	0	0	0	0	0	0	0	0	0	0	0	0	0	0	0	0	0	0	0	0	0	0	0	0	0	0	96	0	0	0	0	0	0	0	0	0	0	192	0	0	0	0	0	0	0	0	0	0	0	0	0	0	0	0	0	0	0	0	0	0	0	0	0	0	192	0	0	0	0	0	0	0	0	0	0	0	0	0	0	0	0	
0	0	0	0	0	0	0	0	0	0	0	0	0	0	0	0	0	0	0	0	0	0	0	0	0	0	0	0	0	0	0	0	0	0	0	0	0	0	0	0	96	0	0	0	0	0	0	0	0	0	0	0	0	0	0	0	0	0	0	192	0	0	0	0	0	0	0	0	0	0	0	0	0	96	0	0	0	192	0	0	0	0	0	0	0	0	0	0	0	0	
0	0	0	0	0	0	0	0	0	0	0	0	0	0	0	0	0	0	0	0	0	0	0	0	0	0	0	0	0	0	0	0	0	96	0	0	0	0	0	0	0	0	0	0	0	0	0	0	192	0	0	0	0	0	0	0	0	0	0	0	0	0	0	0	0	0	0	0	0	0	0	0	0	0	0	0	0	0	0	0	0	0	0	0	0	0	0	0	0	0	
500	0	0	0	0	0	0	0	0	0	192	0	0	0	0	0	0	0	0	0	0	0	0	0	0	0	0	0	0	0	0	0	0	0	0	0	0	0	0	0	0	0	0	0	0	0	0	0	0	0	0	0	0	0	0	0	0	0	0	0	0	0	0	0	0	0	0	0	0	0	0	0	0	0	0	0	0	0	0	0	0	0	0	0	0	0	0	0	0	0	
0	0	0	0	0	0	0	0	0	0	0	0	0	0	0	0	0	0	0	0	0	0	0	0	48	0	0	0	0	0	0	0	0	48	192	0	0	0	0	0	0	0	0	0	0	0	0	0	0	0	0	0	0	0	0	0	0	0	0	0	0	0	0	0	0	0	0	0	0	0	0	0	0	0	0	0	0	0	0	0	0	0	0	0	0	0	0	0	0	0	
0	0	0	0	0	0	0	0	0	48	0	0	0	0	0	0	0	0	0	0	0	0	0	0	0	0	0	0	0	0	0	0	0	0	0	0	0	0	0	0	0	0	0	0	0	0	0	0	0	0	0	0	0	0	0	0	0	0	0	0	0	0	0	0	0	0	0	0	96	0	0	0	0	96	0	0	0	0	0	0	0	0	0	0	0	0	0	0	0	0	
0	0	0	0	0	0	0	0	0	0	0	0	0	0	0	0	0	0	0	0	0	96	0	0	0	0	0	0	0	0	500	0	0	0	0	0	0	0	0	0	0	0	0	0	0	0	0	0	0	0	0	0	0	0	0	0	0	0	0	0	0	0	0	0	0	0	0	0	0	0	0	0	0	0	0	0	0	0	0	0	0	0	0	0	0	0	0	0	0	0	
0	0	0	0	0	0	0	0	0	0	0	0	0	0	0	0	0	0	0	0	0	0	0	0	0	0	0	0	0	0	0	0	0	0	0	0	96	0	0	0	0	0	500	0	0	0	0	0	0	0	0	0	0	0	0	0	0	0	0	0	0	0	0	0	0	0	0	0	0	0	0	0	0	0	0	0	0	0	0	0	0	0	0	0	0	0	0	0	0	0	
0	0	0	0	0	0	0	0	0	0	0	0	0	0	0	0	0	500	0	0	0	0	0	0	0	0	0	0	0	0	0	0	0	0	0	0	500	0	0	0	0	0	96	0	0	0	0	0	0	0	0	0	0	0	0	0	0	0	0	0	0	0	0	0	0	0	0	0	0	0	0	0	0	0	0	0	0	0	0	0	0	0	0	0	0	0	0	0	0	0	
96	0	0	0	0	0	0	0	0	0	500	0	0	0	0	0	192	0	0	0	0	0	0	0	0	0	0	0	0	0	0	0	0	0	0	0	0	0	0	0	0	0	0	0	0	0	0	0	0	0	0	0	0	0	0	0	0	0	0	0	0	0	0	0	0	0	0	0	0	0	0	0	0	0	0	0	0	0	0	0	0	0	0	0	0	0	0	0	0	0	
0	0	0	48	0	0	0	0	0	0	0	0	0	0	0	0	0	0	0	0	0	0	0	0	0	0	0	0	0	0	0	0	0	0	0	0	0	0	0	0	0	0	0	500	0	0	0	0	0	0	0	0	0	0	0	0	0	0	0	0	0	0	0	0	0	0	0	0	0	0	0	0	0	0	0	0	0	500	0	0	0	0	0	0	0	0	0	0	0	0	
61	88	62	78	71	61	16	62	76	48	51	18	48	43	18	49	26	73	52	22	83	18	47	84	76	89	21	35	80	44	73	35	60	70	24	11	78	7	16	69	27	15	82	74	67	6	66	50	81	49	61	70	52	21	44	22	57	58	47	89	89	35	30	4	31	59	76	57	67	78	0	11	9	8	28	22	22	41	16	47	25	77	77	89	14	16	20	35	67	16	85	0	30	50	65	9	78	61	52	15	36	19	56	63	1	35	60	54	1	50	39	49	26	64	2	65	32	11	65	11	4	43	38	32	77	69	70	61	89	67	20	73	61	88	88	37	9	84	8	56	73	30	29	33	88	16	8	82	10	77	89	50	44	47	70	81	47	17	46	48	62	65	68	30	50	88	5	19	28	65	35	32	70	52	76	85	27	86	13	43	51	40	68	40	86	18	2	51	27	56	76	62	89	54	18	69	88	34	60	1	54	56	51	72	70	34	0	34	11	20	1	50	37	70	19	81	42	52	4	34	3	4	68	89	69	32	40	10	72	78	75	68	74	56	40	66	60	54	63	45	28	61	54	80	70	75	6	60	81	41	69	24	54	31	16	50	89	79	38	12	8	55	41	43	78	56	9	22	46	22	77	16	0	42	82	37	48	37	38	79	11	73	26	7	13	45	0	19	53	14	2	86	70	30	47	82	77	52	34	18	15	17	34	46	87	37	77	13	57	51	17	41	24	48	29	75	46	44	21	81	41	5	24	36	68	15	87	17	58	36	24	39	61	36	15	22	23	51	31	1	85	19	25	14	11	62	87	42	44	10	64	42	47	51	4	37	78	84	54	12	3	4	61	12	74	71	30	46	58	58	34	87	38	28	46	8	64	7	12	74	28	47	45	2	77	52	26	1	24	53	45	70	21	46	46	89	58	28	54	5	24	71	78	76	10	68	6	9	74	69	67	83	58	40	32	37	19	7	88	87	65	3	54	88	83	52	71	8	0	87	13	88	81	82	65	68	71	47	61	19	53	58	62	71	49	83	39	60	59	84	4	41	16	31	71	58	15	38	37	27	86	49	63	13	53	80	85	40	45	53	32	24	79	54	88	16	88	77	43	47	3	20	34	14	55	27	0	74	82	66	26	56	33	9	24	51	26	55	32	86	18	67	7	26	51	47	39	10	71	20	53	9	36	67	82	17	4	88	12	38	1	54	37	83	9	49	76	89	70	12	4	27	69	7	69	11	53	51	14	47	3	0	51	22	57	44	56	42	25	17	24	28	40	80	64	18	18	67	23	49	17	33	75	21	12	34	22	71	0	40	85	31	45	89	38	80	52	29	48	76	22	80	22	44	22	54	0	29	56	71	45	14	26	17	65	70	24	64	54	20	52	20	73	47	27	23	7	5	35	29	32	31	1	6	87	73	17	62	41	26	20	42	51	59	13	51	48	85	11	5	59	23	33	63	68	5	20	54	46	62	66	34	18	82	39	64	38	28	28	88	72	5	88	75	27	0	55	37	32	54	51	11	45	84	30	3	47	72	28	16	51	55	69	34	4	33	41	54	49	81	53	46	5	48	75	64	62	18	58	70	9	60	58	14	79	16	29	84	24	62	40	63	20	69	30	20	58	67	87	73	21	48	79	10	11	53	67	13	58	16	18	42	61	7	20	69	85	83	27	50	66	59	42	22	44	24	37	86	6	89	89	22	43	11	3	74	0	21	52	4	15	72	21	40	0	77	15	12	32	1	28	55	83	57	47	61	18	70	84	43	22	1	45	69	19	47	19	50	53	35	25	26	15	7	55	64	88	75	55	12	26	50	12	23	84	58	44	81	38	45	70	69	6	60	23	33	29	77	16	24	74	1	74	76	42	84	34	13	55	87	30	59	59	36	65	26	43	56	19	88	82	18	82	57	50	6	37	11	75	85	87	78	62	83	14	56	14	21	36	65	81	24	26	61	25	35	12	54	51	37	59	72	66	79	24	11	46	6	66	65	50	59	42	20	1	23	21	60	12	7	57	37	52	60	39	16	14	57	19	31	10	85	71	23	73	43	74	12	4	44	15	23	51	7	56	38	78	75	83	72	30	19	3	3	74	1	65	86	27	88	83	21	19	22	49	29	6	84	38	58	78	41	70	53	64	7	27	30	9	55	24	89	59	61	42	50	33	20	10	14	46	32	12	30	52	22	72	80	35	16	12	50	16	74	37	64	88	51	56	69	63	45	3	18	1	36	80	4	27	39	43	46	72	63	80	40	28	71	55	2	79	13	80	66	62	45	4	47	24	52	27	80	52	49	34	31	36	27	31	26	40	35	68	7	7	2	14	65	29	89	82	48	25	70	44	23	38	39	48	6	46	87	41	43	58	43	88	42	74	30	55	26	72	10	0	67	23	17	62	79	40	46	44	26	51	89	86	1	40	58	82	14	62	58	85	48	72	39	5	27	9	46	66	1	25	40	89	36	38	11	49	6	67	50	36	41	69	65	24	80	38	89	6	62	66	51	67	1	14	22	27	81	13	52	60	30	79	44	77	10	28	76	69	8	5	87	52	75	69	82	24	79	47	34	84	72	49	66	72	74	47	83	76	21	4	60	25	15	46	2	26	69	1	18	4	74	35	53	81	28	44	52	83	76	58	76	52	19	10	8	79	75	73	30	41	19	55	55	47	51	0	13	38	22	32	19	47	32	65	48	30	86	85	51	18	78	57	22	60	0	25	44	12	4	1	43	18	63	78	30	31	38	39	55	11	57	37	65	4	51	72	50	81	51	84	74	3	67	42	52	40	11	11	76	38	37	5	20	2	71	64	71	57	47	65	39	31	57	83	68	52	31	72	69	35	19	51	23	36	42	7	63	53	35	41	26	63	84	84	43	63	24	5	89	38	4	62	59	86	36	6	22	7	60	42	83	77	70	58	81	13	89	48	58	20	71	19	50	74	35	42	34	33	9	73	77	60	78	38	2	0	66	52	3	37	46	78	12	13	14	8	62	22	19	53	29	13	25	42	54	77	70	58	59	71	26	88	23	13	71	75	58	31	55	41	13	49	69	75	22	20	38	0	34	57	10	20	53	34	76	3	46	59	13	44	24	3	63	50	10	89	70	67	33	85	1	63	46	37	37	41	17	5	24	8	15	26	52	33	42	73	27	76	5	15	28	73	27	4	30	25	39	88	83	14	18	68	73	13	5	6	30	43	82	52	77	49	74	13	54	8	81	42	62	87	24	25	21	55	48	54	6	29	16	6	9	6	83	67	1	77	58	26	46	87	37	68	7	10	31	7	4	13	64	21	83	22	5	10	74	71	87	75	78	37	16	27	9	35	57	68	44	52	34	3	75	76	49	42	66	69	53	5	81	54	2	87	86	52	34	31	3	25	50	47	66	59	40	49	9	85	24	68	20	44	1	32	17	2	30	58	88	48	52	1	13	35	54	63	54	86	13	12	78	14	20	63	48	86	84	60	72	74	52	63	17	29	59	1	58	46	56	31	47	27	22	83	61	36	48	37	2	28	27	30	25	14	80	23	16	12	51	72	32	84	68	49	17	15	6	13	16	10	39	31	47	89	47	57	33	43	61	85	82	49	71	73	0	32	46	20	57	25	16	65	42	9	52	22	26	76	32	48	45	75	55	55	70	47	32	19	26	70	79	25	39	58	55	54	23	54	0	34	78	19	73	35	28	37	87	60	33	32	33	20	69	53	16	15	24	71	51	45	22	5	23	23	28	49	49	61	70	79	36	69	79	84	43	68	61	62	3	69	30	56	3	8	70	35	88	80	80	81	25	35	20	34	57	3	61	13	61	73	47	17	40	30	41	32	83	70	49	84	48	53	22	56	26	6	46	11	11	67	54	59	30	89	16	53	86	26	23	39	79	11	43	31	24	87	51	34	25	29	79	13	35	82	81	17	14	11	85	72	25	60	35	88	52	8	9	52	15	13	19	31	5	37	57	33	62	55	19	2	26	39	45	5	66	70	33	29	43	11	5	14	58	48	13	79	11	59	71	41	24	44	37	69	22	64	77	14	60	20	23	17	5	6	50	68	28	5	40	2	24	10	58	34	6	36	68	30	74	64	28	2	10	23	60	57	27	79	5	64	18	68	71	71	40	89	67	22	13	63	17	10	35	5	62	16	35	10	26	16	61	13	43	27	65	30	5	84	20	80	17	76	14	15	46	74	34	24	14	23	15	68	38	53	69	64	15	59	65	57	57	30	41	72	38	16	86	67	40	51	79	62	23	52	41	28	51	18	70	76	68	87	27	1	18	34	38	12	5	58	74	76	53	78	24	67	78	53	65	26	74	50	24	20	11	81	10	15	78	75	62	53	31	10	45	44	37	41	26	17	22	19	72	69	28	56	86	74	79	46	5	8	0	64	22	34	71	57	7	53	17	57	85	49	88	62	70	6	85	67	19	83	56	17	37	33	55	44	49	1	32	71	81	0	10	2	76	17	11	70	16	64	56	54	50	44	43	63	80	63	70	6	19	27	15	44	69	39	40	51	80	22	15	36	7	82	88	38	88	47	11	21	41	28	12	65	35	42	89	5	76	31	80	46	12	7	77	11	64	7	72	54	81	44	35	33	56	76	50	81	54	21	67	2	74	39	46	68	33	39	20	52	62	86	14	89	8	28	44	88	16	8	43	59	55	56	82	52	43	54	67	32	48	43	73	4	13	76	68	70	45	23	13	32	23	44	52	37	75	86	20	6	9	47	49	60	86	60	57	87	42	26	56	65	74	2	33	19	38	63	82	71	67	88	76	27	43	73	3	62	35	79	77	27	45	20	80	47	70	46	46	38	64	64	87	80	34	73	29	38	55	69	64	47	84	34	10	29	34	79	37	67	62	4	25	46	20	14	44	21	9	0	40	87	87	89	61	79	13	82	49	63	56	8	27	6	15	53	0	30	71	58	78	58	59	43	50	69	19	26	21	57	78	26	37	36	24	72	83	53	6	8	3	77	37	48	42	30	12	35	30	22	60	6	2	12	22	87	52	89	42	50	9	63	81	12	35	75	47	19	35	83	5	34	67	6	80	4	19	21	2	66	15	13	2	9	11	27	34	50	21	0	84	75	88	32	29	46	25	6	61	22	22	81	14	60	61	87	1	54	44	61	60	52	27	69	71	47	78	5	7	10	53	81	41	8	77	55	80	32	85	19	61	63	19	38	9	89	55	68	63	13	19	67	84	87	71	18	73	42	31	28	9	54	32	44	87	31	54	32	56	58	42	88	47	54	30	35	83	19	49	22	79	49	23	17	75	61	49	32	9	73	39	88	50	86	62	78	52	43	26	47	41	28	58	35	88	75	54	66	59	17	39	31	45	76	61	0	34	68	40	14	47	44	2	6	18	13	43	69	4	33	65	8	30	21	50	46	14	39	82	48	11	7	25	4	43	74	35	16	31	6	42	44	8	34	16	42	21	11	47	26	27	3	71	80	15	42	88	9	82	15	12	46	25	58	77	25	77	54	15	57	67	50	52	33	66	39	63	9	29	68	80	21	41	32	58	2	89	69	89	20	14	9	15	70	11	75	22	3	41	88	17	33	53	26	62	63	35	63	59	87	52	1	50	55	24	27	0	18	50	26	35	65	75	7	16	12	47	56	31	12	21	89	22	18	67	3	69	36	88	4	75	80	76	74	29	38	68	72	1	56	88	71	22	52	88	15	77	62	43	86	10	51	17	45	27	4	12	75	62	34	33	30	29	86	13	14	23	45	77	66	35	0	9	30	41	73	45	19	34	23	76	70	33	24	17	42	32	89	61	50	33	65	59	55	0	89	28	87	22	82	53	21	18	39	78	69	88	12	23	17	39	66	51	88	22	20	21	76	17	76	38	14	77	15	54	67	68	0	35	11	16	36	64	0	39	68	17	6	64	67	16	4	9	13	66	45	43	31	17	44	88	57	18	53	4	72	27	62	51	79	27	53	2	5	22	13	78	85	9	7	49	40	27	57	25	43	3	35	18	48	5	42	38	23	84	73	73	48	48	36	37	49	80	27	62	72	11	41	52	83	40	85	42	15	48	84	83	49	58	37	13	73	71	65	52	56	60	62	14	25	36	75	8	82	16	12	21	47	33	89	41	63	22	41	39	72	66	87	2	25	30	57	40	89	20	3	32	66	21	24	4	85	67	85	67	6	9	20	41	13	66	53	43	7	39	49	39	41	84	48	35	67	12	0	83	6	33	40	64	37	58	37	25	40	53	46	10	75	45	23	38	61	30	28	40	15	78	17	24	84	4	59	6	71	86	25	48	86	16	81	58	67	69	7	0	78	61	61	22	11	44	34	84	1	9	3	38	61	41	29	1	23	83	28	78	36	68	56	17	66	43	34	85	50	63	20	85	3	13	26	11	2	74	39	87	6	71	54	27	72	21	83	40	21	62	32	86	43	40	80	76	14	36	58	60	75	9	64	15	77	74	20	49	25	47	27	45	76	46	14	5	25	12	75	58	77	7	66	2	86	88	84	45	19	61	75	57	46	17	53	49	30	66	47	52	86	47	2	46	24	18	36	53	16	8	3	45	13	19	38	13	66	16	74	10	81	32	65	88	52	64	57	7	34	65	5	2	80	76	42	80	12	63	40	77	31	85	49	89	89	76	32	20	80	15	29	37	3	39	32	39	77	61	88	66	89	72	78	84	7	21	62	39	57	86	15	68	68	74	14	83	29	1	38	19	16	72	50	48	65	62	61	5	31	4	36	28	89	75	66	20	47	74	40	27	45	87	48	24	30	41	83	31	3	64	50	2	61	89	37	35	70	11	52	65	4	66	85	70	34	75	63	77	4	32	71	34	67	61	43	33	0	79	62	22	13	64	74	55	26	70	67	76	18	70	0	31	70	60	42	20	14	66	57	57	66	85	53	50	23	84	79	77	66	2	39	38	41	12	89	87	85	81	54	81	80	44	73	87	49	72	85	39	13	34	52	56	30	39	80	65	12	68	63	80	41	82	16	78	7	72	8	81	48	43	75	46	78	16	5	45	23	5	29	35	31	70	28	72	82	76	50	77	10	7	79	16	16	27	65	56	81	67	1	41	89	33	38	45	77	72	62	74	73	40	50	5	60	80	87	86	35	2	50	2	18	75	34	63	63	28	8	37	69	65	70	48	35	51	28	82	3	32	51	81	21	67	46	31	10	57	29	16	53	81	74	84	34	78	7	47	4	61	15	35	59	77	25	3	49	85	32	58	19	64	60	66	46	87	21	20	45	85	39	23	54	45	21	67	51	26	0	49	9	47	88	33	53	5	
20	43	62	15	48	89	87	61	19	20	27	60	10	52	3	30	50	65	10	68	18	47	29	34	47	20	80	36	73	34	83	31	47	68	6	41	72	60	71	31	71	32	11	46	64	66	83	53	47	69	41	11	17	88	3	81	49	69	20	65	49	38	56	30	66	86	38	60	1	6	34	54	80	60	6	88	87	87	59	15	51	31	85	86	21	67	51	54	15	17	69	22	78	12	37	31	17	14	8	82	43	47	8	49	66	35	28	42	82	40	39	24	82	57	68	43	49	12	31	62	61	50	63	30	0	67	25	42	83	68	7	43	31	17	84	36	33	60	84	88	71	43	45	16	54	70	6	79	33	29	27	17	12	10	19	9	7	36	52	83	21	67	68	51	65	20	14	40	17	69	28	73	72	13	86	1	3	84	13	31	82	40	78	44	69	1	41	67	45	33	28	80	25	42	25	26	76	70	85	71	22	74	47	8	1	54	7	79	24	39	7	9	20	69	3	61	78	37	56	42	20	63	75	53	24	87	68	77	77	9	51	56	68	1	75	89	72	16	2	14	45	22	12	30	55	30	0	5	37	58	88	42	50	65	20	10	29	45	31	48	12	31	2	15	85	42	21	66	29	86	88	78	87	73	44	21	18	44	9	58	70	62	55	77	65	55	61	69	62	29	38	32	58	60	68	55	3	41	17	45	54	14	4	27	72	9	21	76	13	36	40	59	2	87	72	74	69	38	41	66	52	43	87	55	55	27	69	14	5	19	62	45	87	85	50	51	20	40	57	47	67	10	18	40	34	41	63	53	0	43	66	13	2	20	24	45	32	46	21	81	31	71	81	85	48	51	55	78	33	0	78	44	12	88	48	86	12	44	37	39	50	78	54	16	40	73	51	20	81	24	38	6	2	49	18	1	57	8	36	36	42	83	18	68	48	12	58	51	24	12	18	42	51	82	37	5	71	34	80	80	51	89	54	84	20	47	52	66	18	77	7	33	65	32	65	54	88	60	70	36	14	65	31	72	31	61	15	86	40	0	51	63	45	67	70	55	23	81	35	45	59	82	1	87	25	51	55	22	80	88	4	65	85	21	74	65	2	36	11	1	43	9	64	86	81	70	18	18	23	89	64	36	10	54	11	36	32	63	4	71	27	88	63	51	62	8	0	39	66	23	51	44	17	60	51	59	74	22	13	9	40	79	67	59	65	81	75	70	16	0	26	46	39	6	82	12	69	33	87	4	71	35	44	55	55	83	22	9	60	27	63	29	86	71	59	40	63	21	14	35	71	56	47	49	37	37	79	73	22	18	81	67	21	3	30	42	7	11	89	52	44	17	4	6	83	81	63	88	23	53	41	23	54	64	75	6	51	16	60	54	29	76	7	76	34	41	1	25	55	39	0	2	44	88	40	55	59	32	7	34	41	25	64	68	49	48	52	27	84	37	59	64	21	49	59	32	32	64	87	20	57	89	39	73	73	8	89	8	34	43	78	74	61	34	26	0	3	13	68	39	74	50	83	31	19	33	66	59	27	3	17	47	8	4	43	13	70	45	3	70	3	24	30	55	89	20	26	17	10	79	65	59	33	51	65	64	25	50	60	69	39	54	87	32	33	69	29	4	45	41	52	63	4	11	66	78	53	79	78	39	0	80	43	17	70	64	7	89	69	24	42	80	6	58	42	77	40	26	19	81	11	10	80	12	48	4	8	69	57	53	27	2	83	30	42	4	19	27	37	35	71	67	42	28	14	28	78	26	64	78	23	64	78	72	13	27	57	31	59	40	37	47	62	6	9	32	53	61	79	29	67	10	45	5	69	13	9	78	31	71	26	68	55	70	87	53	56	27	59	10	62	23	7	81	25	69	53	20	20	4	82	11	21	25	17	56	49	52	85	33	7	48	30	82	51	27	48	57	27	38	58	60	27	21	67	72	23	37	61	7	48	37	47	67	23	6	0	38	88	83	0	4	30	75	87	69	25	35	72	15	49	69	74	6	59	53	59	50	73	10	46	7	63	8	4	49	72	70	15	63	31	17	28	7	25	62	52	28	77	30	0	33	48	50	37	44	10	53	83	29	9	88	28	50	73	8	38	51	19	39	72	55	72	60	18	71	2	37	13	77	57	14	14	50	40	88	57	22	51	32	79	16	28	27	27	51	20	54	87	7	54	38	13	44	48	42	70	14	66	8	87	59	57	21	61	64	33	21	56	38	44	1	57	39	65	25	47	26	84	84	81	19	11	67	28	28	57	79	25	53	69	3	15	63	17	62	47	7	51	38	46	22	86	82	39	23	36	2	27	86	27	25	31	13	6	63	48	38	42	1	75	8	11	38	7	27	37	55	9	89	20	77	54	88	13	17	28	64	49	66	67	73	37	58	49	17	46	36	4	86	1	14	60	80	14	27	66	56	41	27	39	38	46	65	4	60	12	84	59	12	36	55	8	83	48	39	56	30	64	13	86	7	57	29	0	20	85	2	31	74	55	86	76	64	55	4	87	44	35	32	40	62	14	85	50	47	68	58	72	1	70	2	46	3	38	74	79	24	54	57	6	14	85	54	35	83	64	17	61	77	73	68	5	46	82	68	25	79	23	61	27	16	86	14	74	88	50	76	55	15	50	44	26	68	67	55	32	35	5	26	20	58	67	20	50	77	0	30	35	4	35	49	22	17	48	83	11	6	28	53	38	14	73	57	86	79	15	9	72	16	75	48	82	27	35	79	13	71	39	71	19	24	14	39	79	8	45	40	66	49	76	15	40	37	49	22	28	54	36	24	3	56	12	3	79	78	74	10	6	50	52	37	69	71	82	59	29	21	18	73	53	51	23	70	73	7	2	57	59	13	57	29	26	63	20	6	23	55	28	1	39	44	45	28	34	69	59	28	72	60	59	29	2	26	81	56	67	35	38	80	10	69	2	32	53	67	17	77	24	60	2	64	44	52	35	62	16	31	67	53	47	51	26	8	21	86	71	89	42	47	82	21	75	57	69	60	23	82	35	37	20	27	14	35	39	4	47	75	35	63	24	64	58	22	3	29	33	65	15	81	18	64	62	76	3	79	10	33	38	32	82	10	15	51	79	31	38	13	87	69	13	14	36	69	26	78	29	18	59	75	28	57	89	10	83	85	83	60	15	67	21	28	76	5	20	63	40	63	59	3	0	70	60	62	37	14	77	46	13	2	19	32	28	37	13	70	71	56	59	31	16	74	88	86	57	42	73	87	87	57	26	86	73	88	17	57	43	72	27	36	71	73	25	56	31	30	80	14	50	17	40	78	23	88	64	47	17	40	87	45	55	32	47	89	50	59	74	20	62	14	83	72	37	78	5	63	62	62	24	19	28	74	45	60	58	22	68	7	79	25	74	43	58	7	54	32	38	83	64	41	28	16	87	76	19	25	55	75	37	45	45	16	28	51	80	66	49	80	20	78	77	14	62	3	13	80	66	28	54	6	15	59	47	13	42	72	32	23	29	25	71	13	81	29	68	70	82	34	18	3	31	12	20	11	63	47	44	9	86	1	22	10	29	88	45	30	58	64	1	8	22	7	8	58	46	79	65	45	70	69	57	87	23	3	22	49	7	0	60	72	46	47	57	31	36	60	46	71	72	67	42	81	55	44	29	34	58	73	43	8	50	87	8	72	17	65	17	48	86	63	85	18	62	25	78	87	49	79	50	70	8	30	71	78	48	60	66	32	31	43	18	53	49	29	77	66	23	32	5	25	58	64	44	54	50	21	9	16	78	60	89	39	57	39	24	18	31	85	46	72	83	10	14	16	78	87	0	87	70	16	10	82	9	31	53	0	28	58	63	8	62	35	89	3	59	28	6	1	14	27	75	89	46	61	30	15	69	6	73	55	81	39	56	72	65	70	29	63	26	76	61	81	13	17	58	61	26	17	24	54	10	88	87	3	30	56	10	58	33	79	40	5	58	17	61	79	49	13	77	74	46	73	25	81	41	20	20	53	67	14	22	5	40	28	9	12	47	0	51	83	79	40	0	27	38	62	41	46	81	56	43	65	20	72	62	10	68	66	81	86	32	47	88	61	32	33	27	44	27	86	87	0	41	10	68	50	25	16	21	75	82	47	32	32	48	3	9	74	25	70	69	87	6	34	68	44	0	27	76	27	72	68	44	17	35	86	86	2	48	65	15	3	64	76	60	7	70	61	60	29	12	64	16	68	25	85	75	79	52	32	74	61	30	49	20	52	67	18	56	89	19	51	40	28	55	82	44	83	14	88	61	49	50	61	19	53	3	35	26	76	21	62	54	81	86	51	47	51	74	9	8	51	57	86	14	77	59	78	10	25	58	0	18	86	77	67	6	62	57	87	37	62	18	49	14	9	86	87	34	6	67	66	34	78	77	3	59	72	14	80	71	21	56	7	46	44	89	22	0	6	13	73	24	55	69	7	77	42	43	83	7	43	68	37	82	16	23	88	85	38	22	18	46	82	14	26	64	47	24	29	9	8	78	9	13	66	82	40	71	26	59	60	79	80	80	11	64	64	72	84	34	75	5	88	59	47	49	69	12	15	82	6	57	80	84	5	19	21	83	81	20	53	64	31	78	47	48	27	84	50	80	13	12	28	81	32	35	30	82	77	71	48	6	80	62	51	42	77	57	37	3	44	23	59	86	12	28	50	68	89	86	83	44	69	19	81	74	54	72	43	45	64	86	0	84	69	56	36	72	57	47	26	35	58	4	62	31	24	27	19	69	32	68	1	88	4	5	79	11	77	5	12	30	36	71	53	59	85	39	55	87	58	19	15	17	31	78	72	25	80	0	52	70	59	56	10	45	12	60	40	86	24	48	54	75	24	43	45	41	52	35	26	25	13	73	20	61	75	81	24	72	24	71	79	85	2	64	22	18	17	29	71	48	9	20	82	2	40	27	2	42	89	60	67	78	8	51	52	79	24	29	20	20	41	59	34	35	56	28	63	17	41	8	4	89	44	34	22	13	1	29	24	0	16	48	89	85	83	53	47	3	88	29	77	53	70	78	19	45	71	44	53	79	8	30	44	41	63	26	81	36	27	74	47	10	50	7	35	60	62	4	16	39	85	13	33	19	29	62	50	23	54	40	19	20	22	13	21	30	78	85	8	77	42	81	73	8	9	51	89	22	51	17	73	20	45	72	86	20	29	11	57	86	17	38	59	49	15	63	34	52	15	63	81	80	53	72	30	7	13	8	6	81	70	20	41	49	72	58	66	68	84	47	48	73	81	47	12	86	1	24	29	45	67	57	42	51	88	64	42	27	67	74	73	60	53	27	36	54	8	70	89	11	35	87	51	80	73	2	84	70	2	84	15	21	83	3	13	16	72	74	21	80	15	11	32	87	4	56	77	57	39	40	83	41	78	67	74	44	13	7	7	88	24	79	2	8	63	6	5	71	19	26	75	88	58	7	80	67	36	32	82	68	7	75	49	80	46	2	55	66	88	80	69	84	7	33	8	10	43	74	29	54	41	35	50	80	30	70	62	36	82	60	78	18	16	3	23	66	50	80	2	78	59	55	34	71	46	52	58	46	23	50	19	77	54	12	46	66	27	52	72	88	56	68	76	10	88	28	6	3	16	55	25	1	28	48	84	61	75	63	82	40	31	42	77	68	89	77	73	67	78	51	44	70	72	78	10	70	57	85	32	1	55	41	50	34	10	57	58	75	25	80	81	27	83	65	47	41	60	67	67	5	19	83	88	78	60	18	63	24	28	82	13	80	82	37	89	11	28	26	62	41	74	30	81	3	3	44	22	15	80	81	54	80	43	82	41	41	36	75	81	70	29	52	65	80	31	69	76	49	86	59	25	62	80	19	9	78	11	5	37	1	81	51	28	34	82	56	2	77	12	2	83	49	59	3	18	13	13	70	31	69	35	76	55	69	57	71	65	10	6	45	2	21	69	84	23	75	52	29	81	10	4	87	85	72	58	42	70	79	41	48	44	85	62	9	80	72	3	14	78	81	33	8	34	85	75	9	49	28	73	17	33	47	32	74	0	59	32	11	66	20	41	27	61	26	7	56	20	2	46	44	74	33	84	81	62	43	5	36	34	9	68	36	39	14	29	71	50	32	11	17	10	36	26	15	0	1	73	43	81	59	20	5	62	66	15	20	4	77	78	85	4	23	45	4	45	20	2	3	50	1	9	76	17	57	25	36	61	16	86	4	3	76	21	3	62	20	14	12	60	37	22	88	51	8	33	43	51	3	61	65	32	69	32	16	15	5	46	15	80	16	69	35	75	71	71	54	83	87	3	88	66	23	47	46	13	66	38	71	77	64	42	13	89	3	20	50	22	80	12	60	69	4	42	64	51	57	12	84	69	16	14	78	49	57	78	0	6	37	0	22	66	29	55	41	67	67	77	86	48	24	35	6	52	10	12	23	24	55	38	20	29	1	44	87	12	51	37	30	48	24	14	76	11	23	26	69	75	29	29	67	21	38	46	49	41	29	10	11	20	83	73	56	57	69	40	41	69	43	37	87	59	53	14	3	38	50	57	30	31	63	86	1	49	50	61	25	52	14	40	53	49	72	41	29	14	44	2	53	51	35	84	82	57	31	13	73	58	40	81	29	44	26	74	3	67	73	85	48	15	53	35	65	47	26	62	53	74	36	48	43	75	49	28	45	60	84	25	40	14	12	23	76	50	13	23	79	79	37	57	35	36	75	10	81	32	64	44	54	0	73	14	26	59	13	64	67	78	44	72	9	0	70	83	21	52	50	29	74	20	44	83	12	45	17	67	9	6	16	24	40	74	61	2	33	31	31	16	1	55	13	86	80	40	53	7	54	82	53	25	86	80	32	86	84	50	65	49	55	4	75	2	35	35	36	28	66	81	32	5	33	83	20	72	14	56	71	69	10	53	48	23	57	15	5	87	79	79	65	69	53	26	89	7	47	89	10	22	58	56	27	37	0	0	59	54	89	73	38	39	2	81	41	46	78	15	81	12	21	58	31	41	29	9	71	45	18	73	85	8	25	65	46	52	17	12	85	45	59	10	79	3	40	5	66	10	89	16	84	46	24	81	64	86	79	61	39	56	38	89	11	81	80	34	1	56	0	39	4	67	14	67	20	75	56	13	30	35	9	20	42	46	88	0	3	23	49	12	88	46	50	64	69	82	53	56	4	72	64	1	16	52	84	73	60	5	68	34	60	37	34	52	57	12	64	89	50	68	35	68	75	29	68	24	19	27	49	84	81	22	46	22	51	87	89	61	31	86	1	86	68	46	1	42	59	55	60	12	44	40	63	51	
31	40	30	32	34	39	35	33	30	32	34	35	39	20	24	39	33	21	33	21	31	20	28	24	35	29	29	33	20	22	31	40	40	20	30	26	27	36	38	35	39	32	28	23	31	35	36	35	23	24	21	35	30	27	23	36	29	28	39	40	27	22	22	25	40	33	34	31	39	40	21	31	26	32	22	32	31	40	30	37	26	33	34	40	29	22	23	39	26	32	39	20	31	40	40	34	35	28	27	28	32	39	38	29	21	29	25	27	20	34	34	29	33	34	26	28	30	26	38	26	29	23	34	26	24	37	20	23	33	22	33	36	28	38	38	20	20	38	36	28	21	23	23	27	20	33	31	28	40	32	23	32	32	33	37	25	23	22	31	20	35	24	37	28	33	23	38	27	24	22	33	35	36	22	39	36	36	24	20	33	35	40	20	20	38	29	24	36	28	20	34	39	28	38	29	36	38	20	39	28	27	32	20	40	21	36	20	35	20	39	37	33	23	40	39	27	26	35	27	39	34	40	35	37	29	39	23	28	36	38	36	22	22	31	22	30	38	33	24	37	29	25	27	37	38	30	30	25	25	28	39	32	23	31	32	28	38	23	22	37	20	26	23	37	34	34	24	30	22	36	26	37	36	35	28	29	20	39	40	25	37	24	20	24	21	23	36	27	22	36	24	20	36	22	30	25	35	25	25	29	33	35	30	32	30	21	32	38	26	28	32	28	36	40	20	26	26	20	32	24	31	24	35	21	26	28	35	25	27	27	34	39	36	40	30	30	26	31	35	22	24	37	24	34	30	38	36	39	38	31	38	28	40	25	32	30	23	20	36	31	24	29	37	39	25	40	27	31	31	30	24	36	34	40	29	35	40	26	37	22	36	38	25	24	20	30	40	20	20	21	31	29	22	28	33	21	23	32	37	27	34	32	29	30	24	40	23	32	21	31	29	28	23	31	40	31	30	40	29	40	39	35	39	26	22	33	31	35	32	31	40	31	21	36	29	33	30	27	32	23	36	40	23	24	36	21	31	38	28	25	32	39	26	37	38	34	26	36	30	22	37	30	31	29	23	35	21	29	34	25	27	30	30	23	24	37	33	38	38	35	39	36	26	40	23	31	24	34	27	23	37	34	29	28	32	23	26	36	23	34	20	29	26	24	40	30	24	23	31	23	25	37	26	35	30	20	34	26	30	38	34	33	32	20	22	30	21	38	40	24	22	33	33	37	34	40	26	25	20	25	22	27	37	21	22	31	21	36	31	40	20	25	22	20	30	22	23	20	26	40	22	35	40	37	20	31	35	21	38	37	31	23	30	33	25	39	40	28	39	24	28	20	26	36	32	31	22	40	21	26	22	21	32	25	22	21	22	32	21	36	34	28	34	36	29	37	34	23	26	30	32	38	29	39	34	23	31	39	25	37	31	25	22	36	35	30	40	32	28	20	37	38	25	28	26	28	40	35	28	33	30	38	27	38	27	22	32	35	36	20	38	29	34	40	22	38	33	27	39	28	32	36	25	32	31	27	20	37	37	31	34	38	35	22	22	30	23	31	40	34	40	34	38	20	37	26	30	24	20	40	36	22	36	23	27	40	21	36	29	37	36	33	26	40	38	33	28	21	34	38	22	30	37	20	24	20	28	22	34	31	40	35	23	30	26	39	32	26	29	37	35	24	37	39	26	21	30	20	30	30	39	21	23	35	36	30	26	33	37	30	33	22	37	39	26	28	34	37	24	30	29	39	23	25	23	39	37	40	32	26	39	38	34	24	36	28	33	26	22	25	23	40	26	39	21	25	34	24	23	23	24	26	23	24	32	25	28	34	35	40	32	34	32	23	33	28	31	21	34	26	27	30	30	25	22	40	28	33	26	31	38	34	21	40	27	32	33	38	39	36	28	40	30	40	28	31	37	38	38	37	28	37	34	27	23	32	37	38	31	23	40	28	39	36	33	39	33	37	23	23	33	33	26	21	30	27	33	38	21	21	22	20	29	30	37	36	33	37	30	20	32	27	34	23	33	35	39	34	31	35	29	33	28	21	35	23	37	33	37	34	20	36	23	29	33	22	27	30	33	34	38	20	25	26	33	35	30	34	23	26	36	30	33	28	35	25	37	40	21	25	30	26	22	24	39	40	33	23	29	29	29	29	33	30	25	39	21	36	24	33	37	28	34	38	27	27	20	20	25	28	37	28	27	29	36	24	40	23	38	27	26	25	20	29	38	37	21	39	23	32	30	33	39	28	28	28	32	31	33	23	31	23	39	25	29	26	20	38	30	33	36	26	33	26	25	31	28	33	33	24	39	31	30	26	39	37	39	24	29	25	28	37	24	31	40	38	22	27	20	26	21	27	36	22	38	24	33	40	36	31	37	30	24	25	37	31	29	40	28	30	24	23	39	23	39	25	23	37	25	35	21	21	32	36	37	25	32	31	38	37	20	31	40	21	30	35	25	38	22	40	23	33	28	23	40	34	37	37	30	39	28	39	32	32	27	35	35	32	21	36	34	25	31	20	36	25	23	32	38	21	28	34	27	31	33	21	21	24	24	35	36	33	37	38	20	21	38	39	31	31	25	30	36	35	40	37	35	35	33	24	28	38	23	23	32	27	23	28	29	31	32	22	33	29	21	36	27	34	22	21	34	40	40	26	33	35	38	22	23	29	39	37	39	32	23	34	20	38	24	37	38	30	25	29	25	37	20	22	28	31	38	35	25	27	36	24	39	30	38	35	23	21	24	37	23	32	30	39	35	38	34	36	38	38	22	33	38	32	40	36	24	35	22	25	23	23	20	32	21	27	36	21	29	39	22	37	24	28	20	30	22	25	22	28	21	30	34	40	29	31	29	22	37	30	27	40	27	25	22	33	30	40	31	35	22	26	37	30	37	23	35	28	23	23	27	35	24	39	37	38	37	38	27	28	34	33	25	24	22	27	20	37	31	34	35	35	38	40	32	30	33	27	38	34	20	20	28	24	21	37	31	38	32	28	32	27	24	32	20	40	31	34	21	27	34	27	31	20	37	26	33	35	36	30	40	25	28	33	30	27	33	22	21	29	40	39	21	26	34	39	37	29	26	21	34	40	25	37	40	26	34	32	37	32	27	27	38	36	21	31	23	37	35	26	31	35	31	25	34	29	26	34	25	35	24	27	29	31	35	32	29	31	23	39	23	21	34	21	32	25	20	25	26	34	35	23	33	37	31	32	40	38	34	30	32	23	34	25	20	37	28	36	27	35	27	37	29	36	38	39	40	35	20	31	37	24	33	38	30	33	31	27	32	30	20	34	27	26	21	20	40	20	29	30	22	30	27	28	26	35	33	39	38	35	23	24	32	26	40	38	36	25	36	27	34	28	27	30	37	25	20	34	22	24	31	40	34	37	30	31	39	31	29	24	39	39	24	28	24	36	35	27	33	32	29	23	23	31	40	35	32	24	30	25	28	35	36	26	28	27	38	32	26	24	33	21	27	21	36	33	26	23	39	22	27	40	23	37	27	22	21	24	29	39	20	34	28	37	38	27	26	37	32	24	38	22	27	38	20	20	20	29	20	22	29	40	29	34	22	39	21	32	34	27	27	32	29	24	26	38	39	25	23	22	27	35	33	22	24	23	39	32	20	25	25	21	31	35	24	29	39	38	30	38	22	23	24	34	29	21	34	30	33	22	28	24	38	29	37	28	40	21	23	39	23	38	33	23	28	32	23	31	36	38	26	26	39	32	39	28	29	32	38	25	35	36	33	38	25	34	39	35	22	35	35	21	37	21	20	37	25	39	32	25	26	35	28	32	35	30	21	21	38	33	26	33	33	22	29	40	24	35	39	23	40	26	30	28	28	22	20	35	20	20	20	33	26	38	39	31	27	21	24	28	21	28	26	24	28	37	20	38	37	39	33	21	33	39	21	23	40	36	23	36	34	20	27	40	36	30	23	20	29	30	31	35	29	35	29	40	29	24	34	24	37	39	21	34	37	30	39	28	26	30	35	20	33	40	29	32	31	36	20	31	29	37	27	26	29	27	31	31	38	40	38	40	39	29	20	36	33	20	21	20	36	36	37	22	33	29	26	36	40	23	28	37	36	33	23	21	30	22	31	39	20	40	40	23	32	20	22	24	24	23	27	21	36	23	24	40	29	38	23	38	22	37	24	28	29	36	25	22	39	24	27	22	32	21	36	36	23	27	39	35	36	39	33	23	20	36	27	25	34	29	23	31	27	24	40	22	25	32	24	28	36	22	39	34	29	40	31	21	27	22	34	32	22	37	39	26	20	21	36	28	38	40	32	35	30	38	27	23	25	26	24	30	38	39	21	22	31	40	37	36	33	26	25	36	21	28	34	31	20	24	36	31	36	38	27	22	23	38	22	38	22	35	29	30	25	22	35	32	39	28	32	36	27	29	38	26	32	35	23	28	23	40	24	30	33	35	40	28	31	36	39	32	20	34	32	27	33	26	30	22	36	30	20	37	40	21	31	23	36	27	27	26	23	25	21	23	20	39	35	22	25	20	34	24	25	27	23	34	21	37	31	21	36	22	26	23	37	38	34	20	35	36	35	30	23	37	37	37	23	35	31	27	30	36	39	24	25	23	22	37	27	39	29	21	20	40	37	23	33	23	26	36	31	28	32	20	23	38	36	31	32	39	39	20	38	38	31	36	37	27	25	35	23	20	31	26	24	40	33	29	38	33	24	22	32	22	28	36	31	23	29	27	34	39	36	36	31	35	30	25	32	33	31	30	40	40	33	20	21	24	22	20	25	24	36	28	30	21	23	37	28	24	21	28	29	26	20	21	38	39	32	27	35	25	30	39	34	25	39	33	26	31	21	30	30	40	21	25	36	33	22	36	38	31	38	22	20	22	39	20	25	38	36	32	39	25	28	30	38	27	22	26	27	29	21	25	26	21	37	34	23	22	35	33	32	24	30	23	23	39	20	22	30	28	40	37	37	24	23	36	24	22	33	38	20	20	29	30	23	27	23	26	35	25	33	29	26	36	29	29	30	31	23	30	24	34	21	38	20	31	27	23	35	25	29	35	40	23	20	26	28	40	26	35	29	24	29	22	22	20	33	20	24	28	27	20	24	31	40	21	28	30	36	37	25	20	29	37	39	40	28	20	35	33	25	35	23	30	33	39	35	29	39	31	39	21	21	37	38	36	32	30	36	36	36	38	29	24	32	38	40	39	28	25	33	20	37	31	32	38	37	25	39	24	26	39	36	31	40	20	33	24	29	34	32	33	38	33	28	34	34	37	37	25	20	33	37	37	33	36	21	30	33	22	21	22	33	24	31	30	24	30	30	20	29	27	29	22	27	26	23	23	34	26	32	34	29	23	20	24	30	25	22	25	36	36	31	26	29	21	37	26	21	27	25	33	38	36	31	36	28	40	23	30	23	26	40	35	25	37	39	20	36	22	40	39	28	39	29	39	20	28	36	36	21	35	39	39	33	21	39	29	32	40	29	38	26	24	20	38	28	25	33	28	39	20	23	25	32	29	31	38	25	25	23	30	30	30	26	27	38	28	25	31	30	39	35	23	34	37	31	32	26	37	25	29	26	35	20	23	24	22	37	24	33	26	40	30	25	36	20	20	25	22	27	34	33	20	29	34	33	20	24	22	35	36	22	21	28	30	33	36	33	32	21	21	31	29	40	27	30	33	33	30	26	31	24	37	26	22	20	34	32	27	22	23	35	30	34	40	34	39	22	38	27	28	27	27	21	35	26	22	38	22	28	24	39	27	33	32	28	36	22	20	30	29	40	25	34	32	26	29	39	36	23	27	24	32	21	37	38	37	32	27	39	35	30	40	20	38	26	36	38	32	24	36	34	34	38	30	28	21	21	38	31	26	22	39	24	23	32	34	38	20	33	38	31	40	31	27	30	29	33	37	23	33	32	29	32	26	31	22	38	39	21	28	31	30	38	30	32	35	34	27	23	32	29	29	20	40	35	28	25	25	21	39	32	38	37	24	23	33	21	32	23	28	33	39	27	40	34	24	29	27	29	40	22	32	36	32	30	24	34	26	38	36	25	38	34	26	24	39	39	36	35	33	27	25	25	31	27	22	26	29	23	26	38	29	40	39	36	37	24	24	32	25	39	31	20	31	27	22	37	39	32	39	22	31	25	35	33	28	27	40	37	30	32	30	35	31	38	33	21	32	36	29	34	26	24	33	20	33	39	23	27	37	32	21	38	28	29	37	30	27	40	26	27	35	32	34	36	21	22	36	28	21	37	34	31	28	36	20	20	28	37	33	40	29	30	32	35	26	31	31	31	23	29	26	24	34	36	22	27	23	23	38	39	34	30	36	28	32	28	25	37	33	20	22	27	38	33	22	28	30	27	38	25	34	25	37	38	25	28	32	40	27	28	32	33	33	21	25	37	21	35	21	35	36	28	29	24	40	29	24	27	21	38	29	32	21	28	25	34	29	27	38	38	36	34	27	27	35	21	37	29	33	34	22	23	28	38	37	40	37	25	27	39	39	39	25	28	36	21	24	22	23	22	28	32	33	31	26	26	36	28	36	34	30	28	27	31	40	27	33	21	21	20	35	23	28	29	39	20	27	38	21	31	31	34	36	29	40	25	25	28	40	27	29	39	34	31	29	26	24	36	21	23	33	36	35	25	35	20	37	31	38	33	21	40	35	39	29	40	39	26	30	33	34	29	22	40	23	25	35	35	27	32	32	22	23	25	27	30	36	24	32	26	38	27	32	23	30	21	31	28	36	34	39	28	37	40	29	29	40	24	23	28	37	22	36	29	29	28	37	40	33	38	37	23	29	37	25	24	22	35	30	30	26	25	32	21	39	21	30	31	26	39	34	31	24	25	24	22	40	25	31	36	37	40	31	21	38	34	21	37	40	28	39	35	26	26	23	23	28	20	23	38	40	39	28	27	31	31	27	36	24	23	21	33	21	35	34	30	22	31	33	22	24	34	37	38	23	40	39	26	34	35	23	33	23	30	37	30	28	26	23	36	25	28	30	25	40	40	27	36	37	30	20	36	27	24	25	31	31	30	23	26	35	30	28	29	26	31	29	20	25	32	38	31	34	23	36	35	33	20	22	28	27	39	22	39	39	29	27	38	37	38	26	36	24	21	40	22	32	32	21	35	24	22	37	30	40	33	31	22	23	29	27	34	40	25	32	39	39	33	39	24	24	40	38	25	21	29	28	33	29	39	28	33	22	36	35	21	37	36	36	37	37	21	39	22	29	38	37	36	28	36	24	21	22	34	31	35	27	38	28	24	29	21	23	
23	21	20	17	48	47	26	16	15	11	34	18	19	23	10	33	41	33	12	44	13	31	38	27	35	27	29	44	26	18	10	34	24	34	11	49	42	48	13	17	22	35	39	30	24	34	28	28	31	29	42	17	34	37	22	11	29	33	27	45	26	14	32	47	23	22	21	17	10	11	41	38	40	18	36	17	29	24	43	31	10	42	22	43	43	13	34	33	15	42	40	14	33	47	16	29	34	12	36	33	46	44	13	17	31	28	21	15	16	28	18	21	31	18	22	21	36	13	31	14	46	48	45	30	18	31	23	16	35	17	11	26	40	36	50	47	47	47	22	37	36	50	24	28	15	44	36	11	24	32	40	16	44	14	40	13	43	18	49	30	22	22	15	26	43	16	46	34	11	18	17	19	43	44	38	29	15	31	11	24	27	15	48	34	19	16	10	33	28	36	49	31	46	42	26	42	50	36	49	39	25	37	11	32	27	13	14	27	43	35	49	15	50	16	42	21	16	19	35	28	19	49	43	15	39	21	48	45	41	11	26	31	10	40	32	47	21	36	23	19	20	40	30	29	22	30	27	25	16	49	50	18	36	50	25	45	11	13	20	41	28	25	25	32	10	40	17	41	39	34	19	25	40	11	24	44	27	20	13	37	20	45	12	14	41	12	33	48	17	45	19	24	23	25	22	29	45	41	44	36	50	43	29	47	33	32	10	16	38	22	46	23	32	27	30	45	46	45	36	37	17	48	23	30	20	13	15	42	47	39	18	50	26	26	33	41	11	49	32	28	24	40	22	27	41	48	17	49	13	28	39	17	25	49	37	30	41	36	39	41	50	18	17	32	12	18	26	18	18	35	19	29	40	19	19	26	33	20	35	37	45	39	30	21	42	20	38	44	14	15	23	14	34	42	19	32	27	25	45	48	34	24	18	29	15	13	24	50	36	22	28	38	22	41	35	48	18	29	24	11	16	17	23	13	42	15	21	31	34	32	35	11	12	13	14	16	24	26	24	29	13	25	44	31	38	39	42	25	19	39	13	31	36	16	47	16	47	14	17	47	37	20	17	25	14	45	36	50	49	35	47	31	49	14	19	35	13	17	38	15	24	13	10	43	36	37	11	13	28	11	18	29	14	48	27	20	43	44	31	21	19	21	48	28	34	36	30	22	11	30	19	37	47	28	25	35	19	45	23	23	11	43	38	18	43	46	19	16	29	35	25	39	27	11	14	47	19	44	16	11	25	24	14	37	16	38	31	18	38	10	40	16	34	12	46	13	29	20	14	33	25	32	15	41	28	50	14	18	17	50	12	31	44	10	17	19	18	14	37	13	33	34	38	12	43	23	38	14	17	28	48	18	43	22	30	40	42	10	35	12	41	42	48	20	12	25	39	20	13	26	41	29	37	46	24	40	17	21	42	20	43	10	26	14	36	16	14	23	39	28	32	29	42	23	36	39	50	24	44	50	24	36	29	23	22	43	47	29	50	42	13	40	12	43	25	18	34	43	37	42	24	38	33	35	10	28	38	49	20	50	28	49	20	48	38	47	41	27	32	39	22	50	20	14	11	30	25	41	40	32	14	43	48	22	16	24	21	22	17	15	16	17	43	35	47	16	46	40	33	36	46	19	26	47	50	33	41	27	12	13	16	21	44	39	34	48	27	32	15	40	23	21	18	11	42	30	24	17	17	20	33	32	27	20	35	38	49	14	42	28	22	11	15	35	10	17	43	38	12	30	34	12	22	46	37	28	22	12	15	14	42	49	12	50	22	21	19	41	45	48	50	28	12	47	49	15	14	29	45	28	31	48	41	40	31	37	28	29	11	41	30	11	46	24	33	46	48	10	13	37	44	34	11	40	41	18	48	30	50	21	36	22	38	45	25	22	48	14	11	10	37	25	24	35	15	48	47	31	21	39	46	21	13	22	35	40	22	26	15	32	15	47	36	24	31	20	13	25	18	20	30	49	15	46	16	17	50	16	35	34	40	46	32	21	31	11	36	11	17	50	12	36	29	12	15	20	28	32	33	46	18	20	24	34	35	12	20	34	33	31	41	16	30	50	32	48	12	10	41	20	30	28	33	26	36	50	10	14	16	43	39	15	28	48	28	43	30	24	37	49	24	22	36	15	49	41	49	16	16	32	22	30	39	21	17	48	33	25	50	19	41	10	11	49	42	19	13	22	10	19	40	48	50	28	32	42	45	29	12	11	39	31	48	36	39	49	49	25	49	32	46	12	31	24	44	13	40	35	41	32	22	28	39	34	27	49	32	44	21	34	49	28	36	11	24	50	19	10	18	32	19	49	21	47	32	24	48	10	25	25	42	10	42	10	39	22	32	42	49	23	30	35	16	21	17	40	10	10	38	45	18	34	31	23	50	46	31	31	45	25	27	50	42	10	26	37	50	38	34	50	20	17	25	11	39	36	37	17	19	19	18	11	20	24	23	46	30	36	15	22	48	14	23	16	38	28	43	46	45	36	38	21	22	38	44	32	48	25	24	42	14	13	21	42	27	40	30	17	16	21	44	27	49	30	49	48	17	16	39	47	34	29	31	14	35	21	34	17	45	34	15	14	14	14	10	12	11	43	31	46	18	46	41	17	38	26	12	29	49	29	43	39	22	12	40	41	21	31	12	47	12	26	38	24	15	48	36	46	14	38	32	20	32	24	34	10	18	31	29	34	46	13	49	32	19	21	13	17	24	11	26	50	33	37	48	21	36	30	12	50	17	21	50	43	37	41	42	19	25	16	39	19	29	11	45	36	39	19	18	26	33	49	11	46	29	21	33	23	40	13	18	44	32	35	32	11	44	10	20	39	46	25	36	36	42	28	50	41	10	42	10	16	34	24	47	14	20	24	19	11	40	33	40	48	12	27	16	35	49	17	46	41	44	37	18	23	15	19	37	24	19	12	17	46	14	47	37	15	20	39	35	44	46	44	14	42	19	49	37	43	40	49	16	14	31	41	35	50	33	18	49	48	35	38	26	46	18	47	43	28	22	30	27	12	21	40	29	35	15	16	24	16	10	35	49	40	11	45	50	37	35	30	16	41	31	19	32	45	49	12	27	32	47	42	32	24	28	36	21	16	21	44	24	23	23	21	41	26	26	32	11	22	23	50	31	40	18	23	15	23	37	36	19	46	24	20	37	10	27	17	26	46	31	15	22	25	40	25	38	34	25	28	26	16	11	10	17	49	30	44	11	39	44	22	45	10	31	10	29	50	23	37	24	22	34	16	47	18	31	28	27	41	43	36	11	48	10	17	34	13	17	15	48	23	23	26	43	25	15	23	45	21	35	41	19	37	15	40	46	15	10	25	27	27	20	21	16	38	14	26	38	27	21	44	40	45	37	41	19	29	11	37	22	27	26	32	30	38	45	43	45	35	20	43	34	13	39	18	13	24	12	10	14	37	38	21	38	35	46	23	31	42	40	24	38	22	50	16	11	45	36	18	41	16	31	13	34	17	22	21	23	49	48	44	32	21	14	14	14	29	22	47	45	43	22	29	39	42	35	28	24	37	50	21	22	18	16	12	16	20	32	36	22	28	43	42	47	42	36	27	30	21	18	46	28	11	44	38	12	50	27	31	32	26	49	45	14	31	17	35	16	40	29	25	17	13	50	18	37	27	32	23	31	17	37	45	19	47	44	24	36	50	36	11	44	30	45	13	14	15	16	45	21	48	26	15	34	24	49	29	40	48	48	29	13	11	50	18	12	50	34	12	14	28	34	30	35	47	50	35	42	49	15	46	18	42	35	18	21	40	33	48	41	33	12	26	36	48	37	31	28	30	16	48	16	38	34	26	14	38	35	31	10	11	25	24	44	22	19	31	46	40	16	38	37	10	20	32	14	49	25	49	29	16	36	13	29	16	37	11	17	32	44	48	29	23	10	33	27	27	29	48	13	44	18	27	47	42	41	19	15	34	10	43	27	37	32	25	49	43	16	21	33	40	39	38	46	13	22	27	22	19	46	31	43	31	42	17	26	16	39	14	37	32	19	30	25	13	48	47	13	28	22	10	16	41	50	15	14	32	31	42	48	25	23	27	39	21	50	13	12	42	24	39	25	23	32	16	11	46	22	25	40	20	18	22	26	32	30	39	44	38	10	41	10	16	14	21	31	34	22	20	13	10	10	29	39	16	20	12	46	50	32	20	44	10	26	22	17	15	32	39	33	32	11	19	18	31	29	25	45	49	43	22	35	29	39	40	34	32	27	15	10	29	48	10	44	38	38	36	28	11	27	12	25	11	36	30	27	29	40	36	38	45	43	24	24	39	11	16	47	18	33	50	47	11	50	49	27	40	45	36	36	47	18	42	49	17	49	10	24	40	18	39	28	42	25	31	40	41	50	11	23	36	33	50	19	16	31	50	39	29	30	17	27	12	26	44	43	49	38	14	37	44	49	14	19	19	10	36	48	40	38	20	24	45	37	49	15	23	14	49	49	23	24	23	40	17	13	20	42	26	28	44	21	50	20	31	32	37	32	44	33	40	35	38	45	43	26	12	43	43	10	19	21	12	31	42	29	32	32	48	34	18	10	46	36	48	26	43	11	34	41	50	15	18	46	37	41	50	44	47	19	23	22	26	25	46	20	45	13	45	45	42	16	44	26	33	37	15	39	21	36	21	30	50	31	37	40	35	31	37	12	43	19	23	21	34	46	33	37	18	19	26	32	45	46	44	40	32	11	13	10	44	11	27	20	14	36	11	31	13	10	22	33	38	32	15	50	38	22	23	10	15	45	45	37	31	39	37	22	47	36	13	11	15	45	40	46	11	41	14	20	30	49	35	28	34	43	27	50	10	40	38	34	30	36	31	31	16	33	43	33	41	49	42	36	37	13	21	47	46	17	45	21	26	20	46	10	19	40	38	14	19	46	23	40	19	28	46	17	47	36	31	28	50	46	30	25	48	14	40	35	39	16	31	44	28	15	35	30	45	11	18	13	17	18	32	29	17	33	35	48	12	22	32	27	37	14	48	20	28	14	26	13	27	34	44	21	31	48	20	10	27	41	37	40	27	34	42	14	37	23	10	22	21	43	24	41	38	30	32	34	35	21	17	25	46	27	12	35	48	47	31	44	40	19	24	27	26	49	34	49	33	16	32	15	47	11	27	25	16	33	35	38	43	42	15	18	28	12	36	18	32	16	38	21	49	21	49	35	18	41	35	12	40	42	48	39	33	37	19	40	48	18	46	36	46	13	49	29	30	36	24	22	12	49	20	35	47	36	49	17	48	38	17	49	23	46	28	33	17	36	13	47	47	45	33	38	47	11	48	28	34	27	27	17	50	36	48	48	40	17	37	34	39	45	39	38	49	24	33	32	10	34	37	28	26	37	27	16	43	25	50	27	27	22	23	49	50	37	49	32	22	35	32	50	16	40	41	24	17	44	10	25	18	19	28	17	12	13	37	14	28	49	16	29	11	18	34	46	48	30	35	38	46	34	31	26	34	11	50	29	36	13	43	38	16	20	40	34	50	19	11	13	46	22	16	14	32	41	46	13	16	20	12	29	50	12	27	33	38	34	38	22	18	40	48	19	27	22	19	11	12	24	43	14	21	21	20	26	36	38	31	10	22	34	15	26	13	27	17	24	41	15	23	40	19	38	43	12	29	22	26	31	34	24	37	21	29	32	16	36	34	37	49	10	29	11	30	32	37	26	21	10	29	23	26	20	24	37	31	20	42	49	30	17	20	47	46	24	32	44	24	47	22	25	37	46	41	28	46	50	10	15	49	46	16	45	27	48	37	23	50	23	13	15	21	30	15	16	18	47	18	42	14	38	36	40	26	18	12	40	24	19	20	11	41	20	36	36	44	14	21	24	29	15	26	13	18	40	23	23	44	39	40	33	15	46	40	26	16	18	28	25	44	25	10	12	25	17	35	24	17	19	11	26	29	26	37	17	32	11	31	23	31	35	10	25	47	18	27	21	47	42	43	20	33	37	36	35	12	48	35	28	14	18	13	36	29	50	16	35	50	27	50	44	32	48	48	16	39	30	43	35	47	36	11	11	12	27	41	37	31	36	13	21	39	21	12	31	49	17	23	23	44	26	35	41	24	15	34	42	20	12	43	32	35	37	17	28	42	39	31	44	11	10	23	45	46	41	30	29	27	21	31	19	42	13	31	42	38	22	12	48	42	17	29	50	33	14	26	25	21	44	50	13	13	46	29	32	48	50	44	46	34	33	33	40	14	49	24	34	42	40	11	14	11	16	47	15	27	31	32	21	49	22	10	11	24	32	15	33	13	17	16	50	29	24	44	42	29	45	18	13	16	23	43	16	20	12	43	47	21	39	30	12	24	40	40	18	16	14	27	12	22	29	43	36	10	29	39	13	27	15	26	30	31	40	20	11	15	17	19	19	43	20	33	35	48	15	42	28	49	12	19	30	43	23	28	34	29	37	32	20	18	20	25	17	46	13	21	25	50	10	21	41	39	25	18	26	19	12	40	38	29	38	45	40	48	26	16	30	15	42	28	19	21	21	37	25	27	37	49	38	30	28	12	19	13	50	48	15	37	12	50	36	40	45	18	21	32	37	10	20	47	24	11	39	26	23	48	18	50	22	16	45	48	41	11	29	43	32	27	38	41	18	46	39	38	12	48	19	40	39	39	40	13	28	28	15	43	45	21	14	28	40	10	41	42	20	47	41	48	26	50	50	10	10	21	45	43	26	23	21	26	22	33	20	47	14	40	35	19	10	33	11	14	12	25	47	41	27	48	28	27	33	12	20	46	32	22	48	15	25	21	46	35	22	28	37	23	45	44	37	46	43	38	36	29	24	23	16	24	47	37	41	21	26	49	44	38	14	34	28	35	44	37	40	12	17	19	13	35	10	33	15	23	50	49	35	50	13	42	19	43	28	48	45	20	47	42	49	22	42	28	20	31	30	43	49	20	12	50	42	10	35	21	39	19	27	20	36	25	15	44	42	36	23	27	16	11	37	27	33	42	44	42	13	23	11	26	19	36	17	36	37	28	41	36	15	13	17	28	35	48	19	33	30	23	17	38	33	36	38	39	23	13	42	37	33	40	16	29	10	41	36	30	26	50	49	48	10	47	49	36	19	14	11	35	31	33	49	15	42	44	23	43	15	20	30	42	37	43	39	48	50	12	50	50	45	32	30	45	21	38	37	39	48	27	19	15	12	36	30	13	30	12	44	33	37	49	20	27	42	29	18	46	21	44	19	27	33	17	19	29	35	37	42	32	13	23	47	17	12	20	47	27	26	44	21	45	35	30	
0.5
80
