3204
90
0	0	0	0	0	0	0	0	0	0	0	0	0	0	0	0	0	0	0	0	0	0	0	0	0	0	0	0	0	0	0	0	0	0	0	0	0	0	0	500	0	0	0	500	0	0	0	0	0	0	0	0	0	0	0	0	0	0	0	0	0	0	96	0	0	0	0	0	0	0	0	0	0	0	0	0	0	0	192	0	0	0	0	0	0	0	0	0	0	0	
0	0	0	0	0	0	0	0	0	0	0	0	0	192	0	0	0	0	0	0	0	0	0	0	0	0	0	0	0	0	0	0	0	0	0	0	0	0	192	0	0	0	0	0	0	0	0	0	0	0	0	0	0	0	0	0	0	0	0	0	0	0	0	0	0	0	0	0	0	0	48	0	0	0	0	0	0	0	0	0	0	0	0	0	0	0	0	0	0	0	
0	0	0	0	0	0	0	0	0	0	0	0	0	0	0	0	0	0	0	0	0	0	0	0	0	0	0	0	96	0	0	0	0	0	0	0	0	0	0	0	500	0	0	0	0	0	0	0	0	0	0	0	0	0	0	0	0	0	96	0	0	0	0	500	0	0	0	0	0	0	0	0	0	0	0	0	0	0	0	0	0	0	0	0	0	0	0	0	0	0	
0	0	0	0	96	0	0	0	0	0	0	0	0	0	0	0	0	0	0	0	0	0	0	0	0	0	0	0	0	0	0	0	0	0	0	0	0	0	0	0	0	0	0	0	0	0	500	0	0	0	0	0	0	96	0	0	0	0	0	0	0	0	0	0	0	0	192	0	0	0	0	0	0	0	0	0	0	0	0	0	0	0	96	0	0	0	0	0	0	0	
0	0	0	96	0	0	0	0	0	0	0	0	0	0	0	0	0	0	0	0	0	0	0	0	0	0	0	0	0	0	0	0	0	0	0	0	0	0	0	0	0	0	0	0	0	0	500	0	0	0	0	0	0	0	0	0	0	0	0	0	0	0	0	0	0	0	500	0	0	0	0	0	0	0	0	0	0	0	0	0	0	0	0	0	0	0	0	0	0	0	
0	0	0	0	0	0	0	0	0	500	0	0	0	0	0	0	0	0	0	0	0	0	0	0	0	0	0	0	0	0	0	0	0	0	0	0	0	0	0	0	0	0	0	0	0	0	0	0	0	0	0	0	0	0	0	0	0	0	0	0	0	0	0	0	0	0	0	0	0	0	0	0	500	0	0	0	0	0	0	0	0	0	0	0	0	0	0	0	0	0	
0	0	0	0	0	0	0	0	0	0	0	0	500	0	0	0	0	0	0	0	0	0	0	0	0	0	0	0	0	0	0	0	0	0	0	0	0	0	0	0	0	0	0	0	0	0	0	0	0	0	0	0	0	0	0	0	0	0	0	0	0	0	0	0	0	0	0	0	0	0	0	0	0	0	0	0	0	0	0	0	0	0	0	0	0	0	0	0	48	0	
0	0	0	0	0	0	0	0	0	0	0	0	0	0	0	0	0	0	0	0	0	0	0	0	0	0	0	0	0	0	0	0	0	0	0	96	0	500	0	0	0	0	0	0	0	0	0	0	0	0	0	0	0	0	0	0	0	0	0	0	0	0	0	0	0	0	0	0	0	0	0	0	0	0	0	0	0	48	0	0	0	0	0	0	0	0	0	0	0	0	
0	0	0	0	0	0	0	0	0	0	0	0	0	0	0	0	0	48	0	0	0	0	0	0	0	0	0	0	0	0	0	0	0	0	0	0	0	0	0	0	0	0	0	0	0	0	0	0	0	0	0	0	0	0	0	0	0	0	0	0	0	48	0	0	0	0	0	0	0	0	0	0	0	0	0	0	0	0	0	0	0	0	0	0	0	0	0	0	0	0	
0	0	0	0	0	500	0	0	0	0	0	0	0	0	0	0	0	0	0	0	0	0	0	0	0	0	0	0	0	0	0	0	0	0	0	0	0	0	0	0	0	0	0	0	0	0	0	0	0	0	0	0	0	0	0	0	0	0	0	0	0	0	0	0	0	0	0	0	0	0	0	0	96	0	0	0	0	0	0	0	0	0	0	0	0	0	0	0	0	0	
0	0	0	0	0	0	0	0	0	0	0	0	0	0	0	0	0	0	0	0	0	0	500	0	0	0	0	500	0	0	0	0	0	0	0	0	0	0	0	0	0	0	0	0	0	0	0	0	0	0	0	0	0	0	0	0	0	0	0	0	0	0	0	0	0	0	0	0	0	0	0	0	0	0	0	0	0	0	0	0	0	0	0	0	0	0	0	0	0	0	
0	0	0	0	0	0	0	0	0	0	0	0	0	0	0	0	0	0	0	0	0	0	0	0	0	0	0	0	0	0	0	0	0	0	0	0	0	0	0	0	0	0	0	0	500	0	0	0	0	0	0	0	0	0	0	0	0	0	0	0	0	0	0	0	0	0	0	0	0	0	0	48	0	0	0	500	0	0	0	0	0	0	0	0	0	0	0	0	0	0	
0	0	0	0	0	0	500	0	0	0	0	0	0	0	0	0	0	0	0	0	0	0	0	0	0	0	0	0	0	0	0	0	0	0	0	0	0	0	0	0	0	0	0	0	0	48	0	0	0	0	0	0	0	0	0	0	0	0	0	0	0	0	0	0	0	0	0	0	0	0	0	0	0	0	96	0	0	0	0	0	0	0	0	0	0	0	0	0	96	500	
0	192	0	0	0	0	0	0	0	0	0	0	0	0	0	0	0	0	0	0	0	0	0	0	0	0	0	0	0	0	0	0	0	0	0	0	0	0	0	0	0	0	0	0	0	0	0	0	0	0	0	0	0	0	0	0	0	0	0	0	0	0	0	0	0	0	0	0	0	0	48	0	0	0	0	0	0	0	0	0	0	0	0	0	0	0	0	0	0	0	
0	0	0	0	0	0	0	0	0	0	0	0	0	0	0	0	0	500	0	0	0	0	0	0	0	0	192	0	0	0	48	0	0	0	0	0	0	0	0	0	0	0	0	0	0	0	0	0	0	0	96	0	0	0	0	0	0	0	0	0	0	0	0	0	0	0	0	0	0	0	0	0	0	0	0	0	0	0	0	0	0	0	0	0	0	0	0	0	0	0	
0	0	0	0	0	0	0	0	0	0	0	0	0	0	0	0	0	0	0	0	0	0	0	0	0	0	0	0	0	0	0	0	192	0	0	0	0	0	0	0	0	0	0	0	0	0	0	0	0	0	0	0	0	0	0	0	0	0	0	0	0	0	0	0	0	0	0	0	0	0	0	0	0	0	0	0	0	0	0	0	0	0	0	0	0	0	500	0	0	0	
0	0	0	0	0	0	0	0	0	0	0	0	0	0	0	0	0	0	0	500	0	0	0	0	0	0	0	0	0	0	0	48	0	0	0	0	0	0	0	0	0	0	0	0	0	0	0	0	0	0	0	0	0	0	0	0	0	0	0	0	0	0	0	0	0	0	0	0	0	0	0	0	0	0	0	0	0	0	0	0	0	0	0	0	0	0	0	0	0	0	
0	0	0	0	0	0	0	0	48	0	0	0	0	0	500	0	0	0	0	0	0	0	0	0	0	0	0	0	0	0	0	0	0	0	0	0	0	0	0	0	0	0	0	0	0	0	0	0	0	0	48	0	0	0	0	0	0	0	0	0	0	0	0	0	0	0	0	0	0	0	0	0	0	0	0	0	0	0	0	0	0	0	0	0	0	0	0	0	0	0	
0	0	0	0	0	0	0	0	0	0	0	0	0	0	0	0	0	0	0	0	0	0	0	0	0	0	0	0	0	0	0	0	0	0	0	0	0	0	0	0	0	0	0	48	0	0	0	0	0	0	0	0	500	0	0	0	0	0	0	0	0	0	0	0	0	0	0	0	0	0	0	0	0	0	0	0	0	0	0	0	0	0	0	0	0	0	0	0	0	0	
0	0	0	0	0	0	0	0	0	0	0	0	0	0	0	0	500	0	0	0	0	0	0	0	0	0	0	0	0	0	0	48	0	0	0	0	0	0	0	0	0	0	0	0	0	0	0	0	0	0	0	0	0	0	0	0	0	0	0	0	0	0	0	0	0	0	0	0	0	0	0	0	0	0	0	0	0	0	0	0	0	0	0	0	0	0	0	0	0	0	
0	0	0	0	0	0	0	0	0	0	0	0	0	0	0	0	0	0	0	0	0	0	0	0	0	0	0	0	0	0	0	500	500	0	48	0	0	0	0	0	0	0	0	0	0	0	0	0	0	0	0	48	0	0	0	0	0	0	0	0	0	0	0	0	0	0	0	0	0	0	0	0	0	0	0	0	0	0	0	0	0	0	0	0	0	0	96	0	0	0	
0	0	0	0	0	0	0	0	0	0	0	0	0	0	0	0	0	0	0	0	0	0	0	0	0	0	0	0	48	0	0	0	0	0	0	0	0	0	0	0	0	0	0	0	0	0	0	0	0	0	0	0	0	0	0	0	0	0	0	0	0	0	0	0	192	0	0	0	0	0	0	0	96	0	0	0	0	0	0	0	0	0	0	0	0	0	0	0	0	0	
0	0	0	0	0	0	0	0	0	0	500	0	0	0	0	0	0	0	0	0	0	0	0	0	0	0	0	0	0	0	0	0	0	0	0	0	0	0	0	0	0	0	0	0	0	0	0	0	0	0	0	0	0	0	0	0	0	0	0	0	0	0	0	0	0	0	0	0	0	0	0	0	0	0	0	0	0	0	0	0	0	0	0	0	0	0	0	0	0	48	
0	0	0	0	0	0	0	0	0	0	0	0	0	0	0	0	0	0	0	0	0	0	0	0	0	0	0	0	0	0	0	0	0	0	0	0	0	0	0	0	0	0	0	0	0	0	0	0	0	0	0	0	0	0	0	0	96	0	0	0	0	0	0	0	0	0	0	0	0	0	0	0	0	0	0	0	48	0	0	0	0	0	0	0	0	0	0	0	0	0	
0	0	0	0	0	0	0	0	0	0	0	0	0	0	0	0	0	0	0	0	0	0	0	0	0	0	0	0	0	48	0	0	0	0	0	0	0	0	0	0	0	0	0	0	0	0	0	0	0	0	0	0	0	0	0	0	0	0	0	0	0	0	0	0	0	0	0	0	0	0	0	0	0	0	0	0	0	0	0	0	0	192	96	0	0	0	0	0	0	0	
0	0	0	0	0	0	0	0	0	0	0	0	0	0	0	0	0	0	0	0	0	0	0	0	0	0	0	0	0	0	0	0	0	0	0	0	0	0	0	0	0	0	0	0	0	0	0	0	0	0	0	0	0	0	0	0	0	96	0	0	192	0	0	0	0	0	0	0	0	0	0	0	0	0	0	0	0	0	0	0	0	0	0	0	0	0	0	0	0	0	
0	0	0	0	0	0	0	0	0	0	0	0	0	0	192	0	0	0	0	0	0	0	0	0	0	0	0	0	0	0	0	0	0	0	0	0	0	0	0	0	0	0	0	0	0	0	0	0	0	0	192	0	0	0	0	0	0	0	0	0	0	0	0	0	0	0	0	0	0	0	0	0	0	0	0	0	0	0	0	0	0	0	0	0	0	0	0	0	0	0	
0	0	0	0	0	0	0	0	0	0	500	0	0	0	0	0	0	0	0	0	0	0	0	0	0	0	0	0	0	0	0	0	0	0	0	0	0	0	0	0	0	0	0	0	0	0	0	0	0	0	0	0	0	0	0	0	0	0	0	0	0	0	0	0	0	0	0	0	0	0	0	0	0	0	48	0	0	0	0	0	0	0	0	0	0	0	48	0	0	0	
0	0	96	0	0	0	0	0	0	0	0	0	0	0	0	0	0	0	0	0	0	48	0	0	0	0	0	0	0	0	0	0	0	0	0	0	0	0	0	0	0	0	0	0	0	0	0	0	0	0	0	0	0	0	0	0	0	0	0	0	0	0	0	0	0	0	0	0	0	0	0	0	0	0	0	0	0	0	0	0	0	0	0	0	0	0	0	0	0	0	
0	0	0	0	0	0	0	0	0	0	0	0	0	0	0	0	0	0	0	0	0	0	0	0	48	0	0	0	0	0	0	0	0	0	0	0	0	0	0	96	0	0	0	0	0	0	0	0	0	0	0	0	0	0	0	0	0	0	0	0	0	0	0	96	500	0	0	0	0	0	0	0	0	0	0	0	0	0	0	0	0	500	0	0	0	0	0	0	0	0	
0	0	0	0	0	0	0	0	0	0	0	0	0	0	48	0	0	0	0	0	0	0	0	0	0	0	0	0	0	0	0	0	0	0	0	0	0	0	0	0	0	0	0	0	0	0	0	0	0	0	96	0	0	0	0	0	0	0	0	0	0	0	0	0	0	0	0	0	0	0	0	0	0	0	0	0	0	0	0	0	0	0	0	0	0	0	0	0	0	0	
0	0	0	0	0	0	0	0	0	0	0	0	0	0	0	0	48	0	0	48	500	0	0	0	0	0	0	0	0	0	0	0	0	0	0	0	0	0	0	0	0	0	0	0	0	0	0	0	0	0	0	0	0	0	0	0	0	0	0	0	0	0	0	0	0	0	0	0	0	0	0	0	0	0	0	0	0	0	0	0	0	0	0	0	0	0	0	0	0	0	
0	0	0	0	0	0	0	0	0	0	0	0	0	0	0	192	0	0	0	0	500	0	0	0	0	0	0	0	0	0	0	0	0	0	0	0	0	0	0	0	0	0	0	0	0	0	0	0	0	0	0	0	0	0	0	0	0	0	0	0	0	0	0	0	0	0	0	0	0	0	0	0	0	0	0	0	0	0	0	0	0	0	0	0	0	0	0	0	0	0	
0	0	0	0	0	0	0	0	0	0	0	0	0	0	0	0	0	0	0	0	0	0	0	0	0	0	0	0	0	0	0	0	0	0	0	0	0	0	0	96	0	0	0	0	0	0	0	0	0	0	0	0	0	0	500	0	0	0	0	0	0	0	0	0	0	0	0	0	0	0	0	0	0	0	0	0	0	0	0	0	0	0	0	0	0	0	0	0	0	0	
0	0	0	0	0	0	0	0	0	0	0	0	0	0	0	0	0	0	0	0	48	0	0	0	0	0	0	0	0	0	0	0	0	0	0	192	0	500	0	0	0	0	0	0	0	0	0	0	0	0	0	0	0	0	0	0	0	0	0	0	0	0	0	0	0	0	0	0	0	0	0	0	0	0	0	0	0	0	0	0	0	0	0	0	0	0	0	0	0	0	
0	0	0	0	0	0	0	96	0	0	0	0	0	0	0	0	0	0	0	0	0	0	0	0	0	0	0	0	0	0	0	0	0	0	192	0	0	48	0	0	0	0	0	0	0	0	0	0	0	0	0	0	0	0	0	0	0	0	0	0	0	0	0	0	0	0	0	500	0	0	0	0	0	0	0	0	0	0	0	0	0	0	0	0	0	0	0	0	0	0	
0	0	0	0	0	0	0	0	0	0	0	0	0	0	0	0	0	0	0	0	0	0	0	0	0	0	0	0	0	0	0	0	0	0	0	0	0	0	0	0	0	0	0	0	0	0	0	0	0	0	0	192	0	0	0	0	0	0	0	0	0	0	0	0	0	192	0	48	0	0	0	0	0	0	0	0	0	0	0	0	0	0	0	0	0	0	0	0	0	0	
0	0	0	0	0	0	0	500	0	0	0	0	0	0	0	0	0	0	0	0	0	0	0	0	0	0	0	0	0	0	0	0	0	0	500	48	0	0	0	0	0	0	0	0	0	0	0	0	0	0	0	0	0	0	0	0	0	0	0	0	0	0	0	0	0	0	0	0	0	0	0	0	0	0	0	0	0	0	0	0	0	0	0	0	0	0	0	0	0	0	
0	192	0	0	0	0	0	0	0	0	0	0	0	0	0	0	0	0	0	0	0	0	0	0	0	0	0	0	0	0	0	0	0	0	0	0	0	0	0	0	0	0	0	0	0	0	0	0	0	0	0	0	0	0	0	0	0	0	0	0	0	0	0	0	0	0	0	0	0	0	96	0	0	0	0	96	0	0	0	0	0	0	0	0	0	0	0	0	0	0	
500	0	0	0	0	0	0	0	0	0	0	0	0	0	0	0	0	0	0	0	0	0	0	0	0	0	0	0	0	96	0	0	0	96	0	0	0	0	0	0	0	0	0	0	0	0	0	0	0	0	0	0	0	0	0	0	0	0	0	0	0	0	0	0	0	0	0	0	0	0	0	0	0	0	0	0	0	0	0	0	0	0	0	0	0	0	0	0	0	0	
0	0	500	0	0	0	0	0	0	0	0	0	0	0	0	0	0	0	0	0	0	0	0	0	0	0	0	0	0	0	0	0	0	0	0	0	0	0	0	0	0	0	0	0	0	0	0	0	0	0	0	0	0	0	0	0	0	0	0	0	0	0	0	192	0	0	0	0	0	0	0	0	0	0	0	0	0	0	0	0	0	0	0	0	0	0	0	0	0	0	
0	0	0	0	0	0	0	0	0	0	0	0	0	0	0	0	0	0	0	0	0	0	0	0	0	0	0	0	0	0	0	0	0	0	0	0	0	0	0	0	0	0	0	0	0	0	0	0	0	0	96	0	0	0	0	0	0	0	0	0	0	0	0	0	0	0	0	0	0	0	0	0	0	0	0	0	0	0	0	48	0	0	0	0	0	0	0	0	0	0	
0	0	0	0	0	0	0	0	0	0	0	0	0	0	0	0	0	0	0	0	0	0	0	0	0	0	0	0	0	0	0	0	0	0	0	0	0	0	0	0	0	0	0	0	0	0	0	0	48	0	0	0	0	0	0	0	0	0	0	0	0	0	0	0	0	0	0	0	192	48	0	0	0	0	0	0	0	0	0	0	0	0	0	0	500	0	0	0	0	0	
500	0	0	0	0	0	0	0	0	0	0	0	0	0	0	0	0	0	48	0	0	0	0	0	0	0	0	0	0	0	0	0	0	0	0	0	0	0	0	0	0	0	0	0	0	0	0	0	0	0	0	0	96	0	0	0	0	0	0	0	0	0	0	0	0	0	0	0	0	0	0	0	0	0	0	0	0	0	0	0	0	0	0	0	0	0	0	0	0	0	
0	0	0	0	0	0	0	0	0	0	0	500	0	0	0	0	0	0	0	0	0	0	0	0	0	0	0	0	0	0	0	0	0	0	0	0	0	0	0	0	0	0	0	0	0	0	0	0	0	0	0	0	0	0	0	0	0	0	0	0	0	0	0	0	0	0	0	0	96	500	0	96	0	0	0	0	0	0	0	0	0	0	0	0	0	0	0	0	0	0	
0	0	0	0	0	0	0	0	0	0	0	0	48	0	0	0	0	0	0	0	0	0	0	0	0	0	0	0	0	0	0	0	0	0	0	0	0	0	0	0	0	0	0	0	0	0	0	0	0	0	0	0	0	0	0	0	0	0	0	0	0	0	0	0	0	0	0	0	0	0	0	0	0	0	0	0	0	0	0	0	500	0	0	0	0	0	0	48	0	0	
0	0	0	500	500	0	0	0	0	0	0	0	0	0	0	0	0	0	0	0	0	0	0	0	0	0	0	0	0	0	0	0	0	0	0	0	0	0	0	0	0	0	0	0	0	0	0	0	0	0	0	0	0	0	0	0	0	0	0	0	0	0	0	0	0	0	0	0	0	0	0	0	0	0	0	0	0	0	0	0	0	0	48	0	0	0	0	0	0	0	
0	0	0	0	0	0	0	0	0	0	0	0	0	0	0	0	0	0	0	0	0	0	0	0	0	0	0	0	0	0	0	0	0	0	0	0	0	0	0	0	0	0	0	0	0	0	0	0	0	0	0	0	0	0	0	0	0	0	0	0	0	0	0	0	0	0	0	0	0	0	0	0	0	0	0	0	0	0	0	0	500	0	0	0	0	0	0	96	0	0	
0	0	0	0	0	0	0	0	0	0	0	0	0	0	0	0	0	0	0	0	0	0	0	0	0	0	0	0	0	0	0	0	0	0	0	0	0	0	0	0	0	0	48	0	0	0	0	0	0	96	0	0	0	0	0	0	0	0	0	0	0	0	0	0	0	0	0	0	0	0	0	0	0	0	0	0	0	0	0	0	0	0	0	0	0	192	0	0	0	0	
0	0	0	0	0	0	0	0	0	0	0	0	0	0	0	0	0	0	0	0	0	0	0	0	0	0	0	0	0	0	0	0	0	0	0	0	0	0	0	0	0	0	0	0	0	0	0	0	96	0	0	0	0	0	0	0	0	0	0	0	0	500	0	0	0	0	0	0	0	0	0	0	0	0	0	0	0	0	0	0	0	0	0	0	0	0	0	0	0	0	
0	0	0	0	0	0	0	0	0	0	0	0	0	0	96	0	0	48	0	0	0	0	0	0	0	0	192	0	0	0	96	0	0	0	0	0	0	0	0	0	0	96	0	0	0	0	0	0	0	0	0	0	0	0	0	0	0	0	0	0	0	0	0	0	0	0	0	0	0	0	0	0	0	0	0	0	0	0	0	0	0	0	0	0	0	0	0	0	0	0	
0	0	0	0	0	0	0	0	0	0	0	0	0	0	0	0	0	0	0	0	48	0	0	0	0	0	0	0	0	0	0	0	0	0	0	0	192	0	0	0	0	0	0	0	0	0	0	0	0	0	0	0	0	0	0	0	0	0	0	0	0	0	0	0	0	0	0	0	0	0	0	0	0	0	0	0	0	0	0	0	0	0	0	0	0	0	0	0	0	0	
0	0	0	0	0	0	0	0	0	0	0	0	0	0	0	0	0	0	500	0	0	0	0	0	0	0	0	0	0	0	0	0	0	0	0	0	0	0	0	0	0	0	0	96	0	0	0	0	0	0	0	0	0	0	0	0	0	0	0	0	0	0	0	0	0	0	0	0	0	0	0	0	0	0	0	0	0	0	0	0	0	0	0	0	0	0	0	0	0	0	
0	0	0	96	0	0	0	0	0	0	0	0	0	0	0	0	0	0	0	0	0	0	0	0	0	0	0	0	0	0	0	0	0	0	0	0	0	0	0	0	0	0	0	0	0	0	0	0	0	0	0	0	0	0	0	0	0	0	0	500	0	0	0	0	0	0	0	0	0	0	0	0	0	0	0	0	0	0	0	0	0	0	96	0	0	0	0	0	0	0	
0	0	0	0	0	0	0	0	0	0	0	0	0	0	0	0	0	0	0	0	0	0	0	0	0	0	0	0	0	0	0	0	0	500	0	0	0	0	0	0	0	0	0	0	0	0	0	0	0	0	0	0	0	0	0	0	0	0	0	96	0	0	0	0	0	0	0	0	0	0	0	0	0	0	0	0	0	0	0	0	0	0	0	0	0	0	0	0	0	0	
0	0	0	0	0	0	0	0	0	0	0	0	0	0	0	0	0	0	0	0	0	0	0	0	0	0	0	0	0	0	0	0	0	0	0	0	0	0	0	0	0	0	0	0	0	0	0	0	0	0	0	0	0	0	0	0	500	0	0	0	0	0	0	0	0	0	0	0	0	0	0	0	0	0	0	0	96	0	0	0	0	0	0	0	0	0	0	0	0	0	
0	0	0	0	0	0	0	0	0	0	0	0	0	0	0	0	0	0	0	0	0	0	0	96	0	0	0	0	0	0	0	0	0	0	0	0	0	0	0	0	0	0	0	0	0	0	0	0	0	0	0	0	0	0	0	500	0	0	0	0	0	0	0	0	0	0	0	0	0	0	0	0	0	0	0	0	500	0	0	0	0	0	0	0	0	0	0	0	0	0	
0	0	0	0	0	0	0	0	0	0	0	0	0	0	0	0	0	0	0	0	0	0	0	0	0	96	0	0	0	0	0	0	0	0	0	0	0	0	0	0	0	0	0	0	0	0	0	0	0	0	0	0	0	0	0	0	0	0	96	0	96	0	0	0	0	0	0	0	0	0	0	0	0	500	0	0	0	0	0	0	0	0	0	192	0	0	0	0	0	0	
0	0	96	0	0	0	0	0	0	0	0	0	0	0	0	0	0	0	0	0	0	0	0	0	0	0	0	0	0	0	0	0	0	0	0	0	0	0	0	0	0	0	0	0	0	0	0	0	0	0	0	0	0	0	0	0	0	96	0	0	0	0	0	0	0	0	0	0	0	0	0	0	0	192	0	0	0	0	0	0	0	0	0	0	0	0	0	0	0	0	
0	0	0	0	0	0	0	0	0	0	0	0	0	0	0	0	0	0	0	0	0	0	0	0	0	0	0	0	0	0	0	0	0	0	0	0	0	0	0	0	0	0	0	0	0	0	0	0	0	0	0	0	0	500	96	0	0	0	0	0	0	0	0	0	0	0	0	0	0	0	0	0	0	0	0	0	0	0	0	0	0	0	0	0	0	0	0	0	0	0	
0	0	0	0	0	0	0	0	0	0	0	0	0	0	0	0	0	0	0	0	0	0	0	0	0	192	0	0	0	0	0	0	0	0	0	0	0	0	0	0	0	0	0	0	0	0	0	0	0	0	0	0	0	0	0	0	0	96	0	0	0	0	0	0	0	500	0	0	0	0	0	0	0	0	0	0	0	0	0	0	0	0	0	192	0	0	0	0	0	0	
0	0	0	0	0	0	0	0	48	0	0	0	0	0	0	0	0	0	0	0	0	0	0	0	0	0	0	0	0	0	0	0	0	0	0	0	0	0	0	0	0	0	0	0	0	0	0	0	0	500	0	0	0	0	0	0	0	0	0	0	0	0	0	0	0	0	0	0	0	0	0	0	0	0	0	0	0	0	0	0	0	0	0	0	0	0	0	0	0	0	
96	0	0	0	0	0	0	0	0	0	0	0	0	0	0	0	0	0	0	0	0	0	0	0	0	0	0	0	0	0	0	0	0	0	0	0	0	0	0	0	0	0	0	0	0	0	0	0	0	0	0	0	0	0	0	0	0	0	0	0	0	0	0	0	0	0	0	0	0	0	0	0	0	0	0	0	0	0	500	0	0	48	0	0	0	0	0	0	0	0	
0	0	500	0	0	0	0	0	0	0	0	0	0	0	0	0	0	0	0	0	0	0	0	0	0	0	0	0	0	96	0	0	0	0	0	0	0	0	0	0	192	0	0	0	0	0	0	0	0	0	0	0	0	0	0	0	0	0	0	0	0	0	0	0	0	0	0	0	0	0	0	0	0	0	0	0	0	0	0	0	0	0	0	0	0	0	0	0	0	0	
0	0	0	0	0	0	0	0	0	0	0	0	0	0	0	0	0	0	0	0	0	192	0	0	0	0	0	0	0	500	0	0	0	0	0	0	0	0	0	0	0	0	0	0	0	0	0	0	0	0	0	0	0	0	0	0	0	0	0	0	0	0	0	0	0	0	0	0	0	0	0	0	0	0	0	0	0	0	0	0	0	0	0	0	0	0	0	0	0	0	
0	0	0	0	0	0	0	0	0	0	0	0	0	0	0	0	0	0	0	0	0	0	0	0	0	0	0	0	0	0	0	0	0	0	0	0	192	0	0	0	0	0	0	0	0	0	0	0	0	0	0	0	0	0	0	0	0	0	0	0	500	0	0	0	0	0	0	0	0	0	0	0	0	0	0	0	0	0	0	0	0	0	0	0	0	0	192	0	0	0	
0	0	0	192	500	0	0	0	0	0	0	0	0	0	0	0	0	0	0	0	0	0	0	0	0	0	0	0	0	0	0	0	0	0	0	0	0	0	0	0	0	0	0	0	0	0	0	0	0	0	0	0	0	0	0	0	0	0	0	0	0	0	0	0	0	0	0	0	0	0	0	0	0	0	0	0	0	0	0	0	0	0	0	0	0	0	0	0	0	0	
0	0	0	0	0	0	0	0	0	0	0	0	0	0	0	0	0	0	0	0	0	0	0	0	0	0	0	0	0	0	0	0	0	0	0	500	48	0	0	0	0	0	0	0	0	0	0	0	0	0	0	0	0	0	0	0	0	0	0	0	0	0	0	0	0	0	0	0	0	0	0	0	0	0	0	0	0	0	0	0	0	0	0	0	0	0	0	0	0	0	
0	0	0	0	0	0	0	0	0	0	0	0	0	0	0	0	0	0	0	0	0	0	0	0	0	0	0	0	0	0	0	0	0	0	0	0	0	0	0	0	0	0	192	0	96	0	0	0	0	0	0	0	0	0	0	0	0	0	0	0	0	0	0	0	0	0	0	0	0	0	0	0	0	0	0	0	0	0	0	0	0	0	0	0	0	0	0	0	0	0	
0	0	0	0	0	0	0	0	0	0	0	0	0	0	0	0	0	0	0	0	0	0	0	0	0	0	0	0	0	0	0	0	0	0	0	0	0	0	0	0	0	0	48	0	500	0	0	0	0	0	0	0	0	0	0	0	0	0	0	0	0	0	0	0	0	0	0	0	0	0	0	0	0	0	0	0	0	0	0	0	0	0	0	0	0	0	0	0	0	0	
0	48	0	0	0	0	0	0	0	0	0	0	0	48	0	0	0	0	0	0	0	0	0	0	0	0	0	0	0	0	0	0	0	0	0	0	0	0	96	0	0	0	0	0	0	0	0	0	0	0	0	0	0	0	0	0	0	0	0	0	0	0	0	0	0	0	0	0	0	0	0	0	0	0	0	0	0	0	0	0	0	0	0	0	0	0	0	0	0	0	
0	0	0	0	0	0	0	0	0	0	0	48	0	0	0	0	0	0	0	0	0	0	0	0	0	0	0	0	0	0	0	0	0	0	0	0	0	0	0	0	0	0	0	0	96	0	0	0	0	0	0	0	0	0	0	0	0	0	0	0	0	0	0	0	0	0	0	0	0	0	0	0	0	0	0	0	0	0	0	0	500	0	0	0	96	96	0	0	0	0	
0	0	0	0	0	500	0	0	0	96	0	0	0	0	0	0	0	0	0	0	0	96	0	0	0	0	0	0	0	0	0	0	0	0	0	0	0	0	0	0	0	0	0	0	0	0	0	0	0	0	0	0	0	0	0	0	0	0	0	0	0	0	0	0	0	0	0	0	0	0	0	0	0	0	0	0	0	0	0	0	0	0	192	0	0	0	0	0	0	0	
0	0	0	0	0	0	0	0	0	0	0	0	0	0	0	0	0	0	0	0	0	0	0	0	0	0	0	0	0	0	0	0	0	0	0	0	0	0	0	0	0	0	0	0	0	0	0	0	0	0	0	0	0	0	0	0	0	500	192	0	0	0	0	0	0	0	0	0	0	0	0	0	0	0	0	0	0	0	0	0	0	0	0	0	0	0	0	0	0	0	
0	0	0	0	0	0	0	0	0	0	0	0	96	0	0	0	0	0	0	0	0	0	0	0	0	0	0	48	0	0	0	0	0	0	0	0	0	0	0	0	0	0	0	0	0	0	0	0	0	0	0	0	0	0	0	0	0	0	0	0	0	0	0	0	0	0	0	0	0	0	0	0	0	0	0	0	0	500	0	0	0	0	0	0	0	0	96	0	0	0	
0	0	0	0	0	0	0	0	0	0	0	500	0	0	0	0	0	0	0	0	0	0	0	0	0	0	0	0	0	0	0	0	0	0	0	0	0	0	96	0	0	0	0	0	0	0	0	0	0	0	0	0	0	0	0	0	0	0	0	0	0	0	0	0	0	0	0	0	0	0	0	0	0	0	0	0	0	0	0	0	0	0	0	0	0	0	0	0	0	0	
0	0	0	0	0	0	0	0	0	0	0	0	0	0	0	0	0	0	0	0	0	0	0	48	0	0	0	0	0	0	0	0	0	0	0	0	0	0	0	0	0	0	0	0	0	0	0	0	0	0	0	0	0	0	0	96	500	0	0	0	0	0	0	0	0	0	0	0	0	0	0	0	0	0	0	0	0	0	0	0	0	0	0	0	0	0	0	0	0	48	
0	0	0	0	0	0	0	48	0	0	0	0	0	0	0	0	0	0	0	0	0	0	0	0	0	0	0	0	0	0	0	0	0	0	0	0	0	0	0	0	0	0	0	0	0	0	0	0	0	0	0	0	0	0	0	0	0	0	0	0	0	0	0	0	0	0	0	0	0	0	0	0	0	0	500	0	0	0	0	0	0	0	0	0	0	0	0	0	0	0	
192	0	0	0	0	0	0	0	0	0	0	0	0	0	0	0	0	0	0	0	0	0	0	0	0	0	0	0	0	0	0	0	0	0	0	0	0	0	0	0	0	0	0	0	0	0	0	0	0	0	0	0	0	0	0	0	0	0	0	0	0	0	500	0	0	0	0	0	0	0	0	0	0	0	0	0	0	0	0	0	0	0	0	0	0	0	0	0	0	0	
0	0	0	0	0	0	0	0	0	0	0	0	0	0	0	0	0	0	0	0	0	0	0	0	0	0	0	0	0	0	0	0	0	0	0	0	0	0	0	0	0	48	0	0	0	0	0	0	0	0	0	0	0	0	0	0	0	0	0	0	0	0	0	0	0	0	0	0	0	0	0	0	0	0	0	0	0	0	0	0	0	0	0	0	0	96	0	0	0	0	
0	0	0	0	0	0	0	0	0	0	0	0	0	0	0	0	0	0	0	0	0	0	0	0	0	0	0	0	0	0	0	0	0	0	0	0	0	0	0	0	0	0	0	0	0	500	0	500	0	0	0	0	0	0	0	0	0	0	0	0	0	0	0	0	0	0	0	0	0	0	0	500	0	0	0	0	0	0	0	0	0	0	0	0	0	0	0	0	0	0	
0	0	0	0	0	0	0	0	0	0	0	0	0	0	0	0	0	0	0	0	0	0	0	0	192	0	0	0	0	500	0	0	0	0	0	0	0	0	0	0	0	0	0	0	0	0	0	0	0	0	0	0	0	0	0	0	0	0	0	0	0	0	48	0	0	0	0	0	0	0	0	0	0	0	0	0	0	0	0	0	0	0	0	0	0	0	0	0	0	0	
0	0	0	96	0	0	0	0	0	0	0	0	0	0	0	0	0	0	0	0	0	0	0	0	96	0	0	0	0	0	0	0	0	0	0	0	0	0	0	0	0	0	0	0	0	0	48	0	0	0	0	0	0	96	0	0	0	0	0	0	0	0	0	0	0	0	0	0	0	0	0	0	192	0	0	0	0	0	0	0	0	0	0	0	0	0	0	0	0	0	
0	0	0	0	0	0	0	0	0	0	0	0	0	0	0	0	0	0	0	0	0	0	0	0	0	0	0	0	0	0	0	0	0	0	0	0	0	0	0	0	0	0	0	0	0	0	0	0	0	0	0	0	0	0	0	0	0	192	0	0	192	0	0	0	0	0	0	0	0	0	0	0	0	0	0	0	0	0	0	0	0	0	0	0	0	0	0	0	0	0	
0	0	0	0	0	0	0	0	0	0	0	0	0	0	0	0	0	0	0	0	0	0	0	0	0	0	0	0	0	0	0	0	0	0	0	0	0	0	0	0	0	0	500	0	0	0	0	0	0	0	0	0	0	0	0	0	0	0	0	0	0	0	0	0	0	0	0	0	0	0	0	96	0	0	0	0	0	0	0	0	0	0	0	0	0	500	0	0	0	0	
0	0	0	0	0	0	0	0	0	0	0	0	0	0	0	0	0	0	0	0	0	0	0	0	0	0	0	0	0	0	0	0	0	0	0	0	0	0	0	0	0	0	0	0	0	0	0	0	192	0	0	0	0	0	0	0	0	0	0	0	0	0	0	0	0	0	0	0	0	0	0	96	0	0	0	0	0	0	0	96	0	0	0	0	500	0	0	0	0	0	
0	0	0	0	0	0	0	0	0	0	0	0	0	0	0	500	0	0	0	0	96	0	0	0	0	0	0	48	0	0	0	0	0	0	0	0	0	0	0	0	0	0	0	0	0	0	0	0	0	0	0	0	0	0	0	0	0	0	0	0	0	0	0	0	0	192	0	0	0	0	0	0	0	0	96	0	0	0	0	0	0	0	0	0	0	0	0	0	0	0	
0	0	0	0	0	0	0	0	0	0	0	0	0	0	0	0	0	0	0	0	0	0	0	0	0	0	0	0	0	0	0	0	0	0	0	0	0	0	0	0	0	0	0	0	0	48	0	96	0	0	0	0	0	0	0	0	0	0	0	0	0	0	0	0	0	0	0	0	0	0	0	0	0	0	0	0	0	0	0	0	0	0	0	0	0	0	0	0	0	0	
0	0	0	0	0	0	48	0	0	0	0	0	96	0	0	0	0	0	0	0	0	0	0	0	0	0	0	0	0	0	0	0	0	0	0	0	0	0	0	0	0	0	0	0	0	0	0	0	0	0	0	0	0	0	0	0	0	0	0	0	0	0	0	0	0	0	0	0	0	0	0	0	0	0	0	0	0	0	0	0	0	0	0	0	0	0	0	0	0	0	
0	0	0	0	0	0	0	0	0	0	0	0	500	0	0	0	0	0	0	0	0	0	48	0	0	0	0	0	0	0	0	0	0	0	0	0	0	0	0	0	0	0	0	0	0	0	0	0	0	0	0	0	0	0	0	0	0	0	0	0	0	0	0	0	0	0	0	0	0	0	0	0	0	0	0	0	48	0	0	0	0	0	0	0	0	0	0	0	0	0	
52	28	27	0	11	18	30	12	20	33	35	62	40	66	19	30	31	53	36	38	75	13	64	23	67	84	38	87	39	9	9	17	6	25	10	66	28	75	79	8	71	26	32	34	42	33	2	67	31	63	60	12	59	86	55	8	82	85	47	17	59	38	46	60	54	34	29	68	81	55	59	11	49	18	20	52	86	10	53	61	41	48	27	60	4	51	78	59	21	42	54	58	29	30	80	23	42	63	87	10	4	74	89	35	52	11	3	42	89	8	22	10	1	26	47	15	0	15	70	11	5	53	69	28	72	10	41	83	67	50	23	5	77	52	89	28	14	31	9	24	75	38	17	34	10	89	43	79	71	3	43	59	41	55	23	47	8	80	23	7	63	3	39	76	60	23	80	69	33	87	57	14	51	34	44	57	85	1	33	86	53	19	9	35	57	59	27	31	41	69	62	65	46	32	56	47	53	71	82	18	52	19	63	24	51	8	39	4	68	34	38	57	60	87	85	61	75	81	1	10	8	11	64	16	32	55	11	31	78	51	10	52	77	24	46	78	82	66	16	75	58	42	78	0	10	47	7	51	15	58	49	81	13	88	65	53	36	18	82	51	47	69	70	29	27	30	26	16	69	55	84	15	80	27	67	26	9	6	72	29	80	82	9	76	73	48	69	12	76	11	34	29	80	38	5	37	24	54	23	18	30	68	74	18	58	7	25	75	89	63	22	15	7	0	0	26	32	7	6	86	77	54	58	70	15	74	16	16	76	26	49	31	78	39	16	8	1	8	70	55	62	58	49	9	10	0	27	35	79	73	76	26	63	81	78	17	46	15	23	62	27	45	34	52	41	77	84	16	32	40	27	78	58	16	0	47	87	19	18	19	56	67	21	36	42	14	31	62	3	51	47	25	65	47	80	23	32	21	46	46	59	31	12	75	77	28	61	46	2	67	85	0	70	17	49	31	38	49	10	40	6	28	18	83	34	33	35	46	69	59	2	31	26	89	38	62	61	32	79	21	32	73	58	0	39	38	74	32	67	26	37	55	57	46	47	4	40	39	83	55	69	31	56	75	29	52	27	52	10	44	66	0	12	61	48	33	77	42	26	55	54	43	41	48	6	34	46	64	1	74	64	46	63	43	46	20	85	28	89	67	46	84	41	73	58	34	68	23	21	47	15	31	9	38	33	23	43	8	36	7	39	66	87	59	53	32	84	53	39	27	64	31	87	71	18	6	86	18	54	82	65	79	53	56	53	27	35	3	2	77	46	35	65	24	84	17	70	1	0	14	85	75	63	47	67	22	8	69	32	32	20	44	54	58	79	77	6	22	66	3	88	79	78	80	19	66	58	7	32	64	86	24	52	84	88	57	84	55	47	20	83	84	58	13	86	2	5	4	88	39	55	35	40	32	71	58	0	21	45	69	44	52	82	81	55	88	78	58	64	89	41	54	0	13	25	11	88	26	32	38	21	8	8	40	68	36	29	73	32	5	41	35	42	82	10	27	18	7	45	80	39	43	17	88	55	25	24	52	82	44	0	12	16	35	42	17	84	19	71	65	33	19	82	3	33	72	68	65	56	39	9	47	16	35	79	68	8	33	57	68	77	81	19	48	1	50	78	84	20	89	27	47	27	9	82	83	40	42	0	27	80	14	80	63	5	81	74	84	49	69	72	66	15	57	3	53	73	61	40	76	74	3	8	35	22	66	61	29	81	16	5	18	22	48	83	51	37	13	6	66	13	46	71	74	76	88	78	56	76	6	44	8	80	31	26	42	50	44	39	33	81	87	12	60	87	69	44	43	22	36	75	38	5	80	76	9	15	4	60	73	26	73	14	80	56	20	12	0	21	26	28	21	56	12	35	77	22	79	74	36	82	69	22	4	51	10	7	73	26	3	75	27	29	20	59	29	24	78	74	13	49	48	48	6	21	69	84	83	13	22	87	68	53	42	57	86	75	16	73	10	44	21	37	29	19	27	2	66	84	35	45	13	69	37	28	9	84	15	9	11	85	88	13	47	33	54	11	26	87	43	17	22	77	59	56	5	85	40	61	23	78	89	36	6	87	85	72	54	88	41	82	61	67	17	60	2	46	48	84	11	20	11	29	33	52	55	62	58	81	59	51	5	24	86	57	14	30	45	11	55	41	81	71	60	79	15	52	39	10	28	17	72	69	29	41	57	73	18	75	30	22	22	7	27	18	36	39	59	12	11	53	44	56	49	60	22	40	10	18	81	47	18	4	41	80	23	71	26	83	64	9	24	6	27	25	19	86	48	84	65	41	8	30	17	61	59	79	67	49	12	58	52	67	22	72	16	51	4	50	44	82	23	72	56	49	12	42	86	70	40	41	46	59	46	52	14	63	40	48	30	46	47	5	64	4	81	61	25	16	88	73	35	4	11	6	57	3	67	61	70	62	39	10	24	66	60	41	32	85	11	87	5	48	27	59	40	62	8	57	84	72	16	68	21	46	30	11	40	55	48	22	68	2	63	4	5	86	70	9	10	63	70	18	23	64	76	60	4	69	11	5	25	54	74	65	16	42	16	9	21	35	53	18	18	79	32	44	19	45	77	74	54	86	56	43	8	18	24	20	51	41	17	9	52	86	19	74	42	17	77	20	29	64	12	84	25	48	54	58	80	49	25	76	86	6	78	0	56	25	61	50	31	2	35	80	79	76	33	18	15	61	50	64	69	60	23	38	6	5	57	59	22	25	5	11	32	10	70	1	18	12	33	78	40	58	3	58	47	42	53	0	55	27	37	63	67	39	24	5	71	66	60	67	38	85	45	4	2	26	36	49	86	83	40	27	18	37	27	52	53	15	5	54	79	19	63	29	44	25	23	78	63	65	79	5	62	66	64	69	20	85	0	81	87	75	10	89	60	53	21	84	27	2	80	88	17	46	40	88	13	26	40	9	5	12	35	79	17	66	88	45	1	88	71	21	59	5	59	22	2	32	18	67	75	21	34	46	72	42	2	56	88	65	9	79	73	27	44	24	7	11	44	26	56	77	80	75	0	75	17	18	53	80	27	21	37	86	58	15	70	23	41	51	12	70	24	45	28	30	34	49	54	23	26	40	29	51	51	61	23	17	74	8	39	41	60	64	19	43	78	32	33	88	11	85	76	56	19	11	73	35	7	66	0	12	67	17	14	42	85	13	50	49	84	2	64	5	52	27	41	78	23	17	65	87	4	88	18	39	14	86	32	60	87	14	31	10	79	51	35	49	21	27	22	74	41	21	67	4	20	14	20	37	1	66	16	29	37	80	39	35	25	3	10	37	14	85	79	25	87	80	14	16	47	39	35	43	77	77	56	54	66	36	69	17	23	33	64	20	48	73	71	60	56	70	38	66	69	30	68	73	21	26	73	48	19	63	13	44	6	10	52	73	26	39	28	49	23	6	59	85	46	79	29	39	49	12	30	79	6	39	20	80	70	89	28	55	27	19	76	12	42	20	77	85	10	19	3	45	12	19	7	50	49	37	35	88	16	44	17	4	24	43	39	71	80	10	1	68	0	19	51	54	15	29	47	16	35	3	6	27	16	85	28	30	67	39	4	42	71	82	87	35	43	63	49	52	52	81	5	15	55	81	40	12	33	50	74	62	28	13	53	13	46	37	38	41	44	24	47	89	30	55	1	2	81	19	72	48	22	51	53	1	20	39	74	67	16	27	81	51	9	52	74	26	20	65	59	1	72	12	0	73	23	72	41	25	66	14	32	75	81	22	71	41	12	1	69	72	80	47	2	15	77	66	85	73	63	19	15	25	87	7	64	10	54	65	50	23	24	84	33	59	83	6	87	55	34	79	39	33	63	48	22	60	77	50	16	0	87	7	18	45	8	29	72	6	57	37	35	21	47	46	15	16	29	31	11	74	20	14	15	65	65	50	89	6	21	34	62	83	29	34	83	62	43	16	40	76	36	15	16	25	72	8	66	52	29	19	59	16	72	5	9	87	14	57	13	65	7	37	66	78	77	31	42	18	13	62	71	58	23	13	8	53	17	89	35	11	18	80	51	76	34	66	28	39	18	8	11	72	71	71	32	82	70	16	8	12	34	7	14	65	30	58	42	37	89	32	28	73	6	46	16	10	15	35	4	12	5	3	9	37	42	58	74	36	34	11	85	66	42	51	57	15	73	55	24	85	28	27	58	0	10	27	49	5	18	24	49	31	83	63	12	81	27	25	24	32	62	26	17	9	31	26	41	22	74	42	75	23	32	13	49	79	50	35	2	84	75	43	88	20	82	20	42	24	38	68	4	10	88	82	6	45	43	42	70	4	57	22	30	65	29	84	31	54	45	89	59	77	9	16	43	4	28	74	31	70	2	34	10	70	41	12	66	10	72	29	75	74	34	14	81	37	37	81	2	24	29	31	56	15	35	59	27	82	21	57	82	55	34	25	73	47	29	6	39	11	61	89	64	70	29	48	63	47	66	22	0	13	85	52	21	78	63	14	54	88	87	88	31	3	48	60	28	54	63	12	21	54	22	62	58	7	54	37	89	19	53	18	31	37	69	82	52	27	31	55	48	47	48	87	79	12	76	63	67	11	69	32	42	82	62	58	78	81	27	0	89	69	14	82	11	22	88	51	88	52	37	40	31	58	28	67	52	8	40	45	26	30	66	79	18	13	19	89	50	38	74	41	70	23	50	44	68	82	54	61	36	78	10	69	18	61	29	48	70	23	39	42	23	39	80	2	61	51	83	77	85	82	15	6	63	87	89	23	28	45	82	34	18	30	59	74	29	57	77	42	57	49	8	50	58	53	24	81	5	25	10	42	0	41	58	89	64	5	59	23	85	17	20	88	46	24	20	57	71	71	2	77	18	36	49	14	77	79	12	68	52	47	80	12	15	20	31	39	22	57	60	81	81	22	41	47	46	75	3	56	76	27	10	76	75	74	89	22	80	61	55	63	36	36	49	81	45	45	52	39	25	3	36	11	30	68	7	37	38	19	24	66	66	33	21	49	61	15	63	19	5	5	89	79	61	16	16	89	21	41	31	29	14	24	79	22	44	8	1	54	38	43	4	32	56	21	53	17	80	47	73	9	39	27	43	55	60	4	83	48	49	24	4	28	1	63	28	45	47	20	59	35	58	83	60	42	58	0	26	0	56	6	38	12	33	36	7	9	53	14	13	76	60	10	69	47	1	36	87	82	52	39	10	84	40	72	20	48	5	85	64	10	10	88	81	55	81	71	8	29	39	63	78	5	59	7	58	10	29	59	87	72	75	89	52	48	71	10	83	40	1	12	87	67	56	47	18	46	19	44	72	67	48	85	26	35	70	54	85	26	15	48	46	35	55	80	14	21	82	18	88	60	60	76	7	3	19	71	69	20	55	67	22	31	12	88	63	88	24	55	72	24	72	21	72	66	88	44	22	23	15	16	51	16	17	24	46	27	11	4	50	71	25	68	54	29	27	89	27	86	17	41	43	26	27	8	85	3	8	79	69	74	54	27	74	16	80	50	18	51	46	42	84	38	23	54	15	0	17	20	10	57	78	20	10	43	80	11	21	55	25	29	17	6	35	58	1	0	76	81	47	14	48	13	82	33	81	56	13	39	12	70	45	13	43	16	79	86	66	52	78	47	55	0	39	27	68	53	31	68	27	44	45	10	46	39	80	75	23	84	51	82	26	83	46	56	7	37	82	87	8	67	87	5	30	0	81	51	79	11	77	54	37	51	46	67	48	38	79	86	52	62	71	53	65	84	38	35	89	25	51	65	8	54	64	24	54	54	54	8	89	38	81	66	31	13	52	17	75	26	14	78	3	16	76	52	69	71	31	42	27	69	80	39	81	47	28	42	51	86	74	16	21	75	54	36	37	61	81	61	51	19	85	70	76	51	2	10	52	69	51	16	22	23	5	23	70	52	87	72	51	31	68	70	71	50	15	64	54	13	69	37	80	41	22	2	17	84	48	38	20	12	18	59	5	74	34	28	85	87	71	34	52	69	56	28	79	52	62	74	22	66	26	40	3	18	41	57	26	43	42	64	3	88	48	11	74	58	85	81	35	2	6	47	84	52	47	73	61	22	43	11	45	73	60	8	16	48	61	75	21	48	11	4	7	44	53	56	78	81	88	16	48	69	0	33	71	78	59	53	37	60	56	50	47	32	17	43	50	65	9	76	30	19	47	64	63	82	58	50	22	77	60	24	41	32	63	5	35	81	19	70	15	9	38	41	51	66	79	75	29	77	77	71	52	53	5	85	85	31	83	87	20	53	18	34	26	14	34	71	72	69	37	46	15	65	0	84	69	4	2	27	49	26	20	82	36	1	73	72	6	13	47	7	85	43	64	68	26	24	19	72	24	66	40	1	61	55	48	21	26	40	66	7	57	10	35	30	76	53	82	43	20	29	66	10	51	46	42	47	56	76	45	29	84	6	46	45	76	13	13	50	34	11	27	36	53	45	36	33	8	51	58	28	59	11	60	18	29	86	54	88	54	8	16	34	6	61	64	10	73	28	20	87	17	32	75	36	66	56	63	12	40	5	20	29	39	66	55	51	43	89	26	9	19	22	64	26	73	10	32	6	68	41	69	76	80	27	48	27	12	69	22	63	82	27	66	67	80	38	53	39	8	71	68	25	64	38	11	17	37	23	49	53	89	62	0	15	63	5	54	29	3	9	28	41	80	37	35	81	16	25	80	84	35	48	24	57	29	70	55	28	84	35	43	72	46	16	17	28	79	81	21	46	61	64	0	40	34	66	35	65	33	44	63	18	58	43	78	29	19	62	34	69	64	70	31	85	65	17	33	31	44	89	49	25	11	70	64	88	54	23	85	57	71	27	14	49	82	74	66	50	57	12	65	71	73	54	33	13	56	72	83	42	62	47	74	50	65	59	41	8	81	24	13	67	46	73	48	9	38	58	24	49	57	36	58	55	43	85	66	56	48	27	85	1	74	59	24	60	48	39	38	10	24	1	34	19	70	26	3	0	40	11	34	32	42	58	48	31	78	7	50	54	46	77	50	82	2	52	89	75	72	18	75	15	1	54	60	13	75	1	61	42	11	55	42	34	35	14	29	20	20	8	10	19	82	58	5	45	33	51	17	17	61	28	86	35	20	18	20	86	75	86	68	73	46	10	56	58	48	82	43	42	63	30	48	61	70	75	56	89	17	70	6	86	28	85	75	7	19	6	28	55	84	36	50	89	87	87	88	36	6	26	84	12	41	81	1	12	34	56	35	53	50	20	74	25	5	9	67	27	6	28	87	36	26	47	9	36	57	18	80	77	22	
2	4	55	16	25	35	51	45	16	86	29	23	47	12	56	40	9	18	25	56	47	13	42	86	46	79	52	22	65	1	4	62	61	20	64	29	76	82	43	51	79	24	43	50	9	23	19	75	4	82	8	74	5	80	16	21	45	85	18	52	53	17	55	77	68	2	62	57	11	49	26	12	86	62	87	10	24	9	8	74	26	41	61	36	3	9	42	16	52	38	86	43	79	29	21	73	1	86	21	58	58	80	38	59	81	74	28	42	44	14	63	86	27	21	40	82	89	14	75	39	33	72	18	35	85	82	22	8	56	28	54	64	73	22	35	50	23	5	76	86	21	81	40	46	41	74	67	62	20	34	70	15	7	44	39	60	24	41	6	12	23	54	25	25	7	8	55	26	28	79	8	11	86	68	76	0	28	48	14	18	34	39	59	89	32	86	89	75	21	22	27	27	8	26	55	79	81	76	47	27	55	61	32	30	5	10	22	88	14	69	85	79	59	49	79	33	45	63	33	24	26	70	25	3	70	72	18	70	61	88	47	3	50	79	23	9	81	49	12	62	49	9	62	22	63	26	3	50	4	85	9	44	82	50	38	78	64	46	42	54	69	82	4	84	46	78	12	71	12	25	78	54	77	76	67	53	80	6	35	15	34	33	38	69	44	86	22	14	30	84	67	63	67	3	54	33	2	20	35	85	86	80	2	28	50	44	55	38	46	25	39	52	87	23	2	65	42	36	7	23	86	40	49	39	6	82	47	76	44	30	41	73	83	70	85	10	2	47	55	27	19	30	55	20	17	10	5	63	29	32	38	71	18	50	18	38	1	79	37	66	33	48	84	84	44	39	6	38	73	31	33	42	33	71	38	48	47	38	18	15	40	21	65	10	26	58	28	85	14	37	46	51	11	43	7	76	5	22	79	71	19	32	17	35	32	5	25	88	37	46	65	50	25	48	35	59	84	20	19	46	77	81	39	63	3	35	34	74	7	57	74	52	70	4	47	60	59	40	48	81	30	76	11	28	27	57	76	72	32	52	29	44	54	77	36	61	61	67	24	34	2	7	19	27	80	73	69	53	56	48	62	82	60	75	82	71	89	3	54	6	0	28	14	37	68	59	10	67	46	5	23	87	16	88	59	22	1	5	41	53	74	65	22	27	71	5	37	46	55	5	7	81	40	72	4	57	78	73	73	48	81	64	62	4	17	66	45	1	55	32	89	17	65	29	42	45	24	75	14	85	74	23	55	59	86	42	53	62	30	56	1	36	30	18	5	85	30	83	13	88	6	2	73	69	55	0	3	12	41	49	50	47	75	5	72	78	18	70	3	84	46	59	12	63	16	74	71	19	17	85	11	43	68	49	29	67	86	6	8	33	75	70	85	54	24	75	80	80	32	6	88	73	80	30	55	5	81	16	21	19	3	9	75	13	29	29	5	61	20	84	31	76	70	84	83	56	38	0	43	23	0	88	68	69	0	4	84	67	86	59	87	33	38	81	56	23	87	76	29	73	87	6	3	82	77	30	73	2	78	13	80	21	52	68	79	30	6	16	40	25	75	67	38	20	66	74	9	29	30	46	59	71	35	79	67	0	30	48	5	32	86	50	67	40	43	78	69	70	73	30	59	10	73	67	84	13	47	32	52	65	64	65	33	77	12	77	75	60	70	85	14	87	15	58	25	22	16	74	68	57	38	72	89	54	47	15	2	50	89	73	45	5	51	87	7	59	44	44	64	15	51	87	48	27	80	0	0	7	11	0	40	31	43	8	78	25	25	36	0	82	69	61	32	47	32	66	9	40	1	8	79	2	15	9	54	72	59	0	30	35	64	82	15	32	30	61	64	46	48	2	43	59	23	32	52	65	51	38	79	59	16	13	70	63	87	65	72	81	69	6	63	56	35	84	31	2	43	78	86	73	68	22	71	22	82	38	46	2	51	39	73	84	15	5	74	57	45	30	57	6	63	60	63	12	50	52	44	79	25	15	8	41	36	68	33	1	10	8	66	87	74	15	47	47	65	37	38	23	6	30	39	58	89	11	44	48	67	12	2	25	25	4	49	6	78	77	71	53	29	4	54	72	72	18	22	80	4	37	10	85	20	12	56	23	2	2	68	2	32	10	33	68	79	83	67	0	55	85	20	23	83	45	54	15	79	76	51	49	62	66	18	20	31	18	71	7	17	67	75	27	67	88	85	61	47	17	10	63	0	53	33	39	41	3	7	36	39	53	68	78	11	54	20	47	82	85	18	73	84	63	12	49	44	22	16	50	55	29	6	56	47	11	48	60	29	4	50	87	10	75	35	26	65	61	45	12	33	77	40	67	67	35	9	42	77	18	52	60	46	75	11	17	65	2	14	37	88	84	47	18	18	6	82	30	86	17	56	60	1	31	77	28	88	17	21	22	38	24	43	57	77	2	56	69	80	62	67	0	64	25	22	58	7	62	57	26	18	56	85	50	44	79	84	86	18	46	86	45	57	8	43	73	86	33	5	88	43	54	58	80	15	27	19	68	35	17	8	60	83	50	79	8	8	70	3	19	64	77	62	53	71	82	74	50	23	34	77	8	88	16	31	48	65	51	3	86	38	87	69	2	61	28	83	79	34	56	59	39	4	62	77	86	41	18	2	44	14	39	48	50	68	81	25	32	67	45	79	56	50	38	84	54	61	24	39	16	56	74	20	5	53	31	79	86	7	42	53	79	17	86	30	80	32	15	79	81	57	52	37	16	39	4	15	86	49	83	82	57	35	68	22	41	74	34	16	19	87	8	85	23	68	38	77	41	16	33	49	39	2	10	89	16	23	21	82	46	60	69	77	45	5	75	4	22	17	10	32	7	59	44	38	6	28	28	48	71	53	1	72	45	18	61	83	86	60	51	51	58	38	18	48	28	9	57	6	70	89	12	51	82	57	20	48	60	12	86	61	22	13	44	6	47	57	61	82	87	86	24	44	71	33	64	48	45	87	42	81	37	79	66	44	22	15	48	55	53	80	75	81	24	11	25	62	86	63	46	11	68	61	82	15	50	71	55	24	40	4	75	71	60	11	29	43	46	83	6	31	17	84	30	40	28	9	72	22	15	85	51	20	59	19	73	12	13	22	35	16	60	72	10	21	1	18	44	3	8	7	6	81	82	60	5	82	72	48	48	89	60	69	40	43	4	84	57	71	14	10	48	53	54	63	72	61	71	53	55	36	45	27	16	77	26	49	26	65	17	63	79	47	74	56	40	42	39	36	54	44	87	77	41	0	56	4	35	56	40	66	10	24	9	77	58	58	61	2	41	19	83	16	20	25	16	80	87	40	34	89	18	57	0	85	56	85	15	41	10	44	46	2	41	79	30	21	2	62	47	45	11	81	32	30	89	51	6	3	61	2	11	15	83	76	65	68	32	67	60	29	55	55	38	84	87	67	58	87	58	37	25	46	53	17	11	65	67	82	3	47	64	54	11	28	15	40	50	60	21	81	61	84	27	52	42	74	21	26	51	40	6	21	33	33	41	46	34	48	80	67	31	73	66	48	1	80	30	76	87	30	51	69	41	84	44	59	15	23	57	2	41	87	64	52	14	46	1	34	76	47	73	42	49	19	13	36	85	25	0	52	35	84	84	84	55	56	61	39	5	56	52	25	60	14	86	86	24	47	61	11	71	79	84	54	13	24	22	41	59	3	35	86	23	11	58	65	39	48	30	22	36	25	51	50	74	37	20	71	87	61	2	23	59	13	66	43	38	40	57	28	27	47	15	46	85	17	17	52	40	5	86	45	73	63	88	27	17	8	88	45	71	39	39	19	88	65	63	56	1	11	63	25	47	21	58	66	87	54	6	81	7	51	77	74	52	41	20	83	27	61	66	38	8	33	30	35	3	6	12	39	14	61	76	72	59	56	20	80	63	74	59	20	72	49	40	48	20	73	80	68	54	48	78	14	36	75	18	20	38	50	57	23	36	59	50	41	14	88	35	50	59	29	25	86	86	47	33	87	17	22	16	44	40	29	72	11	7	21	30	12	46	74	45	70	10	41	21	45	43	77	57	8	19	43	54	46	6	72	77	64	75	21	70	33	33	20	82	59	59	2	30	57	67	8	20	15	72	48	25	49	4	65	32	88	79	68	84	30	54	84	36	19	53	20	88	73	64	73	72	24	36	59	52	13	51	73	17	0	75	24	16	81	37	78	86	60	85	56	61	75	73	19	45	71	1	54	17	30	3	40	68	34	84	48	44	8	39	56	0	64	68	11	37	1	66	84	83	50	2	41	29	46	28	26	48	86	48	76	0	40	61	63	26	37	55	17	41	81	61	67	78	66	81	51	28	33	67	19	59	8	33	58	24	73	43	31	82	12	46	28	63	35	8	76	70	71	79	84	4	88	76	65	41	42	65	6	40	28	62	15	50	68	56	73	8	5	75	3	19	66	27	51	71	76	64	40	66	2	16	28	53	68	34	84	88	31	68	89	11	41	11	24	10	82	11	23	2	67	58	66	60	26	47	0	61	89	89	80	56	48	86	54	59	67	57	75	3	71	25	66	75	10	34	80	73	4	22	40	56	37	39	66	83	11	47	5	75	37	33	56	70	59	51	42	41	33	13	82	1	37	80	76	6	65	0	45	5	46	45	68	35	34	60	62	27	67	69	11	61	56	26	4	60	81	49	16	61	4	25	48	36	39	78	63	12	70	32	51	22	80	32	67	57	5	70	86	18	51	62	61	61	78	18	54	64	62	31	28	47	18	41	22	45	26	76	69	54	56	78	50	78	48	13	71	68	6	18	83	11	85	66	7	22	67	49	70	34	48	27	12	53	24	12	32	82	61	88	46	80	70	8	76	21	84	38	24	30	58	36	5	48	42	23	80	71	53	61	2	16	69	86	12	32	66	76	29	84	66	89	27	35	58	24	73	1	40	48	66	69	26	65	67	76	50	70	45	70	74	4	66	36	81	60	77	3	85	85	62	5	6	14	48	45	68	4	9	38	51	82	51	41	40	54	47	41	41	69	32	64	4	24	24	58	32	79	60	28	37	72	69	68	1	89	68	64	30	68	82	86	56	10	13	81	55	53	78	78	76	51	76	82	45	47	26	18	50	11	87	43	58	1	9	41	8	77	31	46	7	69	72	17	21	42	3	35	10	3	6	33	7	56	40	76	62	38	88	52	83	60	26	86	80	77	6	49	71	27	69	27	14	56	13	31	64	40	53	46	43	41	53	57	43	42	46	1	13	39	82	22	79	12	85	28	68	78	3	46	33	59	44	43	21	67	45	0	53	42	26	60	10	21	82	80	58	40	55	74	17	73	40	48	84	79	43	84	50	44	60	67	38	34	79	39	60	54	22	58	16	0	38	31	49	72	51	65	81	2	12	59	30	8	14	0	46	23	23	14	73	7	14	68	27	82	38	69	77	47	68	45	1	34	57	69	1	53	69	46	70	57	47	2	82	72	36	88	85	80	69	49	77	16	4	76	44	64	44	70	21	6	45	21	44	22	27	62	9	88	14	60	62	65	15	27	47	19	51	2	75	4	33	44	26	11	66	53	38	26	49	86	29	51	3	14	13	77	72	22	15	52	10	53	87	74	49	89	45	85	12	42	46	23	57	37	40	41	61	34	48	83	13	71	47	43	49	68	18	66	54	10	64	66	2	78	19	17	9	45	24	24	57	70	36	79	76	62	67	48	39	65	20	14	44	53	25	23	63	31	25	31	15	52	13	74	30	71	67	34	20	27	22	64	26	33	1	40	49	83	64	72	17	83	83	29	27	84	81	37	78	53	70	2	79	13	82	33	47	77	1	66	43	64	85	57	65	66	61	36	20	37	59	64	55	42	13	5	72	11	0	29	38	64	5	21	26	19	46	64	87	50	46	71	12	29	70	51	30	23	0	1	13	65	9	62	6	75	29	57	40	60	1	37	83	26	54	44	62	24	24	37	20	19	60	89	60	46	17	78	51	40	21	81	80	9	50	17	83	40	69	43	71	4	14	13	59	65	85	7	50	56	56	81	53	26	80	61	58	63	53	6	74	61	86	47	73	18	24	59	60	62	8	12	19	59	13	77	16	37	36	54	38	85	15	48	54	34	48	37	30	24	44	47	41	42	46	11	36	21	75	48	68	4	48	87	8	81	26	16	86	68	37	39	53	41	12	67	58	63	25	40	27	64	20	69	4	9	37	22	2	80	61	16	59	84	72	44	87	16	84	35	25	30	50	9	55	66	5	0	17	67	25	44	84	48	27	5	3	16	89	38	20	33	13	12	66	75	2	88	14	6	62	0	63	41	9	77	78	9	39	66	56	9	20	65	61	10	5	3	66	7	76	83	36	24	65	74	35	21	81	5	26	87	86	35	54	63	49	15	74	10	53	34	43	5	31	60	83	77	8	4	61	12	28	25	82	88	76	55	15	31	62	8	51	16	8	6	40	26	27	57	77	8	5	44	5	2	16	71	13	24	58	40	23	89	65	84	30	80	2	3	47	77	87	45	49	27	52	37	55	80	81	49	39	47	22	29	82	52	12	55	71	65	37	77	85	80	69	22	3	38	53	32	69	6	89	59	62	65	77	76	59	65	59	37	2	81	51	36	38	4	65	36	30	65	48	49	17	27	62	67	34	12	87	27	32	34	32	17	41	76	24	82	86	41	9	63	0	56	42	9	6	80	24	62	7	53	65	4	35	74	0	71	85	40	61	2	76	32	45	31	14	14	43	88	80	28	49	67	83	8	31	85	18	55	27	75	58	79	19	64	89	67	3	82	0	67	11	6	54	38	74	60	30	5	60	34	1	78	55	1	8	63	66	33	35	55	13	32	22	1	46	7	35	44	35	42	11	38	74	87	2	87	60	47	33	85	45	68	63	47	55	2	3	4	4	75	1	27	36	65	48	33	12	53	11	55	44	89	69	89	2	89	59	35	49	38	65	36	21	40	30	61	7	3	13	45	54	54	40	5	36	25	78	32	37	46	53	40	52	75	19	75	29	60	70	15	88	66	78	65	35	82	34	74	29	62	80	35	84	25	15	42	50	42	65	51	77	50	21	41	31	32	11	39	13	41	87	65	33	0	24	30	33	44	35	32	79	29	66	26	49	22	56	76	36	74	36	34	72	81	33	14	3	16	61	19	74	70	53	48	5	50	18	72	63	65	59	69	5	36	87	46	68	2	26	62	31	62	39	10	68	7	55	75	14	59	41	57	87	0	10	8	43	77	22	47	63	6	66	32	43	31	13	57	9	78	49	42	65	48	27	32	21	56	25	8	20	14	
22	22	31	27	36	34	24	39	29	27	38	25	38	28	40	31	36	34	20	23	26	28	25	31	29	34	29	29	26	33	28	37	20	30	21	26	33	25	27	31	30	36	27	27	20	35	40	35	24	32	34	34	35	32	34	26	25	24	23	20	22	26	33	34	24	30	36	22	40	34	35	34	23	30	33	37	30	39	38	35	30	23	28	31	22	24	20	20	34	37	36	33	37	38	29	30	24	26	25	24	37	38	33	30	24	29	26	31	32	34	32	27	25	31	30	28	36	40	34	30	28	24	23	21	38	27	39	27	22	23	25	31	22	33	34	30	21	20	23	40	33	21	33	31	38	35	32	27	21	27	22	26	26	28	37	37	36	38	31	38	22	40	32	34	22	32	36	27	30	40	39	21	24	23	33	21	32	31	20	20	23	26	30	33	21	37	28	32	33	34	23	39	31	24	20	29	21	39	28	36	21	26	21	28	33	25	39	32	20	30	33	20	23	32	24	21	40	31	36	30	37	26	30	27	34	32	35	28	22	23	25	29	22	36	28	36	24	23	30	20	31	36	39	21	33	31	37	23	34	37	30	34	35	27	28	20	37	34	35	22	35	30	24	37	40	35	22	24	24	31	22	36	28	28	40	24	23	25	36	22	22	38	31	37	36	24	39	38	21	35	27	36	40	39	35	32	37	38	25	28	26	29	21	29	38	35	33	31	29	29	22	30	39	40	29	29	30	20	33	23	37	33	24	32	35	38	32	29	21	26	26	27	36	40	27	39	32	23	33	27	29	30	36	23	36	36	34	26	26	28	40	40	37	38	38	30	34	33	39	21	33	28	21	38	39	20	31	30	39	29	29	22	35	27	29	40	24	38	28	37	40	35	28	39	35	36	35	26	21	20	30	39	23	23	27	31	20	37	33	39	35	24	39	21	20	30	31	23	25	28	27	28	22	36	20	25	29	21	27	31	25	33	23	26	24	40	27	39	35	26	23	23	20	32	23	37	38	20	20	39	24	32	26	31	40	39	39	29	34	29	35	38	38	26	20	35	31	32	28	25	40	39	33	28	36	33	25	38	33	23	39	37	27	35	22	39	31	23	27	35	20	40	29	21	24	34	31	27	27	40	26	20	36	40	21	23	33	33	21	22	38	28	26	21	27	30	39	21	36	38	33	35	20	35	38	29	23	29	37	29	33	32	33	29	21	39	28	27	37	20	34	20	26	21	22	24	22	21	30	35	34	36	20	31	35	34	32	29	28	27	36	38	27	23	37	22	23	21	25	38	22	23	40	24	22	33	36	37	39	27	32	40	29	27	31	36	29	39	32	33	31	24	20	31	29	34	40	37	33	38	39	39	40	29	25	39	20	26	40	35	37	23	22	39	24	31	36	33	30	31	29	40	40	31	37	39	25	31	31	31	37	33	23	33	37	25	23	33	27	26	33	38	27	31	29	35	29	35	36	35	29	38	23	25	31	23	39	34	27	22	32	38	20	37	27	21	23	40	21	33	39	40	36	29	38	36	27	21	23	34	20	23	25	38	21	21	26	37	23	39	30	23	21	23	30	27	20	32	35	40	35	28	37	26	27	25	20	26	21	21	27	36	32	23	24	36	28	32	36	23	25	26	30	33	28	36	39	29	34	31	23	33	34	37	28	20	20	33	20	39	40	25	32	20	35	35	27	30	30	36	28	40	21	32	35	20	26	31	32	20	27	35	26	28	20	23	29	37	32	28	39	23	24	39	25	36	36	32	33	30	40	21	33	31	22	34	36	33	24	28	36	23	40	34	39	31	32	38	34	24	33	35	20	24	39	32	32	29	40	35	25	35	28	36	25	39	28	38	20	25	29	24	36	31	23	34	25	30	22	27	29	28	37	32	24	22	32	29	24	36	28	20	39	26	31	26	38	25	29	25	33	30	26	21	25	20	37	25	40	25	21	39	39	30	40	23	23	31	35	20	22	36	23	39	31	39	32	21	28	24	35	30	28	30	33	40	30	22	30	32	39	40	26	33	37	32	33	25	36	24	40	32	38	24	34	21	23	25	32	37	22	37	27	21	22	25	38	22	36	26	36	25	30	33	39	32	29	28	38	24	30	36	32	26	25	21	31	25	22	23	27	23	21	36	36	25	38	22	24	21	29	33	20	36	34	25	28	21	22	39	22	29	29	21	26	21	21	35	23	38	24	24	21	25	22	37	30	23	25	31	21	33	21	37	29	21	27	32	37	31	28	30	39	40	21	22	33	36	34	32	20	25	36	22	35	26	33	20	20	21	24	38	31	37	32	39	35	33	25	20	34	33	38	32	35	25	25	37	27	27	35	28	37	28	38	40	26	25	25	28	27	24	22	38	37	35	34	33	25	29	25	40	37	32	20	39	24	36	26	28	32	31	37	23	37	23	36	37	23	26	25	33	20	22	36	23	27	32	20	25	36	39	40	35	40	38	33	30	34	38	30	38	30	20	40	25	35	36	21	28	30	33	39	30	30	26	27	30	26	40	30	20	38	40	36	27	32	28	21	33	36	35	30	31	29	26	27	21	20	35	21	28	26	29	39	20	38	34	33	33	28	21	36	29	31	38	26	32	31	20	33	37	29	31	32	37	27	31	35	27	31	33	27	23	31	34	22	25	20	36	20	24	30	29	36	28	39	23	29	37	31	33	26	36	35	30	21	23	26	20	27	22	40	27	40	23	24	31	25	30	20	37	29	26	33	27	31	36	26	20	37	29	29	30	33	21	21	23	32	37	29	33	37	35	25	35	25	27	38	37	32	25	28	27	31	33	28	25	40	29	26	20	37	37	35	21	27	39	33	22	29	26	23	23	23	32	37	40	20	29	39	37	28	23	23	32	25	39	37	28	35	34	30	26	21	40	22	40	20	26	25	23	31	30	40	25	39	21	28	29	40	39	39	21	27	20	37	21	31	39	36	27	22	32	25	31	28	33	37	34	40	32	40	33	31	32	35	21	22	31	37	30	28	34	30	29	34	22	25	20	22	25	26	34	28	37	22	30	32	38	24	38	23	22	27	40	22	33	37	30	34	36	32	35	32	32	40	23	36	30	23	40	23	34	40	37	39	38	24	30	38	27	38	25	31	35	29	35	23	31	28	21	20	28	36	36	33	40	40	36	38	39	20	36	21	32	37	31	25	33	26	40	39	30	23	37	21	20	21	38	34	30	32	21	40	31	38	22	40	36	21	22	25	29	34	22	28	26	35	36	27	39	24	37	32	26	39	29	21	22	28	24	26	23	30	25	23	24	27	32	26	38	20	30	32	35	26	35	23	26	35	39	25	36	26	40	25	31	25	40	22	32	30	26	20	24	20	26	40	28	25	24	26	31	20	27	23	37	38	23	39	31	28	23	30	38	38	34	39	32	20	34	39	34	23	27	35	21	23	35	32	25	31	34	38	38	21	33	32	30	26	21	21	23	36	34	30	34	26	28	29	29	26	34	29	40	32	39	22	23	29	26	36	36	38	33	35	32	35	23	30	23	34	31	23	36	35	35	36	35	27	21	24	38	24	25	38	32	31	32	29	36	28	21	35	27	22	20	29	33	36	25	25	27	22	25	32	23	40	23	20	33	23	37	37	25	32	25	39	22	37	23	20	20	20	23	37	40	27	26	32	38	20	27	28	33	29	26	23	34	26	37	30	39	33	40	31	25	31	31	39	36	38	32	22	39	37	35	34	36	29	27	24	33	24	28	40	33	23	40	33	34	26	26	38	21	36	28	35	26	31	22	29	23	22	35	36	23	26	21	23	36	22	36	32	38	31	23	30	36	20	35	32	25	20	23	21	35	36	31	33	21	21	21	21	28	30	29	31	31	40	21	20	40	24	29	21	21	28	34	27	35	23	25	40	22	39	24	35	20	28	35	39	39	24	26	25	21	34	40	29	40	37	38	21	30	24	37	37	38	27	22	23	31	27	34	30	33	21	29	24	32	36	35	37	33	29	34	29	20	30	22	28	25	20	36	29	40	37	31	24	28	36	33	31	32	21	23	27	24	28	27	21	31	29	24	35	24	25	38	35	32	35	24	34	37	36	26	28	31	38	37	25	27	30	37	23	33	36	35	26	37	40	28	33	23	36	26	38	28	35	24	21	22	32	21	27	40	38	32	36	37	39	23	30	34	34	25	39	22	40	22	23	25	25	39	37	26	40	32	38	24	35	21	20	21	35	38	39	35	21	26	27	32	20	28	33	25	20	35	30	31	35	32	26	37	34	35	26	38	36	25	22	28	27	34	39	36	35	32	29	39	22	32	34	24	33	30	25	40	29	24	22	22	40	28	34	33	29	28	35	27	40	24	37	20	34	23	35	25	28	28	24	37	38	32	36	34	25	21	34	26	32	30	23	24	26	21	26	28	40	31	20	28	29	40	25	27	40	36	28	32	28	22	22	30	38	27	37	23	40	37	37	40	36	31	25	30	33	29	27	22	35	38	37	22	24	29	36	24	31	20	25	30	34	34	24	35	22	20	32	25	33	20	27	39	33	31	26	20	29	29	32	31	37	28	29	36	37	24	20	32	25	31	33	34	25	34	20	29	35	27	34	35	40	20	40	20	22	34	40	37	29	39	24	21	21	26	23	25	34	21	25	38	32	29	27	23	34	39	40	30	20	28	40	40	37	23	38	23	24	23	39	34	38	23	31	34	25	36	25	29	26	39	22	37	20	40	30	20	28	40	32	23	24	34	37	27	33	29	20	37	22	38	20	25	29	26	39	22	32	28	36	37	29	34	32	29	33	35	28	40	29	28	30	30	32	40	24	38	24	22	21	27	32	35	33	32	34	38	39	37	36	28	25	34	25	25	39	22	31	24	38	35	36	28	21	39	25	39	35	26	35	25	34	29	24	33	36	22	27	23	39	28	25	25	36	38	39	29	22	32	40	26	33	34	21	23	31	22	27	34	27	20	39	30	37	24	32	36	40	29	24	33	22	27	32	32	23	39	29	37	36	39	25	38	20	36	22	25	40	30	33	23	21	20	25	28	34	40	34	40	25	28	22	40	38	26	24	24	35	21	27	39	39	28	33	24	32	38	30	25	38	22	38	25	30	21	32	24	27	21	38	23	39	33	23	38	36	33	24	34	31	24	31	20	37	29	24	36	34	39	38	27	26	33	26	30	38	31	33	20	35	27	27	39	37	24	37	20	37	22	20	20	30	37	33	33	27	37	21	29	25	21	29	23	23	22	34	28	40	29	25	21	30	35	30	21	35	30	32	38	40	35	24	31	38	32	24	40	25	23	21	37	25	38	20	28	35	40	28	25	24	31	39	35	32	34	30	23	25	39	32	22	24	24	24	25	40	24	20	32	23	32	39	36	33	37	20	21	21	38	40	24	22	24	26	27	32	31	22	28	26	36	24	30	35	33	22	35	37	35	37	25	39	22	38	37	22	33	25	27	34	26	38	37	23	29	27	31	37	33	31	35	31	30	27	31	25	27	35	36	40	38	31	20	34	22	33	24	38	33	31	29	33	36	25	25	27	20	30	39	40	37	23	40	25	37	35	39	22	22	38	40	29	34	31	28	39	27	34	36	38	39	33	26	37	30	38	31	34	39	29	32	40	33	31	21	34	28	24	35	30	26	27	39	23	25	32	37	25	30	31	36	24	24	35	27	26	38	38	21	35	39	29	31	36	26	34	28	24	20	30	33	23	31	25	35	36	38	32	33	29	32	32	21	21	30	25	39	32	37	28	22	30	28	24	24	40	36	23	28	37	27	37	35	39	40	21	20	33	33	39	32	27	26	27	39	28	30	33	37	27	36	37	32	39	27	32	32	32	28	27	24	21	21	40	26	31	31	24	40	26	32	23	35	20	36	31	29	26	26	21	25	25	23	21	20	20	23	34	23	31	33	29	33	32	26	26	24	24	22	38	36	27	36	39	29	26	20	28	26	32	33	27	31	32	33	24	31	20	32	40	36	31	36	24	33	21	35	35	27	34	33	30	28	24	33	22	21	32	20	33	24	32	30	31	22	33	25	28	37	39	33	39	21	36	26	37	20	27	28	40	32	36	30	39	34	28	21	38	28	30	39	22	31	20	32	37	31	34	29	20	28	27	21	32	30	32	31	34	22	32	40	38	29	25	21	37	22	40	26	40	40	38	35	31	23	21	20	20	28	28	38	40	20	25	38	31	26	33	37	40	27	25	24	39	24	26	22	23	39	37	25	32	29	38	37	23	23	21	30	36	38	34	25	27	35	20	37	24	21	37	33	22	26	28	31	37	20	33	33	40	21	33	20	35	32	27	25	34	24	35	20	29	31	24	33	26	26	30	39	34	20	25	26	39	31	39	33	30	36	24	40	35	27	26	33	26	27	40	21	40	36	38	39	34	40	24	21	24	25	26	39	37	33	35	23	24	33	30	23	26	27	32	32	30	27	38	37	29	31	32	26	22	31	32	21	26	40	29	27	32	33	37	37	35	23	32	26	27	36	27	30	20	20	36	24	24	34	25	25	31	21	27	40	24	24	29	28	30	22	36	20	40	37	33	40	30	37	30	36	26	23	38	37	38	38	35	29	39	29	22	28	23	24	22	24	22	20	28	34	25	40	38	25	35	35	35	37	40	22	35	34	34	40	34	21	32	32	37	29	35	38	27	31	26	22	22	33	26	27	28	38	31	35	20	22	33	20	21	22	25	33	33	40	37	22	21	25	20	33	38	24	38	31	34	23	30	27	30	20	30	31	31	29	36	20	30	38	39	29	25	37	23	33	28	35	40	38	39	23	25	26	33	22	33	33	34	23	25	22	35	35	31	33	25	35	33	39	27	40	27	31	26	35	30	32	35	34	29	28	25	23	37	34	26	30	27	36	26	28	32	39	29	23	39	22	33	29	29	21	35	37	34	32	29	37	34	27	39	30	25	25	21	34	22	29	33	37	21	29	24	23	29	21	28	35	27	30	33	34	30	33	21	35	21	30	34	30	32	38	25	33	32	33	40	33	38	35	29	29	38	38	34	39	37	21	37	35	21	20	37	36	40	37	25	22	40	28	40	22	39	28	21	29	37	22	25	24	27	21	37	22	24	25	28	40	25	30	20	24	23	31	31	30	21	24	40	36	31	32	26	21	39	28	31	38	39	38	24	33	33	22	27	29	33	36	38	28	38	36	37	39	27	34	30	28	24	35	22	25	31	24	38	22	39	35	36	23	30	30	22	30	24	32	40	24	32	28	31	38	21	32	28	25	38	31	22	35	29	37	35	28	22	36	29	25	23	28	34	37	30	23	
26	27	15	35	21	30	11	11	20	38	27	31	21	18	21	34	17	38	49	43	18	14	40	17	42	23	35	33	26	23	33	20	24	16	14	33	40	18	42	41	32	13	31	29	30	50	15	32	10	34	29	49	46	42	18	14	18	14	35	29	17	19	42	12	24	28	24	11	40	39	47	43	41	46	28	27	15	37	47	23	19	22	28	38	22	17	32	20	15	23	13	29	15	37	22	17	13	45	19	49	17	10	21	24	44	34	34	10	46	22	40	15	42	35	19	48	47	10	47	14	11	17	47	39	19	17	35	41	31	14	46	28	44	27	36	20	29	42	30	37	32	47	48	12	27	35	38	34	38	43	45	11	14	32	28	15	48	22	46	49	27	22	26	28	35	28	49	47	37	17	29	33	43	41	37	45	45	20	37	13	16	15	31	49	13	26	12	13	19	24	38	38	38	18	34	23	13	36	40	12	46	15	29	14	36	28	29	46	12	37	11	13	29	29	19	10	29	12	20	30	12	13	46	14	46	33	32	33	15	42	16	42	15	15	20	48	40	37	29	43	31	43	24	39	16	18	14	16	19	21	49	31	49	11	12	15	47	39	27	42	32	25	30	22	23	49	38	20	46	42	19	12	27	18	49	17	16	21	39	31	22	33	40	45	44	40	23	47	40	18	31	36	10	40	16	20	49	17	17	16	10	31	36	30	20	50	41	34	27	42	26	20	28	13	39	37	28	49	21	26	38	31	19	22	40	27	28	20	11	12	20	35	35	19	20	23	42	14	32	37	20	38	12	12	15	50	20	21	40	42	50	38	14	28	44	47	50	18	29	11	20	26	43	40	45	35	19	28	17	13	18	40	11	24	29	22	32	25	36	28	20	50	34	40	31	31	39	27	49	33	44	29	32	38	35	30	22	21	14	41	48	21	22	33	12	12	32	15	27	10	20	22	14	22	47	47	47	12	10	39	15	45	35	49	29	21	35	50	45	30	42	38	42	18	49	30	30	10	44	10	21	27	27	50	44	44	33	47	40	34	10	17	39	45	18	28	16	48	24	17	21	10	12	14	47	34	31	28	13	13	29	33	21	48	21	27	27	33	25	46	10	47	23	40	17	12	37	43	16	16	47	26	21	26	42	50	34	43	23	32	23	10	43	39	48	31	17	32	23	11	29	41	35	21	43	24	22	10	35	28	17	31	38	26	42	48	34	19	10	34	39	41	17	34	16	25	18	21	27	39	40	23	16	47	14	38	13	14	10	12	16	45	25	31	10	12	34	36	33	26	45	28	43	19	34	24	36	38	44	49	16	45	26	27	42	11	28	20	27	49	10	47	43	34	13	31	49	10	26	33	12	11	48	49	17	35	22	25	12	34	31	23	48	47	44	45	31	31	23	30	42	21	22	24	32	34	37	28	16	47	16	31	17	28	48	27	48	33	11	45	13	19	28	29	14	10	17	49	36	11	40	26	47	41	33	29	45	34	26	36	38	40	24	18	39	26	43	33	27	41	40	37	30	30	47	15	43	22	49	21	31	49	25	13	39	34	25	21	48	15	21	37	46	34	18	41	23	28	22	50	41	15	48	11	18	43	45	14	15	30	15	31	31	19	41	20	42	45	44	43	21	49	19	10	15	46	18	15	12	12	15	17	40	19	33	11	41	45	20	38	36	49	28	20	48	41	23	38	27	31	31	13	12	49	40	29	40	12	22	28	33	45	20	37	10	34	25	18	31	42	43	27	38	35	34	42	47	39	13	30	42	30	32	27	25	31	11	14	44	40	50	37	27	22	26	11	17	24	22	31	34	40	22	44	26	35	32	46	11	10	28	27	49	17	29	23	41	34	33	47	40	34	29	13	40	42	13	42	42	45	13	12	14	36	35	29	23	46	11	13	16	10	17	19	41	28	50	24	35	12	15	19	44	43	29	30	13	28	37	37	40	43	28	35	44	35	22	13	26	33	43	47	45	27	31	11	12	20	13	20	10	13	45	41	28	21	30	49	32	49	30	43	34	35	15	30	47	36	31	18	15	34	42	47	31	35	47	41	28	40	28	25	23	44	11	46	46	25	38	39	31	40	30	49	20	49	13	37	29	35	42	16	37	14	30	26	18	23	43	41	42	13	45	18	45	18	45	22	23	44	35	34	23	37	26	44	30	49	20	28	43	47	44	29	33	11	14	15	30	36	50	33	46	16	28	31	10	24	12	25	13	41	18	35	22	48	16	43	28	43	48	15	22	37	44	47	40	31	16	45	23	40	35	39	46	47	32	46	45	10	23	43	29	24	17	21	33	28	30	35	28	36	22	40	21	25	13	10	50	39	32	38	18	41	49	49	45	30	21	33	40	39	37	49	46	29	29	48	28	14	16	32	35	16	22	33	13	35	50	12	16	32	11	34	30	36	19	45	18	12	18	24	20	18	33	34	36	23	36	22	23	14	13	17	22	38	19	16	44	13	42	45	44	48	24	46	33	13	46	29	27	32	19	32	20	27	49	18	45	10	35	40	31	32	10	20	12	19	20	10	14	49	29	39	16	11	29	14	21	37	47	10	38	12	15	48	24	38	44	16	45	21	15	49	25	35	27	12	42	37	14	39	42	25	50	34	28	50	13	42	18	23	21	33	13	32	43	10	35	49	37	25	11	28	14	32	10	10	32	26	12	25	31	42	28	20	44	34	13	39	48	29	48	41	28	38	18	16	12	14	37	26	28	50	38	21	23	10	41	44	13	42	18	11	28	50	27	40	18	29	24	25	42	47	14	33	26	15	15	44	32	19	25	37	46	41	48	13	30	45	49	31	41	31	15	44	26	44	12	41	34	41	26	14	32	27	40	20	46	28	29	47	12	27	30	17	47	18	25	12	33	29	50	40	23	26	35	47	23	27	20	29	41	19	33	35	17	41	31	15	43	47	13	46	21	29	50	43	13	46	14	36	12	41	16	35	39	39	42	17	17	41	42	41	44	49	27	12	18	20	11	16	40	31	41	24	27	15	15	40	32	31	28	38	46	46	25	15	28	27	41	41	29	25	33	12	15	39	46	42	25	36	33	38	42	25	28	19	49	31	32	47	33	20	42	27	12	41	36	34	38	37	13	36	16	33	26	11	11	11	29	31	43	20	30	19	30	19	27	20	46	24	13	27	34	42	19	29	12	41	35	41	16	26	47	48	17	14	47	35	44	37	32	26	12	44	49	24	35	35	13	49	37	26	33	19	14	47	23	39	44	16	38	41	26	38	33	41	12	30	47	26	30	47	10	24	44	39	20	41	21	14	39	45	31	10	46	30	34	49	17	15	23	49	35	39	24	24	26	46	40	14	22	45	40	24	36	40	15	46	40	35	43	17	39	23	47	37	33	14	30	27	49	43	13	28	13	43	49	46	40	45	40	37	45	34	41	30	34	21	44	26	42	44	24	26	25	31	44	48	33	19	12	14	27	49	11	27	45	39	40	11	39	17	28	30	30	12	43	14	48	23	30	43	38	43	36	31	45	14	50	25	35	11	30	21	28	19	47	17	13	44	36	48	37	17	16	33	41	37	13	30	20	34	12	14	34	18	37	36	29	29	15	38	46	26	13	30	27	11	27	19	44	45	35	32	48	44	43	49	33	32	13	18	37	28	21	25	45	17	37	40	33	32	17	19	28	21	17	32	37	29	33	25	49	15	17	16	13	21	16	38	38	26	41	18	31	34	44	34	33	14	12	16	31	21	47	40	38	12	24	38	39	13	21	46	14	35	21	33	42	27	15	44	20	34	45	25	49	26	39	45	31	29	16	25	26	41	19	33	16	26	22	40	31	26	44	24	44	27	35	45	44	26	29	25	25	44	23	38	39	42	36	16	36	45	13	49	43	17	29	27	48	29	40	17	26	25	26	29	39	31	18	50	33	17	47	25	26	39	46	38	30	47	25	33	28	41	26	37	35	28	50	45	18	28	46	25	46	49	40	44	36	43	40	31	46	46	17	45	46	38	13	47	22	29	43	13	45	41	10	11	36	39	23	19	29	27	19	11	16	20	33	48	16	36	40	41	33	36	19	47	40	17	11	37	43	44	30	10	38	33	37	25	40	48	17	10	15	16	29	30	31	19	44	15	27	41	25	19	22	18	10	30	41	13	30	38	26	48	34	46	42	23	24	20	31	18	32	18	11	49	44	41	23	50	20	15	41	30	25	39	13	15	43	16	43	23	18	33	42	46	36	29	40	18	40	25	12	29	14	47	10	42	33	46	37	39	34	22	31	34	20	40	34	47	11	49	20	21	46	43	47	37	32	45	38	13	35	22	39	46	36	47	48	34	46	37	16	13	33	33	11	26	17	34	35	46	49	48	36	45	30	40	14	26	12	11	48	47	37	24	13	26	12	38	24	29	21	34	37	39	47	13	35	43	37	13	12	11	41	25	46	50	32	23	39	19	15	31	12	12	45	21	42	14	47	43	27	34	46	28	49	12	41	33	19	43	36	39	28	29	49	11	32	44	19	46	14	45	22	36	41	28	49	35	46	17	23	44	37	47	21	24	50	31	38	41	35	30	14	42	49	15	30	19	49	23	10	49	24	28	29	48	10	42	36	48	10	32	13	20	11	31	16	10	21	50	35	43	47	12	23	14	47	15	14	38	20	43	45	45	11	24	26	16	39	37	46	30	50	25	36	35	11	25	28	19	48	36	12	36	19	26	38	26	45	37	40	42	50	42	31	33	21	21	44	44	11	42	28	22	46	23	19	29	12	27	16	12	24	25	17	26	15	36	30	40	39	27	15	20	12	44	39	35	27	25	47	22	38	22	10	28	46	10	13	25	18	18	41	30	44	25	29	10	39	41	47	48	11	40	42	35	11	46	26	14	44	42	16	22	35	24	24	47	30	47	36	43	42	10	18	46	31	31	48	44	25	45	28	30	48	34	46	18	11	35	22	50	34	28	22	25	26	37	25	42	45	35	26	33	18	37	20	48	48	19	21	25	27	47	21	16	50	46	16	49	35	37	16	35	21	21	23	44	14	33	44	13	24	36	44	50	40	35	34	42	29	48	28	27	18	11	37	12	13	50	14	11	47	30	48	40	10	36	38	38	23	19	39	12	20	31	26	32	33	20	19	34	10	21	48	11	12	15	44	16	42	33	47	16	21	38	14	37	15	29	43	50	49	24	29	21	49	50	23	11	18	31	45	21	22	15	40	28	46	26	30	40	28	44	13	36	10	40	45	48	42	38	41	30	25	13	14	21	32	17	44	42	43	31	27	50	13	20	33	30	28	48	25	26	17	47	33	29	20	19	39	22	39	28	49	41	22	33	31	43	26	21	26	31	30	10	29	35	23	49	25	27	38	39	27	36	23	48	14	48	33	45	35	13	35	37	45	23	28	40	20	18	11	16	42	33	10	31	39	26	47	28	45	13	25	36	16	18	19	34	36	35	45	41	22	20	21	30	19	39	35	40	12	10	26	41	15	38	22	42	22	25	10	25	43	36	17	12	31	37	19	22	38	11	47	47	30	47	43	13	19	38	37	39	12	48	10	20	50	19	37	41	10	15	25	47	48	20	46	39	29	14	28	40	27	39	35	36	49	34	25	24	17	24	17	26	10	23	11	50	20	46	39	41	22	34	47	28	17	35	34	48	31	29	28	29	15	17	32	37	43	12	29	28	50	37	31	14	28	48	50	29	39	19	22	40	17	46	16	27	20	14	38	29	25	24	24	11	18	19	43	24	34	12	20	22	44	49	41	10	21	13	10	20	12	43	11	36	33	42	21	29	16	27	30	28	29	20	30	41	48	48	41	26	20	37	21	44	11	41	21	34	30	31	20	44	21	47	10	33	49	42	34	20	25	16	15	18	45	29	18	34	21	30	40	49	22	38	28	27	41	44	18	28	33	34	19	43	44	22	41	38	33	29	27	17	45	42	48	30	39	34	36	27	17	42	13	25	38	27	24	41	30	30	21	30	29	19	23	47	49	31	29	49	37	23	48	38	23	47	20	27	50	33	15	37	25	41	47	17	25	44	21	19	18	21	27	37	49	32	35	19	14	15	27	20	26	48	37	27	41	10	26	49	17	29	19	19	34	10	42	48	45	20	25	40	35	48	10	46	48	22	30	39	21	35	10	49	32	42	39	20	37	37	41	19	11	14	44	11	33	43	36	15	24	18	50	28	39	10	23	31	17	43	11	40	16	41	22	43	43	28	29	16	18	26	28	33	39	50	40	50	20	39	18	24	22	19	28	12	17	43	40	30	25	12	12	11	31	38	38	15	15	29	20	10	45	39	42	31	31	35	44	39	25	29	26	31	29	13	15	48	32	46	26	41	21	25	18	47	21	14	30	36	12	33	17	19	36	18	24	26	43	34	29	38	37	34	42	24	43	45	14	10	50	18	43	27	45	11	21	14	18	42	11	40	30	46	42	38	20	24	10	17	48	27	50	11	13	37	30	26	21	32	49	18	20	45	15	36	43	11	27	50	50	12	38	22	28	24	29	34	27	49	25	50	43	26	39	16	24	50	45	18	16	28	43	46	43	35	48	24	46	38	48	20	35	29	41	22	26	31	14	34	14	22	32	39	26	32	10	40	18	22	19	14	44	23	42	50	45	42	13	29	12	32	50	22	33	31	18	44	21	40	19	14	42	49	13	33	18	25	50	16	25	16	39	20	45	29	38	18	48	24	48	25	10	15	13	42	12	50	40	13	13	30	10	42	38	36	46	37	26	49	18	13	43	12	46	24	47	38	16	15	16	35	13	41	31	10	26	14	32	18	23	50	13	34	50	21	31	39	40	47	30	23	33	48	20	34	45	32	49	21	50	29	44	47	43	10	21	37	19	26	43	46	39	27	36	22	20	10	42	37	31	21	19	41	45	26	36	21	18	18	40	41	31	25	16	10	12	43	20	46	49	17	50	25	33	42	23	27	27	35	27	22	35	45	40	42	50	35	30	36	43	10	50	47	37	50	36	35	26	32	27	18	37	50	35	27	39	43	44	19	25	32	27	14	24	45	34	18	30	48	41	19	20	16	27	20	42	10	27	13	15	16	11	39	48	41	35	34	19	43	14	30	27	18	21	28	21	17	30	22	31	14	17	32	36	41	19	23	35	43	11	39	26	31	31	26	47	19	32	16	30	40	47	42	17	38	48	12	22	48	26	43	26	20	38	17	33	32	39	28	45	23	18	30	32	43	15	43	46	50	31	37	43	32	16	34	40	49	23	28	50	14	11	14	37	21	11	45	46	13	10	25	22	38	15	40	48	17	12	19	11	29	
0.5
80
