3604
90
0	0	0	0	0	0	0	0	0	0	0	0	0	0	0	0	0	0	0	0	0	0	0	0	0	0	0	0	0	0	0	0	0	0	0	0	0	0	0	500	0	0	0	500	0	0	0	0	0	0	0	0	0	0	0	0	0	0	0	0	0	0	96	0	0	0	0	0	0	0	0	0	0	0	0	0	0	0	192	0	0	0	0	0	0	0	0	0	0	0	
0	0	0	0	0	0	0	0	0	0	0	0	0	192	0	0	0	0	0	0	0	0	0	0	0	0	0	0	0	0	0	0	0	0	0	0	0	0	192	0	0	0	0	0	0	0	0	0	0	0	0	0	0	0	0	0	0	0	0	0	0	0	0	0	0	0	0	0	0	0	48	0	0	0	0	0	0	0	0	0	0	0	0	0	0	0	0	0	0	0	
0	0	0	0	0	0	0	0	0	0	0	0	0	0	0	0	0	0	0	0	0	0	0	0	0	0	0	0	96	0	0	0	0	0	0	0	0	0	0	0	500	0	0	0	0	0	0	0	0	0	0	0	0	0	0	0	0	0	96	0	0	0	0	500	0	0	0	0	0	0	0	0	0	0	0	0	0	0	0	0	0	0	0	0	0	0	0	0	0	0	
0	0	0	0	96	0	0	0	0	0	0	0	0	0	0	0	0	0	0	0	0	0	0	0	0	0	0	0	0	0	0	0	0	0	0	0	0	0	0	0	0	0	0	0	0	0	500	0	0	0	0	0	0	96	0	0	0	0	0	0	0	0	0	0	0	0	192	0	0	0	0	0	0	0	0	0	0	0	0	0	0	0	96	0	0	0	0	0	0	0	
0	0	0	96	0	0	0	0	0	0	0	0	0	0	0	0	0	0	0	0	0	0	0	0	0	0	0	0	0	0	0	0	0	0	0	0	0	0	0	0	0	0	0	0	0	0	500	0	0	0	0	0	0	0	0	0	0	0	0	0	0	0	0	0	0	0	500	0	0	0	0	0	0	0	0	0	0	0	0	0	0	0	0	0	0	0	0	0	0	0	
0	0	0	0	0	0	0	0	0	500	0	0	0	0	0	0	0	0	0	0	0	0	0	0	0	0	0	0	0	0	0	0	0	0	0	0	0	0	0	0	0	0	0	0	0	0	0	0	0	0	0	0	0	0	0	0	0	0	0	0	0	0	0	0	0	0	0	0	0	0	0	0	500	0	0	0	0	0	0	0	0	0	0	0	0	0	0	0	0	0	
0	0	0	0	0	0	0	0	0	0	0	0	500	0	0	0	0	0	0	0	0	0	0	0	0	0	0	0	0	0	0	0	0	0	0	0	0	0	0	0	0	0	0	0	0	0	0	0	0	0	0	0	0	0	0	0	0	0	0	0	0	0	0	0	0	0	0	0	0	0	0	0	0	0	0	0	0	0	0	0	0	0	0	0	0	0	0	0	48	0	
0	0	0	0	0	0	0	0	0	0	0	0	0	0	0	0	0	0	0	0	0	0	0	0	0	0	0	0	0	0	0	0	0	0	0	96	0	500	0	0	0	0	0	0	0	0	0	0	0	0	0	0	0	0	0	0	0	0	0	0	0	0	0	0	0	0	0	0	0	0	0	0	0	0	0	0	0	48	0	0	0	0	0	0	0	0	0	0	0	0	
0	0	0	0	0	0	0	0	0	0	0	0	0	0	0	0	0	48	0	0	0	0	0	0	0	0	0	0	0	0	0	0	0	0	0	0	0	0	0	0	0	0	0	0	0	0	0	0	0	0	0	0	0	0	0	0	0	0	0	0	0	48	0	0	0	0	0	0	0	0	0	0	0	0	0	0	0	0	0	0	0	0	0	0	0	0	0	0	0	0	
0	0	0	0	0	500	0	0	0	0	0	0	0	0	0	0	0	0	0	0	0	0	0	0	0	0	0	0	0	0	0	0	0	0	0	0	0	0	0	0	0	0	0	0	0	0	0	0	0	0	0	0	0	0	0	0	0	0	0	0	0	0	0	0	0	0	0	0	0	0	0	0	96	0	0	0	0	0	0	0	0	0	0	0	0	0	0	0	0	0	
0	0	0	0	0	0	0	0	0	0	0	0	0	0	0	0	0	0	0	0	0	0	500	0	0	0	0	500	0	0	0	0	0	0	0	0	0	0	0	0	0	0	0	0	0	0	0	0	0	0	0	0	0	0	0	0	0	0	0	0	0	0	0	0	0	0	0	0	0	0	0	0	0	0	0	0	0	0	0	0	0	0	0	0	0	0	0	0	0	0	
0	0	0	0	0	0	0	0	0	0	0	0	0	0	0	0	0	0	0	0	0	0	0	0	0	0	0	0	0	0	0	0	0	0	0	0	0	0	0	0	0	0	0	0	500	0	0	0	0	0	0	0	0	0	0	0	0	0	0	0	0	0	0	0	0	0	0	0	0	0	0	48	0	0	0	500	0	0	0	0	0	0	0	0	0	0	0	0	0	0	
0	0	0	0	0	0	500	0	0	0	0	0	0	0	0	0	0	0	0	0	0	0	0	0	0	0	0	0	0	0	0	0	0	0	0	0	0	0	0	0	0	0	0	0	0	48	0	0	0	0	0	0	0	0	0	0	0	0	0	0	0	0	0	0	0	0	0	0	0	0	0	0	0	0	96	0	0	0	0	0	0	0	0	0	0	0	0	0	96	500	
0	192	0	0	0	0	0	0	0	0	0	0	0	0	0	0	0	0	0	0	0	0	0	0	0	0	0	0	0	0	0	0	0	0	0	0	0	0	0	0	0	0	0	0	0	0	0	0	0	0	0	0	0	0	0	0	0	0	0	0	0	0	0	0	0	0	0	0	0	0	48	0	0	0	0	0	0	0	0	0	0	0	0	0	0	0	0	0	0	0	
0	0	0	0	0	0	0	0	0	0	0	0	0	0	0	0	0	500	0	0	0	0	0	0	0	0	192	0	0	0	48	0	0	0	0	0	0	0	0	0	0	0	0	0	0	0	0	0	0	0	96	0	0	0	0	0	0	0	0	0	0	0	0	0	0	0	0	0	0	0	0	0	0	0	0	0	0	0	0	0	0	0	0	0	0	0	0	0	0	0	
0	0	0	0	0	0	0	0	0	0	0	0	0	0	0	0	0	0	0	0	0	0	0	0	0	0	0	0	0	0	0	0	192	0	0	0	0	0	0	0	0	0	0	0	0	0	0	0	0	0	0	0	0	0	0	0	0	0	0	0	0	0	0	0	0	0	0	0	0	0	0	0	0	0	0	0	0	0	0	0	0	0	0	0	0	0	500	0	0	0	
0	0	0	0	0	0	0	0	0	0	0	0	0	0	0	0	0	0	0	500	0	0	0	0	0	0	0	0	0	0	0	48	0	0	0	0	0	0	0	0	0	0	0	0	0	0	0	0	0	0	0	0	0	0	0	0	0	0	0	0	0	0	0	0	0	0	0	0	0	0	0	0	0	0	0	0	0	0	0	0	0	0	0	0	0	0	0	0	0	0	
0	0	0	0	0	0	0	0	48	0	0	0	0	0	500	0	0	0	0	0	0	0	0	0	0	0	0	0	0	0	0	0	0	0	0	0	0	0	0	0	0	0	0	0	0	0	0	0	0	0	48	0	0	0	0	0	0	0	0	0	0	0	0	0	0	0	0	0	0	0	0	0	0	0	0	0	0	0	0	0	0	0	0	0	0	0	0	0	0	0	
0	0	0	0	0	0	0	0	0	0	0	0	0	0	0	0	0	0	0	0	0	0	0	0	0	0	0	0	0	0	0	0	0	0	0	0	0	0	0	0	0	0	0	48	0	0	0	0	0	0	0	0	500	0	0	0	0	0	0	0	0	0	0	0	0	0	0	0	0	0	0	0	0	0	0	0	0	0	0	0	0	0	0	0	0	0	0	0	0	0	
0	0	0	0	0	0	0	0	0	0	0	0	0	0	0	0	500	0	0	0	0	0	0	0	0	0	0	0	0	0	0	48	0	0	0	0	0	0	0	0	0	0	0	0	0	0	0	0	0	0	0	0	0	0	0	0	0	0	0	0	0	0	0	0	0	0	0	0	0	0	0	0	0	0	0	0	0	0	0	0	0	0	0	0	0	0	0	0	0	0	
0	0	0	0	0	0	0	0	0	0	0	0	0	0	0	0	0	0	0	0	0	0	0	0	0	0	0	0	0	0	0	500	500	0	48	0	0	0	0	0	0	0	0	0	0	0	0	0	0	0	0	48	0	0	0	0	0	0	0	0	0	0	0	0	0	0	0	0	0	0	0	0	0	0	0	0	0	0	0	0	0	0	0	0	0	0	96	0	0	0	
0	0	0	0	0	0	0	0	0	0	0	0	0	0	0	0	0	0	0	0	0	0	0	0	0	0	0	0	48	0	0	0	0	0	0	0	0	0	0	0	0	0	0	0	0	0	0	0	0	0	0	0	0	0	0	0	0	0	0	0	0	0	0	0	192	0	0	0	0	0	0	0	96	0	0	0	0	0	0	0	0	0	0	0	0	0	0	0	0	0	
0	0	0	0	0	0	0	0	0	0	500	0	0	0	0	0	0	0	0	0	0	0	0	0	0	0	0	0	0	0	0	0	0	0	0	0	0	0	0	0	0	0	0	0	0	0	0	0	0	0	0	0	0	0	0	0	0	0	0	0	0	0	0	0	0	0	0	0	0	0	0	0	0	0	0	0	0	0	0	0	0	0	0	0	0	0	0	0	0	48	
0	0	0	0	0	0	0	0	0	0	0	0	0	0	0	0	0	0	0	0	0	0	0	0	0	0	0	0	0	0	0	0	0	0	0	0	0	0	0	0	0	0	0	0	0	0	0	0	0	0	0	0	0	0	0	0	96	0	0	0	0	0	0	0	0	0	0	0	0	0	0	0	0	0	0	0	48	0	0	0	0	0	0	0	0	0	0	0	0	0	
0	0	0	0	0	0	0	0	0	0	0	0	0	0	0	0	0	0	0	0	0	0	0	0	0	0	0	0	0	48	0	0	0	0	0	0	0	0	0	0	0	0	0	0	0	0	0	0	0	0	0	0	0	0	0	0	0	0	0	0	0	0	0	0	0	0	0	0	0	0	0	0	0	0	0	0	0	0	0	0	0	192	96	0	0	0	0	0	0	0	
0	0	0	0	0	0	0	0	0	0	0	0	0	0	0	0	0	0	0	0	0	0	0	0	0	0	0	0	0	0	0	0	0	0	0	0	0	0	0	0	0	0	0	0	0	0	0	0	0	0	0	0	0	0	0	0	0	96	0	0	192	0	0	0	0	0	0	0	0	0	0	0	0	0	0	0	0	0	0	0	0	0	0	0	0	0	0	0	0	0	
0	0	0	0	0	0	0	0	0	0	0	0	0	0	192	0	0	0	0	0	0	0	0	0	0	0	0	0	0	0	0	0	0	0	0	0	0	0	0	0	0	0	0	0	0	0	0	0	0	0	192	0	0	0	0	0	0	0	0	0	0	0	0	0	0	0	0	0	0	0	0	0	0	0	0	0	0	0	0	0	0	0	0	0	0	0	0	0	0	0	
0	0	0	0	0	0	0	0	0	0	500	0	0	0	0	0	0	0	0	0	0	0	0	0	0	0	0	0	0	0	0	0	0	0	0	0	0	0	0	0	0	0	0	0	0	0	0	0	0	0	0	0	0	0	0	0	0	0	0	0	0	0	0	0	0	0	0	0	0	0	0	0	0	0	48	0	0	0	0	0	0	0	0	0	0	0	48	0	0	0	
0	0	96	0	0	0	0	0	0	0	0	0	0	0	0	0	0	0	0	0	0	48	0	0	0	0	0	0	0	0	0	0	0	0	0	0	0	0	0	0	0	0	0	0	0	0	0	0	0	0	0	0	0	0	0	0	0	0	0	0	0	0	0	0	0	0	0	0	0	0	0	0	0	0	0	0	0	0	0	0	0	0	0	0	0	0	0	0	0	0	
0	0	0	0	0	0	0	0	0	0	0	0	0	0	0	0	0	0	0	0	0	0	0	0	48	0	0	0	0	0	0	0	0	0	0	0	0	0	0	96	0	0	0	0	0	0	0	0	0	0	0	0	0	0	0	0	0	0	0	0	0	0	0	96	500	0	0	0	0	0	0	0	0	0	0	0	0	0	0	0	0	500	0	0	0	0	0	0	0	0	
0	0	0	0	0	0	0	0	0	0	0	0	0	0	48	0	0	0	0	0	0	0	0	0	0	0	0	0	0	0	0	0	0	0	0	0	0	0	0	0	0	0	0	0	0	0	0	0	0	0	96	0	0	0	0	0	0	0	0	0	0	0	0	0	0	0	0	0	0	0	0	0	0	0	0	0	0	0	0	0	0	0	0	0	0	0	0	0	0	0	
0	0	0	0	0	0	0	0	0	0	0	0	0	0	0	0	48	0	0	48	500	0	0	0	0	0	0	0	0	0	0	0	0	0	0	0	0	0	0	0	0	0	0	0	0	0	0	0	0	0	0	0	0	0	0	0	0	0	0	0	0	0	0	0	0	0	0	0	0	0	0	0	0	0	0	0	0	0	0	0	0	0	0	0	0	0	0	0	0	0	
0	0	0	0	0	0	0	0	0	0	0	0	0	0	0	192	0	0	0	0	500	0	0	0	0	0	0	0	0	0	0	0	0	0	0	0	0	0	0	0	0	0	0	0	0	0	0	0	0	0	0	0	0	0	0	0	0	0	0	0	0	0	0	0	0	0	0	0	0	0	0	0	0	0	0	0	0	0	0	0	0	0	0	0	0	0	0	0	0	0	
0	0	0	0	0	0	0	0	0	0	0	0	0	0	0	0	0	0	0	0	0	0	0	0	0	0	0	0	0	0	0	0	0	0	0	0	0	0	0	96	0	0	0	0	0	0	0	0	0	0	0	0	0	0	500	0	0	0	0	0	0	0	0	0	0	0	0	0	0	0	0	0	0	0	0	0	0	0	0	0	0	0	0	0	0	0	0	0	0	0	
0	0	0	0	0	0	0	0	0	0	0	0	0	0	0	0	0	0	0	0	48	0	0	0	0	0	0	0	0	0	0	0	0	0	0	192	0	500	0	0	0	0	0	0	0	0	0	0	0	0	0	0	0	0	0	0	0	0	0	0	0	0	0	0	0	0	0	0	0	0	0	0	0	0	0	0	0	0	0	0	0	0	0	0	0	0	0	0	0	0	
0	0	0	0	0	0	0	96	0	0	0	0	0	0	0	0	0	0	0	0	0	0	0	0	0	0	0	0	0	0	0	0	0	0	192	0	0	48	0	0	0	0	0	0	0	0	0	0	0	0	0	0	0	0	0	0	0	0	0	0	0	0	0	0	0	0	0	500	0	0	0	0	0	0	0	0	0	0	0	0	0	0	0	0	0	0	0	0	0	0	
0	0	0	0	0	0	0	0	0	0	0	0	0	0	0	0	0	0	0	0	0	0	0	0	0	0	0	0	0	0	0	0	0	0	0	0	0	0	0	0	0	0	0	0	0	0	0	0	0	0	0	192	0	0	0	0	0	0	0	0	0	0	0	0	0	192	0	48	0	0	0	0	0	0	0	0	0	0	0	0	0	0	0	0	0	0	0	0	0	0	
0	0	0	0	0	0	0	500	0	0	0	0	0	0	0	0	0	0	0	0	0	0	0	0	0	0	0	0	0	0	0	0	0	0	500	48	0	0	0	0	0	0	0	0	0	0	0	0	0	0	0	0	0	0	0	0	0	0	0	0	0	0	0	0	0	0	0	0	0	0	0	0	0	0	0	0	0	0	0	0	0	0	0	0	0	0	0	0	0	0	
0	192	0	0	0	0	0	0	0	0	0	0	0	0	0	0	0	0	0	0	0	0	0	0	0	0	0	0	0	0	0	0	0	0	0	0	0	0	0	0	0	0	0	0	0	0	0	0	0	0	0	0	0	0	0	0	0	0	0	0	0	0	0	0	0	0	0	0	0	0	96	0	0	0	0	96	0	0	0	0	0	0	0	0	0	0	0	0	0	0	
500	0	0	0	0	0	0	0	0	0	0	0	0	0	0	0	0	0	0	0	0	0	0	0	0	0	0	0	0	96	0	0	0	96	0	0	0	0	0	0	0	0	0	0	0	0	0	0	0	0	0	0	0	0	0	0	0	0	0	0	0	0	0	0	0	0	0	0	0	0	0	0	0	0	0	0	0	0	0	0	0	0	0	0	0	0	0	0	0	0	
0	0	500	0	0	0	0	0	0	0	0	0	0	0	0	0	0	0	0	0	0	0	0	0	0	0	0	0	0	0	0	0	0	0	0	0	0	0	0	0	0	0	0	0	0	0	0	0	0	0	0	0	0	0	0	0	0	0	0	0	0	0	0	192	0	0	0	0	0	0	0	0	0	0	0	0	0	0	0	0	0	0	0	0	0	0	0	0	0	0	
0	0	0	0	0	0	0	0	0	0	0	0	0	0	0	0	0	0	0	0	0	0	0	0	0	0	0	0	0	0	0	0	0	0	0	0	0	0	0	0	0	0	0	0	0	0	0	0	0	0	96	0	0	0	0	0	0	0	0	0	0	0	0	0	0	0	0	0	0	0	0	0	0	0	0	0	0	0	0	48	0	0	0	0	0	0	0	0	0	0	
0	0	0	0	0	0	0	0	0	0	0	0	0	0	0	0	0	0	0	0	0	0	0	0	0	0	0	0	0	0	0	0	0	0	0	0	0	0	0	0	0	0	0	0	0	0	0	0	48	0	0	0	0	0	0	0	0	0	0	0	0	0	0	0	0	0	0	0	192	48	0	0	0	0	0	0	0	0	0	0	0	0	0	0	500	0	0	0	0	0	
500	0	0	0	0	0	0	0	0	0	0	0	0	0	0	0	0	0	48	0	0	0	0	0	0	0	0	0	0	0	0	0	0	0	0	0	0	0	0	0	0	0	0	0	0	0	0	0	0	0	0	0	96	0	0	0	0	0	0	0	0	0	0	0	0	0	0	0	0	0	0	0	0	0	0	0	0	0	0	0	0	0	0	0	0	0	0	0	0	0	
0	0	0	0	0	0	0	0	0	0	0	500	0	0	0	0	0	0	0	0	0	0	0	0	0	0	0	0	0	0	0	0	0	0	0	0	0	0	0	0	0	0	0	0	0	0	0	0	0	0	0	0	0	0	0	0	0	0	0	0	0	0	0	0	0	0	0	0	96	500	0	96	0	0	0	0	0	0	0	0	0	0	0	0	0	0	0	0	0	0	
0	0	0	0	0	0	0	0	0	0	0	0	48	0	0	0	0	0	0	0	0	0	0	0	0	0	0	0	0	0	0	0	0	0	0	0	0	0	0	0	0	0	0	0	0	0	0	0	0	0	0	0	0	0	0	0	0	0	0	0	0	0	0	0	0	0	0	0	0	0	0	0	0	0	0	0	0	0	0	0	500	0	0	0	0	0	0	48	0	0	
0	0	0	500	500	0	0	0	0	0	0	0	0	0	0	0	0	0	0	0	0	0	0	0	0	0	0	0	0	0	0	0	0	0	0	0	0	0	0	0	0	0	0	0	0	0	0	0	0	0	0	0	0	0	0	0	0	0	0	0	0	0	0	0	0	0	0	0	0	0	0	0	0	0	0	0	0	0	0	0	0	0	48	0	0	0	0	0	0	0	
0	0	0	0	0	0	0	0	0	0	0	0	0	0	0	0	0	0	0	0	0	0	0	0	0	0	0	0	0	0	0	0	0	0	0	0	0	0	0	0	0	0	0	0	0	0	0	0	0	0	0	0	0	0	0	0	0	0	0	0	0	0	0	0	0	0	0	0	0	0	0	0	0	0	0	0	0	0	0	0	500	0	0	0	0	0	0	96	0	0	
0	0	0	0	0	0	0	0	0	0	0	0	0	0	0	0	0	0	0	0	0	0	0	0	0	0	0	0	0	0	0	0	0	0	0	0	0	0	0	0	0	0	48	0	0	0	0	0	0	96	0	0	0	0	0	0	0	0	0	0	0	0	0	0	0	0	0	0	0	0	0	0	0	0	0	0	0	0	0	0	0	0	0	0	0	192	0	0	0	0	
0	0	0	0	0	0	0	0	0	0	0	0	0	0	0	0	0	0	0	0	0	0	0	0	0	0	0	0	0	0	0	0	0	0	0	0	0	0	0	0	0	0	0	0	0	0	0	0	96	0	0	0	0	0	0	0	0	0	0	0	0	500	0	0	0	0	0	0	0	0	0	0	0	0	0	0	0	0	0	0	0	0	0	0	0	0	0	0	0	0	
0	0	0	0	0	0	0	0	0	0	0	0	0	0	96	0	0	48	0	0	0	0	0	0	0	0	192	0	0	0	96	0	0	0	0	0	0	0	0	0	0	96	0	0	0	0	0	0	0	0	0	0	0	0	0	0	0	0	0	0	0	0	0	0	0	0	0	0	0	0	0	0	0	0	0	0	0	0	0	0	0	0	0	0	0	0	0	0	0	0	
0	0	0	0	0	0	0	0	0	0	0	0	0	0	0	0	0	0	0	0	48	0	0	0	0	0	0	0	0	0	0	0	0	0	0	0	192	0	0	0	0	0	0	0	0	0	0	0	0	0	0	0	0	0	0	0	0	0	0	0	0	0	0	0	0	0	0	0	0	0	0	0	0	0	0	0	0	0	0	0	0	0	0	0	0	0	0	0	0	0	
0	0	0	0	0	0	0	0	0	0	0	0	0	0	0	0	0	0	500	0	0	0	0	0	0	0	0	0	0	0	0	0	0	0	0	0	0	0	0	0	0	0	0	96	0	0	0	0	0	0	0	0	0	0	0	0	0	0	0	0	0	0	0	0	0	0	0	0	0	0	0	0	0	0	0	0	0	0	0	0	0	0	0	0	0	0	0	0	0	0	
0	0	0	96	0	0	0	0	0	0	0	0	0	0	0	0	0	0	0	0	0	0	0	0	0	0	0	0	0	0	0	0	0	0	0	0	0	0	0	0	0	0	0	0	0	0	0	0	0	0	0	0	0	0	0	0	0	0	0	500	0	0	0	0	0	0	0	0	0	0	0	0	0	0	0	0	0	0	0	0	0	0	96	0	0	0	0	0	0	0	
0	0	0	0	0	0	0	0	0	0	0	0	0	0	0	0	0	0	0	0	0	0	0	0	0	0	0	0	0	0	0	0	0	500	0	0	0	0	0	0	0	0	0	0	0	0	0	0	0	0	0	0	0	0	0	0	0	0	0	96	0	0	0	0	0	0	0	0	0	0	0	0	0	0	0	0	0	0	0	0	0	0	0	0	0	0	0	0	0	0	
0	0	0	0	0	0	0	0	0	0	0	0	0	0	0	0	0	0	0	0	0	0	0	0	0	0	0	0	0	0	0	0	0	0	0	0	0	0	0	0	0	0	0	0	0	0	0	0	0	0	0	0	0	0	0	0	500	0	0	0	0	0	0	0	0	0	0	0	0	0	0	0	0	0	0	0	96	0	0	0	0	0	0	0	0	0	0	0	0	0	
0	0	0	0	0	0	0	0	0	0	0	0	0	0	0	0	0	0	0	0	0	0	0	96	0	0	0	0	0	0	0	0	0	0	0	0	0	0	0	0	0	0	0	0	0	0	0	0	0	0	0	0	0	0	0	500	0	0	0	0	0	0	0	0	0	0	0	0	0	0	0	0	0	0	0	0	500	0	0	0	0	0	0	0	0	0	0	0	0	0	
0	0	0	0	0	0	0	0	0	0	0	0	0	0	0	0	0	0	0	0	0	0	0	0	0	96	0	0	0	0	0	0	0	0	0	0	0	0	0	0	0	0	0	0	0	0	0	0	0	0	0	0	0	0	0	0	0	0	96	0	96	0	0	0	0	0	0	0	0	0	0	0	0	500	0	0	0	0	0	0	0	0	0	192	0	0	0	0	0	0	
0	0	96	0	0	0	0	0	0	0	0	0	0	0	0	0	0	0	0	0	0	0	0	0	0	0	0	0	0	0	0	0	0	0	0	0	0	0	0	0	0	0	0	0	0	0	0	0	0	0	0	0	0	0	0	0	0	96	0	0	0	0	0	0	0	0	0	0	0	0	0	0	0	192	0	0	0	0	0	0	0	0	0	0	0	0	0	0	0	0	
0	0	0	0	0	0	0	0	0	0	0	0	0	0	0	0	0	0	0	0	0	0	0	0	0	0	0	0	0	0	0	0	0	0	0	0	0	0	0	0	0	0	0	0	0	0	0	0	0	0	0	0	0	500	96	0	0	0	0	0	0	0	0	0	0	0	0	0	0	0	0	0	0	0	0	0	0	0	0	0	0	0	0	0	0	0	0	0	0	0	
0	0	0	0	0	0	0	0	0	0	0	0	0	0	0	0	0	0	0	0	0	0	0	0	0	192	0	0	0	0	0	0	0	0	0	0	0	0	0	0	0	0	0	0	0	0	0	0	0	0	0	0	0	0	0	0	0	96	0	0	0	0	0	0	0	500	0	0	0	0	0	0	0	0	0	0	0	0	0	0	0	0	0	192	0	0	0	0	0	0	
0	0	0	0	0	0	0	0	48	0	0	0	0	0	0	0	0	0	0	0	0	0	0	0	0	0	0	0	0	0	0	0	0	0	0	0	0	0	0	0	0	0	0	0	0	0	0	0	0	500	0	0	0	0	0	0	0	0	0	0	0	0	0	0	0	0	0	0	0	0	0	0	0	0	0	0	0	0	0	0	0	0	0	0	0	0	0	0	0	0	
96	0	0	0	0	0	0	0	0	0	0	0	0	0	0	0	0	0	0	0	0	0	0	0	0	0	0	0	0	0	0	0	0	0	0	0	0	0	0	0	0	0	0	0	0	0	0	0	0	0	0	0	0	0	0	0	0	0	0	0	0	0	0	0	0	0	0	0	0	0	0	0	0	0	0	0	0	0	500	0	0	48	0	0	0	0	0	0	0	0	
0	0	500	0	0	0	0	0	0	0	0	0	0	0	0	0	0	0	0	0	0	0	0	0	0	0	0	0	0	96	0	0	0	0	0	0	0	0	0	0	192	0	0	0	0	0	0	0	0	0	0	0	0	0	0	0	0	0	0	0	0	0	0	0	0	0	0	0	0	0	0	0	0	0	0	0	0	0	0	0	0	0	0	0	0	0	0	0	0	0	
0	0	0	0	0	0	0	0	0	0	0	0	0	0	0	0	0	0	0	0	0	192	0	0	0	0	0	0	0	500	0	0	0	0	0	0	0	0	0	0	0	0	0	0	0	0	0	0	0	0	0	0	0	0	0	0	0	0	0	0	0	0	0	0	0	0	0	0	0	0	0	0	0	0	0	0	0	0	0	0	0	0	0	0	0	0	0	0	0	0	
0	0	0	0	0	0	0	0	0	0	0	0	0	0	0	0	0	0	0	0	0	0	0	0	0	0	0	0	0	0	0	0	0	0	0	0	192	0	0	0	0	0	0	0	0	0	0	0	0	0	0	0	0	0	0	0	0	0	0	0	500	0	0	0	0	0	0	0	0	0	0	0	0	0	0	0	0	0	0	0	0	0	0	0	0	0	192	0	0	0	
0	0	0	192	500	0	0	0	0	0	0	0	0	0	0	0	0	0	0	0	0	0	0	0	0	0	0	0	0	0	0	0	0	0	0	0	0	0	0	0	0	0	0	0	0	0	0	0	0	0	0	0	0	0	0	0	0	0	0	0	0	0	0	0	0	0	0	0	0	0	0	0	0	0	0	0	0	0	0	0	0	0	0	0	0	0	0	0	0	0	
0	0	0	0	0	0	0	0	0	0	0	0	0	0	0	0	0	0	0	0	0	0	0	0	0	0	0	0	0	0	0	0	0	0	0	500	48	0	0	0	0	0	0	0	0	0	0	0	0	0	0	0	0	0	0	0	0	0	0	0	0	0	0	0	0	0	0	0	0	0	0	0	0	0	0	0	0	0	0	0	0	0	0	0	0	0	0	0	0	0	
0	0	0	0	0	0	0	0	0	0	0	0	0	0	0	0	0	0	0	0	0	0	0	0	0	0	0	0	0	0	0	0	0	0	0	0	0	0	0	0	0	0	192	0	96	0	0	0	0	0	0	0	0	0	0	0	0	0	0	0	0	0	0	0	0	0	0	0	0	0	0	0	0	0	0	0	0	0	0	0	0	0	0	0	0	0	0	0	0	0	
0	0	0	0	0	0	0	0	0	0	0	0	0	0	0	0	0	0	0	0	0	0	0	0	0	0	0	0	0	0	0	0	0	0	0	0	0	0	0	0	0	0	48	0	500	0	0	0	0	0	0	0	0	0	0	0	0	0	0	0	0	0	0	0	0	0	0	0	0	0	0	0	0	0	0	0	0	0	0	0	0	0	0	0	0	0	0	0	0	0	
0	48	0	0	0	0	0	0	0	0	0	0	0	48	0	0	0	0	0	0	0	0	0	0	0	0	0	0	0	0	0	0	0	0	0	0	0	0	96	0	0	0	0	0	0	0	0	0	0	0	0	0	0	0	0	0	0	0	0	0	0	0	0	0	0	0	0	0	0	0	0	0	0	0	0	0	0	0	0	0	0	0	0	0	0	0	0	0	0	0	
0	0	0	0	0	0	0	0	0	0	0	48	0	0	0	0	0	0	0	0	0	0	0	0	0	0	0	0	0	0	0	0	0	0	0	0	0	0	0	0	0	0	0	0	96	0	0	0	0	0	0	0	0	0	0	0	0	0	0	0	0	0	0	0	0	0	0	0	0	0	0	0	0	0	0	0	0	0	0	0	500	0	0	0	96	96	0	0	0	0	
0	0	0	0	0	500	0	0	0	96	0	0	0	0	0	0	0	0	0	0	0	96	0	0	0	0	0	0	0	0	0	0	0	0	0	0	0	0	0	0	0	0	0	0	0	0	0	0	0	0	0	0	0	0	0	0	0	0	0	0	0	0	0	0	0	0	0	0	0	0	0	0	0	0	0	0	0	0	0	0	0	0	192	0	0	0	0	0	0	0	
0	0	0	0	0	0	0	0	0	0	0	0	0	0	0	0	0	0	0	0	0	0	0	0	0	0	0	0	0	0	0	0	0	0	0	0	0	0	0	0	0	0	0	0	0	0	0	0	0	0	0	0	0	0	0	0	0	500	192	0	0	0	0	0	0	0	0	0	0	0	0	0	0	0	0	0	0	0	0	0	0	0	0	0	0	0	0	0	0	0	
0	0	0	0	0	0	0	0	0	0	0	0	96	0	0	0	0	0	0	0	0	0	0	0	0	0	0	48	0	0	0	0	0	0	0	0	0	0	0	0	0	0	0	0	0	0	0	0	0	0	0	0	0	0	0	0	0	0	0	0	0	0	0	0	0	0	0	0	0	0	0	0	0	0	0	0	0	500	0	0	0	0	0	0	0	0	96	0	0	0	
0	0	0	0	0	0	0	0	0	0	0	500	0	0	0	0	0	0	0	0	0	0	0	0	0	0	0	0	0	0	0	0	0	0	0	0	0	0	96	0	0	0	0	0	0	0	0	0	0	0	0	0	0	0	0	0	0	0	0	0	0	0	0	0	0	0	0	0	0	0	0	0	0	0	0	0	0	0	0	0	0	0	0	0	0	0	0	0	0	0	
0	0	0	0	0	0	0	0	0	0	0	0	0	0	0	0	0	0	0	0	0	0	0	48	0	0	0	0	0	0	0	0	0	0	0	0	0	0	0	0	0	0	0	0	0	0	0	0	0	0	0	0	0	0	0	96	500	0	0	0	0	0	0	0	0	0	0	0	0	0	0	0	0	0	0	0	0	0	0	0	0	0	0	0	0	0	0	0	0	48	
0	0	0	0	0	0	0	48	0	0	0	0	0	0	0	0	0	0	0	0	0	0	0	0	0	0	0	0	0	0	0	0	0	0	0	0	0	0	0	0	0	0	0	0	0	0	0	0	0	0	0	0	0	0	0	0	0	0	0	0	0	0	0	0	0	0	0	0	0	0	0	0	0	0	500	0	0	0	0	0	0	0	0	0	0	0	0	0	0	0	
192	0	0	0	0	0	0	0	0	0	0	0	0	0	0	0	0	0	0	0	0	0	0	0	0	0	0	0	0	0	0	0	0	0	0	0	0	0	0	0	0	0	0	0	0	0	0	0	0	0	0	0	0	0	0	0	0	0	0	0	0	0	500	0	0	0	0	0	0	0	0	0	0	0	0	0	0	0	0	0	0	0	0	0	0	0	0	0	0	0	
0	0	0	0	0	0	0	0	0	0	0	0	0	0	0	0	0	0	0	0	0	0	0	0	0	0	0	0	0	0	0	0	0	0	0	0	0	0	0	0	0	48	0	0	0	0	0	0	0	0	0	0	0	0	0	0	0	0	0	0	0	0	0	0	0	0	0	0	0	0	0	0	0	0	0	0	0	0	0	0	0	0	0	0	0	96	0	0	0	0	
0	0	0	0	0	0	0	0	0	0	0	0	0	0	0	0	0	0	0	0	0	0	0	0	0	0	0	0	0	0	0	0	0	0	0	0	0	0	0	0	0	0	0	0	0	500	0	500	0	0	0	0	0	0	0	0	0	0	0	0	0	0	0	0	0	0	0	0	0	0	0	500	0	0	0	0	0	0	0	0	0	0	0	0	0	0	0	0	0	0	
0	0	0	0	0	0	0	0	0	0	0	0	0	0	0	0	0	0	0	0	0	0	0	0	192	0	0	0	0	500	0	0	0	0	0	0	0	0	0	0	0	0	0	0	0	0	0	0	0	0	0	0	0	0	0	0	0	0	0	0	0	0	48	0	0	0	0	0	0	0	0	0	0	0	0	0	0	0	0	0	0	0	0	0	0	0	0	0	0	0	
0	0	0	96	0	0	0	0	0	0	0	0	0	0	0	0	0	0	0	0	0	0	0	0	96	0	0	0	0	0	0	0	0	0	0	0	0	0	0	0	0	0	0	0	0	0	48	0	0	0	0	0	0	96	0	0	0	0	0	0	0	0	0	0	0	0	0	0	0	0	0	0	192	0	0	0	0	0	0	0	0	0	0	0	0	0	0	0	0	0	
0	0	0	0	0	0	0	0	0	0	0	0	0	0	0	0	0	0	0	0	0	0	0	0	0	0	0	0	0	0	0	0	0	0	0	0	0	0	0	0	0	0	0	0	0	0	0	0	0	0	0	0	0	0	0	0	0	192	0	0	192	0	0	0	0	0	0	0	0	0	0	0	0	0	0	0	0	0	0	0	0	0	0	0	0	0	0	0	0	0	
0	0	0	0	0	0	0	0	0	0	0	0	0	0	0	0	0	0	0	0	0	0	0	0	0	0	0	0	0	0	0	0	0	0	0	0	0	0	0	0	0	0	500	0	0	0	0	0	0	0	0	0	0	0	0	0	0	0	0	0	0	0	0	0	0	0	0	0	0	0	0	96	0	0	0	0	0	0	0	0	0	0	0	0	0	500	0	0	0	0	
0	0	0	0	0	0	0	0	0	0	0	0	0	0	0	0	0	0	0	0	0	0	0	0	0	0	0	0	0	0	0	0	0	0	0	0	0	0	0	0	0	0	0	0	0	0	0	0	192	0	0	0	0	0	0	0	0	0	0	0	0	0	0	0	0	0	0	0	0	0	0	96	0	0	0	0	0	0	0	96	0	0	0	0	500	0	0	0	0	0	
0	0	0	0	0	0	0	0	0	0	0	0	0	0	0	500	0	0	0	0	96	0	0	0	0	0	0	48	0	0	0	0	0	0	0	0	0	0	0	0	0	0	0	0	0	0	0	0	0	0	0	0	0	0	0	0	0	0	0	0	0	0	0	0	0	192	0	0	0	0	0	0	0	0	96	0	0	0	0	0	0	0	0	0	0	0	0	0	0	0	
0	0	0	0	0	0	0	0	0	0	0	0	0	0	0	0	0	0	0	0	0	0	0	0	0	0	0	0	0	0	0	0	0	0	0	0	0	0	0	0	0	0	0	0	0	48	0	96	0	0	0	0	0	0	0	0	0	0	0	0	0	0	0	0	0	0	0	0	0	0	0	0	0	0	0	0	0	0	0	0	0	0	0	0	0	0	0	0	0	0	
0	0	0	0	0	0	48	0	0	0	0	0	96	0	0	0	0	0	0	0	0	0	0	0	0	0	0	0	0	0	0	0	0	0	0	0	0	0	0	0	0	0	0	0	0	0	0	0	0	0	0	0	0	0	0	0	0	0	0	0	0	0	0	0	0	0	0	0	0	0	0	0	0	0	0	0	0	0	0	0	0	0	0	0	0	0	0	0	0	0	
0	0	0	0	0	0	0	0	0	0	0	0	500	0	0	0	0	0	0	0	0	0	48	0	0	0	0	0	0	0	0	0	0	0	0	0	0	0	0	0	0	0	0	0	0	0	0	0	0	0	0	0	0	0	0	0	0	0	0	0	0	0	0	0	0	0	0	0	0	0	0	0	0	0	0	0	48	0	0	0	0	0	0	0	0	0	0	0	0	0	
32	6	46	66	88	67	72	76	16	48	33	72	32	51	32	79	12	79	32	1	16	51	51	14	53	53	8	59	14	36	12	10	36	0	67	62	65	83	81	32	68	24	47	82	14	61	38	10	20	33	34	28	78	13	12	60	63	27	33	27	83	70	43	1	52	82	6	43	29	61	51	21	42	72	27	26	89	8	47	0	49	44	53	83	49	87	38	7	1	41	25	56	69	14	0	9	7	1	61	31	4	26	1	40	43	20	89	1	78	16	5	47	17	31	10	25	34	14	52	49	80	6	12	86	70	64	85	41	0	37	65	39	6	86	43	31	13	83	51	21	11	5	6	8	46	14	17	41	51	0	72	20	22	46	88	40	20	60	47	35	53	36	30	1	43	70	0	14	41	76	29	18	69	83	71	63	46	9	85	61	32	56	30	24	48	81	19	16	24	18	85	6	12	8	75	12	57	88	80	79	63	31	45	7	15	88	30	61	49	28	62	11	77	18	18	1	74	31	79	43	10	56	25	51	63	61	30	12	48	67	33	74	4	58	11	8	43	38	2	8	63	14	42	83	21	85	65	47	27	12	10	44	83	76	74	26	44	41	88	7	40	25	43	23	59	67	55	28	72	33	81	24	14	50	52	31	67	5	4	4	13	34	21	27	71	32	63	20	59	41	0	27	49	69	48	12	66	85	81	7	37	9	25	24	16	0	8	47	45	67	33	66	48	32	32	21	14	6	6	56	52	85	54	70	9	31	68	81	48	41	37	41	42	66	26	32	77	37	27	56	75	9	76	67	67	18	64	39	84	34	20	56	13	12	83	76	19	26	9	47	13	41	15	71	6	42	14	61	41	6	31	89	69	30	69	29	76	9	39	7	42	34	26	51	74	20	25	59	11	64	5	29	74	6	37	3	52	45	2	43	14	25	39	52	58	66	17	56	10	23	75	36	78	26	46	48	61	21	65	33	84	80	52	43	61	45	32	56	88	3	0	74	12	4	73	67	41	38	31	80	65	70	78	41	35	26	83	59	74	49	41	28	82	78	87	11	5	2	11	48	57	24	45	3	59	61	46	56	52	52	47	25	70	4	84	54	19	46	82	25	53	24	64	42	13	83	34	39	86	69	86	9	66	36	43	26	65	33	76	35	7	29	71	86	47	7	7	80	46	20	49	35	8	54	57	7	89	23	84	65	57	74	5	44	23	49	22	66	54	11	85	24	22	3	23	5	21	7	55	50	42	58	85	35	43	68	46	43	40	5	3	7	26	52	52	75	59	81	84	47	50	39	2	39	14	59	30	75	82	21	60	78	23	70	45	24	86	82	28	58	78	41	57	58	16	6	65	27	77	60	70	73	69	20	21	2	6	57	7	48	82	69	42	79	4	2	17	32	69	17	47	0	31	58	86	59	26	42	58	12	25	12	88	84	29	69	79	18	16	82	62	28	30	86	5	75	11	42	36	66	9	71	10	39	5	82	28	34	8	7	49	52	2	29	61	85	36	26	0	28	58	78	29	21	38	74	75	87	51	22	15	64	13	0	25	40	25	24	75	85	43	2	60	63	17	47	9	10	32	87	73	36	52	48	24	57	25	59	68	33	50	56	66	33	87	84	31	85	15	10	67	40	81	43	3	60	10	84	26	60	17	84	50	66	29	24	53	52	15	51	20	24	32	74	20	86	85	71	33	31	74	41	8	17	31	60	6	79	81	60	58	53	22	34	40	40	86	9	44	36	25	76	33	81	13	84	84	63	5	61	49	64	38	53	16	32	9	69	71	21	64	1	28	27	49	52	55	72	69	29	26	15	69	54	21	40	8	24	2	53	61	89	18	26	29	55	12	7	30	89	40	14	74	7	28	77	39	60	17	76	74	5	4	11	74	2	20	4	35	74	55	5	79	65	34	21	55	75	18	48	19	41	21	64	30	6	5	39	8	75	43	83	29	43	86	38	56	30	34	84	19	0	82	13	85	8	28	63	42	32	53	86	84	39	28	14	44	8	53	32	46	24	49	10	47	80	32	28	31	57	83	18	66	80	15	10	85	34	10	84	6	34	39	52	68	87	80	56	43	47	12	54	13	17	62	57	53	28	16	85	24	27	7	15	20	56	53	3	15	55	9	8	61	8	78	44	69	37	16	33	36	35	74	53	89	63	12	68	65	4	75	43	41	32	88	80	61	34	19	20	61	15	38	29	35	64	18	82	20	80	22	41	53	88	87	26	28	89	83	47	7	24	34	6	9	0	68	57	49	50	33	76	69	6	25	79	34	31	51	2	21	47	34	12	5	36	56	5	18	33	24	18	77	17	1	5	50	39	73	57	73	6	8	6	61	62	65	0	83	25	9	4	5	60	74	59	15	77	7	85	1	83	37	83	20	84	6	36	75	85	9	86	69	28	69	2	39	6	14	68	16	56	10	14	77	24	54	14	89	57	43	26	75	79	51	86	39	61	43	48	16	57	2	75	44	26	42	87	33	34	57	35	30	59	58	53	75	72	4	72	72	68	4	14	76	38	78	39	54	65	59	47	70	57	48	48	30	36	36	6	45	75	24	5	51	38	83	36	14	16	24	75	63	46	82	71	28	59	47	55	79	8	67	47	73	20	3	18	35	58	70	49	23	65	42	82	5	26	22	77	0	72	46	29	84	9	19	30	29	80	62	59	58	15	69	62	49	54	51	80	75	30	60	43	58	14	17	25	88	25	61	16	48	60	80	55	54	57	32	5	13	28	60	55	79	86	13	32	7	79	32	4	75	50	41	18	77	22	68	22	54	60	39	49	4	7	58	75	88	36	25	9	78	84	37	75	70	68	81	61	51	23	57	57	61	48	16	71	12	25	33	4	1	53	66	0	55	22	88	6	28	46	27	56	68	14	37	41	62	61	24	65	26	2	46	80	40	48	7	50	61	41	15	75	43	29	72	89	45	31	4	58	55	15	58	70	89	6	47	67	62	84	43	74	30	18	20	7	36	62	25	44	58	81	27	69	8	88	61	43	79	45	86	65	22	43	32	80	67	80	23	59	6	71	66	4	5	6	89	31	57	8	7	2	21	79	5	8	11	67	69	63	77	83	4	41	17	74	67	4	18	73	50	57	72	33	9	57	42	76	85	75	45	12	57	10	54	46	52	86	66	76	2	83	70	71	39	1	81	28	86	35	48	84	66	65	24	70	78	67	73	65	28	65	89	66	5	9	3	0	0	55	2	42	68	25	57	37	30	63	27	87	17	23	1	43	0	16	49	29	17	56	25	73	28	30	35	34	53	6	54	41	50	11	31	73	17	3	72	71	81	46	73	23	53	64	65	65	38	15	88	16	16	38	12	28	89	65	86	6	40	29	45	23	32	74	71	88	40	21	32	20	30	70	40	10	34	0	84	69	19	74	53	50	14	36	43	38	59	14	70	84	67	85	88	38	65	70	56	17	61	13	43	75	71	59	43	82	70	24	66	75	61	37	48	43	24	54	42	31	40	70	3	30	66	17	21	14	72	29	84	65	17	81	38	80	42	28	6	69	83	62	35	9	86	6	17	30	64	25	34	33	52	75	89	36	48	17	38	68	71	39	81	62	10	69	35	46	55	87	37	71	85	53	15	71	15	5	57	19	58	61	35	37	25	34	66	28	40	10	59	28	67	40	71	25	52	88	41	0	30	63	60	24	15	85	6	0	42	38	3	29	24	78	53	87	61	61	55	18	48	27	24	3	6	54	70	64	73	53	79	32	79	84	2	36	71	16	32	1	22	46	53	70	65	16	23	4	82	87	58	30	9	64	25	3	65	79	5	8	11	78	77	80	40	50	68	27	70	23	19	86	41	36	49	79	22	61	57	76	18	35	0	76	16	70	2	62	8	55	62	63	42	85	50	70	9	0	84	15	48	40	81	10	37	28	1	72	3	55	66	51	77	11	3	82	9	44	62	2	20	3	4	58	14	0	14	13	20	36	75	26	17	88	46	44	29	38	22	60	22	20	74	37	83	36	83	68	7	14	34	29	32	21	19	21	37	31	82	26	71	75	58	62	87	1	20	36	23	86	37	61	7	52	16	60	56	25	60	50	13	77	22	63	62	32	33	51	33	88	76	27	16	49	39	67	83	71	35	2	46	8	56	12	61	83	86	24	16	10	55	48	49	83	52	33	41	66	70	68	21	28	35	43	41	70	51	43	31	33	0	52	28	86	19	3	33	37	15	60	65	4	78	78	52	39	48	45	63	39	48	15	15	28	49	77	75	54	5	8	34	9	31	15	62	74	26	61	15	26	23	82	51	20	62	62	25	47	28	36	75	71	81	76	42	30	43	63	47	32	21	78	30	86	53	6	80	74	84	16	29	64	20	17	60	74	23	16	80	48	6	8	71	70	87	6	8	46	51	21	69	16	18	83	15	32	82	29	19	19	44	75	3	75	31	71	38	7	59	58	56	49	0	69	80	66	8	85	39	84	72	57	53	13	13	49	25	33	44	27	63	6	14	74	48	81	70	66	87	13	14	8	54	70	32	65	25	73	24	68	57	82	39	2	29	53	28	68	73	13	45	9	52	55	0	16	87	15	72	28	39	15	2	82	6	44	14	14	22	15	70	49	74	56	68	55	7	52	72	76	79	83	19	77	5	10	20	25	48	53	37	65	4	37	22	10	29	68	66	9	76	4	78	61	28	19	76	60	9	41	80	1	64	87	72	75	34	63	15	22	35	54	88	15	2	10	18	0	28	72	26	82	35	54	57	24	13	82	79	20	53	16	66	41	40	30	32	23	60	50	74	15	66	24	51	68	45	29	87	68	33	71	88	64	84	7	23	37	49	73	2	60	55	16	47	26	35	24	13	12	5	81	43	31	72	67	33	69	63	28	73	46	63	88	82	55	69	49	0	38	66	20	51	0	41	39	32	64	53	83	23	83	77	74	26	88	58	33	66	22	68	20	74	40	31	37	30	81	3	30	86	36	83	21	61	40	25	25	51	1	32	48	4	52	9	57	41	17	58	10	60	50	81	26	24	70	65	47	40	70	87	38	35	57	16	6	47	32	33	79	23	19	67	33	54	34	19	37	21	14	78	28	32	65	30	62	20	62	78	19	44	24	61	20	43	12	80	89	19	61	63	33	63	54	12	35	9	46	12	45	63	8	46	19	12	11	18	59	6	36	81	87	43	75	28	74	36	27	1	4	8	72	59	0	87	34	44	84	65	10	16	85	5	17	66	71	9	70	65	22	79	8	14	62	70	38	24	33	30	21	85	53	22	73	27	76	22	67	19	22	66	40	42	83	49	60	74	42	39	80	11	65	67	80	68	64	49	27	46	17	42	4	66	53	76	83	84	21	81	73	23	35	20	66	22	67	33	63	83	20	29	67	48	21	10	88	82	26	72	61	38	24	86	1	54	41	8	23	53	30	82	78	2	54	41	7	65	45	62	37	16	35	1	40	8	1	80	60	78	42	87	68	87	2	7	32	69	17	21	7	54	17	51	84	59	5	47	52	3	37	53	8	71	3	54	19	9	29	39	4	59	45	6	58	50	39	83	8	41	9	32	55	15	13	2	35	16	81	62	57	36	58	40	77	0	44	32	21	55	20	74	30	52	50	39	49	19	67	68	53	64	33	67	85	24	24	42	23	0	42	20	31	85	41	29	80	83	83	41	56	84	86	31	56	71	69	8	67	15	26	60	86	76	11	51	26	33	72	8	74	15	66	11	73	82	80	38	28	71	34	0	60	18	60	15	28	45	43	25	32	66	4	83	37	88	57	82	77	40	89	12	26	81	10	67	23	38	27	82	45	67	10	29	51	57	56	42	36	75	69	26	53	79	31	71	13	32	86	11	74	71	0	63	77	38	54	8	3	71	74	4	52	89	33	39	39	41	79	30	10	3	77	17	48	88	31	24	24	9	37	28	36	42	87	6	49	79	47	54	9	12	49	84	57	77	27	62	50	64	68	11	56	27	82	16	44	8	10	56	87	39	16	58	72	77	5	27	66	42	3	17	66	55	70	74	79	25	6	17	85	64	39	82	22	71	9	45	59	40	6	11	50	52	27	27	10	2	46	61	48	38	18	19	19	39	55	82	54	60	82	8	0	53	87	89	6	56	58	32	21	30	17	78	20	60	12	48	50	15	44	35	13	71	31	76	52	74	32	32	75	89	89	60	66	51	61	39	20	17	64	73	22	65	65	1	89	83	73	41	36	48	22	53	61	87	58	24	10	82	0	32	84	64	49	1	39	70	67	38	88	42	42	22	6	1	82	75	12	51	38	29	61	21	82	42	38	0	22	59	82	82	88	7	2	65	58	35	19	48	28	20	50	68	12	57	65	23	81	46	79	58	25	27	70	38	59	19	52	2	35	17	26	88	30	62	19	44	48	89	32	71	47	1	4	16	87	23	54	67	78	20	29	42	50	45	63	36	65	6	23	40	13	4	30	37	22	43	72	88	41	87	80	3	66	87	60	88	4	35	63	56	4	5	68	23	36	24	67	34	24	12	59	18	76	36	32	23	84	46	79	46	43	46	17	20	82	23	62	33	53	9	21	3	53	33	33	4	86	62	11	30	41	62	6	55	49	47	33	66	60	7	59	10	84	72	32	52	35	89	14	34	69	53	44	16	59	14	18	15	52	76	83	58	38	72	46	81	46	45	58	13	36	23	38	18	88	2	55	37	28	54	38	39	74	9	60	26	44	70	56	59	20	18	33	42	46	67	25	18	88	45	37	42	52	27	27	72	61	38	13	69	77	0	48	43	83	67	71	45	30	29	67	82	22	59	65	0	79	64	43	58	1	81	69	8	22	37	34	22	26	9	88	78	23	49	60	81	26	77	21	4	15	6	60	88	78	50	2	28	53	77	36	50	77	62	89	13	59	67	86	42	3	21	52	2	51	29	12	69	0	41	2	11	37	7	63	7	8	9	51	62	80	33	22	86	67	12	19	68	88	45	21	79	7	16	79	17	13	53	10	26	28	71	41	79	4	57	85	31	21	41	48	34	3	39	3	15	69	37	56	15	31	84	30	56	60	85	23	69	12	49	58	61	32	5	56	48	36	74	62	8	40	64	5	36	14	27	13	29	22	63	37	53	2	3	47	81	78	70	74	80	61	24	8	16	43	37	74	21	65	0	3	32	89	11	36	8	38	6	62	50	22	24	72	14	13	16	75	70	83	78	61	63	86	10	44	74	60	13	23	8	89	23	26	41	82	88	54	50	89	83	70	16	83	18	87	0	80	47	58	49	7	35	12	36	18	15	10	82	21	29	85	46	48	61	42	39	43	24	4	4	17	10	63	22	55	61	4	38	43	24	89	31	36	56	34	20	50	47	16	54	31	21	24	50	46	56	77	53	82	30	74	60	9	75	59	12	41	87	28	52	7	44	20	45	20	57	47	19	26	56	70	9	15	85	22	30	7	16	50	15	35	34	13	60	77	22	68	73	49	14	78	61	85	40	34	85	55	55	69	69	41	33	12	48	83	67	15	15	42	55	79	18	87	43	20	23	72	48	18	53	18	54	84	69	19	30	59	9	65	74	36	76	34	12	46	13	62	71	14	17	77	1	1	0	5	73	13	42	0	72	25	54	52	27	71	21	5	28	24	7	88	40	40	76	13	8	86	13	73	16	43	57	35	59	88	55	59	57	12	65	63	34	1	6	67	47	40	13	55	52	43	2	24	52	17	81	7	29	74	59	38	25	31	55	36	63	13	39	89	13	41	4	88	41	62	19	2	48	11	64	21	35	37	7	1	42	74	5	14	17	14	83	54	14	70	32	78	22	58	38	37	46	21	61	21	4	46	16	45	30	16	14	87	74	24	56	25	35	51	64	63	62	20	14	61	9	14	1	11	58	52	88	79	82	61	74	41	51	53	15	45	25	59	55	89	15	15	57	21	31	47	74	88	7	14	35	74	8	45	70	29	81	29	5	59	54	79	57	80	85	19	29	0	49	67	26	55	44	34	44	17	62	80	71	86	58	12	86	15	45	9	80	48	33	72	5	87	54	20	20	70	57	44	78	38	20	57	31	82	7	2	14	20	39	78	67	4	42	42	6	79	44	14	43	16	12	45	10	89	23	67	83	26	55	56	84	74	44	49	7	5	9	35	4	52	0	59	66	22	65	22	68	27	23	71	78	21	42	31	31	86	58	56	84	50	22	73	75	34	63	68	48	32	
89	3	72	59	89	54	19	31	69	73	80	77	82	65	41	56	66	5	81	38	78	45	11	71	35	36	42	79	81	19	43	25	45	88	84	9	56	68	54	43	21	30	63	58	67	23	47	51	10	16	59	85	55	25	73	89	13	76	7	20	78	64	55	27	56	77	63	79	34	85	6	61	10	28	48	69	63	40	89	74	67	36	73	86	31	35	34	36	5	88	43	16	51	5	78	68	57	8	55	29	80	43	4	36	70	20	75	62	6	54	35	50	9	20	78	83	40	3	22	49	35	27	8	17	48	60	68	0	2	14	8	80	34	75	10	9	70	52	0	83	35	19	11	42	43	10	13	25	26	64	74	72	72	28	22	63	15	83	55	51	29	32	50	10	43	47	47	18	38	69	50	68	14	61	57	68	45	35	8	42	32	0	42	70	53	35	49	6	74	30	11	73	76	34	40	23	43	84	72	6	15	25	76	71	58	52	30	2	42	57	18	67	16	20	61	59	18	85	29	74	7	25	40	16	12	38	14	85	75	50	31	14	43	46	40	35	37	20	65	66	76	14	88	76	5	76	87	13	10	43	0	37	26	24	16	18	50	0	19	41	11	70	61	6	82	86	56	83	83	9	14	12	9	40	62	84	41	25	60	45	64	25	8	9	77	53	67	21	46	61	3	35	56	2	12	89	60	83	86	89	50	55	11	78	63	89	75	56	84	83	25	17	48	3	1	46	28	76	43	65	48	60	86	2	71	69	21	49	34	89	71	79	62	22	6	24	2	9	82	34	63	33	14	58	87	3	8	0	5	37	88	10	2	51	44	72	10	37	34	9	32	41	58	9	79	36	43	64	48	33	33	41	42	73	80	36	36	54	85	9	48	72	52	76	39	76	14	31	4	39	82	7	13	75	75	3	37	43	56	73	55	15	46	42	40	84	65	73	33	37	89	7	13	27	71	25	12	67	24	76	87	23	39	2	3	54	88	17	84	87	7	74	73	82	87	63	17	4	22	28	15	68	42	42	30	38	85	3	55	83	23	89	30	24	34	19	60	14	27	84	66	32	26	35	38	0	87	61	8	58	81	25	33	12	6	63	52	57	42	34	28	53	65	87	57	86	5	14	30	89	37	73	25	86	59	60	8	1	9	83	53	10	1	29	37	86	3	22	24	24	86	76	57	39	82	36	21	72	81	28	44	37	59	14	85	31	56	35	2	23	65	65	15	77	0	72	54	54	79	48	76	79	67	71	10	68	30	66	53	12	47	12	56	0	47	39	26	75	45	72	68	20	30	46	18	41	42	6	45	59	10	83	72	80	23	68	5	85	37	21	17	47	13	4	9	6	33	14	70	82	0	33	69	28	31	73	14	21	66	58	42	40	6	85	52	61	82	7	83	46	60	40	36	25	34	37	43	8	69	55	63	6	23	46	39	84	10	8	46	51	22	82	88	31	15	4	44	68	20	27	23	83	37	79	62	79	50	70	4	52	88	28	47	55	88	71	28	58	20	62	56	4	45	35	46	86	82	52	6	45	55	70	41	46	15	73	46	75	18	43	24	75	55	72	64	11	35	49	54	77	0	12	87	6	75	47	38	51	67	89	72	38	46	86	79	76	40	70	24	40	64	87	62	39	88	32	66	0	10	27	85	79	88	72	1	86	75	52	17	69	7	73	4	73	29	17	1	20	44	20	45	26	39	70	64	70	55	36	5	58	33	31	73	26	43	11	12	24	69	16	18	79	30	28	26	24	43	9	28	22	73	46	36	68	87	25	63	24	82	52	5	41	70	17	36	36	8	48	73	37	12	60	89	33	2	10	80	7	44	4	13	19	83	14	65	16	51	88	11	35	28	12	10	83	67	27	32	71	7	45	44	79	40	54	85	58	43	51	30	76	62	42	0	54	15	55	59	19	81	14	40	48	22	48	70	48	56	9	5	77	85	49	50	88	3	21	41	19	19	11	6	77	61	73	37	75	11	21	68	6	20	32	4	11	10	26	47	62	82	5	88	82	17	84	51	19	36	9	5	40	58	12	44	64	63	39	62	34	4	50	35	23	87	0	42	57	40	69	57	63	10	46	43	49	15	17	74	4	89	58	12	77	18	20	12	55	24	70	26	59	40	76	12	31	64	49	2	42	50	46	52	21	44	89	3	12	42	62	69	80	19	27	7	74	27	58	27	22	80	42	52	13	75	66	24	50	72	40	23	10	87	69	74	46	56	78	2	8	21	4	87	21	44	48	38	68	33	86	50	81	81	61	20	21	49	50	22	49	59	11	49	5	18	16	82	18	86	59	0	81	16	46	64	36	29	62	50	14	89	45	23	8	73	11	36	39	1	69	58	50	64	85	32	55	43	7	14	47	72	66	31	5	63	50	50	77	6	27	78	44	39	73	80	17	4	88	70	3	73	73	67	14	41	33	6	16	38	84	1	87	62	47	47	70	6	63	72	17	20	65	80	7	10	30	73	56	2	78	48	57	18	12	9	67	29	81	21	37	31	7	85	2	2	44	82	66	78	26	6	56	11	43	1	38	56	30	54	85	15	5	30	48	70	17	7	64	67	0	12	50	69	13	30	16	30	13	88	29	46	79	59	67	33	85	56	89	35	39	47	44	81	16	49	27	79	28	15	51	19	84	31	8	11	37	58	67	84	70	9	78	40	65	3	84	25	50	23	17	59	89	14	65	66	51	56	24	83	12	66	63	88	30	29	45	73	27	39	19	32	0	75	75	7	39	52	62	35	76	27	39	10	40	77	6	0	61	79	82	38	75	21	54	58	48	32	17	25	41	89	88	82	6	58	65	74	35	85	29	2	7	21	17	0	30	10	81	27	78	84	64	73	11	14	59	58	89	82	58	83	11	70	56	20	48	67	2	19	2	28	30	62	78	37	79	75	83	33	74	79	60	9	0	44	16	78	26	26	14	49	24	24	69	24	41	46	74	76	4	51	61	22	25	64	45	28	87	3	67	84	19	30	47	75	30	88	57	75	88	17	41	56	41	67	73	75	79	36	36	14	17	35	0	19	35	64	53	37	78	9	14	39	36	0	79	53	4	47	74	54	19	53	31	49	62	68	72	3	42	26	54	21	11	11	22	45	22	1	36	6	7	35	70	15	85	35	8	77	63	65	26	35	26	9	17	77	35	59	9	22	48	48	80	41	6	16	84	69	15	11	42	68	80	36	79	55	16	75	54	89	54	0	27	75	65	11	53	76	85	2	12	76	51	56	70	34	46	87	40	25	72	34	12	86	80	42	88	19	59	84	85	43	23	70	43	27	89	0	66	6	84	26	33	27	5	0	58	26	86	2	27	46	26	25	86	10	44	17	41	41	64	84	43	62	5	36	9	17	44	31	31	81	60	72	20	7	36	7	83	67	70	60	84	84	27	24	25	47	88	73	67	63	73	39	58	15	43	40	69	86	63	34	52	72	65	4	15	58	82	24	12	3	43	36	57	84	22	68	57	68	4	84	34	39	42	69	80	28	85	23	68	14	86	56	6	23	29	34	48	34	23	9	59	72	33	60	1	86	45	15	34	23	80	88	64	1	5	40	67	43	83	31	54	88	66	53	15	57	3	34	87	67	67	88	74	30	2	87	38	51	43	0	3	37	9	25	17	1	0	72	43	22	83	12	59	8	47	56	38	36	33	35	56	19	70	23	25	10	76	48	35	5	60	63	80	55	8	31	31	63	69	39	56	79	14	86	41	77	64	27	7	2	56	84	20	6	76	38	24	52	21	89	18	80	51	53	50	35	21	61	40	67	70	53	64	86	25	38	41	58	73	79	69	79	26	29	4	86	31	1	31	11	53	66	34	49	42	16	35	12	3	49	2	29	45	78	84	76	48	76	89	85	19	78	77	30	69	8	46	23	77	30	84	19	45	19	32	34	78	87	67	29	81	48	47	1	24	54	88	8	51	59	46	19	28	63	61	5	49	57	16	23	54	83	45	28	23	67	54	86	23	28	14	36	19	88	35	23	57	27	11	0	64	33	50	82	53	78	70	21	10	35	34	54	14	8	35	80	32	83	41	51	4	56	13	60	50	35	6	48	2	35	73	2	32	28	43	37	42	64	55	46	70	71	52	52	1	33	3	29	18	9	40	69	55	37	82	62	23	17	82	13	73	26	52	58	6	8	58	10	38	76	54	16	10	29	18	59	35	22	89	89	25	70	3	85	41	9	14	82	62	72	33	56	46	38	70	29	8	85	59	58	69	44	10	71	40	31	63	34	86	89	53	40	89	25	51	49	6	9	13	65	41	58	4	33	45	19	85	38	7	44	79	18	14	15	62	64	23	31	48	5	2	16	35	6	66	20	51	4	69	77	29	54	84	21	13	74	26	15	39	39	30	3	68	32	75	35	60	31	85	76	3	13	7	23	57	29	8	76	37	74	2	78	19	81	48	81	25	43	15	57	54	72	33	9	58	51	25	45	45	21	0	9	76	10	47	48	87	62	34	58	48	24	30	42	17	9	60	13	72	62	66	9	6	83	42	10	7	27	88	81	65	60	74	62	19	38	68	49	57	47	6	14	33	82	9	6	62	69	72	37	14	85	33	0	17	23	29	44	46	75	37	18	63	18	81	87	62	41	32	62	25	19	51	63	42	21	66	26	22	7	39	10	71	54	43	76	37	23	13	59	25	59	82	58	77	27	57	38	55	69	57	45	14	28	33	78	8	47	63	41	11	62	80	60	21	21	43	79	8	29	45	3	83	28	86	68	58	30	45	44	47	58	89	26	71	18	78	83	68	30	37	81	84	89	65	45	68	18	83	71	68	81	65	5	72	15	85	2	47	63	83	54	71	50	8	45	58	31	42	33	2	13	32	28	87	30	24	19	80	89	13	74	77	43	34	27	32	56	32	79	82	85	18	14	83	87	6	65	5	19	67	55	13	20	85	83	67	26	7	4	89	86	55	36	67	37	77	2	12	20	63	60	16	32	0	54	27	31	53	17	52	16	83	17	50	12	50	16	64	14	35	46	61	52	75	11	86	25	44	66	42	23	25	71	78	52	57	38	23	6	5	39	49	56	60	38	73	23	62	60	28	42	79	3	20	30	9	29	76	32	75	77	73	32	51	77	36	73	45	5	39	54	70	85	46	9	27	73	31	87	75	65	80	55	75	3	6	52	83	46	86	9	28	81	55	67	7	18	21	63	16	76	15	37	30	7	65	7	18	72	54	83	27	60	0	6	68	1	67	72	69	2	48	0	28	19	28	87	18	31	66	55	87	33	82	87	11	29	82	76	86	72	75	35	53	19	89	25	5	37	63	32	13	25	19	45	28	25	24	43	30	46	29	85	26	80	11	50	49	11	22	87	79	20	62	76	15	53	27	49	10	50	17	82	23	79	31	8	74	48	10	69	86	36	49	14	72	7	12	66	8	71	22	72	41	54	46	60	48	20	42	47	47	4	77	58	63	14	34	4	5	28	8	10	52	24	68	56	57	9	45	87	6	85	34	74	8	30	74	38	82	64	75	43	52	11	4	12	85	48	68	0	60	19	67	5	37	62	37	89	41	59	50	49	5	81	6	45	24	70	82	42	80	34	78	89	70	35	18	66	29	39	83	16	7	51	39	0	11	1	84	41	60	87	85	2	49	17	70	11	35	39	27	17	84	60	0	29	48	16	69	84	35	33	29	18	52	80	62	36	9	59	70	51	52	59	74	78	68	11	84	30	86	64	46	13	41	89	61	4	20	0	17	16	43	68	28	42	61	55	79	65	61	5	36	65	69	3	74	41	24	21	82	38	23	13	75	56	69	85	31	49	39	25	74	86	5	84	38	31	85	4	38	30	38	63	20	34	56	48	28	15	51	83	20	85	79	5	71	17	41	69	39	24	52	39	26	48	49	45	1	26	53	72	78	65	66	10	55	8	51	61	72	50	87	65	30	17	20	85	65	26	81	89	37	62	85	79	77	51	45	71	55	71	19	19	43	31	82	48	18	5	89	70	52	0	86	77	53	64	70	15	17	28	54	2	56	18	11	5	5	24	15	20	52	18	17	63	79	51	50	44	21	83	42	41	22	87	84	3	38	88	77	28	56	57	78	26	54	22	39	42	22	23	9	28	40	1	85	62	38	79	13	42	15	5	28	84	8	75	43	43	27	26	85	55	33	73	18	27	63	19	39	48	78	84	73	43	51	60	86	71	51	66	89	81	48	77	9	74	56	5	81	57	66	16	40	62	88	13	6	42	33	60	49	61	41	59	45	13	35	59	63	20	58	46	43	12	71	70	5	50	35	11	54	8	9	3	84	86	64	23	87	13	11	87	5	21	33	82	77	66	32	31	46	54	26	60	19	59	16	26	67	40	60	36	14	15	66	29	66	66	16	32	11	83	39	45	50	72	11	13	15	60	82	9	78	15	61	62	52	81	30	69	61	2	79	40	79	36	25	46	28	50	76	8	19	4	50	75	41	64	1	68	85	41	46	45	22	55	47	85	80	34	56	69	14	62	52	49	23	9	6	88	7	75	87	67	47	9	10	29	12	43	58	25	51	39	44	81	6	8	9	88	72	39	42	51	60	79	17	23	70	64	43	17	47	6	6	80	50	48	33	32	8	39	26	2	49	10	43	71	64	26	83	9	50	50	29	67	63	2	8	86	68	73	3	55	86	47	55	79	64	60	84	45	66	15	51	47	23	0	67	56	62	42	24	69	65	8	58	60	59	55	63	10	69	68	15	56	4	71	3	17	36	1	9	10	48	85	67	8	11	31	74	61	35	18	68	40	55	49	77	64	76	0	51	9	11	85	23	62	1	25	62	18	16	88	43	52	82	32	32	31	55	67	6	56	18	75	75	61	71	40	37	47	84	61	5	35	28	74	73	25	31	39	17	35	33	1	22	42	22	66	68	54	13	48	1	65	65	71	69	62	53	9	61	27	20	15	53	40	74	79	19	69	49	59	66	10	41	55	10	4	3	53	43	35	17	20	1	42	23	52	17	10	52	85	15	53	12	65	57	66	5	50	87	57	7	35	2	84	77	10	30	87	70	23	87	1	23	13	54	28	25	56	31	20	6	45	22	79	13	83	55	57	45	23	41	29	24	4	28	29	3	2	42	40	69	30	52	85	57	81	4	56	27	31	78	54	48	7	40	48	67	11	81	47	42	30	9	20	54	11	6	51	36	68	77	9	45	6	68	65	67	74	87	88	55	16	2	55	36	26	12	2	30	73	9	86	40	41	33	72	51	6	65	13	32	68	85	21	43	5	3	67	21	30	65	66	65	47	31	57	13	42	74	73	28	38	45	36	83	72	62	47	43	26	72	53	44	47	24	37	7	65	61	33	31	86	68	26	10	81	17	19	15	4	71	17	7	35	55	13	27	85	45	69	82	10	61	18	8	27	7	89	64	27	28	7	49	8	38	8	15	58	9	75	85	46	60	71	19	10	80	59	88	30	24	8	16	14	63	48	59	61	2	40	79	45	25	29	31	7	31	56	28	32	45	70	81	19	71	83	1	11	63	44	48	33	29	70	78	75	43	79	53	9	40	7	86	58	4	53	11	39	71	31	1	25	68	45	46	60	55	4	89	66	42	2	17	44	28	27	24	42	35	80	35	88	71	46	41	14	86	21	35	60	26	56	70	84	28	44	8	25	45	56	56	42	67	57	55	18	43	11	79	45	70	75	39	66	37	12	68	41	57	67	47	10	27	77	82	73	63	26	18	51	5	11	20	68	70	79	2	66	26	64	9	47	15	17	12	79	83	30	32	87	31	43	85	25	14	60	80	31	26	9	16	78	50	75	33	0	27	4	0	72	23	49	46	77	2	38	6	58	55	50	52	26	56	1	11	45	28	25	20	78	45	50	45	55	49	36	33	58	42	62	85	56	76	88	30	85	62	1	42	67	0	25	88	60	74	55	43	34	27	29	19	80	71	5	59	26	40	17	64	8	74	17	31	74	28	36	13	26	62	20	88	37	40	88	79	55	43	76	35	14	43	7	46	75	54	87	3	30	56	46	79	77	74	1	46	56	24	33	39	19	36	64	75	14	43	83	78	49	85	9	41	39	26	3	25	11	26	67	13	15	47	0	18	34	80	56	2	58	8	23	46	22	31	69	63	35	40	61	21	87	68	74	87	49	24	65	22	17	43	87	26	20	62	85	22	5	44	27	17	18	26	40	71	72	78	
32	34	36	31	34	23	31	27	39	30	36	21	40	32	37	36	38	29	27	21	27	38	27	40	33	38	27	30	23	27	39	29	20	25	33	34	21	39	23	35	34	26	33	30	36	39	34	38	35	26	27	28	20	27	31	39	39	27	26	25	34	37	27	23	33	32	28	21	30	24	36	23	30	20	23	21	24	20	31	22	30	38	38	33	20	33	39	36	29	29	32	26	34	37	23	33	35	38	40	28	31	38	21	37	33	39	25	32	30	25	38	32	33	28	22	35	25	28	36	24	28	36	38	35	38	24	31	26	40	33	37	35	24	30	30	26	21	25	39	27	39	21	36	39	27	29	29	22	36	26	38	35	23	30	28	31	31	26	25	29	33	26	34	37	34	37	39	36	27	23	26	38	30	27	30	27	40	23	29	22	30	23	40	30	40	32	30	23	27	21	22	32	32	33	28	32	22	25	28	38	24	25	26	21	37	39	27	27	29	30	31	31	21	25	24	36	29	29	36	40	25	27	38	33	40	21	21	39	26	23	22	34	31	21	39	22	39	36	32	24	22	39	36	40	28	20	21	22	32	29	32	34	37	29	22	28	33	38	32	26	32	39	30	37	20	21	27	32	20	34	26	36	31	36	35	40	31	38	34	20	40	40	28	31	28	29	37	24	25	22	32	36	34	38	28	30	26	26	35	25	22	20	32	31	21	29	37	27	20	22	24	36	40	28	29	31	33	21	24	30	22	23	40	34	36	22	30	38	39	22	29	31	37	23	39	30	20	25	22	21	24	37	20	23	23	22	21	36	29	25	20	24	30	36	24	21	25	35	35	39	39	39	36	37	28	35	36	22	32	34	31	39	35	34	40	29	31	30	29	22	31	38	29	31	20	28	20	20	34	27	23	30	24	21	27	34	32	25	33	26	30	21	36	26	24	30	32	31	35	39	28	39	30	24	26	34	34	39	33	24	21	35	33	29	37	40	22	21	25	28	32	31	34	35	20	23	26	31	38	40	40	36	27	39	38	27	25	32	30	36	36	27	40	25	37	33	34	40	29	35	29	37	22	38	22	31	34	25	39	25	27	25	20	29	23	27	35	33	25	21	40	35	40	38	36	26	26	33	21	22	22	27	33	32	21	33	27	21	40	20	27	34	38	26	34	26	31	23	28	36	26	26	23	37	32	23	21	37	30	33	33	38	20	29	40	21	23	37	38	21	39	20	33	38	37	33	35	35	27	24	21	25	40	25	40	35	23	22	37	34	25	33	35	23	31	37	34	20	38	34	35	30	35	37	26	30	27	36	27	22	34	27	21	40	33	21	20	30	23	20	25	24	26	27	31	28	30	29	33	37	21	34	28	32	23	33	36	40	32	28	39	37	28	29	34	36	30	28	34	38	34	40	29	28	29	28	28	28	20	21	40	30	29	22	37	26	28	20	24	27	21	25	34	38	24	22	40	33	26	20	32	39	24	20	27	28	38	27	40	21	38	35	23	28	38	21	32	20	38	31	20	26	23	39	33	28	39	37	30	38	38	38	33	39	24	30	31	37	33	20	31	25	40	32	33	26	29	32	33	34	33	20	22	26	33	26	28	20	35	37	37	27	27	36	22	34	37	37	20	21	32	27	28	38	26	37	38	33	33	28	34	23	33	20	36	25	35	39	39	30	21	27	34	20	23	34	21	24	29	22	35	37	23	40	37	28	29	20	33	39	39	30	39	36	39	22	34	40	24	34	37	24	28	25	40	32	29	36	27	26	32	25	26	32	31	24	30	30	28	34	31	27	36	27	21	39	31	30	22	38	37	35	30	31	37	28	35	23	20	25	35	30	35	36	34	34	36	21	26	25	21	35	29	26	26	24	21	39	37	35	40	38	35	35	36	38	24	27	31	20	20	26	21	40	40	32	25	22	35	22	26	40	24	34	35	36	40	27	30	25	21	20	26	36	28	37	34	24	25	35	27	20	38	38	20	22	23	32	37	25	37	31	28	22	40	22	28	23	38	30	34	38	21	39	28	33	40	31	23	26	37	33	22	22	35	23	38	32	20	25	31	25	38	31	38	27	22	24	26	37	38	34	40	30	28	25	23	22	24	36	32	31	28	26	38	33	28	27	26	29	29	38	24	27	34	27	29	36	31	30	37	31	21	20	39	32	30	40	25	33	25	37	36	26	20	27	23	29	33	20	31	35	29	39	31	20	35	24	26	34	38	33	32	26	39	35	30	22	28	33	27	25	32	21	38	32	38	38	34	29	20	26	32	37	39	34	30	40	34	32	36	31	21	28	38	31	39	29	35	37	34	21	27	33	27	31	35	31	23	38	20	22	23	30	21	30	32	33	20	31	38	21	31	20	30	27	39	39	23	33	32	21	27	37	30	38	26	28	32	28	24	24	30	36	20	30	33	28	39	29	22	30	27	24	30	24	26	21	22	30	22	32	25	26	27	23	39	25	32	23	24	34	25	27	28	23	40	22	24	32	36	37	27	37	37	24	26	20	20	34	29	33	26	28	29	30	35	39	30	32	27	35	36	20	20	31	20	27	37	26	29	22	25	29	35	26	31	21	25	34	33	30	20	35	22	26	30	28	31	40	30	26	27	20	21	23	27	27	21	33	35	38	40	27	38	37	37	39	31	22	20	30	22	28	27	23	34	34	32	40	22	38	24	26	22	23	39	22	35	20	27	30	38	28	28	35	33	30	28	29	28	27	30	23	29	24	34	34	30	38	21	21	22	37	34	20	27	37	32	33	38	28	32	33	38	29	35	31	21	27	25	37	23	40	27	27	23	30	30	39	20	31	33	20	32	28	37	25	40	36	24	35	32	40	21	33	29	37	25	32	33	38	23	31	26	31	38	39	36	36	26	20	35	23	30	37	38	23	39	39	27	39	32	31	29	22	29	35	29	38	25	30	37	35	39	26	25	26	35	28	26	27	40	20	27	28	40	24	33	26	33	37	33	31	22	26	22	23	34	38	32	20	20	21	35	20	33	22	24	35	37	20	26	35	28	24	22	40	36	25	34	20	38	20	39	36	27	23	37	30	27	28	31	24	36	40	24	28	25	35	40	21	30	26	23	35	40	28	35	38	35	34	37	38	34	36	30	23	26	30	34	32	23	36	35	33	26	25	20	40	27	23	33	38	34	30	20	26	26	24	21	40	31	38	38	29	32	31	40	27	40	26	36	34	33	26	35	37	37	39	39	28	26	36	25	27	27	30	36	40	20	28	24	35	23	36	25	31	20	22	38	22	24	27	32	33	37	29	31	34	33	23	29	28	26	26	36	34	23	28	29	25	27	35	33	24	31	38	23	22	30	28	26	27	36	33	32	33	21	31	22	22	28	30	26	28	22	29	25	30	20	25	24	21	21	37	37	35	20	38	40	40	34	25	31	40	30	39	38	34	31	39	29	26	40	22	27	36	31	26	31	25	32	23	37	40	20	37	38	27	39	35	38	21	38	32	37	38	30	24	26	30	40	21	35	29	22	33	21	29	27	25	27	24	23	20	37	23	38	27	25	31	21	26	34	24	35	37	29	24	32	25	39	34	25	33	35	30	29	37	31	34	27	39	22	39	28	34	40	36	38	32	29	23	31	31	29	27	23	28	31	25	23	21	26	25	34	27	20	38	30	30	26	32	21	29	28	24	24	37	20	38	36	21	39	37	26	24	35	34	37	32	22	23	24	20	38	31	27	39	24	39	26	23	35	24	31	37	20	20	25	23	23	37	29	32	36	33	31	25	40	28	28	24	34	37	24	38	27	31	34	34	25	29	23	33	40	38	25	28	34	40	37	27	23	32	30	39	30	33	27	23	24	34	36	26	22	31	39	33	40	30	23	22	23	33	26	26	38	20	36	20	37	28	32	37	23	35	26	34	31	39	34	33	20	31	25	23	23	29	39	21	37	30	39	30	38	29	22	32	23	35	21	25	28	34	30	20	26	28	30	33	28	28	35	34	37	21	37	24	32	34	32	23	20	31	28	26	28	21	24	28	21	39	22	25	21	33	22	24	40	38	39	23	36	39	24	33	34	22	22	38	31	26	36	26	20	29	31	38	39	21	38	39	39	30	30	20	34	29	36	30	21	26	40	33	39	22	21	27	31	20	22	29	22	21	30	38	34	37	31	23	37	24	20	36	20	24	32	39	34	29	23	31	27	33	33	29	39	29	25	36	29	24	35	36	32	38	35	33	34	23	22	28	21	23	34	36	27	30	32	27	38	22	36	24	32	21	37	20	38	23	35	26	29	20	33	36	32	33	21	32	32	34	31	23	33	29	35	24	21	26	25	33	21	26	21	33	27	35	36	25	25	23	24	33	30	38	22	30	33	38	30	30	24	33	23	23	35	25	31	22	20	29	28	25	35	38	39	29	25	26	33	40	31	39	30	38	40	35	29	22	24	22	40	40	25	38	23	38	35	23	22	33	39	25	36	39	40	36	25	23	24	39	38	31	24	22	34	27	34	36	26	31	37	33	30	23	40	38	25	32	32	27	27	29	20	28	32	25	24	37	30	33	35	36	22	27	27	37	35	29	29	24	40	24	22	40	34	20	34	20	35	28	39	28	31	37	20	35	23	20	20	20	23	23	37	37	22	36	37	26	37	38	26	40	27	23	35	25	28	20	33	20	30	28	34	30	27	40	37	36	24	32	29	29	39	24	21	24	35	37	27	23	34	27	24	38	30	29	34	36	28	38	39	30	33	23	38	24	20	30	21	36	39	35	40	27	21	34	37	37	33	25	36	30	33	40	37	30	26	22	30	21	25	24	33	20	40	23	21	35	31	23	20	25	34	20	20	26	38	29	25	40	21	29	24	27	38	34	40	28	29	32	31	34	40	23	24	29	24	29	25	33	26	20	20	30	34	26	23	30	21	28	38	21	36	37	30	21	35	40	37	36	24	23	21	28	22	35	32	33	33	35	36	35	29	35	26	25	34	26	29	30	37	28	21	21	33	26	27	20	26	31	24	37	38	39	24	33	21	26	29	29	31	35	38	40	28	35	40	37	30	33	35	31	30	35	28	22	25	34	33	21	20	20	36	22	35	39	40	36	21	25	33	38	33	28	30	38	34	20	30	21	38	21	34	22	27	30	38	38	20	27	29	26	32	22	30	24	29	37	38	35	35	40	25	20	35	32	21	27	26	28	20	38	28	40	25	21	21	27	28	30	23	26	25	36	35	34	36	26	26	37	28	28	21	24	36	22	31	32	20	39	25	23	26	35	21	35	30	35	39	28	35	23	26	26	31	32	25	34	26	32	32	29	21	34	33	32	34	35	35	38	23	36	23	27	22	34	29	27	38	39	24	26	33	37	37	27	28	20	38	22	20	33	32	30	38	35	24	38	29	22	37	28	33	38	26	27	26	21	38	39	37	37	24	31	26	25	32	24	34	31	39	21	26	34	32	28	35	37	33	37	36	35	26	30	25	20	40	40	40	39	34	23	39	29	24	20	22	22	33	25	22	28	40	33	27	24	33	29	28	38	23	21	31	37	32	20	28	36	29	30	32	27	21	36	24	30	25	32	40	31	37	31	31	24	40	36	24	37	24	34	33	25	31	35	31	20	28	26	20	27	27	40	33	20	36	23	36	32	38	23	25	22	39	35	29	21	33	33	21	27	29	26	32	20	40	29	24	28	28	34	35	34	21	23	33	34	33	34	38	26	35	24	22	28	23	38	39	33	36	23	35	35	24	37	22	34	24	27	35	24	30	38	22	32	24	22	32	33	36	35	23	37	31	28	35	31	36	35	29	20	38	29	33	36	23	21	40	28	21	21	37	29	20	26	26	33	26	22	28	28	20	26	24	27	30	24	22	37	31	26	22	38	22	32	24	29	32	29	39	21	26	27	27	24	39	26	35	20	28	40	36	37	22	22	37	38	31	23	23	36	26	27	36	39	29	24	20	39	36	38	22	40	23	32	36	35	23	27	36	26	36	34	24	24	25	33	27	22	35	38	28	40	35	38	31	31	32	28	22	28	20	24	28	38	38	23	37	24	28	20	36	20	34	20	31	33	29	37	27	34	40	30	29	24	21	33	38	24	22	38	39	21	40	35	31	21	24	29	35	33	31	36	40	21	38	20	38	23	33	37	25	23	31	25	24	28	34	33	38	23	40	27	20	38	39	38	39	29	27	37	37	35	26	39	26	27	37	27	27	30	23	38	25	27	30	29	37	37	24	34	28	39	22	23	37	20	23	34	29	23	26	34	34	22	25	26	23	21	40	34	35	26	40	30	34	25	27	36	34	33	30	34	23	27	33	36	28	34	27	37	24	30	21	20	35	28	40	25	22	28	24	31	23	35	33	26	22	40	23	34	35	20	34	21	28	35	40	31	26	21	28	27	27	32	30	40	36	34	38	35	23	39	37	24	22	26	31	20	40	35	37	30	32	38	33	32	37	23	24	29	39	22	32	21	33	27	27	23	39	24	30	24	30	37	21	35	21	34	25	35	21	30	28	25	36	30	32	25	39	33	34	32	37	33	40	25	24	34	29	27	20	32	31	27	38	26	34	23	22	32	36	23	38	34	28	20	37	20	34	37	23	20	24	34	34	24	37	40	32	22	39	39	36	26	32	38	38	34	39	38	35	21	34	34	30	33	30	24	22	20	28	26	21	36	30	29	34	36	34	20	23	23	32	38	21	32	40	25	22	20	21	34	29	24	35	26	27	24	28	22	24	34	28	21	20	24	25	38	33	36	40	34	21	22	24	27	27	20	32	34	39	33	36	30	33	26	35	36	20	30	26	32	22	31	26	30	36	23	26	21	27	36	24	21	36	30	33	40	35	29	22	28	39	35	39	35	29	37	21	22	31	30	23	31	27	38	22	28	32	30	27	35	38	36	29	29	37	29	38	22	25	35	25	27	34	30	25	36	27	29	34	20	28	28	20	29	29	24	37	34	23	37	35	24	36	38	32	33	32	25	39	39	25	22	37	25	32	30	28	29	37	38	23	32	28	28	36	40	28	35	39	36	40	25	33	33	30	39	26	21	24	37	40	20	20	37	23	37	24	38	38	25	40	36	32	31	27	21	22	37	36	33	31	29	38	29	36	32	21	38	38	33	23	39	23	23	36	27	26	22	39	39	35	28	33	34	36	38	21	20	26	21	27	37	39	26	40	38	22	39	21	39	32	36	32	24	39	27	25	39	24	24	31	31	25	38	32	22	30	27	25	40	33	36	38	32	40	30	27	29	24	32	39	33	34	26	33	37	28	27	26	31	29	29	25	31	34	22	40	40	39	40	22	31	28	25	38	34	34	20	30	20	36	27	21	37	39	30	34	26	29	31	28	31	40	31	35	30	36	28	31	35	29	30	29	26	25	40	22	21	34	33	25	37	28	31	34	29	31	28	40	26	26	39	25	26	29	24	39	40	28	31	36	29	33	38	21	29	22	24	36	39	27	40	27	22	28	25	23	34	37	29	25	40	22	25	35	33	23	30	37	23	37	23	23	29	30	32	34	31	20	37	38	36	23	24	33	27	27	24	21	35	21	26	26	37	34	31	26	23	37	30	20	33	22	28	23	36	40	27	31	37	39	27	39	39	38	38	24	37	27	27	37	31	39	21	25	36	28	31	20	32	25	31	38	32	23	39	38	31	21	23	26	36	28	33	37	30	35	23	31	20	37	31	22	31	34	20	33	27	38	33	29	26	23	40	24	24	24	36	37	28	40	36	31	33	28	27	24	21	27	21	22	24	25	22	25	21	33	40	29	29	27	37	33	23	24	25	23	21	20	33	28	30	20	24	21	32	32	24	20	24	35	40	20	38	24	21	26	39	21	40	32	40	24	38	29	33	39	21	39	27	37	33	22	40	26	37	32	32	33	25	33	21	38	25	22	25	25	35	26	34	25	26	23	21	33	36	40	40	28	22	38	20	39	37	21	38	33	28	39	30	29	24	37	39	34	26	22	40	22	40	37	31	25	36	34	33	28	39	34	36	37	22	37	37	40	22	35	39	28	30	25	36	34	22	30	26	28	30	38	22	35	22	26	21	32	21	31	40	26	21	21	23	31	36	39	29	38	34	32	23	23	27	20	21	25	34	20	36	28	32	38	27	26	23	23	29	39	32	38	32	30	32	24	27	24	37	40	28	25	23	22	26	39	26	26	31	24	32	31	31	34	25	37	36	39	29	32	25	
14	15	15	23	17	21	28	49	10	18	36	42	24	47	12	25	48	47	26	45	45	36	44	44	12	18	13	23	44	27	45	22	18	34	27	11	24	41	35	33	47	34	19	49	45	31	23	37	24	44	10	19	10	42	11	47	17	18	38	44	25	48	41	17	34	12	24	44	16	17	27	27	41	27	21	40	40	40	43	22	42	19	12	25	17	24	20	44	19	21	33	18	27	13	43	20	17	36	31	44	34	22	26	17	30	17	24	20	21	13	27	49	18	43	14	50	23	35	33	40	49	17	42	10	49	35	26	29	31	12	10	50	16	44	36	43	37	28	24	20	35	12	48	44	32	15	21	27	49	35	24	34	21	19	48	40	28	14	34	16	31	45	27	28	41	48	32	27	18	39	34	21	41	11	20	12	24	30	38	35	20	36	48	31	39	49	39	10	14	43	50	43	17	34	12	14	27	22	27	18	12	33	29	45	50	40	39	32	31	27	47	30	49	19	28	37	19	24	13	20	26	40	48	20	49	43	45	16	35	40	25	11	48	30	31	24	28	38	46	27	43	39	21	18	32	47	29	49	42	21	49	13	13	50	22	41	45	10	25	29	21	31	10	23	26	13	36	36	46	38	46	46	17	46	47	45	18	28	13	23	45	48	39	18	24	22	47	46	33	49	47	10	26	18	18	31	34	12	17	48	43	43	12	44	24	20	48	28	28	48	45	15	27	27	36	41	28	28	35	33	45	42	36	25	28	24	40	11	11	39	38	14	35	42	31	18	44	33	15	13	10	24	39	13	18	30	14	47	43	32	11	40	45	27	45	10	27	37	30	49	36	36	30	24	25	18	44	14	11	24	27	38	12	10	50	23	17	38	20	33	38	31	19	32	47	18	49	22	11	31	13	21	18	23	32	33	29	42	15	40	10	17	23	18	14	37	20	19	43	23	34	37	12	39	34	16	15	46	28	50	18	26	43	45	36	33	25	46	26	35	40	10	16	33	50	50	47	36	43	21	22	25	12	33	46	37	27	19	13	43	12	34	39	13	33	15	29	36	14	30	16	39	10	11	18	12	31	49	25	38	34	44	17	48	28	50	36	47	14	16	46	38	32	36	12	15	49	40	36	15	22	21	28	25	12	42	28	49	39	11	29	14	16	12	15	50	44	22	22	18	48	45	46	45	19	31	25	43	22	46	13	40	13	18	42	23	28	26	21	19	29	26	39	38	44	45	24	35	25	26	44	37	12	22	18	46	12	14	19	39	47	37	24	12	32	26	33	48	22	10	18	10	24	17	12	49	10	17	24	43	27	19	39	28	35	42	35	29	32	33	41	41	49	21	25	24	31	50	13	39	48	22	49	20	29	22	19	19	31	16	46	47	21	39	16	37	24	12	44	17	13	13	20	14	41	25	14	27	46	16	21	26	40	38	30	21	49	38	49	20	17	48	45	17	31	28	26	45	27	20	42	23	40	22	47	19	37	16	11	41	18	33	46	24	11	45	41	43	34	30	18	24	46	28	20	44	13	47	36	42	47	41	11	47	47	36	27	15	41	48	16	40	25	27	44	22	48	26	12	10	21	13	39	30	18	44	33	41	29	29	36	41	18	11	38	50	47	50	42	48	46	28	49	13	16	44	47	32	42	41	41	43	24	47	26	42	21	11	33	48	44	12	13	33	43	37	14	23	12	21	21	33	38	45	44	22	30	48	11	14	48	25	17	32	25	26	42	18	35	17	25	37	32	43	40	38	38	25	26	21	31	38	11	17	48	12	12	50	39	29	30	44	39	15	29	40	29	37	35	44	16	18	31	30	46	37	31	29	24	22	33	41	43	23	12	29	33	28	26	35	25	41	38	47	29	16	16	15	42	27	12	28	37	20	49	17	10	33	17	46	16	26	45	47	14	15	35	19	15	38	19	42	43	42	15	29	23	27	17	22	44	11	44	42	44	20	19	20	39	44	29	11	20	41	30	39	39	12	13	33	48	50	35	50	48	37	32	29	35	21	21	32	41	18	29	48	38	24	28	11	36	27	22	37	39	42	16	28	49	27	42	27	16	27	48	42	12	22	46	50	38	18	17	35	47	31	48	47	45	38	16	12	34	20	18	24	25	49	26	37	10	17	36	48	14	18	40	38	42	37	46	43	46	32	12	44	44	28	15	10	16	18	31	22	29	38	25	24	22	37	33	47	25	21	36	11	14	50	40	21	28	13	20	29	23	30	18	48	28	26	34	41	29	11	45	45	13	19	30	37	37	42	10	40	19	43	30	22	23	17	14	11	16	22	50	29	33	49	42	21	13	21	21	39	25	14	22	21	12	28	15	35	41	30	35	36	36	40	38	42	22	28	14	41	11	37	42	26	40	13	23	43	22	19	47	35	10	24	25	31	18	12	17	40	50	39	17	26	28	28	37	30	25	27	40	40	35	45	26	50	26	32	50	36	19	17	28	42	46	15	20	38	37	27	35	33	44	44	34	24	31	25	29	50	27	32	16	32	22	22	41	22	19	50	12	31	18	12	35	50	48	16	20	32	40	21	50	46	20	22	27	50	17	15	29	22	12	10	36	47	17	45	26	25	19	45	48	49	33	19	16	31	39	42	39	35	42	39	17	40	34	39	42	13	43	37	19	38	34	15	15	24	34	40	29	30	12	31	47	32	37	43	11	48	33	49	49	28	49	15	18	15	16	42	29	17	48	36	37	18	24	46	35	10	46	35	30	17	32	16	48	42	26	24	39	50	36	34	16	42	32	10	31	34	32	37	48	35	30	38	30	26	21	48	43	11	17	44	27	19	42	28	40	19	32	17	17	18	19	44	44	40	15	39	46	19	44	31	17	46	42	29	21	12	15	47	28	24	10	34	40	48	15	41	21	35	11	28	16	14	38	44	47	12	36	26	30	10	18	19	14	41	27	48	24	37	10	29	29	14	41	32	37	11	38	10	30	11	34	13	34	12	25	22	15	30	34	50	11	29	48	49	21	43	30	29	12	43	13	34	25	28	23	46	47	46	11	16	38	21	16	19	19	42	26	43	20	16	15	26	11	49	36	36	34	31	23	40	23	41	37	34	16	13	20	40	50	19	12	23	20	13	12	42	42	44	24	45	17	11	44	42	29	17	26	28	12	19	22	24	45	23	23	28	40	34	46	10	12	24	32	37	29	41	36	49	20	31	22	11	37	35	42	22	20	29	33	20	15	38	30	43	37	50	16	20	36	20	24	46	36	12	26	13	22	12	20	27	22	43	35	43	28	11	15	46	48	34	22	19	43	29	22	19	28	22	32	40	42	13	17	29	38	36	17	41	38	23	19	41	29	43	36	42	30	20	37	36	27	13	14	31	42	12	19	50	15	44	34	31	49	16	23	31	48	12	10	35	25	13	38	38	48	30	30	28	30	43	11	31	38	20	16	44	44	10	19	11	12	13	44	11	13	27	32	25	13	28	28	32	45	13	18	24	27	49	32	25	18	11	11	37	21	46	40	42	13	46	44	11	34	35	28	38	46	11	40	48	15	32	26	49	23	36	46	37	37	17	22	21	24	28	43	10	45	38	20	43	45	17	25	25	19	16	40	25	13	38	20	26	42	36	27	41	30	30	45	50	26	29	38	22	47	43	37	38	37	42	50	22	22	28	10	19	40	43	11	21	28	18	35	37	42	41	36	46	14	10	47	12	34	25	30	33	42	37	40	45	16	48	14	17	49	19	11	20	11	34	39	21	47	35	10	45	13	18	35	37	46	47	39	10	39	26	26	12	22	23	35	19	22	37	47	35	40	13	35	44	46	32	46	33	18	49	31	49	26	29	29	36	42	40	21	41	49	24	18	37	35	32	25	16	45	31	42	30	36	39	30	48	19	47	46	20	20	30	48	44	29	48	32	25	32	11	22	38	44	22	50	41	39	45	25	33	40	12	11	50	15	29	35	27	32	31	11	22	26	11	48	47	11	32	49	42	37	13	22	39	22	28	23	12	44	43	50	36	29	41	10	10	18	47	22	30	44	26	39	34	10	44	22	13	11	34	29	33	32	38	27	41	13	37	47	47	17	39	30	11	43	18	45	40	32	31	45	20	43	43	11	23	34	30	15	29	17	46	43	15	29	25	19	40	47	48	40	11	29	32	12	24	46	15	46	21	48	13	38	36	26	32	31	25	13	30	43	44	29	30	31	34	26	46	12	12	40	42	31	42	29	26	11	22	29	45	29	24	21	16	13	35	16	16	33	16	11	36	28	30	26	25	16	36	12	23	43	35	23	32	50	14	45	20	39	43	11	48	47	32	24	10	27	30	19	47	12	32	25	28	34	27	47	46	35	38	26	27	21	33	33	49	12	47	35	18	29	20	32	15	25	24	12	18	33	10	14	26	31	31	12	18	25	31	40	41	20	27	16	41	15	35	10	24	31	24	38	19	27	32	50	39	25	16	49	30	24	32	33	32	15	49	42	39	47	15	44	22	35	18	21	45	25	15	25	38	12	33	26	36	16	35	43	20	13	44	49	28	36	41	40	29	27	21	15	20	49	19	39	13	44	48	12	29	38	11	44	45	29	30	45	50	40	44	20	30	10	33	44	32	50	12	17	40	30	24	19	44	29	29	32	12	20	34	46	47	45	28	47	11	44	21	44	42	32	39	41	50	45	30	21	15	41	25	43	21	40	16	34	31	50	30	44	13	50	31	21	38	10	24	32	33	31	44	21	34	48	42	14	11	37	24	30	50	44	34	15	28	29	10	16	46	35	50	31	17	34	27	49	26	20	45	39	41	45	14	30	16	18	10	20	27	21	19	40	34	11	46	24	31	43	28	47	45	39	12	25	45	18	27	46	41	48	47	37	34	50	28	44	42	30	22	46	36	13	31	19	31	27	27	49	22	22	10	15	43	25	38	14	36	16	39	10	14	36	36	34	16	20	42	44	21	17	34	50	11	25	48	36	22	17	13	46	30	14	36	18	10	18	50	37	14	10	27	35	16	28	50	19	18	17	12	20	46	32	20	13	24	23	36	32	30	35	11	47	19	32	13	27	29	31	15	42	32	28	19	46	21	39	13	22	30	38	26	50	26	40	50	22	15	37	31	13	25	21	19	49	30	39	45	48	21	28	11	18	38	29	23	32	18	33	12	41	15	24	49	42	15	33	16	18	47	15	49	49	48	23	32	31	24	28	31	31	25	14	43	36	15	41	44	23	20	33	37	24	13	21	28	26	44	46	38	29	20	28	37	40	31	12	26	34	43	26	34	46	47	21	19	12	25	14	47	17	17	35	29	33	37	11	19	42	44	44	40	22	36	41	10	23	35	36	37	13	16	23	44	32	43	44	43	25	48	26	28	44	30	30	49	44	36	41	28	27	46	19	11	10	27	19	39	39	10	34	22	32	16	26	15	45	37	17	23	48	26	17	27	43	33	23	30	17	14	32	43	30	31	15	46	48	33	24	14	34	10	13	29	38	16	39	14	17	31	44	37	14	21	35	17	21	15	19	10	10	10	49	29	40	21	38	20	27	26	31	47	40	17	27	21	37	36	44	18	27	26	39	17	17	22	20	27	49	39	41	36	44	39	24	33	38	38	30	12	25	28	34	30	44	10	39	37	20	18	45	35	32	33	25	44	23	35	18	21	34	45	12	31	35	49	44	11	20	13	26	37	41	30	26	43	46	21	42	34	48	32	17	37	11	44	15	40	12	17	34	48	47	13	28	26	13	21	42	10	17	27	18	10	15	34	42	40	33	23	21	16	36	20	23	23	14	29	16	36	23	21	18	22	45	49	21	35	49	41	21	36	36	43	44	10	25	40	16	37	37	45	10	31	25	34	17	20	20	12	50	46	45	30	39	31	49	10	37	46	10	35	14	36	49	19	43	34	30	29	10	22	45	19	12	45	35	24	15	13	18	22	31	25	35	33	47	30	25	41	50	33	15	48	17	34	11	41	21	24	17	46	30	42	25	18	43	44	22	45	39	20	14	42	23	22	22	42	47	36	35	41	40	34	22	29	35	50	44	26	34	41	49	49	18	22	28	12	25	35	27	12	11	26	22	11	31	32	29	49	12	27	36	31	13	13	43	32	19	49	14	28	21	10	43	20	41	39	22	42	21	25	28	45	29	49	48	23	36	13	21	25	29	26	26	44	24	10	12	15	13	46	34	28	20	26	36	11	19	18	35	30	29	18	16	27	24	33	40	29	45	20	28	41	39	32	17	42	37	30	23	23	32	38	18	48	46	37	18	13	19	38	49	40	38	44	38	13	42	46	27	40	30	49	30	30	47	32	16	24	25	20	33	45	31	13	29	37	38	49	20	48	34	24	28	28	14	37	41	17	14	23	41	16	37	26	34	22	17	41	21	11	11	45	50	23	42	36	24	49	43	27	29	47	17	12	45	40	42	42	48	36	47	23	47	41	48	19	20	38	22	14	44	50	41	11	43	19	30	13	43	33	34	50	45	41	43	18	46	35	15	40	15	35	13	31	16	34	27	36	36	11	17	41	10	25	38	47	11	14	48	32	23	43	17	42	14	44	15	30	13	15	37	12	12	43	16	42	27	38	37	50	12	21	25	45	31	13	25	26	25	30	29	49	13	19	13	41	17	12	16	14	42	12	21	38	39	10	31	45	39	45	35	48	36	30	10	14	14	22	16	38	10	48	10	29	26	34	37	12	26	32	34	47	24	16	42	34	42	32	21	24	40	43	43	47	49	30	27	35	39	14	48	47	19	49	23	19	26	26	45	44	14	12	49	22	37	32	44	36	12	47	40	47	19	38	34	33	16	42	48	43	45	13	21	41	18	14	33	48	44	50	26	41	45	15	27	18	40	16	29	19	28	38	22	31	47	27	13	14	40	46	39	25	30	49	41	44	37	15	11	17	28	14	18	19	24	31	39	32	11	23	23	22	28	25	12	30	48	25	34	36	28	25	13	27	33	21	11	35	16	24	45	28	18	22	36	16	41	24	33	21	41	35	10	40	21	41	33	43	36	12	22	22	28	41	34	48	34	33	46	29	42	31	35	13	33	46	19	29	27	23	39	39	17	40	44	48	27	15	16	33	17	18	49	44	11	33	25	20	31	15	37	31	14	40	27	21	31	35	14	32	19	19	14	43	30	43	15	26	34	11	41	31	12	49	29	33	25	34	41	13	22	50	21	31	12	49	36	39	42	20	36	13	25	25	20	30	26	11	12	37	10	20	48	50	18	29	17	20	17	47	46	41	28	18	12	43	25	41	24	41	24	46	47	28	17	22	32	48	46	22	47	38	16	21	50	48	35	37	36	19	19	29	13	12	47	32	42	14	10	28	24	15	46	21	30	24	32	32	12	19	27	32	13	18	40	29	13	29	42	38	40	35	28	36	47	22	27	41	25	41	29	41	23	17	16	49	32	16	29	46	16	23	42	23	36	40	50	23	41	33	37	38	13	49	24	16	21	18	39	48	48	39	49	20	12	44	14	29	24	34	36	34	50	16	14	50	18	43	15	44	15	23	49	16	41	42	46	22	49	14	40	45	20	46	48	19	29	20	30	24	30	50	43	19	21	14	48	19	13	11	26	47	24	39	37	46	24	13	10	37	45	50	28	21	28	35	16	28	22	15	42	24	38	21	49	32	50	44	17	35	25	44	30	38	49	44	21	25	40	40	19	50	23	40	15	30	27	37	33	19	29	12	17	42	46	35	32	45	26	40	26	30	20	45	15	32	21	37	49	50	39	37	30	41	38	30	49	12	17	16	15	32	23	31	26	18	42	39	33	16	47	31	39	33	19	41	13	40	29	31	18	28	16	21	32	25	31	28	38	29	26	19	24	30	18	46	18	15	18	48	48	23	43	32	47	26	38	39	21	13	45	48	42	21	37	29	22	32	39	30	19	32	37	43	17	44	38	22	12	14	50	18	17	31	21	41	28	31	39	46	27	12	33	28	36	12	24	25	23	33	35	42	46	33	21	21	15	14	36	29	25	46	39	37	21	45	43	12	23	21	38	48	22	19	24	11	39	21	32	40	41	20	42	19	12	13	34	14	35	43	27	32	28	10	41	29	15	46	42	34	28	34	48	29	35	25	16	24	30	31	25	46	47	14	24	10	20	43	31	36	46	32	34	46	29	42	50	23	21	33	15	31	34	43	41	10	31	32	22	11	50	21	34	33	16	36	35	11	18	24	44	13	
0.5
90
