3604
90
0	0	0	0	500	0	0	0	0	0	48	0	0	0	0	0	0	0	0	0	0	0	0	0	0	0	0	0	0	0	0	0	0	0	0	0	0	0	0	0	0	0	0	0	0	0	0	0	0	0	0	0	0	0	0	0	0	0	0	0	0	0	0	0	0	0	0	0	0	0	0	0	0	0	0	0	0	0	0	0	0	0	500	0	0	0	0	0	96	0	
0	0	0	0	0	0	0	0	0	0	0	0	0	0	0	0	0	0	0	0	0	0	0	0	0	0	0	0	0	0	0	0	0	0	500	0	0	0	0	0	0	0	0	0	0	0	0	0	0	0	0	0	0	0	0	0	0	0	0	0	0	0	0	0	0	0	0	0	192	0	0	0	0	0	0	0	0	0	0	0	0	0	0	0	0	0	0	0	0	0	
0	0	0	0	0	0	0	0	0	0	0	0	0	0	0	0	0	0	0	0	0	96	0	0	0	0	0	0	0	0	0	0	0	0	0	0	0	0	0	0	0	0	0	0	0	0	0	0	0	0	0	0	0	0	96	0	0	0	0	0	0	0	0	0	0	0	0	0	0	0	0	0	0	0	0	0	0	0	0	0	0	0	0	0	0	0	0	0	0	0	
0	0	0	0	0	0	0	0	0	0	0	0	0	0	0	0	0	0	0	0	0	0	0	0	0	0	0	0	0	0	0	0	0	0	0	0	0	0	0	0	0	0	0	0	0	0	0	0	0	0	0	0	0	0	0	0	0	0	96	0	0	0	0	0	0	0	0	0	0	0	0	0	0	0	0	0	0	0	0	0	0	0	0	0	0	0	0	0	0	48	
500	0	0	0	0	0	0	96	0	0	0	0	0	0	0	0	0	0	0	0	0	0	0	0	0	0	0	0	0	0	0	0	0	0	0	0	0	0	0	0	0	0	0	0	0	0	0	0	0	0	0	0	0	0	0	0	0	48	0	0	0	0	0	0	0	0	0	0	0	0	0	0	0	0	0	0	0	0	0	0	0	0	0	0	0	0	0	0	0	0	
0	0	0	0	0	0	0	0	0	0	0	0	0	0	0	0	0	0	0	0	0	0	0	0	0	0	0	0	0	0	0	0	0	0	0	0	0	0	0	0	0	0	0	0	0	0	0	0	0	0	0	0	0	0	0	500	0	0	0	0	0	0	0	0	0	0	0	0	0	0	0	0	0	0	0	0	0	0	96	0	0	0	0	0	0	0	0	0	0	0	
0	0	0	0	0	0	0	0	0	0	0	0	0	0	0	0	0	0	0	0	0	0	0	0	0	48	0	0	0	0	0	0	0	0	0	0	0	0	0	0	0	0	0	0	0	0	0	0	0	0	0	0	0	0	0	0	0	0	0	0	0	0	0	0	0	0	0	0	0	0	0	96	0	0	0	0	0	0	0	0	0	0	0	0	0	0	0	0	0	0	
0	0	0	0	96	0	0	0	0	0	0	0	0	0	0	0	0	0	0	0	0	0	0	0	0	0	0	0	0	0	0	0	0	0	0	0	0	0	0	0	0	0	0	0	0	0	0	0	0	0	0	0	0	0	0	0	0	500	0	0	0	0	0	0	0	0	0	0	0	0	0	0	0	0	0	0	0	0	0	0	0	0	0	0	0	0	0	0	0	0	
0	0	0	0	0	0	0	0	0	0	0	0	0	0	0	0	0	0	0	500	0	0	0	0	0	0	0	0	0	0	0	0	0	0	0	0	0	0	0	0	0	0	0	0	0	0	0	500	0	0	0	0	0	0	0	0	0	0	0	0	0	0	0	0	0	0	0	0	0	0	0	0	0	0	0	0	0	0	48	0	0	0	0	0	0	0	0	0	0	0	
0	0	0	0	0	0	0	0	0	0	0	0	0	0	0	0	0	0	0	0	0	0	0	0	0	0	0	0	0	0	0	0	0	0	0	0	0	0	0	0	0	0	0	0	0	0	0	0	0	0	0	0	0	0	0	0	0	0	0	0	0	0	0	0	0	0	0	48	0	0	0	0	0	0	0	0	0	0	0	0	0	0	0	0	48	0	0	0	0	0	
48	0	0	0	0	0	0	0	0	0	0	0	0	0	0	0	0	0	0	0	0	0	0	0	0	0	0	0	0	0	0	0	0	0	0	0	0	0	0	0	0	0	0	0	0	0	0	0	0	0	0	0	0	0	0	0	0	0	0	0	0	0	0	0	0	0	0	0	0	0	0	0	0	0	0	0	0	0	0	0	0	0	192	0	0	0	0	0	500	0	
0	0	0	0	0	0	0	0	0	0	0	0	0	0	0	48	0	0	192	0	0	0	0	0	0	0	0	0	0	0	0	0	0	0	0	0	0	0	0	0	0	0	0	0	0	0	0	0	0	0	0	0	0	0	0	0	0	0	0	96	0	0	0	0	48	0	0	0	0	0	0	0	0	0	0	0	0	0	0	0	0	0	0	0	0	0	0	0	0	0	
0	0	0	0	0	0	0	0	0	0	0	0	0	0	0	0	0	0	0	0	0	0	0	0	0	0	0	0	0	0	0	0	0	0	0	0	0	0	0	0	0	0	0	0	0	0	0	192	0	0	0	0	0	0	0	0	0	0	0	0	0	0	0	0	0	0	0	0	0	96	0	0	0	0	0	0	0	0	0	0	0	0	0	0	0	0	0	0	0	0	
0	0	0	0	0	0	0	0	0	0	0	0	0	0	0	0	0	0	0	0	0	0	0	192	0	0	0	0	0	0	96	0	0	0	0	0	0	48	0	0	0	0	0	0	0	0	0	0	0	0	0	0	0	0	0	0	0	0	0	0	0	0	0	0	0	0	0	0	0	0	0	0	0	0	0	0	0	0	0	0	0	0	0	0	0	0	0	0	0	0	
0	0	0	0	0	0	0	0	0	0	0	0	0	0	0	0	0	0	500	0	0	0	0	0	0	0	0	0	0	0	0	0	0	0	0	0	0	0	0	0	0	0	0	0	0	0	0	0	0	0	0	0	0	0	0	0	0	0	0	0	0	0	0	0	192	0	0	0	0	0	0	0	0	0	0	0	0	0	0	0	0	0	0	0	0	0	0	0	0	0	
0	0	0	0	0	0	0	0	0	0	0	48	0	0	0	0	0	0	0	0	0	0	0	0	0	0	0	0	0	0	0	0	0	0	0	0	0	0	0	0	0	0	0	0	0	0	0	0	0	0	0	0	0	0	0	0	0	0	0	192	0	0	0	0	0	0	0	0	0	0	0	0	0	0	0	0	0	0	0	0	0	0	0	0	0	0	0	0	0	0	
0	0	0	0	0	0	0	0	0	0	0	0	0	0	0	0	0	0	0	0	0	0	0	0	0	0	0	0	0	0	0	0	192	0	0	0	0	0	0	0	0	0	0	0	0	0	0	0	0	0	0	0	0	0	0	0	0	0	0	0	0	0	0	0	0	0	0	0	0	0	0	0	0	0	0	0	0	0	0	0	0	0	0	0	0	0	0	0	192	0	
0	0	0	0	0	0	0	0	0	0	0	0	0	0	0	0	0	0	0	0	0	0	0	0	0	0	0	0	0	0	0	0	0	0	0	0	500	0	0	0	0	0	0	0	0	0	0	0	0	0	0	0	0	0	0	0	96	0	0	0	192	0	0	0	0	0	0	0	0	0	0	0	0	0	192	0	0	0	0	0	0	0	0	0	0	0	0	500	0	0	
0	0	0	0	0	0	0	0	0	0	0	192	0	0	500	0	0	0	0	0	0	0	0	0	0	0	0	0	0	0	0	0	0	0	0	0	0	0	0	0	0	0	0	0	0	0	0	0	0	0	0	0	0	0	0	0	0	0	0	0	0	0	0	0	0	0	0	0	0	0	0	0	0	0	0	0	0	0	0	0	0	0	0	0	0	0	0	0	0	0	
0	0	0	0	0	0	0	0	500	0	0	0	0	0	0	0	0	0	0	0	0	0	0	0	0	0	0	0	0	0	0	0	0	0	0	0	0	0	0	0	0	0	0	0	0	0	0	48	0	0	0	0	0	0	0	0	0	0	0	0	0	0	0	0	0	500	0	0	0	0	0	0	0	0	0	0	0	0	0	0	0	0	0	0	0	0	0	0	0	0	
0	0	0	0	0	0	0	0	0	0	0	0	0	0	0	0	0	0	0	0	0	0	0	0	0	0	0	0	0	0	0	0	0	0	0	0	0	0	96	0	0	0	0	0	0	0	0	0	0	0	96	0	0	0	0	0	0	0	0	0	0	0	0	0	0	0	0	0	0	0	0	0	0	0	0	0	0	0	0	0	0	0	0	0	0	0	0	0	0	0	
0	0	96	0	0	0	0	0	0	0	0	0	0	0	0	0	0	0	0	0	0	0	0	0	0	0	0	0	0	0	0	0	0	0	0	0	0	0	0	0	0	0	0	0	0	0	0	0	0	0	0	0	0	0	0	0	0	0	0	0	0	0	0	0	0	0	0	0	0	0	0	0	0	0	0	0	0	0	0	0	0	0	0	0	0	96	0	0	0	0	
0	0	0	0	0	0	0	0	0	0	0	0	0	0	0	0	0	0	0	0	0	0	0	0	0	0	0	0	0	0	0	0	0	0	0	0	0	0	0	0	0	0	0	0	0	0	0	0	0	0	0	192	0	0	0	0	96	0	0	0	500	0	0	0	0	0	0	0	0	0	0	0	0	0	0	0	0	0	0	0	0	0	0	0	0	0	0	0	0	0	
0	0	0	0	0	0	0	0	0	0	0	0	0	192	0	0	0	0	0	0	0	0	0	0	0	0	0	0	0	0	0	0	0	0	0	0	0	192	0	0	0	0	0	0	0	0	0	0	0	0	0	0	0	0	0	0	0	0	0	0	0	0	0	0	0	0	0	0	0	0	0	0	0	0	0	0	0	0	0	0	0	0	0	0	0	0	0	0	0	0	
0	0	0	0	0	0	0	0	0	0	0	0	0	0	0	0	0	0	0	0	0	0	0	0	0	0	0	0	0	0	0	0	0	0	0	0	0	0	0	0	0	0	0	0	0	0	0	0	0	0	0	0	0	0	0	0	0	0	0	0	0	0	0	0	0	0	0	0	0	0	0	0	0	0	0	0	192	0	0	0	0	0	0	48	0	0	0	0	0	0	
0	0	0	0	0	0	48	0	0	0	0	0	0	0	0	0	0	0	0	0	0	0	0	0	0	0	96	0	0	0	0	0	0	0	0	0	0	0	0	0	0	48	0	0	0	0	0	0	0	0	0	0	0	0	0	0	0	0	0	0	0	0	0	0	0	0	0	0	0	48	0	0	48	0	0	0	0	0	0	0	0	0	0	0	0	0	0	0	0	0	
0	0	0	0	0	0	0	0	0	0	0	0	0	0	0	0	0	0	0	0	0	0	0	0	0	96	0	0	0	0	0	0	0	0	0	0	0	0	0	0	0	500	0	0	0	0	0	0	0	0	0	0	0	0	0	0	0	0	0	0	0	0	0	0	0	0	0	0	0	0	0	0	0	0	0	0	0	0	0	0	0	0	0	0	0	0	0	0	0	0	
0	0	0	0	0	0	0	0	0	0	0	0	0	0	0	0	0	0	0	0	0	0	0	0	0	0	0	0	0	500	0	0	0	0	0	0	0	0	0	0	0	0	0	0	0	0	0	0	0	0	0	0	0	500	0	96	0	0	0	0	0	0	0	0	0	0	0	0	0	0	0	0	0	0	0	0	0	0	0	0	0	0	0	0	0	0	0	0	0	0	
0	0	0	0	0	0	0	0	0	0	0	0	0	0	0	0	0	0	0	0	0	0	0	0	0	0	0	0	0	0	0	0	0	0	0	0	0	0	0	0	0	0	0	0	0	0	0	0	0	0	0	0	0	0	0	0	0	0	48	0	0	0	0	0	0	0	0	0	0	0	0	0	96	0	0	0	0	0	0	0	0	0	0	0	0	0	0	0	0	0	
0	0	0	0	0	0	0	0	0	0	0	0	0	0	0	0	0	0	0	0	0	0	0	0	0	0	0	500	0	0	0	0	0	0	0	0	0	0	0	0	0	0	0	0	0	0	0	0	0	0	0	0	0	500	0	0	0	0	0	0	0	0	0	0	0	0	0	0	0	0	0	0	0	0	0	0	0	0	0	0	0	0	0	0	0	0	0	0	0	0	
0	0	0	0	0	0	0	0	0	0	0	0	0	96	0	0	0	0	0	0	0	0	0	0	0	0	0	0	0	0	0	0	0	0	0	0	0	0	0	0	0	0	0	0	0	0	0	0	0	0	0	0	0	0	0	0	0	0	0	0	0	0	0	0	0	0	0	0	0	0	0	0	0	0	0	0	0	0	0	0	0	0	0	0	0	500	0	0	0	0	
0	0	0	0	0	0	0	0	0	0	0	0	0	0	0	0	0	0	0	0	0	0	0	0	0	0	0	0	0	0	0	0	0	0	0	0	0	0	0	0	0	0	0	0	0	192	0	0	0	0	0	0	0	0	0	0	0	0	0	0	0	0	0	500	0	0	0	0	0	0	0	0	0	0	0	0	0	0	0	0	0	0	0	0	0	0	0	0	0	0	
0	0	0	0	0	0	0	0	0	0	0	0	0	0	0	0	192	0	0	0	0	0	0	0	0	0	0	0	0	0	0	0	0	0	0	0	0	0	0	0	0	0	0	0	0	500	0	0	96	0	0	0	0	0	0	0	0	0	0	0	0	0	0	0	0	0	0	0	0	0	0	0	0	0	0	0	0	0	0	0	0	0	0	0	0	0	0	0	0	0	
0	0	0	0	0	0	0	0	0	0	0	0	0	0	0	0	0	0	0	0	0	0	0	0	0	0	0	0	0	0	0	0	0	0	0	0	0	0	0	0	0	0	0	0	0	0	0	0	0	192	0	0	96	0	0	0	0	0	0	0	0	0	0	48	0	0	0	0	0	0	0	0	0	0	0	0	0	0	0	0	0	96	0	48	0	0	0	0	0	0	
0	500	0	0	0	0	0	0	0	0	0	0	0	0	0	0	0	0	0	0	0	0	0	0	0	0	0	0	0	0	0	0	0	0	0	0	0	0	0	0	0	0	0	0	0	0	0	0	0	0	0	0	192	0	0	0	0	0	0	0	0	0	0	0	0	0	0	0	0	0	0	0	0	0	0	0	0	0	0	0	0	0	0	192	0	0	0	0	0	0	
0	0	0	0	0	0	0	0	0	0	0	0	0	0	0	0	0	0	0	0	0	0	0	0	0	0	0	0	0	0	0	0	0	0	0	0	0	0	0	0	192	0	0	0	0	0	48	0	0	0	0	0	0	0	0	0	0	0	0	0	0	0	0	0	0	0	0	0	0	0	0	0	0	0	0	0	0	0	0	96	0	0	0	0	0	0	0	0	0	0	
0	0	0	0	0	0	0	0	0	0	0	0	0	0	0	0	0	500	0	0	0	0	0	0	0	0	0	0	0	0	0	0	0	0	0	0	0	0	0	0	0	0	0	0	0	0	0	0	0	0	0	0	0	0	0	0	48	0	0	0	0	0	0	0	0	0	0	0	0	0	0	0	0	0	500	0	0	0	0	0	0	0	0	0	0	0	96	500	0	0	
0	0	0	0	0	0	0	0	0	0	0	0	0	48	0	0	0	0	0	0	0	0	0	192	0	0	0	0	0	0	0	0	0	0	0	0	0	0	0	0	0	0	0	0	0	0	0	0	0	0	0	0	0	0	0	0	0	0	0	0	0	0	0	0	0	0	0	0	0	0	0	0	0	0	0	0	0	0	0	0	0	0	0	0	0	0	0	0	0	0	
0	0	0	0	0	0	0	0	0	0	0	0	0	0	0	0	0	0	0	0	96	0	0	0	0	0	0	0	0	0	0	0	0	0	0	0	0	0	0	0	0	0	0	0	0	0	0	0	0	0	48	0	0	0	0	0	0	0	0	0	0	0	0	0	0	0	0	0	0	0	0	0	0	0	0	0	0	0	0	0	0	0	0	0	0	0	0	0	0	0	
0	0	0	0	0	0	0	0	0	0	0	0	0	0	0	0	0	0	0	0	0	0	0	0	0	0	0	0	0	0	0	0	0	0	0	0	0	0	0	0	0	0	0	0	0	0	0	0	0	0	0	0	0	0	0	0	0	0	0	0	0	0	0	0	0	0	48	0	0	0	0	0	0	0	0	96	0	0	0	0	0	0	0	0	0	0	0	0	0	0	
0	0	0	0	0	0	0	0	0	0	0	0	0	0	0	0	0	0	0	0	0	0	0	0	0	0	0	0	0	0	0	0	0	0	0	192	0	0	0	0	0	0	0	0	0	0	0	0	0	0	0	0	0	0	0	0	0	0	0	0	0	0	0	0	0	0	0	0	0	0	0	0	0	0	0	0	0	0	0	0	96	0	0	0	0	0	0	0	0	0	
0	0	0	0	0	0	0	0	0	0	0	0	0	0	0	0	0	0	0	0	0	0	0	0	0	48	500	0	0	0	0	0	0	0	0	0	0	0	0	0	0	0	0	0	0	0	0	0	0	0	0	0	0	0	0	0	0	0	0	0	0	0	0	0	0	0	0	0	0	0	0	0	0	0	0	0	0	0	0	0	0	0	0	0	0	0	0	0	0	0	
0	0	0	0	0	0	0	0	0	0	0	0	0	0	0	0	0	0	0	0	0	0	0	0	0	0	0	0	0	0	0	0	0	0	0	0	0	0	0	0	0	0	0	0	192	0	0	0	0	0	0	0	0	0	0	0	0	0	0	0	0	96	0	0	0	0	0	48	0	0	0	0	0	0	0	0	0	0	0	0	0	0	0	0	0	0	500	96	0	0	
0	0	0	0	0	0	0	0	0	0	0	0	0	0	0	0	0	0	0	0	0	0	0	0	0	0	0	0	0	0	0	0	0	0	0	0	0	0	0	0	0	0	0	0	0	0	0	0	0	0	0	0	0	0	0	0	0	0	0	0	0	0	0	0	0	0	0	0	0	0	0	0	0	0	0	0	0	48	0	0	0	0	0	0	0	0	0	0	0	500	
0	0	0	0	0	0	0	0	0	0	0	0	0	0	0	0	0	0	0	0	0	0	0	0	0	0	0	0	0	0	0	0	0	0	0	0	0	0	0	0	0	0	192	0	0	0	0	0	0	0	0	0	0	0	0	0	0	0	0	0	0	0	0	0	0	0	0	0	0	0	0	0	0	0	0	0	192	0	0	0	0	0	0	0	0	0	0	0	0	0	
0	0	0	0	0	0	0	0	0	0	0	0	0	0	0	0	0	0	0	0	0	0	0	0	0	0	0	0	0	0	0	192	500	0	0	0	0	0	0	0	0	0	0	0	0	0	0	0	0	0	0	0	0	0	0	0	0	0	0	0	0	0	0	0	0	0	0	0	0	0	0	0	0	0	0	0	0	0	0	0	0	0	0	0	0	0	0	0	0	0	
0	0	0	0	0	0	0	0	0	0	0	0	0	0	0	0	0	0	0	0	0	0	0	0	0	0	0	0	0	0	0	0	0	0	0	48	0	0	0	0	0	0	0	0	0	0	0	0	0	0	0	192	0	0	0	0	0	0	0	0	0	0	0	0	0	0	0	0	0	0	0	0	0	0	192	0	0	0	0	192	0	0	0	0	0	0	0	0	0	0	
0	0	0	0	0	0	0	0	500	0	0	0	192	0	0	0	0	0	0	48	0	0	0	0	0	0	0	0	0	0	0	0	0	0	0	0	0	0	0	0	0	0	0	0	0	0	0	0	0	0	0	0	0	0	0	0	0	0	0	0	0	0	0	0	0	0	0	0	0	0	0	0	0	0	0	0	0	0	0	0	0	0	0	0	0	0	0	0	0	0	
0	0	0	0	0	0	0	0	0	0	0	0	0	0	0	0	0	0	0	0	0	0	0	0	0	0	0	0	0	0	0	0	96	0	0	0	0	0	0	0	0	0	0	0	0	0	0	0	0	0	0	0	0	0	0	0	0	0	0	0	0	0	0	0	0	0	0	0	0	0	0	0	0	0	0	0	0	0	0	0	0	192	0	0	0	0	0	0	0	0	
0	0	0	0	0	0	0	0	0	0	0	0	0	0	0	0	0	0	0	0	0	0	0	0	0	0	0	0	0	0	0	0	0	192	0	0	0	0	0	0	0	0	0	0	0	0	0	0	0	0	0	0	192	0	0	0	0	0	0	0	0	0	0	0	0	0	0	0	0	0	0	0	0	0	0	0	0	0	0	0	0	0	0	0	0	0	0	0	0	0	
0	0	0	0	0	0	0	0	0	0	0	0	0	0	0	0	0	0	0	0	96	0	0	0	0	0	0	0	0	0	0	0	0	0	0	0	0	0	48	0	0	0	0	0	0	0	0	0	0	0	0	0	0	0	0	0	0	0	0	0	0	0	0	0	0	0	0	0	0	0	0	192	0	0	0	0	0	0	0	0	0	0	0	0	0	0	0	0	0	0	
0	0	0	0	0	0	0	0	0	0	0	0	0	0	0	0	0	0	0	0	0	0	192	0	0	0	0	0	0	0	0	0	0	0	0	0	0	0	0	0	0	0	0	0	0	0	192	0	0	0	0	0	0	0	0	0	0	0	0	0	0	0	0	0	0	0	0	0	0	0	0	0	0	0	0	0	0	0	0	0	0	0	0	0	0	0	0	0	0	0	
0	0	0	0	0	0	0	0	0	0	0	0	0	0	0	0	0	0	0	0	0	0	0	0	0	0	0	0	0	0	0	0	0	96	192	0	0	0	0	0	0	0	0	0	0	0	0	0	0	192	0	0	0	0	0	0	0	0	0	0	0	0	0	0	0	0	0	0	0	0	0	0	0	0	0	0	48	0	0	0	0	0	0	0	0	0	0	0	0	0	
0	0	0	0	0	0	0	0	0	0	0	0	0	0	0	0	0	0	0	0	0	0	0	0	0	0	0	500	0	500	0	0	0	0	0	0	0	0	0	0	0	0	0	0	0	0	0	0	0	0	0	0	0	0	0	0	0	0	0	0	0	0	0	0	0	0	0	0	0	0	0	0	0	0	0	0	0	0	0	0	0	0	0	0	0	0	0	0	0	0	
0	0	96	0	0	0	0	0	0	0	0	0	0	0	0	0	0	0	0	0	0	0	0	0	0	0	0	0	0	0	0	0	0	0	0	0	0	0	0	0	0	0	0	0	0	0	0	0	0	0	0	0	0	0	0	0	0	0	0	0	0	0	500	0	0	500	0	0	0	0	0	0	0	0	0	0	0	0	0	0	0	0	0	0	0	0	0	0	0	0	
0	0	0	0	0	500	0	0	0	0	0	0	0	0	0	0	0	0	0	0	0	0	0	0	0	0	0	96	0	0	0	0	0	0	0	0	0	0	0	0	0	0	0	0	0	0	0	0	0	0	0	0	0	0	0	0	0	0	0	0	0	0	0	0	0	192	0	0	0	0	0	0	0	0	0	0	0	0	192	0	0	0	0	0	0	0	0	0	0	0	
0	0	0	0	0	0	0	0	0	0	0	0	0	0	0	0	0	96	0	0	0	0	96	0	0	0	0	0	0	0	0	0	0	0	0	0	48	0	0	0	0	0	0	0	0	0	0	0	0	0	0	0	0	0	0	0	0	0	0	0	0	0	0	0	0	0	0	0	0	0	0	0	0	0	0	0	0	0	0	0	0	0	0	0	0	0	0	0	0	0	
0	0	0	0	48	0	0	500	0	0	0	0	0	0	0	0	0	0	0	0	0	0	0	0	0	0	0	0	0	0	0	0	0	0	0	0	0	0	0	0	0	0	0	0	0	0	0	0	0	0	0	0	0	0	0	0	0	0	0	0	0	0	0	0	0	0	0	0	0	0	0	0	0	0	0	0	0	0	0	0	0	0	0	0	0	0	0	0	0	0	
0	0	0	96	0	0	0	0	0	0	0	0	0	0	0	0	0	0	0	0	0	0	0	0	0	0	0	0	48	0	0	0	0	0	0	0	0	0	0	0	0	0	0	0	0	0	0	0	0	0	0	0	0	0	0	0	0	0	0	0	0	0	0	0	0	0	0	0	0	0	0	0	0	0	0	0	0	0	0	0	0	0	0	0	0	0	0	0	0	0	
0	0	0	0	0	0	0	0	0	0	0	96	0	0	0	192	0	0	0	0	0	0	0	0	0	0	0	0	0	0	0	0	0	0	0	0	0	0	0	0	0	0	0	0	0	0	0	0	0	0	0	0	0	0	0	0	0	0	0	0	0	0	0	0	0	0	0	0	0	0	0	0	0	0	0	0	0	0	0	0	192	0	0	0	0	0	0	0	0	0	
0	0	0	0	0	0	0	0	0	0	0	0	0	0	0	0	0	192	0	0	0	0	500	0	0	0	0	0	0	0	0	0	0	0	0	0	0	0	0	0	0	0	0	0	0	0	0	0	0	0	0	0	0	0	0	0	0	0	0	0	0	0	0	0	0	0	0	0	0	0	0	0	0	0	0	0	0	0	0	0	0	0	0	0	0	0	0	0	0	0	
0	0	0	0	0	0	0	0	0	0	0	0	0	0	0	0	0	0	0	0	0	0	0	0	0	0	0	0	0	0	0	0	0	0	0	0	0	0	0	0	0	0	96	0	0	0	0	0	0	0	0	0	0	0	0	0	0	0	0	0	0	0	0	0	0	0	0	0	0	0	0	0	0	0	0	500	0	0	0	0	0	0	0	0	0	0	0	0	0	0	
0	0	0	0	0	0	0	0	0	0	0	0	0	0	0	0	0	0	0	0	0	0	0	0	0	0	0	0	0	0	0	0	0	0	0	0	0	0	0	0	0	0	0	0	0	0	0	0	0	0	0	0	0	0	500	0	0	0	0	0	0	0	0	0	0	0	0	0	0	0	0	0	0	0	0	0	0	0	48	0	0	0	0	0	0	0	0	0	0	0	
0	0	0	0	0	0	0	0	0	0	0	0	0	0	0	0	0	0	0	0	0	0	0	0	0	0	0	0	0	0	0	500	0	48	0	0	0	0	0	0	0	0	0	0	0	0	0	0	0	0	0	0	0	0	0	0	0	0	0	0	0	0	0	0	0	0	0	0	0	0	0	0	0	0	0	0	0	0	0	0	0	0	0	0	0	0	0	0	0	0	
0	0	0	0	0	0	0	0	0	0	0	48	0	0	192	0	0	0	0	0	0	0	0	0	0	0	0	0	0	0	0	0	0	0	0	0	0	0	0	0	0	0	0	0	0	0	0	0	0	0	0	0	0	0	0	0	0	0	0	0	0	0	0	0	0	0	0	0	0	0	0	0	0	0	0	0	0	0	0	0	0	0	0	0	0	0	0	0	0	0	
0	0	0	0	0	0	0	0	0	0	0	0	0	0	0	0	0	0	0	500	0	0	0	0	0	0	0	0	0	0	0	0	0	0	0	0	0	0	0	0	0	0	0	0	0	0	0	0	0	0	0	0	0	0	500	192	0	0	0	0	0	0	0	0	0	0	0	0	0	0	0	0	0	0	0	0	0	0	0	0	0	0	0	0	0	0	0	0	0	0	
0	0	0	0	0	0	0	0	0	0	0	0	0	0	0	0	0	0	0	0	0	0	0	0	0	0	0	0	0	0	0	0	0	0	0	0	0	0	0	48	0	0	0	0	0	0	0	0	0	0	0	0	0	0	0	0	0	0	0	0	0	0	0	0	0	0	0	500	0	0	0	0	0	0	0	0	0	0	0	0	0	0	0	0	0	0	0	0	0	0	
0	0	0	0	0	0	0	0	0	48	0	0	0	0	0	0	0	0	0	0	0	0	0	0	0	0	0	0	0	0	0	0	0	0	0	0	0	0	0	0	0	0	48	0	0	0	0	0	0	0	0	0	0	0	0	0	0	0	0	0	0	0	0	0	0	0	500	0	0	0	48	0	0	0	0	0	0	0	0	0	0	0	0	0	0	0	0	0	0	0	
0	192	0	0	0	0	0	0	0	0	0	0	0	0	0	0	0	0	0	0	0	0	0	0	0	0	0	0	0	0	0	0	0	0	0	0	0	0	0	0	0	0	0	0	0	0	0	0	0	0	0	0	0	0	0	0	0	0	0	0	0	0	0	0	0	0	0	0	0	0	192	0	0	0	0	0	0	0	0	0	0	0	0	0	96	0	0	0	0	0	
0	0	0	0	0	0	0	0	0	0	0	0	96	0	0	0	0	0	0	0	0	0	0	0	0	48	0	0	0	0	0	0	0	0	0	0	0	0	0	0	0	0	0	0	0	0	0	0	0	0	0	0	0	0	0	0	0	0	0	0	0	0	0	0	0	0	0	0	0	0	0	0	0	0	0	0	0	0	0	0	0	0	0	0	0	0	0	0	0	0	
0	0	0	0	0	0	0	0	0	0	0	0	0	0	0	0	0	0	0	0	0	0	0	0	0	0	0	0	0	0	0	0	0	0	0	0	0	0	0	0	0	0	0	0	0	0	0	0	0	0	0	0	0	0	0	0	0	0	0	0	0	0	0	0	0	0	0	48	192	0	0	0	0	0	0	0	0	0	0	0	0	0	0	0	0	0	0	0	0	0	
0	0	0	0	0	0	96	0	0	0	0	0	0	0	0	0	0	0	0	0	0	0	0	0	0	0	0	0	0	0	0	0	0	0	0	0	0	0	0	0	0	0	0	0	0	0	0	0	0	0	192	0	0	0	0	0	0	0	0	0	0	0	0	0	0	0	0	0	0	0	0	0	0	0	0	0	0	0	0	0	0	0	0	0	0	0	0	0	0	0	
0	0	0	0	0	0	0	0	0	0	0	0	0	0	0	0	0	0	0	0	0	0	0	0	0	48	0	0	96	0	0	0	0	0	0	0	0	0	0	0	0	0	0	0	0	0	0	0	0	0	0	0	0	0	0	0	0	0	0	0	0	0	0	0	0	0	0	0	0	0	0	0	0	0	0	0	0	0	192	0	0	0	0	0	0	0	0	0	0	0	
0	0	0	0	0	0	0	0	0	0	0	0	0	0	0	0	0	0	0	0	0	0	0	0	0	0	0	0	0	0	0	0	0	0	0	0	0	0	0	0	0	0	0	0	0	0	0	0	0	0	0	0	0	0	0	0	0	0	0	0	0	0	0	0	0	0	0	0	0	0	0	0	0	0	0	0	0	48	0	192	96	0	0	0	96	0	0	0	0	0	
0	0	0	0	0	0	0	0	0	0	0	0	0	0	0	0	0	192	0	0	0	0	0	0	0	0	0	0	0	0	0	0	0	0	0	0	500	0	0	0	0	0	0	0	0	0	192	0	0	0	0	0	0	0	0	0	0	0	0	0	0	0	0	0	0	0	0	0	0	0	0	0	0	0	0	0	0	0	0	0	0	0	0	0	0	0	0	0	0	0	
0	0	0	0	0	0	0	0	0	0	0	0	0	0	0	0	0	0	0	0	0	0	0	0	0	0	0	0	0	0	0	0	0	0	0	0	0	0	0	96	0	0	0	0	0	0	0	0	0	0	0	0	0	0	0	0	0	0	0	0	0	500	0	0	0	0	0	0	0	0	0	0	0	0	0	0	0	0	0	0	0	0	0	0	0	0	0	0	0	0	
0	0	0	0	0	0	0	0	0	0	0	0	0	0	0	0	0	0	0	0	0	0	0	0	192	0	0	0	0	0	0	0	0	0	0	0	0	0	0	0	0	0	0	0	192	0	0	0	0	0	0	0	48	0	0	0	0	0	0	0	0	0	0	0	0	0	0	0	0	0	0	0	0	0	0	0	0	0	0	0	0	0	0	0	0	0	0	0	0	0	
0	0	0	0	0	0	0	0	0	0	0	0	0	0	0	0	0	0	0	0	0	0	0	0	0	0	0	0	0	0	0	0	0	0	0	0	0	0	0	0	0	0	0	48	0	0	0	0	0	0	0	0	0	0	0	0	0	0	0	0	0	0	0	0	0	0	0	0	0	0	0	0	0	48	0	0	0	0	0	0	192	0	0	0	0	0	0	0	0	500	
0	0	0	0	0	96	0	0	48	0	0	0	0	0	0	0	0	0	0	0	0	0	0	0	0	0	0	0	0	0	0	0	0	0	0	0	0	0	0	0	0	0	0	0	0	0	0	0	0	0	0	0	0	0	0	192	0	0	0	0	0	0	48	0	0	0	0	0	0	0	0	0	192	0	0	0	0	0	0	0	0	0	0	0	0	0	0	0	0	0	
0	0	0	0	0	0	0	0	0	0	0	0	0	0	0	0	0	0	0	0	0	0	0	0	0	0	0	0	0	0	0	0	0	0	0	96	0	0	0	0	0	0	0	0	0	0	192	0	0	0	0	0	0	0	0	0	0	0	0	0	0	0	0	0	0	0	0	0	0	0	0	0	0	192	0	0	0	0	0	0	0	0	0	0	0	0	0	0	0	0	
0	0	0	0	0	0	0	0	0	0	0	0	0	0	0	0	0	0	0	0	0	0	0	0	0	0	0	0	0	0	0	0	0	0	0	0	0	0	0	0	96	0	0	0	0	0	0	0	0	0	0	0	0	0	0	0	0	0	0	192	0	0	0	0	0	0	0	0	0	0	0	0	0	96	0	0	0	192	0	0	0	0	0	0	0	0	0	0	0	0	
0	0	0	0	0	0	0	0	0	0	0	0	0	0	0	0	0	0	0	0	0	0	0	0	0	0	0	0	0	0	0	0	0	96	0	0	0	0	0	0	0	0	0	0	0	0	0	0	192	0	0	0	0	0	0	0	0	0	0	0	0	0	0	0	0	0	0	0	0	0	0	0	0	0	0	0	0	0	0	0	0	0	0	0	0	0	0	0	0	0	
500	0	0	0	0	0	0	0	0	0	192	0	0	0	0	0	0	0	0	0	0	0	0	0	0	0	0	0	0	0	0	0	0	0	0	0	0	0	0	0	0	0	0	0	0	0	0	0	0	0	0	0	0	0	0	0	0	0	0	0	0	0	0	0	0	0	0	0	0	0	0	0	0	0	0	0	0	0	0	0	0	0	0	0	0	0	0	0	0	0	
0	0	0	0	0	0	0	0	0	0	0	0	0	0	0	0	0	0	0	0	0	0	0	0	48	0	0	0	0	0	0	0	0	48	192	0	0	0	0	0	0	0	0	0	0	0	0	0	0	0	0	0	0	0	0	0	0	0	0	0	0	0	0	0	0	0	0	0	0	0	0	0	0	0	0	0	0	0	0	0	0	0	0	0	0	0	0	0	0	0	
0	0	0	0	0	0	0	0	0	48	0	0	0	0	0	0	0	0	0	0	0	0	0	0	0	0	0	0	0	0	0	0	0	0	0	0	0	0	0	0	0	0	0	0	0	0	0	0	0	0	0	0	0	0	0	0	0	0	0	0	0	0	0	0	0	0	0	0	96	0	0	0	0	96	0	0	0	0	0	0	0	0	0	0	0	0	0	0	0	0	
0	0	0	0	0	0	0	0	0	0	0	0	0	0	0	0	0	0	0	0	0	96	0	0	0	0	0	0	0	0	500	0	0	0	0	0	0	0	0	0	0	0	0	0	0	0	0	0	0	0	0	0	0	0	0	0	0	0	0	0	0	0	0	0	0	0	0	0	0	0	0	0	0	0	0	0	0	0	0	0	0	0	0	0	0	0	0	0	0	0	
0	0	0	0	0	0	0	0	0	0	0	0	0	0	0	0	0	0	0	0	0	0	0	0	0	0	0	0	0	0	0	0	0	0	0	0	96	0	0	0	0	0	500	0	0	0	0	0	0	0	0	0	0	0	0	0	0	0	0	0	0	0	0	0	0	0	0	0	0	0	0	0	0	0	0	0	0	0	0	0	0	0	0	0	0	0	0	0	0	0	
0	0	0	0	0	0	0	0	0	0	0	0	0	0	0	0	0	500	0	0	0	0	0	0	0	0	0	0	0	0	0	0	0	0	0	0	500	0	0	0	0	0	96	0	0	0	0	0	0	0	0	0	0	0	0	0	0	0	0	0	0	0	0	0	0	0	0	0	0	0	0	0	0	0	0	0	0	0	0	0	0	0	0	0	0	0	0	0	0	0	
96	0	0	0	0	0	0	0	0	0	500	0	0	0	0	0	192	0	0	0	0	0	0	0	0	0	0	0	0	0	0	0	0	0	0	0	0	0	0	0	0	0	0	0	0	0	0	0	0	0	0	0	0	0	0	0	0	0	0	0	0	0	0	0	0	0	0	0	0	0	0	0	0	0	0	0	0	0	0	0	0	0	0	0	0	0	0	0	0	0	
0	0	0	48	0	0	0	0	0	0	0	0	0	0	0	0	0	0	0	0	0	0	0	0	0	0	0	0	0	0	0	0	0	0	0	0	0	0	0	0	0	0	0	500	0	0	0	0	0	0	0	0	0	0	0	0	0	0	0	0	0	0	0	0	0	0	0	0	0	0	0	0	0	0	0	0	0	500	0	0	0	0	0	0	0	0	0	0	0	0	
40	82	35	45	56	62	29	78	84	9	34	11	53	43	83	60	13	15	30	68	67	15	61	77	2	57	79	62	28	27	41	16	15	14	82	9	87	82	40	62	21	8	83	7	48	26	18	81	38	88	63	38	36	32	57	61	18	70	19	18	28	16	9	15	43	68	9	67	30	20	28	16	55	52	13	76	84	40	22	38	12	44	55	63	89	10	37	46	26	78	15	81	58	72	53	2	21	44	64	26	55	60	0	18	83	48	70	23	75	83	13	30	37	61	89	30	48	37	84	42	23	79	45	66	50	29	77	62	37	31	82	69	83	6	32	68	13	78	82	24	9	54	57	43	3	46	81	33	82	21	18	35	14	63	33	63	64	42	63	1	85	28	38	8	86	42	33	64	12	40	41	80	62	51	80	70	86	73	8	65	15	42	4	11	75	28	54	59	16	33	13	2	73	23	32	11	75	70	3	6	2	32	28	86	50	47	58	17	12	65	58	22	15	0	40	78	31	62	3	56	88	67	23	57	77	23	46	86	40	78	15	70	45	43	37	46	59	56	81	65	47	86	43	86	79	81	29	26	35	65	74	40	74	68	63	71	5	11	82	32	66	66	71	69	63	62	67	35	77	67	59	20	7	60	45	79	13	87	62	45	15	35	64	13	82	19	57	31	32	73	49	32	50	30	80	78	43	89	20	62	10	64	66	56	60	51	56	69	2	24	31	31	42	53	72	60	86	88	89	35	63	21	20	78	80	44	18	19	73	23	76	9	42	60	20	84	22	73	69	58	34	62	35	76	22	17	72	83	88	20	51	62	6	39	79	76	69	30	81	48	50	49	31	73	63	29	85	2	77	17	0	40	23	11	58	76	42	24	82	69	85	59	35	24	27	20	53	18	4	54	64	87	68	61	81	59	85	74	73	73	25	63	14	9	40	49	11	25	6	64	84	20	74	31	31	6	42	53	15	88	55	30	67	22	17	55	30	45	79	89	82	37	51	20	21	57	79	76	64	23	83	37	71	20	41	17	41	8	29	52	57	82	45	48	81	45	88	23	57	32	59	63	88	52	51	66	5	72	63	0	30	40	8	31	44	63	74	13	55	9	84	82	80	11	52	88	0	50	1	60	58	21	12	1	17	21	30	19	56	63	54	89	81	4	37	36	75	54	77	10	67	20	22	68	75	42	79	68	11	33	13	65	40	82	16	75	25	38	58	49	84	18	64	71	46	74	77	58	84	75	40	88	67	25	18	72	44	77	18	58	10	76	30	30	77	36	83	12	22	6	49	64	82	20	74	10	87	70	35	79	61	39	63	74	57	19	54	19	59	22	60	66	86	85	56	41	71	64	5	72	0	9	89	53	32	71	86	18	17	77	77	8	81	14	30	46	27	5	42	72	40	57	86	80	51	61	71	0	30	56	64	64	49	33	76	8	33	67	89	61	16	81	20	21	55	2	41	3	69	49	78	55	60	87	20	10	84	79	78	84	28	21	68	86	79	87	14	24	69	10	87	71	77	2	49	19	71	5	85	17	75	80	50	33	28	1	37	24	89	53	75	12	57	34	13	29	66	61	63	1	58	66	68	22	18	88	60	82	32	10	61	5	47	68	46	21	28	85	26	24	49	57	49	62	35	1	75	79	18	46	47	19	66	49	21	2	4	79	42	36	13	9	61	37	73	32	61	7	51	49	75	6	62	5	4	34	27	13	62	37	17	44	52	84	11	51	38	9	35	43	0	51	20	87	83	38	49	30	8	72	6	65	15	67	21	61	10	18	43	55	60	1	63	32	74	80	65	66	26	41	14	80	10	35	47	66	15	72	55	81	49	35	67	47	87	2	18	49	71	11	74	33	65	42	42	22	3	20	41	88	55	88	29	86	77	60	76	30	51	55	11	74	6	64	45	77	35	85	52	43	84	2	14	38	73	83	60	81	23	68	19	13	47	58	73	47	2	34	26	55	79	76	87	1	49	61	21	60	26	46	17	47	55	81	51	55	80	10	3	39	41	49	0	22	81	23	48	63	57	53	62	46	7	25	89	53	82	38	5	73	48	53	2	53	61	56	87	88	74	0	59	70	51	35	66	21	53	86	45	38	51	10	2	3	17	89	15	28	13	60	61	34	14	8	1	57	8	17	24	40	51	59	40	61	42	24	37	3	58	43	46	48	79	89	20	11	8	70	39	19	17	44	19	13	12	87	5	43	72	43	34	76	7	86	28	24	10	22	77	44	76	87	52	87	37	3	16	56	67	65	77	18	89	60	50	10	21	12	14	15	60	49	19	20	28	65	7	34	49	2	88	64	29	20	63	59	12	20	89	50	0	62	17	20	39	33	55	20	44	57	19	64	60	11	76	45	19	9	83	3	49	62	79	49	86	12	64	56	1	48	36	77	1	52	37	20	41	28	28	38	79	34	14	77	75	31	3	54	60	72	52	7	6	19	32	83	53	69	53	64	80	77	35	42	40	33	49	10	3	49	58	64	23	13	88	58	85	11	77	35	56	87	12	47	14	43	46	62	25	1	31	85	66	15	87	19	33	4	35	75	9	5	38	78	59	10	53	7	4	22	20	79	3	38	37	21	61	34	7	86	72	76	73	23	54	40	5	19	72	51	5	29	57	59	68	88	87	87	81	84	8	69	4	89	77	12	29	20	53	88	5	59	26	14	79	44	22	44	49	20	49	59	31	47	36	35	41	73	12	80	73	27	84	62	21	69	4	88	86	38	76	7	40	49	56	75	58	60	65	33	41	32	48	50	25	31	47	6	54	52	2	51	31	4	50	71	63	86	34	86	12	61	28	58	22	65	58	77	2	65	0	88	53	33	74	88	60	74	80	69	85	83	60	16	44	7	73	14	48	51	7	3	77	8	3	53	17	5	29	18	76	45	83	25	4	34	26	82	53	73	39	32	42	88	86	53	88	40	75	52	49	58	75	9	3	39	71	5	34	42	63	76	8	11	41	15	51	19	78	28	88	20	4	66	25	51	75	56	88	87	36	10	60	84	54	11	52	57	65	60	63	88	58	53	61	29	42	48	28	73	40	15	65	8	59	88	9	66	22	29	22	54	42	52	80	48	46	1	36	72	53	60	89	47	3	37	55	12	9	40	3	10	4	25	60	24	30	78	1	27	15	54	77	31	6	10	19	28	31	58	45	70	40	69	38	85	80	34	73	44	10	63	72	12	50	65	87	68	76	36	77	27	41	29	57	6	0	40	33	25	5	8	79	44	22	85	66	16	8	18	15	29	42	33	40	57	82	33	34	37	20	48	56	53	5	52	51	70	27	57	48	24	46	20	32	80	69	23	83	22	61	3	62	51	20	30	88	74	8	18	79	23	40	15	19	15	3	21	53	28	75	50	40	21	76	86	76	81	5	47	81	7	39	69	18	22	12	44	26	31	2	10	36	13	32	26	58	89	14	17	54	64	58	19	17	9	75	23	39	41	6	64	61	55	37	18	72	10	23	74	35	37	54	7	83	7	84	77	65	79	42	39	62	80	53	42	53	87	47	8	85	43	68	72	13	62	49	36	26	25	42	18	18	62	68	0	34	0	10	61	50	78	82	75	52	64	50	21	57	47	70	33	26	83	89	53	28	30	64	23	53	53	63	63	47	34	49	75	67	69	78	67	78	81	26	35	34	16	60	51	23	86	42	87	50	72	57	21	82	42	78	67	71	88	1	11	42	13	68	43	78	42	5	9	74	80	65	5	81	22	55	31	40	1	56	78	51	86	74	48	11	4	87	76	65	42	25	40	75	18	37	82	57	78	64	50	24	71	88	67	13	74	47	51	10	58	20	11	21	37	38	41	61	89	88	32	25	81	31	66	65	25	36	3	14	89	65	17	1	46	19	29	9	78	24	1	7	86	19	42	50	0	27	82	60	21	75	23	42	19	16	63	79	37	67	80	29	70	84	70	20	1	9	71	55	26	71	69	47	62	33	86	40	61	37	78	0	64	29	47	26	38	75	37	33	48	30	26	88	13	37	28	59	18	69	9	52	4	6	64	8	80	66	43	73	41	65	19	54	32	52	12	52	42	14	68	11	52	1	19	9	3	8	70	27	2	9	23	8	5	78	73	86	43	24	8	59	24	23	1	32	9	42	88	28	17	10	72	3	43	76	58	56	43	77	4	13	38	86	3	4	22	37	80	85	34	83	47	88	86	72	88	17	79	78	85	29	47	52	24	10	8	61	41	55	19	59	9	3	36	42	39	26	51	35	7	86	49	51	83	46	48	28	32	17	64	72	9	71	52	52	26	17	45	51	57	74	32	39	76	3	66	28	45	73	84	75	10	9	81	14	7	31	86	75	68	8	40	21	22	33	10	81	61	22	43	35	6	21	60	15	21	89	46	58	87	47	35	57	12	9	25	50	89	35	5	13	32	88	1	85	32	19	13	62	45	18	12	89	58	78	24	63	24	72	61	29	87	38	68	74	84	4	81	81	56	50	77	34	3	69	39	6	37	14	47	71	50	14	28	39	48	47	6	1	73	41	8	26	29	37	89	32	38	76	38	87	78	76	26	28	61	34	49	35	35	19	32	15	74	74	85	59	38	28	83	11	69	88	59	39	7	38	0	1	59	37	77	64	62	7	25	89	16	71	27	76	8	16	36	55	25	20	88	49	27	3	70	75	11	16	38	71	5	40	83	75	54	59	22	16	0	23	70	25	54	75	64	44	44	14	69	21	73	22	37	85	21	64	57	16	75	4	19	19	19	27	36	69	89	52	38	13	69	34	64	12	75	46	64	17	59	87	20	82	36	89	9	1	3	21	31	1	72	46	6	61	41	6	51	63	86	7	28	59	79	32	83	46	76	66	13	81	35	56	77	55	84	18	88	45	59	56	84	36	1	51	73	4	75	53	30	52	29	0	86	60	19	1	47	33	41	45	3	45	60	83	39	24	36	85	6	34	8	53	23	17	30	2	43	39	23	69	51	32	13	46	17	4	85	39	39	51	65	57	20	1	34	87	6	68	60	14	19	63	28	30	28	24	68	81	1	50	53	62	25	89	19	31	2	67	70	40	39	7	56	21	66	28	53	60	54	3	73	57	40	28	4	59	4	59	24	16	29	48	74	7	35	39	55	53	29	56	69	4	48	75	78	9	45	40	9	85	87	6	57	43	53	9	46	52	28	30	58	63	25	21	85	12	69	49	11	6	9	75	74	13	68	80	55	22	41	17	88	62	17	63	10	55	61	8	39	81	18	14	87	41	87	54	66	52	45	27	75	62	17	13	74	67	84	84	66	60	48	53	2	74	2	7	20	75	50	15	71	58	43	6	12	31	14	47	25	37	33	58	48	49	57	46	75	60	10	17	13	9	60	47	19	31	60	89	77	22	22	32	58	71	16	86	1	35	79	85	40	56	33	48	33	41	32	80	66	0	11	31	73	57	70	1	54	24	71	25	89	53	61	41	65	16	19	84	61	36	4	81	21	13	41	83	6	29	17	21	31	43	81	40	56	16	66	84	1	27	45	8	46	2	72	44	14	79	47	72	85	41	63	25	46	71	49	60	53	23	24	45	73	26	42	48	58	58	57	14	29	57	66	27	37	35	39	38	76	66	4	44	69	36	52	84	17	66	53	67	2	88	30	50	84	13	59	35	53	4	29	65	62	0	30	68	50	52	63	12	53	57	65	88	21	12	73	81	28	55	45	9	14	52	36	40	53	13	46	87	55	16	66	54	74	45	29	46	84	54	32	58	50	54	50	11	3	66	12	6	71	56	21	62	4	87	38	85	86	10	86	20	53	13	80	57	71	84	49	40	47	26	46	68	39	47	28	4	22	4	60	42	44	52	64	34	46	5	29	17	66	4	83	18	31	69	49	71	43	36	10	36	19	64	83	44	27	38	10	49	77	86	32	79	37	35	85	19	54	76	10	86	81	77	23	61	84	4	73	2	70	57	70	47	80	72	64	66	12	17	62	50	66	44	84	30	38	4	72	4	12	14	51	18	46	41	87	64	22	80	56	18	68	66	43	54	48	32	55	46	66	60	23	5	70	57	48	73	47	51	17	77	15	89	63	87	43	76	83	21	31	19	66	34	27	53	29	51	11	43	67	64	16	83	43	88	88	18	6	15	60	69	14	53	52	22	47	11	53	84	20	3	85	2	31	36	27	3	6	43	49	82	86	24	30	80	43	19	26	11	35	31	69	50	47	10	25	85	81	48	89	65	64	22	10	11	11	21	66	23	74	11	70	73	16	14	9	33	15	71	55	43	40	29	70	2	30	34	20	89	68	30	37	3	21	58	73	55	15	75	44	79	31	55	65	1	39	20	49	42	36	51	76	7	21	4	47	88	37	39	37	26	1	19	0	78	80	25	86	28	39	14	49	8	67	58	30	39	52	47	43	7	11	47	3	85	64	33	12	32	64	4	65	68	64	27	50	12	49	1	38	28	76	7	79	64	70	33	54	87	47	76	77	4	30	53	7	80	63	32	39	21	29	33	3	43	70	41	86	67	3	80	17	31	22	48	34	68	51	64	29	65	27	27	52	32	88	59	79	89	22	78	26	31	2	15	39	17	86	59	26	71	42	62	21	37	59	44	84	2	84	42	51	37	68	62	64	0	89	67	27	16	23	69	71	69	65	36	71	88	42	68	47	0	69	41	40	54	83	81	47	55	74	62	20	12	82	3	14	74	20	67	47	23	61	16	72	39	42	2	83	59	87	72	33	42	64	13	64	59	14	65	19	31	15	20	16	73	55	20	70	80	61	54	21	22	33	81	28	22	24	88	88	22	58	59	87	9	36	56	8	50	10	75	64	21	89	11	45	38	80	17	51	4	27	15	38	12	29	79	12	18	78	22	67	66	25	25	21	65	61	84	44	36	81	15	8	15	12	24	89	65	59	82	45	16	85	54	15	74	53	5	28	10	28	69	20	85	79	48	86	38	43	77	71	83	25	70	29	6	56	45	56	70	69	29	34	36	63	51	22	14	81	37	68	0	38	29	33	79	33	50	25	2	73	40	79	11	24	40	19	84	19	87	35	46	30	27	25	38	30	20	66	19	26	80	38	77	30	4	0	40	55	3	2	55	57	57	82	82	80	11	74	62	9	41	22	84	10	81	6	40	87	38	40	72	71	39	20	45	78	72	16	50	56	9	6	83	70	27	54	34	80	78	4	20	4	81	0	76	11	87	58	16	38	2	30	3	12	76	2	83	88	40	70	19	29	56	43	4	24	36	83	24	36	55	69	41	6	24	65	23	28	35	7	58	58	8	43	56	41	22	82	5	52	4	72	37	60	50	12	80	85	80	84	58	23	13	5	43	1	46	27	8	45	25	24	66	43	42	54	61	52	44	68	72	56	41	18	79	52	69	85	25	74	65	49	31	35	46	64	3	81	54	56	29	73	31	89	42	12	20	75	9	41	42	42	22	10	65	64	65	6	27	87	27	69	69	49	41	66	52	64	17	52	42	60	72	8	63	37	66	23	10	81	71	8	19	0	10	74	56	51	84	82	2	0	78	79	6	0	72	28	36	3	78	14	89	37	45	24	21	30	50	87	18	87	69	30	53	32	46	76	17	42	22	11	72	1	72	82	44	80	26	87	74	51	88	35	4	67	39	25	79	59	66	11	39	73	76	12	49	28	23	12	28	37	67	64	69	0	17	80	81	1	83	57	81	26	40	27	67	59	47	14	54	46	26	57	60	46	1	44	5	4	39	39	2	40	23	41	63	76	85	66	39	39	55	30	29	8	22	74	79	83	51	57	25	56	10	48	79	79	18	24	6	22	77	84	17	27	78	41	49	38	80	36	78	85	33	0	28	3	19	88	45	64	61	75	76	87	20	68	0	78	36	42	39	0	41	29	61	11	36	57	33	74	2	73	14	57	89	43	59	75	39	47	41	74	59	54	33	55	38	6	1	43	46	85	12	16	20	70	56	71	77	69	2	83	31	81	31	34	44	71	26	58	67	43	64	21	46	86	54	33	74	58	68	52	42	66	18	70	6	7	63	19	12	4	34	55	69	54	20	14	78	69	8	24	11	70	29	75	15	67	55	25	12	23	27	14	14	67	36	60	89	12	6	23	15	11	43	85	10	83	73	69	85	49	17	61	44	40	86	54	54	89	22	14	50	84	45	10	62	84	72	76	72	89	52	1	85	12	17	59	42	58	7	25	65	78	
2	35	3	60	44	26	84	20	58	11	50	14	47	24	53	35	50	47	42	0	76	60	22	7	60	25	75	59	78	60	57	85	70	78	67	28	82	87	1	72	43	61	3	3	1	56	74	19	33	6	45	78	12	27	24	47	80	9	59	58	10	42	27	1	21	74	6	19	55	66	88	84	58	14	12	89	29	25	4	25	7	69	8	61	69	35	15	0	49	39	12	37	15	17	3	77	64	53	8	51	73	53	0	59	23	57	1	28	62	35	31	70	74	76	55	41	88	24	27	64	61	30	48	4	30	81	85	70	21	21	15	67	50	69	14	16	50	30	85	10	22	1	81	81	66	35	21	61	79	8	61	85	62	11	84	69	69	77	17	88	11	0	27	63	22	37	74	69	67	38	3	45	19	45	80	78	10	64	3	23	72	83	49	65	56	80	64	68	69	17	86	51	47	12	68	64	75	71	7	57	88	13	47	77	65	8	52	78	10	81	19	44	69	17	16	30	63	78	85	21	33	14	47	67	57	63	72	6	65	11	9	73	41	59	54	18	1	68	5	8	77	16	1	60	9	78	60	87	5	18	81	26	73	83	4	64	46	85	48	70	4	45	5	59	30	19	33	74	17	75	53	60	51	64	57	74	77	18	18	68	0	14	52	21	36	56	57	69	50	9	10	14	83	13	21	19	74	77	6	75	52	43	24	70	41	68	30	20	37	40	2	80	60	79	30	14	7	46	48	74	74	23	73	35	46	21	64	67	12	76	80	47	28	75	40	66	61	32	9	89	67	58	29	59	17	46	31	25	24	68	85	32	54	66	65	53	18	82	67	42	38	38	10	82	39	15	11	57	32	78	20	37	13	13	17	15	71	21	62	78	8	44	2	35	85	54	10	85	85	45	48	45	80	59	64	34	31	56	51	52	80	38	77	55	76	9	80	48	62	33	59	87	60	87	87	19	8	9	14	69	5	8	22	10	70	80	6	3	17	40	4	87	21	18	26	69	81	60	55	12	2	87	45	76	14	24	84	76	21	35	3	6	60	81	5	38	10	15	30	89	89	63	58	73	70	30	61	8	54	0	46	89	1	27	20	65	77	71	19	60	55	56	75	20	0	2	12	58	28	75	55	48	14	56	49	35	45	89	12	70	17	23	70	26	71	38	8	70	88	47	78	71	32	12	82	22	25	77	61	78	28	78	16	70	66	43	1	75	71	46	82	86	62	69	61	31	60	68	25	13	53	65	9	30	55	81	40	40	57	28	77	44	40	54	9	1	77	37	20	29	62	85	8	80	31	54	28	23	62	16	4	0	81	55	22	51	60	31	39	83	18	71	84	46	82	17	67	31	83	52	24	7	38	58	4	71	40	8	75	20	8	20	45	51	19	32	29	63	60	40	30	79	25	42	7	21	78	72	11	88	88	12	37	26	18	51	68	61	12	19	47	40	14	69	81	2	53	10	52	76	76	48	3	53	2	36	36	70	46	59	51	10	15	37	75	13	24	6	54	85	42	19	50	3	85	20	38	53	22	12	19	18	28	69	89	17	58	82	14	29	0	1	8	77	78	34	64	78	59	17	59	61	74	38	10	33	61	61	14	32	35	42	34	5	19	19	18	70	17	8	46	7	48	76	5	45	4	43	20	50	61	26	8	0	24	82	26	42	44	25	33	57	16	41	24	39	77	18	84	66	5	14	60	23	32	44	56	22	1	61	57	44	41	45	17	18	0	75	38	47	70	23	29	54	74	24	14	56	35	80	33	6	26	26	71	3	45	18	80	18	81	28	3	72	21	89	10	44	15	48	55	68	45	79	1	35	48	85	10	75	83	39	69	0	10	64	5	57	32	2	12	51	84	40	54	60	20	75	87	86	16	87	3	40	87	18	73	16	42	83	38	14	70	88	12	73	59	54	57	13	89	11	46	49	31	36	53	28	42	39	1	81	87	51	87	55	28	41	64	17	75	9	14	80	9	79	74	55	21	9	73	70	54	75	11	30	22	24	18	83	25	79	29	31	70	28	35	49	60	82	14	46	68	79	54	13	0	9	1	53	80	40	68	75	31	28	30	12	70	25	46	54	78	27	25	61	81	48	68	40	31	64	13	49	51	38	82	11	64	88	72	87	84	73	49	36	46	57	11	5	23	45	79	59	27	87	85	81	35	35	6	38	51	83	77	26	27	73	26	2	41	60	31	84	44	30	42	54	15	10	77	35	73	32	27	25	79	83	47	28	51	85	53	69	26	78	57	87	15	24	80	4	34	37	1	54	72	25	62	74	54	74	57	30	52	73	12	43	66	54	24	10	49	48	54	52	82	65	45	76	37	4	0	35	61	25	72	22	89	78	27	6	87	9	63	82	79	20	42	59	89	89	23	38	43	28	7	7	51	57	64	87	22	28	54	16	45	46	6	0	25	17	58	58	42	1	14	45	66	58	43	81	88	36	70	38	59	39	27	41	35	75	40	62	63	26	6	61	15	24	73	5	72	35	75	58	23	64	25	11	42	29	39	31	74	83	81	29	12	13	40	82	62	37	87	13	18	87	50	1	63	71	35	63	78	71	11	25	48	49	12	6	19	37	38	32	59	70	82	37	21	54	70	50	46	62	33	38	69	70	16	34	30	29	80	85	47	51	53	68	41	50	8	48	9	22	64	85	63	13	88	65	6	86	36	61	7	65	74	75	50	69	16	88	34	84	52	9	89	69	39	23	20	0	14	65	40	71	43	30	15	22	24	47	71	33	50	43	55	78	53	42	86	17	68	83	80	70	49	32	52	67	82	8	7	3	52	59	27	28	81	64	27	23	88	2	62	15	39	88	30	8	70	57	82	18	6	53	6	17	5	74	30	57	18	15	13	73	58	64	86	12	14	32	12	28	24	30	74	30	11	49	34	72	58	38	68	5	27	0	13	21	27	70	43	47	34	87	65	53	38	0	50	21	38	36	88	60	38	60	46	27	89	28	79	0	41	87	55	72	58	41	32	14	31	32	20	65	74	39	71	53	17	65	29	85	79	85	87	44	47	18	78	10	1	34	13	1	19	56	70	62	23	86	65	17	50	67	65	37	55	83	65	80	86	7	35	37	71	32	28	82	74	21	12	84	50	3	28	88	16	39	29	88	38	80	51	38	84	13	17	66	83	50	61	74	13	16	80	65	22	61	15	26	39	71	38	83	56	43	46	7	47	60	41	72	19	33	2	8	75	59	76	75	83	49	69	33	69	28	20	26	38	8	75	52	54	15	80	37	51	74	5	41	48	49	35	29	82	53	29	39	31	61	74	88	73	6	21	78	17	61	32	8	61	73	32	12	55	49	82	50	52	24	89	32	26	6	25	72	61	68	52	47	66	12	31	27	76	31	17	41	35	27	52	41	1	11	85	8	41	4	41	38	65	9	56	83	87	57	38	25	56	88	2	54	8	44	49	6	17	42	87	35	58	50	3	41	62	11	76	56	35	78	76	31	25	30	0	38	75	30	77	9	7	41	80	82	61	60	58	29	86	58	53	66	13	42	3	37	80	85	16	86	55	28	25	35	30	25	47	0	6	35	74	39	6	44	34	47	61	6	78	38	44	16	35	74	12	37	48	29	71	86	23	23	33	34	74	72	23	11	14	72	76	80	48	29	83	15	49	61	17	63	31	46	71	14	43	66	64	37	84	46	51	15	11	54	69	41	69	66	2	6	17	8	30	13	18	10	68	63	55	56	49	85	27	58	10	71	9	62	14	60	34	20	44	72	89	35	88	51	23	39	0	20	77	1	66	30	80	87	73	26	81	46	68	73	85	16	67	26	25	77	48	42	88	47	58	11	9	64	31	1	47	5	25	71	26	64	19	53	81	2	10	12	39	45	16	47	31	22	61	67	39	35	11	1	87	50	27	24	60	63	80	79	69	68	3	87	56	41	85	8	40	40	7	31	48	75	81	32	80	84	31	42	54	56	10	29	51	61	49	38	74	56	77	34	5	78	49	4	15	35	18	5	53	43	66	19	22	60	17	38	48	50	61	49	89	56	59	62	82	85	58	62	63	55	32	72	61	34	79	3	87	67	6	61	57	26	29	76	80	6	12	0	53	26	2	25	76	50	85	28	12	54	70	42	54	75	66	24	70	46	28	22	30	55	72	13	63	9	3	41	60	41	82	12	25	24	50	71	25	58	15	35	58	80	11	69	61	49	14	86	53	55	84	70	36	28	46	53	3	7	5	20	49	81	79	9	66	60	40	23	48	13	43	3	34	78	85	78	13	87	58	89	20	67	10	83	27	82	49	25	68	35	57	32	2	41	3	9	16	73	80	72	65	11	14	48	51	64	22	73	4	17	48	59	83	6	74	71	31	58	81	31	7	15	71	5	3	51	58	21	67	60	5	73	8	82	27	0	47	75	33	4	61	39	84	15	80	74	39	60	60	62	76	87	22	68	77	47	81	26	89	73	59	53	10	26	83	53	14	57	34	11	38	47	26	79	16	55	32	15	3	52	44	25	58	41	26	21	85	78	60	70	4	84	12	64	23	41	18	34	74	65	24	0	52	47	82	67	18	18	34	31	72	73	77	42	35	73	54	66	27	26	67	25	16	72	27	19	59	52	19	32	60	18	45	56	17	21	85	11	39	12	14	46	83	50	7	63	22	31	22	54	11	7	14	85	43	54	28	28	52	70	18	85	60	48	12	4	23	71	31	29	86	56	2	74	66	3	34	77	37	21	39	82	51	24	12	2	19	50	42	17	17	24	33	11	10	67	33	48	4	42	37	46	79	76	0	47	14	31	80	31	21	55	26	80	67	19	82	52	42	77	81	89	54	20	62	21	22	11	39	21	66	33	35	77	48	83	38	69	57	62	67	23	64	67	13	63	81	85	54	85	54	55	75	85	14	69	57	29	7	70	50	35	45	72	28	44	3	13	28	72	16	32	15	74	2	61	3	54	29	68	31	25	55	9	28	21	77	18	16	58	6	82	78	22	47	69	44	69	57	65	89	62	3	33	34	17	47	69	23	57	7	68	49	58	69	41	66	7	86	63	56	32	9	65	45	77	88	52	12	58	37	59	62	61	43	1	46	56	26	13	87	13	33	21	15	34	22	78	13	51	59	36	8	63	49	37	70	44	12	46	28	43	59	30	39	1	54	44	79	16	47	89	26	19	39	27	45	49	21	48	69	1	19	43	66	75	53	16	73	26	15	52	29	28	39	70	42	69	52	0	47	16	35	39	47	5	35	15	62	35	80	58	66	45	63	13	84	83	35	12	67	45	15	0	27	45	3	34	89	23	54	58	60	64	6	59	74	76	43	1	87	14	44	30	32	24	29	55	60	17	12	43	80	25	36	5	34	8	64	12	21	58	82	66	48	1	74	87	27	74	80	86	40	0	11	87	68	41	30	87	20	80	83	45	26	70	4	68	77	38	41	23	31	0	55	25	31	29	75	49	18	14	73	34	40	6	5	43	8	30	74	54	68	0	8	36	23	21	17	45	80	44	50	3	47	51	87	59	13	63	17	39	66	6	28	27	1	48	42	21	59	3	12	41	42	85	66	18	76	74	17	34	54	62	23	53	83	61	23	88	30	37	13	81	2	57	69	83	34	57	48	41	45	66	26	88	46	64	4	17	39	62	12	55	19	2	60	9	67	28	41	32	78	54	81	23	28	10	22	40	75	47	31	14	76	51	57	11	16	63	24	43	89	7	18	27	85	72	4	78	20	64	76	7	13	45	56	37	73	65	3	14	39	40	23	56	0	80	14	14	48	81	53	40	74	13	59	65	83	10	42	74	45	19	54	23	12	26	52	77	50	49	10	8	37	42	24	4	83	67	21	26	70	50	10	2	14	11	53	1	43	24	20	40	62	71	89	15	19	18	69	45	87	83	85	46	87	83	66	50	1	36	85	66	22	82	7	53	11	9	24	40	58	31	42	66	19	70	10	85	47	26	49	67	89	81	46	57	22	87	68	39	36	0	42	60	86	12	61	31	77	36	70	11	58	54	28	89	0	30	11	70	18	82	89	61	1	66	9	59	42	68	52	71	20	70	5	19	6	32	1	28	61	8	43	16	54	7	9	21	34	47	27	78	42	11	35	47	9	61	78	54	78	40	35	73	63	74	82	60	87	75	37	70	63	45	33	79	76	20	82	77	44	69	74	37	41	14	74	41	50	70	1	84	50	17	25	73	4	40	18	3	62	65	6	85	6	54	64	40	53	89	85	85	48	4	79	47	43	17	50	63	37	18	54	53	61	29	46	72	29	66	1	64	43	24	89	1	0	67	70	6	71	66	40	64	68	55	56	44	52	41	77	31	0	34	9	77	58	82	24	6	83	82	54	71	48	49	46	8	57	7	51	76	76	45	39	24	16	62	14	38	6	9	65	55	32	24	36	85	35	18	57	72	80	14	23	35	83	70	74	34	25	76	47	0	79	58	31	82	19	40	75	54	89	27	38	69	70	11	79	85	13	31	87	12	40	63	5	73	2	20	2	7	7	10	50	65	4	11	15	66	74	3	67	6	67	26	11	77	46	9	54	14	20	53	40	23	65	62	15	21	81	3	32	43	21	19	10	18	50	25	17	3	35	63	15	17	26	12	10	21	53	41	84	70	69	0	6	41	3	27	71	70	68	33	1	54	80	10	17	59	57	33	51	75	88	54	15	89	84	14	42	3	28	29	80	83	88	81	18	67	46	68	16	59	67	34	16	74	16	23	87	24	36	39	45	47	71	88	84	68	81	48	41	31	67	86	56	71	82	34	0	47	26	21	46	4	14	37	1	7	37	63	72	15	9	59	14	17	6	81	74	54	21	37	23	43	25	47	46	44	80	68	59	72	53	86	78	15	5	38	64	75	57	54	69	57	85	31	71	86	1	55	76	73	30	2	86	47	85	6	56	36	2	1	23	78	57	1	56	18	66	76	47	2	23	18	6	69	88	53	46	2	61	32	22	45	14	41	73	71	81	2	14	50	49	51	6	82	49	64	69	32	31	59	49	2	19	58	78	71	46	55	43	70	35	18	19	77	9	3	2	25	40	34	24	20	61	36	24	88	51	13	50	68	8	17	87	85	74	18	39	80	68	52	88	12	23	43	83	9	11	73	68	35	63	40	22	55	51	76	3	39	74	41	25	60	11	47	3	89	28	1	77	23	70	67	8	43	47	23	58	30	56	5	25	19	82	27	22	67	29	87	57	35	56	87	1	12	51	87	84	32	73	29	36	2	79	14	6	75	35	70	43	84	66	82	61	79	18	18	34	0	24	1	6	3	1	77	84	46	65	54	77	14	41	10	14	50	17	15	10	45	82	26	52	83	45	55	12	59	70	25	72	44	49	20	70	53	27	23	27	83	75	52	86	61	42	71	35	70	84	82	42	67	37	77	20	45	29	22	82	61	80	79	80	29	24	68	69	22	48	31	28	52	83	21	38	3	15	48	25	8	21	43	14	46	0	66	53	86	22	20	8	11	51	89	64	79	60	69	20	10	2	23	4	51	21	66	40	38	44	36	0	52	30	16	39	17	83	5	70	28	52	39	86	27	18	83	34	17	5	45	35	35	89	31	68	17	87	11	16	4	76	57	74	42	40	17	50	86	34	7	11	84	33	26	61	19	77	68	20	39	36	2	49	24	43	60	58	51	33	67	81	17	33	43	67	85	63	58	65	76	38	4	57	86	75	87	39	23	59	75	32	74	7	60	62	5	64	33	87	79	49	60	64	79	9	0	11	10	28	64	82	21	42	84	52	43	18	47	36	39	89	18	2	58	13	45	8	69	81	72	65	39	59	12	77	36	40	47	4	25	39	58	53	14	40	15	20	63	62	17	68	5	75	10	29	1	74	68	1	70	26	1	23	29	89	28	47	78	41	12	70	57	25	52	66	79	70	65	60	82	39	21	68	19	44	73	48	3	31	63	41	9	0	24	61	60	63	46	81	51	30	14	45	25	88	70	57	55	44	84	14	28	60	64	46	19	15	34	65	8	82	35	78	86	23	71	14	69	89	65	5	55	28	51	27	39	76	26	49	42	73	86	71	83	45	85	17	13	2	85	16	18	52	14	22	56	25	60	4	72	83	17	32	18	47	63	40	25	0	42	41	67	80	85	75	11	15	10	5	13	16	85	13	52	68	88	69	19	10	4	30	80	79	22	81	48	17	63	18	3	54	40	59	48	
31	28	35	31	32	38	23	30	39	40	38	32	33	31	24	21	20	39	27	24	21	34	31	35	40	33	32	33	21	33	40	25	22	33	25	37	30	24	40	25	30	37	34	40	22	23	25	34	32	23	32	40	40	37	36	40	27	39	22	21	28	32	37	28	28	38	34	34	37	39	23	23	25	25	30	21	38	28	25	26	40	25	22	28	38	26	20	35	20	38	35	27	37	22	24	31	24	21	21	29	28	25	39	36	39	40	22	30	20	36	26	39	38	24	36	23	31	26	30	36	24	25	32	37	39	33	20	33	32	26	35	27	31	33	24	30	32	30	22	25	25	28	23	23	28	26	37	25	32	24	27	39	29	30	27	36	39	40	23	28	32	26	24	27	26	26	37	39	40	34	37	40	34	23	25	28	38	34	38	26	31	26	25	29	38	23	39	38	20	34	31	27	25	34	23	31	30	40	30	21	22	25	21	20	20	36	32	38	37	35	36	27	27	27	22	33	27	26	29	36	37	24	21	27	27	38	28	38	23	22	25	22	37	24	37	20	40	23	32	20	30	35	20	34	39	23	20	31	29	30	24	28	31	35	33	31	26	34	38	39	33	27	37	39	23	30	31	32	33	28	20	27	20	29	27	32	30	31	27	29	23	23	22	24	36	34	36	20	23	39	28	36	27	20	35	21	29	28	24	22	35	20	39	39	30	33	25	21	37	33	40	25	38	30	21	27	27	38	36	35	32	24	33	20	22	27	31	23	23	20	33	24	27	22	26	27	33	32	25	31	28	40	36	28	35	39	40	26	25	38	31	25	36	30	30	20	32	36	37	24	33	37	23	30	24	32	28	20	23	26	40	36	31	26	34	31	35	40	27	24	34	22	32	34	28	20	22	27	37	31	36	24	27	34	27	27	28	23	21	23	23	34	25	40	20	24	23	24	33	36	37	39	38	20	37	39	22	32	37	35	33	27	27	35	40	34	20	28	25	22	39	23	27	38	22	40	32	21	32	29	24	38	25	24	28	24	31	34	30	28	37	22	21	21	22	38	39	35	23	33	25	36	36	20	37	20	25	36	25	36	37	34	21	34	25	39	30	28	25	39	28	38	26	37	29	38	38	32	33	31	24	34	22	21	33	40	27	38	37	37	22	30	28	21	36	28	27	24	27	29	38	32	36	24	31	24	24	25	27	30	29	40	39	31	31	29	34	20	31	27	31	33	39	33	24	33	32	37	37	31	40	36	34	28	31	38	29	24	23	26	27	32	37	25	27	37	33	21	23	31	31	32	20	25	21	28	22	29	20	36	24	29	36	32	38	33	30	27	40	24	40	30	29	25	30	35	37	39	22	21	33	23	29	40	38	39	39	31	30	20	29	21	28	32	23	21	33	33	34	22	31	20	27	29	23	26	23	34	26	29	34	32	27	31	32	36	40	28	32	40	37	36	30	30	26	28	39	33	39	26	30	40	30	38	35	30	24	24	31	37	24	28	37	23	31	40	29	36	36	27	24	29	20	28	34	25	37	28	26	30	33	22	27	22	27	32	31	30	20	26	21	20	39	28	30	38	21	22	27	22	21	39	20	23	40	28	36	22	38	34	38	21	34	25	34	40	28	30	37	33	31	29	36	22	38	36	31	33	39	32	28	39	26	39	23	30	23	37	28	32	40	36	33	31	32	21	23	23	23	26	26	28	35	28	30	24	21	38	39	23	31	28	35	34	40	32	35	35	27	22	26	37	36	36	33	22	25	25	32	33	32	40	28	25	20	36	31	37	26	33	22	27	26	31	32	26	29	27	22	33	33	28	33	20	29	32	33	37	27	35	33	20	30	30	23	26	35	23	33	21	39	29	24	26	33	20	30	23	32	35	34	28	26	35	28	32	38	39	34	33	33	24	27	35	37	29	20	22	37	33	25	36	22	31	23	23	31	29	36	36	38	28	24	20	25	31	20	27	35	21	31	24	36	33	39	40	38	26	34	23	35	23	35	24	29	26	37	36	24	24	39	26	34	35	28	31	40	32	38	30	35	27	25	30	26	40	40	23	36	38	37	31	36	27	23	26	23	40	31	34	25	23	25	25	30	27	28	32	29	21	27	37	33	34	24	31	22	39	26	30	38	25	33	35	31	24	32	35	29	26	20	24	31	21	38	28	23	39	37	22	39	38	40	23	39	31	24	39	30	36	32	24	40	28	23	40	37	22	29	37	26	31	35	20	39	32	30	25	21	35	29	31	39	39	40	26	38	21	38	21	32	38	25	25	33	33	35	27	40	39	36	24	31	34	20	29	28	33	24	40	26	21	35	25	27	20	22	28	33	34	28	36	34	31	35	33	23	32	36	27	30	27	34	40	36	35	27	36	36	38	23	26	31	34	34	26	30	21	26	40	38	21	28	25	34	27	21	20	29	32	35	36	27	22	38	24	24	26	34	27	21	26	32	23	25	37	21	26	29	40	20	23	35	22	21	26	30	28	39	27	20	40	33	38	27	36	29	24	28	36	38	37	34	39	33	34	21	31	38	24	32	23	32	36	38	31	20	35	33	24	38	34	37	34	24	40	21	27	35	26	26	28	25	23	20	40	20	25	32	27	32	20	23	26	30	33	29	33	21	27	29	25	36	32	21	21	30	34	24	37	23	35	22	31	31	20	38	24	24	23	39	21	27	20	39	26	33	31	35	35	32	40	35	34	24	31	26	29	26	22	37	24	31	27	29	37	24	35	38	25	31	36	29	31	20	27	39	37	28	34	25	22	33	36	21	40	37	25	29	36	34	35	25	21	23	38	22	38	32	24	38	35	22	33	33	37	30	29	33	39	36	30	26	30	32	32	35	34	34	40	28	28	35	28	29	30	38	24	22	29	36	40	22	33	25	25	35	32	22	22	26	30	31	23	36	28	33	37	38	36	24	30	22	20	27	31	37	21	33	21	38	28	38	20	24	32	38	36	27	35	33	38	39	24	37	30	24	34	20	21	23	40	36	25	28	37	30	28	35	36	31	34	22	22	24	20	40	20	37	32	35	33	29	38	33	22	33	25	29	22	39	27	22	23	37	37	37	32	29	34	35	33	21	31	28	32	38	26	36	29	33	32	27	26	39	25	27	35	40	27	38	23	40	25	33	37	36	21	21	38	26	25	33	33	31	22	23	29	40	36	34	39	20	25	24	20	31	37	39	38	35	39	40	35	27	32	33	23	39	39	25	28	27	39	28	27	33	31	36	26	24	31	21	21	34	22	23	29	26	35	35	29	23	28	25	31	21	36	20	22	37	28	26	30	31	39	26	38	39	26	21	39	34	22	35	38	35	31	21	30	40	38	38	35	29	40	28	30	31	20	34	36	28	31	31	27	23	40	31	36	34	38	33	23	35	40	34	27	38	29	26	39	31	33	20	28	24	37	39	25	23	22	31	34	29	31	36	21	39	31	34	29	20	22	26	28	37	33	36	22	37	40	40	27	38	24	26	30	32	20	35	38	40	25	22	26	28	32	32	40	38	38	26	22	33	30	28	32	34	37	30	23	22	38	26	29	40	28	27	39	27	35	27	33	35	38	34	24	38	22	38	26	37	21	40	23	33	23	30	29	33	29	24	30	40	34	39	22	24	27	28	27	22	31	21	38	37	36	36	40	29	40	31	28	37	32	38	23	22	24	28	39	31	40	27	22	23	39	29	28	27	32	34	24	20	22	36	30	28	23	34	34	28	25	39	40	32	25	40	24	27	38	22	20	27	31	26	25	23	27	32	26	30	38	35	33	24	27	20	32	29	37	39	33	36	37	21	32	36	34	37	25	31	33	29	40	31	25	30	26	34	22	30	29	20	36	37	21	26	28	21	34	20	33	28	23	36	30	34	40	40	37	33	39	35	24	28	31	29	20	39	26	29	35	25	30	39	26	37	23	35	36	29	25	38	34	29	23	34	21	39	21	29	39	40	24	25	38	36	40	31	31	36	36	23	27	36	35	27	22	27	29	38	39	29	37	37	21	22	35	31	27	21	24	25	36	23	35	32	35	31	25	23	30	26	28	39	35	39	37	20	24	25	27	38	20	32	22	22	35	22	37	39	39	20	28	24	33	25	37	29	38	25	36	36	29	22	31	37	36	21	36	20	31	29	31	22	30	35	28	39	35	40	20	34	30	35	24	27	37	40	24	23	31	30	36	35	29	26	37	25	25	26	33	35	36	24	39	24	31	38	20	33	25	24	20	20	39	33	35	28	32	24	29	32	37	22	25	22	38	25	25	24	26	25	31	31	37	20	23	34	27	38	25	26	22	30	30	27	34	34	31	28	36	23	39	33	33	34	24	20	22	36	29	24	37	23	26	37	24	30	26	26	40	33	36	26	30	40	36	40	32	23	32	36	22	20	38	38	34	24	33	36	24	38	28	24	24	33	23	21	34	25	25	34	40	34	20	37	37	39	37	21	37	32	40	40	37	35	34	40	29	22	23	38	35	40	22	26	32	36	22	33	21	29	21	32	35	34	35	35	39	38	24	25	37	26	33	34	40	25	26	33	23	27	28	33	35	29	32	40	25	40	24	31	30	35	28	23	31	36	36	40	27	22	28	27	37	27	24	24	31	20	21	32	39	38	22	23	23	35	29	31	31	21	40	39	30	38	36	28	23	25	34	28	23	23	31	36	23	29	33	30	30	27	26	26	33	30	31	31	34	24	27	35	27	31	37	22	32	38	33	22	28	33	31	40	39	26	30	37	29	22	33	29	21	24	20	22	33	24	26	22	25	27	32	21	37	36	28	33	37	40	33	39	21	24	38	31	21	34	21	26	22	25	31	31	21	20	29	30	36	37	23	27	31	20	37	36	35	25	26	35	28	20	34	32	27	30	36	34	28	40	40	33	27	28	31	29	35	22	40	27	34	27	40	40	25	24	21	20	40	37	32	39	29	26	37	33	34	36	23	20	22	34	31	30	32	25	22	40	20	21	24	33	34	32	30	34	26	22	26	38	34	30	31	31	38	27	27	26	25	32	35	35	20	22	21	34	20	38	24	23	39	34	22	33	34	30	40	32	20	40	36	21	38	30	29	35	21	28	39	35	38	29	20	21	39	28	38	24	30	24	21	35	31	26	36	21	36	33	36	40	34	40	25	39	24	26	26	22	24	34	37	21	27	20	38	24	33	38	33	30	35	39	20	35	27	21	23	28	37	37	31	28	28	22	40	26	29	39	23	37	21	37	22	31	29	36	29	23	40	40	26	40	40	36	28	40	29	34	30	32	26	29	38	31	34	24	39	23	27	24	31	32	31	40	34	35	29	35	36	22	22	28	32	26	33	30	39	22	28	24	23	30	26	26	36	22	33	25	22	40	37	33	38	31	36	36	25	38	35	35	31	39	30	26	34	39	31	38	23	25	34	27	23	36	22	33	33	24	36	35	23	30	33	40	36	34	24	27	22	22	30	26	20	31	34	32	21	33	25	22	37	21	28	26	34	38	21	20	33	31	32	30	30	35	39	26	38	20	40	21	31	32	31	35	39	24	35	39	25	35	37	38	30	35	28	25	24	37	20	21	25	37	24	26	33	21	24	31	32	28	40	36	27	31	21	39	36	35	24	21	40	20	38	34	31	39	23	36	34	35	24	32	34	31	23	37	25	40	25	26	21	37	40	20	26	30	22	28	21	30	31	34	31	30	35	29	39	35	23	24	27	39	35	31	34	20	24	37	27	36	32	29	35	21	23	21	37	24	25	29	26	26	39	26	31	40	25	22	40	37	38	27	32	25	35	38	22	27	38	35	26	32	35	32	32	30	32	28	40	39	26	32	32	28	36	37	34	30	33	22	28	20	30	28	28	34	26	28	35	25	38	31	40	22	29	32	38	37	23	20	25	32	34	35	29	27	34	23	25	22	34	23	20	40	38	28	27	26	34	22	23	29	38	21	22	37	38	34	20	24	20	23	35	21	31	23	40	36	34	32	40	25	24	28	26	23	27	23	23	23	27	29	33	28	24	26	27	22	31	30	39	33	26	27	21	38	23	20	34	30	40	25	36	39	21	35	24	25	23	25	23	29	28	28	39	29	36	22	34	32	31	30	38	38	37	30	31	36	39	40	29	30	35	29	25	39	27	38	27	21	30	38	40	29	35	31	33	34	34	40	35	36	36	34	25	33	35	37	29	28	33	31	20	32	36	21	30	34	31	30	21	25	37	35	24	25	21	34	28	24	37	33	22	20	20	39	35	34	31	32	24	30	30	24	37	36	31	20	28	22	37	26	34	39	38	25	33	32	25	39	24	27	31	23	32	36	20	34	24	28	20	20	35	32	26	27	31	30	32	37	21	23	20	24	23	22	25	20	21	31	31	39	21	24	22	39	21	20	21	27	35	23	35	20	26	39	38	24	21	22	40	36	33	35	31	27	29	25	21	27	40	37	33	21	32	38	33	27	24	32	39	36	39	29	35	22	27	20	20	31	38	29	25	29	40	25	40	28	33	28	28	21	39	31	21	31	36	21	25	37	26	37	40	37	23	25	23	31	28	38	31	28	35	22	38	33	38	31	23	39	26	33	22	22	26	27	39	40	33	38	37	36	27	38	30	22	27	27	26	26	38	25	33	31	30	26	33	34	21	32	29	27	29	33	28	21	27	29	21	23	23	33	30	24	27	40	33	38	31	22	39	25	34	24	21	20	26	33	22	22	25	37	34	28	20	32	35	35	29	30	27	34	32	37	27	40	26	33	36	32	33	25	29	31	30	30	35	32	33	39	28	24	40	34	29	24	35	36	32	29	36	37	38	38	26	23	26	26	37	40	37	25	20	39	20	37	40	22	20	39	20	23	40	22	26	29	23	29	39	34	21	22	24	26	31	39	26	40	21	37	39	39	39	35	26	22	23	20	23	32	30	31	31	31	26	22	24	26	33	39	36	32	27	39	39	25	34	34	24	35	39	40	32	27	37	25	31	32	28	24	32	31	32	27	35	26	24	30	33	26	34	32	28	21	26	29	39	36	39	22	20	31	24	30	29	24	29	21	20	21	31	23	26	35	30	33	34	20	38	28	39	22	31	33	35	28	20	38	24	23	27	21	27	27	24	29	30	27	31	36	33	33	20	27	27	26	20	31	26	39	22	35	35	31	39	40	23	33	27	39	36	40	29	30	24	20	34	24	36	35	38	39	36	29	32	26	38	38	32	27	34	24	35	23	28	32	34	38	30	32	36	33	24	38	35	24	32	30	20	25	37	38	35	40	38	27	39	34	34	25	36	40	27	38	31	37	38	21	33	38	32	34	28	35	24	32	26	39	30	33	25	37	34	28	38	26	34	25	20	32	29	37	33	38	40	27	27	20	22	20	32	39	33	38	29	28	22	24	20	21	23	28	40	39	27	21	34	36	20	38	29	28	34	40	22	29	40	20	27	25	37	22	35	24	32	32	40	37	31	29	35	33	26	25	37	40	29	40	37	38	22	32	32	40	29	37	37	31	38	34	27	29	26	23	31	39	39	33	32	32	30	28	23	29	25	39	31	40	40	37	33	40	27	28	35	37	28	20	37	34	36	40	36	38	38	23	22	35	24	21	20	20	40	36	24	38	40	22	20	22	39	35	20	31	28	29	25	38	37	34	22	23	32	34	37	21	37	26	26	36	34	32	22	39	32	25	40	32	29	39	40	20	39	20	22	37	36	37	35	27	28	40	25	30	33	37	34	39	38	38	39	28	21	38	27	30	39	20	26	34	26	29	26	30	40	23	26	21	39	39	24	25	23	35	34	32	32	32	36	28	40	26	23	28	21	22	24	28	29	35	34	35	39	33	22	31	21	39	38	38	29	27	24	34	33	38	24	35	36	32	39	26	21	20	29	27	25	40	23	32	22	30	32	23	31	27	39	33	37	26	40	22	27	20	25	26	38	36	20	21	22	33	26	32	30	21	40	31	40	23	28	22	23	20	23	40	31	26	37	28	25	34	40	20	34	38	22	33	31	29	39	25	34	27	22	23	39	22	24	38	31	22	28	26	32	28	25	35	39	37	35	29	28	23	36	37	32	21	27	31	26	34	35	29	20	26	28	39	34	27	33	38	39	25	25	30	36	40	32	26	39	28	35	24	36	37	31	28	30	32	40	20	21	30	38	26	32	35	27	28	22	36	35	30	30	33	37	35	26	24	23	25	31	27	40	21	37	20	33	35	28	
33	30	45	40	49	27	25	50	39	46	35	34	37	38	40	32	25	28	38	23	25	26	25	37	47	12	24	27	18	19	27	42	22	44	43	34	43	27	15	34	29	13	28	21	14	42	21	33	32	14	14	48	39	25	31	25	15	11	44	39	27	14	29	47	50	34	12	21	21	33	11	23	11	22	42	30	26	28	16	21	42	42	33	43	17	40	34	45	22	29	50	43	21	34	50	31	45	43	23	21	35	24	50	30	30	18	31	18	21	42	13	15	16	17	18	11	13	24	43	44	30	21	20	34	19	42	45	15	43	18	38	13	49	28	46	50	46	14	22	26	43	45	38	35	50	25	29	32	31	24	24	33	10	30	33	16	26	33	42	19	33	12	28	17	33	49	18	46	41	36	13	43	45	25	38	27	31	20	21	24	49	43	35	32	47	43	24	49	11	43	28	14	50	10	37	12	40	50	35	36	16	17	13	48	16	34	42	45	46	15	22	26	39	34	33	20	30	33	40	47	20	44	39	27	24	27	13	18	32	17	20	19	34	24	27	20	41	28	44	26	24	46	28	50	27	44	45	17	11	25	18	14	31	31	23	38	49	47	14	13	20	37	33	36	49	20	50	11	50	41	32	39	17	17	49	23	12	26	25	11	36	33	28	19	49	40	48	17	24	44	38	19	27	39	20	36	30	50	12	18	46	46	44	47	39	23	17	26	27	15	35	13	43	11	23	40	34	24	19	34	14	11	38	14	46	42	18	28	41	26	31	34	41	21	47	46	10	18	24	18	44	17	19	43	35	46	32	49	50	39	14	19	50	27	34	18	48	18	46	43	33	36	20	24	38	27	15	47	32	38	25	38	25	35	25	39	24	40	42	32	16	29	10	49	12	44	23	10	44	12	27	17	28	33	50	32	26	43	41	28	19	46	16	48	33	13	29	21	13	39	49	11	28	39	14	36	26	36	31	10	16	10	22	45	39	12	25	44	31	48	46	11	32	46	16	34	28	48	20	50	14	16	32	46	46	32	44	27	31	28	47	38	39	17	25	31	26	18	23	31	42	29	41	15	32	33	20	17	32	11	34	23	48	28	26	24	11	44	46	25	30	35	15	22	43	35	15	37	35	13	12	22	21	23	41	19	33	43	26	18	39	19	16	10	27	16	19	49	47	29	16	48	36	42	15	43	39	19	29	34	12	44	49	37	12	41	13	42	46	39	43	14	21	46	37	13	44	49	48	34	45	41	32	44	18	20	41	20	41	14	22	40	25	46	20	46	27	39	45	24	32	25	35	26	29	27	41	20	40	38	50	15	15	25	21	33	21	39	23	23	19	15	13	45	23	41	11	37	37	10	25	25	14	28	30	25	44	24	26	19	17	38	22	38	44	26	22	27	16	19	46	31	17	18	39	26	39	15	43	30	13	42	38	33	34	20	15	47	20	25	18	12	19	35	31	22	19	39	39	12	24	48	49	23	47	34	46	37	13	12	29	36	40	46	31	49	15	28	18	14	49	33	47	37	26	43	33	30	36	27	41	41	30	37	26	10	29	50	21	14	31	29	37	35	48	27	33	22	18	24	35	35	30	42	26	14	41	46	47	49	14	35	24	11	23	24	48	29	27	38	42	29	21	37	15	13	17	13	38	12	45	45	44	49	39	17	14	13	35	17	19	16	49	16	25	34	48	20	27	43	11	16	46	18	38	13	31	32	23	24	25	39	28	43	41	27	16	34	41	22	11	25	37	26	37	49	21	46	33	13	24	39	16	47	29	35	42	20	40	21	37	48	23	40	10	14	22	37	12	14	28	43	31	40	36	24	15	14	19	50	23	47	36	28	21	45	20	16	14	43	28	50	39	37	26	37	11	12	38	18	22	36	37	23	16	49	13	23	43	38	28	11	39	34	48	39	31	35	13	33	40	47	25	48	23	38	31	49	36	32	21	32	26	21	13	23	18	16	28	42	44	25	44	45	34	30	17	10	25	31	28	13	39	35	17	35	10	21	17	45	14	28	22	47	37	45	33	22	42	25	36	27	29	29	22	27	38	19	33	43	38	28	29	19	25	34	40	40	44	46	19	24	38	45	46	11	47	32	13	40	17	22	25	32	50	36	31	16	36	48	30	25	49	21	26	37	17	16	42	33	14	36	16	28	31	37	30	27	46	17	43	47	46	29	30	43	30	18	16	15	18	28	16	28	31	23	15	39	19	48	41	44	14	43	14	13	45	40	43	22	37	44	48	31	41	24	30	32	20	11	48	21	26	15	39	30	18	12	33	43	35	22	41	41	15	23	30	21	41	26	40	26	24	28	45	21	23	18	21	27	34	10	40	46	23	34	34	42	31	49	26	39	34	46	31	45	20	42	20	33	10	31	17	10	17	13	32	19	27	48	40	29	41	10	11	35	30	41	40	11	41	39	22	36	39	10	29	44	32	33	45	45	17	41	25	42	29	25	45	45	42	37	25	46	46	24	39	41	50	47	42	30	50	27	49	15	10	23	31	49	40	30	26	18	12	28	37	21	32	47	20	14	30	10	43	28	18	47	38	43	13	49	28	46	31	49	21	44	33	15	23	48	38	29	15	21	29	37	22	38	27	14	28	10	34	31	50	15	12	32	17	21	13	50	27	37	36	27	39	13	39	24	44	43	38	44	27	35	47	13	16	41	27	20	22	21	27	37	33	17	38	26	33	43	13	35	33	16	27	48	17	22	38	35	30	31	11	50	29	38	21	42	49	42	44	30	41	26	20	30	29	12	10	23	13	39	23	10	35	43	24	14	34	11	44	29	26	23	10	30	18	41	21	37	25	27	50	20	11	36	16	15	17	31	38	18	44	29	47	18	50	24	23	12	25	39	26	24	44	49	38	50	23	31	49	11	31	49	46	11	30	39	36	37	23	43	45	24	22	34	24	24	12	20	12	14	19	14	29	32	47	36	25	43	38	30	28	32	36	15	45	32	25	14	42	10	12	26	32	27	16	31	48	12	43	42	17	38	21	18	16	18	13	46	24	25	10	48	10	22	36	16	18	13	23	22	46	50	44	43	13	40	21	50	31	38	36	28	26	25	41	50	15	49	28	17	47	10	41	32	47	27	27	41	10	21	40	33	19	39	33	39	39	49	26	11	44	45	40	48	44	41	43	37	13	47	22	10	15	44	11	42	21	31	37	20	40	12	34	26	37	14	40	27	42	17	26	35	32	48	21	39	32	41	14	42	38	48	40	13	22	38	22	50	34	48	44	21	21	48	21	39	47	18	18	17	32	30	40	49	23	32	37	46	11	29	14	10	12	23	18	28	39	30	21	34	47	32	44	16	24	24	10	33	45	15	37	46	46	42	23	33	21	41	44	33	15	18	39	27	30	10	36	11	28	13	11	31	33	28	33	23	44	34	46	28	10	33	11	13	30	48	44	48	38	49	30	34	35	26	44	38	11	35	39	14	10	42	12	45	34	22	30	31	50	25	27	12	36	42	42	41	21	20	48	32	36	31	21	46	23	26	48	33	50	29	13	17	30	31	12	13	23	27	40	11	14	50	20	46	35	29	42	38	29	25	24	47	27	43	15	39	41	11	47	12	28	28	38	38	48	14	37	46	20	38	32	31	22	21	32	18	28	48	40	32	36	28	49	29	23	37	29	42	42	27	29	15	14	26	18	25	45	38	11	40	18	50	43	12	11	17	30	30	18	45	32	24	34	23	28	40	28	19	20	24	46	28	29	42	36	38	13	21	24	14	27	49	40	26	28	34	26	41	21	29	17	31	37	13	46	23	39	18	20	14	14	48	26	18	17	50	40	49	27	14	38	30	47	10	47	43	15	33	47	14	32	35	46	34	11	40	32	14	10	34	44	46	50	19	25	33	48	42	30	13	40	33	17	38	50	34	50	23	32	12	19	47	40	18	17	27	21	22	47	41	36	47	30	49	22	21	14	28	50	45	42	34	38	39	46	43	33	17	22	11	25	10	11	29	11	39	23	35	14	10	28	17	47	46	31	38	10	19	45	46	28	49	31	47	25	29	14	32	22	45	47	34	22	45	27	27	35	45	37	22	27	14	44	28	38	10	41	48	40	47	41	10	42	13	25	26	22	46	15	25	46	41	13	14	19	39	38	15	46	15	38	33	38	33	42	37	46	33	49	41	18	11	13	38	38	50	43	38	15	47	20	10	11	39	16	46	44	28	48	19	12	42	20	23	12	36	24	30	49	28	50	14	23	21	14	43	21	14	48	14	32	32	32	21	43	35	26	25	42	15	35	10	10	23	36	35	39	33	36	20	43	48	22	42	40	49	14	38	42	50	12	31	36	31	22	23	30	10	45	46	11	39	44	17	29	19	16	24	43	23	15	43	14	22	19	49	17	32	18	42	24	12	36	42	39	23	43	18	10	15	46	31	10	36	38	11	13	17	13	36	11	47	48	12	33	30	35	28	12	31	46	34	36	45	34	12	45	28	16	43	18	29	39	48	35	50	36	18	10	30	30	14	12	22	22	13	13	31	41	35	41	34	10	42	15	35	16	17	40	25	44	21	33	30	38	19	32	29	42	12	28	45	47	13	34	31	33	40	14	14	26	13	30	43	13	38	40	22	45	20	45	34	48	27	20	49	45	31	29	41	27	19	33	32	25	29	21	20	41	17	41	40	16	41	18	14	16	40	23	47	34	25	14	34	31	17	28	14	30	45	22	16	45	42	43	11	10	23	11	11	19	29	30	38	33	16	31	39	33	30	25	18	43	17	15	45	14	34	22	35	39	48	39	16	15	46	44	43	22	32	32	22	18	21	11	47	46	40	26	17	34	24	42	26	36	43	46	38	41	43	22	34	10	35	26	18	41	25	34	34	23	10	21	25	11	38	20	26	27	34	20	49	22	45	20	29	23	24	11	40	10	37	22	48	36	28	11	34	35	23	48	36	25	44	25	16	40	43	35	46	11	42	10	32	17	38	28	27	26	46	11	31	29	12	10	47	31	13	22	21	19	37	25	28	40	13	29	37	37	31	20	45	19	29	25	27	15	48	21	10	31	13	50	31	14	14	15	18	15	26	23	38	35	20	32	30	30	27	21	37	44	47	35	35	22	29	18	13	45	29	18	28	25	10	26	19	32	45	31	47	40	30	24	48	14	25	26	30	48	18	20	25	11	45	34	43	23	30	10	10	19	27	15	39	13	43	16	47	31	11	37	48	20	29	21	37	50	40	43	39	24	20	31	41	44	29	47	49	35	11	36	38	30	44	49	43	37	24	38	21	37	46	39	32	25	18	10	26	33	27	10	36	42	38	33	45	11	35	19	23	27	42	44	34	10	26	48	21	37	39	17	43	48	24	13	18	48	33	19	36	46	21	16	41	43	18	20	24	27	26	19	36	12	34	28	20	43	18	26	50	17	33	12	10	49	20	29	28	21	46	26	44	20	37	46	33	29	12	21	41	33	29	43	24	25	43	41	15	27	24	35	11	37	27	19	16	20	39	43	49	45	43	36	21	41	19	48	32	12	48	23	24	30	24	28	40	14	22	13	30	47	48	28	45	42	50	15	47	14	45	31	42	43	28	27	47	14	11	49	26	36	16	22	42	23	31	19	31	14	38	47	21	32	36	43	19	22	14	48	33	34	22	40	44	17	37	27	49	48	10	35	17	40	26	38	35	40	21	28	50	46	33	46	40	37	31	17	33	28	46	45	12	10	17	49	18	19	33	41	48	50	19	45	43	18	48	24	12	36	30	27	42	32	32	39	16	23	38	28	18	15	27	19	18	36	41	11	42	31	20	38	15	15	41	23	33	32	37	50	45	21	12	26	28	23	32	23	27	43	11	22	42	43	24	23	16	42	31	37	45	46	25	23	18	35	32	40	39	12	30	30	21	50	21	12	19	23	35	24	36	26	27	36	36	34	20	11	49	22	10	33	46	34	20	14	47	50	27	49	17	43	29	24	50	42	43	40	44	12	47	31	30	18	17	39	27	42	32	10	14	47	35	25	17	18	41	50	20	22	29	30	19	13	30	29	31	20	41	28	33	34	29	29	29	39	18	45	37	36	32	50	31	29	48	42	36	41	43	35	40	37	35	19	24	50	38	30	14	27	19	24	13	19	42	16	12	42	14	32	34	21	15	12	12	30	24	49	31	32	28	47	23	23	48	43	43	10	46	24	30	33	45	14	37	11	24	18	31	15	19	19	40	16	16	29	43	12	28	13	24	37	42	23	10	43	30	18	32	19	50	30	48	43	50	35	43	32	13	24	42	27	28	11	41	25	41	23	36	19	35	22	25	35	30	32	40	18	10	43	43	48	22	36	14	26	29	15	29	42	35	28	46	25	45	36	50	11	11	47	38	40	18	14	31	19	37	38	25	34	41	25	46	18	40	45	23	46	18	41	27	13	20	10	24	12	25	41	12	34	35	32	42	28	23	24	11	12	35	10	10	19	26	49	38	32	47	36	20	13	29	17	35	30	47	37	13	41	43	11	21	17	44	28	13	36	34	31	19	15	42	35	39	36	21	13	21	11	25	37	18	32	41	23	23	23	36	33	15	32	31	16	16	11	32	42	26	26	16	41	10	42	39	18	28	39	11	35	33	49	34	12	45	22	34	27	21	45	25	18	18	40	48	11	24	29	37	42	46	28	12	39	27	22	44	28	50	47	50	10	35	25	44	13	29	38	35	34	38	26	48	27	42	35	34	24	17	34	21	42	25	27	10	45	16	48	29	11	31	23	41	18	15	35	10	34	33	40	39	31	13	20	29	40	16	29	16	42	22	36	29	10	43	12	30	15	40	43	39	36	12	20	40	12	34	17	19	31	44	10	18	37	16	28	43	10	50	24	49	11	11	17	47	26	27	18	50	16	36	27	19	49	14	10	32	13	30	47	23	23	40	31	49	15	18	13	23	17	34	34	26	41	43	42	37	35	48	25	43	36	15	34	14	14	35	35	20	48	14	23	18	47	25	35	45	36	46	46	27	37	37	29	11	14	26	19	46	32	35	45	43	31	14	37	28	32	34	26	10	39	15	30	49	18	35	32	10	36	21	30	35	18	38	12	31	22	10	43	36	47	17	31	15	27	37	15	15	40	32	36	37	39	12	39	39	26	10	27	21	11	22	36	35	45	48	44	40	29	17	24	34	16	46	45	25	12	30	11	20	11	18	37	22	10	25	12	22	45	42	30	41	30	20	26	29	48	14	48	19	13	24	16	12	25	19	49	47	15	44	30	38	37	10	39	44	23	33	11	35	44	27	14	24	48	42	45	23	30	38	26	28	12	21	41	37	13	38	23	33	30	37	10	23	32	20	37	15	13	47	38	42	19	28	21	15	42	50	30	42	20	48	40	28	11	49	18	33	16	50	43	29	36	10	44	29	33	37	11	29	19	14	25	45	40	22	33	49	10	41	17	10	38	25	19	24	39	25	34	12	21	26	48	22	38	33	46	42	50	29	15	33	36	36	24	40	19	40	10	50	29	26	36	11	46	38	41	20	10	49	35	33	14	25	50	23	47	34	26	25	14	27	50	30	50	42	38	23	26	10	39	12	27	35	40	10	24	25	44	43	25	43	48	27	25	27	11	29	34	12	16	24	19	40	47	23	41	29	38	37	48	42	16	12	18	27	41	32	39	38	31	15	39	43	13	29	49	20	17	33	42	50	41	23	28	16	28	50	44	31	36	37	31	17	37	22	12	41	19	10	48	15	14	32	39	12	22	45	31	15	46	40	45	45	39	36	19	49	17	23	48	13	35	27	45	12	12	28	45	38	10	11	45	26	13	28	21	27	39	28	42	32	29	46	19	25	24	26	29	43	45	27	48	18	15	12	43	40	46	34	24	16	24	47	42	50	24	17	45	19	42	14	27	50	42	21	43	12	39	11	36	10	33	27	21	25	20	26	13	38	17	44	26	25	42	24	42	47	17	44	25	47	26	16	22	16	24	26	14	16	13	13	45	12	26	17	15	31	11	15	33	25	21	12	38	45	26	35	34	16	45	13	30	10	13	19	48	14	28	40	49	25	42	18	34	35	43	32	38	29	11	43	31	23	36	24	38	14	20	27	35	17	46	11	47	49	13	29	27	42	16	42	13	17	14	30	40	50	47	37	24	25	31	12	13	19	17	34	31	35	45	43	10	20	16	40	31	31	22	40	19	27	41	11	17	46	13	44	41	46	
15
90
