2803
90
0	0	0	0	500	0	0	0	0	0	48	0	0	0	0	0	0	0	0	0	0	0	0	0	0	0	0	0	0	0	0	0	0	0	0	0	0	0	0	0	0	0	0	0	0	0	0	0	0	0	0	0	0	0	0	0	0	0	0	0	0	0	0	0	0	0	0	0	0	0	0	0	0	0	0	0	0	0	0	0	0	0	500	0	0	0	0	0	96	0	
0	0	0	0	0	0	0	0	0	0	0	0	0	0	0	0	0	0	0	0	0	0	0	0	0	0	0	0	0	0	0	0	0	0	500	0	0	0	0	0	0	0	0	0	0	0	0	0	0	0	0	0	0	0	0	0	0	0	0	0	0	0	0	0	0	0	0	0	192	0	0	0	0	0	0	0	0	0	0	0	0	0	0	0	0	0	0	0	0	0	
0	0	0	0	0	0	0	0	0	0	0	0	0	0	0	0	0	0	0	0	0	96	0	0	0	0	0	0	0	0	0	0	0	0	0	0	0	0	0	0	0	0	0	0	0	0	0	0	0	0	0	0	0	0	96	0	0	0	0	0	0	0	0	0	0	0	0	0	0	0	0	0	0	0	0	0	0	0	0	0	0	0	0	0	0	0	0	0	0	0	
0	0	0	0	0	0	0	0	0	0	0	0	0	0	0	0	0	0	0	0	0	0	0	0	0	0	0	0	0	0	0	0	0	0	0	0	0	0	0	0	0	0	0	0	0	0	0	0	0	0	0	0	0	0	0	0	0	0	96	0	0	0	0	0	0	0	0	0	0	0	0	0	0	0	0	0	0	0	0	0	0	0	0	0	0	0	0	0	0	48	
500	0	0	0	0	0	0	96	0	0	0	0	0	0	0	0	0	0	0	0	0	0	0	0	0	0	0	0	0	0	0	0	0	0	0	0	0	0	0	0	0	0	0	0	0	0	0	0	0	0	0	0	0	0	0	0	0	48	0	0	0	0	0	0	0	0	0	0	0	0	0	0	0	0	0	0	0	0	0	0	0	0	0	0	0	0	0	0	0	0	
0	0	0	0	0	0	0	0	0	0	0	0	0	0	0	0	0	0	0	0	0	0	0	0	0	0	0	0	0	0	0	0	0	0	0	0	0	0	0	0	0	0	0	0	0	0	0	0	0	0	0	0	0	0	0	500	0	0	0	0	0	0	0	0	0	0	0	0	0	0	0	0	0	0	0	0	0	0	96	0	0	0	0	0	0	0	0	0	0	0	
0	0	0	0	0	0	0	0	0	0	0	0	0	0	0	0	0	0	0	0	0	0	0	0	0	48	0	0	0	0	0	0	0	0	0	0	0	0	0	0	0	0	0	0	0	0	0	0	0	0	0	0	0	0	0	0	0	0	0	0	0	0	0	0	0	0	0	0	0	0	0	96	0	0	0	0	0	0	0	0	0	0	0	0	0	0	0	0	0	0	
0	0	0	0	96	0	0	0	0	0	0	0	0	0	0	0	0	0	0	0	0	0	0	0	0	0	0	0	0	0	0	0	0	0	0	0	0	0	0	0	0	0	0	0	0	0	0	0	0	0	0	0	0	0	0	0	0	500	0	0	0	0	0	0	0	0	0	0	0	0	0	0	0	0	0	0	0	0	0	0	0	0	0	0	0	0	0	0	0	0	
0	0	0	0	0	0	0	0	0	0	0	0	0	0	0	0	0	0	0	500	0	0	0	0	0	0	0	0	0	0	0	0	0	0	0	0	0	0	0	0	0	0	0	0	0	0	0	500	0	0	0	0	0	0	0	0	0	0	0	0	0	0	0	0	0	0	0	0	0	0	0	0	0	0	0	0	0	0	48	0	0	0	0	0	0	0	0	0	0	0	
0	0	0	0	0	0	0	0	0	0	0	0	0	0	0	0	0	0	0	0	0	0	0	0	0	0	0	0	0	0	0	0	0	0	0	0	0	0	0	0	0	0	0	0	0	0	0	0	0	0	0	0	0	0	0	0	0	0	0	0	0	0	0	0	0	0	0	48	0	0	0	0	0	0	0	0	0	0	0	0	0	0	0	0	48	0	0	0	0	0	
48	0	0	0	0	0	0	0	0	0	0	0	0	0	0	0	0	0	0	0	0	0	0	0	0	0	0	0	0	0	0	0	0	0	0	0	0	0	0	0	0	0	0	0	0	0	0	0	0	0	0	0	0	0	0	0	0	0	0	0	0	0	0	0	0	0	0	0	0	0	0	0	0	0	0	0	0	0	0	0	0	0	192	0	0	0	0	0	500	0	
0	0	0	0	0	0	0	0	0	0	0	0	0	0	0	48	0	0	192	0	0	0	0	0	0	0	0	0	0	0	0	0	0	0	0	0	0	0	0	0	0	0	0	0	0	0	0	0	0	0	0	0	0	0	0	0	0	0	0	96	0	0	0	0	48	0	0	0	0	0	0	0	0	0	0	0	0	0	0	0	0	0	0	0	0	0	0	0	0	0	
0	0	0	0	0	0	0	0	0	0	0	0	0	0	0	0	0	0	0	0	0	0	0	0	0	0	0	0	0	0	0	0	0	0	0	0	0	0	0	0	0	0	0	0	0	0	0	192	0	0	0	0	0	0	0	0	0	0	0	0	0	0	0	0	0	0	0	0	0	96	0	0	0	0	0	0	0	0	0	0	0	0	0	0	0	0	0	0	0	0	
0	0	0	0	0	0	0	0	0	0	0	0	0	0	0	0	0	0	0	0	0	0	0	192	0	0	0	0	0	0	96	0	0	0	0	0	0	48	0	0	0	0	0	0	0	0	0	0	0	0	0	0	0	0	0	0	0	0	0	0	0	0	0	0	0	0	0	0	0	0	0	0	0	0	0	0	0	0	0	0	0	0	0	0	0	0	0	0	0	0	
0	0	0	0	0	0	0	0	0	0	0	0	0	0	0	0	0	0	500	0	0	0	0	0	0	0	0	0	0	0	0	0	0	0	0	0	0	0	0	0	0	0	0	0	0	0	0	0	0	0	0	0	0	0	0	0	0	0	0	0	0	0	0	0	192	0	0	0	0	0	0	0	0	0	0	0	0	0	0	0	0	0	0	0	0	0	0	0	0	0	
0	0	0	0	0	0	0	0	0	0	0	48	0	0	0	0	0	0	0	0	0	0	0	0	0	0	0	0	0	0	0	0	0	0	0	0	0	0	0	0	0	0	0	0	0	0	0	0	0	0	0	0	0	0	0	0	0	0	0	192	0	0	0	0	0	0	0	0	0	0	0	0	0	0	0	0	0	0	0	0	0	0	0	0	0	0	0	0	0	0	
0	0	0	0	0	0	0	0	0	0	0	0	0	0	0	0	0	0	0	0	0	0	0	0	0	0	0	0	0	0	0	0	192	0	0	0	0	0	0	0	0	0	0	0	0	0	0	0	0	0	0	0	0	0	0	0	0	0	0	0	0	0	0	0	0	0	0	0	0	0	0	0	0	0	0	0	0	0	0	0	0	0	0	0	0	0	0	0	192	0	
0	0	0	0	0	0	0	0	0	0	0	0	0	0	0	0	0	0	0	0	0	0	0	0	0	0	0	0	0	0	0	0	0	0	0	0	500	0	0	0	0	0	0	0	0	0	0	0	0	0	0	0	0	0	0	0	96	0	0	0	192	0	0	0	0	0	0	0	0	0	0	0	0	0	192	0	0	0	0	0	0	0	0	0	0	0	0	500	0	0	
0	0	0	0	0	0	0	0	0	0	0	192	0	0	500	0	0	0	0	0	0	0	0	0	0	0	0	0	0	0	0	0	0	0	0	0	0	0	0	0	0	0	0	0	0	0	0	0	0	0	0	0	0	0	0	0	0	0	0	0	0	0	0	0	0	0	0	0	0	0	0	0	0	0	0	0	0	0	0	0	0	0	0	0	0	0	0	0	0	0	
0	0	0	0	0	0	0	0	500	0	0	0	0	0	0	0	0	0	0	0	0	0	0	0	0	0	0	0	0	0	0	0	0	0	0	0	0	0	0	0	0	0	0	0	0	0	0	48	0	0	0	0	0	0	0	0	0	0	0	0	0	0	0	0	0	500	0	0	0	0	0	0	0	0	0	0	0	0	0	0	0	0	0	0	0	0	0	0	0	0	
0	0	0	0	0	0	0	0	0	0	0	0	0	0	0	0	0	0	0	0	0	0	0	0	0	0	0	0	0	0	0	0	0	0	0	0	0	0	96	0	0	0	0	0	0	0	0	0	0	0	96	0	0	0	0	0	0	0	0	0	0	0	0	0	0	0	0	0	0	0	0	0	0	0	0	0	0	0	0	0	0	0	0	0	0	0	0	0	0	0	
0	0	96	0	0	0	0	0	0	0	0	0	0	0	0	0	0	0	0	0	0	0	0	0	0	0	0	0	0	0	0	0	0	0	0	0	0	0	0	0	0	0	0	0	0	0	0	0	0	0	0	0	0	0	0	0	0	0	0	0	0	0	0	0	0	0	0	0	0	0	0	0	0	0	0	0	0	0	0	0	0	0	0	0	0	96	0	0	0	0	
0	0	0	0	0	0	0	0	0	0	0	0	0	0	0	0	0	0	0	0	0	0	0	0	0	0	0	0	0	0	0	0	0	0	0	0	0	0	0	0	0	0	0	0	0	0	0	0	0	0	0	192	0	0	0	0	96	0	0	0	500	0	0	0	0	0	0	0	0	0	0	0	0	0	0	0	0	0	0	0	0	0	0	0	0	0	0	0	0	0	
0	0	0	0	0	0	0	0	0	0	0	0	0	192	0	0	0	0	0	0	0	0	0	0	0	0	0	0	0	0	0	0	0	0	0	0	0	192	0	0	0	0	0	0	0	0	0	0	0	0	0	0	0	0	0	0	0	0	0	0	0	0	0	0	0	0	0	0	0	0	0	0	0	0	0	0	0	0	0	0	0	0	0	0	0	0	0	0	0	0	
0	0	0	0	0	0	0	0	0	0	0	0	0	0	0	0	0	0	0	0	0	0	0	0	0	0	0	0	0	0	0	0	0	0	0	0	0	0	0	0	0	0	0	0	0	0	0	0	0	0	0	0	0	0	0	0	0	0	0	0	0	0	0	0	0	0	0	0	0	0	0	0	0	0	0	0	192	0	0	0	0	0	0	48	0	0	0	0	0	0	
0	0	0	0	0	0	48	0	0	0	0	0	0	0	0	0	0	0	0	0	0	0	0	0	0	0	96	0	0	0	0	0	0	0	0	0	0	0	0	0	0	48	0	0	0	0	0	0	0	0	0	0	0	0	0	0	0	0	0	0	0	0	0	0	0	0	0	0	0	48	0	0	48	0	0	0	0	0	0	0	0	0	0	0	0	0	0	0	0	0	
0	0	0	0	0	0	0	0	0	0	0	0	0	0	0	0	0	0	0	0	0	0	0	0	0	96	0	0	0	0	0	0	0	0	0	0	0	0	0	0	0	500	0	0	0	0	0	0	0	0	0	0	0	0	0	0	0	0	0	0	0	0	0	0	0	0	0	0	0	0	0	0	0	0	0	0	0	0	0	0	0	0	0	0	0	0	0	0	0	0	
0	0	0	0	0	0	0	0	0	0	0	0	0	0	0	0	0	0	0	0	0	0	0	0	0	0	0	0	0	500	0	0	0	0	0	0	0	0	0	0	0	0	0	0	0	0	0	0	0	0	0	0	0	500	0	96	0	0	0	0	0	0	0	0	0	0	0	0	0	0	0	0	0	0	0	0	0	0	0	0	0	0	0	0	0	0	0	0	0	0	
0	0	0	0	0	0	0	0	0	0	0	0	0	0	0	0	0	0	0	0	0	0	0	0	0	0	0	0	0	0	0	0	0	0	0	0	0	0	0	0	0	0	0	0	0	0	0	0	0	0	0	0	0	0	0	0	0	0	48	0	0	0	0	0	0	0	0	0	0	0	0	0	96	0	0	0	0	0	0	0	0	0	0	0	0	0	0	0	0	0	
0	0	0	0	0	0	0	0	0	0	0	0	0	0	0	0	0	0	0	0	0	0	0	0	0	0	0	500	0	0	0	0	0	0	0	0	0	0	0	0	0	0	0	0	0	0	0	0	0	0	0	0	0	500	0	0	0	0	0	0	0	0	0	0	0	0	0	0	0	0	0	0	0	0	0	0	0	0	0	0	0	0	0	0	0	0	0	0	0	0	
0	0	0	0	0	0	0	0	0	0	0	0	0	96	0	0	0	0	0	0	0	0	0	0	0	0	0	0	0	0	0	0	0	0	0	0	0	0	0	0	0	0	0	0	0	0	0	0	0	0	0	0	0	0	0	0	0	0	0	0	0	0	0	0	0	0	0	0	0	0	0	0	0	0	0	0	0	0	0	0	0	0	0	0	0	500	0	0	0	0	
0	0	0	0	0	0	0	0	0	0	0	0	0	0	0	0	0	0	0	0	0	0	0	0	0	0	0	0	0	0	0	0	0	0	0	0	0	0	0	0	0	0	0	0	0	192	0	0	0	0	0	0	0	0	0	0	0	0	0	0	0	0	0	500	0	0	0	0	0	0	0	0	0	0	0	0	0	0	0	0	0	0	0	0	0	0	0	0	0	0	
0	0	0	0	0	0	0	0	0	0	0	0	0	0	0	0	192	0	0	0	0	0	0	0	0	0	0	0	0	0	0	0	0	0	0	0	0	0	0	0	0	0	0	0	0	500	0	0	96	0	0	0	0	0	0	0	0	0	0	0	0	0	0	0	0	0	0	0	0	0	0	0	0	0	0	0	0	0	0	0	0	0	0	0	0	0	0	0	0	0	
0	0	0	0	0	0	0	0	0	0	0	0	0	0	0	0	0	0	0	0	0	0	0	0	0	0	0	0	0	0	0	0	0	0	0	0	0	0	0	0	0	0	0	0	0	0	0	0	0	192	0	0	96	0	0	0	0	0	0	0	0	0	0	48	0	0	0	0	0	0	0	0	0	0	0	0	0	0	0	0	0	96	0	48	0	0	0	0	0	0	
0	500	0	0	0	0	0	0	0	0	0	0	0	0	0	0	0	0	0	0	0	0	0	0	0	0	0	0	0	0	0	0	0	0	0	0	0	0	0	0	0	0	0	0	0	0	0	0	0	0	0	0	192	0	0	0	0	0	0	0	0	0	0	0	0	0	0	0	0	0	0	0	0	0	0	0	0	0	0	0	0	0	0	192	0	0	0	0	0	0	
0	0	0	0	0	0	0	0	0	0	0	0	0	0	0	0	0	0	0	0	0	0	0	0	0	0	0	0	0	0	0	0	0	0	0	0	0	0	0	0	192	0	0	0	0	0	48	0	0	0	0	0	0	0	0	0	0	0	0	0	0	0	0	0	0	0	0	0	0	0	0	0	0	0	0	0	0	0	0	96	0	0	0	0	0	0	0	0	0	0	
0	0	0	0	0	0	0	0	0	0	0	0	0	0	0	0	0	500	0	0	0	0	0	0	0	0	0	0	0	0	0	0	0	0	0	0	0	0	0	0	0	0	0	0	0	0	0	0	0	0	0	0	0	0	0	0	48	0	0	0	0	0	0	0	0	0	0	0	0	0	0	0	0	0	500	0	0	0	0	0	0	0	0	0	0	0	96	500	0	0	
0	0	0	0	0	0	0	0	0	0	0	0	0	48	0	0	0	0	0	0	0	0	0	192	0	0	0	0	0	0	0	0	0	0	0	0	0	0	0	0	0	0	0	0	0	0	0	0	0	0	0	0	0	0	0	0	0	0	0	0	0	0	0	0	0	0	0	0	0	0	0	0	0	0	0	0	0	0	0	0	0	0	0	0	0	0	0	0	0	0	
0	0	0	0	0	0	0	0	0	0	0	0	0	0	0	0	0	0	0	0	96	0	0	0	0	0	0	0	0	0	0	0	0	0	0	0	0	0	0	0	0	0	0	0	0	0	0	0	0	0	48	0	0	0	0	0	0	0	0	0	0	0	0	0	0	0	0	0	0	0	0	0	0	0	0	0	0	0	0	0	0	0	0	0	0	0	0	0	0	0	
0	0	0	0	0	0	0	0	0	0	0	0	0	0	0	0	0	0	0	0	0	0	0	0	0	0	0	0	0	0	0	0	0	0	0	0	0	0	0	0	0	0	0	0	0	0	0	0	0	0	0	0	0	0	0	0	0	0	0	0	0	0	0	0	0	0	48	0	0	0	0	0	0	0	0	96	0	0	0	0	0	0	0	0	0	0	0	0	0	0	
0	0	0	0	0	0	0	0	0	0	0	0	0	0	0	0	0	0	0	0	0	0	0	0	0	0	0	0	0	0	0	0	0	0	0	192	0	0	0	0	0	0	0	0	0	0	0	0	0	0	0	0	0	0	0	0	0	0	0	0	0	0	0	0	0	0	0	0	0	0	0	0	0	0	0	0	0	0	0	0	96	0	0	0	0	0	0	0	0	0	
0	0	0	0	0	0	0	0	0	0	0	0	0	0	0	0	0	0	0	0	0	0	0	0	0	48	500	0	0	0	0	0	0	0	0	0	0	0	0	0	0	0	0	0	0	0	0	0	0	0	0	0	0	0	0	0	0	0	0	0	0	0	0	0	0	0	0	0	0	0	0	0	0	0	0	0	0	0	0	0	0	0	0	0	0	0	0	0	0	0	
0	0	0	0	0	0	0	0	0	0	0	0	0	0	0	0	0	0	0	0	0	0	0	0	0	0	0	0	0	0	0	0	0	0	0	0	0	0	0	0	0	0	0	0	192	0	0	0	0	0	0	0	0	0	0	0	0	0	0	0	0	96	0	0	0	0	0	48	0	0	0	0	0	0	0	0	0	0	0	0	0	0	0	0	0	0	500	96	0	0	
0	0	0	0	0	0	0	0	0	0	0	0	0	0	0	0	0	0	0	0	0	0	0	0	0	0	0	0	0	0	0	0	0	0	0	0	0	0	0	0	0	0	0	0	0	0	0	0	0	0	0	0	0	0	0	0	0	0	0	0	0	0	0	0	0	0	0	0	0	0	0	0	0	0	0	0	0	48	0	0	0	0	0	0	0	0	0	0	0	500	
0	0	0	0	0	0	0	0	0	0	0	0	0	0	0	0	0	0	0	0	0	0	0	0	0	0	0	0	0	0	0	0	0	0	0	0	0	0	0	0	0	0	192	0	0	0	0	0	0	0	0	0	0	0	0	0	0	0	0	0	0	0	0	0	0	0	0	0	0	0	0	0	0	0	0	0	192	0	0	0	0	0	0	0	0	0	0	0	0	0	
0	0	0	0	0	0	0	0	0	0	0	0	0	0	0	0	0	0	0	0	0	0	0	0	0	0	0	0	0	0	0	192	500	0	0	0	0	0	0	0	0	0	0	0	0	0	0	0	0	0	0	0	0	0	0	0	0	0	0	0	0	0	0	0	0	0	0	0	0	0	0	0	0	0	0	0	0	0	0	0	0	0	0	0	0	0	0	0	0	0	
0	0	0	0	0	0	0	0	0	0	0	0	0	0	0	0	0	0	0	0	0	0	0	0	0	0	0	0	0	0	0	0	0	0	0	48	0	0	0	0	0	0	0	0	0	0	0	0	0	0	0	192	0	0	0	0	0	0	0	0	0	0	0	0	0	0	0	0	0	0	0	0	0	0	192	0	0	0	0	192	0	0	0	0	0	0	0	0	0	0	
0	0	0	0	0	0	0	0	500	0	0	0	192	0	0	0	0	0	0	48	0	0	0	0	0	0	0	0	0	0	0	0	0	0	0	0	0	0	0	0	0	0	0	0	0	0	0	0	0	0	0	0	0	0	0	0	0	0	0	0	0	0	0	0	0	0	0	0	0	0	0	0	0	0	0	0	0	0	0	0	0	0	0	0	0	0	0	0	0	0	
0	0	0	0	0	0	0	0	0	0	0	0	0	0	0	0	0	0	0	0	0	0	0	0	0	0	0	0	0	0	0	0	96	0	0	0	0	0	0	0	0	0	0	0	0	0	0	0	0	0	0	0	0	0	0	0	0	0	0	0	0	0	0	0	0	0	0	0	0	0	0	0	0	0	0	0	0	0	0	0	0	192	0	0	0	0	0	0	0	0	
0	0	0	0	0	0	0	0	0	0	0	0	0	0	0	0	0	0	0	0	0	0	0	0	0	0	0	0	0	0	0	0	0	192	0	0	0	0	0	0	0	0	0	0	0	0	0	0	0	0	0	0	192	0	0	0	0	0	0	0	0	0	0	0	0	0	0	0	0	0	0	0	0	0	0	0	0	0	0	0	0	0	0	0	0	0	0	0	0	0	
0	0	0	0	0	0	0	0	0	0	0	0	0	0	0	0	0	0	0	0	96	0	0	0	0	0	0	0	0	0	0	0	0	0	0	0	0	0	48	0	0	0	0	0	0	0	0	0	0	0	0	0	0	0	0	0	0	0	0	0	0	0	0	0	0	0	0	0	0	0	0	192	0	0	0	0	0	0	0	0	0	0	0	0	0	0	0	0	0	0	
0	0	0	0	0	0	0	0	0	0	0	0	0	0	0	0	0	0	0	0	0	0	192	0	0	0	0	0	0	0	0	0	0	0	0	0	0	0	0	0	0	0	0	0	0	0	192	0	0	0	0	0	0	0	0	0	0	0	0	0	0	0	0	0	0	0	0	0	0	0	0	0	0	0	0	0	0	0	0	0	0	0	0	0	0	0	0	0	0	0	
0	0	0	0	0	0	0	0	0	0	0	0	0	0	0	0	0	0	0	0	0	0	0	0	0	0	0	0	0	0	0	0	0	96	192	0	0	0	0	0	0	0	0	0	0	0	0	0	0	192	0	0	0	0	0	0	0	0	0	0	0	0	0	0	0	0	0	0	0	0	0	0	0	0	0	0	48	0	0	0	0	0	0	0	0	0	0	0	0	0	
0	0	0	0	0	0	0	0	0	0	0	0	0	0	0	0	0	0	0	0	0	0	0	0	0	0	0	500	0	500	0	0	0	0	0	0	0	0	0	0	0	0	0	0	0	0	0	0	0	0	0	0	0	0	0	0	0	0	0	0	0	0	0	0	0	0	0	0	0	0	0	0	0	0	0	0	0	0	0	0	0	0	0	0	0	0	0	0	0	0	
0	0	96	0	0	0	0	0	0	0	0	0	0	0	0	0	0	0	0	0	0	0	0	0	0	0	0	0	0	0	0	0	0	0	0	0	0	0	0	0	0	0	0	0	0	0	0	0	0	0	0	0	0	0	0	0	0	0	0	0	0	0	500	0	0	500	0	0	0	0	0	0	0	0	0	0	0	0	0	0	0	0	0	0	0	0	0	0	0	0	
0	0	0	0	0	500	0	0	0	0	0	0	0	0	0	0	0	0	0	0	0	0	0	0	0	0	0	96	0	0	0	0	0	0	0	0	0	0	0	0	0	0	0	0	0	0	0	0	0	0	0	0	0	0	0	0	0	0	0	0	0	0	0	0	0	192	0	0	0	0	0	0	0	0	0	0	0	0	192	0	0	0	0	0	0	0	0	0	0	0	
0	0	0	0	0	0	0	0	0	0	0	0	0	0	0	0	0	96	0	0	0	0	96	0	0	0	0	0	0	0	0	0	0	0	0	0	48	0	0	0	0	0	0	0	0	0	0	0	0	0	0	0	0	0	0	0	0	0	0	0	0	0	0	0	0	0	0	0	0	0	0	0	0	0	0	0	0	0	0	0	0	0	0	0	0	0	0	0	0	0	
0	0	0	0	48	0	0	500	0	0	0	0	0	0	0	0	0	0	0	0	0	0	0	0	0	0	0	0	0	0	0	0	0	0	0	0	0	0	0	0	0	0	0	0	0	0	0	0	0	0	0	0	0	0	0	0	0	0	0	0	0	0	0	0	0	0	0	0	0	0	0	0	0	0	0	0	0	0	0	0	0	0	0	0	0	0	0	0	0	0	
0	0	0	96	0	0	0	0	0	0	0	0	0	0	0	0	0	0	0	0	0	0	0	0	0	0	0	0	48	0	0	0	0	0	0	0	0	0	0	0	0	0	0	0	0	0	0	0	0	0	0	0	0	0	0	0	0	0	0	0	0	0	0	0	0	0	0	0	0	0	0	0	0	0	0	0	0	0	0	0	0	0	0	0	0	0	0	0	0	0	
0	0	0	0	0	0	0	0	0	0	0	96	0	0	0	192	0	0	0	0	0	0	0	0	0	0	0	0	0	0	0	0	0	0	0	0	0	0	0	0	0	0	0	0	0	0	0	0	0	0	0	0	0	0	0	0	0	0	0	0	0	0	0	0	0	0	0	0	0	0	0	0	0	0	0	0	0	0	0	0	192	0	0	0	0	0	0	0	0	0	
0	0	0	0	0	0	0	0	0	0	0	0	0	0	0	0	0	192	0	0	0	0	500	0	0	0	0	0	0	0	0	0	0	0	0	0	0	0	0	0	0	0	0	0	0	0	0	0	0	0	0	0	0	0	0	0	0	0	0	0	0	0	0	0	0	0	0	0	0	0	0	0	0	0	0	0	0	0	0	0	0	0	0	0	0	0	0	0	0	0	
0	0	0	0	0	0	0	0	0	0	0	0	0	0	0	0	0	0	0	0	0	0	0	0	0	0	0	0	0	0	0	0	0	0	0	0	0	0	0	0	0	0	96	0	0	0	0	0	0	0	0	0	0	0	0	0	0	0	0	0	0	0	0	0	0	0	0	0	0	0	0	0	0	0	0	500	0	0	0	0	0	0	0	0	0	0	0	0	0	0	
0	0	0	0	0	0	0	0	0	0	0	0	0	0	0	0	0	0	0	0	0	0	0	0	0	0	0	0	0	0	0	0	0	0	0	0	0	0	0	0	0	0	0	0	0	0	0	0	0	0	0	0	0	0	500	0	0	0	0	0	0	0	0	0	0	0	0	0	0	0	0	0	0	0	0	0	0	0	48	0	0	0	0	0	0	0	0	0	0	0	
0	0	0	0	0	0	0	0	0	0	0	0	0	0	0	0	0	0	0	0	0	0	0	0	0	0	0	0	0	0	0	500	0	48	0	0	0	0	0	0	0	0	0	0	0	0	0	0	0	0	0	0	0	0	0	0	0	0	0	0	0	0	0	0	0	0	0	0	0	0	0	0	0	0	0	0	0	0	0	0	0	0	0	0	0	0	0	0	0	0	
0	0	0	0	0	0	0	0	0	0	0	48	0	0	192	0	0	0	0	0	0	0	0	0	0	0	0	0	0	0	0	0	0	0	0	0	0	0	0	0	0	0	0	0	0	0	0	0	0	0	0	0	0	0	0	0	0	0	0	0	0	0	0	0	0	0	0	0	0	0	0	0	0	0	0	0	0	0	0	0	0	0	0	0	0	0	0	0	0	0	
0	0	0	0	0	0	0	0	0	0	0	0	0	0	0	0	0	0	0	500	0	0	0	0	0	0	0	0	0	0	0	0	0	0	0	0	0	0	0	0	0	0	0	0	0	0	0	0	0	0	0	0	0	0	500	192	0	0	0	0	0	0	0	0	0	0	0	0	0	0	0	0	0	0	0	0	0	0	0	0	0	0	0	0	0	0	0	0	0	0	
0	0	0	0	0	0	0	0	0	0	0	0	0	0	0	0	0	0	0	0	0	0	0	0	0	0	0	0	0	0	0	0	0	0	0	0	0	0	0	48	0	0	0	0	0	0	0	0	0	0	0	0	0	0	0	0	0	0	0	0	0	0	0	0	0	0	0	500	0	0	0	0	0	0	0	0	0	0	0	0	0	0	0	0	0	0	0	0	0	0	
0	0	0	0	0	0	0	0	0	48	0	0	0	0	0	0	0	0	0	0	0	0	0	0	0	0	0	0	0	0	0	0	0	0	0	0	0	0	0	0	0	0	48	0	0	0	0	0	0	0	0	0	0	0	0	0	0	0	0	0	0	0	0	0	0	0	500	0	0	0	48	0	0	0	0	0	0	0	0	0	0	0	0	0	0	0	0	0	0	0	
0	192	0	0	0	0	0	0	0	0	0	0	0	0	0	0	0	0	0	0	0	0	0	0	0	0	0	0	0	0	0	0	0	0	0	0	0	0	0	0	0	0	0	0	0	0	0	0	0	0	0	0	0	0	0	0	0	0	0	0	0	0	0	0	0	0	0	0	0	0	192	0	0	0	0	0	0	0	0	0	0	0	0	0	96	0	0	0	0	0	
0	0	0	0	0	0	0	0	0	0	0	0	96	0	0	0	0	0	0	0	0	0	0	0	0	48	0	0	0	0	0	0	0	0	0	0	0	0	0	0	0	0	0	0	0	0	0	0	0	0	0	0	0	0	0	0	0	0	0	0	0	0	0	0	0	0	0	0	0	0	0	0	0	0	0	0	0	0	0	0	0	0	0	0	0	0	0	0	0	0	
0	0	0	0	0	0	0	0	0	0	0	0	0	0	0	0	0	0	0	0	0	0	0	0	0	0	0	0	0	0	0	0	0	0	0	0	0	0	0	0	0	0	0	0	0	0	0	0	0	0	0	0	0	0	0	0	0	0	0	0	0	0	0	0	0	0	0	48	192	0	0	0	0	0	0	0	0	0	0	0	0	0	0	0	0	0	0	0	0	0	
0	0	0	0	0	0	96	0	0	0	0	0	0	0	0	0	0	0	0	0	0	0	0	0	0	0	0	0	0	0	0	0	0	0	0	0	0	0	0	0	0	0	0	0	0	0	0	0	0	0	192	0	0	0	0	0	0	0	0	0	0	0	0	0	0	0	0	0	0	0	0	0	0	0	0	0	0	0	0	0	0	0	0	0	0	0	0	0	0	0	
0	0	0	0	0	0	0	0	0	0	0	0	0	0	0	0	0	0	0	0	0	0	0	0	0	48	0	0	96	0	0	0	0	0	0	0	0	0	0	0	0	0	0	0	0	0	0	0	0	0	0	0	0	0	0	0	0	0	0	0	0	0	0	0	0	0	0	0	0	0	0	0	0	0	0	0	0	0	192	0	0	0	0	0	0	0	0	0	0	0	
0	0	0	0	0	0	0	0	0	0	0	0	0	0	0	0	0	0	0	0	0	0	0	0	0	0	0	0	0	0	0	0	0	0	0	0	0	0	0	0	0	0	0	0	0	0	0	0	0	0	0	0	0	0	0	0	0	0	0	0	0	0	0	0	0	0	0	0	0	0	0	0	0	0	0	0	0	48	0	192	96	0	0	0	96	0	0	0	0	0	
0	0	0	0	0	0	0	0	0	0	0	0	0	0	0	0	0	192	0	0	0	0	0	0	0	0	0	0	0	0	0	0	0	0	0	0	500	0	0	0	0	0	0	0	0	0	192	0	0	0	0	0	0	0	0	0	0	0	0	0	0	0	0	0	0	0	0	0	0	0	0	0	0	0	0	0	0	0	0	0	0	0	0	0	0	0	0	0	0	0	
0	0	0	0	0	0	0	0	0	0	0	0	0	0	0	0	0	0	0	0	0	0	0	0	0	0	0	0	0	0	0	0	0	0	0	0	0	0	0	96	0	0	0	0	0	0	0	0	0	0	0	0	0	0	0	0	0	0	0	0	0	500	0	0	0	0	0	0	0	0	0	0	0	0	0	0	0	0	0	0	0	0	0	0	0	0	0	0	0	0	
0	0	0	0	0	0	0	0	0	0	0	0	0	0	0	0	0	0	0	0	0	0	0	0	192	0	0	0	0	0	0	0	0	0	0	0	0	0	0	0	0	0	0	0	192	0	0	0	0	0	0	0	48	0	0	0	0	0	0	0	0	0	0	0	0	0	0	0	0	0	0	0	0	0	0	0	0	0	0	0	0	0	0	0	0	0	0	0	0	0	
0	0	0	0	0	0	0	0	0	0	0	0	0	0	0	0	0	0	0	0	0	0	0	0	0	0	0	0	0	0	0	0	0	0	0	0	0	0	0	0	0	0	0	48	0	0	0	0	0	0	0	0	0	0	0	0	0	0	0	0	0	0	0	0	0	0	0	0	0	0	0	0	0	48	0	0	0	0	0	0	192	0	0	0	0	0	0	0	0	500	
0	0	0	0	0	96	0	0	48	0	0	0	0	0	0	0	0	0	0	0	0	0	0	0	0	0	0	0	0	0	0	0	0	0	0	0	0	0	0	0	0	0	0	0	0	0	0	0	0	0	0	0	0	0	0	192	0	0	0	0	0	0	48	0	0	0	0	0	0	0	0	0	192	0	0	0	0	0	0	0	0	0	0	0	0	0	0	0	0	0	
0	0	0	0	0	0	0	0	0	0	0	0	0	0	0	0	0	0	0	0	0	0	0	0	0	0	0	0	0	0	0	0	0	0	0	96	0	0	0	0	0	0	0	0	0	0	192	0	0	0	0	0	0	0	0	0	0	0	0	0	0	0	0	0	0	0	0	0	0	0	0	0	0	192	0	0	0	0	0	0	0	0	0	0	0	0	0	0	0	0	
0	0	0	0	0	0	0	0	0	0	0	0	0	0	0	0	0	0	0	0	0	0	0	0	0	0	0	0	0	0	0	0	0	0	0	0	0	0	0	0	96	0	0	0	0	0	0	0	0	0	0	0	0	0	0	0	0	0	0	192	0	0	0	0	0	0	0	0	0	0	0	0	0	96	0	0	0	192	0	0	0	0	0	0	0	0	0	0	0	0	
0	0	0	0	0	0	0	0	0	0	0	0	0	0	0	0	0	0	0	0	0	0	0	0	0	0	0	0	0	0	0	0	0	96	0	0	0	0	0	0	0	0	0	0	0	0	0	0	192	0	0	0	0	0	0	0	0	0	0	0	0	0	0	0	0	0	0	0	0	0	0	0	0	0	0	0	0	0	0	0	0	0	0	0	0	0	0	0	0	0	
500	0	0	0	0	0	0	0	0	0	192	0	0	0	0	0	0	0	0	0	0	0	0	0	0	0	0	0	0	0	0	0	0	0	0	0	0	0	0	0	0	0	0	0	0	0	0	0	0	0	0	0	0	0	0	0	0	0	0	0	0	0	0	0	0	0	0	0	0	0	0	0	0	0	0	0	0	0	0	0	0	0	0	0	0	0	0	0	0	0	
0	0	0	0	0	0	0	0	0	0	0	0	0	0	0	0	0	0	0	0	0	0	0	0	48	0	0	0	0	0	0	0	0	48	192	0	0	0	0	0	0	0	0	0	0	0	0	0	0	0	0	0	0	0	0	0	0	0	0	0	0	0	0	0	0	0	0	0	0	0	0	0	0	0	0	0	0	0	0	0	0	0	0	0	0	0	0	0	0	0	
0	0	0	0	0	0	0	0	0	48	0	0	0	0	0	0	0	0	0	0	0	0	0	0	0	0	0	0	0	0	0	0	0	0	0	0	0	0	0	0	0	0	0	0	0	0	0	0	0	0	0	0	0	0	0	0	0	0	0	0	0	0	0	0	0	0	0	0	96	0	0	0	0	96	0	0	0	0	0	0	0	0	0	0	0	0	0	0	0	0	
0	0	0	0	0	0	0	0	0	0	0	0	0	0	0	0	0	0	0	0	0	96	0	0	0	0	0	0	0	0	500	0	0	0	0	0	0	0	0	0	0	0	0	0	0	0	0	0	0	0	0	0	0	0	0	0	0	0	0	0	0	0	0	0	0	0	0	0	0	0	0	0	0	0	0	0	0	0	0	0	0	0	0	0	0	0	0	0	0	0	
0	0	0	0	0	0	0	0	0	0	0	0	0	0	0	0	0	0	0	0	0	0	0	0	0	0	0	0	0	0	0	0	0	0	0	0	96	0	0	0	0	0	500	0	0	0	0	0	0	0	0	0	0	0	0	0	0	0	0	0	0	0	0	0	0	0	0	0	0	0	0	0	0	0	0	0	0	0	0	0	0	0	0	0	0	0	0	0	0	0	
0	0	0	0	0	0	0	0	0	0	0	0	0	0	0	0	0	500	0	0	0	0	0	0	0	0	0	0	0	0	0	0	0	0	0	0	500	0	0	0	0	0	96	0	0	0	0	0	0	0	0	0	0	0	0	0	0	0	0	0	0	0	0	0	0	0	0	0	0	0	0	0	0	0	0	0	0	0	0	0	0	0	0	0	0	0	0	0	0	0	
96	0	0	0	0	0	0	0	0	0	500	0	0	0	0	0	192	0	0	0	0	0	0	0	0	0	0	0	0	0	0	0	0	0	0	0	0	0	0	0	0	0	0	0	0	0	0	0	0	0	0	0	0	0	0	0	0	0	0	0	0	0	0	0	0	0	0	0	0	0	0	0	0	0	0	0	0	0	0	0	0	0	0	0	0	0	0	0	0	0	
0	0	0	48	0	0	0	0	0	0	0	0	0	0	0	0	0	0	0	0	0	0	0	0	0	0	0	0	0	0	0	0	0	0	0	0	0	0	0	0	0	0	0	500	0	0	0	0	0	0	0	0	0	0	0	0	0	0	0	0	0	0	0	0	0	0	0	0	0	0	0	0	0	0	0	0	0	500	0	0	0	0	0	0	0	0	0	0	0	0	
2	6	44	23	67	41	67	35	63	35	71	62	63	65	15	44	63	7	11	74	14	63	18	87	76	88	20	10	0	59	0	58	29	59	40	62	67	16	81	52	57	58	45	65	8	4	77	41	88	20	41	8	13	67	8	5	35	84	59	65	38	77	17	62	68	43	84	20	75	36	21	2	9	16	42	38	70	84	34	15	84	67	72	46	63	25	53	30	0	11	72	6	56	40	72	45	45	55	74	7	6	19	47	61	6	89	48	81	67	27	68	45	50	40	0	14	64	21	49	75	41	40	55	8	54	53	55	85	30	81	11	3	21	39	86	37	30	89	65	85	87	14	75	43	80	39	8	86	23	61	89	32	67	9	0	58	28	12	56	79	23	38	68	4	38	6	18	24	79	9	5	46	30	35	49	88	59	38	88	64	26	41	75	1	77	64	74	72	60	88	71	41	13	82	53	14	38	84	33	10	61	27	26	58	74	83	74	5	83	46	47	48	48	49	2	54	59	35	18	37	48	11	2	40	5	49	57	13	27	11	26	81	64	46	40	20	37	60	70	42	52	48	67	20	13	79	45	5	4	11	86	31	0	42	25	80	65	5	73	5	76	49	1	54	69	58	49	8	81	49	7	32	54	50	52	72	84	31	16	40	9	65	4	65	76	85	42	59	25	48	7	68	5	10	41	13	84	63	31	35	32	56	76	46	87	38	86	13	77	79	8	48	54	11	34	31	14	49	49	55	57	72	24	26	89	66	42	37	8	45	86	81	60	66	89	78	43	2	74	28	89	49	89	40	56	36	81	14	64	16	46	79	60	68	43	46	40	29	6	32	19	12	20	52	73	79	41	35	18	41	8	5	4	17	82	88	88	25	58	17	54	75	13	23	23	46	52	28	35	87	8	84	17	38	6	35	61	88	8	12	2	50	63	40	9	63	77	6	64	86	31	30	54	24	49	62	44	87	36	65	66	36	52	9	82	34	40	24	14	83	82	77	76	19	53	37	2	9	61	70	65	14	20	40	80	58	49	20	21	85	4	63	48	64	41	73	40	72	33	8	28	57	77	47	64	39	62	76	72	25	29	86	0	78	83	50	14	71	9	57	36	40	34	10	52	65	59	84	52	71	61	81	85	10	69	17	39	21	84	61	37	15	71	44	29	10	52	50	36	54	19	5	86	34	29	82	78	47	9	38	36	23	36	51	11	25	68	71	7	29	32	80	59	67	84	37	70	62	1	35	60	9	67	15	70	67	72	87	33	84	59	21	63	2	34	13	66	10	52	10	40	81	70	37	55	85	63	60	21	64	23	1	70	17	55	11	86	33	77	37	5	78	38	29	49	16	57	35	60	40	31	18	46	61	13	11	21	59	8	5	61	89	23	33	70	70	85	78	24	30	29	2	65	29	14	58	74	49	1	32	81	26	73	84	23	68	35	7	22	81	4	62	1	38	75	39	44	78	35	16	64	49	11	68	41	27	87	6	38	12	48	82	29	48	8	30	59	5	48	11	72	52	37	33	17	11	3	88	86	32	7	9	23	76	27	51	4	56	62	50	36	75	12	1	82	17	84	25	54	34	38	21	72	45	20	10	10	81	61	11	0	16	83	44	70	20	70	29	50	26	25	4	52	59	59	56	66	15	41	58	88	75	8	23	2	70	27	81	69	59	80	68	60	29	79	37	25	53	27	14	78	19	59	45	83	38	11	69	45	35	45	49	70	20	32	23	57	27	61	45	10	37	39	74	69	55	69	65	57	3	8	76	88	27	76	71	37	12	41	13	25	75	8	69	86	50	23	7	39	0	27	3	86	6	28	16	42	3	57	34	73	26	80	31	61	50	54	86	84	71	55	88	86	30	88	25	29	68	65	63	36	77	7	27	34	55	43	72	41	55	36	22	65	32	56	55	2	80	2	78	42	19	46	86	46	80	25	9	3	64	54	13	39	56	86	29	22	80	68	57	66	22	89	33	29	21	38	54	1	19	6	43	81	29	8	12	75	46	83	2	72	39	82	18	44	41	70	89	49	87	25	64	31	68	32	62	55	75	3	16	39	47	51	67	18	25	25	48	81	0	68	9	70	76	54	75	42	18	60	29	8	62	78	75	18	20	37	1	42	5	42	35	32	58	41	48	33	66	1	77	62	41	64	24	69	75	44	6	39	75	40	11	1	86	42	85	7	52	10	41	69	75	53	8	51	60	68	72	17	70	20	29	7	55	73	36	59	38	63	71	26	18	87	38	3	68	2	8	14	57	33	72	54	14	45	23	14	37	35	53	66	37	76	56	88	51	89	42	46	45	89	76	73	33	32	15	29	10	40	11	11	35	12	0	67	84	3	75	82	79	20	69	80	33	73	73	32	19	8	28	21	89	34	35	7	8	39	22	59	75	70	2	14	75	29	9	18	15	5	62	81	88	24	18	57	74	13	74	17	42	13	7	70	81	80	16	6	47	13	53	85	74	68	58	3	81	80	86	84	61	60	78	8	64	41	84	69	46	62	56	33	22	6	50	86	3	26	17	53	46	46	16	21	17	45	2	68	44	75	49	82	42	63	21	19	81	56	84	39	40	34	7	70	50	64	61	75	37	60	32	54	77	27	85	38	75	86	4	17	46	2	73	86	40	2	67	37	49	81	86	41	62	12	13	44	26	17	45	27	1	71	59	16	68	54	70	45	51	85	67	38	86	42	56	10	54	66	32	51	50	3	5	64	81	0	78	35	41	23	73	30	60	69	2	11	83	32	64	30	37	38	80	21	68	82	84	18	70	68	84	45	84	4	25	24	31	81	3	33	79	84	57	74	43	40	30	37	42	38	46	74	23	35	41	56	73	52	62	33	5	78	39	32	45	78	28	1	60	61	52	36	51	14	84	67	14	76	50	85	17	64	30	86	11	64	51	41	3	10	86	28	23	15	81	84	31	38	26	75	86	32	50	34	37	77	45	7	72	73	64	69	2	23	84	62	74	35	82	74	45	66	37	11	34	44	18	10	26	60	7	64	11	70	75	33	38	87	40	56	30	26	54	62	3	0	34	1	39	33	55	53	5	8	25	60	30	79	18	88	30	47	57	55	16	87	33	15	38	46	58	33	58	17	22	62	14	69	54	66	72	45	42	60	54	36	22	77	3	15	3	37	35	83	82	40	83	77	11	68	46	22	88	32	68	49	56	68	9	45	36	81	0	71	46	1	12	36	40	67	35	33	35	35	33	80	70	8	33	26	85	2	36	25	42	36	42	26	52	68	6	28	73	29	68	17	62	48	43	12	66	19	44	31	28	63	24	23	25	55	46	26	80	3	25	41	89	43	79	24	0	69	77	87	70	7	8	55	80	17	72	46	0	15	13	2	76	39	0	88	17	73	16	79	74	61	88	64	45	43	66	45	0	45	44	42	25	3	7	82	87	88	69	36	25	51	26	45	69	42	43	88	58	68	25	73	63	76	35	6	87	42	17	76	33	3	77	68	14	8	40	19	4	69	49	80	39	29	82	50	11	70	55	25	38	22	81	9	36	38	39	33	29	30	0	35	14	29	72	70	27	29	19	22	83	41	86	68	30	44	83	18	69	22	36	65	52	30	78	63	85	43	10	49	40	79	21	73	19	24	43	40	74	46	32	13	57	11	89	1	9	69	29	24	61	78	76	29	86	84	17	48	19	81	39	56	27	23	65	28	46	68	50	63	55	59	73	58	4	49	44	60	56	30	84	80	72	55	69	85	47	83	68	48	22	60	18	40	74	24	35	66	89	77	17	43	47	64	43	79	9	65	48	45	68	5	68	73	8	24	7	54	21	25	44	57	74	52	38	11	88	73	27	83	48	34	28	65	45	52	23	60	70	63	85	54	41	68	63	4	37	75	70	12	4	80	35	77	0	63	1	29	66	2	34	0	15	25	65	31	47	30	15	86	84	19	56	67	61	52	69	49	73	33	78	59	74	74	25	86	64	83	80	22	84	56	41	63	70	49	32	26	47	60	18	62	54	35	61	2	34	20	77	29	14	60	15	74	47	87	22	4	75	20	3	58	57	53	46	13	27	14	33	53	43	59	7	78	60	87	83	27	37	78	81	11	36	63	69	77	17	10	10	5	29	36	25	49	56	89	43	8	63	83	38	6	21	26	82	32	7	7	24	52	76	18	72	89	37	34	36	45	54	31	80	67	12	55	72	71	83	64	30	58	77	72	61	60	77	39	53	14	70	49	71	57	56	36	50	84	21	68	14	78	72	57	50	20	13	59	23	45	45	50	0	59	71	78	80	37	18	7	12	3	59	37	22	58	47	23	15	71	66	65	86	63	59	70	77	38	42	46	72	37	29	53	36	6	35	83	11	14	11	3	24	18	67	45	64	27	53	66	33	46	86	6	54	4	19	76	79	16	72	6	16	58	13	71	46	79	53	85	28	73	62	31	14	35	82	69	9	63	70	75	22	2	61	87	17	74	30	65	48	48	17	27	43	86	10	87	16	77	33	75	31	37	75	0	58	50	9	19	28	69	85	38	64	30	85	19	57	87	88	26	74	29	61	9	56	41	1	15	42	18	51	57	14	81	40	73	57	63	26	63	33	33	6	37	68	28	56	69	76	37	2	49	51	51	5	48	45	81	78	26	19	52	23	14	57	9	41	66	10	70	30	21	7	45	8	69	20	79	68	49	66	15	44	41	70	18	31	36	3	36	50	20	30	9	25	34	80	4	76	69	1	63	24	61	40	3	87	49	1	4	11	46	19	1	23	82	31	6	30	61	20	72	4	85	81	64	54	34	65	52	42	78	21	29	88	3	33	87	59	43	19	69	77	58	33	4	25	72	17	17	14	31	89	3	32	31	59	21	17	76	6	66	32	84	69	61	37	15	78	23	1	55	66	79	66	66	84	10	46	17	28	45	61	26	12	11	25	44	71	55	80	85	81	38	36	78	41	61	38	15	76	73	1	85	36	35	71	86	0	13	74	87	56	84	78	44	76	82	78	16	1	86	69	35	14	53	48	56	33	25	7	73	19	53	54	32	19	15	82	1	43	14	23	83	11	38	51	75	78	30	87	43	31	2	60	31	73	16	66	9	31	35	29	9	79	37	66	65	7	28	4	87	17	1	61	21	57	81	67	27	16	29	57	17	69	75	43	53	64	9	84	34	42	86	1	89	75	37	33	4	0	43	13	71	20	65	4	62	14	27	32	70	71	81	59	27	18	22	28	10	76	27	2	21	41	83	11	34	9	29	33	17	79	80	15	27	44	12	28	24	63	49	32	30	55	0	5	77	43	31	87	80	18	65	85	67	30	18	46	15	36	25	61	22	58	34	88	50	81	24	39	77	6	53	64	61	43	42	72	52	60	81	42	73	56	17	58	65	16	67	20	36	74	2	25	0	18	70	48	31	33	86	25	47	16	32	24	87	41	29	69	56	63	84	55	78	8	74	9	19	64	42	18	89	24	59	10	46	57	20	79	68	72	22	72	6	11	78	7	8	34	45	80	71	42	42	46	83	48	50	22	10	86	37	22	72	68	4	4	54	61	41	71	60	18	5	4	41	65	87	83	75	30	76	20	5	72	23	86	79	76	14	87	29	81	36	43	75	9	9	11	28	38	52	28	5	43	21	72	62	88	53	84	26	6	34	41	36	80	30	0	72	12	64	18	64	40	34	60	86	27	78	19	42	62	41	28	72	57	72	0	58	72	60	81	38	58	85	74	56	40	63	44	53	10	7	83	40	47	34	79	23	23	15	15	11	51	83	75	73	44	61	63	27	18	20	68	3	89	59	7	79	43	11	44	10	80	18	7	22	10	20	87	46	81	86	13	6	79	7	59	5	12	74	77	49	80	9	50	17	1	32	17	79	0	64	68	32	24	7	55	14	5	78	79	65	20	13	82	43	47	79	82	46	35	14	22	32	5	29	15	62	57	80	11	71	81	28	32	27	32	51	37	8	39	28	53	68	12	70	46	5	47	6	34	13	15	55	82	56	47	66	41	54	75	26	73	27	2	85	20	68	78	62	37	0	87	45	4	63	56	69	65	69	78	67	1	70	42	10	73	28	26	32	51	73	40	50	12	52	39	42	14	77	82	27	61	71	77	26	10	38	48	88	60	63	26	70	77	42	26	55	73	38	16	10	15	19	58	41	5	38	87	71	24	29	34	36	87	40	74	61	74	75	77	37	13	65	87	16	70	0	33	3	78	75	17	78	36	70	8	9	54	65	65	77	39	20	18	76	23	75	85	56	6	72	45	84	17	59	65	70	58	42	79	28	84	39	29	57	12	44	84	30	58	57	37	70	56	40	32	68	52	85	6	85	71	37	33	50	60	58	42	56	52	67	58	42	87	26	45	31	21	21	83	8	6	78	21	20	
41	69	46	48	37	83	33	39	44	82	38	47	24	44	50	54	81	32	59	41	52	45	56	1	11	5	45	59	35	36	11	27	70	80	81	21	53	38	64	10	80	63	84	9	73	81	66	68	76	12	54	20	51	74	57	58	33	48	35	12	46	12	31	72	57	39	7	51	70	56	7	28	20	2	18	83	55	6	75	13	81	33	85	55	16	85	21	1	12	54	57	66	39	58	86	49	25	42	38	52	12	63	62	31	60	73	20	1	0	8	71	73	38	29	78	75	52	84	48	20	52	23	22	77	42	17	15	62	86	24	78	52	72	67	65	30	32	45	19	54	86	13	88	88	42	89	69	9	84	6	82	46	77	85	46	41	63	77	14	47	66	2	71	64	12	84	20	47	49	7	49	75	73	45	54	86	32	75	50	59	42	40	43	9	19	52	56	84	41	81	13	10	86	80	35	16	17	56	50	3	28	83	23	0	65	23	61	63	8	76	57	56	31	36	31	4	64	54	64	22	79	47	20	59	60	5	62	11	11	73	74	0	87	9	47	15	84	59	53	55	7	18	8	11	66	86	73	57	70	2	5	71	5	72	62	36	3	72	6	77	24	77	22	73	62	73	58	56	46	80	39	66	26	23	5	44	77	40	87	9	35	8	61	63	27	0	60	41	35	9	49	30	61	75	1	40	47	20	58	38	55	12	31	34	7	1	80	76	79	88	10	53	79	81	85	10	63	26	30	14	80	38	45	4	56	85	20	18	74	53	82	88	59	51	54	53	45	74	57	28	87	64	24	19	28	73	89	21	51	78	89	47	55	59	78	77	14	32	17	19	65	10	40	20	57	34	28	61	71	61	50	12	31	84	73	18	76	82	82	20	89	89	60	80	70	23	10	24	63	30	0	71	36	77	49	52	69	65	69	70	19	86	71	47	24	64	69	70	81	42	0	34	10	66	57	25	66	21	15	19	21	5	79	87	89	10	37	88	20	79	7	10	82	66	54	54	72	30	38	8	41	43	32	67	23	27	2	2	41	75	37	1	8	55	9	89	67	4	15	76	30	2	40	73	4	17	3	63	18	86	80	30	60	27	26	57	46	85	17	22	17	30	86	72	29	32	61	6	75	74	89	26	7	23	6	9	68	61	40	69	54	70	42	67	85	10	73	8	9	76	7	14	24	67	82	80	18	26	1	30	43	66	16	41	71	66	12	18	28	10	79	25	15	78	22	41	18	8	27	46	26	7	7	82	61	36	59	21	78	61	10	0	77	68	68	44	56	74	70	14	85	83	54	11	22	54	39	63	76	29	77	77	11	84	17	64	58	28	19	22	51	63	15	28	9	24	2	69	66	47	25	33	64	12	67	70	79	4	21	53	3	8	55	39	70	60	72	72	46	84	70	85	41	56	44	35	35	30	14	24	33	17	67	79	71	8	52	17	29	36	76	40	75	49	84	42	51	24	85	26	31	22	58	59	61	48	15	41	3	22	25	25	61	83	34	74	53	71	21	62	59	82	42	21	44	87	68	0	60	10	80	30	27	39	83	38	45	55	38	58	2	15	61	85	74	79	42	54	7	53	88	36	17	62	19	38	22	32	40	30	20	17	77	20	49	78	73	58	6	19	48	23	71	16	43	45	86	22	3	15	47	52	77	40	8	88	25	80	23	6	12	64	34	85	84	10	43	47	46	25	48	22	46	24	26	59	77	13	37	26	33	75	6	2	12	22	47	87	87	11	61	25	1	15	28	33	30	18	0	61	12	58	21	14	52	14	79	52	2	3	23	10	59	74	85	0	3	67	64	76	33	8	60	7	25	1	30	59	24	58	48	47	5	77	12	3	9	79	62	21	16	33	66	4	3	24	30	72	58	22	66	61	62	7	50	66	11	26	56	14	82	50	13	27	27	13	53	87	0	59	81	79	48	26	1	9	70	28	42	53	25	81	84	76	4	29	37	30	69	36	20	78	43	24	0	10	6	66	67	28	61	71	58	53	16	3	20	41	0	22	45	41	2	82	32	37	73	79	35	21	20	35	36	4	16	80	37	13	50	68	68	14	20	31	25	59	37	64	64	42	81	11	44	68	9	47	23	52	1	3	74	40	86	35	27	80	9	60	41	58	87	39	78	69	77	56	68	13	23	59	41	29	61	23	79	44	62	77	72	53	76	84	70	27	80	64	22	59	50	65	34	72	53	81	13	21	69	60	38	31	17	80	71	0	48	70	57	0	1	3	19	50	46	64	37	73	38	44	29	38	49	24	22	64	40	43	82	66	13	70	40	30	11	66	78	78	52	82	89	36	22	35	59	65	28	62	4	38	51	85	60	35	41	41	43	56	74	9	31	48	11	18	86	41	24	30	76	1	8	71	19	85	47	86	26	26	30	88	69	4	55	18	49	73	37	44	6	65	75	16	53	73	80	79	20	66	0	80	87	64	26	49	40	65	10	11	33	29	63	65	73	3	67	53	16	70	53	55	21	26	61	76	72	67	65	27	34	45	32	50	35	3	17	52	83	82	13	78	2	18	71	22	30	51	17	5	59	49	11	2	13	27	58	29	20	46	68	38	54	78	54	40	24	23	15	76	66	78	72	44	38	81	56	51	52	74	86	0	27	28	25	71	12	11	76	59	0	26	16	49	10	0	77	88	76	58	22	59	10	53	27	10	82	72	36	1	63	80	38	50	7	22	16	18	24	77	43	15	28	31	16	74	8	14	30	8	25	18	72	21	18	38	74	6	40	87	29	56	77	11	63	77	39	46	3	37	64	67	67	87	35	61	80	34	60	40	19	9	65	18	77	56	32	35	53	35	33	54	61	73	18	55	88	11	29	28	10	56	70	81	68	34	43	66	52	55	9	10	63	14	38	80	63	12	49	75	62	26	76	85	53	46	6	41	43	44	9	81	40	89	41	51	72	32	58	38	42	43	58	24	82	41	48	33	39	81	8	68	39	1	1	17	13	4	47	7	35	24	81	33	38	64	15	84	89	27	12	17	59	17	31	23	13	14	27	73	25	13	15	54	82	61	3	39	66	58	65	36	74	45	81	79	4	85	80	17	47	31	8	3	30	7	34	6	52	49	80	45	38	0	83	33	31	45	23	83	26	38	0	78	87	45	29	65	48	88	87	44	62	49	70	19	65	24	5	7	30	61	31	53	14	62	54	20	82	65	65	77	25	47	38	35	12	35	23	6	14	87	40	2	46	25	31	83	83	80	50	32	55	79	9	24	45	39	23	41	75	42	62	43	57	23	21	37	30	37	2	7	3	85	60	6	25	62	85	38	27	22	1	9	56	23	12	56	67	33	22	21	26	85	21	73	66	61	53	84	85	62	61	78	42	27	63	62	17	74	74	64	81	36	45	51	49	87	70	83	8	64	64	66	37	36	60	17	62	7	58	28	88	32	44	70	41	17	71	7	40	89	3	13	89	51	41	75	53	19	9	40	58	54	64	12	42	86	14	65	64	54	58	57	67	65	61	81	27	65	9	46	6	37	2	73	63	87	83	17	86	20	31	23	54	23	54	63	53	66	77	51	80	43	74	89	39	1	30	36	19	5	77	13	39	13	68	88	20	74	7	63	69	21	68	49	16	81	47	39	4	88	84	1	47	66	24	67	14	24	69	51	33	43	20	7	67	43	43	74	67	15	5	67	18	24	36	44	51	60	56	61	79	89	55	19	65	70	19	5	9	64	88	43	81	21	32	61	2	58	39	39	44	38	19	28	42	59	55	33	5	70	7	57	40	64	5	33	70	67	73	2	52	51	34	28	89	23	37	1	50	62	69	7	58	48	61	67	69	54	41	30	52	41	11	34	71	51	47	57	72	62	28	82	54	87	2	37	76	87	65	16	41	75	59	84	28	81	49	6	36	14	16	44	54	67	81	8	8	61	13	11	89	81	78	73	41	20	8	72	61	43	33	49	9	35	22	24	72	50	3	55	33	50	84	17	13	4	61	11	67	15	8	15	49	55	57	7	30	41	72	66	68	3	43	24	38	36	78	7	18	67	36	52	87	8	79	39	37	28	46	51	60	25	55	79	61	79	77	64	41	66	30	34	2	59	36	40	72	9	45	65	66	69	73	4	28	74	23	53	53	86	66	45	23	20	68	45	43	89	70	88	83	40	82	84	86	69	18	24	31	70	51	26	61	52	36	16	55	86	29	57	89	82	36	27	54	3	78	12	22	16	34	13	84	57	64	59	50	27	11	6	23	36	3	4	4	44	39	24	12	73	11	84	56	61	78	4	75	12	10	5	8	44	7	27	61	55	78	57	4	61	30	77	66	33	23	7	13	64	86	50	0	32	0	60	70	11	17	82	28	50	56	30	19	14	77	56	34	38	50	3	54	84	87	82	80	73	26	67	15	44	29	6	29	87	84	84	51	66	46	15	7	38	51	23	73	34	4	35	20	34	9	13	47	25	33	35	9	70	42	4	19	69	60	5	44	72	23	80	25	42	17	89	28	14	18	88	8	35	72	60	37	47	50	12	76	86	46	43	27	61	77	22	45	3	15	62	45	87	19	81	2	49	17	42	29	63	59	63	23	38	25	66	4	23	17	15	75	7	74	41	78	48	62	47	27	22	86	23	59	56	70	87	8	25	83	77	18	40	9	52	44	45	65	69	39	48	12	32	63	80	26	35	82	52	13	5	67	63	26	74	88	13	34	32	45	72	43	32	23	33	79	81	82	77	25	85	61	60	51	4	51	53	12	43	57	3	41	10	84	58	30	61	85	45	89	31	56	22	0	12	44	76	85	66	65	64	11	40	6	78	64	21	55	30	55	87	13	11	62	70	21	10	28	80	42	1	85	82	45	75	65	33	19	3	66	25	19	35	44	40	55	26	75	24	5	29	87	4	74	80	16	29	62	29	28	67	76	79	36	38	29	63	74	29	46	87	20	70	44	74	48	19	56	5	89	31	15	72	16	73	62	59	88	75	44	52	58	37	25	15	46	87	42	14	48	8	63	3	60	39	60	30	37	75	26	43	29	41	88	71	52	46	3	48	32	52	82	85	36	87	88	15	47	74	78	30	0	75	86	27	26	28	11	13	33	44	65	54	17	3	79	56	38	38	79	60	49	66	8	65	80	71	3	2	53	5	81	33	36	76	29	88	23	63	80	36	50	41	18	66	65	9	70	37	68	50	54	41	55	43	26	86	9	85	59	87	70	3	53	43	87	18	14	25	74	76	13	19	20	80	77	1	1	74	14	36	67	22	28	77	80	81	50	86	42	57	12	18	46	68	28	80	77	23	53	32	3	69	17	81	39	80	79	59	33	50	86	71	65	53	19	8	40	32	15	76	85	10	53	71	78	36	7	66	19	1	64	38	13	72	12	55	47	73	42	72	87	34	48	58	68	78	45	42	38	2	20	78	72	41	10	2	80	38	18	21	19	66	75	62	37	4	24	41	50	59	81	60	78	44	2	24	17	13	26	12	16	89	3	13	31	86	8	4	1	64	78	55	16	62	12	20	87	70	55	68	70	70	12	43	35	5	54	78	88	63	70	18	69	39	71	89	52	61	49	8	27	49	9	82	23	78	67	37	80	6	41	50	39	24	56	24	64	23	35	46	42	65	23	89	39	55	53	31	73	0	70	24	82	17	25	40	48	58	76	18	55	10	0	16	53	27	35	41	87	31	62	44	81	25	83	41	38	57	51	57	20	82	79	82	8	74	46	39	22	17	67	1	8	22	33	58	44	13	56	89	30	47	61	86	23	66	72	0	63	76	7	88	85	60	5	4	89	49	0	83	56	53	40	79	52	44	66	25	26	88	57	24	3	78	43	10	79	17	16	68	64	22	23	46	13	42	54	81	69	46	85	20	68	2	23	9	30	16	36	20	21	80	39	30	30	57	27	10	81	72	15	86	46	17	18	33	15	50	49	72	68	8	40	42	87	76	32	67	44	30	43	61	42	14	28	45	25	84	29	14	52	68	13	56	31	69	17	84	87	4	14	69	2	25	73	79	36	4	79	2	19	26	15	79	23	76	49	73	4	10	69	44	88	30	12	15	33	6	32	25	81	9	58	86	65	40	13	61	13	0	8	21	67	14	52	78	59	29	8	52	4	23	73	20	39	54	30	49	66	48	80	47	17	6	19	67	9	59	66	82	47	63	11	40	23	16	8	87	0	61	28	76	14	48	60	46	2	75	85	14	61	15	6	88	75	79	88	18	36	9	54	80	53	45	14	78	87	42	65	34	32	16	37	1	74	21	41	58	87	20	23	4	26	13	84	70	13	86	11	47	62	86	3	68	63	44	37	72	86	24	62	14	87	74	44	3	8	39	32	70	39	83	26	40	88	66	68	12	26	29	77	77	19	44	29	56	74	84	6	
30	21	35	26	28	25	29	31	38	21	40	34	40	34	24	33	31	35	33	24	39	25	37	30	27	26	30	34	33	24	36	39	38	36	39	26	36	29	29	34	39	24	25	39	27	36	40	27	32	23	34	21	21	39	22	27	37	24	34	35	37	38	32	33	21	29	34	24	33	38	22	24	26	25	29	36	22	29	20	39	22	26	29	33	20	27	21	39	30	36	20	38	30	20	22	24	23	25	36	22	33	27	27	38	39	21	32	20	25	39	36	35	34	26	28	22	40	24	25	33	36	24	22	24	25	40	39	21	20	20	29	27	22	30	29	28	26	30	34	25	40	29	31	23	22	29	21	22	28	33	33	26	39	29	31	36	29	39	35	25	38	22	34	28	27	39	23	30	36	31	27	25	28	25	32	32	37	33	22	29	28	39	26	31	25	33	23	20	39	21	38	30	34	40	38	32	21	35	35	25	20	21	25	30	29	25	32	23	20	36	40	22	29	40	36	23	20	29	36	27	38	27	40	38	35	32	25	28	23	39	23	28	28	31	21	27	30	27	32	38	22	28	23	39	22	26	23	32	28	37	22	30	23	34	33	30	30	36	24	23	40	34	29	28	21	27	34	37	35	28	30	23	33	36	28	25	37	37	28	22	29	37	30	35	30	33	25	26	34	38	40	40	31	33	24	24	31	27	38	21	40	20	32	28	22	37	40	23	28	29	21	39	27	36	25	20	35	28	28	22	26	21	26	31	30	40	37	27	27	20	39	28	27	21	34	27	34	20	32	20	20	29	33	21	34	32	33	25	22	31	23	35	34	31	21	27	27	39	39	29	30	27	35	40	28	37	39	36	36	27	36	33	30	28	25	37	23	23	40	31	40	28	22	29	35	26	20	27	20	21	22	33	33	32	27	36	38	24	35	26	32	21	20	20	25	30	20	36	33	28	40	26	23	28	25	27	23	23	28	20	24	20	37	33	31	24	36	32	27	27	28	29	39	26	37	32	38	39	24	23	32	38	40	32	25	30	32	39	24	22	32	29	37	33	24	36	24	24	20	22	37	38	24	32	40	35	26	35	28	40	23	23	37	36	23	37	27	33	35	22	35	32	24	32	40	36	34	39	34	29	27	38	32	28	37	27	36	38	40	38	36	31	37	29	23	21	33	22	39	20	20	28	29	31	38	26	23	21	38	28	27	36	21	35	36	36	26	25	39	33	39	28	34	23	31	29	36	38	27	35	29	24	36	30	25	26	40	39	22	21	36	39	40	24	37	24	37	39	23	21	24	39	21	35	21	30	20	24	22	25	26	30	23	36	40	21	38	34	22	31	30	20	28	20	29	32	33	28	39	35	37	28	28	33	21	38	40	34	28	30	36	20	21	37	28	39	40	26	23	26	26	38	25	35	27	39	31	37	30	26	29	21	40	21	20	26	27	20	40	33	31	27	35	35	35	29	36	32	20	25	27	32	23	20	21	32	33	28	28	28	21	34	21	31	22	29	32	24	21	28	30	33	20	32	32	40	25	20	27	34	30	25	23	26	33	26	25	28	38	39	39	34	25	26	23	28	34	31	31	25	26	32	27	32	28	22	36	33	24	35	35	36	40	28	30	38	37	24	22	36	29	24	38	31	22	30	31	31	27	25	21	40	27	37	35	20	23	22	30	33	34	38	25	21	31	36	21	25	34	29	40	32	40	40	28	29	25	28	40	30	33	37	32	33	31	26	29	29	29	20	23	38	33	39	36	30	36	35	35	28	29	22	22	34	21	39	33	28	35	20	22	22	32	20	26	36	23	20	39	39	27	35	20	26	33	31	38	25	34	34	27	22	30	31	25	21	23	23	21	25	29	22	40	36	33	40	28	25	39	36	35	24	24	24	23	35	23	39	33	39	25	29	28	20	37	37	34	39	28	36	32	25	29	28	35	40	39	34	39	21	35	24	26	32	24	26	34	35	28	27	23	29	30	34	20	34	21	21	27	30	32	31	32	20	40	28	23	40	30	40	29	29	26	30	37	40	37	32	31	32	27	39	34	20	32	30	26	40	24	32	26	40	32	34	32	28	28	27	23	39	36	29	36	31	31	25	35	25	32	35	28	37	40	26	34	24	28	24	22	29	38	25	31	27	23	22	35	25	28	20	25	29	39	25	26	20	31	34	24	28	32	28	24	36	27	21	25	24	22	34	26	22	21	20	24	29	31	36	39	32	38	38	22	36	40	31	26	20	24	28	21	37	35	36	20	38	29	30	38	27	35	38	27	28	36	40	24	25	35	23	36	38	25	25	34	23	27	23	31	37	37	24	22	38	27	31	29	21	29	33	22	37	25	38	20	25	33	24	25	25	22	40	27	35	28	34	27	38	24	20	24	27	24	22	31	21	36	35	37	33	37	26	21	37	26	35	23	33	20	29	33	26	39	39	33	28	21	28	20	34	32	30	27	30	30	26	36	34	40	23	20	22	31	23	24	25	25	25	38	35	23	28	34	36	31	22	36	35	31	23	29	32	31	32	39	36	36	20	33	25	33	29	24	20	24	34	20	29	34	30	36	36	29	31	21	22	24	26	21	40	22	29	37	37	40	29	40	22	40	29	34	21	34	23	24	21	28	31	34	24	26	23	24	27	30	24	35	26	27	30	30	22	21	20	39	25	39	29	34	36	36	32	40	33	24	24	37	34	32	23	21	22	21	40	29	34	26	22	40	31	38	29	40	33	23	30	25	23	34	32	25	34	30	25	21	38	28	28	38	29	27	40	38	30	40	20	37	40	38	35	30	29	21	38	33	28	33	33	27	21	31	21	35	40	29	29	28	34	40	36	24	33	25	26	40	36	33	20	32	23	29	36	32	29	34	38	33	28	31	39	33	25	23	22	33	25	39	32	23	40	25	35	39	23	36	32	24	39	29	21	32	37	36	32	40	26	32	23	35	38	36	35	39	24	40	25	38	23	33	34	36	25	23	21	30	32	38	25	34	38	40	37	39	23	22	33	23	30	31	24	24	40	20	34	27	31	22	25	37	31	30	39	37	24	36	37	22	22	36	27	38	29	39	30	35	23	29	33	25	30	36	40	29	26	25	26	29	38	21	22	21	39	32	26	27	27	20	26	40	34	29	40	27	32	25	35	38	38	36	26	31	34	34	40	24	22	39	26	35	35	40	37	33	40	21	38	40	24	24	21	22	29	27	28	24	33	40	25	29	29	35	35	40	38	38	29	23	33	36	29	25	33	33	26	22	24	35	28	33	34	21	28	23	21	34	24	31	33	21	36	34	31	34	33	24	34	40	26	25	35	33	27	31	37	40	23	26	23	38	26	27	21	36	27	29	21	36	21	32	31	23	36	26	38	25	22	40	39	27	30	36	28	35	23	30	26	33	37	33	22	28	32	23	26	37	22	24	28	27	34	23	33	24	40	24	33	21	38	23	40	34	22	38	22	29	40	30	39	26	34	39	32	28	21	25	37	27	26	25	25	40	35	35	38	26	20	30	28	21	33	30	33	38	25	39	35	29	23	27	24	33	22	35	38	36	35	37	32	37	22	28	37	28	28	28	21	20	35	33	36	35	30	38	23	32	33	37	33	33	35	33	29	31	33	29	30	25	28	39	38	24	37	29	28	29	35	20	36	40	23	38	24	38	23	21	23	24	40	22	34	21	37	35	22	21	30	27	27	35	34	22	37	34	30	32	38	32	29	29	40	39	20	39	21	33	35	37	22	40	35	36	40	40	31	31	24	38	24	37	35	26	36	24	22	35	26	26	37	36	24	36	29	35	28	34	23	38	39	37	20	38	26	30	25	22	38	24	40	38	23	34	23	22	34	33	38	38	39	34	37	32	37	30	31	22	28	25	29	32	37	20	34	26	26	33	20	36	32	23	31	22	40	30	31	20	37	32	36	24	28	32	34	35	35	36	37	28	27	35	30	23	36	34	35	30	25	40	22	38	21	31	32	33	24	26	35	23	24	25	40	26	23	37	29	31	25	30	35	31	27	22	30	24	25	39	27	37	30	36	31	29	20	25	32	32	30	34	35	20	28	34	35	30	32	24	38	20	29	27	40	39	21	27	21	27	40	25	31	39	30	37	23	22	40	29	31	36	32	21	28	35	25	29	40	30	22	31	33	27	30	24	21	36	34	35	20	40	33	28	22	28	32	38	29	26	23	23	39	30	25	25	25	35	40	27	24	24	23	20	26	20	34	26	32	22	25	27	27	26	40	33	34	20	38	37	36	23	22	27	28	33	38	37	32	34	31	24	27	40	20	30	21	32	22	40	35	38	22	26	25	22	29	34	30	34	21	37	20	22	36	33	22	25	37	36	26	38	23	29	34	29	38	34	22	33	37	29	29	23	27	24	26	25	28	29	20	34	26	25	33	23	21	21	39	20	38	28	26	33	21	33	22	40	35	29	22	20	20	31	34	31	21	36	29	30	39	20	25	21	24	20	20	31	24	20	24	24	28	37	35	38	37	24	23	38	28	32	24	31	32	22	30	20	40	39	22	21	22	31	28	21	31	33	20	26	27	26	37	22	23	30	33	34	34	40	27	35	31	26	22	40	28	38	40	32	36	40	21	40	26	38	21	29	36	22	36	35	37	34	26	23	39	24	36	40	37	30	27	25	37	20	38	30	35	21	39	38	31	31	27	24	32	23	34	29	25	22	39	30	23	29	31	38	26	23	37	29	38	37	35	35	37	40	29	24	28	22	39	24	29	22	27	36	21	30	20	21	34	40	21	24	27	40	36	39	30	23	26	20	20	23	26	38	37	38	30	21	37	33	31	31	36	28	30	34	29	36	30	26	39	40	21	25	28	37	25	22	30	28	22	36	25	26	20	25	25	32	23	20	35	32	35	40	33	21	22	23	37	35	35	23	31	30	36	39	36	21	32	24	34	39	36	25	40	21	36	24	23	26	27	36	28	24	34	27	35	21	23	32	31	33	40	25	28	21	24	30	33	24	39	33	32	26	40	31	26	33	22	21	26	29	28	39	28	35	32	21	31	33	21	32	34	38	21	24	25	37	24	20	24	36	39	29	29	26	23	23	38	37	26	30	35	37	35	24	20	30	35	35	20	33	37	23	35	40	20	29	27	26	33	35	33	39	35	23	28	29	40	32	25	29	38	29	25	20	34	29	35	35	34	27	40	23	25	26	33	21	25	38	24	38	22	21	20	21	32	37	32	38	33	27	34	39	22	33	36	22	28	30	24	38	20	38	37	35	35	20	38	25	36	36	23	29	38	31	21	35	30	30	25	36	21	30	40	37	39	33	38	32	31	31	25	31	39	20	25	29	26	31	23	29	36	31	34	31	28	24	31	21	26	26	40	32	36	34	30	32	37	23	24	39	26	39	31	21	35	22	27	23	35	25	24	35	38	28	22	23	21	34	29	32	23	21	27	22	21	37	21	28	27	22	29	39	25	40	22	26	38	28	24	35	21	35	22	20	38	22	39	32	35	27	23	35	22	21	23	31	29	20	39	21	31	24	36	36	32	20	23	21	26	38	31	38	20	29	40	33	23	26	29	40	30	38	31	33	38	24	23	26	37	36	33	20	23	35	37	26	32	21	27	40	27	39	21	30	36	32	22	25	37	24	29	34	22	23	32	37	24	31	35	40	30	32	37	37	30	28	36	27	23	26	20	40	29	35	38	21	23	31	33	37	22	32	26	20	21	30	34	37	40	22	38	40	32	32	26	31	29	23	26	33	24	24	40	26	31	36	25	26	39	31	33	20	28	34	36	27	24	33	32	34	26	29	30	21	36	38	21	35	39	40	21	28	39	27	25	24	40	25	23	24	35	40	29	31	35	30	32	24	31	37	20	40	30	32	37	31	32	27	39	24	37	23	25	21	25	34	26	20	36	39	30	22	35	37	31	39	30	29	37	35	39	30	22	21	28	24	20	36	31	22	30	36	34	20	38	37	28	26	37	32	26	20	35	39	32	35	33	25	22	26	24	29	24	23	30	25	28	32	37	40	39	21	27	38	37	25	27	30	25	36	30	22	29	31	32	35	20	26	29	29	40	38	29	22	28	30	26	26	32	28	38	39	40	39	27	22	21	24	35	38	35	22	30	29	23	29	36	20	32	39	34	24	39	23	33	25	40	38	38	20	38	26	27	37	31	24	29	29	40	21	21	37	36	25	30	26	25	29	20	20	22	24	37	29	29	20	31	33	24	39	35	23	39	32	25	35	33	27	38	38	29	26	23	21	32	39	32	39	26	30	36	21	32	23	24	25	31	24	23	36	32	26	30	33	37	31	40	32	20	20	37	21	36	29	34	37	27	29	21	28	25	32	27	37	24	28	31	31	28	27	25	24	30	26	31	32	32	32	20	29	35	35	
16	34	18	24	29	39	15	32	27	26	13	19	20	28	47	18	39	11	43	27	28	15	40	33	41	44	12	45	37	17	29	37	11	24	13	49	33	18	39	31	27	49	17	43	46	11	28	23	49	27	37	43	15	46	49	10	20	20	34	32	21	21	36	15	37	31	38	25	27	41	47	40	18	41	21	22	14	21	39	24	26	26	30	40	16	12	27	35	16	11	26	46	30	34	16	26	16	12	20	23	45	23	26	43	45	38	14	25	41	44	18	24	15	28	32	41	44	41	13	29	17	29	49	16	50	34	32	33	25	35	39	37	11	31	21	22	21	18	40	47	30	28	35	26	12	20	39	47	21	20	48	45	34	27	50	45	35	49	38	17	26	37	15	47	32	21	28	29	24	50	44	18	37	40	19	10	19	39	14	31	15	35	30	45	23	35	31	44	40	34	29	20	48	22	50	47	31	45	17	34	24	16	48	33	15	46	31	20	41	32	16	35	30	25	38	42	50	47	21	27	49	17	50	15	30	20	18	26	22	33	48	33	40	49	29	20	40	13	50	18	24	25	44	32	29	26	34	14	16	11	39	46	35	26	23	44	31	49	44	19	30	37	20	14	12	31	49	33	45	21	14	25	20	15	17	32	39	25	36	38	29	26	25	40	25	48	16	47	22	31	34	39	11	13	34	43	49	31	47	26	15	24	25	11	16	21	45	49	41	50	33	12	42	16	39	35	32	38	42	28	50	28	40	23	17	37	37	38	41	27	41	27	26	49	21	13	26	39	18	43	12	15	45	12	29	42	10	28	42	15	46	38	50	26	10	48	45	47	30	24	47	24	43	40	20	44	31	10	43	16	45	28	47	20	43	27	15	16	17	47	28	25	50	50	44	21	35	12	47	40	44	21	48	41	10	18	14	26	16	46	22	28	25	14	18	31	13	10	47	50	21	30	15	47	22	15	18	40	31	32	28	10	25	34	30	24	24	33	11	43	46	19	40	13	50	15	10	25	49	24	45	47	10	30	49	25	25	46	16	31	32	15	25	50	15	41	29	10	33	45	26	40	27	14	29	49	25	32	11	30	16	29	47	46	12	49	11	38	13	24	44	30	44	46	40	43	13	47	17	27	17	26	35	44	43	34	23	41	45	38	33	33	16	29	14	23	22	10	19	32	22	32	14	23	28	46	29	15	20	13	30	30	35	20	18	35	50	50	18	27	15	44	30	39	11	13	25	17	45	24	28	44	47	11	44	31	45	27	35	36	33	41	31	38	27	40	45	16	50	42	10	24	36	20	38	25	46	48	33	13	10	44	49	43	28	35	15	49	42	42	14	12	12	13	47	38	43	14	28	17	31	12	10	29	39	12	29	21	33	41	50	50	10	40	28	43	47	12	12	31	30	21	41	19	29	22	41	35	31	28	20	14	22	47	46	20	42	30	21	22	19	27	23	22	33	35	10	13	29	10	23	48	39	49	48	45	30	38	17	39	12	21	18	46	25	44	50	43	35	38	36	47	39	28	36	40	49	22	40	31	18	16	19	36	46	15	22	28	17	25	20	23	45	38	16	26	28	38	47	45	28	14	19	19	47	45	45	28	14	13	31	11	32	34	36	41	22	13	15	44	18	35	36	29	19	39	17	13	10	18	10	43	49	45	15	39	14	50	20	44	11	20	20	22	11	36	28	31	28	14	15	49	14	38	28	30	46	46	18	46	32	19	39	34	38	27	19	11	10	14	31	45	30	22	50	42	23	23	39	22	11	21	24	31	15	48	50	44	12	22	22	28	32	12	43	14	36	29	35	24	47	22	39	48	40	15	44	26	40	50	25	23	23	46	47	48	18	26	39	19	29	27	23	30	21	18	29	34	42	47	26	46	29	13	41	10	29	10	38	12	48	45	30	29	43	10	39	24	33	24	47	32	36	15	18	37	28	31	20	27	34	27	18	32	41	22	39	48	17	19	27	17	19	12	49	29	18	25	34	20	32	15	29	20	10	39	19	47	41	22	44	42	22	29	17	19	39	30	39	19	15	21	15	38	12	14	13	18	50	35	47	21	43	41	30	29	45	39	20	46	21	11	21	35	28	26	35	35	44	47	35	31	11	44	39	21	17	11	21	24	19	29	21	33	45	43	45	37	48	48	50	20	28	35	38	43	29	28	49	25	15	36	21	50	15	35	19	35	34	17	47	33	43	42	44	26	48	14	37	31	28	15	39	49	20	41	50	12	15	31	40	10	32	41	44	11	17	38	42	35	21	33	12	34	11	13	27	44	10	15	33	16	16	48	31	27	39	23	50	44	37	13	26	44	24	42	15	25	36	23	12	49	37	40	25	13	34	18	25	25	14	19	14	43	21	14	14	34	32	34	43	10	41	29	20	46	20	10	22	39	42	36	24	14	45	33	49	47	41	46	16	48	47	28	39	26	32	28	32	15	19	36	33	21	40	39	26	30	23	21	17	15	23	15	23	17	40	40	46	43	11	18	20	16	40	12	39	43	29	39	38	38	11	18	48	32	12	16	30	15	28	15	47	47	31	36	23	36	35	16	13	28	46	19	34	40	21	26	50	40	12	33	47	19	37	15	17	30	17	11	36	28	47	43	32	15	13	47	17	17	48	12	35	29	11	11	42	35	10	31	35	36	29	38	44	16	35	30	18	44	36	29	48	26	18	27	42	31	20	32	42	47	19	41	25	44	40	24	50	27	26	38	21	36	42	49	32	36	25	10	15	18	14	48	20	36	44	20	47	30	42	23	20	23	48	34	28	18	31	20	28	36	41	20	21	18	28	46	17	14	18	33	33	22	46	23	38	36	29	34	35	10	48	22	28	12	43	33	38	20	43	34	45	18	42	20	39	19	17	33	25	21	34	37	36	20	28	14	14	31	17	31	50	47	17	32	21	11	13	11	11	36	15	14	15	49	40	17	11	17	21	20	27	11	29	16	38	23	20	35	27	49	46	32	22	39	19	23	10	39	12	19	32	23	17	45	31	35	22	16	41	17	26	20	20	11	37	41	14	25	12	46	39	26	37	32	12	21	24	18	32	19	35	29	32	40	19	48	49	37	10	27	24	38	45	36	48	19	23	24	28	23	45	11	13	42	26	18	31	14	20	19	32	43	13	45	29	50	41	35	21	17	14	23	23	35	14	49	14	43	30	18	16	36	36	31	26	42	25	17	35	21	17	29	32	43	46	45	26	33	21	27	35	36	22	38	33	27	45	10	15	49	46	35	42	19	36	38	41	22	13	18	26	21	37	18	50	29	33	24	38	16	20	18	43	41	44	19	40	19	27	23	45	31	41	37	49	42	14	34	12	10	11	15	42	11	26	50	27	38	33	36	50	36	17	20	50	35	29	44	49	20	19	18	17	42	35	44	33	17	10	21	16	24	37	38	44	17	36	36	20	25	27	18	25	38	33	13	11	29	28	10	30	46	10	31	16	36	16	29	49	46	33	31	16	30	21	31	29	28	14	38	43	50	33	16	49	11	45	41	10	20	29	42	43	24	12	49	39	17	45	26	49	43	23	47	48	46	42	24	32	38	44	17	50	18	32	40	25	23	33	25	44	11	42	31	28	32	43	26	48	38	10	15	20	36	40	19	43	27	29	12	15	27	41	28	36	16	42	21	50	37	26	27	33	45	48	29	12	16	10	16	37	11	13	40	26	13	21	21	28	42	44	14	25	21	15	32	14	14	35	36	36	24	26	50	14	14	43	38	31	13	48	38	21	48	42	31	42	50	29	35	39	28	23	34	14	27	38	50	12	15	47	31	19	20	21	24	24	17	19	40	16	42	11	46	17	21	35	41	50	44	42	21	16	30	19	11	29	21	29	12	32	48	50	43	12	20	40	34	33	10	16	28	44	17	44	20	37	39	35	41	27	41	38	34	17	37	29	21	13	42	26	34	38	18	12	41	32	45	44	19	29	13	44	22	28	16	42	46	46	41	48	34	28	19	39	34	48	26	15	35	22	25	40	16	25	35	14	47	21	49	21	23	23	20	50	27	13	49	35	11	29	30	26	31	46	48	22	44	30	43	45	33	49	17	18	42	29	45	15	24	46	19	33	49	44	19	44	12	35	48	35	10	30	36	48	46	45	40	50	33	49	16	17	19	18	38	44	42	13	35	45	14	20	23	16	45	12	48	16	32	48	23	19	14	23	35	43	40	12	15	19	38	18	32	33	35	36	32	33	27	14	10	43	40	38	18	32	37	14	42	49	16	24	11	49	18	25	25	40	34	49	19	21	37	46	36	32	21	36	38	27	11	43	21	27	21	12	31	19	46	37	39	17	48	40	49	23	50	48	33	50	22	11	39	14	35	32	17	32	21	12	32	25	37	46	32	19	43	21	48	29	11	19	36	21	19	41	33	41	23	48	45	11	25	35	45	39	10	44	43	45	47	40	21	37	35	18	21	28	14	27	17	18	40	21	41	24	22	40	41	10	40	28	18	25	14	32	49	45	40	36	28	18	20	44	31	42	16	22	25	44	40	25	47	29	40	13	19	22	18	41	19	15	14	23	19	39	33	39	30	10	21	21	32	13	43	17	42	19	26	36	41	44	30	19	11	50	14	24	40	26	21	30	45	10	14	30	46	23	12	28	16	35	40	35	10	48	38	15	48	29	44	21	36	50	17	44	18	19	15	33	48	23	10	11	15	48	35	20	26	38	36	18	44	19	25	32	39	12	15	13	38	10	32	23	16	30	23	15	16	39	46	18	31	17	19	29	39	18	17	19	45	22	43	29	11	12	31	48	49	16	19	26	38	22	34	46	41	15	11	26	41	37	38	34	27	45	21	30	40	38	43	33	10	45	38	48	43	45	18	13	44	40	30	15	45	46	29	35	25	23	41	31	29	11	42	24	21	36	36	34	28	39	35	24	29	36	32	39	37	14	50	38	20	20	10	18	47	28	22	44	46	35	18	25	19	45	30	44	33	50	25	19	16	30	14	27	50	15	28	45	21	11	46	12	28	50	44	20	29	11	24	19	41	19	20	43	38	36	46	46	19	36	34	39	48	50	34	39	26	43	47	12	32	35	11	44	23	27	30	42	21	24	38	12	38	47	33	18	40	22	20	27	23	36	41	48	14	20	46	31	19	17	10	35	17	46	46	15	41	30	22	31	17	46	43	10	42	46	47	17	46	46	46	30	47	46	42	41	15	17	31	20	33	39	43	28	43	22	33	11	30	21	12	21	38	15	44	26	22	47	13	44	10	14	45	19	24	38	25	22	38	44	42	30	36	15	44	25	25	44	24	27	17	27	22	27	37	32	11	46	24	27	26	21	42	19	38	22	12	22	24	36	38	17	42	46	35	29	25	31	23	30	30	17	30	19	14	33	12	37	38	42	26	40	26	24	46	50	28	50	40	36	21	37	43	18	41	39	15	37	20	42	33	43	15	35	24	26	50	13	21	40	45	42	24	31	46	50	20	43	18	50	14	49	50	20	31	36	11	29	47	50	11	19	43	38	39	26	18	19	42	33	21	38	46	48	15	13	36	29	32	10	38	33	19	42	49	30	48	10	37	37	25	38	50	40	47	48	16	35	16	25	11	26	29	33	43	24	48	13	20	29	18	21	32	28	34	34	32	21	40	40	50	48	47	39	49	28	24	40	38	25	30	15	11	17	10	13	25	47	47	44	20	13	26	46	21	46	47	45	42	38	26	16	19	18	31	23	38	17	11	14	46	32	23	18	34	12	25	39	18	39	40	10	17	16	33	32	17	42	43	12	49	44	11	15	39	41	31	10	11	12	37	33	50	50	23	14	29	14	27	48	10	36	14	15	35	12	34	40	32	44	19	39	26	34	46	40	32	29	27	11	30	49	14	11	37	44	49	44	31	49	46	21	38	34	29	18	33	27	18	40	19	31	13	22	16	35	22	39	49	29	45	23	16	10	44	22	44	49	24	33	11	18	26	50	40	44	17	27	35	24	12	20	49	23	33	22	39	28	22	30	21	26	42	16	22	11	32	24	26	37	48	24	22	19	38	41	19	12	29	42	13	39	44	33	34	31	44	17	50	40	19	25	33	23	36	42	50	16	24	35	25	35	37	38	44	26	35	14	27	24	20	44	39	34	27	24	27	19	33	29	27	34	32	22	25	26	22	16	41	12	40	27	32	38	50	20	22	32	38	30	28	43	18	10	14	15	32	46	49	15	29	36	16	46	48	21	39	38	39	22	29	19	33	28	39	27	42	23	25	43	50	18	42	15	10	12	11	49	45	37	12	21	17	48	37	30	31	43	47	44	22	16	44	24	23	48	19	20	50	26	16	43	10	47	31	33	33	27	22	26	11	26	19	43	26	23	42	41	23	45	11	50	10	41	39	23	47	27	
10
70
