3604
90
0	0	0	0	0	500	0	0	0	0	0	0	0	0	0	0	0	0	0	0	0	0	0	0	0	0	0	0	0	0	0	0	0	0	0	0	0	0	0	0	0	0	0	0	0	96	0	0	0	0	0	0	0	0	96	0	0	0	0	0	0	0	0	0	0	0	0	0	0	0	0	0	0	0	0	0	0	0	0	0	0	0	0	0	0	0	0	0	0	0	
0	0	0	0	0	0	0	0	0	0	0	0	0	0	0	0	0	0	0	0	0	0	0	0	0	0	0	0	0	0	192	0	0	0	0	0	0	0	0	48	0	0	0	0	0	0	0	0	0	0	0	0	0	0	0	0	0	0	0	0	0	0	0	0	0	0	0	0	0	0	0	0	0	0	0	0	0	0	0	0	0	0	0	0	0	0	0	0	0	0	
0	0	0	0	0	0	0	0	0	0	0	0	0	0	0	0	96	0	0	0	0	0	0	0	0	0	0	0	0	0	0	0	0	0	0	0	0	0	192	0	0	0	0	0	0	0	0	0	0	0	0	0	0	0	0	192	0	0	0	0	0	0	0	0	0	0	0	0	0	0	0	0	0	0	0	0	0	0	0	0	0	0	0	0	0	0	0	0	0	0	
0	0	0	0	0	0	0	0	0	0	0	0	0	0	0	0	0	0	0	0	0	0	0	0	0	0	0	0	0	0	0	0	0	0	0	0	0	0	0	0	0	0	0	0	0	0	0	0	0	0	0	0	0	0	0	0	0	0	0	0	0	0	0	0	192	0	0	0	0	0	0	192	0	0	0	0	0	0	0	0	0	0	0	0	0	0	0	0	0	0	
0	0	0	0	0	0	0	0	0	0	0	0	0	0	0	0	0	0	0	0	0	0	0	0	0	0	0	0	0	96	0	0	0	0	0	0	0	0	0	0	0	0	0	0	0	0	0	0	0	0	0	0	0	0	0	0	0	0	0	0	0	0	0	0	0	0	0	0	0	0	0	0	0	0	0	0	0	0	0	48	0	0	0	0	0	0	0	0	0	0	
500	0	0	0	0	0	0	0	0	0	0	0	0	0	0	0	0	0	0	0	0	0	0	0	0	0	0	0	0	0	0	0	0	0	0	0	0	0	0	0	0	0	0	0	0	0	0	0	0	0	0	0	0	0	48	0	0	0	0	0	0	0	0	0	0	0	0	0	0	0	0	0	0	0	0	0	0	0	0	0	0	0	0	0	0	0	500	0	0	0	
0	0	0	0	0	0	0	0	0	192	0	0	0	0	0	0	0	0	0	0	0	0	0	0	0	0	0	48	0	0	0	0	0	0	0	0	0	0	0	0	0	0	0	0	0	0	0	0	0	0	0	0	0	0	0	0	0	0	0	0	0	0	0	0	0	0	0	0	0	0	0	0	0	0	0	0	0	0	0	0	0	0	0	0	0	0	0	0	0	0	
0	0	0	0	0	0	0	0	0	0	0	0	0	0	0	0	0	0	0	0	0	0	0	0	0	0	0	0	0	0	0	0	0	0	500	48	0	0	0	0	0	0	0	0	0	0	0	0	0	0	0	0	0	0	0	0	0	0	0	0	0	0	0	0	0	0	0	0	0	0	0	0	0	0	0	0	0	0	0	0	0	0	0	0	0	0	0	0	0	0	
0	0	0	0	0	0	0	0	0	0	0	0	0	0	0	0	0	0	0	0	0	0	0	0	0	0	0	0	0	0	0	0	0	0	0	0	0	0	0	0	0	0	48	0	0	0	0	0	0	0	0	0	0	0	0	0	0	0	0	0	0	0	0	0	0	0	0	0	0	0	0	0	0	0	0	0	0	0	0	0	0	0	0	0	0	192	0	0	0	0	
0	0	0	0	0	0	192	0	0	0	0	0	0	0	0	0	0	0	0	0	0	0	0	0	0	0	0	500	0	0	0	0	0	0	0	0	0	0	0	0	0	0	0	0	0	0	0	0	0	0	0	0	0	0	0	0	0	0	0	0	0	0	0	0	0	0	0	0	0	0	0	0	0	0	0	0	0	0	500	0	0	0	0	0	0	0	0	0	0	0	
0	0	0	0	0	0	0	0	0	0	0	0	0	0	0	0	0	0	0	0	0	500	0	0	0	0	0	0	0	0	0	0	0	0	0	0	0	0	0	0	0	0	0	0	0	0	0	0	0	0	0	0	0	0	0	0	0	0	0	48	0	0	0	0	0	0	0	0	0	0	0	0	0	0	0	0	0	0	0	0	0	0	0	0	0	0	0	0	0	0	
0	0	0	0	0	0	0	0	0	0	0	0	0	0	0	0	0	0	0	500	0	0	0	0	0	0	0	0	0	0	0	0	0	0	0	0	0	0	0	0	0	0	0	0	0	0	0	0	0	192	0	0	0	48	0	0	0	0	0	0	0	0	0	0	0	0	0	0	0	0	0	0	0	0	0	0	0	0	0	0	0	0	0	0	0	0	0	0	0	0	
0	0	0	0	0	0	0	0	0	0	0	0	0	0	0	48	0	0	0	0	0	0	0	0	0	0	0	0	0	0	0	0	0	0	0	0	0	0	0	0	0	0	0	0	0	0	0	0	0	0	0	0	0	0	0	0	0	0	0	0	0	0	0	0	0	0	0	0	0	0	0	0	0	0	0	0	0	0	0	0	0	0	0	0	0	0	0	0	96	0	
0	0	0	0	0	0	0	0	0	0	0	0	0	0	0	0	0	0	0	0	0	500	0	0	0	0	0	0	0	0	0	0	0	0	0	0	0	0	0	0	0	0	0	48	0	0	0	0	0	0	0	0	0	0	0	0	0	0	0	0	0	0	0	0	0	96	0	0	0	0	0	0	0	0	0	0	48	0	0	0	0	0	0	0	0	0	48	0	0	0	
0	0	0	0	0	0	0	0	0	0	0	0	0	0	0	0	0	0	0	0	0	0	0	0	0	0	0	0	0	0	0	0	0	48	0	0	0	0	0	0	0	0	0	0	0	0	0	0	0	0	0	0	0	0	0	0	0	0	0	0	0	0	0	0	0	0	0	0	0	0	0	0	0	0	0	0	0	0	0	0	48	0	0	0	48	0	0	0	0	0	
0	0	0	0	0	0	0	0	0	0	0	0	48	0	0	0	0	0	0	0	0	0	0	0	0	0	0	0	0	0	0	0	0	0	0	0	0	96	0	0	0	0	0	0	0	0	0	0	0	0	0	0	0	0	0	0	0	0	0	0	0	0	0	0	0	0	0	0	0	0	0	0	0	0	0	0	0	0	0	0	0	0	0	0	0	0	0	96	192	0	
0	0	96	0	0	0	0	0	0	0	0	0	0	0	0	0	0	0	0	0	0	0	0	0	0	0	0	0	0	0	0	96	0	0	0	0	0	0	48	0	0	0	0	0	0	0	0	0	0	0	192	0	0	0	0	0	0	0	0	0	0	0	0	0	0	0	0	0	0	0	0	0	0	0	0	0	0	0	0	0	0	0	0	0	0	0	0	0	0	0	
0	0	0	0	0	0	0	0	0	0	0	0	0	0	0	0	0	0	0	0	0	0	0	0	0	0	0	0	0	0	0	0	0	0	0	0	0	0	0	0	0	0	0	0	0	0	0	0	0	0	0	0	0	0	0	0	0	0	0	0	0	0	0	0	96	0	0	0	0	0	0	48	0	0	0	0	0	0	0	0	0	0	0	0	0	0	0	0	0	0	
0	0	0	0	0	0	0	0	0	0	0	0	0	0	0	0	0	0	0	0	0	0	0	0	0	96	0	0	0	0	0	48	0	0	0	0	0	0	0	0	0	0	0	0	0	0	0	0	0	0	0	0	0	0	0	0	0	96	0	0	0	0	0	0	0	0	0	0	0	0	0	0	0	0	0	0	0	0	0	0	0	0	0	0	0	0	0	0	0	0	
0	0	0	0	0	0	0	0	0	0	0	500	0	0	0	0	0	0	0	0	0	0	0	0	0	0	0	0	0	0	0	0	0	0	500	0	0	0	0	0	0	0	0	0	0	0	0	0	0	0	0	0	0	500	0	0	0	0	0	0	0	0	0	0	0	0	0	0	0	0	0	0	0	0	0	0	0	0	0	0	0	0	0	0	0	0	0	0	0	0	
0	0	0	0	0	0	0	0	0	0	0	0	0	0	0	0	0	0	0	0	0	0	0	0	0	0	192	0	0	0	0	0	0	0	0	0	0	0	0	0	0	0	0	0	0	0	0	0	96	0	0	0	0	0	0	0	0	0	0	0	0	0	0	0	0	0	0	0	0	0	0	0	0	0	0	0	0	0	0	0	0	0	0	0	0	0	0	0	0	0	
0	0	0	0	0	0	0	0	0	0	500	0	0	500	0	0	0	0	0	0	0	0	0	0	0	0	0	0	0	0	0	0	0	0	0	0	0	0	0	0	0	0	0	0	0	0	0	0	0	0	0	0	0	0	0	0	0	0	0	500	0	0	0	0	0	0	0	0	0	0	0	0	0	0	0	0	0	0	0	0	0	0	0	0	0	0	0	0	0	0	
0	0	0	0	0	0	0	0	0	0	0	0	0	0	0	0	0	0	0	0	0	0	0	0	0	0	0	0	0	0	0	0	0	0	0	0	0	0	0	0	0	0	0	0	0	0	0	0	0	0	0	0	0	0	0	0	0	0	0	0	0	0	0	0	0	0	0	0	0	0	0	0	48	0	0	0	0	0	0	0	0	0	0	0	0	0	0	96	192	0	
0	0	0	0	0	0	0	0	0	0	0	0	0	0	0	0	0	0	0	0	0	0	0	0	0	0	0	0	0	0	0	0	0	0	0	0	0	0	0	0	0	0	0	0	0	0	0	0	0	0	0	0	0	0	0	0	0	0	0	0	0	0	0	192	0	0	0	0	192	0	0	0	0	0	0	0	0	0	0	0	0	0	0	0	0	0	0	0	0	0	
0	0	0	0	0	0	0	0	0	0	0	0	0	0	0	0	0	0	0	0	0	0	0	0	0	0	0	0	0	0	0	0	0	0	0	0	0	0	0	0	0	0	0	0	0	0	0	0	0	0	0	0	500	0	0	0	0	0	0	0	0	0	0	0	0	0	0	0	0	0	0	0	0	500	0	0	0	0	0	0	0	0	0	0	0	0	0	0	0	0	
0	0	0	0	0	0	0	0	0	0	0	0	0	0	0	0	0	0	96	0	0	0	0	0	0	0	0	0	0	0	0	0	0	0	0	0	0	0	0	0	0	0	0	0	0	0	0	0	0	0	0	0	0	0	0	0	0	0	0	0	0	0	0	0	0	0	0	0	0	0	0	0	0	0	0	0	0	0	0	0	0	0	0	0	0	0	0	0	0	192	
0	0	0	0	0	0	0	0	0	0	0	0	0	0	0	0	0	0	0	0	192	0	0	0	0	0	0	48	0	0	0	0	0	0	0	0	0	0	0	0	0	0	0	0	0	0	0	0	96	0	0	0	0	0	0	0	0	0	0	0	0	0	0	0	0	0	0	0	0	0	192	0	0	0	0	48	0	0	0	0	0	0	0	0	0	0	0	0	0	0	
0	0	0	0	0	0	48	0	0	500	0	0	0	0	0	0	0	0	0	0	0	0	0	0	0	0	48	0	0	0	0	0	0	0	0	0	0	0	0	0	0	0	0	0	0	0	0	0	0	0	0	0	0	0	0	0	0	0	0	0	0	0	0	0	0	0	0	0	0	0	48	0	0	0	0	0	0	0	0	0	0	0	0	0	0	0	0	0	0	0	
0	0	0	0	0	0	0	0	0	0	0	0	0	0	0	0	0	0	0	0	0	0	0	0	0	0	0	0	0	0	0	0	0	0	0	0	0	0	0	0	500	0	0	0	0	0	0	0	0	0	0	0	0	0	0	0	0	0	0	0	0	0	0	0	0	0	0	0	0	0	0	0	0	0	0	48	0	0	0	0	0	0	0	0	0	0	0	0	0	0	
0	0	0	0	96	0	0	0	0	0	0	0	0	0	0	0	0	0	0	0	0	0	0	0	0	0	0	0	0	0	0	0	0	0	0	0	0	0	0	0	500	192	0	0	0	0	0	0	0	0	0	0	0	0	0	0	0	0	0	0	0	0	0	0	0	0	0	0	0	0	500	0	0	0	0	0	0	0	0	192	0	0	0	0	0	0	0	0	0	0	
0	192	0	0	0	0	0	0	0	0	0	0	0	0	0	0	0	0	0	0	0	0	0	0	0	0	0	0	0	0	0	0	0	0	0	96	0	0	0	500	0	0	0	0	0	0	0	0	0	0	0	0	0	0	0	0	0	0	0	0	96	0	0	0	0	0	0	0	0	0	0	0	0	0	0	0	0	0	96	0	0	0	0	0	0	0	0	0	0	0	
0	0	0	0	0	0	0	0	0	0	0	0	0	0	0	0	96	0	48	0	0	0	0	0	0	0	0	0	0	0	0	0	0	0	0	0	0	0	0	0	0	0	0	0	0	0	0	0	0	0	192	0	0	0	0	0	0	0	0	0	0	0	0	0	0	0	0	0	0	0	0	0	0	0	0	0	0	0	0	0	0	0	0	0	0	0	0	0	0	0	
0	0	0	0	0	0	0	0	0	0	0	0	0	0	0	0	0	0	0	0	0	0	0	0	0	0	0	0	0	0	0	0	0	0	0	0	0	0	0	0	0	0	0	0	0	0	0	0	0	0	0	0	0	192	0	0	0	0	0	0	0	0	0	0	0	0	0	0	0	0	0	0	0	0	0	0	0	0	500	0	0	0	0	0	0	0	0	0	0	0	
0	0	0	0	0	0	0	0	0	0	0	0	0	0	48	0	0	0	0	0	0	0	0	0	0	0	0	0	0	0	0	0	0	0	0	0	0	0	0	0	0	0	0	96	0	0	0	0	0	0	0	0	0	0	0	0	0	0	0	0	0	0	0	0	0	192	0	0	0	0	0	0	0	0	0	0	0	0	0	0	0	0	0	0	0	0	0	0	0	0	
0	0	0	0	0	0	0	500	0	0	0	0	0	0	0	0	0	0	0	500	0	0	0	0	0	0	0	0	0	0	0	0	0	0	0	0	0	0	0	0	0	0	0	0	0	0	0	0	0	0	0	0	0	0	0	0	0	0	0	0	0	0	0	0	0	0	0	0	0	0	0	0	0	0	0	0	0	0	0	0	0	0	0	0	0	0	0	0	0	0	
0	0	0	0	0	0	0	48	0	0	0	0	0	0	0	0	0	0	0	0	0	0	0	0	0	0	0	0	0	0	96	0	0	0	0	0	0	0	0	0	0	0	0	0	0	0	0	0	0	500	0	96	0	0	0	0	0	0	0	0	0	0	0	0	0	0	0	0	0	0	0	0	0	0	0	0	0	0	96	0	0	0	0	0	0	0	0	0	0	0	
0	0	0	0	0	0	0	0	0	0	0	0	0	0	0	0	0	0	0	0	0	0	0	0	0	0	0	0	0	0	0	0	0	0	0	0	0	0	0	0	0	0	0	0	0	500	0	0	0	0	0	0	0	0	192	0	0	0	0	0	0	0	0	0	192	0	0	0	0	0	0	500	0	0	0	0	0	0	0	0	0	0	0	0	0	0	0	0	0	0	
0	0	0	0	0	0	0	0	0	0	0	0	0	0	0	96	0	0	0	0	0	0	0	0	0	0	0	0	0	0	0	0	0	0	0	0	0	0	0	0	0	0	0	0	0	0	0	0	0	0	0	0	0	0	0	500	0	0	0	0	0	0	0	0	0	0	0	0	0	0	0	0	0	0	0	0	0	0	0	0	0	0	0	0	0	0	0	0	0	0	
0	0	192	0	0	0	0	0	0	0	0	0	0	0	0	0	48	0	0	0	0	0	0	0	0	0	0	0	0	0	0	0	0	0	0	0	0	0	0	0	0	0	0	0	0	0	0	0	0	0	0	0	0	0	0	0	0	0	0	0	0	0	0	0	0	0	0	0	0	0	0	0	0	0	0	0	0	0	0	0	0	0	0	0	0	0	0	0	0	0	
0	48	0	0	0	0	0	0	0	0	0	0	0	0	0	0	0	0	0	0	0	0	0	0	0	0	0	0	0	0	500	0	0	0	0	0	0	0	0	0	0	0	0	0	0	0	0	0	0	0	0	0	0	0	0	0	0	0	0	0	0	0	0	0	0	0	0	0	0	0	0	0	0	0	0	0	0	0	0	0	0	0	0	0	0	0	0	0	0	0	
0	0	0	0	0	0	0	0	0	0	0	0	0	0	0	0	0	0	0	0	0	0	0	0	0	0	0	0	500	500	0	0	0	0	0	0	0	0	0	0	0	0	0	0	0	0	0	0	0	0	0	0	0	0	0	0	0	0	0	0	0	0	0	0	0	0	0	0	0	0	0	0	0	0	0	0	0	0	0	0	0	0	0	0	0	0	0	0	0	0	
0	0	0	0	0	0	0	0	0	0	0	0	0	0	0	0	0	0	0	0	0	0	0	0	0	0	0	0	0	192	0	0	0	0	0	0	0	0	0	0	0	0	0	0	0	0	0	0	0	0	0	0	0	0	0	0	0	0	0	0	0	0	0	0	0	0	0	0	0	0	0	0	0	0	0	0	0	0	0	0	96	0	0	0	48	0	0	0	0	0	
0	0	0	0	0	0	0	0	48	0	0	0	0	0	0	0	0	0	0	0	0	0	0	0	0	0	0	0	0	0	0	0	0	0	0	0	0	0	0	0	0	0	0	0	0	0	192	96	0	0	0	0	0	0	0	0	0	0	0	0	0	0	0	0	0	0	0	0	0	0	0	0	0	0	0	0	0	0	0	0	0	0	0	0	0	48	0	0	0	0	
0	0	0	0	0	0	0	0	0	0	0	0	0	48	0	0	0	0	0	0	0	0	0	0	0	0	0	0	0	0	0	0	0	96	0	0	0	0	0	0	0	0	0	0	0	0	0	0	0	0	0	0	0	0	0	0	0	0	0	0	0	0	0	0	0	0	0	0	0	0	0	0	0	0	0	0	0	0	0	0	0	0	0	0	0	0	0	0	0	0	
0	0	0	0	0	0	0	0	0	0	0	0	0	0	0	0	0	0	0	0	0	0	0	0	0	0	0	0	0	0	0	0	0	0	0	0	0	0	0	0	0	0	0	0	0	0	0	0	0	0	0	0	0	0	0	0	0	0	96	0	0	0	0	0	0	0	0	0	0	500	0	0	0	0	0	0	0	0	0	0	0	0	0	0	0	0	0	0	0	0	
96	0	0	0	0	0	0	0	0	0	0	0	0	0	0	0	0	0	0	0	0	0	0	0	0	0	0	0	0	0	0	0	0	0	0	0	500	0	0	0	0	0	0	0	0	0	192	0	0	0	0	0	0	0	48	0	0	0	0	0	0	0	0	0	0	0	0	0	0	0	0	0	0	0	0	0	0	48	0	0	0	0	0	0	0	0	0	0	0	0	
0	0	0	0	0	0	0	0	0	0	0	0	0	0	0	0	0	0	0	0	0	0	0	0	0	0	0	0	0	0	0	0	0	0	0	0	0	0	0	0	0	0	192	0	0	192	0	0	0	0	0	0	0	0	0	0	0	0	0	0	0	0	0	0	0	0	0	0	0	0	0	0	0	0	0	0	0	192	0	0	0	0	0	0	0	0	0	0	0	0	
0	0	0	0	0	0	0	0	0	0	0	0	0	0	0	0	0	0	0	0	0	0	0	0	0	0	0	0	0	0	0	0	0	0	0	0	0	0	0	0	0	0	96	0	0	0	0	0	0	0	0	0	0	0	0	0	0	0	0	0	0	0	0	0	0	0	0	0	0	0	0	0	0	0	0	0	0	0	0	0	0	0	0	0	0	96	0	0	0	0	
0	0	0	0	0	0	0	0	0	0	0	0	0	0	0	0	0	0	0	0	96	0	0	0	0	0	96	0	0	0	0	0	0	0	0	0	0	0	0	0	0	0	0	0	0	0	0	0	0	0	0	0	0	0	0	0	0	0	0	0	0	0	0	0	0	0	0	0	0	0	0	0	0	0	0	0	0	0	0	0	0	0	0	0	0	0	0	0	0	0	
0	0	0	0	0	0	0	0	0	0	0	192	0	0	0	0	0	0	0	0	0	0	0	0	0	0	0	0	0	0	0	0	0	0	0	500	0	0	0	0	0	0	0	0	0	0	0	0	0	0	0	0	0	0	0	0	0	0	0	0	0	0	0	0	0	0	0	0	0	0	0	0	0	0	0	0	0	0	0	0	0	0	0	0	0	0	0	0	0	0	
0	0	0	0	0	0	0	0	0	0	0	0	0	0	0	0	192	0	0	0	0	0	0	0	0	0	0	0	0	0	0	192	0	0	0	0	0	0	0	0	0	0	0	0	0	0	0	0	0	0	0	0	0	0	0	0	0	0	0	0	0	0	0	0	0	0	0	0	0	0	0	0	0	0	0	0	0	0	0	0	0	0	0	0	0	0	0	0	0	0	
0	0	0	0	0	0	0	0	0	0	0	0	0	0	0	0	0	0	0	0	0	0	0	0	0	0	0	0	0	0	0	0	0	0	0	96	0	0	0	0	0	0	0	0	0	0	0	0	0	0	0	0	0	0	0	0	0	0	0	0	0	0	0	0	0	0	0	0	192	0	0	0	0	0	0	0	0	0	0	0	0	0	0	0	0	0	0	0	0	0	
0	0	0	0	0	0	0	0	0	0	0	0	0	0	0	0	0	0	0	0	0	0	0	0	500	0	0	0	0	0	0	0	0	0	0	0	0	0	0	0	0	0	0	0	0	0	0	0	0	0	0	0	0	0	0	0	0	0	0	0	0	0	0	0	0	0	0	0	0	0	0	0	0	192	0	0	0	0	0	0	0	0	0	0	0	0	0	0	0	0	
0	0	0	0	0	0	0	0	0	0	0	48	0	0	0	0	0	0	0	500	0	0	0	0	0	0	0	0	0	0	0	0	192	0	0	0	0	0	0	0	0	0	0	0	0	0	0	0	0	0	0	0	0	0	0	0	0	0	0	0	0	0	0	0	0	0	0	0	0	0	0	0	0	0	0	0	0	0	0	0	0	0	0	0	0	0	0	0	0	0	
96	0	0	0	0	48	0	0	0	0	0	0	0	0	0	0	0	0	0	0	0	0	0	0	0	0	0	0	0	0	0	0	0	0	0	0	192	0	0	0	0	0	0	0	0	48	0	0	0	0	0	0	0	0	0	0	0	0	0	0	0	0	48	0	0	0	0	0	0	0	0	0	0	0	0	0	0	0	0	0	0	0	0	0	0	0	0	0	0	0	
0	0	192	0	0	0	0	0	0	0	0	0	0	0	0	0	0	0	0	0	0	0	0	0	0	0	0	0	0	0	0	0	0	0	0	0	0	500	0	0	0	0	0	0	0	0	0	0	0	0	0	0	0	0	0	0	500	0	0	0	0	0	0	0	0	0	0	96	0	0	0	0	0	0	48	0	0	0	0	0	0	0	0	0	0	0	0	0	0	0	
0	0	0	0	0	0	0	0	0	0	0	0	0	0	0	0	0	0	0	0	0	0	0	0	0	0	0	0	0	0	0	0	0	0	0	0	0	0	0	0	0	0	0	0	0	0	0	0	0	0	0	0	0	0	0	500	0	96	0	0	0	0	0	0	0	0	0	192	0	0	0	0	0	0	500	0	0	0	0	0	0	0	0	0	0	0	0	0	0	192	
0	0	0	0	0	0	0	0	0	0	0	0	0	0	0	0	0	0	96	0	0	0	0	0	0	0	0	0	0	0	0	0	0	0	0	0	0	0	0	0	0	0	0	0	0	0	0	0	0	0	0	0	0	0	0	0	96	0	0	0	0	192	0	0	0	0	0	0	0	0	0	0	0	0	0	0	0	0	0	0	0	0	0	0	0	0	0	0	0	0	
0	0	0	0	0	0	0	0	0	0	0	0	0	0	0	0	0	0	0	0	0	0	0	0	0	0	0	0	0	0	0	0	0	0	0	0	0	0	0	0	0	0	0	0	96	0	0	0	0	0	0	0	0	0	0	0	0	0	0	0	0	0	0	0	0	0	500	0	0	96	0	0	500	0	0	0	0	0	0	0	0	192	0	0	0	0	0	0	0	0	
0	0	0	0	0	0	0	0	0	0	48	0	0	0	0	0	0	0	0	0	0	500	0	0	0	0	0	0	0	0	0	0	0	0	0	0	0	0	0	0	0	0	0	0	0	0	0	0	0	0	0	0	0	0	0	0	0	0	0	0	0	0	0	0	0	0	0	0	0	0	0	0	0	0	0	0	0	0	0	0	0	0	0	0	0	0	0	0	0	0	
0	0	0	0	0	0	0	0	0	0	0	0	0	0	0	0	0	0	0	0	0	0	0	0	0	0	0	0	0	0	96	0	0	0	0	0	0	0	0	0	0	0	0	0	0	0	0	0	0	0	0	0	0	0	0	0	0	0	0	0	0	0	0	0	0	0	0	0	0	0	0	0	0	0	0	0	192	0	0	0	0	0	0	0	0	0	0	0	0	0	
0	0	0	0	0	0	0	0	0	0	0	0	0	0	0	0	0	0	0	0	0	0	0	0	0	0	0	0	0	0	0	0	0	0	0	0	0	0	0	0	0	0	0	0	0	0	0	0	0	0	0	0	0	0	0	0	0	192	0	0	0	0	0	0	0	0	0	0	0	0	0	0	0	0	500	0	0	0	0	0	0	0	0	0	0	0	0	0	0	0	
0	0	0	0	0	0	0	0	0	0	0	0	0	0	0	0	0	0	0	0	0	0	0	0	0	0	0	0	0	0	0	0	0	0	0	0	0	0	0	0	0	0	0	0	0	0	0	0	0	0	0	0	0	0	48	0	0	0	0	0	0	0	0	0	48	500	0	0	0	0	0	0	0	0	0	0	0	96	0	0	0	0	0	0	0	0	0	0	0	0	
0	0	0	0	0	0	0	0	0	0	0	0	0	0	0	0	0	0	0	0	0	0	0	192	0	0	0	0	0	0	0	0	0	0	0	0	0	0	0	0	0	0	0	0	0	0	0	0	0	0	0	0	0	0	0	0	0	0	0	0	0	0	0	0	0	0	0	96	0	500	0	0	0	0	0	0	0	0	0	0	0	0	0	48	0	0	0	0	0	0	
0	0	0	192	0	0	0	0	0	0	0	0	0	0	0	0	0	96	0	0	0	0	0	0	0	0	0	0	0	0	0	0	0	0	0	0	192	0	0	0	0	0	0	0	0	0	0	0	0	0	0	0	0	0	0	0	0	0	0	0	0	0	48	0	0	0	0	0	0	0	0	0	0	0	0	0	0	0	0	0	0	0	0	0	0	0	0	0	0	0	
0	0	0	0	0	0	0	0	0	0	0	0	0	96	0	0	0	0	0	0	0	0	0	0	0	0	0	0	0	0	0	0	0	192	0	0	0	0	0	0	0	0	0	0	0	0	0	0	0	0	0	0	0	0	0	0	0	0	0	0	0	0	500	0	0	0	0	0	0	0	0	0	0	0	0	0	0	0	0	0	0	0	0	0	0	0	0	0	0	0	
0	0	0	0	0	0	0	0	0	0	0	0	0	0	0	0	0	0	0	0	0	0	0	0	0	0	0	0	0	0	0	0	0	0	0	0	0	0	0	0	0	0	0	0	0	0	0	0	0	0	0	0	0	0	0	0	0	0	500	0	0	0	0	0	0	0	0	192	0	0	0	0	0	0	0	0	0	0	0	0	0	192	192	0	0	0	0	0	0	0	
0	0	0	0	0	0	0	0	0	0	0	0	0	0	0	0	0	0	0	0	0	0	0	0	0	0	0	0	0	0	0	0	0	0	0	0	0	0	0	0	0	0	0	0	0	0	0	0	0	0	0	0	0	0	0	96	192	0	0	0	0	0	0	96	0	0	192	0	0	0	0	0	0	0	0	0	0	0	0	0	0	0	0	500	0	0	0	0	0	0	
0	0	0	0	0	0	0	0	0	0	0	0	0	0	0	0	0	0	0	0	0	0	0	192	0	0	0	0	0	0	0	0	0	0	0	0	0	0	0	0	0	0	0	0	0	0	0	0	0	0	0	192	0	0	0	0	0	0	0	0	0	0	0	0	0	0	0	0	0	0	0	0	0	0	0	0	0	0	0	0	0	0	0	0	0	0	0	0	0	0	
0	0	0	0	0	0	0	0	0	0	0	0	0	0	0	0	0	0	0	0	0	0	0	0	0	0	0	0	0	0	0	0	0	0	0	0	0	0	0	0	0	0	0	0	500	0	0	0	0	0	0	0	0	0	0	0	0	0	96	0	0	0	0	500	0	0	0	0	0	0	0	0	0	0	0	0	0	0	0	0	0	0	0	0	0	0	0	0	0	0	
0	0	0	0	0	0	0	0	0	0	0	0	0	0	0	0	0	0	0	0	0	0	0	0	0	0	192	48	0	500	0	0	0	0	0	0	0	0	0	0	0	0	0	0	0	0	0	0	0	0	0	0	0	0	0	0	0	0	0	0	0	0	0	0	0	0	0	0	0	0	0	0	0	0	0	0	0	0	0	0	0	0	0	0	0	0	0	0	0	0	
0	0	0	192	0	0	0	0	0	0	0	0	0	0	0	0	0	48	0	0	0	0	0	0	0	0	0	0	0	0	0	0	0	0	0	0	500	0	0	0	0	0	0	0	0	0	0	0	0	0	0	0	0	0	0	0	0	0	0	0	0	0	0	0	0	0	0	0	0	0	0	0	0	0	0	0	0	0	0	0	0	0	0	0	0	0	0	0	0	0	
0	0	0	0	0	0	0	0	0	0	0	0	0	0	0	0	0	0	0	0	0	0	48	0	0	0	0	0	0	0	0	0	0	0	0	0	0	0	0	0	0	0	0	0	0	0	0	0	0	0	0	0	0	0	0	0	0	0	500	0	0	0	0	0	0	0	0	0	0	0	0	0	0	0	0	0	0	0	0	0	0	0	0	0	0	0	0	0	0	0	
0	0	0	0	0	0	0	0	0	0	0	0	0	0	0	0	0	0	0	0	0	0	0	0	500	0	0	0	0	0	0	0	0	0	0	0	0	0	0	0	0	0	0	0	0	0	0	0	0	0	0	0	192	0	0	0	0	0	0	0	0	0	0	0	0	0	0	0	0	0	0	0	0	0	0	0	0	0	0	0	0	0	96	0	0	0	0	0	0	0	
0	0	0	0	0	0	0	0	0	0	0	0	0	0	0	0	0	0	0	0	0	0	0	0	0	0	0	0	0	0	0	0	0	0	0	0	0	0	0	0	0	0	0	0	0	0	0	0	0	0	0	0	0	0	0	48	500	0	0	0	0	500	0	0	0	0	0	0	0	0	0	0	0	0	0	0	0	0	0	0	0	0	0	0	0	0	0	0	0	0	
0	0	0	0	0	0	0	0	0	0	0	0	0	0	0	0	0	0	0	0	0	0	0	0	0	0	48	0	48	0	0	0	0	0	0	0	0	0	0	0	0	0	0	0	0	0	0	0	0	0	0	0	0	0	0	0	0	0	0	0	0	0	0	0	0	0	0	0	0	0	0	0	0	0	0	0	0	0	0	0	0	0	0	0	0	0	0	0	0	0	
0	0	0	0	0	0	0	0	0	0	0	0	0	48	0	0	0	0	0	0	0	0	0	0	0	0	0	0	0	0	0	0	0	0	0	0	0	0	0	0	0	0	0	0	0	0	0	0	0	0	0	0	0	0	0	0	0	0	0	0	192	0	0	0	0	0	0	0	0	0	0	0	0	0	0	0	0	0	0	0	0	0	0	0	0	0	0	0	0	0	
0	0	0	0	0	0	0	0	0	0	0	0	0	0	0	0	0	0	0	0	0	0	0	0	0	0	0	0	0	0	0	0	0	0	0	0	0	0	0	0	0	0	0	0	0	48	192	0	0	0	0	0	0	0	0	0	0	0	0	0	0	0	96	0	0	0	0	0	0	0	0	0	0	0	0	0	0	0	0	0	0	0	0	0	0	0	0	0	0	0	
0	0	0	0	0	0	0	0	0	500	0	0	0	0	0	0	0	0	0	0	0	0	0	0	0	0	0	0	0	0	96	0	500	0	0	96	0	0	0	0	0	0	0	0	0	0	0	0	0	0	0	0	0	0	0	0	0	0	0	0	0	0	0	0	0	0	0	0	0	0	0	0	0	0	0	0	0	0	0	0	0	0	0	0	0	0	0	0	0	0	
0	0	0	0	48	0	0	0	0	0	0	0	0	0	0	0	0	0	0	0	0	0	0	0	0	0	0	0	0	192	0	0	0	0	0	0	0	0	0	0	0	0	0	0	0	0	0	0	0	0	0	0	0	0	0	0	0	0	0	0	0	0	0	0	0	0	0	0	0	0	0	0	0	0	0	0	0	0	0	0	0	0	0	0	0	500	0	0	0	0	
0	0	0	0	0	0	0	0	0	0	0	0	0	0	48	0	0	0	0	0	0	0	0	0	0	0	0	0	0	0	0	0	0	0	0	0	0	0	0	0	0	96	0	0	0	0	0	0	0	0	0	0	0	0	0	0	0	0	0	0	0	0	0	0	0	0	0	0	0	0	0	0	0	0	0	0	0	0	0	0	0	0	0	0	0	0	0	0	0	0	
0	0	0	0	0	0	0	0	0	0	0	0	0	0	0	0	0	0	0	0	0	0	0	0	0	0	0	0	0	0	0	0	0	0	0	0	0	0	0	0	0	0	0	0	0	0	0	0	0	0	0	0	0	0	0	0	0	0	192	0	0	0	0	0	0	0	192	0	0	0	0	0	0	0	0	0	0	0	0	0	0	0	0	0	0	0	0	0	0	0	
0	0	0	0	0	0	0	0	0	0	0	0	0	0	0	0	0	0	0	0	0	0	0	0	0	0	0	0	0	0	0	0	0	0	0	0	0	0	0	0	0	0	0	0	0	0	0	0	0	0	0	0	0	0	0	0	0	0	0	0	0	0	0	0	0	0	192	0	0	0	0	0	0	96	0	0	0	0	0	0	0	0	0	0	0	0	0	0	0	0	
0	0	0	0	0	0	0	0	0	0	0	0	0	0	0	0	0	0	0	0	0	0	0	0	0	0	0	0	0	0	0	0	0	0	0	0	0	0	0	0	0	0	0	0	0	0	0	0	0	0	0	0	0	0	0	0	0	0	0	0	0	0	0	48	0	0	0	500	0	0	0	0	0	0	0	0	0	0	0	0	0	0	0	0	0	0	0	0	0	0	
0	0	0	0	0	0	0	0	0	0	0	0	0	0	48	0	0	0	0	0	0	0	0	0	0	0	0	0	0	0	0	0	0	0	0	0	0	0	0	0	0	48	0	0	0	0	0	0	0	0	0	0	0	0	0	0	0	0	0	0	0	0	0	0	0	0	0	0	0	0	0	0	0	0	0	0	0	0	0	0	0	0	0	0	0	0	0	0	0	0	
0	0	0	0	0	0	0	0	192	0	0	0	0	0	0	0	0	0	0	0	0	0	0	0	0	0	0	0	0	0	0	0	0	0	0	0	0	0	0	0	0	0	48	0	0	0	0	96	0	0	0	0	0	0	0	0	0	0	0	0	0	0	0	0	0	0	0	0	0	0	0	0	0	0	0	0	0	0	0	500	0	0	0	0	0	0	192	0	0	0	
0	0	0	0	0	500	0	0	0	0	0	0	0	48	0	0	0	0	0	0	0	0	0	0	0	0	0	0	0	0	0	0	0	0	0	0	0	0	0	0	0	0	0	0	0	0	0	0	0	0	0	0	0	0	0	0	0	0	0	0	0	0	0	0	0	0	0	0	0	0	0	0	0	0	0	0	0	0	0	0	0	0	0	0	0	192	0	0	0	0	
0	0	0	0	0	0	0	0	0	0	0	0	0	0	0	96	0	0	0	0	0	0	96	0	0	0	0	0	0	0	0	0	0	0	0	0	0	0	0	0	0	0	0	0	0	0	0	0	0	0	0	0	0	0	0	0	0	0	0	0	0	0	0	0	0	0	0	0	0	0	0	0	0	0	0	0	0	0	0	0	0	0	0	0	0	0	0	0	0	0	
0	0	0	0	0	0	0	0	0	0	0	0	96	0	0	192	0	0	0	0	0	0	192	0	0	0	0	0	0	0	0	0	0	0	0	0	0	0	0	0	0	0	0	0	0	0	0	0	0	0	0	0	0	0	0	0	0	0	0	0	0	0	0	0	0	0	0	0	0	0	0	0	0	0	0	0	0	0	0	0	0	0	0	0	0	0	0	0	0	0	
0	0	0	0	0	0	0	0	0	0	0	0	0	0	0	0	0	0	0	0	0	0	0	0	0	192	0	0	0	0	0	0	0	0	0	0	0	0	0	0	0	0	0	0	0	0	0	0	0	0	0	0	0	0	0	0	192	0	0	0	0	0	0	0	0	0	0	0	0	0	0	0	0	0	0	0	0	0	0	0	0	0	0	0	0	0	0	0	0	0	
89	86	62	89	57	25	2	87	85	24	77	48	44	63	81	36	46	42	15	80	20	60	43	41	26	34	62	1	36	0	50	75	51	66	9	49	14	28	8	10	54	18	25	9	64	13	43	82	44	2	57	86	11	83	31	50	19	72	61	57	29	85	10	19	56	55	59	13	11	23	0	10	38	46	82	58	8	0	9	14	17	44	37	88	76	3	42	27	50	45	12	4	72	12	0	17	65	9	80	37	19	82	44	47	89	81	42	71	28	86	42	68	33	48	28	45	15	54	50	28	5	7	79	88	44	16	3	36	58	88	54	16	32	78	22	7	5	13	51	34	18	54	26	41	70	62	87	31	59	36	13	31	27	35	55	7	13	86	68	43	11	84	37	1	86	80	82	46	25	85	1	85	24	66	17	73	0	80	6	14	13	4	3	2	13	5	85	89	39	78	3	8	68	59	85	64	86	54	24	34	31	79	39	22	30	3	78	66	63	52	23	51	21	18	85	0	21	60	47	48	84	79	37	4	17	75	0	76	74	61	78	36	0	58	39	0	0	17	5	62	57	54	28	30	52	59	51	10	14	0	12	32	44	46	54	88	26	14	26	14	37	80	44	38	82	2	74	68	0	72	41	38	42	52	78	16	1	9	40	80	53	66	43	9	53	47	29	50	56	20	30	32	19	85	78	89	59	48	20	32	2	58	62	66	86	24	58	59	4	12	34	8	40	52	18	45	15	56	24	37	76	73	86	9	14	30	46	67	7	10	31	38	72	29	41	9	61	26	30	45	46	40	89	38	12	19	82	18	64	35	6	32	66	63	77	3	75	85	30	46	75	17	81	56	75	54	44	39	35	28	52	47	89	65	7	49	46	29	36	76	88	55	39	87	84	36	59	81	72	41	76	84	47	57	46	68	88	17	44	26	69	4	6	19	12	67	24	10	20	45	28	23	65	89	16	87	12	54	88	37	82	41	78	59	80	5	81	28	87	61	7	45	41	22	47	42	73	10	24	75	77	49	30	0	47	9	73	15	7	15	64	20	75	59	1	29	54	11	68	16	28	76	86	46	20	48	52	68	53	55	63	42	32	12	18	71	12	58	5	5	30	55	35	89	13	65	80	68	37	56	72	84	75	26	69	14	58	52	1	81	19	74	25	57	9	77	47	33	20	37	64	32	61	64	65	46	55	41	29	54	81	14	59	18	12	71	27	15	51	16	42	56	25	40	64	0	3	54	8	34	41	6	29	80	60	14	30	24	87	40	82	37	73	37	3	74	85	85	24	9	43	74	49	45	48	15	64	25	59	78	41	50	45	20	60	26	23	49	9	15	72	33	43	9	75	8	50	39	4	47	17	70	20	36	5	23	58	69	81	19	71	31	37	49	18	60	34	12	74	59	52	70	78	84	48	20	64	85	10	60	81	21	80	77	42	44	57	56	32	68	89	41	2	80	59	89	4	88	16	21	29	16	42	73	75	81	73	37	2	45	14	25	34	60	88	78	71	80	87	22	24	8	62	57	11	3	75	56	71	85	76	20	29	64	35	1	34	80	8	38	47	56	50	80	11	46	23	66	3	8	70	76	11	17	64	37	66	49	50	16	17	16	75	77	35	3	21	85	21	52	1	88	79	83	77	23	73	49	23	1	70	79	63	8	52	75	61	61	48	2	55	19	82	31	3	61	43	75	40	29	89	66	16	65	75	6	77	0	11	33	69	31	70	4	46	63	29	73	27	83	18	21	66	49	47	22	7	45	5	64	82	88	36	80	37	35	89	68	16	79	71	68	47	50	56	15	69	21	9	63	26	77	42	72	40	82	72	49	59	89	81	40	15	43	20	81	28	56	0	61	48	46	37	27	4	19	4	86	22	46	51	18	24	20	1	44	56	70	44	69	36	70	59	65	1	40	4	24	55	6	64	48	57	59	73	64	12	10	73	89	52	15	37	0	3	61	46	89	74	5	15	71	2	61	1	13	6	64	46	79	0	49	63	7	10	85	45	68	44	74	53	14	44	86	26	71	11	2	55	80	66	19	53	25	22	16	64	36	3	83	35	28	11	55	57	75	59	1	27	3	76	15	86	3	68	46	78	23	38	67	7	89	8	14	38	76	68	16	37	24	58	66	39	25	60	0	23	52	7	63	81	29	65	63	60	30	76	43	80	16	42	58	53	79	53	40	38	17	17	20	80	39	46	69	20	49	33	32	23	9	74	49	77	12	83	14	35	65	56	53	4	6	87	43	63	30	76	73	15	88	31	6	55	45	31	77	39	55	74	45	26	80	70	27	3	30	5	25	79	82	65	51	7	71	57	70	24	85	61	89	37	0	69	31	40	22	85	59	72	25	77	81	10	66	59	61	89	55	85	62	64	51	78	7	42	78	8	34	87	46	63	48	66	78	21	70	4	24	68	71	0	19	6	41	27	37	89	31	44	50	18	4	66	36	67	68	15	13	20	76	32	56	47	16	88	22	34	3	6	23	68	82	71	19	9	67	55	39	45	1	11	71	40	15	39	7	82	30	59	13	43	80	18	4	87	68	65	84	1	75	26	89	35	77	68	70	66	52	63	53	87	23	64	23	43	55	67	28	21	41	69	66	59	24	24	36	58	64	65	46	58	73	16	6	41	14	49	61	63	38	23	49	2	87	77	34	82	11	6	61	23	84	1	38	42	54	10	33	15	79	58	61	0	65	62	24	59	58	1	56	46	17	2	0	26	57	18	2	43	29	31	6	71	23	28	7	48	58	45	65	40	89	14	12	79	26	26	17	57	79	66	33	89	39	60	58	51	88	47	63	79	4	4	87	39	29	14	19	51	84	2	5	82	54	1	49	82	5	76	55	8	54	34	40	66	72	77	16	51	73	42	25	66	76	2	24	75	62	26	54	25	35	45	15	40	48	71	63	71	70	1	12	66	47	64	56	51	10	23	16	74	64	73	31	67	41	85	41	77	8	44	2	26	44	47	50	62	31	22	11	13	16	32	40	17	27	34	52	8	1	55	47	13	35	2	63	58	47	35	30	86	14	29	0	36	3	77	16	22	69	4	59	70	80	51	21	23	53	5	84	85	13	47	65	12	46	5	76	4	71	18	43	3	58	48	26	21	70	5	40	84	56	77	82	21	60	42	25	50	17	45	49	75	22	66	51	54	79	34	58	67	87	86	70	62	17	73	53	37	15	88	22	25	34	39	53	26	13	67	16	64	60	26	0	49	86	0	65	7	6	76	55	32	64	29	65	51	47	73	45	66	11	19	15	6	77	40	32	52	4	87	64	47	69	17	83	65	1	81	80	33	63	4	55	55	60	5	18	40	26	18	80	82	19	36	89	3	63	50	1	81	3	79	35	54	10	76	6	87	12	9	60	16	56	64	22	11	51	74	63	86	19	65	24	43	13	36	19	71	50	38	4	72	67	15	7	53	48	84	13	1	81	39	76	4	42	40	17	54	5	26	84	66	86	14	37	21	61	64	65	3	22	66	22	13	81	43	34	33	45	19	75	57	3	45	8	78	78	6	14	76	79	19	67	50	22	88	1	72	31	14	10	45	29	29	36	35	23	53	6	42	84	23	73	35	24	86	9	14	52	16	66	34	59	16	60	5	65	2	68	80	89	29	14	72	55	61	0	39	48	13	59	54	41	83	63	5	22	50	43	57	28	46	71	2	20	83	41	4	11	80	23	27	21	88	32	57	60	50	83	71	17	75	1	43	57	69	23	25	55	79	0	1	58	60	83	27	4	19	66	85	89	29	32	51	74	61	54	74	20	64	62	24	14	28	66	65	27	50	17	67	17	69	25	0	26	42	74	9	85	56	23	68	23	6	52	36	29	25	43	72	83	65	5	44	88	29	46	12	89	78	8	17	56	71	14	28	0	46	16	3	59	74	66	81	42	65	55	46	48	41	52	48	45	39	73	16	34	42	3	30	48	41	73	19	42	57	14	51	44	40	60	59	67	51	67	25	24	85	29	63	3	69	79	44	63	30	43	2	10	43	7	85	53	0	80	49	57	12	87	36	30	3	82	76	1	55	8	39	35	44	20	37	56	88	71	40	13	24	73	67	73	12	14	68	70	21	89	87	53	70	34	61	22	86	69	20	2	40	39	13	50	1	0	56	87	69	8	12	52	81	46	79	10	89	12	45	76	67	82	3	14	29	5	85	88	77	75	36	46	0	36	87	39	26	47	70	62	78	41	15	50	73	25	29	69	74	47	63	39	34	30	39	88	54	55	82	15	46	64	18	19	69	67	69	67	80	19	61	40	78	62	22	81	76	70	61	37	18	17	14	26	56	84	89	63	3	74	26	48	43	16	21	70	45	7	8	4	42	3	85	6	48	26	9	15	44	65	44	77	86	66	52	3	30	30	19	12	49	27	63	67	56	83	11	83	78	17	59	22	80	43	34	16	46	11	31	16	61	62	58	53	62	68	53	37	6	19	83	77	64	72	85	46	37	56	60	27	56	59	22	72	65	30	46	40	43	62	69	52	81	50	70	46	12	11	73	15	61	38	65	53	18	2	67	45	64	89	51	58	40	25	37	42	57	18	13	52	18	79	83	1	82	76	52	16	80	39	12	75	59	45	39	88	69	51	55	30	15	63	34	54	88	65	84	5	41	77	0	22	29	17	62	27	34	28	61	28	71	34	0	14	76	10	51	76	6	12	24	69	34	32	80	73	73	55	40	11	63	81	61	14	47	44	45	82	5	51	72	52	36	50	26	79	75	5	85	59	71	43	46	46	15	66	73	2	79	55	60	36	10	10	81	87	43	25	24	60	47	44	49	63	45	75	58	56	32	83	15	29	61	19	87	21	3	47	68	85	60	47	26	47	31	16	26	30	75	40	54	27	56	51	73	28	58	72	61	12	8	43	87	44	28	10	31	58	83	37	33	21	76	83	86	30	16	63	58	5	32	44	18	33	76	53	12	15	55	7	17	5	63	31	3	64	40	71	24	37	27	0	47	56	23	47	40	26	24	34	53	72	65	17	64	62	2	23	13	81	12	47	72	4	77	25	1	65	67	0	41	15	85	5	68	60	51	7	27	27	24	87	75	9	60	20	74	74	76	13	64	21	73	58	20	81	37	89	54	31	78	32	62	57	53	26	61	17	32	27	38	83	86	7	0	72	62	27	24	53	87	5	34	83	35	20	7	25	75	88	53	4	53	49	46	51	75	26	18	76	34	61	21	79	81	44	80	47	66	9	59	49	87	59	77	46	47	85	7	67	88	9	48	66	43	31	65	45	37	75	84	23	19	17	58	75	77	72	11	1	24	27	70	38	62	58	78	65	81	45	84	9	38	6	11	86	34	25	85	25	83	55	45	23	71	21	15	46	43	63	29	83	5	47	25	86	72	57	9	28	15	52	39	0	76	42	16	42	78	25	72	47	17	28	46	36	47	63	63	50	41	87	26	87	78	56	69	79	87	26	25	82	9	70	4	17	6	88	27	81	55	70	16	89	73	48	79	30	29	15	63	63	40	18	58	65	23	10	11	68	69	44	3	22	40	79	58	18	53	36	12	81	32	58	56	19	55	86	11	79	62	31	3	52	25	16	17	89	7	68	73	27	4	68	87	80	61	51	77	78	23	28	33	26	71	44	74	85	0	34	4	62	42	89	22	3	42	46	33	38	75	24	56	23	34	68	80	67	52	48	27	75	58	38	74	64	51	6	45	0	1	43	16	43	29	57	13	47	68	78	14	61	23	21	31	24	47	25	46	24	79	42	70	76	55	45	1	73	32	89	25	83	2	85	36	73	75	11	30	78	81	85	0	50	10	39	40	88	21	2	34	35	24	87	82	47	56	12	68	29	82	85	86	42	81	26	16	38	68	15	49	64	50	47	71	57	7	49	72	19	0	51	32	51	35	73	37	47	48	3	59	80	81	57	14	23	26	42	35	12	68	23	42	70	29	18	5	56	72	25	2	47	60	64	89	55	2	62	89	53	83	78	48	22	6	65	45	86	79	89	59	38	45	25	74	66	3	68	54	17	86	20	68	58	73	3	7	17	66	18	16	31	49	39	81	85	83	82	72	41	28	48	61	16	75	73	22	27	23	63	86	4	28	14	70	28	25	21	15	84	16	19	77	48	7	29	44	81	27	88	67	14	33	81	9	79	22	51	30	11	69	81	1	84	38	60	66	7	50	9	3	51	20	13	60	81	15	19	7	52	78	48	79	3	62	61	56	39	44	19	0	76	12	86	27	38	5	58	29	77	44	27	36	76	38	86	28	88	52	73	28	79	26	22	8	44	87	58	86	36	29	41	60	25	17	51	48	28	80	53	14	10	67	40	80	36	42	14	29	54	80	79	71	26	21	73	74	45	76	36	72	38	30	5	21	0	48	44	46	24	59	16	5	52	89	21	20	78	8	39	53	37	77	3	30	56	40	83	87	42	0	65	72	30	23	49	30	74	74	22	69	82	85	19	57	7	72	38	8	8	88	51	58	6	22	78	49	47	47	24	13	26	18	19	59	60	69	69	59	27	73	63	9	82	55	33	53	15	2	56	11	47	79	22	26	25	47	21	14	57	27	57	89	54	8	49	7	23	48	31	68	7	22	41	12	6	11	22	51	52	28	56	12	6	24	14	13	63	57	76	69	70	32	46	25	6	32	47	70	59	28	77	45	5	57	10	52	3	30	55	24	86	24	0	57	27	1	73	83	7	6	18	18	46	32	62	58	36	66	66	33	54	69	17	47	65	73	48	13	42	75	8	43	11	57	41	39	85	76	15	29	3	60	6	5	51	5	85	72	16	82	78	52	74	51	83	41	80	39	29	41	7	32	40	68	49	15	70	22	57	25	66	89	28	84	14	6	61	10	72	41	18	40	63	10	88	34	68	7	18	9	23	28	56	52	25	80	12	40	49	55	19	13	18	64	50	70	20	75	36	19	9	21	20	10	75	53	70	78	35	3	35	58	77	22	49	15	32	44	41	20	42	36	12	1	31	2	46	63	72	16	50	1	33	76	70	58	4	64	71	71	36	83	0	58	79	13	70	80	27	26	12	15	19	14	19	59	77	65	72	41	67	63	71	24	42	83	56	58	75	27	83	73	61	50	79	76	2	41	85	35	79	80	0	85	51	53	18	65	22	39	15	64	50	4	67	58	83	30	35	84	8	79	58	62	72	51	59	84	6	6	63	31	62	10	63	28	13	46	66	81	42	86	24	21	11	0	21	73	44	48	80	1	36	14	70	83	35	58	88	51	47	46	71	31	45	59	79	76	55	39	32	83	85	74	73	60	84	16	75	38	78	37	63	58	41	83	88	30	26	47	52	36	15	53	67	27	84	4	24	27	68	15	0	43	49	75	33	62	79	36	16	23	75	45	48	51	3	74	78	62	3	72	16	19	62	1	45	64	60	1	46	39	9	30	19	20	86	54	77	87	41	16	8	87	74	54	13	42	66	42	25	43	42	18	32	59	70	28	45	31	43	31	31	66	44	59	56	73	70	77	65	15	39	22	19	12	69	30	14	89	22	59	69	49	11	48	83	35	11	34	52	76	86	67	37	12	48	74	7	84	63	27	72	5	55	26	17	54	25	46	21	74	23	83	6	42	68	28	39	9	38	67	35	80	81	69	40	11	84	50	11	29	37	50	66	25	43	12	68	3	4	50	8	63	40	13	75	0	7	23	64	40	31	11	58	22	81	10	8	41	40	36	51	60	62	38	24	46	75	26	50	0	60	33	35	20	47	79	70	73	60	16	35	24	53	20	1	50	57	51	89	80	54	20	89	55	12	47	2	38	32	52	29	25	84	59	84	11	23	82	58	51	37	53	12	4	68	68	10	45	73	70	87	0	22	51	10	84	47	43	59	69	57	46	71	47	46	86	19	16	14	70	89	2	72	28	60	50	64	39	71	68	18	32	60	49	81	13	59	18	41	8	82	20	50	0	46	44	9	6	11	85	8	32	57	76	57	85	57	49	87	71	44	5	36	8	58	17	40	69	34	14	56	88	45	39	56	50	20	76	27	55	19	9	59	10	20	55	52	19	61	60	27	64	12	7	8	64	65	54	41	3	66	44	64	77	7	15	62	82	59	14	81	36	21	37	49	1	37	15	23	75	55	55	36	66	26	45	6	66	57	48	57	52	57	84	37	30	27	82	26	68	48	26	51	85	73	55	39	45	82	9	38	45	9	
25	49	50	60	24	50	20	34	62	69	27	50	79	52	0	65	46	13	66	27	56	15	50	34	31	8	82	36	19	7	87	13	87	51	31	69	67	14	18	3	78	69	89	72	69	4	9	52	56	20	14	11	21	36	32	69	23	1	38	84	21	42	63	66	29	48	81	51	48	72	32	26	50	29	79	84	89	16	86	23	13	60	25	15	10	4	37	14	62	89	15	81	50	6	7	57	8	18	9	4	47	20	68	1	62	39	85	85	43	88	38	64	14	36	5	31	22	10	53	46	50	3	1	16	8	73	11	73	33	61	79	8	66	49	22	25	30	4	12	74	4	35	40	77	53	26	39	47	49	42	76	81	77	83	0	77	67	48	64	14	86	65	26	61	5	63	64	80	22	0	27	39	69	24	8	50	39	30	27	71	75	11	12	2	45	68	82	65	48	33	72	58	78	40	19	71	37	48	24	83	44	30	46	69	44	55	11	81	38	44	62	84	18	82	37	5	28	26	71	68	23	5	31	7	1	62	44	28	65	6	63	14	0	86	55	73	18	34	52	76	65	52	34	1	50	71	49	79	34	57	53	84	83	48	20	55	36	43	16	12	5	14	88	60	52	73	52	39	80	43	39	11	16	58	45	76	65	77	43	26	55	64	17	21	48	82	41	86	83	59	13	30	14	72	11	31	30	68	23	48	28	69	49	78	62	54	75	43	71	77	17	31	75	27	47	41	82	3	83	24	37	14	32	62	11	77	84	7	14	71	72	9	57	33	78	81	15	36	37	74	59	67	56	4	12	45	58	51	87	67	52	31	86	82	75	17	76	31	39	77	80	77	80	0	52	9	31	16	62	86	19	76	15	56	58	16	38	22	30	51	71	14	34	7	35	85	33	73	15	26	54	57	54	80	58	29	23	75	78	63	9	20	0	30	28	21	27	64	47	33	49	38	27	2	18	48	70	17	83	48	14	32	17	20	12	83	78	84	42	59	42	30	35	10	74	34	8	56	41	66	47	74	29	2	27	41	6	54	86	44	47	14	58	68	32	62	42	62	60	66	21	39	8	7	34	52	57	76	37	64	14	85	22	64	48	23	72	27	77	23	75	70	4	67	66	28	85	2	56	20	76	56	49	7	48	72	13	49	34	66	9	38	8	45	54	63	20	9	72	44	47	27	38	15	33	9	12	79	83	0	28	50	30	58	19	48	83	45	48	84	77	83	22	64	43	17	61	89	7	47	11	3	84	80	55	37	54	26	86	51	15	55	58	38	18	63	15	67	2	4	48	71	17	34	68	45	9	1	27	29	29	39	77	64	21	66	37	40	48	18	8	20	55	75	54	85	19	62	44	64	73	39	5	84	22	1	40	64	82	76	42	67	58	64	66	56	8	81	58	34	12	74	41	70	21	59	84	88	36	51	7	35	29	56	8	29	80	70	38	27	78	68	8	16	16	38	76	63	58	25	29	87	30	2	88	8	87	77	64	47	67	29	62	46	38	46	43	78	15	53	45	17	83	56	7	42	71	41	10	71	69	76	38	21	9	71	57	30	71	46	78	39	8	77	44	18	5	0	19	55	84	45	61	27	85	24	31	65	31	63	38	74	37	52	70	18	36	83	31	17	49	46	34	58	37	3	34	36	10	12	18	34	15	27	78	61	88	75	80	70	81	12	71	74	41	25	35	57	7	52	3	69	27	67	0	17	58	84	10	84	56	66	39	19	73	89	6	14	80	2	64	45	35	57	3	57	75	1	24	48	17	50	53	82	81	26	80	88	69	33	76	76	40	68	76	84	74	40	9	67	49	1	57	89	54	26	14	25	54	60	19	76	55	75	11	50	20	83	72	78	57	34	38	86	50	18	30	53	6	65	87	28	7	53	51	0	52	72	14	62	56	12	13	53	17	27	31	66	29	57	72	80	25	70	67	28	81	2	73	9	52	58	60	70	24	66	54	58	25	29	77	72	69	43	15	47	88	84	32	24	12	36	74	78	45	58	72	74	38	4	25	27	22	23	1	14	13	29	50	68	59	67	24	41	8	45	7	68	85	56	7	17	49	11	68	75	37	76	47	39	1	28	57	21	83	34	2	28	46	32	31	34	52	86	25	60	39	16	80	12	84	40	36	39	44	68	48	65	73	26	81	0	55	66	73	73	59	6	54	23	44	72	5	23	0	76	81	35	77	44	46	53	82	16	23	76	77	26	5	35	65	84	67	55	23	16	80	81	36	10	67	82	77	57	46	45	79	42	4	49	12	29	78	13	68	81	56	40	68	47	28	83	3	61	7	4	67	58	54	53	84	54	33	13	59	50	56	4	7	66	48	88	28	59	84	58	52	37	38	8	81	47	29	8	70	54	80	27	10	8	84	59	34	36	26	5	68	67	35	57	58	39	41	72	32	42	49	2	15	62	52	70	36	9	80	1	65	43	89	37	20	38	82	9	56	46	54	27	18	7	65	44	48	65	65	77	10	50	71	27	44	72	88	41	13	35	85	38	76	35	28	13	10	46	31	87	47	65	19	9	69	39	48	24	47	44	22	7	49	89	45	37	43	41	57	5	6	10	50	40	23	13	83	45	52	40	29	89	11	8	85	26	45	73	82	15	68	48	85	36	55	51	59	18	9	73	50	46	12	30	51	75	60	63	68	47	67	8	59	27	26	55	79	63	24	16	53	84	89	83	72	68	16	40	16	54	28	52	49	68	20	86	78	64	17	12	56	3	34	32	33	57	88	6	85	42	10	30	51	47	17	48	58	15	27	30	6	65	89	83	48	66	24	84	51	81	64	15	46	89	41	10	32	11	4	41	86	30	81	30	76	3	36	25	51	43	82	27	14	29	6	64	53	24	22	15	42	31	8	84	32	35	83	48	48	54	58	67	82	36	53	8	30	20	44	19	35	56	80	29	38	38	46	68	49	43	8	57	45	89	24	22	21	0	73	28	80	7	49	73	73	48	4	51	85	10	29	12	18	47	9	18	71	86	26	11	29	19	62	29	58	75	28	8	78	85	1	48	24	38	63	67	51	51	28	51	61	56	3	10	66	20	53	82	23	69	30	63	89	36	6	1	83	66	6	30	25	12	34	88	67	49	6	21	0	54	23	21	32	56	36	3	0	50	29	39	67	87	47	42	27	6	10	70	4	64	46	5	41	39	78	73	13	36	53	41	18	53	83	27	6	19	34	71	88	49	13	67	13	28	82	28	29	6	76	46	19	56	52	14	19	76	46	68	41	7	14	18	6	25	8	82	49	21	83	23	53	11	2	58	34	82	23	19	88	28	5	9	12	34	14	37	59	20	10	77	63	24	72	47	48	69	72	77	87	48	89	55	75	12	82	18	40	47	55	13	17	67	64	56	83	1	17	82	53	54	63	10	54	5	35	22	45	1	0	4	6	19	40	50	48	54	69	27	24	23	85	82	76	35	75	77	42	42	56	55	3	80	20	27	30	36	79	29	79	76	44	48	84	12	38	14	62	33	42	75	66	87	9	53	86	8	28	71	55	51	39	29	80	86	59	46	56	19	20	68	60	17	35	19	35	20	55	27	11	41	3	77	77	51	4	86	40	78	7	36	30	31	50	11	5	72	69	47	44	32	33	38	70	8	51	4	39	37	6	87	2	72	23	17	49	0	75	16	18	52	10	61	59	67	79	79	50	34	61	38	1	76	18	26	19	34	80	85	88	65	65	4	9	30	24	80	65	18	20	87	22	20	23	36	42	61	38	44	18	54	17	7	83	54	60	24	79	6	36	71	2	89	49	37	33	89	76	68	33	17	16	35	42	67	52	58	63	0	89	85	6	29	30	44	20	44	65	28	54	10	87	50	35	15	44	14	74	54	86	69	28	81	76	30	71	89	83	19	22	74	55	18	0	60	88	39	73	54	29	38	41	31	57	27	15	24	30	14	26	27	56	89	59	8	80	70	12	6	23	24	11	82	21	14	89	41	14	0	72	64	30	43	26	78	16	68	16	12	19	27	69	83	65	20	18	78	33	55	43	58	49	45	20	24	75	64	2	50	60	13	82	82	71	32	16	41	50	88	30	71	81	51	15	36	19	32	86	15	22	73	68	84	57	81	43	83	15	82	77	5	49	62	21	6	52	5	77	11	81	84	57	6	40	84	44	52	86	41	67	75	41	25	85	68	53	48	78	58	35	59	50	73	66	53	52	0	58	48	37	63	81	40	7	1	64	17	59	59	1	45	60	80	79	5	79	87	15	26	29	39	24	68	13	69	11	76	5	76	77	71	68	29	62	51	44	41	67	38	50	27	20	26	55	24	43	78	51	61	47	88	58	29	75	31	31	83	59	29	35	38	23	55	72	74	4	17	78	38	37	54	10	48	50	72	45	73	17	78	81	58	37	66	3	14	6	21	21	13	25	10	68	62	71	87	41	11	1	17	11	75	52	47	29	34	87	83	14	49	80	77	80	88	81	33	18	79	65	37	67	31	87	89	79	58	31	77	65	16	41	59	15	58	26	15	9	61	37	65	61	36	65	81	41	48	83	69	15	44	86	75	70	43	52	78	70	14	70	13	45	82	38	34	0	70	37	46	32	41	69	8	86	20	40	72	44	20	24	1	74	76	47	29	29	49	14	79	32	13	20	75	65	22	70	38	56	7	0	40	8	50	87	82	82	11	84	48	83	89	7	87	25	80	44	83	20	36	50	68	63	48	41	80	34	20	35	52	69	59	81	84	20	89	6	7	49	77	30	7	66	69	10	56	22	56	72	56	41	7	60	49	48	33	39	17	34	61	26	76	47	23	89	88	58	56	76	67	62	48	44	29	76	52	31	78	67	81	20	21	4	44	55	13	87	50	17	58	57	48	41	17	72	83	28	33	25	42	23	56	29	82	25	23	16	24	72	53	68	67	82	64	72	45	14	49	73	87	47	27	5	67	67	52	46	60	66	15	11	33	40	70	33	9	59	75	64	78	33	70	19	1	56	4	72	2	25	63	6	54	42	88	58	29	10	75	60	22	27	24	16	31	7	1	74	85	61	78	34	18	88	35	82	63	38	12	72	16	1	39	57	29	88	58	28	17	38	1	6	69	79	58	16	30	27	43	55	26	9	38	6	19	55	29	5	68	22	84	79	66	11	63	48	20	83	32	4	19	73	0	73	6	30	17	27	24	80	80	56	30	88	35	71	83	10	50	32	11	80	39	84	62	61	53	60	89	22	76	62	28	87	61	65	9	64	70	25	89	80	28	70	68	25	67	34	24	49	7	75	56	43	40	81	0	56	79	85	72	83	14	21	45	2	12	64	79	79	45	19	47	16	65	7	58	76	26	73	8	68	60	34	26	70	1	61	52	73	43	24	47	81	26	61	66	76	14	78	22	71	13	81	72	62	83	40	77	58	16	9	38	56	28	1	6	77	3	31	25	20	47	59	88	4	11	76	84	35	73	1	12	44	70	32	76	43	80	77	29	58	11	15	8	18	7	56	78	50	45	59	20	72	67	1	27	28	48	58	84	47	80	5	50	68	26	52	36	29	62	13	6	70	25	81	19	38	70	13	57	77	25	53	21	37	25	22	21	67	47	15	70	26	35	0	34	57	51	27	46	24	11	28	2	83	33	13	49	16	33	50	27	62	25	15	16	8	77	32	71	18	86	29	35	42	33	76	55	0	53	63	17	16	7	33	3	12	47	5	10	36	75	63	73	3	49	26	13	73	47	22	1	51	83	84	62	17	47	29	9	71	21	46	17	10	64	2	3	23	42	34	76	6	6	58	7	75	80	85	8	31	17	76	57	79	27	89	49	29	3	55	77	87	53	75	56	74	66	42	12	15	32	19	62	10	4	21	4	85	35	80	67	65	81	5	71	0	79	38	5	66	62	48	75	44	40	50	30	33	19	48	8	83	89	32	50	38	60	41	59	31	82	26	21	83	35	79	27	80	75	20	5	42	42	0	86	20	78	54	23	63	3	10	75	41	39	67	35	2	72	11	82	87	32	78	37	80	71	19	11	45	86	27	45	27	30	83	6	19	59	71	37	62	16	19	43	58	44	40	11	63	47	31	60	71	64	66	17	43	83	7	23	70	11	59	28	33	18	35	17	29	71	27	58	35	48	67	70	41	12	26	70	54	65	1	77	59	84	71	55	52	67	26	51	55	38	2	37	47	85	20	22	46	22	78	80	50	7	57	76	74	31	26	10	43	35	87	46	57	83	84	45	28	23	76	87	85	73	52	68	59	57	30	17	58	89	44	15	22	71	77	39	64	84	30	22	28	27	25	41	44	52	9	80	49	29	66	45	74	2	13	32	64	5	65	77	69	76	16	37	29	42	30	51	0	3	31	0	11	48	71	65	31	85	16	57	4	77	72	0	2	18	57	4	66	27	35	32	75	78	66	41	75	8	88	16	64	41	30	29	72	88	43	15	0	75	25	66	87	81	3	43	52	12	3	70	45	22	14	48	56	85	23	31	67	65	72	18	57	16	9	21	17	56	25	71	43	21	19	5	23	24	31	72	42	74	17	50	13	70	84	28	24	87	51	82	73	15	54	59	74	16	68	52	40	22	7	40	60	17	79	62	61	3	57	87	49	20	16	22	40	70	73	58	49	82	52	16	8	36	35	27	19	23	9	34	29	1	81	14	53	38	19	37	19	6	83	84	69	22	82	77	32	38	47	41	46	76	26	7	40	36	15	22	69	43	13	44	71	65	57	78	4	9	26	12	80	25	18	55	8	77	27	20	75	37	22	69	1	42	63	49	83	5	77	30	33	66	73	82	73	24	27	44	6	0	1	88	59	48	18	78	34	2	15	35	75	72	64	38	1	78	57	38	28	31	23	45	77	82	89	53	29	65	55	79	46	11	20	64	28	1	0	63	60	51	62	25	28	53	1	31	42	83	9	74	65	13	42	69	34	7	63	33	19	86	69	14	40	30	82	38	80	36	56	6	76	48	54	65	20	51	87	52	22	55	89	45	3	41	28	89	65	4	75	24	45	78	51	5	64	64	88	80	31	79	71	79	77	67	80	69	39	64	52	86	35	74	20	43	10	14	80	7	82	77	28	12	7	47	85	55	18	6	32	18	48	12	53	8	59	31	44	30	81	89	68	37	77	48	80	70	82	20	82	6	74	29	5	8	87	58	79	69	2	40	10	11	47	23	83	47	18	3	35	23	52	28	37	87	38	64	65	14	44	57	43	80	37	46	4	78	87	33	27	39	88	59	8	70	7	10	57	28	32	81	45	60	30	58	49	49	20	24	65	64	54	25	45	35	58	20	26	45	9	53	17	50	1	62	17	89	29	63	80	26	6	73	74	28	27	79	6	1	3	7	80	28	27	4	73	53	33	47	56	83	22	18	35	14	6	45	36	64	87	80	38	42	28	61	16	26	15	6	88	34	81	11	13	79	49	82	43	30	57	27	84	6	33	8	79	0	11	7	59	77	20	61	20	56	3	50	51	34	6	3	9	44	54	34	34	31	18	77	38	58	29	48	30	86	36	30	53	16	10	21	77	34	69	2	20	76	17	29	73	53	69	67	39	40	24	74	54	66	21	69	51	41	33	10	56	32	29	72	45	49	83	1	89	25	68	67	37	0	58	80	8	84	30	7	80	2	69	15	57	80	52	56	72	63	66	83	65	24	6	35	41	12	52	28	89	45	86	80	63	0	39	19	11	25	64	11	34	21	6	58	43	75	18	28	4	20	35	86	66	65	47	7	47	69	79	11	68	73	36	33	0	72	32	26	84	49	69	68	81	1	83	89	12	37	87	73	35	12	16	15	33	51	64	69	49	35	85	28	17	35	6	12	19	44	48	82	46	59	41	70	41	26	51	15	38	50	83	1	52	17	6	49	66	66	39	37	45	2	49	70	36	83	65	9	32	68	59	12	61	51	66	30	70	89	62	14	39	26	77	80	61	45	2	80	65	14	64	0	29	47	59	46	9	53	45	12	38	62	85	78	39	26	50	22	4	6	30	84	0	49	79	38	55	74	88	16	23	78	47	38	81	80	27	42	36	14	15	29	21	22	8	6	62	59	71	35	89	40	41	35	1	15	70	45	18	24	81	43	31	62	64	60	23	88	33	58	18	51	71	48	62	23	11	50	40	64	43	75	63	5	83	37	43	23	46	1	49	61	60	53	71	59	22	54	25	74	71	74	28	82	20	60	81	66	10	43	
37	39	28	27	39	37	36	24	39	20	21	28	31	37	36	21	30	37	39	24	36	24	30	37	36	39	34	25	34	23	23	37	32	27	22	31	35	35	34	37	21	33	20	36	24	39	30	27	34	39	22	28	32	32	26	29	32	31	38	39	27	40	21	34	40	24	26	29	38	25	34	39	34	40	37	39	21	32	30	26	27	21	33	20	38	29	24	24	24	30	30	23	28	39	25	29	24	37	23	24	31	35	39	35	26	25	27	28	27	31	21	31	25	26	36	26	34	36	28	31	27	30	26	30	31	34	29	21	26	31	22	27	26	30	35	35	24	26	25	35	26	31	27	23	38	34	22	34	38	32	39	25	40	38	29	20	39	38	35	40	22	35	37	28	35	25	33	33	21	40	40	22	23	21	38	26	32	31	22	36	21	30	24	25	31	24	38	35	25	31	39	20	38	20	21	30	23	31	27	37	33	21	26	40	39	33	33	38	30	28	33	26	31	38	34	34	21	40	38	40	34	35	22	20	32	28	27	36	37	39	33	20	32	29	26	30	21	29	21	33	35	29	33	22	37	35	36	21	27	22	21	28	39	40	33	23	35	32	21	31	31	31	24	34	32	26	36	24	32	32	23	30	25	40	32	37	24	21	39	31	30	32	37	28	35	29	32	20	34	32	25	23	20	38	24	29	28	22	29	21	35	28	24	32	20	26	40	22	31	25	23	34	26	30	21	29	36	33	36	33	26	28	35	31	37	30	27	28	21	21	20	27	35	24	37	29	24	27	22	32	24	39	39	31	28	28	23	31	35	22	34	33	37	33	31	37	23	22	36	33	30	33	40	20	23	40	29	24	23	26	23	21	21	21	33	21	28	28	35	28	35	20	33	29	38	20	22	31	40	21	24	31	32	20	27	33	27	36	37	28	20	21	37	28	28	21	22	20	22	29	34	39	22	28	27	25	34	25	38	37	32	33	28	29	38	29	40	25	38	24	22	22	38	31	32	20	27	31	20	26	25	25	35	37	20	34	20	33	39	27	37	24	29	33	21	24	28	39	38	21	32	27	21	40	22	26	23	31	40	39	31	21	20	23	33	22	31	22	27	33	35	31	38	24	25	32	35	29	26	24	30	40	22	32	27	29	37	30	33	28	22	29	27	38	20	22	36	38	21	22	29	38	28	24	28	27	32	32	27	38	25	23	25	23	21	28	35	21	24	24	23	37	28	30	38	36	30	29	39	33	21	32	20	36	23	21	37	29	33	40	37	27	23	32	33	34	34	39	27	32	37	35	34	25	22	29	39	40	34	25	24	31	39	32	38	31	20	30	37	26	22	34	22	22	39	22	32	30	37	30	40	39	33	22	21	31	36	31	31	27	23	29	28	21	34	23	22	35	37	35	32	35	37	28	35	32	21	28	27	28	38	29	33	24	23	28	36	38	34	23	23	21	25	29	22	37	25	31	29	28	37	36	36	20	27	31	28	20	40	29	24	24	26	22	23	40	35	22	36	22	21	21	24	33	31	31	25	39	31	31	32	31	20	35	24	39	28	28	38	38	31	39	27	35	35	29	31	27	25	21	31	22	23	22	35	25	25	29	24	38	22	21	36	37	25	31	25	40	36	26	38	25	39	24	37	38	36	31	39	38	26	39	39	32	33	21	39	27	25	22	40	36	25	36	40	37	23	32	29	26	22	32	31	23	36	32	21	24	34	27	29	21	37	33	30	23	20	26	29	22	38	38	29	25	39	22	25	22	40	22	36	37	40	40	32	34	28	29	30	28	21	24	36	20	33	30	31	33	24	34	35	29	34	37	40	36	33	39	29	22	39	38	34	26	34	28	23	39	26	29	32	28	36	38	34	40	37	26	25	38	24	27	24	22	25	31	26	30	26	28	33	21	20	37	40	33	29	23	32	30	36	24	26	20	29	24	26	23	23	40	25	26	38	39	34	20	24	35	24	31	32	29	31	20	35	35	26	32	37	21	36	38	22	23	30	21	25	40	20	40	27	24	25	31	30	28	24	39	23	35	29	36	28	27	38	40	21	37	30	29	23	28	26	36	37	31	24	22	26	30	25	39	39	26	32	20	40	36	37	36	32	38	36	37	26	31	37	40	25	22	40	32	25	30	21	32	24	36	38	39	20	22	28	26	37	34	35	32	24	37	27	33	29	30	32	28	37	33	30	32	40	34	35	39	29	26	28	20	31	30	39	29	28	36	40	22	32	33	23	21	37	28	24	21	21	26	33	20	34	34	37	33	40	30	34	40	34	39	29	39	27	34	36	35	34	32	27	20	31	37	32	34	21	38	29	24	20	25	21	24	20	27	34	26	39	39	37	38	36	25	31	23	39	35	38	27	22	30	40	28	33	39	28	38	31	20	30	40	23	34	32	21	31	31	30	21	21	24	32	36	21	35	32	24	39	25	34	30	39	37	29	23	26	40	21	25	31	29	36	35	30	34	40	32	20	29	27	22	28	22	36	32	30	33	23	31	22	34	36	24	22	39	21	37	25	39	26	30	24	36	23	37	37	37	27	30	22	31	32	25	28	40	21	21	25	34	31	28	31	38	36	37	31	38	37	22	28	29	32	40	37	36	24	26	38	37	27	34	30	20	34	29	21	36	38	22	39	24	26	33	21	20	40	35	29	39	23	20	26	40	25	20	28	34	28	27	37	20	38	25	26	35	21	27	25	23	28	38	37	23	27	40	27	32	23	38	37	29	29	33	38	28	36	38	36	25	39	38	26	35	39	29	38	22	24	40	40	22	25	38	31	33	33	28	31	36	23	34	31	21	24	22	29	36	33	28	25	30	29	33	23	26	38	35	27	29	21	40	21	35	40	25	26	23	21	20	26	29	33	40	37	38	29	27	24	36	23	20	35	20	28	23	27	29	33	33	29	28	30	34	23	40	39	31	39	31	32	39	39	20	20	34	34	29	32	30	27	29	30	40	22	38	24	20	24	22	23	26	34	28	31	31	38	24	31	38	38	21	27	35	31	22	23	38	40	38	28	21	40	35	27	21	20	34	26	25	39	20	40	32	40	26	34	35	21	34	25	23	32	29	29	26	37	23	28	22	26	22	20	24	37	39	37	31	34	29	22	37	35	22	21	27	27	26	33	22	27	23	30	23	20	33	20	40	21	20	29	39	39	30	37	21	25	37	28	37	36	26	34	30	25	22	24	21	24	39	22	22	40	32	26	28	30	27	20	22	28	30	30	22	28	35	38	31	23	27	36	36	21	22	24	36	27	27	39	25	33	37	39	26	32	34	30	36	37	30	27	29	38	37	32	30	34	36	26	36	30	31	34	32	32	38	40	32	27	23	37	20	23	37	31	38	27	37	21	21	40	30	40	29	20	29	36	25	35	36	38	38	29	34	40	22	24	22	23	26	37	38	29	27	27	28	39	25	31	25	39	37	25	28	28	35	35	32	38	40	28	24	40	37	40	24	32	28	31	39	37	25	27	37	23	40	30	22	39	34	23	40	34	38	30	23	40	36	26	33	40	34	26	37	28	27	20	21	29	37	24	29	28	30	31	35	34	28	31	22	24	40	34	21	23	33	20	35	32	26	33	27	36	27	21	40	23	27	22	31	30	34	22	34	26	24	33	31	31	23	33	37	20	40	22	31	36	28	28	24	37	26	20	32	28	35	31	40	36	40	32	21	32	40	36	33	40	39	37	32	35	27	29	39	26	30	34	33	40	39	24	31	24	25	40	23	25	28	35	31	25	35	40	26	29	23	38	39	29	23	37	32	20	40	25	33	31	27	25	35	36	35	21	20	37	38	31	39	36	23	30	33	36	28	24	24	36	27	25	26	31	34	29	37	31	35	32	23	36	38	24	39	33	27	23	29	21	23	30	34	28	29	21	32	40	25	24	29	29	36	31	20	26	37	34	35	21	31	36	28	38	27	20	28	27	26	37	22	20	24	38	34	31	32	29	22	27	21	39	21	36	25	28	29	23	25	36	24	24	23	40	33	36	36	34	34	31	27	33	40	37	22	23	35	25	33	30	31	34	35	39	35	38	33	40	40	31	23	32	27	25	29	38	26	40	32	21	25	30	28	28	35	37	38	36	26	20	28	37	24	20	33	36	35	25	35	31	24	38	37	29	22	36	33	25	20	25	32	36	38	37	40	24	35	23	32	22	24	31	23	34	22	35	28	29	30	38	36	27	23	32	33	31	37	34	24	32	37	27	35	29	25	27	37	25	38	39	27	32	21	31	35	34	25	27	30	37	26	37	24	20	32	35	38	24	24	27	26	38	28	40	29	39	20	22	38	35	27	30	36	27	26	24	39	34	33	38	36	30	38	27	25	24	35	22	27	34	24	36	28	31	20	32	32	24	23	39	25	40	29	27	26	34	36	24	31	33	32	22	28	35	22	20	27	34	32	36	30	37	31	30	22	38	35	25	40	24	34	37	30	39	35	38	31	38	39	27	23	38	29	29	30	30	29	34	35	22	39	23	30	32	23	38	31	33	23	37	28	21	26	25	35	20	26	23	24	37	35	21	32	24	39	20	40	40	31	37	24	22	40	34	25	39	36	26	37	39	22	25	24	37	40	24	30	27	30	40	23	29	38	28	33	33	40	24	40	35	26	28	33	31	22	23	39	28	22	26	38	22	22	20	34	35	29	40	39	35	25	20	33	33	40	37	37	28	34	29	33	22	31	39	37	21	22	38	33	25	35	24	36	34	24	31	24	33	40	23	39	22	25	37	22	21	36	34	35	35	33	22	38	25	31	35	33	24	37	28	39	22	27	23	36	28	29	26	29	23	39	32	25	37	39	35	34	25	39	29	36	38	31	35	37	25	20	26	39	38	33	28	27	23	34	31	35	39	21	33	40	39	33	26	37	34	31	38	40	22	28	31	36	29	36	26	25	38	30	22	23	21	26	26	40	22	34	22	36	31	25	33	27	23	30	35	36	34	29	32	29	26	25	28	33	34	32	33	28	29	36	22	24	33	21	39	27	36	21	20	21	28	23	35	33	30	22	34	25	33	27	28	24	27	22	21	31	37	27	35	30	38	31	23	30	24	40	39	20	36	36	33	21	24	24	36	29	36	22	37	36	33	37	33	38	31	28	27	39	38	36	30	25	22	34	27	33	21	33	30	22	27	31	40	20	35	29	35	37	33	40	39	25	22	39	24	39	36	40	26	27	26	37	31	40	27	20	28	21	27	37	26	23	30	34	26	36	29	35	21	35	26	38	30	21	28	21	26	21	40	20	28	20	30	24	34	28	31	29	29	28	22	23	23	40	33	31	24	30	27	25	24	40	28	27	31	30	29	23	32	26	28	20	40	40	39	38	26	21	33	21	29	26	24	33	22	35	38	21	24	25	26	39	25	27	31	38	30	26	29	26	25	35	26	36	30	36	24	31	39	30	23	28	33	28	38	38	40	33	28	27	21	34	26	20	39	22	24	32	23	28	40	21	32	37	27	39	20	27	40	39	31	37	29	25	35	22	23	28	36	29	37	35	28	25	36	27	26	26	37	21	32	31	27	36	39	24	26	30	27	30	37	32	40	32	33	39	21	29	37	34	40	29	33	36	30	30	25	36	24	39	23	21	24	34	23	38	20	40	24	35	39	33	24	25	24	39	37	35	30	34	23	22	32	20	23	32	40	23	33	30	35	33	30	24	29	38	24	33	32	24	27	29	36	27	32	34	28	27	29	27	22	37	23	29	37	30	27	30	40	22	25	33	24	28	29	30	26	26	32	35	23	39	30	30	40	37	28	35	34	35	29	37	25	26	34	26	27	39	36	29	38	32	33	33	35	28	33	33	34	38	30	38	34	24	34	34	35	30	33	36	22	31	31	37	29	27	28	26	40	22	34	23	37	34	35	31	30	34	39	32	32	35	36	28	34	23	24	33	20	31	31	31	34	20	22	25	20	21	29	24	35	27	26	40	24	26	21	32	24	25	39	22	37	20	28	25	38	28	37	40	39	38	27	27	39	39	25	39	29	26	30	25	21	28	24	24	23	31	40	24	24	36	25	29	21	25	34	23	36	28	32	29	25	26	26	23	40	36	22	22	37	26	28	24	36	28	35	32	33	33	40	33	27	24	36	32	30	40	29	28	40	33	36	26	29	33	20	34	22	22	28	23	38	22	23	21	31	33	21	34	39	29	35	34	26	35	22	33	36	34	33	28	27	40	31	27	23	21	22	33	22	21	39	40	35	27	21	29	23	39	24	32	33	35	36	33	26	36	38	32	35	23	32	29	38	25	31	29	32	23	29	32	30	23	25	22	35	37	38	27	21	34	33	24	23	28	28	28	26	32	39	34	35	26	30	38	37	32	34	20	36	32	20	33	33	39	22	35	27	20	33	39	26	22	27	27	36	31	23	36	28	32	25	26	39	25	31	20	36	32	38	21	24	34	26	28	40	30	33	38	34	22	24	33	34	35	31	26	35	36	40	33	28	40	35	23	34	31	37	32	25	35	20	38	37	37	26	25	30	28	23	32	37	40	24	38	25	21	39	20	23	37	23	23	36	26	40	24	29	26	36	30	32	35	35	37	30	27	33	37	22	35	37	31	30	20	25	36	29	33	39	24	37	40	25	25	30	28	24	24	20	21	27	31	26	32	34	40	33	26	36	29	37	22	27	21	23	38	33	32	34	25	39	32	37	40	36	24	20	35	22	28	21	27	38	20	35	28	33	31	39	38	22	24	21	20	25	21	31	32	22	39	28	35	23	35	39	26	23	37	28	30	29	23	28	26	39	38	28	20	25	40	31	25	30	34	24	32	30	35	36	36	35	39	33	25	29	35	38	24	23	32	38	30	25	29	21	21	26	24	33	39	24	30	31	25	22	32	28	27	33	32	37	38	35	29	24	27	30	31	34	31	30	21	28	26	36	28	37	31	35	40	24	27	25	39	27	21	34	33	36	37	25	35	39	30	27	26	31	23	30	30	25	29	26	36	21	27	38	38	37	25	28	22	32	20	21	22	29	24	28	28	20	36	26	21	36	27	25	35	26	24	21	26	24	20	39	28	34	38	31	33	29	40	39	34	23	39	26	38	36	38	38	40	30	30	26	20	22	39	32	22	34	21	37	26	34	25	38	40	27	26	20	33	22	24	30	22	20	35	22	21	37	30	40	26	22	27	40	25	20	24	33	29	27	28	33	29	37	38	30	30	28	25	31	24	25	30	37	26	39	29	36	37	28	33	34	23	30	25	21	21	27	38	33	35	30	31	34	29	32	28	26	20	26	36	27	22	26	40	35	32	33	23	32	36	31	22	25	28	37	35	34	30	21	39	32	40	36	25	21	20	38	27	24	37	30	29	21	32	34	23	23	21	31	27	29	31	21	22	39	23	35	38	33	24	26	20	20	31	20	21	40	35	21	24	25	24	29	29	26	20	21	40	21	26	36	25	38	39	33	29	39	20	30	26	30	31	23	23	24	34	25	30	25	34	23	24	24	40	22	32	39	35	32	36	20	40	21	27	39	28	34	25	38	34	27	22	32	36	27	28	21	23	39	34	39	29	26	37	36	40	27	35	23	22	36	30	32	30	23	35	22	31	29	30	33	30	30	37	21	27	35	40	37	27	37	24	23	30	20	24	22	20	32	26	20	28	25	33	35	23	23	28	40	29	30	32	32	36	26	40	20	39	25	34	22	22	33	22	39	28	23	37	39	20	31	38	35	40	37	27	33	34	24	29	31	26	26	27	24	25	31	34	24	28	36	36	23	24	31	40	23	30	28	26	27	20	26	20	24	31	39	23	33	20	25	32	27	27	26	35	22	38	27	22	40	24	28	34	25	20	24	26	22	38	26	35	34	34	32	28	27	21	32	25	26	30	24	24	39	20	26	28	39	40	28	23	24	20	29	25	39	36	21	33	33	22	36	25	32	33	24	28	29	26	33	21	37	37	28	28	33	31	40	26	38	26	29	40	38	36	21	34	37	38	26	35	34	39	37	36	24	34	33	26	27	30	22	23	32	26	40	38	28	27	22	40	23	22	20	21	23	31	27	37	37	21	24	31	32	33	24	28	38	35	24	29	21	20	29	34	20	40	25	20	27	26	24	24	22	36	22	23	20	40	20	36	31	24	32	35	39	40	34	35	30	21	33	33	37	37	28	36	37	38	36	31	23	40	24	37	34	33	23	33	28	22	31	36	
31	24	27	24	26	17	37	23	41	27	41	38	42	21	48	14	18	43	35	45	13	37	10	40	15	35	29	41	39	43	10	24	22	36	34	15	13	25	24	37	15	25	43	34	33	47	46	12	41	10	38	13	22	14	32	36	18	23	21	15	13	29	42	43	20	29	22	35	21	43	12	34	14	35	30	45	13	26	10	22	32	28	33	47	14	32	50	29	36	20	50	41	41	47	16	45	27	46	35	37	45	10	14	49	29	10	47	34	50	40	23	18	48	43	36	19	28	19	48	21	25	45	19	42	29	48	17	15	37	48	26	15	44	39	21	35	23	49	12	16	22	34	39	45	26	46	26	29	19	49	28	28	15	49	19	25	26	43	36	20	41	11	27	18	35	28	28	50	28	41	43	18	45	43	50	38	17	49	19	37	38	27	33	37	44	42	44	24	17	31	35	12	43	19	41	17	47	17	35	47	39	26	18	34	38	35	26	33	37	11	26	12	19	18	47	40	46	34	37	26	13	32	48	10	33	33	21	20	15	18	36	11	24	16	43	40	28	11	32	45	32	33	39	37	23	50	40	24	23	35	50	24	40	47	37	39	17	20	40	21	30	30	34	41	10	11	40	39	42	30	31	19	20	43	21	48	25	33	46	13	50	46	35	34	24	45	34	20	26	42	29	46	28	23	11	17	38	20	10	39	40	13	15	40	43	33	37	40	36	27	17	44	47	36	35	11	26	28	42	42	14	48	11	38	27	49	21	38	12	14	36	44	38	10	36	44	12	12	48	37	40	33	28	41	49	16	34	21	22	45	13	28	31	49	30	25	13	25	46	48	41	33	13	28	23	21	27	14	28	42	15	26	15	20	40	18	14	26	43	39	38	25	14	35	12	24	48	41	27	13	17	41	43	16	41	27	13	17	33	18	10	32	13	22	12	39	14	13	12	36	47	29	35	10	22	48	18	45	47	30	14	44	39	43	36	36	24	26	17	48	23	10	24	42	35	38	47	41	16	40	18	15	46	47	39	11	22	20	34	41	39	18	42	16	43	39	15	29	45	42	21	33	21	14	48	41	50	33	26	45	16	32	11	46	43	48	26	36	48	17	19	23	50	31	29	10	43	14	21	39	14	37	35	22	31	16	19	21	35	49	38	20	48	26	39	16	31	16	16	46	29	35	32	40	39	13	43	29	20	35	40	33	17	28	34	27	45	42	26	32	50	41	21	49	14	28	49	49	44	49	26	10	32	40	26	21	42	31	11	17	38	14	41	14	37	10	37	16	24	37	24	13	29	15	41	19	48	43	48	41	34	20	23	20	16	35	44	41	27	47	42	41	19	18	40	41	11	39	21	21	42	34	13	37	24	48	17	13	20	13	15	34	12	45	27	46	16	36	30	35	11	19	31	36	36	23	24	23	39	28	45	22	12	10	12	41	28	12	27	41	14	48	17	38	12	17	23	37	25	39	34	46	15	40	27	14	43	32	43	22	39	44	46	28	26	41	46	26	43	45	28	31	14	49	21	13	28	14	29	22	14	28	33	12	12	47	50	15	49	12	33	37	15	31	40	31	18	31	43	43	12	20	49	34	22	12	47	10	10	11	44	25	15	29	12	46	14	24	35	41	40	48	12	39	50	15	46	17	48	13	31	19	27	43	24	10	40	26	20	40	43	42	24	33	13	27	23	36	15	47	50	30	16	43	39	36	36	32	32	21	11	37	17	39	33	18	46	42	29	20	19	20	38	12	18	48	19	15	10	43	15	10	22	31	13	14	18	22	36	15	25	11	49	34	11	21	40	13	17	34	46	45	10	43	38	37	43	28	27	12	14	16	40	30	10	38	22	37	22	24	41	50	34	28	14	42	50	25	32	11	29	12	29	11	13	37	36	10	37	25	28	11	30	16	20	10	23	27	15	24	14	33	37	22	46	20	39	33	18	20	43	49	28	35	35	28	35	44	25	50	17	49	25	38	16	36	19	26	15	42	24	24	35	20	25	16	27	10	28	24	16	39	11	28	21	31	43	47	23	42	16	50	32	20	11	36	42	20	41	45	27	41	35	40	30	43	47	49	37	17	32	42	22	18	34	48	37	42	36	46	26	23	35	44	38	37	21	33	43	34	45	29	45	13	48	48	49	46	25	24	21	41	44	29	43	42	31	31	33	37	50	17	29	38	41	28	25	11	14	22	37	25	16	44	46	21	35	42	37	15	15	27	29	21	15	21	25	38	47	33	47	17	45	20	43	24	28	18	37	43	34	20	33	33	16	27	39	13	19	48	44	32	36	23	30	39	22	36	27	16	33	41	36	42	23	15	11	14	39	39	35	43	24	21	17	19	50	21	10	20	36	19	15	27	33	48	17	13	34	34	18	50	32	47	37	31	50	21	17	27	17	46	45	40	37	50	38	35	16	34	50	13	45	45	32	40	47	46	32	37	35	24	14	45	28	37	10	26	14	21	13	24	23	13	25	24	14	21	43	39	31	28	21	41	50	47	49	33	32	11	29	38	17	50	43	34	32	29	30	37	31	43	10	45	32	27	13	15	40	23	40	19	45	29	48	33	42	42	35	33	30	42	49	16	34	48	33	35	28	24	49	33	44	47	24	28	14	13	26	46	35	18	47	41	12	13	43	32	16	24	47	22	33	10	28	33	37	42	50	42	27	41	28	24	23	43	34	15	35	23	22	45	25	31	50	40	14	15	15	46	13	29	13	30	36	24	44	39	19	36	13	41	12	31	10	11	11	23	16	16	25	17	30	32	19	40	48	27	45	20	23	37	28	22	10	47	40	26	45	12	13	38	41	15	28	12	20	45	24	15	28	32	48	38	35	47	11	47	38	36	26	22	44	22	11	39	38	44	46	43	27	34	23	43	50	24	35	11	18	13	32	11	40	41	25	29	36	10	35	28	19	11	30	28	14	45	16	33	42	38	40	28	49	35	50	43	27	37	17	29	50	39	37	30	36	35	40	18	21	22	44	50	18	27	19	43	24	23	25	30	31	14	31	39	29	15	37	15	32	22	26	44	23	10	23	23	27	33	45	39	39	35	47	15	12	13	28	10	19	18	42	47	32	49	46	29	45	33	26	27	40	14	14	39	16	50	33	18	38	27	33	17	44	25	20	42	18	18	48	37	17	20	17	46	13	43	45	25	22	10	30	39	29	31	15	50	27	14	28	40	39	45	38	39	26	35	24	33	47	44	41	27	27	50	36	35	42	17	29	10	20	28	23	19	49	33	22	22	12	26	42	32	14	38	30	48	32	25	44	23	43	20	42	47	35	34	49	17	46	11	25	11	16	15	16	43	37	30	36	11	19	46	27	31	47	17	35	28	11	23	39	19	15	45	10	50	50	48	19	18	43	37	42	22	28	21	33	24	18	32	11	13	18	11	17	11	50	31	21	39	39	13	35	17	31	30	22	12	17	27	10	14	10	22	25	19	24	17	46	18	11	39	39	11	34	36	23	50	31	50	14	42	13	21	11	19	17	18	37	50	18	14	35	40	47	48	25	46	41	44	47	20	17	22	13	41	45	17	38	49	10	34	48	12	14	40	25	33	34	35	40	26	47	29	44	31	49	13	25	29	27	29	29	15	29	31	35	39	29	46	46	36	44	25	11	27	36	39	36	43	17	42	43	38	33	21	32	31	34	21	29	45	28	16	25	21	16	26	39	38	34	42	17	35	21	42	19	30	40	37	15	13	34	32	37	18	34	43	31	25	20	29	29	45	44	23	48	39	38	17	36	25	39	46	26	42	16	13	15	37	20	18	19	41	44	22	16	46	27	21	13	30	17	19	26	47	11	42	40	46	20	14	18	15	28	29	25	31	31	12	19	12	16	49	28	39	32	23	15	43	21	49	42	31	18	50	24	36	39	18	35	37	40	17	21	12	12	50	16	39	50	49	47	11	16	50	15	24	18	37	43	35	11	12	40	31	15	43	46	15	44	18	43	27	26	47	46	43	48	19	33	49	43	20	20	21	37	31	33	30	19	31	45	48	38	27	48	38	44	47	14	33	22	19	18	11	26	13	45	41	41	37	37	48	27	49	29	26	46	34	34	44	12	48	21	26	38	29	11	14	41	33	11	11	23	30	34	15	18	48	11	34	33	14	12	28	28	15	50	28	31	20	11	41	47	26	47	45	38	21	11	17	15	50	29	49	24	22	42	25	38	39	37	23	17	10	10	40	25	17	12	37	41	15	40	24	18	46	44	40	15	20	11	41	25	10	22	16	43	27	14	24	46	37	25	17	36	35	24	12	16	48	40	14	20	12	48	18	36	28	44	37	19	20	43	21	48	13	32	12	17	23	47	48	17	10	18	20	33	49	47	36	39	45	27	16	20	12	29	42	36	24	50	29	27	29	29	42	29	27	10	31	44	10	38	42	11	34	17	47	28	12	31	31	10	50	34	30	26	35	17	48	18	42	15	12	25	27	33	30	50	46	33	17	11	41	11	30	15	13	49	12	37	25	28	48	49	32	45	49	37	48	47	21	18	11	12	34	13	45	27	29	15	14	28	46	27	34	43	30	36	12	33	12	29	48	22	48	31	33	22	48	41	44	37	28	45	15	44	16	26	12	34	15	33	48	22	45	19	48	12	45	11	18	44	10	32	41	15	47	35	31	29	32	23	10	22	12	34	21	23	16	25	30	26	14	13	25	16	24	15	45	43	11	41	32	11	15	12	23	50	41	19	27	46	17	24	11	45	10	46	31	31	28	45	16	26	29	41	13	43	33	22	34	46	43	19	13	41	28	39	36	29	13	41	22	48	28	38	26	18	38	16	24	22	37	45	46	38	27	35	47	25	25	27	16	25	45	46	14	13	27	29	49	36	32	16	35	46	11	26	31	14	49	44	40	37	28	11	23	12	43	22	12	35	17	30	41	45	34	50	35	11	45	20	22	32	40	24	27	33	41	46	10	45	27	16	40	29	27	43	32	34	30	11	43	36	21	26	30	26	14	15	22	50	18	19	47	10	24	44	38	43	20	10	23	13	50	40	44	33	19	27	31	22	46	29	17	20	36	24	42	42	32	42	40	29	32	13	11	13	17	10	38	37	17	34	39	35	43	13	42	40	38	31	32	44	44	45	34	20	25	43	36	24	10	26	26	22	11	44	47	25	47	33	46	41	16	39	28	38	50	25	13	21	21	23	43	18	41	34	47	40	12	17	24	46	16	50	31	13	42	14	24	16	47	38	45	32	10	15	21	16	15	12	50	11	11	21	26	30	40	24	32	31	24	47	47	10	24	34	46	13	17	16	11	20	22	45	31	27	18	41	38	44	45	42	20	42	16	11	39	30	49	15	24	35	46	19	33	40	38	11	19	15	13	43	32	21	19	30	28	37	24	43	48	34	36	41	25	27	39	43	35	13	30	34	49	47	22	42	32	17	25	18	23	44	16	15	33	30	11	19	14	46	30	38	12	27	31	38	26	48	15	12	22	20	50	26	19	17	28	12	47	15	30	21	27	37	50	39	15	49	36	46	31	24	46	14	11	17	47	32	40	26	20	27	20	46	44	32	25	40	41	18	46	36	27	39	41	12	20	43	20	12	26	31	48	46	32	11	15	15	36	18	10	28	30	47	31	50	48	38	35	17	12	47	29	31	11	50	25	20	32	14	17	21	28	26	34	14	48	14	43	38	26	37	15	13	48	16	13	18	36	12	20	22	50	17	26	36	40	29	29	13	41	41	15	10	38	38	31	21	46	43	46	13	33	33	36	25	41	27	19	50	12	22	20	27	17	14	19	11	36	27	33	25	21	21	26	40	48	14	50	20	42	33	44	16	10	26	12	26	11	33	16	41	43	45	38	15	21	29	27	31	14	40	28	17	49	20	41	45	36	43	17	43	32	33	36	49	33	33	24	30	18	34	48	32	23	49	10	37	15	17	50	15	42	25	24	23	38	40	47	36	36	22	16	11	41	31	33	15	36	31	42	50	14	16	50	27	19	20	18	38	16	17	27	40	24	10	22	45	35	33	36	47	23	18	16	49	21	44	36	46	47	29	36	45	16	29	16	17	34	49	33	50	28	25	31	25	34	45	50	25	45	41	18	30	43	39	27	50	32	39	14	45	18	44	46	41	18	50	45	47	35	31	22	13	16	41	30	36	17	35	49	17	42	19	44	28	20	32	50	34	17	36	10	23	16	23	10	50	14	24	17	26	25	25	29	24	16	19	45	42	40	28	49	13	21	47	33	34	41	36	22	26	10	11	50	47	25	15	44	13	21	10	22	31	21	49	13	43	22	42	35	38	48	43	41	47	50	31	45	50	39	48	49	37	39	32	36	35	41	47	33	15	24	49	31	30	49	39	33	24	10	44	33	48	24	17	35	39	30	19	31	28	10	25	45	43	15	25	28	31	39	37	29	50	17	45	34	41	21	14	19	17	15	21	25	10	45	16	41	23	30	40	10	11	10	37	34	12	27	10	37	19	45	20	43	45	17	25	19	32	45	31	43	49	22	46	14	21	14	50	19	33	33	28	24	24	44	19	35	29	39	45	12	11	12	48	42	17	26	30	20	39	24	27	44	39	17	32	41	12	31	15	28	39	43	34	42	37	45	29	50	28	26	15	23	30	47	47	19	19	22	14	45	21	34	11	21	20	15	38	42	16	47	41	30	15	19	36	33	34	41	46	14	29	22	40	12	38	23	12	44	10	30	18	24	13	10	10	18	37	29	33	11	26	16	42	25	24	12	18	39	26	15	27	43	16	23	37	48	37	29	25	16	49	35	18	47	50	19	33	21	41	26	33	39	43	38	18	32	49	41	23	20	38	13	19	33	41	36	32	10	21	27	31	46	31	40	11	35	41	14	25	21	24	32	16	22	21	14	29	43	42	48	44	36	31	41	20	17	38	13	45	20	22	42	47	45	23	12	37	28	40	21	36	21	40	41	41	33	34	30	27	36	14	19	10	15	39	13	50	23	18	32	43	16	43	11	43	30	28	27	32	15	38	25	11	38	30	48	44	11	11	12	13	11	31	31	19	31	32	35	43	43	16	35	43	31	36	50	36	44	37	29	23	18	30	11	41	43	30	27	44	38	17	37	47	21	45	26	41	21	26	12	19	46	23	41	33	43	44	30	12	16	44	12	19	26	48	14	12	27	50	46	16	41	15	47	31	34	34	32	28	27	41	18	45	33	10	11	21	13	20	49	30	27	20	34	38	29	14	19	42	49	41	49	11	32	38	37	16	10	16	23	22	18	11	40	47	23	43	34	24	22	37	12	48	47	29	38	25	39	10	43	17	30	30	30	15	43	37	25	21	41	33	44	10	45	29	20	36	26	33	33	21	49	16	35	22	46	34	29	21	23	22	39	37	19	27	24	46	20	25	44	21	46	37	40	40	27	47	18	37	35	32	33	29	22	41	12	42	32	26	23	21	33	50	33	29	28	24	39	31	36	26	39	35	43	39	26	50	47	26	36	29	17	33	50	24	15	15	28	44	39	49	46	34	30	16	19	20	16	16	38	30	21	10	36	50	35	23	39	33	10	32	49	28	33	20	39	26	48	29	17	37	14	24	42	28	22	34	14	28	33	44	27	27	25	33	21	23	22	32	21	23	31	26	12	13	34	46	16	11	38	27	48	15	20	47	46	30	12	26	44	22	50	30	19	32	48	35	27	23	23	27	40	13	28	10	31	32	39	20	24	37	28	11	32	21	45	16	34	17	17	15	21	27	25	39	22	31	29	40	31	18	39	32	41	45	22	18	43	23	49	18	50	33	46	16	27	40	50	39	50	38	40	46	21	21	43	22	39	24	50	41	27	45	30	10	16	33	22	11	40	12	24	42	28	25	35	42	35	49	34	34	20	40	39	46	11	45	48	42	37	39	30	39	42	11	47	44	25	25	20	14	18	48	33	44	24	22	21	10	25	16	17	36	29	40	35	33	35	12	34	31	19	19	19	38	27	44	26	36	28	41	35	38	33	28	18	26	43	50	29	27	31	40	33	48	11	47	27	16	28	13	10	34	44	47	29	30	32	22	43	38	34	47	36	35	40	50	39	13	10	38	14	23	47	27	17	20	44	38	18	31	25	34	17	11	13	27	28	49	20	43	34	43	38	40	15	39	13	20	24	16	50	44	41	12	17	26	44	38	21	31	16	28	11	34	35	45	12	50	16	14	47	44	32	44	32	
15
90
