1580
80
0	500	0	0	0	0	0	0	0	0	0	0	0	0	0	0	0	0	0	0	0	0	0	0	0	0	0	0	0	0	0	0	0	0	0	0	0	0	0	0	0	0	0	0	0	0	48	0	0	0	0	0	0	0	0	0	0	0	0	0	0	0	0	0	0	0	0	0	0	0	0	0	0	0	0	0	0	0	0	0	
500	0	0	0	0	0	0	0	0	0	0	0	192	0	0	0	0	0	0	0	0	0	0	0	0	0	0	0	0	0	0	0	96	0	0	0	0	0	0	0	0	0	0	0	0	0	96	0	0	0	0	0	0	0	0	0	0	0	0	0	0	0	0	0	0	0	0	0	0	0	0	0	0	0	0	0	0	0	0	0	
0	0	0	0	0	0	0	500	0	0	0	96	0	0	0	0	0	0	0	0	0	0	0	0	0	0	0	0	0	0	0	0	0	0	0	0	0	0	0	0	0	0	0	0	0	0	0	0	0	0	0	0	0	0	0	0	0	0	0	0	0	0	0	0	0	0	0	0	0	0	0	0	0	0	0	0	0	0	0	0	
0	0	0	0	0	0	0	0	0	0	0	0	0	0	0	0	0	0	0	0	0	0	0	0	0	0	0	0	0	0	0	0	0	0	0	0	0	0	0	0	0	0	0	0	0	0	0	0	0	0	0	0	0	0	0	0	0	96	0	0	0	0	0	0	0	0	0	48	0	0	0	500	0	0	0	0	0	0	0	0	
0	0	0	0	0	0	0	0	0	0	0	0	0	0	0	0	0	0	0	0	0	0	0	0	0	0	0	0	0	0	0	0	0	0	0	0	500	0	0	0	0	0	0	0	0	0	0	0	0	0	0	0	0	0	0	0	0	0	0	0	0	0	0	48	0	0	0	0	0	0	0	0	0	0	48	0	0	0	0	0	
0	0	0	0	0	0	0	0	0	0	0	0	0	48	0	0	0	0	0	0	0	0	0	0	0	0	0	0	0	0	0	0	0	0	0	0	0	0	0	0	0	0	0	0	0	0	0	0	0	0	0	0	0	0	0	0	0	0	48	0	0	0	0	0	0	0	0	0	0	0	0	0	0	0	0	0	0	0	0	0	
0	0	0	0	0	0	0	0	0	0	0	0	192	0	0	0	0	0	0	0	0	0	0	0	0	0	0	0	0	0	0	0	48	0	0	0	0	0	0	0	192	48	96	0	0	0	0	0	0	0	0	0	0	0	0	0	0	0	0	0	0	0	0	0	0	0	0	0	0	0	0	0	0	0	0	0	0	0	0	0	
0	0	500	0	0	0	0	0	0	0	0	500	0	0	0	0	0	0	0	0	0	0	0	0	0	0	0	0	0	0	0	0	0	0	0	0	0	0	0	0	0	0	0	0	0	0	0	0	0	0	0	0	0	0	0	0	0	0	0	0	0	0	0	0	0	0	0	0	0	0	0	0	0	0	0	0	0	0	0	0	
0	0	0	0	0	0	0	0	0	0	0	0	0	0	0	0	0	0	0	0	0	0	0	0	0	0	500	0	0	0	0	0	0	0	0	0	0	48	0	0	0	0	0	0	0	0	0	0	0	0	0	0	0	0	0	0	0	0	0	0	0	0	0	0	0	0	0	0	48	0	0	0	0	0	0	0	0	0	0	0	
0	0	0	0	0	0	0	0	0	0	0	0	0	0	0	0	0	0	0	0	0	0	0	0	48	0	0	500	0	0	0	0	0	0	0	0	0	0	0	0	500	0	0	0	0	0	0	0	0	0	0	0	0	0	0	0	0	0	0	0	0	0	0	0	0	0	0	0	0	0	0	0	0	0	0	0	0	500	0	0	
0	0	0	0	0	0	0	0	0	0	0	0	0	0	0	0	0	0	0	0	0	0	0	0	0	0	0	0	0	0	0	0	0	0	0	0	0	0	48	0	0	0	48	0	0	0	0	0	0	0	0	0	0	0	0	0	0	0	0	0	0	0	0	0	0	0	0	0	0	0	0	0	0	0	0	0	0	0	0	0	
0	0	96	0	0	0	0	500	0	0	0	0	0	0	0	0	0	0	0	500	0	0	0	0	0	0	0	0	0	0	0	0	0	0	0	0	0	0	0	0	0	0	0	0	0	96	0	0	0	0	0	0	0	0	0	0	0	0	0	0	0	0	0	0	500	0	0	0	0	0	0	0	0	0	0	0	0	0	0	0	
0	192	0	0	0	0	192	0	0	0	0	0	0	0	0	0	0	0	0	0	0	0	0	0	0	0	0	0	0	0	0	0	500	0	0	0	0	0	0	0	0	500	48	0	0	0	0	0	0	0	0	0	0	0	0	0	0	0	0	0	0	0	0	0	0	0	0	0	0	0	0	0	0	0	0	0	0	0	0	0	
0	0	0	0	0	48	0	0	0	0	0	0	0	0	0	0	0	0	0	0	0	0	0	0	0	0	0	0	0	0	0	0	0	0	0	0	0	0	0	0	0	0	0	0	0	0	0	0	0	0	0	0	0	0	0	0	0	48	0	0	0	0	0	0	0	0	0	0	0	0	0	0	0	0	0	0	0	0	0	0	
0	0	0	0	0	0	0	0	0	0	0	0	0	0	0	0	0	0	0	0	0	0	0	0	0	0	0	0	0	0	0	0	0	0	0	0	0	0	0	0	0	0	0	0	48	0	0	0	0	0	0	0	0	0	0	0	0	0	0	0	0	0	500	0	0	0	0	0	0	0	0	0	0	0	0	48	0	0	0	0	
0	0	0	0	0	0	0	0	0	0	0	0	0	0	0	0	0	0	0	0	0	0	0	0	0	0	0	0	0	0	500	0	0	0	0	0	0	0	0	0	0	0	0	0	0	0	0	0	0	0	0	0	0	192	0	0	0	0	0	0	0	0	0	0	0	0	0	0	0	0	0	0	0	0	0	0	0	0	192	0	
0	0	0	0	0	0	0	0	0	0	0	0	0	0	0	0	0	0	0	0	0	0	0	0	0	0	0	0	0	0	0	0	0	500	0	0	0	0	0	0	0	0	0	0	0	0	0	0	0	0	0	0	0	0	0	0	0	0	500	0	0	0	0	0	0	0	0	48	0	0	0	0	0	0	0	0	0	0	0	0	
0	0	0	0	0	0	0	0	0	0	0	0	0	0	0	0	0	0	0	0	0	0	0	0	0	0	0	0	0	0	0	0	0	0	0	0	0	0	0	0	0	0	0	0	0	0	0	0	0	0	0	0	0	0	0	48	192	0	0	0	0	0	0	0	0	0	0	0	0	0	0	0	0	0	0	0	0	0	192	0	
0	0	0	0	0	0	0	0	0	0	0	0	0	0	0	0	0	0	0	0	0	0	0	0	0	0	0	0	0	0	0	0	0	0	0	0	0	0	0	0	0	0	0	0	0	0	0	0	0	192	0	0	0	0	0	0	0	0	0	0	0	0	0	0	0	0	0	0	0	0	0	0	0	96	0	0	0	0	0	0	
0	0	0	0	0	0	0	0	0	0	0	500	0	0	0	0	0	0	0	0	0	0	0	0	0	0	0	0	0	0	0	0	0	0	0	0	0	0	0	0	0	0	0	0	0	500	0	0	0	0	0	0	0	0	0	0	0	0	0	0	0	0	0	0	0	0	0	0	0	0	0	0	0	0	0	0	0	0	0	0	
0	0	0	0	0	0	0	0	0	0	0	0	0	0	0	0	0	0	0	0	0	0	0	0	0	0	0	96	0	0	0	0	0	0	0	0	0	0	0	0	0	0	0	48	0	0	0	0	0	0	0	0	0	0	0	0	0	0	0	0	0	0	0	48	0	0	0	0	0	0	0	0	0	0	0	0	0	0	0	0	
0	0	0	0	0	0	0	0	0	0	0	0	0	0	0	0	0	0	0	0	0	0	0	0	0	0	0	0	0	0	500	0	0	0	0	0	0	0	0	0	0	0	0	0	0	0	0	0	0	0	48	0	0	0	0	0	0	0	0	0	0	192	0	0	0	0	0	0	0	0	0	0	0	0	0	0	0	0	0	0	
0	0	0	0	0	0	0	0	0	0	0	0	0	0	0	0	0	0	0	0	0	0	0	0	0	0	0	0	0	0	0	0	0	0	0	96	0	0	0	0	0	0	0	0	0	0	0	0	0	0	0	48	0	0	48	0	0	0	0	0	0	0	0	0	0	0	0	0	0	0	0	0	0	0	0	0	0	0	0	96	
0	0	0	0	0	0	0	0	0	0	0	0	0	0	0	0	0	0	0	0	0	0	0	0	0	48	0	0	0	0	0	0	0	0	500	0	0	0	0	0	0	0	0	0	0	0	0	0	0	0	0	0	0	0	0	0	0	0	0	0	0	0	0	0	0	0	0	0	0	0	0	0	0	0	0	0	0	0	0	0	
0	0	0	0	0	0	0	0	0	48	0	0	0	0	0	0	0	0	0	0	0	0	0	0	0	0	0	0	48	0	0	0	0	0	0	0	0	0	0	0	0	0	0	0	0	0	0	0	0	0	0	0	0	0	0	0	0	0	0	0	0	0	0	0	0	0	0	0	0	0	0	0	0	0	0	0	0	48	0	0	
0	0	0	0	0	0	0	0	0	0	0	0	0	0	0	0	0	0	0	0	0	0	0	48	0	0	0	0	0	0	0	0	0	0	192	0	0	0	0	0	0	0	0	0	0	0	0	0	0	0	0	0	0	0	0	0	0	0	0	0	0	0	0	0	0	0	0	0	0	0	0	0	0	0	0	0	0	0	0	0	
0	0	0	0	0	0	0	0	500	0	0	0	0	0	0	0	0	0	0	0	0	0	0	0	0	0	0	0	0	0	0	0	0	0	0	0	0	192	0	0	0	0	0	0	0	0	0	0	0	0	0	0	0	0	0	0	0	0	0	0	0	0	0	0	0	0	0	0	0	0	0	0	0	0	0	0	0	0	0	0	
0	0	0	0	0	0	0	0	0	500	0	0	0	0	0	0	0	0	0	0	96	0	0	0	0	0	0	0	0	0	0	0	0	0	0	0	0	0	0	0	0	0	0	500	0	0	0	0	0	0	0	0	0	0	0	0	0	0	0	0	0	0	0	0	0	0	0	0	0	0	0	0	0	0	0	0	0	0	0	0	
0	0	0	0	0	0	0	0	0	0	0	0	0	0	0	0	0	0	0	0	0	0	0	0	48	0	0	0	0	0	0	0	0	0	0	0	0	0	0	0	0	0	0	0	0	0	0	0	0	0	0	0	0	0	0	0	0	0	0	0	0	0	0	0	0	0	0	0	0	0	0	0	0	0	96	0	0	0	0	0	
0	0	0	0	0	0	0	0	0	0	0	0	0	0	0	0	0	0	0	0	0	0	0	0	0	0	0	0	0	0	0	192	0	0	0	0	0	0	0	0	0	48	0	0	0	0	0	0	0	0	0	0	0	0	0	0	0	0	0	0	0	0	0	0	0	0	0	0	0	0	0	0	0	0	0	48	0	0	0	0	
0	0	0	0	0	0	0	0	0	0	0	0	0	0	0	500	0	0	0	0	0	500	0	0	0	0	0	0	0	0	0	0	0	0	0	0	0	0	0	0	0	0	0	0	0	0	0	0	0	0	500	0	0	0	0	0	0	0	0	0	0	500	0	0	0	0	0	0	0	0	0	0	0	0	0	0	0	0	500	0	
0	0	0	0	0	0	0	0	0	0	0	0	0	0	0	0	0	0	0	0	0	0	0	0	0	0	0	0	0	192	0	0	0	0	0	0	0	0	0	0	0	48	0	0	0	0	0	0	0	0	0	0	0	0	0	0	0	0	0	0	0	0	192	0	0	0	0	0	0	0	0	0	0	0	0	0	0	0	0	0	
0	96	0	0	0	0	48	0	0	0	0	0	500	0	0	0	0	0	0	0	0	0	0	0	0	0	0	0	0	0	0	0	0	0	0	0	0	0	0	0	0	0	0	0	0	0	0	0	0	0	0	0	0	0	0	0	0	0	0	0	0	0	0	0	0	0	0	0	0	0	0	0	0	0	0	0	0	0	0	0	
0	0	0	0	0	0	0	0	0	0	0	0	0	0	0	0	500	0	0	0	0	0	0	0	0	0	0	0	0	0	0	0	0	0	0	0	0	0	0	0	0	0	0	0	0	0	0	0	0	0	0	0	0	0	0	0	0	0	48	0	96	0	0	0	0	0	0	0	0	0	0	0	0	0	0	0	0	0	0	0	
0	0	0	0	0	0	0	0	0	0	0	0	0	0	0	0	0	0	0	0	0	0	0	500	0	192	0	0	0	0	0	0	0	0	0	0	0	0	0	0	0	0	0	0	0	0	0	0	0	0	0	0	0	0	0	0	0	0	0	0	0	0	0	0	0	48	0	0	0	0	0	0	0	0	0	0	0	0	0	0	
0	0	0	0	0	0	0	0	0	0	0	0	0	0	0	0	0	0	0	0	0	0	96	0	0	0	0	0	0	0	0	0	0	0	0	0	0	0	0	0	0	0	0	0	0	0	0	0	0	0	0	0	0	0	96	0	0	0	0	0	0	0	0	0	0	0	0	0	0	48	0	0	0	0	0	0	0	192	0	0	
0	0	0	0	500	0	0	0	0	0	0	0	0	0	0	0	0	0	0	0	0	0	0	0	0	0	0	0	0	0	0	0	0	0	0	0	0	0	0	0	0	0	0	0	0	0	0	0	0	0	0	0	0	0	0	0	0	0	0	0	0	0	0	500	0	0	0	0	0	0	0	0	0	0	0	0	0	0	0	0	
0	0	0	0	0	0	0	0	48	0	0	0	0	0	0	0	0	0	0	0	0	0	0	0	0	0	192	0	0	0	0	0	0	0	0	0	0	0	0	0	0	0	0	0	0	0	0	0	0	0	0	0	0	0	0	0	0	0	0	0	0	0	0	0	0	0	0	0	192	0	0	0	0	0	0	0	0	0	0	0	
0	0	0	0	0	0	0	0	0	0	48	0	0	0	0	0	0	0	0	0	0	0	0	0	0	0	0	0	0	0	0	0	0	0	0	0	0	0	0	0	0	0	500	0	0	0	0	0	0	0	0	0	0	0	0	0	0	0	0	0	0	0	0	0	0	0	0	0	0	0	0	0	0	0	0	0	0	0	0	0	
0	0	0	0	0	0	0	0	0	0	0	0	0	0	0	0	0	0	0	0	0	0	0	0	0	0	0	0	0	0	0	0	0	0	0	0	0	0	0	0	0	0	0	48	96	0	0	0	0	0	0	0	0	0	0	0	0	0	0	48	0	0	0	0	0	0	0	0	0	0	0	0	0	0	0	0	0	0	0	0	
0	0	0	0	0	0	192	0	0	500	0	0	0	0	0	0	0	0	0	0	0	0	0	0	0	0	0	0	0	0	0	0	0	0	0	0	0	0	0	0	0	0	0	0	0	0	0	0	0	0	0	0	0	0	0	0	0	0	0	0	0	0	0	0	0	0	0	0	0	0	0	0	0	0	0	0	0	0	0	0	
0	0	0	0	0	0	48	0	0	0	0	0	500	0	0	0	0	0	0	0	0	0	0	0	0	0	0	0	0	48	0	48	0	0	0	0	0	0	0	0	0	0	96	0	0	0	0	0	0	0	0	0	0	0	0	0	0	0	0	0	0	0	0	0	0	0	0	0	0	0	0	0	0	0	0	0	0	0	0	0	
0	0	0	0	0	0	96	0	0	0	48	0	48	0	0	0	0	0	0	0	0	0	0	0	0	0	0	0	0	0	0	0	0	0	0	0	0	0	500	0	0	96	0	0	0	0	0	0	0	0	0	0	0	0	0	0	0	0	0	0	0	0	0	0	0	0	0	0	0	0	0	0	0	0	0	0	0	0	0	0	
0	0	0	0	0	0	0	0	0	0	0	0	0	0	0	0	0	0	0	0	48	0	0	0	0	0	0	500	0	0	0	0	0	0	0	0	0	0	0	48	0	0	0	0	0	0	0	0	0	0	0	0	0	0	0	0	0	0	0	0	0	0	0	0	0	0	0	0	0	0	0	0	0	0	0	0	0	0	0	0	
0	0	0	0	0	0	0	0	0	0	0	0	0	0	48	0	0	0	0	0	0	0	0	0	0	0	0	0	0	0	0	0	0	0	0	0	0	0	0	96	0	0	0	0	0	0	0	0	0	0	0	0	0	0	0	0	0	0	0	0	0	0	0	0	0	0	0	0	0	0	0	0	0	0	0	0	0	0	0	0	
0	0	0	0	0	0	0	0	0	0	0	96	0	0	0	0	0	0	0	500	0	0	0	0	0	0	0	0	0	0	0	0	0	0	0	0	0	0	0	0	0	0	0	0	0	0	0	0	0	0	0	0	0	0	0	0	0	0	0	0	0	0	0	0	0	0	0	0	0	0	0	0	0	0	0	0	0	0	0	0	
48	96	0	0	0	0	0	0	0	0	0	0	0	0	0	0	0	0	0	0	0	0	0	0	0	0	0	0	0	0	0	0	0	0	0	0	0	0	0	0	0	0	0	0	0	0	0	0	0	0	0	0	0	0	0	0	0	0	0	0	0	0	0	0	0	0	96	0	0	0	0	0	0	0	0	0	0	0	0	0	
0	0	0	0	0	0	0	0	0	0	0	0	0	0	0	0	0	0	0	0	0	0	0	0	0	0	0	0	0	0	0	0	0	0	0	0	0	0	0	0	0	0	0	0	0	0	0	0	0	0	0	0	500	0	0	0	0	0	0	0	0	0	0	0	192	0	0	0	0	0	0	0	0	0	0	0	0	0	0	0	
0	0	0	0	0	0	0	0	0	0	0	0	0	0	0	0	0	0	0	0	0	0	0	0	0	0	0	0	0	0	0	0	0	0	0	0	0	0	0	0	0	0	0	0	0	0	0	0	0	0	0	0	0	0	0	0	0	0	0	0	0	0	0	0	0	0	0	0	0	0	96	0	0	0	0	0	500	0	0	0	
0	0	0	0	0	0	0	0	0	0	0	0	0	0	0	0	0	0	192	0	0	0	0	0	0	0	0	0	0	0	0	0	0	0	0	0	0	0	0	0	0	0	0	0	0	0	0	0	0	0	0	0	0	0	0	0	0	0	0	0	0	0	0	0	0	0	0	0	0	0	0	0	96	0	0	0	0	0	0	0	
0	0	0	0	0	0	0	0	0	0	0	0	0	0	0	0	0	0	0	0	0	48	0	0	0	0	0	0	0	0	500	0	0	0	0	0	0	0	0	0	0	0	0	0	0	0	0	0	0	0	0	0	0	0	0	0	0	0	0	0	0	0	0	0	0	0	0	0	0	0	0	0	0	0	0	0	0	0	0	0	
0	0	0	0	0	0	0	0	0	0	0	0	0	0	0	0	0	0	0	0	0	0	48	0	0	0	0	0	0	0	0	0	0	0	0	0	0	0	0	0	0	0	0	0	0	0	0	0	0	0	0	0	0	0	0	0	0	0	0	0	0	0	0	0	0	0	0	0	0	0	0	0	0	0	0	0	0	0	0	500	
0	0	0	0	0	0	0	0	0	0	0	0	0	0	0	0	0	0	0	0	0	0	0	0	0	0	0	0	0	0	0	0	0	0	0	0	0	0	0	0	0	0	0	0	0	0	0	500	0	0	0	0	0	0	0	0	0	0	0	0	0	0	0	0	0	0	192	0	0	0	0	0	0	0	0	0	0	0	0	0	
0	0	0	0	0	0	0	0	0	0	0	0	0	0	0	192	0	0	0	0	0	0	0	0	0	0	0	0	0	0	0	0	0	0	0	0	0	0	0	0	0	0	0	0	0	0	0	0	0	0	0	0	0	0	0	192	500	0	0	0	0	0	0	0	0	0	0	0	0	0	0	0	0	0	0	0	0	0	0	0	
0	0	0	0	0	0	0	0	0	0	0	0	0	0	0	0	0	0	0	0	0	0	48	0	0	0	0	0	0	0	0	0	0	0	0	96	0	0	0	0	0	0	0	0	0	0	0	0	0	0	0	0	0	0	0	0	0	0	0	0	0	0	0	0	0	0	0	0	0	0	0	0	0	0	0	0	0	0	0	0	
0	0	0	0	0	0	0	0	0	0	0	0	0	0	0	0	0	48	0	0	0	0	0	0	0	0	0	0	0	0	0	0	0	0	0	0	0	0	0	0	0	0	0	0	0	0	0	0	0	0	0	0	0	192	0	0	0	0	0	0	0	0	0	0	0	0	0	0	0	192	0	0	0	0	0	0	0	0	0	0	
0	0	0	0	0	0	0	0	0	0	0	0	0	0	0	0	0	192	0	0	0	0	0	0	0	0	0	0	0	0	0	0	0	0	0	0	0	0	0	0	0	0	0	0	0	0	0	0	0	0	0	0	0	500	0	0	0	0	0	0	0	0	0	0	0	0	0	0	0	0	0	0	0	0	0	0	0	0	0	0	
0	0	0	96	0	0	0	0	0	0	0	0	0	48	0	0	0	0	0	0	0	0	0	0	0	0	0	0	0	0	0	0	0	0	0	0	0	0	0	0	0	0	0	0	0	0	0	0	0	0	0	0	0	0	0	0	0	0	0	0	0	0	0	0	0	0	0	0	0	0	0	0	0	0	0	0	0	0	0	0	
0	0	0	0	0	48	0	0	0	0	0	0	0	0	0	0	500	0	0	0	0	0	0	0	0	0	0	0	0	0	0	0	0	48	0	0	0	0	0	0	0	0	0	0	0	0	0	0	0	0	0	0	0	0	0	0	0	0	0	0	96	0	0	0	0	0	0	0	0	0	0	96	0	0	0	0	0	0	0	0	
0	0	0	0	0	0	0	0	0	0	0	0	0	0	0	0	0	0	0	0	0	0	0	0	0	0	0	0	0	0	0	0	0	0	0	0	0	0	0	48	0	0	0	0	0	0	0	0	0	0	0	0	0	0	0	0	0	0	0	0	0	0	48	0	0	192	0	0	0	0	0	192	0	0	0	0	0	192	0	0	
0	0	0	0	0	0	0	0	0	0	0	0	0	0	0	0	0	0	0	0	0	0	0	0	0	0	0	0	0	0	0	0	0	96	0	0	0	0	0	0	0	0	0	0	0	0	0	0	0	0	0	0	0	0	0	0	0	0	96	0	0	0	0	0	0	0	0	0	0	0	0	0	0	0	0	0	0	0	0	0	
0	0	0	0	0	0	0	0	0	0	0	0	0	0	0	0	0	0	0	0	0	192	0	0	0	0	0	0	0	0	500	0	0	0	0	0	0	0	0	0	0	0	0	0	0	0	0	0	0	0	0	0	0	0	0	0	0	0	0	0	0	0	0	0	0	96	0	0	0	0	0	0	0	0	0	0	0	0	0	0	
0	0	0	0	0	0	0	0	0	0	0	0	0	0	500	0	0	0	0	0	0	0	0	0	0	0	0	0	0	0	0	192	0	0	0	0	0	0	0	0	0	0	0	0	0	0	0	0	0	0	0	0	0	0	0	0	0	0	0	48	0	0	0	0	0	0	0	0	0	0	0	0	0	0	0	0	0	0	0	0	
0	0	0	0	48	0	0	0	0	0	0	0	0	0	0	0	0	0	0	0	48	0	0	0	0	0	0	0	0	0	0	0	0	0	0	0	500	0	0	0	0	0	0	0	0	0	0	0	0	0	0	0	0	0	0	0	0	0	0	0	0	0	0	0	0	0	0	0	0	0	0	0	0	0	0	0	0	0	0	0	
0	0	0	0	0	0	0	0	0	0	0	500	0	0	0	0	0	0	0	0	0	0	0	0	0	0	0	0	0	0	0	0	0	0	0	0	0	0	0	0	0	0	0	0	0	0	0	192	0	0	0	0	0	0	0	0	0	0	0	0	0	0	0	0	0	0	0	0	0	0	0	0	0	0	0	0	0	0	0	0	
0	0	0	0	0	0	0	0	0	0	0	0	0	0	0	0	0	0	0	0	0	0	0	0	0	0	0	0	0	0	0	0	0	0	48	0	0	0	0	0	0	0	0	0	0	0	0	0	0	0	0	0	0	0	0	0	0	0	0	192	0	96	0	0	0	0	0	0	0	0	500	0	0	0	0	0	500	0	0	0	
0	0	0	0	0	0	0	0	0	0	0	0	0	0	0	0	0	0	0	0	0	0	0	0	0	0	0	0	0	0	0	0	0	0	0	0	0	0	0	0	0	0	0	0	0	0	96	0	0	0	0	0	192	0	0	0	0	0	0	0	0	0	0	0	0	0	0	0	0	0	0	0	0	0	0	0	0	0	0	0	
0	0	0	48	0	0	0	0	0	0	0	0	0	0	0	0	48	0	0	0	0	0	0	0	0	0	0	0	0	0	0	0	0	0	0	0	0	0	0	0	0	0	0	0	0	0	0	0	0	0	0	0	0	0	0	0	0	0	0	0	0	0	0	0	0	0	0	0	0	0	0	0	0	0	0	0	0	0	0	0	
0	0	0	0	0	0	0	0	48	0	0	0	0	0	0	0	0	0	0	0	0	0	0	0	0	0	0	0	0	0	0	0	0	0	0	0	0	192	0	0	0	0	0	0	0	0	0	0	0	0	0	0	0	0	0	0	0	0	0	0	0	0	0	0	0	0	0	0	0	0	0	0	500	0	0	0	0	0	0	0	
0	0	0	0	0	0	0	0	0	0	0	0	0	0	0	0	0	0	0	0	0	0	0	0	0	0	0	0	0	0	0	0	0	0	0	48	0	0	0	0	0	0	0	0	0	0	0	0	0	0	0	0	0	0	0	192	0	0	0	0	0	0	0	0	0	0	0	0	0	0	0	0	0	0	0	0	0	0	0	0	
0	0	0	0	0	0	0	0	0	0	0	0	0	0	0	0	0	0	0	0	0	0	0	0	0	0	0	0	0	0	0	0	0	0	0	0	0	0	0	0	0	0	0	0	0	0	0	0	96	0	0	0	0	0	0	0	0	0	0	0	0	0	0	0	0	500	0	0	0	0	0	0	0	192	0	0	500	0	0	0	
0	0	0	500	0	0	0	0	0	0	0	0	0	0	0	0	0	0	0	0	0	0	0	0	0	0	0	0	0	0	0	0	0	0	0	0	0	0	0	0	0	0	0	0	0	0	0	0	0	0	0	0	0	0	0	0	0	0	96	192	0	0	0	0	0	0	0	0	0	0	0	0	0	0	0	0	0	0	0	0	
0	0	0	0	0	0	0	0	0	0	0	0	0	0	0	0	0	0	0	0	0	0	0	0	0	0	0	0	0	0	0	0	0	0	0	0	0	0	0	0	0	0	0	0	0	0	0	0	0	96	0	0	0	0	0	0	0	0	0	0	0	0	0	0	0	0	0	0	500	0	0	0	0	500	0	0	192	0	48	0	
0	0	0	0	0	0	0	0	0	0	0	0	0	0	0	0	0	0	96	0	0	0	0	0	0	0	0	0	0	0	0	0	0	0	0	0	0	0	0	0	0	0	0	0	0	0	0	0	0	0	0	0	0	0	0	0	0	0	0	0	0	0	0	0	0	0	0	0	0	0	192	0	500	0	0	0	48	0	0	0	
0	0	0	0	48	0	0	0	0	0	0	0	0	0	0	0	0	0	0	0	0	0	0	0	0	0	0	0	96	0	0	0	0	0	0	0	0	0	0	0	0	0	0	0	0	0	0	0	0	0	0	0	0	0	0	0	0	0	0	0	0	0	0	0	0	0	0	0	0	0	0	0	0	0	0	0	0	0	0	0	
0	0	0	0	0	0	0	0	0	0	0	0	0	0	48	0	0	0	0	0	0	0	0	0	0	0	0	0	0	48	0	0	0	0	0	0	0	0	0	0	0	0	0	0	0	0	0	0	0	0	0	0	0	0	0	0	0	0	0	0	0	0	0	0	0	0	0	0	0	0	0	0	0	0	0	0	0	0	0	0	
0	0	0	0	0	0	0	0	0	0	0	0	0	0	0	0	0	0	0	0	0	0	0	0	0	0	0	0	0	0	0	0	0	0	0	0	0	0	0	0	0	0	0	0	0	0	0	0	500	0	0	0	0	0	0	0	0	0	0	0	0	0	0	0	0	500	0	0	0	0	500	0	192	48	0	0	0	0	0	0	
0	0	0	0	0	0	0	0	0	500	0	0	0	0	0	0	0	0	0	0	0	0	0	0	48	0	0	0	0	0	0	0	0	0	0	192	0	0	0	0	0	0	0	0	0	0	0	0	0	0	0	0	0	0	0	0	0	0	0	192	0	0	0	0	0	0	0	0	0	0	0	0	0	0	0	0	0	0	0	0	
0	0	0	0	0	0	0	0	0	0	0	0	0	0	0	192	0	192	0	0	0	0	0	0	0	0	0	0	0	0	500	0	0	0	0	0	0	0	0	0	0	0	0	0	0	0	0	0	0	0	0	0	0	0	0	0	0	0	0	0	0	0	0	0	0	0	0	0	0	0	0	0	48	0	0	0	0	0	0	0	
0	0	0	0	0	0	0	0	0	0	0	0	0	0	0	0	0	0	0	0	0	0	96	0	0	0	0	0	0	0	0	0	0	0	0	0	0	0	0	0	0	0	0	0	0	0	0	0	0	0	0	500	0	0	0	0	0	0	0	0	0	0	0	0	0	0	0	0	0	0	0	0	0	0	0	0	0	0	0	0	
37	45	33	0	63	79	67	45	73	12	14	54	36	37	2	43	50	26	66	60	4	45	77	76	73	30	5	59	36	31	43	58	69	17	0	10	78	52	5	13	47	41	26	34	57	35	65	27	78	16	44	58	13	20	73	62	26	62	76	42	3	31	5	78	59	41	36	42	18	77	11	65	58	75	75	3	3	5	69	65	14	44	74	28	44	16	11	69	63	18	24	78	39	36	67	22	6	7	77	79	76	11	55	27	74	18	66	9	65	45	14	60	19	44	30	20	16	16	33	18	10	27	41	6	0	46	39	19	6	58	27	73	42	79	56	41	79	14	29	53	37	9	44	28	45	49	22	64	25	38	28	67	25	10	31	36	47	77	63	22	26	65	14	24	29	23	77	77	25	15	77	53	29	11	79	49	76	75	4	50	71	65	76	57	62	13	9	7	2	65	12	77	52	46	38	12	22	20	56	22	72	69	51	58	27	17	55	43	33	58	54	8	74	1	49	68	71	70	57	30	74	42	79	73	3	16	3	5	67	22	24	67	76	0	45	68	30	61	68	57	26	30	62	4	50	69	27	68	38	35	30	11	39	24	22	43	54	6	37	3	69	78	12	22	5	32	28	3	21	45	6	45	8	7	10	52	78	47	27	57	41	53	24	45	57	75	19	65	15	66	29	6	61	26	22	77	35	69	65	56	50	67	45	6	75	22	28	57	32	78	15	67	66	29	39	36	32	51	36	76	61	34	73	14	25	75	69	10	54	14	26	1	51	29	25	36	4	73	34	4	23	34	40	2	31	57	26	15	44	16	11	61	0	40	26	75	10	49	8	59	46	45	56	79	26	29	58	7	49	49	62	67	3	74	6	38	50	43	19	16	45	2	38	34	55	35	16	29	33	13	1	18	43	17	11	50	38	17	16	46	51	30	31	40	4	8	41	79	25	49	1	22	19	57	38	76	20	66	11	36	12	29	31	14	77	10	20	74	6	11	43	27	74	16	68	49	58	75	66	29	37	12	20	16	47	53	28	60	6	7	27	16	61	34	65	46	68	72	1	72	76	73	26	77	39	55	31	16	69	67	31	64	71	45	12	48	79	6	70	0	45	1	0	49	50	12	73	4	32	27	67	10	7	61	15	36	8	51	14	19	4	0	49	24	45	2	56	5	20	60	38	41	8	63	10	71	12	76	70	78	49	19	59	49	70	5	73	32	62	37	35	60	41	65	24	22	25	29	58	31	30	39	74	8	9	19	41	66	60	32	24	78	71	32	23	29	11	3	40	65	73	59	44	25	19	40	4	24	9	60	65	29	13	40	36	43	79	12	13	50	16	25	78	3	50	2	24	30	68	37	12	6	58	70	75	76	50	20	5	31	63	48	13	65	49	13	2	35	42	57	70	55	41	40	26	12	66	40	63	53	67	45	37	33	31	54	14	51	38	37	76	11	25	42	62	74	42	7	69	33	25	28	20	49	8	27	59	75	55	36	42	32	7	9	51	49	41	59	23	31	31	74	23	76	41	40	35	7	72	54	62	19	14	52	71	32	27	35	48	30	16	21	42	32	79	43	70	38	24	37	4	65	45	21	71	34	29	44	62	26	43	10	11	58	40	0	31	4	51	48	27	39	63	11	79	69	61	33	62	64	29	52	7	71	0	69	12	13	55	52	30	66	36	19	62	23	55	50	44	12	65	51	75	20	19	70	10	15	47	13	27	63	22	41	47	3	39	74	38	45	69	1	35	30	33	65	21	24	42	72	78	10	67	26	79	23	12	22	9	31	7	78	77	18	68	66	11	35	4	19	37	50	73	36	13	16	35	52	18	78	51	36	21	45	43	70	25	79	26	43	29	51	36	51	20	27	7	64	29	9	6	50	10	76	49	11	43	23	26	76	35	26	17	53	49	37	71	55	72	75	45	5	23	28	21	30	16	9	63	67	35	35	77	70	19	11	79	72	63	3	6	41	73	26	19	58	50	34	24	78	43	61	37	4	37	10	12	45	0	44	77	59	79	3	41	63	33	79	65	41	56	3	39	11	69	79	11	37	40	68	15	73	20	67	18	23	72	30	40	34	70	20	63	8	15	71	58	76	20	57	41	15	54	73	77	50	37	26	24	21	19	27	26	73	66	15	68	0	33	6	40	59	1	1	38	26	21	49	32	63	76	23	37	27	9	4	40	14	27	73	42	9	20	71	58	15	20	0	11	78	46	35	62	26	33	50	50	50	63	15	42	7	57	58	55	11	0	3	72	79	53	13	32	3	73	40	16	41	60	5	55	1	48	37	56	29	22	73	20	30	31	2	42	4	44	50	77	32	77	24	46	5	36	23	12	18	51	62	58	56	41	48	56	73	39	44	40	54	64	5	26	15	20	27	15	38	19	63	57	75	63	2	40	32	41	53	61	37	66	9	9	76	10	47	14	70	4	57	29	35	15	38	53	37	77	40	41	44	31	1	73	26	38	17	71	0	34	24	3	78	22	57	30	6	65	36	41	24	69	10	70	54	35	12	21	32	60	43	24	56	48	8	31	47	66	20	75	5	65	33	45	44	47	78	71	68	45	29	41	63	11	16	53	29	60	23	27	64	63	2	44	57	38	20	41	24	66	61	20	31	68	62	45	78	29	72	38	39	61	12	62	59	71	43	72	42	74	54	37	37	8	47	5	15	66	69	57	70	24	59	34	14	61	0	34	6	32	7	9	31	67	48	72	76	71	43	65	27	29	43	36	16	37	48	66	41	18	75	29	42	19	13	21	18	10	56	60	2	56	43	49	61	46	40	7	1	60	33	79	2	69	69	56	15	72	7	53	41	23	54	39	50	35	53	13	27	44	68	58	20	37	20	31	31	77	38	43	28	7	75	33	29	2	4	50	19	15	50	45	30	17	38	21	16	72	18	10	25	20	37	62	27	71	18	33	38	34	40	20	60	6	26	9	14	35	56	16	44	28	19	26	24	48	27	25	66	65	67	29	28	64	76	39	54	78	5	8	34	28	16	2	33	26	46	69	19	74	33	51	42	13	40	76	54	52	22	33	41	64	10	36	52	34	39	4	39	10	61	53	68	42	44	69	11	3	55	7	62	38	46	43	77	52	18	19	26	78	37	79	54	52	70	16	17	56	7	71	45	59	26	22	10	46	78	13	58	34	54	62	45	71	65	56	37	0	18	47	67	60	57	33	7	29	71	1	51	36	61	79	23	1	28	44	5	7	53	58	30	37	41	9	2	13	9	75	35	32	22	79	17	47	18	9	78	59	44	23	26	4	39	60	55	60	18	8	70	20	0	44	39	77	65	58	59	40	38	66	5	6	48	21	4	55	0	37	57	61	71	2	38	25	22	77	60	28	78	24	27	55	49	35	53	75	46	64	42	40	40	14	60	0	46	32	11	4	35	71	73	53	71	34	23	36	11	52	53	17	63	29	53	15	70	31	71	13	16	74	13	77	47	31	8	32	66	16	72	6	11	29	79	2	11	7	13	35	20	48	20	27	5	72	20	59	1	64	15	52	40	74	6	71	26	70	41	68	26	5	74	14	8	8	9	52	53	17	24	8	2	65	56	74	32	23	25	77	33	70	44	16	52	
46	43	11	49	42	2	8	14	53	57	73	75	45	14	78	51	45	61	2	67	68	3	66	58	45	77	76	35	55	72	12	44	29	2	16	2	46	39	37	18	69	69	22	24	33	7	51	2	46	60	7	77	56	0	63	6	78	1	73	9	60	74	66	4	62	42	22	68	3	14	35	70	55	33	53	6	6	50	73	35	15	13	61	56	62	31	62	2	63	54	24	0	1	77	57	45	0	19	45	55	73	5	49	11	9	78	36	70	28	29	0	20	65	14	53	51	68	31	13	48	66	59	24	40	24	33	64	39	67	30	5	28	64	45	49	65	28	61	68	38	20	42	57	39	53	33	13	16	12	15	46	79	70	34	72	49	48	22	25	18	7	9	14	65	72	38	34	41	16	76	69	24	60	55	2	74	9	4	38	14	52	1	15	31	10	26	10	11	72	60	51	14	11	5	7	39	33	0	52	1	37	12	7	74	37	6	44	15	46	25	49	44	77	4	34	48	48	3	44	6	66	51	30	27	17	2	34	62	58	60	23	74	43	14	42	45	79	37	55	4	52	31	44	28	40	72	69	1	70	77	16	65	77	43	41	9	8	48	46	54	21	72	75	37	18	48	14	66	10	69	52	75	60	69	40	77	51	60	10	52	30	8	53	30	56	52	70	40	16	47	59	47	49	21	16	16	10	51	19	7	70	55	33	34	52	45	70	62	0	66	15	72	70	51	42	12	69	46	52	24	57	79	73	73	62	67	38	76	67	40	57	62	68	73	79	27	13	53	20	17	45	25	54	61	64	32	65	11	51	9	18	41	2	0	8	4	28	2	77	57	77	61	49	21	2	61	46	4	8	15	67	20	75	64	45	2	58	78	8	43	1	69	34	43	77	34	39	1	27	19	53	40	24	51	41	45	1	33	46	15	19	74	36	25	11	9	38	57	54	77	33	44	49	50	35	30	57	37	72	62	75	68	14	7	20	75	34	7	17	55	48	74	31	5	21	63	27	67	31	17	18	13	27	30	34	32	53	66	54	9	10	12	76	38	72	39	49	19	76	17	34	45	18	71	76	18	71	53	77	45	74	42	32	13	21	49	3	31	23	39	3	14	13	11	62	57	51	56	15	12	55	28	4	69	5	36	11	47	27	29	47	57	5	3	30	63	1	53	38	31	27	13	66	68	1	43	49	77	15	43	62	39	19	9	56	13	41	3	58	78	47	54	67	22	2	14	46	2	77	73	74	48	32	68	50	59	22	76	21	51	60	30	46	34	32	54	28	54	63	2	10	29	21	63	55	36	15	26	15	54	59	63	14	2	38	76	67	4	76	62	10	9	74	66	79	78	78	53	17	49	69	35	44	78	75	74	12	2	14	39	0	75	74	54	4	37	12	69	21	77	2	66	31	0	57	55	65	44	77	36	7	12	60	4	62	48	50	5	3	2	45	4	35	33	73	14	27	8	36	47	55	23	26	54	38	40	9	78	68	10	29	68	62	73	4	39	17	34	75	50	42	19	29	3	54	23	74	39	34	45	77	74	43	34	51	11	46	65	10	5	40	41	63	38	54	54	29	10	5	38	68	48	3	68	47	51	11	63	75	17	43	51	54	38	32	62	45	17	7	44	44	29	29	25	17	56	0	37	56	63	27	42	30	30	60	39	33	4	0	8	46	60	5	26	17	52	54	43	24	24	65	71	15	22	67	59	20	76	10	52	51	4	1	64	58	30	6	27	69	5	23	66	66	40	15	2	13	18	13	57	68	64	44	3	19	33	26	77	40	0	21	21	15	59	56	70	70	47	66	47	73	56	78	61	22	68	27	59	42	17	20	8	49	57	40	16	56	76	2	16	29	5	17	6	28	66	1	78	67	64	62	37	15	60	55	40	76	66	56	53	23	1	13	24	62	3	5	78	14	40	60	53	3	28	78	25	27	11	26	23	18	51	12	44	21	65	0	53	34	65	53	48	6	18	55	9	29	79	3	14	53	37	22	26	10	67	12	76	10	20	36	0	49	71	74	51	45	54	75	51	26	17	36	44	38	4	18	11	45	11	18	78	61	20	1	48	2	75	44	64	58	47	48	59	1	43	57	28	69	29	6	34	3	34	36	73	39	39	78	46	14	72	34	31	38	19	13	8	27	21	12	6	27	42	60	22	35	1	74	22	79	53	67	18	60	4	36	55	56	43	58	50	32	54	34	17	0	35	10	32	53	79	45	76	30	39	41	19	5	55	75	65	9	14	1	19	71	71	22	6	11	48	72	39	67	69	4	4	11	20	8	25	1	11	15	36	65	68	71	64	25	47	30	28	21	24	31	52	18	27	57	22	31	6	23	14	39	37	7	56	55	7	39	4	77	23	18	76	37	51	7	15	61	8	17	25	1	66	63	55	47	64	76	7	35	77	7	5	27	38	27	62	4	26	39	47	10	52	54	6	58	18	23	79	50	1	54	23	31	62	79	43	13	69	1	41	41	5	55	61	49	9	48	36	66	46	40	59	72	19	60	32	48	51	40	79	57	44	43	5	77	59	33	64	43	28	39	28	0	78	25	38	8	76	22	75	1	4	26	57	39	34	50	60	24	53	43	65	64	72	49	5	61	25	51	6	11	20	29	16	72	72	28	64	16	0	45	35	65	26	13	55	71	67	25	56	16	71	78	3	56	4	25	54	29	55	55	61	12	77	21	69	0	3	48	75	9	37	21	44	18	65	33	54	56	52	1	37	41	43	66	7	18	2	65	7	31	55	27	36	77	71	14	27	10	47	69	55	51	75	62	39	20	73	70	7	74	38	42	68	51	63	23	75	28	17	75	26	65	24	17	13	64	34	23	33	37	12	26	4	62	66	24	34	71	3	28	40	45	58	52	19	63	69	14	65	39	32	5	62	53	74	23	71	3	46	34	25	49	42	1	34	41	42	19	78	27	45	51	42	66	14	64	4	75	59	69	72	68	17	0	35	9	76	31	2	40	27	30	50	77	57	41	17	38	36	63	43	48	8	43	78	7	35	12	37	56	35	45	79	33	34	77	40	47	32	56	30	78	41	42	12	11	9	66	65	20	14	27	41	54	68	68	34	45	26	41	40	6	27	55	8	63	5	58	63	53	53	1	10	52	39	8	71	26	10	44	34	19	73	9	25	61	2	30	7	20	33	55	43	6	21	1	33	79	41	57	71	76	43	60	72	44	23	70	51	26	60	54	4	51	53	40	41	21	64	73	14	12	74	6	48	22	63	60	60	47	61	56	79	5	17	55	39	52	72	22	0	74	31	34	39	36	34	24	58	62	15	21	69	69	35	70	69	71	27	24	55	16	19	41	57	30	25	4	71	14	58	7	62	44	3	47	28	22	48	25	60	24	47	18	61	31	61	40	11	57	23	70	36	19	58	26	68	9	2	17	40	9	45	40	45	63	40	77	33	8	15	59	63	3	1	16	55	74	41	58	3	76	5	68	18	70	65	12	79	52	60	0	26	36	33	27	45	18	62	76	55	44	79	78	68	31	35	31	49	70	37	61	59	17	3	3	48	43	74	48	28	17	22	15	44	65	22	79	78	71	21	59	46	49	33	66	25	43	6	47	28	67	3	
24	37	26	25	37	27	24	22	27	25	33	37	27	27	21	36	21	23	22	32	35	29	23	40	23	39	25	37	31	26	38	27	29	32	36	27	26	25	22	37	39	33	39	25	36	26	38	20	35	36	27	23	34	29	25	33	24	21	29	34	38	30	27	36	39	37	39	20	23	36	21	32	31	39	22	28	34	28	29	22	26	36	40	32	37	20	34	24	24	29	20	30	39	32	22	22	27	38	38	24	21	40	38	33	23	39	36	21	23	23	30	27	31	22	36	38	30	26	37	37	24	20	28	39	34	20	27	35	26	25	23	37	39	39	28	32	36	21	34	40	36	39	20	38	26	38	34	38	20	29	40	37	25	25	32	22	36	24	32	29	25	40	25	23	31	35	29	34	28	28	35	34	33	24	30	27	28	33	38	24	22	37	25	35	20	20	39	35	32	24	40	40	36	36	20	38	23	30	37	23	28	35	29	34	20	40	33	29	34	26	36	30	35	30	37	30	29	38	33	33	30	29	28	22	31	37	34	27	24	25	30	25	35	30	32	26	32	22	29	39	40	29	40	32	24	24	37	20	24	34	32	29	35	35	34	38	32	38	33	21	32	38	38	32	22	27	34	30	36	24	33	37	38	22	33	30	25	22	23	25	27	39	32	37	34	22	33	30	40	31	36	36	27	26	37	36	31	29	33	37	23	31	29	33	21	27	37	21	24	40	27	36	31	31	30	39	22	20	29	37	25	22	32	24	39	20	36	34	33	31	24	22	29	21	35	36	23	33	30	39	20	37	36	23	21	21	22	20	30	38	25	37	31	23	26	22	36	29	34	39	23	28	39	29	32	26	32	33	32	26	36	26	37	21	21	27	27	24	34	27	27	22	40	37	36	32	28	40	22	29	27	22	34	29	34	20	33	24	38	25	40	24	38	37	22	37	34	38	34	34	33	31	39	36	27	20	34	28	20	36	24	32	24	22	40	35	25	20	33	34	24	39	35	20	24	27	20	25	22	29	28	35	24	25	32	34	27	20	24	27	33	40	27	27	38	39	33	21	36	36	38	34	25	36	27	39	27	37	30	20	25	37	23	39	37	25	40	38	20	34	21	32	38	37	32	39	36	21	34	30	31	38	21	35	33	22	28	32	38	32	38	30	25	22	20	22	35	24	37	36	31	32	24	30	29	22	31	20	35	37	37	21	26	38	23	23	37	40	27	29	29	29	38	32	25	22	33	36	27	27	28	37	37	29	27	29	33	31	33	32	21	22	20	39	32	27	30	38	26	35	20	26	20	28	37	26	36	28	39	38	34	26	21	29	20	29	24	40	24	33	31	25	21	23	20	24	31	33	23	29	26	29	20	25	35	26	34	21	40	26	34	39	20	35	32	21	25	24	27	28	33	35	36	26	22	32	21	39	21	31	34	36	26	36	40	33	23	23	23	25	35	27	32	25	35	20	37	22	21	24	30	38	23	40	31	24	38	20	31	38	39	28	38	37	28	22	20	39	35	37	32	28	37	30	24	27	31	32	23	33	20	36	27	36	33	20	21	21	39	26	36	22	20	36	33	30	24	30	33	31	25	39	40	30	23	33	24	26	39	39	27	21	23	25	38	38	37	36	28	32	29	21	23	21	22	26	29	35	24	32	28	39	33	34	34	27	37	35	20	24	30	20	25	37	21	29	36	26	33	23	24	24	25	31	39	23	30	36	30	29	30	36	36	22	21	27	40	40	21	34	26	36	26	22	21	35	25	40	20	29	23	30	28	36	32	27	37	37	31	26	30	24	34	30	24	39	40	39	31	38	35	29	40	30	40	30	25	29	30	21	26	26	20	39	23	25	38	35	37	29	23	34	22	39	38	25	26	28	39	38	30	37	32	24	37	34	39	26	32	36	21	35	40	23	39	36	40	22	26	39	33	31	38	22	36	39	39	40	38	20	35	32	20	30	31	39	36	25	28	32	29	23	36	28	40	24	23	32	20	28	21	31	25	22	29	34	28	27	34	39	28	22	24	31	32	33	35	31	31	36	37	24	29	33	34	23	28	22	29	34	24	27	40	37	26	40	36	24	34	39	33	27	34	36	39	27	36	36	34	24	28	30	37	28	32	20	22	24	24	22	28	24	37	31	38	28	31	36	28	25	40	36	25	39	27	24	33	33	26	39	31	20	36	22	21	24	25	27	29	36	35	27	30	37	34	29	40	31	31	35	21	23	32	25	23	28	21	21	26	20	30	30	29	22	40	40	31	28	21	21	40	30	26	32	25	24	33	38	35	20	21	38	35	30	37	38	21	37	24	36	40	39	34	25	34	29	34	39	34	25	20	24	21	31	33	40	29	22	30	31	40	25	35	33	29	21	22	40	24	22	21	23	24	29	33	27	33	40	29	21	27	36	38	40	21	25	21	22	31	25	31	31	25	35	31	20	28	40	22	34	21	23	20	25	24	23	24	36	23	30	29	35	40	37	25	20	33	37	31	39	31	36	21	40	36	21	24	39	30	20	36	22	38	30	35	31	28	39	36	35	38	35	40	29	31	21	36	23	35	25	36	28	31	28	22	38	32	38	34	27	38	24	29	33	27	31	37	40	40	40	21	37	30	37	39	31	23	33	24	29	22	28	22	39	34	25	34	22	34	28	35	35	34	27	37	27	22	34	34	36	37	26	28	40	39	30	22	30	31	37	36	26	34	37	38	28	21	21	37	33	35	25	24	38	29	36	25	28	33	40	34	25	36	36	35	23	26	38	37	28	21	33	25	23	32	38	28	28	21	32	23	26	34	26	25	29	34	29	20	22	28	34	21	40	33	28	36	37	23	34	28	32	28	39	33	37	27	35	28	24	20	30	35	36	35	23	29	33	31	23	31	20	25	40	33	24	32	33	38	27	33	35	35	40	31	40	31	40	36	28	37	29	24	21	37	26	26	29	39	35	39	25	22	29	21	30	25	23	37	38	35	25	25	32	20	30	23	26	40	28	21	27	40	30	20	24	22	37	25	20	31	25	24	34	21	31	39	23	27	38	23	32	39	39	31	40	31	33	38	32	34	23	20	32	33	25	34	30	20	29	36	30	34	40	34	33	35	20	29	38	39	37	28	28	32	36	33	20	24	38	22	34	39	34	31	26	35	22	29	37	36	40	21	38	21	25	30	21	37	20	22	31	25	40	29	39	32	37	21	21	29	23	30	24	21	36	28	37	40	34	20	31	29	38	39	25	33	31	36	31	25	38	33	36	35	23	30	36	34	40	39	25	39	27	21	36	30	30	22	35	21	25	34	36	21	35	23	20	23	33	21	33	37	22	20	38	28	29	32	29	24	37	37	26	32	31	29	26	29	25	25	25	32	28	37	24	31	36	20	29	38	24	38	34	37	21	27	27	30	33	34	26	22	32	25	35	30	29	21	34	26	30	25	33	25	28	34	22	26	21	26	34	23	34	27	38	24	25	22	38	21	36	32	37	22	25	27	30	26	37	36	37	37	25	26	29	36	30	30	33	40	21	37	20	40	25	33	36	34	33	31	40	30	26	22	40	31	27	33	23	21	36	28	27	38	27	39	20	22	37	27	30	40	35	23	34	29	31	33	35	
10	27	10	40	31	42	49	38	43	49	21	19	29	19	37	47	17	37	32	10	16	39	41	44	17	12	12	22	11	29	17	16	30	19	36	33	36	12	21	19	34	26	30	24	14	25	39	20	49	26	35	21	18	26	41	43	39	46	16	12	10	41	21	44	14	18	45	45	41	26	20	11	46	47	33	40	16	15	30	22	40	32	27	35	10	33	49	23	28	35	11	29	38	21	26	29	45	26	21	20	34	14	40	43	19	24	15	34	28	30	36	39	11	38	16	36	42	21	50	41	43	13	24	10	32	44	19	28	10	36	42	48	39	31	24	32	32	33	10	26	26	24	42	30	34	16	38	43	44	23	30	34	44	32	29	30	34	21	33	20	33	50	10	17	43	16	41	14	37	24	28	33	22	38	42	22	39	22	44	24	48	11	45	21	50	35	22	41	44	36	46	21	10	20	23	44	39	35	34	30	33	50	30	32	47	26	12	34	35	34	11	38	41	50	26	18	12	14	27	36	42	41	41	42	15	21	45	46	35	41	38	33	40	23	33	41	40	20	28	32	40	38	15	31	23	19	14	35	21	32	30	35	28	38	14	26	26	14	50	20	42	43	29	25	19	16	31	28	50	24	34	44	39	25	41	10	29	33	19	27	48	22	17	36	44	20	30	25	44	43	25	47	29	26	41	32	19	24	50	29	30	38	47	38	49	40	33	35	45	14	50	33	29	27	21	35	27	30	44	24	38	17	45	21	38	33	20	22	10	47	43	35	47	16	29	41	50	43	17	10	21	36	19	40	29	49	29	33	19	20	21	31	10	44	12	12	39	16	32	31	35	47	18	50	45	22	47	21	23	26	20	17	10	18	35	25	35	40	24	23	21	24	48	34	18	21	36	37	31	19	30	49	20	50	19	24	50	28	27	37	39	25	34	42	30	28	49	39	39	34	24	16	11	44	26	31	14	46	10	22	34	33	21	41	49	15	31	43	15	25	22	34	48	41	36	22	32	35	38	16	18	33	33	19	31	32	24	19	17	48	18	28	49	20	19	38	10	27	29	16	39	17	49	12	27	25	20	14	25	32	38	25	48	38	34	20	41	31	16	46	37	20	47	40	37	14	31	35	43	39	18	20	34	36	43	48	20	22	21	28	21	11	32	35	33	35	37	35	19	25	48	50	25	37	31	16	15	50	10	41	18	10	46	14	26	27	48	19	26	23	47	50	29	49	47	21	47	25	11	33	48	34	13	47	41	20	45	35	26	46	23	33	28	48	34	33	49	49	40	43	25	23	20	16	49	33	27	43	18	10	15	42	15	33	18	48	45	42	26	23	30	37	13	28	40	33	49	47	23	47	13	38	17	32	46	18	11	29	40	38	29	24	26	37	44	33	18	38	47	15	17	30	46	25	17	14	24	47	26	32	15	12	25	31	11	24	20	31	47	38	37	22	16	28	45	20	22	18	37	34	48	32	34	50	26	45	19	31	23	12	41	38	19	30	38	31	10	12	18	42	35	23	45	14	32	47	18	25	41	40	21	15	26	36	32	44	28	15	36	15	36	33	38	10	43	19	19	24	31	37	25	19	25	49	49	33	27	42	33	31	29	42	44	29	24	29	36	38	22	11	20	43	10	22	43	48	17	47	12	28	27	35	26	21	29	36	26	13	11	14	21	36	19	26	34	14	41	45	21	40	50	26	49	32	20	41	50	47	22	41	43	43	48	25	15	25	47	26	18	46	35	40	41	27	30	35	33	36	15	45	24	38	31	22	16	11	24	22	34	48	29	28	47	33	30	40	10	50	47	14	43	27	36	39	35	23	31	21	28	24	20	23	29	40	26	31	29	29	10	50	23	14	46	17	50	28	49	25	44	30	41	33	14	25	38	45	31	49	14	18	43	35	34	20	29	31	25	15	41	31	44	46	19	27	44	35	14	15	40	22	21	25	29	12	37	15	27	10	12	25	48	19	15	48	26	21	43	22	16	49	36	26	29	42	39	23	13	41	38	21	47	32	17	44	30	48	48	39	47	50	14	49	43	35	27	48	29	37	23	39	23	45	42	40	40	33	27	20	24	30	25	14	37	50	40	41	26	40	50	11	16	12	23	36	50	50	25	34	21	20	26	40	34	44	43	34	47	19	50	36	26	43	42	44	13	35	11	49	15	44	20	20	26	11	22	25	38	34	15	35	12	45	16	22	39	49	24	43	26	44	20	48	30	34	10	15	25	23	30	29	20	30	23	44	46	42	39	35	49	12	11	26	35	32	49	25	17	12	19	26	11	11	45	42	38	44	20	27	50	47	48	23	18	31	13	29	45	15	25	12	11	18	28	27	27	47	30	34	10	41	47	19	13	11	19	17	35	27	23	16	32	17	10	49	12	42	16	14	23	14	40	45	24	22	44	45	30	19	34	37	28	22	28	21	49	29	27	43	47	15	46	41	38	28	33	43	20	32	18	27	24	32	26	40	32	17	19	27	23	33	36	24	32	40	11	29	31	36	44	46	50	21	33	20	30	31	43	32	34	17	43	37	25	30	28	36	21	28	13	21	37	21	41	39	30	29	40	42	49	46	16	21	15	18	19	39	49	18	43	26	22	48	36	28	27	42	14	30	33	25	19	15	42	36	15	43	24	10	49	37	41	40	18	50	23	28	30	48	22	25	18	32	46	38	24	19	49	29	26	29	28	42	21	17	48	39	42	21	42	47	34	41	41	41	26	28	36	24	10	42	11	11	27	46	15	29	49	28	33	24	42	43	16	40	38	12	24	14	18	22	26	11	11	30	16	43	43	23	30	19	17	39	38	12	30	36	29	14	38	24	47	22	45	27	48	44	30	43	21	45	18	25	37	36	24	15	27	17	45	44	17	45	13	39	10	29	36	11	50	26	26	23	44	24	30	20	11	24	16	21	31	43	17	15	33	34	39	22	26	27	17	27	28	24	15	28	50	13	48	40	46	19	40	44	10	23	24	19	29	46	20	30	32	10	11	42	34	28	11	10	21	35	26	40	34	20	17	33	35	50	10	16	18	44	22	33	10	21	10	13	21	30	38	22	25	31	25	41	32	30	24	15	32	44	25	42	11	46	36	14	27	49	21	40	16	12	49	38	22	11	25	49	47	10	12	40	29	47	11	32	47	24	36	45	11	36	40	28	43	43	34	37	16	46	25	39	11	29	24	37	15	36	34	34	35	38	11	37	36	29	29	32	28	22	50	38	16	23	14	48	50	15	19	39	23	42	26	31	44	35	15	49	30	48	50	46	18	16	18	44	25	43	31	17	45	47	18	11	49	31	16	29	40	44	35	29	47	38	48	43	10	45	37	49	38	39	41	22	15	19	20	26	27	50	33	48	49	29	32	14	30	28	30	39	34	42	49	43	27	20	18	44	26	20	12	47	39	45	40	10	27	17	50	22	30	43	31	10	50	34	12	42	17	41	50	13	13	44	32	31	27	30	21	50	28	43	40	38	11	35	25	30	14	35	45	20	26	33	18	11	18	24	16	13	12	29	11	12	48	50	33	29	33	19	42	39	17	27	31	23	28	43	47	16	45	43	38	27	16	36	10	30	43	31	37	35	17	27	30	44	
5
50
