2844
80
0	0	0	0	0	192	0	0	0	0	0	0	0	0	0	0	0	0	0	0	0	0	96	96	0	0	0	0	0	0	0	0	0	0	0	0	0	0	0	0	0	0	0	0	0	0	0	0	0	0	0	0	0	0	500	0	0	0	0	0	0	0	96	0	48	0	0	0	0	0	0	0	0	0	0	0	0	0	0	0	
0	0	0	0	0	0	0	0	0	0	0	0	0	0	0	0	0	0	0	0	96	0	0	0	0	0	0	0	0	0	0	0	0	0	0	0	0	0	0	0	192	0	0	0	0	0	0	0	0	0	0	0	0	0	0	0	0	0	0	0	0	0	0	0	0	0	0	0	0	192	0	0	0	0	0	0	0	0	0	0	
0	0	0	0	0	0	0	0	0	0	0	0	192	0	0	0	0	0	0	0	0	0	0	0	0	0	0	0	0	0	0	0	0	0	0	0	0	0	0	0	0	48	0	0	0	0	0	0	0	0	0	0	0	0	0	0	0	0	0	0	0	0	0	0	0	0	0	0	0	0	0	0	0	0	0	0	0	0	0	0	
0	0	0	0	0	0	0	0	0	0	0	0	0	0	0	0	0	0	0	0	0	0	0	0	0	0	0	0	0	0	0	96	0	0	0	0	0	0	0	0	0	0	0	0	0	0	0	96	0	0	0	0	0	0	0	0	0	0	0	0	0	0	0	0	0	0	0	0	0	0	0	0	0	0	0	0	0	0	48	0	
0	0	0	0	0	0	0	0	0	0	0	0	0	0	0	0	0	0	0	0	0	0	0	0	192	0	0	0	0	0	0	0	0	0	0	0	0	0	0	96	0	0	0	0	0	0	0	0	0	0	0	0	0	0	0	0	0	0	0	0	0	0	0	0	0	0	0	0	0	0	0	0	0	0	0	0	0	0	0	0	
192	0	0	0	0	0	0	0	0	0	0	0	0	0	0	48	0	0	0	0	0	0	0	0	0	0	0	0	0	0	0	0	0	0	0	0	0	0	0	0	0	0	0	0	0	0	0	0	0	0	0	0	96	0	0	0	0	0	0	0	0	0	0	0	0	0	0	0	0	0	0	0	0	0	0	0	0	0	0	0	
0	0	0	0	0	0	0	0	0	0	0	0	0	0	0	0	0	0	0	0	0	0	0	0	0	48	0	0	0	0	0	0	0	0	0	0	500	0	0	0	0	0	0	0	0	0	0	0	0	0	0	0	0	0	0	0	0	0	0	0	0	0	0	0	0	0	0	0	0	0	0	0	0	0	192	0	0	0	0	0	
0	0	0	0	0	0	0	0	0	0	192	48	0	0	96	0	0	0	0	0	0	0	0	0	0	0	0	0	0	0	0	0	0	0	0	0	0	0	0	0	0	0	0	0	0	0	0	0	0	0	0	0	0	0	0	0	0	0	0	0	0	0	0	0	0	0	0	0	0	0	0	0	0	0	0	0	0	0	0	0	
0	0	0	0	0	0	0	0	0	0	0	0	0	48	0	0	0	0	0	0	0	0	0	0	0	0	0	0	0	0	0	0	0	0	0	0	0	0	0	0	0	0	0	0	0	0	0	0	0	0	0	0	0	0	0	0	0	0	0	0	0	0	0	192	0	0	0	0	0	0	0	0	0	0	0	0	0	0	0	0	
0	0	0	0	0	0	0	0	0	0	0	0	0	0	0	0	0	0	0	0	0	0	0	0	0	0	500	0	0	0	0	0	0	0	0	0	0	0	0	0	0	0	0	0	0	0	0	0	48	0	0	0	0	0	0	0	0	0	0	0	0	0	0	0	0	0	0	0	0	0	0	0	0	0	0	0	0	0	0	0	
0	0	0	0	0	0	0	192	0	0	0	0	0	0	48	0	0	0	0	0	0	0	0	0	0	0	0	0	0	0	0	0	0	0	0	0	0	0	0	0	0	0	0	0	0	0	0	0	0	0	0	0	0	0	0	0	0	0	0	0	0	0	0	0	0	0	0	96	0	0	0	0	0	0	0	0	0	0	0	0	
0	0	0	0	0	0	0	48	0	0	0	0	192	0	0	0	0	0	0	96	0	0	0	0	0	0	0	0	0	0	0	0	0	0	0	0	0	0	0	0	0	48	0	0	0	96	0	0	0	0	0	0	0	0	0	0	0	0	0	0	0	0	0	0	0	0	0	0	0	0	0	0	0	0	0	0	0	0	0	0	
0	0	192	0	0	0	0	0	0	0	0	192	0	0	0	0	0	0	0	0	0	0	0	0	0	0	0	0	0	0	0	0	0	0	0	0	0	0	0	0	0	0	0	0	0	0	0	0	0	0	0	0	0	0	0	0	0	0	0	0	0	0	0	0	0	0	0	0	0	0	0	0	0	0	0	0	0	0	0	0	
0	0	0	0	0	0	0	0	48	0	0	0	0	0	0	0	0	0	0	0	0	0	0	0	0	0	0	0	0	0	0	0	0	0	0	0	0	0	0	0	0	192	0	0	0	500	0	0	0	0	0	0	0	0	0	0	0	0	0	0	0	0	0	500	0	0	0	0	0	0	0	0	0	0	0	0	0	0	0	192	
0	0	0	0	0	0	0	96	0	0	48	0	0	0	0	0	0	0	0	0	0	0	0	0	0	0	0	0	0	0	0	0	0	0	0	0	0	0	0	0	0	0	0	0	0	0	0	0	0	0	0	0	0	0	0	0	0	0	0	0	0	0	0	0	0	0	0	0	0	0	0	0	0	0	0	0	0	0	0	0	
0	0	0	0	0	48	0	0	0	0	0	0	0	0	0	0	0	0	0	0	0	0	0	0	0	0	0	0	0	0	0	0	0	0	0	0	0	0	0	0	0	0	0	0	0	0	0	0	0	0	0	0	192	0	0	0	0	0	0	0	0	0	0	0	0	0	0	0	0	0	0	0	0	0	0	0	0	0	0	0	
0	0	0	0	0	0	0	0	0	0	0	0	0	0	0	0	0	0	0	0	0	0	0	0	0	0	0	0	0	0	0	500	0	0	0	0	0	0	0	0	0	0	0	0	0	0	0	0	0	0	0	0	0	0	0	0	0	0	192	0	0	0	0	0	0	0	0	0	48	0	0	0	0	0	0	0	0	0	0	0	
0	0	0	0	0	0	0	0	0	0	0	0	0	0	0	0	0	0	0	0	0	0	0	0	0	0	0	0	0	0	0	0	0	0	0	0	0	0	0	0	0	0	0	0	0	0	500	0	0	96	0	0	0	0	0	0	0	0	0	0	0	0	0	0	0	0	0	0	0	0	0	0	0	0	0	0	0	0	0	0	
0	0	0	0	0	0	0	0	0	0	0	0	0	0	0	0	0	0	0	0	0	0	0	0	0	0	0	0	0	192	0	0	0	0	0	0	0	0	0	0	0	0	0	0	0	0	500	0	0	48	0	0	0	0	0	0	0	192	0	0	0	0	0	0	0	0	0	192	0	0	0	0	0	0	0	0	0	0	0	0	
0	0	0	0	0	0	0	0	0	0	0	96	0	0	0	0	0	0	0	0	0	0	0	0	0	0	0	0	0	96	0	0	0	0	0	0	0	0	0	0	0	0	0	0	0	48	0	0	0	0	0	0	0	0	0	0	0	0	0	0	0	0	0	0	0	0	0	0	0	0	0	0	0	0	0	0	0	0	0	96	
0	96	0	0	0	0	0	0	0	0	0	0	0	0	0	0	0	0	0	0	0	0	0	0	0	0	0	0	0	0	0	0	0	0	0	0	0	0	48	0	0	0	0	0	0	0	0	0	0	0	0	0	0	0	0	0	0	0	0	0	0	0	0	0	0	0	0	0	0	96	0	0	0	0	0	0	0	0	0	0	
0	0	0	0	0	0	0	0	0	0	0	0	0	0	0	0	0	0	0	0	0	0	0	0	0	0	0	0	0	0	0	0	0	0	0	0	0	48	0	0	0	0	0	0	0	0	0	0	0	0	0	0	0	0	0	0	0	0	0	0	0	0	0	0	0	0	0	0	0	0	0	48	0	0	0	0	0	0	0	0	
96	0	0	0	0	0	0	0	0	0	0	0	0	0	0	0	0	0	0	0	0	0	0	48	0	0	0	0	0	0	0	0	0	0	0	0	0	0	0	0	0	0	0	0	0	0	0	0	0	0	0	0	0	0	0	0	0	0	0	0	0	0	96	0	96	0	0	0	0	0	0	0	0	0	0	0	0	0	0	0	
96	0	0	0	0	0	0	0	0	0	0	0	0	0	0	0	0	0	0	0	0	0	48	0	0	0	0	0	0	0	0	0	0	0	0	0	0	0	0	0	0	0	0	0	0	0	0	0	0	0	0	0	0	0	0	0	0	0	0	0	0	0	0	0	0	0	0	0	0	0	0	0	0	0	0	0	0	0	0	0	
0	0	0	0	192	0	0	0	0	0	0	0	0	0	0	0	0	0	0	0	0	0	0	0	0	0	0	0	0	0	0	0	0	0	0	0	0	0	0	0	0	0	0	0	0	0	0	0	0	0	0	0	0	0	0	0	0	0	0	0	0	0	0	0	0	0	0	0	0	0	96	0	0	0	0	0	0	0	0	0	
0	0	0	0	0	0	48	0	0	0	0	0	0	0	0	0	0	0	0	0	0	0	0	0	0	0	0	0	0	0	0	0	0	0	0	0	48	0	0	0	0	0	0	0	0	0	0	0	0	0	0	0	0	0	0	0	0	0	0	0	0	0	0	0	0	0	0	0	0	0	0	0	0	96	0	0	0	0	0	0	
0	0	0	0	0	0	0	0	0	500	0	0	0	0	0	0	0	0	0	0	0	0	0	0	0	0	0	0	0	0	0	0	0	0	0	0	0	0	0	0	0	0	0	0	0	0	0	0	0	0	0	0	0	96	0	0	0	0	0	0	0	0	0	0	0	0	0	0	0	0	0	0	0	0	0	0	0	0	0	0	
0	0	0	0	0	0	0	0	0	0	0	0	0	0	0	0	0	0	0	0	0	0	0	0	0	0	0	0	0	0	500	0	0	0	0	0	0	0	0	0	96	0	0	0	0	0	48	0	0	0	0	0	0	0	0	0	0	0	0	192	0	0	0	0	0	0	0	0	0	0	0	0	0	0	0	0	0	0	0	0	
0	0	0	0	0	0	0	0	0	0	0	0	0	0	0	0	0	0	0	0	0	0	0	0	0	0	0	0	0	0	0	0	0	0	0	0	0	0	0	0	0	0	0	0	0	0	0	96	0	0	0	0	0	0	0	500	0	0	0	0	0	0	0	0	0	0	0	0	0	0	0	0	0	0	0	0	0	0	48	0	
0	0	0	0	0	0	0	0	0	0	0	0	0	0	0	0	0	0	192	96	0	0	0	0	0	0	0	0	0	0	0	0	0	0	0	0	0	0	0	0	0	0	0	0	0	0	0	0	0	0	0	0	0	0	0	0	0	0	0	0	0	0	0	0	0	0	96	0	0	0	0	0	0	0	0	0	0	0	0	0	
0	0	0	0	0	0	0	0	0	0	0	0	0	0	0	0	0	0	0	0	0	0	0	0	0	0	0	500	0	0	0	0	0	0	0	0	0	0	0	0	0	0	0	0	0	0	0	0	0	0	0	0	0	0	0	0	0	0	0	96	0	0	0	0	0	0	0	0	0	0	0	0	0	0	0	0	0	0	0	0	
0	0	0	96	0	0	0	0	0	0	0	0	0	0	0	0	500	0	0	0	0	0	0	0	0	0	0	0	0	0	0	0	0	0	0	0	0	0	0	0	0	0	0	0	0	0	0	0	0	0	0	0	0	0	0	0	0	0	0	0	0	0	0	0	0	0	0	0	0	0	0	0	0	0	0	0	0	0	500	0	
0	0	0	0	0	0	0	0	0	0	0	0	0	0	0	0	0	0	0	0	0	0	0	0	0	0	0	0	0	0	0	0	0	0	0	0	0	0	0	0	0	0	0	192	0	0	0	0	0	0	0	0	0	0	0	0	96	0	0	0	0	0	0	0	0	0	0	0	0	0	0	0	0	0	0	0	0	0	0	0	
0	0	0	0	0	0	0	0	0	0	0	0	0	0	0	0	0	0	0	0	0	0	0	0	0	0	0	0	0	0	0	0	0	0	0	0	0	0	0	0	0	0	0	0	192	0	0	0	0	0	500	0	0	0	0	0	0	0	0	0	0	0	0	0	0	0	0	0	0	0	0	0	0	48	0	0	0	0	0	0	
0	0	0	0	0	0	0	0	0	0	0	0	0	0	0	0	0	0	0	0	0	0	0	0	0	0	0	0	0	0	0	0	0	0	0	0	0	0	0	0	0	0	0	0	0	0	0	0	0	0	0	0	0	0	192	0	0	0	0	0	0	500	0	0	0	0	0	0	0	0	0	0	0	0	0	0	0	0	0	0	
0	0	0	0	0	0	0	0	0	0	0	0	0	0	0	0	0	0	0	0	0	0	0	0	0	0	0	0	0	0	0	0	0	0	0	0	0	0	0	0	0	0	0	0	0	0	0	0	0	0	0	0	0	0	0	0	0	0	0	0	0	0	0	0	0	0	0	0	500	0	0	0	0	0	192	0	0	0	96	0	
0	0	0	0	0	0	500	0	0	0	0	0	0	0	0	0	0	0	0	0	0	0	0	0	0	48	0	0	0	0	0	0	0	0	0	0	0	0	0	0	0	0	0	0	0	0	0	0	0	0	0	0	0	0	0	0	0	0	0	0	0	0	0	0	0	0	0	0	0	0	0	0	0	0	0	0	0	0	0	0	
0	0	0	0	0	0	0	0	0	0	0	0	0	0	0	0	0	0	0	0	0	48	0	0	0	0	0	0	0	0	0	0	0	0	0	0	0	0	0	0	0	0	96	0	0	0	0	0	0	0	0	0	0	0	0	0	0	0	0	0	0	0	0	0	0	0	0	0	0	0	0	192	0	0	0	0	0	0	0	0	
0	0	0	0	0	0	0	0	0	0	0	0	0	0	0	0	0	0	0	0	48	0	0	0	0	0	0	0	0	0	0	0	0	0	0	0	0	0	0	0	0	0	0	0	0	0	0	0	0	0	0	0	0	0	0	0	0	0	0	0	0	0	0	0	0	0	0	0	0	0	0	0	0	0	0	0	96	0	0	0	
0	0	0	0	96	0	0	0	0	0	0	0	0	0	0	0	0	0	0	0	0	0	0	0	0	0	0	0	0	0	0	0	0	0	0	0	0	0	0	0	0	0	0	0	0	0	0	0	0	0	0	0	0	0	0	0	0	0	0	0	0	0	0	0	0	0	0	0	0	0	0	0	0	0	0	0	0	96	0	0	
0	192	0	0	0	0	0	0	0	0	0	0	0	0	0	0	0	0	0	0	0	0	0	0	0	0	0	96	0	0	0	0	0	0	0	0	0	0	0	0	0	0	0	0	0	0	192	0	0	0	0	0	0	0	0	0	0	0	0	192	0	0	0	0	0	0	0	0	0	0	0	0	0	0	0	0	0	0	0	0	
0	0	48	0	0	0	0	0	0	0	0	48	0	192	0	0	0	0	0	0	0	0	0	0	0	0	0	0	0	0	0	0	0	0	0	0	0	0	0	0	0	0	0	0	0	0	0	0	0	0	0	0	0	0	0	0	0	0	0	0	0	0	0	0	0	0	0	0	0	0	0	0	0	0	0	0	0	0	0	0	
0	0	0	0	0	0	0	0	0	0	0	0	0	0	0	0	0	0	0	0	0	0	0	0	0	0	0	0	0	0	0	0	0	0	0	0	0	96	0	0	0	0	0	0	0	0	0	0	0	0	0	0	0	0	0	0	0	0	0	0	192	0	0	0	0	0	0	0	0	0	0	0	0	0	0	0	0	0	0	0	
0	0	0	0	0	0	0	0	0	0	0	0	0	0	0	0	0	0	0	0	0	0	0	0	0	0	0	0	0	0	0	0	192	0	0	0	0	0	0	0	0	0	0	0	0	0	0	0	192	0	0	0	0	96	0	0	48	0	0	0	0	0	0	0	0	0	0	0	0	0	0	0	0	0	0	192	0	0	0	0	
0	0	0	0	0	0	0	0	0	0	0	0	0	0	0	0	0	0	0	0	0	0	0	0	0	0	0	0	0	0	0	0	0	192	0	0	0	0	0	0	0	0	0	0	0	0	0	0	0	0	0	0	0	0	0	0	0	0	0	0	0	0	0	0	0	0	0	0	0	0	0	0	0	48	0	0	0	0	0	0	
0	0	0	0	0	0	0	0	0	0	0	96	0	500	0	0	0	0	0	48	0	0	0	0	0	0	0	0	0	0	0	0	0	0	0	0	0	0	0	0	0	0	0	0	0	0	0	0	0	0	0	0	0	0	0	0	0	0	0	0	0	0	0	0	0	0	0	0	0	0	0	0	0	0	0	0	0	0	0	0	
0	0	0	0	0	0	0	0	0	0	0	0	0	0	0	0	0	500	500	0	0	0	0	0	0	0	0	48	0	0	0	0	0	0	0	0	0	0	0	0	192	0	0	0	0	0	0	0	0	192	0	0	0	0	0	0	0	0	0	0	0	0	0	0	0	0	0	0	0	0	0	0	0	0	0	0	0	0	0	0	
0	0	0	96	0	0	0	0	0	0	0	0	0	0	0	0	0	0	0	0	0	0	0	0	0	0	0	0	96	0	0	0	0	0	0	0	0	0	0	0	0	0	0	0	0	0	0	0	0	0	0	0	0	0	0	0	0	0	0	0	0	0	0	0	0	0	0	0	0	0	0	0	0	0	0	0	0	0	0	0	
0	0	0	0	0	0	0	0	0	48	0	0	0	0	0	0	0	0	0	0	0	0	0	0	0	0	0	0	0	0	0	0	0	0	0	0	0	0	0	0	0	0	0	192	0	0	0	0	0	0	0	0	0	0	0	0	0	0	0	0	0	0	0	0	0	0	0	0	0	0	0	0	0	0	0	0	0	0	0	0	
0	0	0	0	0	0	0	0	0	0	0	0	0	0	0	0	0	96	48	0	0	0	0	0	0	0	0	0	0	0	0	0	0	0	0	0	0	0	0	0	0	0	0	0	0	0	192	0	0	0	0	0	0	0	0	0	0	96	0	0	0	0	0	0	0	0	0	0	0	0	0	0	0	0	0	0	0	0	0	0	
0	0	0	0	0	0	0	0	0	0	0	0	0	0	0	0	0	0	0	0	0	0	0	0	0	0	0	0	0	0	0	0	0	500	0	0	0	0	0	0	0	0	0	0	0	0	0	0	0	0	0	0	0	0	0	0	0	0	192	0	0	0	0	0	0	96	0	0	0	0	0	0	0	0	0	0	192	96	0	0	
0	0	0	0	0	0	0	0	0	0	0	0	0	0	0	0	0	0	0	0	0	0	0	0	0	0	0	0	0	0	0	0	0	0	0	0	0	0	0	0	0	0	0	0	0	0	0	0	0	0	0	0	0	0	0	0	0	0	0	0	192	0	0	0	0	0	0	0	48	0	0	0	500	0	0	0	0	0	0	0	
0	0	0	0	0	96	0	0	0	0	0	0	0	0	0	192	0	0	0	0	0	0	0	0	0	0	0	0	0	0	0	0	0	0	0	0	0	0	0	0	0	0	0	0	0	0	0	0	0	0	0	0	0	0	0	0	0	0	0	0	0	0	0	0	0	0	0	0	0	0	0	0	0	0	0	0	0	0	0	0	
0	0	0	0	0	0	0	0	0	0	0	0	0	0	0	0	0	0	0	0	0	0	0	0	0	0	96	0	0	0	0	0	0	0	0	0	0	0	0	0	0	0	0	96	0	0	0	0	0	0	0	0	0	0	0	0	0	0	0	0	0	0	0	0	0	48	0	0	0	0	0	0	0	0	0	0	0	0	0	0	
500	0	0	0	0	0	0	0	0	0	0	0	0	0	0	0	0	0	0	0	0	0	0	0	0	0	0	0	0	0	0	0	0	0	192	0	0	0	0	0	0	0	0	0	0	0	0	0	0	0	0	0	0	0	0	0	0	0	0	0	0	48	0	0	0	0	0	0	0	0	500	0	0	0	0	0	0	500	0	0	
0	0	0	0	0	0	0	0	0	0	0	0	0	0	0	0	0	0	0	0	0	0	0	0	0	0	0	0	500	0	0	0	0	0	0	0	0	0	0	0	0	0	0	0	0	0	0	0	0	0	0	0	0	0	0	0	0	0	0	0	192	0	0	0	0	0	0	0	0	0	0	0	500	0	0	0	0	0	192	0	
0	0	0	0	0	0	0	0	0	0	0	0	0	0	0	0	0	0	0	0	0	0	0	0	0	0	0	0	0	0	0	0	96	0	0	0	0	0	0	0	0	0	0	48	0	0	0	0	0	0	0	0	0	0	0	0	0	0	0	0	0	0	0	0	0	0	0	0	0	0	0	0	0	0	0	0	0	0	0	0	
0	0	0	0	0	0	0	0	0	0	0	0	0	0	0	0	0	0	192	0	0	0	0	0	0	0	0	0	0	0	0	0	0	0	0	0	0	0	0	0	0	0	0	0	0	0	0	0	0	96	0	0	0	0	0	0	0	0	0	0	0	0	0	0	0	0	0	0	0	0	0	0	0	0	0	0	0	0	0	0	
0	0	0	0	0	0	0	0	0	0	0	0	0	0	0	0	192	0	0	0	0	0	0	0	0	0	0	0	0	0	0	0	0	0	0	0	0	0	0	0	0	0	0	0	0	0	0	0	0	0	192	0	0	0	0	0	0	0	0	0	0	0	0	0	0	0	192	0	0	0	0	0	0	0	0	0	0	192	0	48	
0	0	0	0	0	0	0	0	0	0	0	0	0	0	0	0	0	0	0	0	0	0	0	0	0	0	0	192	0	0	96	0	0	0	0	0	0	0	0	0	192	0	0	0	0	0	0	0	0	0	0	0	0	0	0	0	0	0	0	0	0	0	0	0	0	0	0	0	0	0	0	0	0	0	0	0	0	0	0	0	
0	0	0	0	0	0	0	0	0	0	0	0	0	0	0	0	0	0	0	0	0	0	0	0	0	0	0	0	0	0	0	0	0	0	0	0	0	0	0	0	0	0	192	0	0	0	0	0	0	0	0	192	0	0	0	192	0	0	0	0	0	0	0	0	0	0	0	0	0	0	0	0	0	0	0	0	0	0	0	0	
0	0	0	0	0	0	0	0	0	0	0	0	0	0	0	0	0	0	0	0	0	0	0	0	0	0	0	0	0	0	0	0	0	0	500	0	0	0	0	0	0	0	0	0	0	0	0	0	0	0	0	0	0	0	48	0	0	0	0	0	0	0	0	0	0	0	0	0	0	0	500	0	0	0	0	96	0	500	0	0	
96	0	0	0	0	0	0	0	0	0	0	0	0	0	0	0	0	0	0	0	0	0	96	0	0	0	0	0	0	0	0	0	0	0	0	0	0	0	0	0	0	0	0	0	0	0	0	0	0	0	0	0	0	0	0	0	0	0	0	0	0	0	0	0	0	0	0	0	0	0	0	0	0	0	0	0	0	0	0	0	
0	0	0	0	0	0	0	0	192	0	0	0	0	500	0	0	0	0	0	0	0	0	0	0	0	0	0	0	0	0	0	0	0	0	0	0	0	0	0	0	0	0	0	0	0	0	0	0	0	0	0	0	0	0	0	0	0	0	0	0	0	0	0	0	0	0	0	0	0	0	0	0	0	0	0	0	0	0	0	0	
48	0	0	0	0	0	0	0	0	0	0	0	0	0	0	0	0	0	0	0	0	0	96	0	0	0	0	0	0	0	0	0	0	0	0	0	0	0	0	0	0	0	0	0	0	0	0	0	0	0	0	0	0	0	0	0	0	0	0	0	0	0	0	0	0	0	0	0	0	0	0	0	0	0	0	0	0	0	0	0	
0	0	0	0	0	0	0	0	0	0	0	0	0	0	0	0	0	0	0	0	0	0	0	0	0	0	0	0	0	0	0	0	0	0	0	0	0	0	0	0	0	0	0	0	0	0	0	0	0	0	96	0	0	48	0	0	0	0	0	0	0	0	0	0	0	0	0	0	0	0	0	0	0	0	0	0	0	0	0	0	
0	0	0	0	0	0	0	0	0	0	0	0	0	0	0	0	0	0	0	0	0	0	0	0	0	0	0	0	0	96	0	0	0	0	0	0	0	0	0	0	0	0	0	0	0	0	0	0	0	0	0	0	0	0	0	0	0	0	192	0	0	0	0	0	0	0	0	0	0	0	48	0	0	0	0	500	0	0	0	192	
0	0	0	0	0	0	0	0	0	0	96	0	0	0	0	0	0	0	192	0	0	0	0	0	0	0	0	0	0	0	0	0	0	0	0	0	0	0	0	0	0	0	0	0	0	0	0	0	0	0	0	0	0	0	0	0	0	0	0	0	0	0	0	0	0	0	0	0	0	0	0	0	0	0	0	0	0	0	0	0	
0	0	0	0	0	0	0	0	0	0	0	0	0	0	0	0	48	0	0	0	0	0	0	0	0	0	0	0	0	0	0	0	0	0	0	500	0	0	0	0	0	0	0	0	0	0	0	0	0	0	0	48	0	0	0	0	0	0	0	0	0	0	0	0	0	0	0	0	0	0	0	0	0	0	0	0	0	0	0	0	
0	192	0	0	0	0	0	0	0	0	0	0	0	0	0	0	0	0	0	0	96	0	0	0	0	0	0	0	0	0	0	0	0	0	0	0	0	0	0	0	0	0	0	0	0	0	0	0	0	0	0	0	0	0	0	0	0	0	0	0	0	0	0	0	0	0	0	0	0	0	0	0	0	0	0	0	0	0	0	0	
0	0	0	0	0	0	0	0	0	0	0	0	0	0	0	0	0	0	0	0	0	0	0	0	96	0	0	0	0	0	0	0	0	0	0	0	0	0	0	0	0	0	0	0	0	0	0	0	0	0	0	0	0	0	500	0	0	0	0	0	0	500	0	0	0	0	48	0	0	0	0	0	0	0	0	48	0	0	0	0	
0	0	0	0	0	0	0	0	0	0	0	0	0	0	0	0	0	0	0	0	0	48	0	0	0	0	0	0	0	0	0	0	0	0	0	0	0	192	0	0	0	0	0	0	0	0	0	0	0	0	0	0	0	0	0	0	0	0	0	0	0	0	0	0	0	0	0	0	0	0	0	0	0	0	0	0	0	0	0	0	
0	0	0	0	0	0	0	0	0	0	0	0	0	0	0	0	0	0	0	0	0	0	0	0	0	0	0	0	0	0	0	0	0	0	0	0	0	0	0	0	0	0	0	0	0	0	0	0	0	0	0	500	0	0	0	500	0	0	0	0	0	0	0	0	0	0	0	0	0	0	0	0	0	0	0	0	0	0	0	0	
0	0	0	0	0	0	0	0	0	0	0	0	0	0	0	0	0	0	0	0	0	0	0	0	0	96	0	0	0	0	0	0	0	48	0	0	0	0	0	0	0	0	0	0	48	0	0	0	0	0	0	0	0	0	0	0	0	0	0	0	0	0	0	0	0	0	0	0	0	0	0	0	0	0	0	0	0	0	0	0	
0	0	0	0	0	0	192	0	0	0	0	0	0	0	0	0	0	0	0	0	0	0	0	0	0	0	0	0	0	0	0	0	0	0	0	192	0	0	0	0	0	0	0	0	0	0	0	0	0	0	0	0	0	0	0	0	0	0	0	0	0	0	0	0	0	0	0	0	0	0	0	0	0	0	0	0	0	0	0	0	
0	0	0	0	0	0	0	0	0	0	0	0	0	0	0	0	0	0	0	0	0	0	0	0	0	0	0	0	0	0	0	0	0	0	0	0	0	0	0	0	0	0	0	192	0	0	0	0	0	0	0	0	0	0	0	0	0	0	0	0	0	96	0	0	0	0	500	0	0	0	48	0	0	0	0	0	500	0	0	0	
0	0	0	0	0	0	0	0	0	0	0	0	0	0	0	0	0	0	0	0	0	0	0	0	0	0	0	0	0	0	0	0	0	0	0	0	0	0	96	0	0	0	0	0	0	0	0	0	0	0	192	0	0	0	0	0	0	0	0	0	0	0	0	0	0	0	0	0	0	0	0	0	0	0	0	500	0	0	0	0	
0	0	0	0	0	0	0	0	0	0	0	0	0	0	0	0	0	0	0	0	0	0	0	0	0	0	0	0	0	0	0	0	0	0	0	0	0	0	0	96	0	0	0	0	0	0	0	0	0	0	96	0	0	0	500	0	0	0	192	0	0	500	0	0	0	0	0	0	0	0	0	0	0	0	0	0	0	0	0	0	
0	0	0	48	0	0	0	0	0	0	0	0	0	0	0	0	0	0	0	0	0	0	0	0	0	0	0	0	48	0	0	500	0	0	0	96	0	0	0	0	0	0	0	0	0	0	0	0	0	0	0	0	0	0	0	192	0	0	0	0	0	0	0	0	0	0	0	0	0	0	0	0	0	0	0	0	0	0	0	0	
0	0	0	0	0	0	0	0	0	0	0	0	0	192	0	0	0	0	0	96	0	0	0	0	0	0	0	0	0	0	0	0	0	0	0	0	0	0	0	0	0	0	0	0	0	0	0	0	0	0	0	0	0	0	0	0	0	0	48	0	0	0	0	0	0	0	192	0	0	0	0	0	0	0	0	0	0	0	0	0	
10	31	21	42	75	7	5	7	33	5	33	28	60	28	60	25	47	12	70	32	73	21	33	65	76	58	29	30	73	11	75	7	33	74	12	78	36	6	50	68	20	33	45	9	3	12	79	31	48	9	24	70	61	23	25	16	10	73	3	13	42	62	8	15	76	73	40	71	18	10	37	21	77	66	14	59	14	34	22	25	22	27	62	17	5	78	38	4	30	76	79	66	64	70	26	13	29	77	25	69	37	19	28	76	11	23	52	66	47	44	51	41	49	66	25	34	67	9	56	13	70	52	31	59	11	35	1	15	66	7	63	56	30	1	73	71	30	18	32	30	4	59	69	46	33	13	26	7	70	26	79	59	19	65	21	10	43	69	46	6	45	21	74	63	75	68	26	55	70	66	64	79	46	32	28	71	54	30	63	1	13	63	11	13	21	19	0	61	47	76	63	50	44	9	58	60	77	60	49	13	66	6	21	37	46	41	7	22	48	36	73	48	74	26	44	53	77	43	79	38	9	39	53	3	49	1	78	78	4	73	12	7	52	32	47	48	34	23	72	74	31	31	25	5	60	42	50	2	41	23	52	67	56	8	48	9	58	47	40	53	64	59	29	71	27	31	62	16	76	43	14	50	51	15	61	46	34	78	29	4	42	72	61	70	76	62	1	4	57	33	71	48	33	18	2	43	23	3	18	37	58	67	25	16	44	4	6	76	46	8	45	75	17	78	28	62	37	9	54	69	12	25	75	49	40	78	12	4	56	27	27	15	29	64	56	66	10	62	69	47	15	38	50	39	60	41	64	58	3	41	48	10	53	37	36	71	19	79	12	51	13	73	41	14	6	35	29	26	13	77	72	8	4	10	76	8	60	42	40	44	54	46	47	4	35	71	2	18	67	22	64	6	40	28	44	18	35	58	7	39	69	17	49	69	63	2	75	62	66	47	22	50	14	23	20	51	5	45	37	1	24	33	10	47	24	35	37	43	22	54	22	8	50	42	62	55	47	64	47	41	12	9	9	46	43	54	61	39	61	8	44	70	66	65	40	76	45	64	50	73	77	24	25	31	68	24	0	14	3	67	56	41	75	24	32	62	77	26	43	32	9	73	73	48	50	6	28	78	55	2	68	12	74	14	50	59	43	59	8	59	61	26	6	45	15	76	77	68	52	19	14	14	27	78	27	47	70	16	36	38	5	8	11	4	11	25	16	59	71	19	68	12	76	7	25	71	9	22	30	62	16	65	23	50	1	41	50	35	47	15	18	18	41	4	71	65	65	57	19	17	8	64	21	50	15	72	17	70	39	20	21	14	17	20	4	42	29	72	62	43	77	51	52	68	50	37	72	19	45	79	26	44	63	50	28	30	24	79	13	58	26	71	65	34	38	43	54	39	77	13	63	9	16	44	12	58	48	11	14	10	45	41	23	75	42	41	23	30	54	11	47	51	19	47	17	60	1	8	45	41	3	70	69	44	72	74	40	53	35	69	9	54	35	72	73	16	42	53	7	19	56	59	38	1	0	13	39	74	1	42	57	16	46	5	0	36	22	61	58	70	74	37	41	23	29	13	63	10	31	38	13	61	32	65	2	4	18	63	33	14	54	33	43	28	77	56	79	48	72	53	48	59	55	10	31	45	77	22	59	24	25	44	23	61	77	75	19	44	74	22	1	70	0	45	65	29	50	65	36	34	31	2	12	69	73	19	41	72	33	68	44	60	72	71	7	1	46	11	41	57	38	34	6	20	31	62	44	68	27	78	46	9	43	37	12	5	16	34	72	8	26	72	66	4	76	7	59	58	21	31	20	74	71	35	47	38	19	67	44	15	26	16	77	37	28	44	50	57	12	54	76	61	73	64	28	50	69	76	20	56	17	57	68	33	61	26	30	78	60	78	18	15	77	40	65	53	2	56	76	3	76	79	37	71	60	61	76	53	3	21	3	60	17	56	25	77	73	37	33	42	58	46	44	36	54	36	42	11	62	73	28	17	18	28	67	6	5	16	17	76	38	68	38	4	55	59	67	30	25	37	10	60	13	51	75	30	3	38	56	38	14	31	32	52	61	31	6	58	34	23	75	57	62	72	30	1	2	4	34	68	62	74	24	2	53	61	15	61	6	44	42	6	67	74	42	13	77	7	78	3	37	67	73	27	59	65	60	68	49	1	70	15	25	20	26	14	50	43	57	65	45	72	2	11	45	58	40	26	18	35	44	17	76	37	13	1	77	15	78	59	70	52	63	15	8	36	18	30	36	63	71	27	10	72	79	4	28	63	60	45	43	37	14	21	72	11	6	45	4	2	69	55	64	43	77	4	28	56	63	36	26	24	58	9	28	14	1	35	64	41	20	4	10	60	5	13	10	6	52	14	48	58	34	56	78	56	16	14	54	33	0	46	38	22	50	28	2	8	24	55	26	8	66	48	46	55	65	74	48	7	38	19	33	7	3	15	18	10	8	12	52	47	55	14	7	41	64	68	46	24	20	48	24	76	68	50	7	40	66	12	44	60	62	78	39	25	10	74	43	32	69	0	7	66	66	34	13	1	66	1	30	28	69	61	43	5	28	56	21	46	72	19	44	54	27	14	50	16	37	58	8	76	39	25	79	11	19	12	40	45	9	35	36	53	42	16	3	3	8	52	23	73	35	31	33	22	77	2	66	44	37	63	11	28	62	71	45	72	25	42	8	79	69	74	78	20	53	72	48	39	42	20	63	8	35	32	12	10	51	28	71	45	11	26	67	18	26	42	79	74	35	78	61	6	55	23	14	23	5	69	67	15	48	25	44	61	56	6	75	19	63	42	66	19	69	25	47	29	27	34	22	33	51	55	39	2	29	72	2	48	10	70	26	28	44	52	78	55	51	49	0	18	64	14	65	78	4	61	65	44	65	79	19	13	55	36	6	51	72	30	60	29	68	77	22	78	76	35	69	5	18	33	25	37	37	7	5	30	73	54	8	49	12	1	4	47	49	39	42	57	40	41	10	48	51	57	71	37	18	40	64	25	22	6	56	77	64	52	46	35	50	21	4	10	60	8	10	53	16	14	51	3	61	9	14	55	23	10	13	1	44	49	1	2	15	0	59	75	16	7	60	61	32	56	20	9	33	51	69	32	67	11	33	67	40	78	39	68	63	15	24	50	44	79	7	64	29	31	51	61	37	47	79	28	52	64	74	12	11	68	54	32	76	28	52	40	7	72	68	37	77	42	9	8	0	35	18	2	64	51	33	36	14	43	7	48	28	78	21	21	58	42	75	21	73	35	27	2	43	8	71	44	64	42	78	19	26	27	2	58	24	28	67	17	77	13	52	57	73	64	68	35	14	37	53	64	60	14	56	49	4	28	14	55	8	31	24	35	72	24	6	39	21	74	75	66	1	20	70	7	12	55	25	53	71	69	5	15	20	31	74	5	19	69	27	39	69	25	39	56	11	11	16	72	7	13	39	72	42	79	61	26	35	35	67	45	21	10	25	35	64	20	49	45	70	51	12	61	71	23	75	50	36	18	31	63	15	53	9	4	39	64	9	65	64	53	49	41	8	36	34	76	66	63	29	43	62	54	19	55	46	75	4	18	65	15	35	75	43	66	31	52	58	70	42	62	1	59	53	11	64	51	17	74	25	78	78	46	43	30	14	23	73	36	51	38	36	0	28	11	76	36	42	25	18	0	48	48	39	70	30	1	77	71	52	62	36	19	36	54	78	43	47	75	58	66	70	31	75	54	25	1	66	59	11	4	63	32	43	23	19	38	11	77	15	0	44	6	69	28	79	67	5	78	21	69	0	52	62	77	8	18	76	44	45	39	32	35	32	68	43	3	3	12	14	62	54	29	73	19	26	43	63	5	1	21	15	35	43	28	43	32	25	18	4	28	45	72	43	71	39	62	16	52	72	22	54	19	2	48	44	37	21	14	68	43	66	65	47	23	59	41	29	40	32	8	49	64	18	78	42	1	67	61	42	26	51	53	66	46	35	40	35	12	5	71	46	7	73	34	19	31	0	43	68	37	75	50	67	42	76	57	47	63	68	16	73	37	50	41	20	13	9	37	31	73	9	36	29	24	52	72	45	61	26	17	49	55	60	33	25	9	11	41	72	18	41	25	29	53	70	3	43	2	36	7	33	10	67	71	1	62	36	67	59	31	41	61	34	62	49	70	69	76	64	14	6	75	20	71	6	74	48	49	22	60	36	62	23	32	49	14	41	41	57	19	47	70	44	78	24	10	12	63	70	53	9	40	26	72	68	9	20	20	30	4	23	26	73	26	2	27	69	11	55	73	67	9	55	19	21	52	35	75	11	30	60	51	7	7	18	42	56	33	72	19	50	77	13	30	67	75	35	28	78	60	10	45	19	35	5	36	35	79	3	17	32	65	39	5	10	27	0	2	66	78	16	23	42	26	39	22	2	65	40	1	27	3	34	7	23	2	39	43	22	30	57	28	41	9	70	29	18	4	18	62	1	47	29	0	55	60	39	52	38	27	34	27	30	78	31	70	32	70	47	6	30	35	3	29	56	71	27	10	47	2	42	31	21	6	79	78	74	3	60	38	31	59	33	26	37	15	33	42	78	47	76	39	27	45	66	34	75	73	53	60	17	69	54	70	29	50	22	49	49	0	37	62	77	32	6	46	2	4	72	3	66	13	29	28	29	76	38	44	52	1	4	34	40	77	55	17	59	2	34	73	61	33	20	43	64	74	79	40	68	63	68	1	42	48	20	23	3	31	31	11	17	77	8	46	68	10	62	33	30	8	35	38	47	7	24	76	40	57	77	22	42	14	69	67	23	41	79	54	15	24	45	15	4	78	32	15	54	44	9	7	6	50	41	24	53	50	16	67	37	29	1	57	70	35	59	43	9	22	48	11	64	54	17	72	43	69	46	68	28	3	26	17	18	18	68	79	16	3	14	62	71	70	73	1	55	77	6	24	33	8	69	52	6	41	41	54	40	32	33	47	23	31	79	64	68	71	4	75	65	72	17	31	30	36	6	46	44	75	38	42	77	15	16	18	1	48	38	9	73	33	41	79	23	64	73	69	11	64	25	60	22	50	56	5	58	23	73	1	55	15	11	17	30	43	31	70	49	45	72	49	16	38	38	68	28	54	9	78	23	15	51	34	1	33	5	79	75	14	32	24	6	71	52	77	68	60	52	14	6	15	31	62	59	48	39	77	38	49	61	12	71	67	34	44	32	6	55	79	65	75	28	4	11	37	51	61	32	2	46	12	79	70	43	16	28	0	46	12	69	49	39	64	45	43	6	76	36	63	77	19	12	29	13	53	53	7	71	51	64	30	60	62	14	66	45	55	49	68	10	48	73	54	37	8	8	9	31	33	30	77	57	13	12	52	20	59	51	79	0	46	53	30	32	6	34	18	3	4	12	45	11	56	18	64	73	5	72	28	77	59	12	65	42	27	33	16	47	23	7	43	46	14	15	35	8	50	27	40	14	53	11	60	17	6	1	47	33	8	28	67	0	10	15	41	79	63	43	49	31	23	47	45	17	35	30	13	6	36	57	67	46	75	64	31	11	9	20	3	46	63	70	48	8	78	72	38	26	40	58	55	69	28	29	51	57	29	3	44	72	42	28	3	35	6	9	40	75	0	28	12	49	11	37	18	69	71	53	40	58	5	46	66	79	38	48	15	6	75	12	48	64	70	68	71	29	6	40	5	32	13	9	74	8	61	72	40	39	69	71	16	62	40	71	18	46	5	23	79	8	63	10	25	28	38	32	49	13	75	59	23	42	15	43	45	69	3	49	68	15	24	47	44	56	63	5	55	51	26	68	53	63	72	61	40	62	43	50	0	17	53	68	31	41	38	2	21	22	14	79	68	43	0	27	13	39	28	40	0	76	51	5	15	27	54	6	11	52	70	57	68	26	20	49	59	44	17	30	66	61	79	34	74	12	13	28	67	74	77	16	63	10	1	76	15	28	25	67	19	16	53	21	76	8	56	4	45	21	18	15	4	24	52	25	69	18	47	35	63	51	36	29	3	61	52	72	3	50	16	53	48	1	26	38	74	59	17	43	51	19	24	5	27	40	46	6	20	29	54	78	79	17	32	47	76	6	76	56	77	13	77	12	66	54	67	28	29	68	47	71	14	54	18	17	55	14	78	8	41	29	34	63	4	67	64	6	10	51	74	30	11	60	47	73	25	1	34	23	53	1	2	41	47	62	50	65	8	72	50	31	35	18	67	68	30	59	54	34	45	5	44	25	47	65	54	26	21	48	37	54	34	3	74	31	4	10	39	22	62	56	59	10	17	44	9	14	46	72	48	67	37	61	3	24	23	59	2	16	7	37	78	27	51	42	72	75	63	76	65	48	41	76	58	27	53	11	4	78	34	10	48	73	50	41	63	61	21	42	35	43	29	30	43	21	26	38	74	75	62	19	63	15	42	54	13	1	78	47	68	50	75	0	53	68	20	58	16	22	55	
59	29	48	76	43	77	61	52	60	55	34	36	59	26	59	59	6	49	23	37	42	25	66	16	3	17	72	72	63	68	56	74	10	48	78	19	65	66	70	32	67	70	79	15	42	75	53	60	5	76	5	53	17	39	44	69	10	56	38	59	30	29	50	19	57	52	60	11	25	24	17	78	10	54	46	59	58	45	64	14	21	56	20	53	57	53	7	59	18	17	54	47	14	24	30	62	42	56	44	3	65	62	45	61	35	7	14	72	59	48	76	65	54	69	52	54	50	68	67	3	11	74	6	5	47	52	58	73	11	78	28	29	75	54	25	29	44	9	78	22	12	68	72	21	8	19	53	56	44	4	48	43	22	4	55	27	18	16	7	54	61	53	13	40	69	79	55	30	71	44	32	37	47	41	38	27	27	66	38	11	71	38	14	20	49	64	25	51	5	78	53	19	17	60	64	3	49	9	5	47	51	32	3	69	3	15	37	1	79	2	9	48	67	24	77	47	29	12	44	43	25	76	69	34	53	53	3	48	13	3	53	50	47	53	70	38	56	6	21	40	19	67	45	53	32	59	45	42	42	41	32	69	30	76	37	66	10	30	8	78	43	47	69	54	13	10	59	40	29	78	38	16	41	54	34	11	46	31	30	22	8	72	54	15	69	76	54	50	17	73	29	28	73	28	39	75	43	65	65	11	68	23	39	41	32	25	24	50	77	53	64	52	55	55	44	59	76	30	73	36	40	37	3	28	25	42	57	1	11	9	39	47	44	49	58	19	40	77	47	74	13	27	3	18	71	72	35	55	36	16	76	6	32	49	11	45	57	56	45	56	12	34	79	4	4	12	30	14	65	66	7	4	62	2	71	49	8	25	43	52	13	20	48	10	10	63	19	31	27	24	49	79	77	60	56	58	78	40	19	26	75	72	48	14	16	42	60	50	10	27	20	35	71	8	5	62	52	30	61	65	77	57	55	24	32	39	65	49	25	5	57	71	70	47	26	57	3	68	18	67	61	47	30	50	35	46	60	20	79	29	39	5	33	75	62	18	51	3	28	8	53	51	79	53	17	71	21	5	71	30	73	5	66	35	10	35	15	52	35	11	28	14	67	74	53	61	5	29	8	0	72	17	1	66	39	52	46	17	49	50	28	9	33	73	7	57	70	36	60	12	43	18	9	48	31	31	11	65	62	41	46	78	68	27	79	2	32	20	28	75	14	33	34	69	42	77	29	31	35	7	58	52	53	11	39	18	44	70	49	70	71	22	68	60	34	70	46	51	10	37	59	6	11	16	9	51	52	2	4	38	49	58	10	46	15	4	71	38	59	30	73	28	50	19	12	76	49	18	30	37	68	39	11	2	10	16	1	65	79	57	12	63	16	63	42	56	42	15	39	10	42	6	65	18	61	66	36	61	0	79	78	56	0	11	28	47	10	1	10	0	75	16	37	24	0	20	75	52	23	58	57	64	75	16	59	42	10	2	30	31	49	29	64	44	61	31	14	29	43	19	52	32	24	24	63	2	66	43	29	16	36	23	59	71	60	75	53	3	39	3	73	34	51	76	3	1	11	52	32	60	61	23	47	2	70	2	26	62	36	50	0	30	18	5	46	14	46	38	64	61	22	53	52	22	21	44	54	7	58	74	68	13	48	11	27	20	69	12	38	42	55	58	69	76	1	19	19	55	34	3	61	7	53	71	49	59	41	61	27	46	73	33	57	78	52	48	56	55	22	23	3	56	27	4	74	12	2	3	24	33	6	17	26	3	38	43	78	33	46	63	1	6	42	73	47	16	73	22	6	43	55	52	34	54	16	30	64	12	3	51	30	59	12	16	25	32	7	64	45	56	67	66	24	63	60	2	70	19	15	29	37	33	41	33	49	37	54	58	7	30	69	53	38	7	18	15	8	62	26	22	13	31	74	6	15	73	47	28	62	71	54	5	4	55	44	63	65	38	78	22	16	32	41	23	14	67	74	32	73	29	62	61	61	40	66	11	56	52	19	55	55	28	62	47	37	14	48	31	34	55	70	68	73	52	77	59	71	33	2	34	10	28	2	21	63	2	58	17	50	0	39	19	32	66	55	73	39	39	5	79	52	74	63	2	3	40	66	16	34	32	43	36	77	77	56	45	33	29	4	40	61	77	13	0	59	25	32	4	74	0	43	16	39	13	73	2	62	62	56	69	13	47	6	24	64	15	46	23	53	73	79	64	56	75	4	30	71	66	75	32	14	42	2	51	43	65	52	2	11	4	32	60	57	32	33	77	69	2	6	18	58	6	74	41	53	58	44	29	68	11	71	61	67	5	10	54	16	71	16	51	24	60	72	67	7	66	46	66	10	69	46	78	31	68	7	3	3	42	21	61	50	21	68	60	41	50	67	26	54	13	78	54	6	20	65	44	69	68	11	73	49	10	8	59	70	51	69	45	34	75	14	63	33	16	66	11	16	47	77	63	78	20	60	9	53	78	44	5	52	24	9	33	72	16	18	9	61	67	3	9	33	13	41	33	17	60	33	43	40	61	56	70	54	77	59	30	53	72	71	64	37	45	9	42	49	7	14	71	38	67	67	38	2	0	53	4	1	73	1	12	1	28	68	45	63	54	27	35	7	68	3	12	22	18	41	35	58	14	10	23	16	21	52	68	20	36	66	56	35	7	2	14	11	77	17	53	73	1	60	10	73	32	0	40	25	9	11	30	69	71	8	24	42	24	21	67	70	25	31	13	38	23	4	66	6	62	63	31	4	60	78	1	60	78	79	38	76	48	29	74	32	17	54	26	22	44	40	51	10	15	46	3	58	23	39	54	18	48	46	25	64	72	50	26	16	28	62	20	64	57	65	22	13	76	70	29	18	33	44	36	31	70	62	42	63	56	59	75	31	67	14	52	13	22	54	19	22	44	14	36	6	35	37	20	42	55	71	48	64	23	32	6	37	30	15	66	53	58	0	65	29	40	47	49	59	36	59	29	44	44	0	20	44	45	42	35	41	68	72	69	15	46	54	73	43	7	65	11	75	45	5	40	28	77	33	62	10	20	17	41	3	14	2	38	3	9	65	34	24	18	43	59	30	22	29	29	3	33	51	53	3	33	60	49	28	19	20	76	26	52	40	69	27	0	53	57	76	38	8	35	73	65	62	34	63	14	52	2	60	28	23	32	12	70	36	74	29	58	8	28	28	5	16	35	37	68	10	44	69	3	65	21	74	48	51	10	16	72	61	56	38	24	28	60	70	60	29	4	47	19	45	76	30	72	26	49	79	8	15	65	63	34	10	40	60	33	24	35	3	19	55	31	32	53	66	25	49	4	23	15	2	28	3	45	65	11	36	33	74	62	21	6	27	66	36	27	48	19	47	44	71	63	17	23	44	35	25	23	45	12	50	43	54	70	58	32	21	15	47	1	38	20	44	45	7	18	0	0	36	38	70	55	27	60	77	16	41	34	16	23	58	5	14	57	11	33	51	51	74	37	43	19	3	44	69	36	52	52	12	6	74	9	79	3	65	58	74	58	70	18	25	39	7	47	11	39	1	14	76	71	48	75	40	53	18	4	14	77	35	38	58	60	0	46	8	64	40	41	23	5	5	51	3	56	22	26	73	38	56	59	38	61	7	3	22	72	49	14	40	23	2	10	72	68	24	20	3	14	79	9	38	33	21	53	78	42	22	6	56	70	32	41	1	51	15	43	54	61	17	24	36	33	2	79	8	29	64	11	15	12	56	42	54	30	70	8	10	45	23	19	72	23	9	73	29	42	56	4	6	34	2	36	48	61	36	4	40	6	10	3	27	12	17	43	54	59	7	44	6	1	57	66	25	42	35	25	26	19	2	79	23	41	21	32	61	73	70	27	41	49	20	75	25	61	12	62	72	42	74	33	68	22	60	65	58	61	30	58	24	28	30	58	41	16	72	62	75	7	74	3	44	13	64	69	23	47	40	34	11	10	78	7	19	60	64	33	29	1	42	44	39	6	10	23	12	57	76	77	59	69	46	27	15	41	28	48	55	34	68	7	46	11	19	78	67	19	36	66	17	54	71	64	55	50	71	36	32	18	1	60	43	37	67	37	20	55	74	12	71	70	66	45	51	13	56	38	52	27	26	68	70	60	37	20	24	14	21	18	54	29	7	61	12	6	26	0	57	38	8	40	41	10	32	36	9	32	47	47	37	36	1	71	28	4	36	25	42	27	20	2	60	24	63	62	31	71	49	59	63	6	24	38	75	64	48	44	15	4	23	57	40	78	73	75	19	12	68	47	61	26	36	18	35	21	55	65	2	10	25	56	23	38	56	37	79	23	1	69	71	73	79	68	44	25	18	32	43	21	21	39	17	25	69	35	75	34	64	20	38	77	19	21	47	8	74	5	35	47	18	63	64	79	57	64	1	38	76	23	36	47	7	63	22	9	7	70	20	0	58	41	27	2	13	68	25	43	28	5	9	72	21	57	25	38	36	13	54	19	55	30	14	26	42	40	12	10	10	9	78	48	38	46	2	71	8	4	67	30	16	39	63	34	8	5	20	14	64	11	61	65	66	6	25	7	46	50	19	29	15	46	42	32	50	21	73	78	53	4	47	67	68	58	71	28	77	34	0	55	60	74	53	64	47	79	69	52	67	78	27	16	52	51	22	50	47	12	49	22	18	38	59	57	42	62	48	24	67	0	12	17	42	58	14	32	45	41	66	50	25	42	20	36	10	57	67	36	13	53	11	46	0	9	56	47	16	34	57	5	57	31	10	76	41	43	40	65	12	36	31	49	48	55	14	74	17	65	17	8	61	46	21	40	32	76	55	7	72	8	4	67	17	79	25	40	73	29	50	51	76	64	30	1	8	37	41	48	25	57	48	12	77	41	16	66	16	33	38	0	64	31	79	50	25	16	24	53	9	0	14	54	13	46	62	67	49	21	5	55	18	3	64	66	30	20	60	46	17	39	39	42	25	55	60	17	19	34	9	35	59	4	43	10	47	44	47	21	43	37	50	32	28	45	18	72	32	17	58	74	52	45	72	20	4	63	57	66	30	52	43	18	30	25	9	79	1	59	65	40	6	6	48	41	23	24	36	31	19	78	8	56	39	5	10	32	47	25	8	4	25	24	13	2	1	15	40	5	69	11	20	60	2	72	47	3	3	53	39	40	72	29	71	7	28	29	30	45	76	36	23	7	6	61	1	50	70	22	7	44	58	44	8	17	15	76	79	63	48	50	11	1	77	60	56	6	17	39	50	42	57	32	8	11	67	35	70	4	28	30	24	4	48	78	61	40	77	16	17	27	63	0	48	12	35	61	9	39	55	66	40	41	72	28	57	32	50	74	75	55	35	71	26	29	55	65	3	31	75	37	67	40	30	64	54	71	74	46	75	40	31	29	62	41	7	74	44	5	34	34	2	11	26	65	77	40	31	6	58	39	59	59	70	23	46	32	62	4	35	65	15	27	55	26	38	73	72	73	64	60	18	43	42	48	51	12	1	19	72	43	2	32	28	35	42	6	31	66	54	17	44	68	35	78	64	72	14	27	57	25	36	52	20	53	18	54	61	8	69	31	49	17	75	42	30	43	15	22	33	36	47	16	22	9	8	67	59	70	71	30	28	10	10	77	38	48	28	45	24	69	11	28	60	8	4	22	65	36	5	72	4	55	73	15	65	46	78	73	38	22	18	18	47	43	16	71	74	75	71	5	67	19	34	42	56	0	63	2	21	79	76	26	8	76	36	15	78	5	70	79	18	71	45	6	52	62	8	50	63	8	66	14	32	50	26	73	53	73	43	31	26	58	20	29	77	65	0	33	43	44	46	23	32	56	26	60	41	50	32	61	36	70	63	56	46	34	51	73	51	67	72	45	32	6	13	66	51	40	62	19	41	37	71	31	46	59	7	19	16	39	42	42	43	69	77	19	28	19	60	42	50	46	70	60	55	35	7	7	27	47	12	55	24	62	50	73	77	62	69	26	71	60	20	8	2	69	43	47	28	21	71	76	17	11	5	45	15	18	18	45	3	71	75	27	8	73	13	20	30	35	69	51	48	3	0	55	11	70	43	60	45	56	3	79	2	72	37	14	72	33	46	37	28	33	43	49	42	20	9	31	79	73	69	29	25	43	28	71	69	24	44	10	15	60	16	19	4	22	70	64	2	33	11	61	54	11	44	7	76	17	38	12	33	31	55	23	52	36	26	39	15	11	45	57	49	33	77	72	71	21	72	19	77	50	41	22	17	70	30	31	79	30	69	9	53	7	57	35	47	77	8	9	11	15	16	25	37	7	76	46	75	21	43	71	73	37	72	49	77	3	34	23	67	77	68	72	57	0	13	0	28	8	8	76	71	35	36	74	26	30	12	37	0	22	79	61	22	72	40	44	42	16	22	64	25	44	36	71	15	9	65	62	25	68	41	48	37	25	40	76	16	38	13	30	38	8	52	19	20	28	57	56	72	63	75	27	
23	20	33	21	32	39	28	31	34	27	26	40	20	38	27	27	29	22	30	36	24	35	37	25	36	28	35	37	28	24	30	20	27	37	36	36	24	20	37	28	29	32	24	26	32	31	21	27	23	23	30	25	35	23	27	33	22	20	31	26	36	37	37	28	30	21	20	38	25	31	24	30	27	27	23	31	33	21	20	25	37	32	36	36	32	29	37	35	20	36	24	35	39	22	35	40	25	39	29	35	38	39	40	31	25	25	28	38	32	34	31	37	39	27	36	37	25	29	33	27	33	38	26	33	23	40	37	34	32	30	20	36	32	33	33	26	40	36	39	40	20	20	32	29	27	27	28	22	39	23	20	31	38	20	38	40	38	26	30	20	26	40	29	28	39	21	34	38	35	27	38	33	21	25	38	25	25	39	34	27	36	29	29	21	30	28	27	33	35	28	35	28	24	24	34	22	32	26	33	27	40	27	22	39	25	22	35	40	35	24	34	40	20	26	31	21	28	32	20	32	35	31	31	38	38	24	29	26	32	30	26	37	26	24	20	33	22	28	38	35	28	31	33	37	21	33	39	39	22	31	37	35	32	25	40	33	21	37	21	33	20	32	32	20	28	28	27	37	29	22	38	39	35	29	40	25	23	32	40	29	28	37	30	33	23	29	25	40	35	34	39	33	28	31	32	28	25	39	40	31	29	22	36	39	38	24	35	27	22	24	20	26	36	20	27	24	26	22	37	22	39	28	25	34	38	31	24	34	39	34	33	40	31	40	33	38	27	22	21	23	35	35	36	26	23	29	22	23	25	23	26	28	37	37	29	31	40	39	25	40	20	24	27	36	20	20	22	31	25	34	31	39	40	20	38	38	27	26	26	25	27	22	22	31	28	32	24	33	24	24	25	28	32	23	35	36	33	37	23	26	32	33	33	24	30	34	34	21	36	36	22	37	40	33	22	27	26	39	30	27	22	27	25	26	25	28	24	20	26	33	30	26	21	35	23	25	26	27	29	26	28	40	37	36	37	33	22	33	30	37	33	37	29	25	34	23	29	39	20	26	36	34	29	25	24	34	27	27	37	25	25	27	32	26	28	21	28	33	27	34	22	36	27	37	35	38	29	21	36	33	39	34	33	32	27	39	38	20	20	35	38	33	30	40	33	22	31	24	39	39	25	21	35	36	40	28	38	35	25	35	40	34	31	32	34	23	31	21	31	34	34	35	20	22	28	26	26	40	24	31	25	23	21	21	28	21	29	26	32	31	28	25	30	22	38	21	35	38	27	21	29	24	28	21	21	31	27	20	30	37	29	24	30	38	24	39	34	38	30	26	38	22	26	22	27	23	39	26	26	23	22	29	35	38	32	31	38	39	34	39	40	31	39	26	25	32	26	32	23	36	38	23	37	28	33	33	24	34	29	40	39	33	31	24	31	35	22	33	38	30	35	21	33	34	34	32	25	35	28	31	38	35	29	26	32	40	39	27	34	34	34	30	22	39	40	22	27	23	36	34	33	30	38	25	33	40	34	28	27	21	35	37	20	34	24	22	34	22	27	32	32	21	33	34	34	37	27	26	28	25	38	36	35	31	35	31	30	32	25	33	23	38	29	33	30	30	33	35	33	28	37	37	36	27	29	32	37	29	20	22	31	36	26	35	24	31	26	26	27	35	35	38	36	37	23	25	30	23	26	31	40	35	21	23	34	24	32	33	40	32	21	21	31	37	25	33	26	20	26	34	35	35	24	28	26	21	30	25	21	23	31	27	29	29	40	39	39	30	37	38	28	25	21	31	25	23	32	37	29	33	35	37	23	23	24	36	27	25	38	39	23	38	21	36	40	35	27	40	31	37	39	30	30	39	22	31	31	37	35	36	33	33	32	28	28	32	23	39	28	33	31	30	32	36	24	35	34	23	38	20	23	38	35	23	31	32	23	40	33	27	40	39	31	38	30	24	35	40	22	23	31	38	39	31	23	38	26	40	21	21	21	23	24	36	20	34	35	37	31	37	39	33	40	27	35	35	31	26	31	38	33	33	36	27	33	39	34	28	34	36	27	24	35	23	31	29	36	22	22	24	32	38	34	20	23	36	28	34	26	22	22	30	37	21	37	30	35	21	29	32	27	34	20	21	23	35	27	38	25	38	25	34	20	38	25	20	28	34	27	35	39	29	24	31	33	24	23	32	37	28	38	34	34	21	32	20	21	27	30	26	32	28	26	38	36	39	20	32	30	35	37	22	25	39	35	24	27	36	28	28	40	40	23	34	39	21	24	23	27	22	29	28	28	22	36	33	40	36	21	25	35	23	25	34	21	29	29	22	36	34	20	32	36	24	35	21	23	35	28	33	37	27	26	31	26	29	32	23	23	32	23	27	28	39	37	29	26	28	25	21	37	30	35	37	34	31	38	37	35	21	34	28	28	31	21	23	21	29	22	31	21	32	32	28	39	22	35	33	35	37	26	36	24	35	39	25	39	37	36	24	32	27	37	28	23	23	36	22	34	39	34	32	20	21	21	21	31	39	36	30	32	31	35	37	25	22	39	36	39	33	30	37	37	24	22	37	33	31	34	20	28	26	40	39	27	28	24	25	21	21	37	25	25	32	29	28	26	36	32	37	26	37	32	30	20	29	39	20	33	37	24	35	32	25	31	23	28	24	30	30	28	38	21	31	21	28	24	29	26	21	31	36	35	29	25	39	38	21	23	30	29	35	32	26	20	40	39	22	38	28	21	35	24	37	39	32	27	28	39	26	26	38	38	34	24	26	39	26	35	32	26	24	27	35	33	38	39	22	33	30	35	34	28	25	39	35	27	21	30	32	35	28	27	36	21	29	22	29	23	25	39	28	32	21	23	31	32	35	27	38	29	30	34	37	35	33	28	34	36	22	22	25	36	29	35	34	27	32	29	26	30	28	24	39	30	20	36	25	30	22	39	31	26	35	21	24	39	36	29	33	29	33	24	33	40	20	23	31	24	36	37	26	35	24	29	31	23	33	39	20	27	33	28	34	33	29	37	32	35	20	27	37	28	20	22	26	30	26	32	25	35	39	34	39	34	21	28	36	35	22	30	36	37	32	28	40	25	38	21	22	21	22	28	31	32	22	40	31	28	20	35	36	39	31	25	30	31	37	28	33	30	23	26	36	31	30	39	37	34	32	26	31	20	22	28	28	37	23	25	31	33	40	30	33	29	26	40	22	38	35	28	31	37	39	33	27	26	33	32	34	37	26	27	30	37	39	24	32	39	28	35	40	40	35	21	31	39	29	21	32	35	28	22	26	20	22	36	32	32	38	39	40	29	29	38	38	27	29	25	27	22	37	35	20	39	20	40	25	24	38	40	40	34	29	38	31	29	30	36	40	33	32	28	35	30	28	37	21	27	33	24	36	29	26	32	26	20	33	26	30	20	38	26	34	25	35	20	31	28	36	21	24	31	26	28	23	33	20	39	29	26	33	40	37	38	29	21	27	36	32	33	28	27	40	22	23	33	38	25	26	33	31	37	28	31	39	34	39	37	30	22	23	24	31	27	35	32	30	20	39	27	34	21	34	39	37	20	37	38	22	31	38	20	40	22	26	21	27	30	29	24	31	22	31	36	30	40	23	33	34	37	29	25	33	39	30	24	40	29	36	39	21	25	33	28	28	40	33	35	32	24	31	26	35	38	22	39	28	30	32	20	20	24	32	33	33	22	31	24	34	25	22	27	40	20	30	33	40	21	30	24	30	32	38	25	39	30	33	28	26	32	35	28	40	23	23	28	38	21	32	33	25	33	23	29	28	37	37	30	28	35	35	38	27	22	33	32	35	31	35	21	40	31	26	28	39	34	40	39	29	37	27	27	24	21	22	31	26	28	26	25	24	38	26	28	21	31	30	30	28	22	26	23	22	23	30	37	27	28	26	30	23	40	27	24	37	35	28	36	33	29	34	26	27	34	21	28	31	33	33	36	38	23	35	36	38	26	28	30	39	20	34	25	32	24	39	21	28	30	34	35	25	31	30	39	27	34	35	39	28	33	27	33	35	20	20	37	40	36	40	40	23	25	38	27	34	38	24	33	29	22	36	21	36	28	22	38	31	39	20	40	38	31	37	37	39	28	34	21	39	38	21	34	27	35	25	34	28	25	39	26	25	32	22	35	29	27	40	34	30	29	29	32	32	22	22	33	26	25	29	27	26	30	22	38	22	29	25	20	39	23	37	28	30	23	36	26	30	22	34	30	36	31	40	20	37	32	20	37	38	26	21	26	20	29	24	40	26	36	26	38	32	30	20	23	39	33	30	29	39	33	31	24	40	39	29	34	35	40	25	27	29	30	26	25	35	40	34	31	31	26	37	36	32	40	25	29	32	25	27	22	32	33	31	39	27	38	40	24	40	28	31	38	35	39	39	38	27	30	20	36	29	31	25	38	30	31	33	35	27	29	23	29	35	22	22	38	30	29	25	34	28	35	27	27	39	23	26	30	20	25	33	22	25	40	20	21	33	39	31	30	38	29	32	20	27	34	33	39	26	26	20	32	20	27	35	39	33	26	40	35	37	21	20	36	24	35	35	22	32	29	29	27	26	21	29	38	26	35	33	37	22	35	22	23	22	20	30	35	35	26	23	29	39	37	22	24	31	28	34	31	24	20	35	20	26	36	23	32	37	32	22	22	22	23	38	24	29	32	34	34	23	30	23	36	25	37	36	40	38	34	25	25	29	37	30	27	23	36	23	27	39	32	30	34	38	38	29	32	29	30	35	32	25	32	39	38	35	25	21	25	29	27	22	20	33	36	38	24	28	39	31	40	29	21	31	26	27	32	31	35	32	35	29	25	24	31	40	24	25	32	37	30	38	25	21	27	32	24	24	37	39	20	20	25	20	35	28	30	29	24	25	33	30	39	30	38	25	21	26	20	30	25	33	26	28	36	31	36	25	37	20	39	28	26	26	22	38	31	29	36	30	23	21	40	29	37	26	40	20	22	34	23	40	26	27	27	33	33	32	29	40	32	25	22	40	24	32	35	32	37	22	34	25	22	34	27	27	34	21	34	27	36	33	28	33	33	28	40	30	36	20	38	31	36	37	38	26	32	39	23	22	26	28	40	37	40	37	24	35	25	21	31	32	33	23	32	28	34	25	32	30	27	37	32	39	32	34	26	21	33	27	27	28	27	24	30	28	39	27	36	40	23	30	34	26	36	33	40	37	34	38	28	39	37	39	28	29	31	27	33	33	37	34	30	34	37	39	30	36	30	24	38	31	28	28	21	21	36	32	33	24	29	22	25	36	40	39	30	26	27	23	35	29	26	28	33	37	38	32	29	21	36	26	40	21	27	24	27	30	35	27	30	30	38	20	32	31	22	33	34	34	27	20	34	28	21	21	27	37	29	24	30	28	26	32	25	32	20	27	30	37	40	29	34	37	33	21	20	24	33	30	30	26	38	30	22	20	35	26	36	31	30	21	31	22	25	39	40	30	20	25	25	25	29	38	26	38	36	32	32	20	23	39	29	27	33	30	22	24	27	28	38	32	22	23	27	35	31	20	32	29	27	40	31	30	30	28	40	39	26	34	38	37	34	40	34	29	31	40	23	20	31	23	34	32	33	39	29	32	38	40	37	29	23	26	30	27	23	31	23	30	38	31	29	20	39	21	27	36	20	29	30	24	35	20	28	36	20	27	35	29	23	30	34	40	39	26	34	37	22	39	20	39	31	30	27	21	37	20	27	34	35	33	32	37	23	20	32	20	40	40	32	36	24	29	24	21	36	28	31	23	20	34	21	27	37	33	37	40	23	37	37	35	20	34	39	27	38	40	21	26	29	31	26	20	39	36	20	38	35	20	38	32	24	32	28	30	39	29	21	32	23	33	26	22	37	39	22	24	38	40	25	38	23	22	20	22	27	20	23	34	20	32	32	26	28	35	20	30	34	32	30	39	24	24	39	23	25	38	38	36	24	35	21	27	30	21	29	20	23	38	33	35	28	31	37	20	31	38	33	34	39	26	34	29	33	40	24	29	37	30	21	22	30	27	21	24	34	39	40	25	28	29	22	33	38	39	22	39	40	28	23	32	31	23	29	31	37	27	34	23	27	34	39	30	36	38	26	37	22	34	26	31	20	37	32	21	21	31	20	25	20	21	34	30	24	20	20	34	20	20	22	33	30	28	30	21	26	30	40	20	30	23	27	20	26	22	35	36	27	29	24	20	36	20	29	34	27	39	29	39	40	23	28	29	24	23	36	30	38	38	20	30	36	35	38	33	21	20	31	29	22	29	33	33	37	33	39	34	24	35	26	28	33	37	21	36	24	34	38	34	35	29	30	21	26	31	28	27	24	20	21	34	32	24	37	32	38	34	33	24	24	28	23	28	35	28	38	27	29	22	25	31	26	20	40	35	36	40	37	27	28	37	39	27	36	31	31	26	38	39	35	20	33	28	21	23	33	28	35	27	33	28	
50	34	34	24	14	34	24	46	19	20	12	35	30	48	37	25	49	42	19	40	21	20	22	30	37	42	24	50	29	46	34	50	26	29	12	33	34	22	35	47	46	31	15	30	12	13	38	18	21	24	17	23	15	45	12	47	44	25	14	43	38	28	49	36	47	31	11	11	36	27	10	26	27	44	13	24	43	21	42	10	17	47	23	33	26	24	20	50	44	25	42	33	35	22	24	21	37	27	40	42	44	36	50	25	39	16	39	33	24	42	10	18	21	40	48	22	24	48	39	24	13	28	15	33	46	37	50	23	32	17	27	27	35	18	23	37	18	17	21	27	42	19	34	10	17	29	11	34	19	21	48	13	35	11	46	25	15	18	45	11	17	28	13	11	44	48	23	23	38	31	19	31	30	36	42	30	10	22	37	19	45	33	46	49	47	24	32	22	50	15	30	50	18	46	19	27	16	36	18	17	36	18	25	15	25	45	26	21	48	48	29	21	14	31	44	13	33	44	48	47	22	38	45	30	29	31	36	45	16	18	18	12	13	47	49	13	42	25	14	26	42	33	12	33	25	32	44	19	28	16	38	22	30	48	20	24	36	49	41	39	39	13	24	42	19	11	19	18	36	15	30	47	29	35	14	17	21	36	22	29	17	22	28	20	36	37	37	18	13	37	46	31	30	19	46	35	17	12	27	32	32	44	20	27	25	33	18	37	39	38	12	28	26	25	44	13	48	32	23	31	37	45	42	45	45	32	11	27	31	16	33	39	14	47	26	50	14	12	21	23	22	46	34	25	31	16	39	15	28	42	22	37	11	18	48	33	38	21	45	10	39	11	47	50	10	41	17	45	33	12	45	50	37	39	46	46	35	22	21	39	25	21	10	40	11	48	23	37	35	43	34	18	33	45	38	17	12	46	26	29	25	30	19	30	36	34	18	21	23	20	11	44	10	10	31	50	13	37	20	20	31	35	29	12	40	14	48	15	39	37	32	11	15	24	44	36	29	40	34	23	12	28	40	48	32	36	11	50	11	36	39	47	41	16	31	35	14	28	14	46	42	25	43	26	40	20	39	39	27	11	29	38	36	13	38	28	44	35	35	35	32	22	16	47	19	34	18	30	43	12	42	21	49	26	20	26	25	38	15	23	38	37	37	34	32	45	22	11	31	16	30	46	50	22	36	12	33	44	22	48	50	27	46	24	43	28	14	13	22	45	44	32	15	47	37	46	43	18	27	38	19	38	46	46	28	36	17	10	25	47	14	34	18	16	50	39	11	48	35	21	41	26	32	16	24	17	28	27	13	32	20	22	43	46	45	27	24	19	19	10	22	18	44	30	15	22	32	36	27	44	43	11	33	42	12	19	11	15	21	18	32	46	21	36	38	49	35	22	32	10	42	14	50	26	49	29	27	29	34	49	28	13	39	17	26	10	44	43	10	18	27	13	30	23	23	11	39	24	28	35	28	46	48	37	22	39	12	42	37	15	25	30	15	44	42	33	45	48	39	32	38	34	36	15	15	36	34	11	22	30	24	17	47	45	46	10	35	44	43	12	41	40	15	22	39	34	21	27	42	50	23	18	47	42	36	47	22	39	34	40	31	12	41	10	43	25	13	16	43	48	10	14	13	29	13	50	10	40	50	16	36	18	21	22	24	27	20	48	36	32	13	48	43	11	32	50	22	23	25	39	40	29	16	18	21	11	13	11	47	41	25	20	29	28	11	19	35	30	46	26	10	10	33	39	50	13	14	46	29	37	50	39	35	47	11	48	28	34	33	44	42	44	30	14	28	38	45	12	33	46	25	49	42	23	11	45	29	37	22	43	40	45	25	20	29	36	23	26	49	45	42	28	32	46	32	50	29	36	49	10	34	43	18	12	37	48	41	20	15	49	42	42	49	33	23	15	49	15	44	35	30	19	41	15	41	46	42	39	25	48	16	30	25	29	33	38	38	12	31	14	25	36	15	26	41	10	15	17	31	44	43	18	36	40	31	21	15	29	20	24	32	32	47	42	49	33	22	39	21	33	11	13	21	16	12	40	43	35	10	27	49	48	30	27	21	19	31	16	20	47	49	31	46	49	20	40	32	31	46	27	12	29	21	17	20	39	32	43	38	45	17	40	48	23	46	46	12	48	42	34	40	34	34	28	42	11	37	15	50	41	22	25	37	17	23	21	16	50	37	30	21	24	39	48	13	11	21	36	33	23	24	36	30	19	40	41	22	31	47	11	14	31	43	27	40	26	34	25	26	49	35	34	50	14	12	21	21	28	46	40	30	33	37	15	14	50	13	40	37	33	20	21	34	27	29	45	24	23	48	14	44	31	38	24	37	42	10	24	14	20	49	50	27	34	50	37	11	33	27	50	48	48	48	48	44	40	38	29	38	35	32	50	14	14	14	18	49	12	42	20	10	46	31	20	19	33	14	40	13	48	19	32	39	29	18	42	29	14	32	15	35	30	47	24	44	39	36	26	30	39	47	42	44	25	34	33	24	41	21	40	16	10	22	20	29	28	23	38	32	31	19	35	49	35	45	31	37	10	43	40	48	43	16	10	20	32	35	41	34	42	40	16	35	41	24	25	11	21	12	47	31	45	42	10	17	50	43	12	28	27	43	23	13	25	40	39	44	36	37	46	36	46	49	25	25	12	47	22	10	34	46	13	19	23	21	16	14	20	44	21	43	26	39	39	25	12	17	10	29	15	49	41	22	40	31	28	42	48	29	23	22	28	12	50	45	26	23	21	16	13	47	40	17	25	40	19	37	13	20	29	43	26	31	28	42	40	14	36	41	10	21	19	12	29	26	47	39	30	41	42	17	29	41	32	26	42	46	37	34	46	18	24	19	47	43	31	18	16	40	33	14	32	33	13	26	13	32	29	17	12	36	50	43	13	48	38	23	45	37	44	10	16	29	31	34	15	36	13	15	25	28	12	12	16	16	39	48	41	14	48	39	31	34	36	47	15	48	12	25	11	44	44	14	12	47	42	41	28	28	25	20	46	29	25	36	23	30	49	21	39	41	39	25	13	19	36	46	30	49	27	17	50	47	20	50	12	49	18	49	14	22	42	48	13	12	15	32	19	44	36	14	33	23	20	33	28	20	18	25	17	45	37	34	14	46	23	10	34	35	24	18	41	27	34	21	27	28	16	24	24	50	11	11	43	21	17	15	11	36	40	19	35	21	10	20	27	50	48	21	14	49	41	16	37	44	35	39	34	37	48	31	14	26	49	37	27	34	32	31	12	19	32	21	28	12	14	42	43	21	13	50	12	27	43	28	27	10	38	12	32	40	45	45	15	23	12	47	30	32	18	33	17	39	35	41	48	26	17	44	30	49	27	18	44	11	41	31	21	40	13	41	50	15	50	21	38	33	32	25	42	16	48	15	25	13	34	40	39	33	46	11	47	32	50	15	38	10	18	26	38	29	16	36	13	13	24	16	17	35	21	37	19	37	11	26	33	16	32	35	42	44	10	19	30	42	42	13	21	36	28	31	21	30	19	24	41	26	42	23	45	37	13	20	10	24	46	27	17	36	20	11	11	17	45	12	38	50	30	18	11	39	13	41	21	34	23	41	41	22	24	29	33	32	10	17	32	26	10	46	18	31	42	12	37	37	19	48	48	24	32	16	17	37	16	30	16	10	12	20	18	22	36	49	33	48	46	12	14	36	49	17	22	44	19	46	47	39	50	48	28	46	25	10	26	42	38	34	13	18	20	30	46	26	48	47	11	27	32	24	32	32	43	25	14	45	15	34	36	35	47	29	14	14	10	17	45	45	24	38	49	18	26	22	36	35	44	38	28	38	20	46	12	25	17	36	37	42	34	34	45	15	14	17	38	50	29	31	11	33	25	28	11	10	46	23	49	18	34	50	37	41	36	12	47	14	24	14	35	37	35	31	19	41	33	47	22	34	36	19	33	38	34	37	29	47	40	19	42	35	45	34	28	28	39	50	40	10	23	16	17	41	44	18	17	30	49	13	39	16	32	35	29	31	34	42	49	24	12	34	12	28	37	18	39	27	14	12	40	14	31	36	10	21	32	23	48	35	30	41	43	14	50	44	36	21	47	38	39	15	36	23	39	34	12	26	45	39	22	14	35	36	18	50	32	20	31	30	16	14	44	16	11	22	44	50	11	49	47	49	27	30	23	10	37	27	36	13	16	24	47	34	42	46	28	19	50	17	35	24	12	29	50	23	25	48	46	29	32	13	45	20	29	38	16	13	48	44	38	26	41	34	41	23	19	11	43	35	11	43	38	31	12	29	11	38	39	22	28	48	17	27	24	18	14	49	17	27	15	36	43	29	35	36	47	50	45	15	25	18	46	36	49	45	45	34	32	14	22	35	23	10	34	27	38	29	42	22	10	35	40	45	21	46	46	41	26	17	46	18	17	35	50	39	13	10	28	14	44	18	22	37	23	41	19	16	38	45	47	10	47	24	48	17	38	14	12	41	44	40	48	39	45	20	41	10	12	25	38	41	38	27	35	17	23	27	23	44	49	11	48	13	29	27	27	17	14	16	32	14	31	15	12	48	36	10	45	10	40	11	43	13	50	42	20	15	24	10	21	30	49	35	32	50	42	21	34	32	24	30	32	11	10	49	46	35	25	30	23	41	18	26	20	11	39	40	45	34	27	40	41	24	15	12	38	40	46	10	38	13	29	39	41	33	25	21	44	11	37	24	10	29	19	13	19	47	32	47	46	32	18	38	19	47	30	25	12	25	25	41	17	11	31	30	34	49	37	23	26	36	11	18	47	17	46	41	35	47	38	16	32	39	38	30	37	49	14	19	14	23	31	28	28	36	14	45	22	19	30	16	41	30	43	46	38	25	43	30	27	14	11	14	30	46	50	33	50	39	50	12	19	28	48	45	18	16	21	12	30	35	15	16	43	33	22	13	32	43	19	29	13	38	24	26	49	12	46	10	24	29	42	28	37	26	46	28	26	34	13	15	28	25	26	10	22	15	14	17	17	50	50	32	29	40	40	37	34	40	27	49	19	19	32	30	13	41	50	13	49	18	15	20	41	31	47	32	25	36	31	20	10	48	16	33	25	37	50	32	26	15	20	31	44	28	22	35	48	19	20	15	44	19	38	32	30	32	17	25	42	38	23	38	20	36	13	49	37	32	49	46	20	22	34	14	12	47	36	29	26	34	42	39	49	38	34	34	30	18	32	26	26	50	16	17	33	34	22	24	42	24	46	14	25	20	14	33	14	24	46	45	48	22	17	18	21	44	37	45	49	50	22	42	29	30	21	23	16	12	34	34	40	33	18	21	18	27	11	23	19	23	44	19	10	18	29	20	20	47	40	16	25	15	12	25	36	30	41	18	30	42	34	32	25	20	24	34	17	37	49	28	43	21	14	27	19	40	48	31	42	48	45	25	47	28	13	21	46	42	49	50	10	21	34	25	49	25	50	47	40	26	50	25	41	30	16	14	44	16	49	11	44	16	13	37	30	17	50	37	47	12	16	33	15	33	25	18	38	28	46	13	23	47	47	38	13	50	27	45	13	29	34	11	46	33	19	16	13	42	11	25	24	15	26	42	22	36	33	27	28	28	25	40	17	18	41	12	18	50	16	24	42	39	13	23	32	38	15	27	25	13	44	45	17	27	23	44	48	18	38	37	28	28	10	22	47	21	27	23	34	39	17	28	18	23	13	33	13	31	44	48	41	31	28	25	14	41	48	10	31	45	13	10	47	45	46	26	50	36	14	15	45	20	22	40	33	16	35	36	46	22	17	39	31	15	48	48	32	35	22	29	29	11	12	36	30	32	42	14	35	12	20	14	20	34	26	37	30	45	31	47	27	12	50	10	21	25	45	34	38	10	20	15	19	50	26	27	27	15	11	12	29	20	46	46	18	26	39	22	28	11	35	21	25	11	31	44	10	45	22	49	20	18	35	43	42	41	49	18	24	29	49	28	32	50	20	24	16	22	44	45	36	24	17	23	38	29	17	37	45	19	22	39	27	26	20	39	19	33	43	26	39	32	46	24	39	23	10	45	32	49	45	25	41	44	43	39	22	26	28	22	33	31	38	29	44	36	25	46	34	37	40	45	40	13	34	26	27	48	17	13	35	17	43	30	50	21	33	14	16	12	48	27	44	41	31	44	41	17	44	42	22	46	43	18	45	44	49	19	37	34	24	13	18	26	31	37	41	26	20	22	40	29	29	35	21	27	35	39	35	21	20	29	10	45	37	14	31	14	50	20	14	34	12	12	23	29	33	38	42	18	49	41	46	23	23	33	16	22	34	30	43	47	47	15	39	27	40	17	25	45	41	32	17	15	45	13	36	44	21	19	19	39	30	22	35	18	14	46	36	45	49	10	12	24	34	35	22	44	19	12	26	34	45	40	23	21	36	34	25	39	37	47	32	17	47	33	35	33	45	26	28	15	21	48	23	35	16	41	49	31	45	25	31	24	34	
0.5
90
