2528
80
0	48	0	0	0	0	0	0	0	0	0	0	500	0	0	0	0	0	0	0	0	500	0	0	0	0	0	0	0	0	0	0	0	0	0	0	0	0	0	0	0	0	0	0	0	0	0	0	0	0	0	0	0	0	0	0	500	0	0	0	0	0	0	96	0	0	0	0	0	0	0	0	0	0	0	0	0	0	0	48	
48	0	0	0	0	0	0	0	0	0	0	0	0	0	0	48	0	0	0	0	0	0	0	0	0	0	0	0	0	0	0	0	0	0	0	0	0	0	0	0	0	0	0	0	0	0	0	0	0	0	0	0	0	0	0	0	0	0	0	0	0	0	0	0	0	0	0	0	0	0	0	0	0	0	0	0	0	0	0	0	
0	0	0	0	0	48	0	0	0	0	0	0	0	0	0	0	0	0	0	0	0	0	0	0	0	0	0	0	96	0	0	0	0	0	0	0	0	0	0	0	0	0	0	0	0	0	0	0	0	0	0	192	0	0	0	0	0	0	0	0	0	0	0	0	0	0	0	0	0	0	0	0	0	0	500	0	0	0	0	0	
0	0	0	0	0	0	0	0	0	0	0	0	0	0	0	0	0	0	0	0	0	0	0	0	0	500	0	0	0	0	0	0	0	0	0	0	0	0	0	0	0	500	0	0	0	0	0	0	0	0	0	0	0	0	0	0	0	0	0	0	0	0	0	0	0	0	0	0	0	0	48	0	0	0	0	0	0	0	0	0	
0	0	0	0	0	0	0	0	0	0	0	0	0	0	0	0	0	0	0	0	0	0	0	0	0	0	0	0	0	0	0	0	0	0	500	0	0	0	192	0	0	0	0	0	0	0	0	0	0	0	0	0	0	0	0	500	0	0	0	0	0	0	96	0	0	0	0	0	0	0	0	0	0	0	0	0	0	0	0	0	
0	0	48	0	0	0	0	0	0	0	0	0	0	0	0	0	96	0	0	0	0	0	0	0	0	0	0	0	0	0	0	0	0	0	0	0	0	0	0	0	0	0	0	0	0	0	0	0	0	0	0	0	0	0	0	0	0	0	0	0	0	0	0	0	0	0	0	0	0	0	0	0	0	0	0	0	0	0	0	0	
0	0	0	0	0	0	0	192	0	0	0	0	0	0	0	0	0	0	0	0	0	0	0	0	0	0	0	0	0	0	0	0	0	0	0	0	0	0	0	0	0	0	0	0	0	0	0	192	0	0	0	0	0	0	0	0	0	0	0	0	0	0	0	0	0	0	0	0	0	0	0	192	0	0	0	0	0	0	0	0	
0	0	0	0	0	0	192	0	0	0	0	0	0	0	0	0	0	192	0	0	0	0	0	0	0	0	0	0	0	0	0	0	0	0	0	0	0	0	0	0	0	0	0	0	0	0	0	0	0	0	0	0	0	0	0	0	0	0	0	0	0	0	0	0	0	0	0	0	0	0	0	96	0	0	0	0	0	0	0	0	
0	0	0	0	0	0	0	0	0	0	96	0	0	0	0	0	0	0	0	0	0	0	0	0	0	0	0	0	0	0	0	0	0	0	0	0	0	48	0	0	0	0	0	0	0	0	0	0	0	0	0	0	0	0	0	0	0	0	0	0	0	0	0	0	0	0	0	0	0	0	0	0	0	0	0	0	0	0	0	0	
0	0	0	0	0	0	0	0	0	0	0	0	0	0	0	0	0	0	0	0	0	0	0	192	0	0	0	0	0	0	0	0	0	0	0	0	0	0	0	0	0	0	0	0	0	0	0	0	0	0	0	0	0	0	0	0	0	0	0	0	0	0	0	0	0	0	0	0	0	0	0	0	0	500	0	0	0	0	0	0	
0	0	0	0	0	0	0	0	96	0	0	0	0	0	0	0	0	0	0	0	0	0	0	0	0	0	0	0	0	0	0	0	0	0	0	0	0	0	0	0	0	0	0	0	0	0	0	0	500	0	0	0	0	0	0	0	0	0	0	0	0	0	0	0	0	0	0	0	0	0	0	0	0	0	0	0	0	0	0	0	
0	0	0	0	0	0	0	0	0	0	0	0	0	0	0	0	0	0	0	0	500	0	0	0	0	0	0	0	0	0	0	0	0	0	0	0	0	0	0	0	0	0	0	0	0	0	0	0	0	0	0	0	0	0	0	0	0	0	0	0	0	0	0	0	0	0	0	500	0	0	0	0	0	0	0	0	0	0	0	0	
500	0	0	0	0	0	0	0	0	0	0	0	0	0	0	0	0	0	0	192	0	0	0	0	0	0	0	0	0	0	0	0	0	0	0	0	0	0	0	0	0	0	0	0	0	0	0	0	0	0	0	0	0	0	0	0	0	0	0	0	0	0	0	0	0	0	192	0	0	0	0	0	0	0	0	0	0	0	0	0	
0	0	0	0	0	0	0	0	0	0	0	0	0	0	0	0	0	0	0	0	0	0	0	0	0	0	0	0	0	0	0	0	0	0	0	0	0	0	0	0	0	0	0	0	0	0	0	0	0	0	0	0	0	0	0	0	0	0	0	0	0	0	0	0	0	0	0	192	0	48	0	0	0	0	0	0	0	0	0	0	
0	0	0	0	0	0	0	0	0	0	0	0	0	0	0	0	0	0	0	0	0	0	0	0	0	0	0	0	0	0	0	48	0	500	0	0	0	0	0	0	0	0	0	0	0	0	0	0	0	0	0	0	0	0	0	0	0	0	0	0	0	0	0	0	0	0	0	0	0	0	0	0	0	0	0	0	0	0	0	0	
0	48	0	0	0	0	0	0	0	0	0	0	0	0	0	0	0	0	0	0	0	0	0	0	0	0	0	0	0	0	0	0	0	0	0	96	0	0	0	0	0	0	0	0	0	0	0	0	0	0	0	0	0	0	0	0	0	0	0	0	0	0	0	0	0	0	0	0	0	0	0	0	0	0	0	0	0	0	0	48	
0	0	0	0	0	96	0	0	0	0	0	0	0	0	0	0	0	0	0	0	0	0	0	0	0	0	0	0	0	0	0	0	0	0	0	0	0	0	0	0	0	0	0	0	0	0	0	0	0	0	0	0	0	0	0	0	0	0	0	0	0	0	0	0	0	0	0	0	0	0	0	0	0	0	0	0	0	96	0	0	
0	0	0	0	0	0	0	192	0	0	0	0	0	0	0	0	0	0	0	0	0	0	0	0	0	500	0	0	0	0	96	0	0	0	0	0	0	0	0	0	0	0	0	0	0	0	0	0	0	0	0	0	0	0	0	0	0	0	192	0	0	0	0	0	0	0	0	0	0	0	0	0	0	0	0	0	0	0	96	0	
0	0	0	0	0	0	0	0	0	0	0	0	0	0	0	0	0	0	0	0	0	0	0	0	0	0	0	0	0	0	0	0	0	0	0	0	48	0	0	0	0	0	0	0	0	0	0	0	0	0	0	0	0	0	0	0	0	0	0	0	0	0	0	0	0	0	0	0	0	0	0	0	0	0	0	0	500	0	0	0	
0	0	0	0	0	0	0	0	0	0	0	0	192	0	0	0	0	0	0	0	0	0	0	0	0	0	0	0	0	0	0	0	0	0	0	0	0	0	0	0	0	0	0	0	0	0	0	0	0	0	0	0	0	0	0	0	0	0	0	0	0	0	0	0	0	0	500	0	0	0	0	0	0	0	0	0	0	0	0	0	
0	0	0	0	0	0	0	0	0	0	0	500	0	0	0	0	0	0	0	0	0	0	0	0	0	0	0	0	0	0	0	0	0	0	0	0	0	0	0	0	0	0	192	0	0	0	0	0	0	0	0	0	0	0	0	0	0	0	0	0	0	0	0	0	0	96	0	0	0	0	0	0	0	0	0	0	0	0	0	0	
500	0	0	0	0	0	0	0	0	0	0	0	0	0	0	0	0	0	0	0	0	0	0	0	0	0	0	0	0	0	0	0	0	0	0	0	0	0	0	0	0	0	0	0	0	0	0	0	0	0	0	0	0	0	0	0	0	0	0	0	0	48	0	0	0	0	0	0	0	0	0	0	0	0	0	0	0	0	0	0	
0	0	0	0	0	0	0	0	0	0	0	0	0	0	0	0	0	0	0	0	0	0	0	0	0	0	0	0	0	0	0	0	0	0	0	0	0	0	0	0	0	0	500	0	0	0	0	0	0	0	0	0	96	0	192	0	0	0	0	0	0	0	0	0	0	0	0	0	0	0	0	0	500	0	0	0	0	0	0	0	
0	0	0	0	0	0	0	0	0	192	0	0	0	0	0	0	0	0	0	0	0	0	0	0	0	0	0	0	0	0	0	0	0	0	0	0	0	0	0	0	0	0	0	0	0	0	0	0	48	0	0	0	0	0	0	0	0	0	0	0	0	0	0	0	0	0	0	0	0	0	0	0	0	500	0	0	0	0	0	0	
0	0	0	0	0	0	0	0	0	0	0	0	0	0	0	0	0	0	0	0	0	0	0	0	0	0	0	0	0	96	0	0	0	0	0	0	0	0	0	0	0	0	0	0	0	0	0	0	0	0	0	0	0	0	0	0	0	0	0	0	0	0	0	0	0	0	0	0	0	0	0	0	0	0	0	48	0	0	0	0	
0	0	0	500	0	0	0	0	0	0	0	0	0	0	0	0	0	500	0	0	0	0	0	0	0	0	0	0	0	0	0	0	0	0	0	0	0	0	0	0	0	0	0	0	0	0	0	0	0	0	0	0	0	0	0	0	0	0	0	0	0	0	0	0	0	0	0	0	0	0	0	0	0	0	0	0	0	0	0	0	
0	0	0	0	0	0	0	0	0	0	0	0	0	0	0	0	0	0	0	0	0	0	0	0	0	0	0	0	0	0	0	0	0	0	0	0	0	0	0	0	0	0	0	0	0	0	192	192	0	0	0	0	0	0	0	0	0	0	0	0	0	0	0	0	0	0	0	0	0	0	0	0	0	0	0	0	0	0	0	0	
0	0	0	0	0	0	0	0	0	0	0	0	0	0	0	0	0	0	0	0	0	0	0	0	0	0	0	0	0	0	0	0	0	0	0	0	0	0	0	0	0	0	0	0	0	192	0	0	0	0	0	0	0	96	0	0	0	0	0	0	0	0	0	0	0	0	0	0	0	0	0	0	0	0	0	0	0	0	0	0	
0	0	96	0	0	0	0	0	0	0	0	0	0	0	0	0	0	0	0	0	0	0	0	0	0	0	0	0	0	0	0	0	0	0	0	0	0	0	0	0	0	0	0	0	0	0	0	0	0	0	0	0	0	0	0	0	0	0	0	0	0	0	0	0	0	0	0	0	0	0	0	0	0	0	96	0	0	0	0	0	
0	0	0	0	0	0	0	0	0	0	0	0	0	0	0	0	0	0	0	0	0	0	0	0	96	0	0	0	0	0	0	0	0	0	0	0	0	0	0	0	0	0	0	0	0	0	500	0	0	0	0	0	0	0	0	0	0	0	0	0	0	0	0	0	0	0	0	0	0	0	0	0	0	0	0	0	0	0	0	0	
0	0	0	0	0	0	0	0	0	0	0	0	0	0	0	0	0	96	0	0	0	0	0	0	0	0	0	0	0	0	0	0	0	0	0	0	0	0	0	0	0	0	0	0	0	0	0	0	0	0	0	0	0	0	0	0	0	0	192	0	0	0	0	0	0	0	0	0	0	0	0	0	0	0	0	0	0	0	48	0	
0	0	0	0	0	0	0	0	0	0	0	0	0	0	48	0	0	0	0	0	0	0	0	0	0	0	0	0	0	0	0	0	0	500	0	0	0	0	0	0	0	0	0	0	0	192	0	0	0	0	0	0	0	0	0	0	0	0	0	0	0	0	0	0	0	0	0	0	0	0	0	0	0	0	0	0	0	0	0	0	
0	0	0	0	0	0	0	0	0	0	0	0	0	0	0	0	0	0	0	0	0	0	0	0	0	0	0	0	0	0	0	0	0	0	0	0	0	0	0	192	48	0	0	0	0	0	0	48	0	0	0	0	0	0	0	0	0	0	0	96	0	0	0	0	0	0	0	0	48	0	0	0	0	0	0	0	0	0	0	0	
0	0	0	0	0	0	0	0	0	0	0	0	0	0	500	0	0	0	0	0	0	0	0	0	0	0	0	0	0	0	0	500	0	0	0	0	0	0	0	0	0	0	0	0	0	48	0	0	0	0	0	0	0	0	0	0	0	0	0	0	0	0	0	0	0	0	0	0	0	0	0	0	0	0	0	0	0	0	0	0	
0	0	0	0	500	0	0	0	0	0	0	0	0	0	0	0	0	0	0	0	0	0	0	0	0	0	0	0	0	0	0	0	0	0	0	0	0	0	0	0	0	0	0	0	0	0	0	0	0	0	0	0	0	0	0	96	0	0	0	0	0	0	0	0	0	0	0	0	0	0	0	0	0	0	0	0	0	0	0	0	
0	0	0	0	0	0	0	0	0	0	0	0	0	0	0	96	0	0	0	0	0	0	0	0	0	0	0	0	0	0	0	0	0	0	0	0	0	0	0	0	0	0	0	0	0	0	0	0	0	0	0	0	0	0	0	0	0	0	0	0	0	0	0	0	0	0	0	0	0	0	0	0	0	0	0	0	0	0	0	192	
0	0	0	0	0	0	0	0	0	0	0	0	0	0	0	0	0	0	48	0	0	0	0	0	0	0	0	0	0	0	0	0	0	0	0	0	0	0	0	0	0	0	0	0	0	0	0	0	0	0	0	0	0	0	0	0	0	0	0	0	0	0	0	0	0	0	0	0	0	0	0	0	0	96	0	0	0	0	0	0	
0	0	0	0	0	0	0	0	48	0	0	0	0	0	0	0	0	0	0	0	0	0	0	0	0	0	0	0	0	0	0	0	0	0	0	0	0	0	0	0	0	0	0	0	0	0	0	0	96	0	0	192	0	0	0	0	0	0	0	0	0	0	0	0	0	0	0	0	0	0	0	0	0	0	500	0	0	96	0	0	
0	0	0	0	192	0	0	0	0	0	0	0	0	0	0	0	0	0	0	0	0	0	0	0	0	0	0	0	0	0	0	0	0	0	0	0	0	0	0	0	0	0	0	0	0	0	0	0	0	0	0	0	0	0	0	0	0	0	0	0	500	0	500	0	0	0	0	0	0	0	0	0	0	0	0	0	0	0	0	0	
0	0	0	0	0	0	0	0	0	0	0	0	0	0	0	0	0	0	0	0	0	0	0	0	0	0	0	0	0	0	0	0	192	0	0	0	0	0	0	0	0	0	0	0	0	0	0	0	0	0	0	0	0	0	0	0	0	0	0	192	0	0	0	0	0	0	0	0	0	0	0	0	0	0	0	0	0	0	0	0	
0	0	0	0	0	0	0	0	0	0	0	0	0	0	0	0	0	0	0	0	0	0	0	0	0	0	0	0	0	0	0	0	48	0	0	0	0	0	0	0	0	0	0	0	0	0	0	0	0	0	0	0	0	0	0	0	0	0	0	0	0	0	0	0	0	0	0	0	500	0	0	0	0	0	0	0	0	0	0	0	
0	0	0	500	0	0	0	0	0	0	0	0	0	0	0	0	0	0	0	0	0	0	0	0	0	0	0	0	0	0	0	0	0	0	0	0	0	0	0	0	0	0	0	0	0	0	0	0	0	0	0	0	0	0	0	0	0	0	0	0	0	0	0	0	0	0	0	0	0	500	192	0	0	0	0	0	0	0	0	0	
0	0	0	0	0	0	0	0	0	0	0	0	0	0	0	0	0	0	0	0	192	0	500	0	0	0	0	0	0	0	0	0	0	0	0	0	0	0	0	0	0	0	0	0	0	0	0	0	0	0	0	0	0	0	0	0	0	0	0	0	0	0	0	0	0	0	0	0	0	0	0	0	0	0	0	0	0	0	0	0	
0	0	0	0	0	0	0	0	0	0	0	0	0	0	0	0	0	0	0	0	0	0	0	0	0	0	0	0	0	0	0	0	0	0	0	0	0	0	0	0	0	0	0	0	0	0	0	0	0	0	0	0	192	0	48	0	0	0	0	0	0	0	0	0	0	0	0	0	0	0	0	0	0	0	0	0	0	0	0	0	
0	0	0	0	0	0	0	0	0	0	0	0	0	0	0	0	0	0	0	0	0	0	0	0	0	0	0	0	0	0	0	0	0	0	0	0	0	0	0	0	0	0	0	0	0	0	0	0	0	0	0	0	0	0	0	0	500	0	0	0	0	48	0	0	0	192	0	0	0	0	0	0	0	0	0	0	0	0	0	0	
0	0	0	0	0	0	0	0	0	0	0	0	0	0	0	0	0	0	0	0	0	0	0	0	0	0	0	192	0	0	0	192	0	48	0	0	0	0	0	0	0	0	0	0	0	0	0	0	0	0	0	0	0	0	0	0	0	0	0	0	0	0	0	0	0	0	0	0	0	0	0	0	0	0	0	0	0	0	0	0	
0	0	0	0	0	0	0	0	0	0	0	0	0	0	0	0	0	0	0	0	0	0	0	0	0	0	192	0	0	500	0	0	0	0	0	0	0	0	0	0	0	0	0	0	0	0	0	0	0	96	0	0	0	0	0	0	0	0	0	0	0	0	0	0	48	0	0	0	0	0	0	0	0	0	0	0	0	0	0	0	
0	0	0	0	0	0	192	0	0	0	0	0	0	0	0	0	0	0	0	0	0	0	0	0	0	0	192	0	0	0	0	0	48	0	0	0	0	0	0	0	0	0	0	0	0	0	0	0	0	0	0	0	0	0	0	0	0	0	0	0	0	0	0	0	0	0	0	0	0	0	0	0	0	0	0	0	0	0	0	0	
0	0	0	0	0	0	0	0	0	0	500	0	0	0	0	0	0	0	0	0	0	0	0	48	0	0	0	0	0	0	0	0	0	0	0	0	0	96	0	0	0	0	0	0	0	0	0	0	0	0	0	500	0	0	0	0	0	0	0	0	0	0	0	0	0	0	0	0	0	0	0	0	0	0	0	0	96	0	0	0	
0	0	0	0	0	0	0	0	0	0	0	0	0	0	0	0	0	0	0	0	0	0	0	0	0	0	0	0	0	0	0	0	0	0	0	0	0	0	0	0	0	0	0	0	0	0	96	0	0	0	48	0	0	0	0	0	0	0	0	0	0	0	0	0	0	0	0	0	0	0	0	0	0	0	0	500	192	0	0	0	
0	0	0	0	0	0	0	0	0	0	0	0	0	0	0	0	0	0	0	0	0	0	0	0	0	0	0	0	0	0	0	0	0	0	0	0	0	0	0	0	0	0	0	0	0	0	0	0	0	48	0	0	0	0	0	0	0	0	0	0	0	0	0	0	0	0	0	0	0	0	0	0	0	0	0	0	48	0	0	0	
0	0	192	0	0	0	0	0	0	0	0	0	0	0	0	0	0	0	0	0	0	0	0	0	0	0	0	0	0	0	0	0	0	0	0	0	0	192	0	0	0	0	0	0	0	0	0	0	500	0	0	0	0	0	0	0	0	0	0	0	0	0	0	0	0	0	0	0	0	0	0	0	0	0	0	0	0	0	0	0	
0	0	0	0	0	0	0	0	0	0	0	0	0	0	0	0	0	0	0	0	0	0	96	0	0	0	0	0	0	0	0	0	0	0	0	0	0	0	0	0	0	0	0	192	0	0	0	0	0	0	0	0	0	0	0	0	0	0	0	0	0	0	0	0	0	0	0	0	0	0	0	0	0	0	0	0	0	0	0	0	
0	0	0	0	0	0	0	0	0	0	0	0	0	0	0	0	0	0	0	0	0	0	0	0	0	0	0	96	0	0	0	0	0	0	0	0	0	0	0	0	0	0	0	0	0	0	0	0	0	0	0	0	0	0	0	0	0	500	0	0	0	0	0	0	0	0	0	0	0	0	0	0	0	0	0	0	0	0	0	0	
0	0	0	0	0	0	0	0	0	0	0	0	0	0	0	0	0	0	0	0	0	0	192	0	0	0	0	0	0	0	0	0	0	0	0	0	0	0	0	0	0	0	0	48	0	0	0	0	0	0	0	0	0	0	0	0	0	0	0	0	0	0	0	0	0	0	0	0	0	0	0	0	96	0	0	0	0	0	0	0	
0	0	0	0	500	0	0	0	0	0	0	0	0	0	0	0	0	0	0	0	0	0	0	0	0	0	0	0	0	0	0	0	0	0	96	0	0	0	0	0	0	0	0	0	0	0	0	0	0	0	0	0	0	0	0	0	0	0	0	0	0	0	0	0	0	0	0	0	0	0	0	0	0	0	0	0	0	0	0	0	
500	0	0	0	0	0	0	0	0	0	0	0	0	0	0	0	0	0	0	0	0	0	0	0	0	0	0	0	0	0	0	0	0	0	0	0	0	0	0	0	0	0	0	0	500	0	0	0	0	0	0	0	0	0	0	0	0	0	0	0	0	0	0	0	0	0	0	0	0	0	0	0	0	0	0	0	0	0	0	0	
0	0	0	0	0	0	0	0	0	0	0	0	0	0	0	0	0	0	0	0	0	0	0	0	0	0	0	0	0	0	0	0	0	0	0	0	0	0	0	0	0	0	0	0	0	0	0	0	0	0	0	0	0	500	0	0	0	0	0	0	500	0	0	0	0	0	0	0	0	0	0	0	0	0	0	0	0	0	0	0	
0	0	0	0	0	0	0	0	0	0	0	0	0	0	0	0	0	192	0	0	0	0	0	0	0	0	0	0	0	0	192	0	0	0	0	0	0	0	0	0	0	0	0	0	0	0	0	0	0	0	0	0	0	0	0	0	0	0	0	0	0	0	0	0	0	0	0	0	0	0	0	0	0	0	0	0	0	0	0	0	
0	0	0	0	0	0	0	0	0	0	0	0	0	0	0	0	0	0	0	0	0	0	0	0	0	0	0	0	0	0	0	0	96	0	0	0	0	0	0	192	0	0	0	0	0	0	0	0	0	0	0	0	0	0	0	0	0	0	0	0	0	0	0	0	0	0	0	0	192	0	0	0	0	0	0	0	0	0	0	0	
0	0	0	0	0	0	0	0	0	0	0	0	0	0	0	0	0	0	0	0	0	0	0	0	0	0	0	0	0	0	0	0	0	0	0	0	0	0	500	0	0	0	0	0	0	0	0	0	0	0	0	0	0	0	0	0	0	500	0	0	0	0	0	0	0	0	0	0	0	0	0	0	0	0	0	0	0	0	0	0	
0	0	0	0	0	0	0	0	0	0	0	0	0	0	0	0	0	0	0	0	0	48	0	0	0	0	0	0	0	0	0	0	0	0	0	0	0	0	0	0	0	0	0	0	48	0	0	0	0	0	0	0	0	0	0	0	0	0	0	0	0	0	0	0	0	0	0	0	0	0	0	0	0	0	0	0	0	0	0	0	
0	0	0	0	96	0	0	0	0	0	0	0	0	0	0	0	0	0	0	0	0	0	0	0	0	0	0	0	0	0	0	0	0	0	0	0	0	0	500	0	0	0	0	0	0	0	0	0	0	0	0	0	0	0	0	0	0	0	0	0	0	0	0	192	0	48	0	0	0	0	0	0	0	0	0	0	0	0	0	0	
96	0	0	0	0	0	0	0	0	0	0	0	0	0	0	0	0	0	0	0	0	0	0	0	0	0	0	0	0	0	0	0	0	0	0	0	0	0	0	0	0	0	0	0	0	0	0	0	0	0	0	0	0	0	0	0	0	0	0	0	0	0	192	0	0	0	0	0	0	0	96	0	0	0	0	0	0	0	0	0	
0	0	0	0	0	0	0	0	0	0	0	0	0	0	0	0	0	0	0	0	0	0	0	0	0	0	0	0	0	0	0	0	0	0	0	0	0	0	0	0	0	0	0	0	0	0	48	0	0	0	0	0	0	0	0	0	0	0	0	0	0	0	0	0	0	0	0	0	0	0	0	0	0	0	0	0	0	0	500	0	
0	0	0	0	0	0	0	0	0	0	0	0	0	0	0	0	0	0	0	0	96	0	0	0	0	0	0	0	0	0	0	0	0	0	0	0	0	0	0	0	0	0	0	0	192	0	0	0	0	0	0	0	0	0	0	0	0	0	0	0	0	0	48	0	0	0	0	0	0	0	0	0	0	0	0	0	0	0	0	0	
0	0	0	0	0	0	0	0	0	0	0	0	192	0	0	0	0	0	0	500	0	0	0	0	0	0	0	0	0	0	0	0	0	0	0	0	0	0	0	0	0	0	0	0	0	0	0	0	0	0	0	0	0	0	0	0	0	0	0	0	0	0	0	0	0	0	0	0	0	0	0	0	0	0	0	0	0	0	0	0	
0	0	0	0	0	0	0	0	0	0	0	500	0	192	0	0	0	0	0	0	0	0	0	0	0	0	0	0	0	0	0	0	0	0	0	0	0	0	0	0	0	0	0	0	0	0	0	0	0	0	0	0	0	0	0	0	0	0	0	0	0	0	0	0	0	0	0	0	0	0	0	0	0	0	0	0	0	0	0	0	
0	0	0	0	0	0	0	0	0	0	0	0	0	0	0	0	0	0	0	0	0	0	0	0	0	0	0	0	0	0	0	0	48	0	0	0	0	0	0	0	500	0	0	0	0	0	0	0	0	0	0	0	0	0	0	0	0	0	0	192	0	0	0	0	0	0	0	0	0	0	0	48	0	0	0	96	0	0	0	0	
0	0	0	0	0	0	0	0	0	0	0	0	0	48	0	0	0	0	0	0	0	0	0	0	0	0	0	0	0	0	0	0	0	0	0	0	0	0	0	0	0	500	0	0	0	0	0	0	0	0	0	0	0	0	0	0	0	0	0	0	0	0	0	0	0	0	0	0	0	0	0	0	0	0	0	0	0	0	0	0	
0	0	0	48	0	0	0	0	0	0	0	0	0	0	0	0	0	0	0	0	0	0	0	0	0	0	0	0	0	0	0	0	0	0	0	0	0	0	0	0	0	192	0	0	0	0	0	0	0	0	0	0	0	0	0	0	0	0	0	0	0	0	0	96	0	0	0	0	0	0	0	0	0	0	0	0	0	0	0	0	
0	0	0	0	0	0	192	96	0	0	0	0	0	0	0	0	0	0	0	0	0	0	0	0	0	0	0	0	0	0	0	0	0	0	0	0	0	0	0	0	0	0	0	0	0	0	0	0	0	0	0	0	0	0	0	0	0	0	0	0	0	0	0	0	0	0	0	0	48	0	0	0	0	0	0	0	0	0	0	0	
0	0	0	0	0	0	0	0	0	0	0	0	0	0	0	0	0	0	0	0	0	0	500	0	0	0	0	0	0	0	0	0	0	0	0	0	0	0	0	0	0	0	0	0	0	0	0	0	0	0	0	0	0	0	96	0	0	0	0	0	0	0	0	0	0	0	0	0	0	0	0	0	0	0	0	0	0	0	0	0	
0	0	0	0	0	0	0	0	0	500	0	0	0	0	0	0	0	0	0	0	0	0	0	500	0	0	0	0	0	0	0	0	0	0	0	0	96	0	0	0	0	0	0	0	0	0	0	0	0	0	0	0	0	0	0	0	0	0	0	0	0	0	0	0	0	0	0	0	0	0	0	0	0	0	0	0	0	0	0	0	
0	0	500	0	0	0	0	0	0	0	0	0	0	0	0	0	0	0	0	0	0	0	0	0	0	0	0	0	96	0	0	0	0	0	0	0	0	500	0	0	0	0	0	0	0	0	0	0	0	0	0	0	0	0	0	0	0	0	0	0	0	0	0	0	0	0	0	0	0	0	0	0	0	0	0	0	0	0	0	0	
0	0	0	0	0	0	0	0	0	0	0	0	0	0	0	0	0	0	0	0	0	0	0	0	48	0	0	0	0	0	0	0	0	0	0	0	0	0	0	0	0	0	0	0	0	0	0	0	0	500	0	0	0	0	0	0	0	0	0	0	0	0	0	0	0	0	0	0	96	0	0	0	0	0	0	0	0	0	0	0	
0	0	0	0	0	0	0	0	0	0	0	0	0	0	0	0	0	0	500	0	0	0	0	0	0	0	0	0	0	0	0	0	0	0	0	0	0	0	0	0	0	0	0	0	0	0	0	0	96	192	48	0	0	0	0	0	0	0	0	0	0	0	0	0	0	0	0	0	0	0	0	0	0	0	0	0	0	0	0	0	
0	0	0	0	0	0	0	0	0	0	0	0	0	0	0	0	96	0	0	0	0	0	0	0	0	0	0	0	0	0	0	0	0	0	0	0	0	96	0	0	0	0	0	0	0	0	0	0	0	0	0	0	0	0	0	0	0	0	0	0	0	0	0	0	0	0	0	0	0	0	0	0	0	0	0	0	0	0	0	0	
0	0	0	0	0	0	0	0	0	0	0	0	0	0	0	0	0	96	0	0	0	0	0	0	0	0	0	0	0	0	48	0	0	0	0	0	0	0	0	0	0	0	0	0	0	0	0	0	0	0	0	0	0	0	0	0	0	0	0	0	0	0	0	0	500	0	0	0	0	0	0	0	0	0	0	0	0	0	0	0	
48	0	0	0	0	0	0	0	0	0	0	0	0	0	0	48	0	0	0	0	0	0	0	0	0	0	0	0	0	0	0	0	0	0	0	192	0	0	0	0	0	0	0	0	0	0	0	0	0	0	0	0	0	0	0	0	0	0	0	0	0	0	0	0	0	0	0	0	0	0	0	0	0	0	0	0	0	0	0	0	
13	66	47	46	57	28	31	2	10	75	6	38	53	68	43	61	32	59	1	30	63	54	46	44	7	42	39	78	46	43	1	24	25	63	1	47	75	75	28	25	59	67	71	57	46	13	22	6	8	13	64	51	30	26	8	71	6	22	36	22	20	41	73	69	77	70	12	73	55	19	2	8	54	68	64	69	48	47	11	39	41	9	23	66	6	6	75	27	45	60	10	39	50	31	74	59	59	37	16	45	44	67	33	0	42	14	18	59	75	74	72	66	35	13	8	26	39	59	70	8	29	26	41	17	74	31	20	10	17	46	13	25	25	61	26	33	71	1	78	41	15	78	79	69	38	10	65	26	18	73	11	77	39	1	33	20	26	71	71	66	1	64	36	30	32	32	43	44	29	12	66	33	44	27	30	18	50	64	4	4	37	48	25	44	41	34	17	64	19	73	51	35	73	42	19	12	0	59	5	79	43	33	63	33	49	65	22	55	39	31	48	22	65	65	47	20	4	43	59	20	70	35	40	61	27	62	43	67	24	32	8	59	51	63	22	74	32	16	56	38	69	39	52	18	70	42	79	21	24	61	30	18	33	70	54	48	37	42	12	3	26	62	52	64	20	22	37	77	56	56	66	77	60	56	66	7	52	12	56	62	38	9	42	73	70	67	45	60	73	32	70	44	21	68	10	47	78	38	29	8	73	72	22	14	12	66	72	20	75	23	58	49	76	45	79	9	35	24	13	17	69	14	25	62	56	52	56	54	32	62	63	12	67	34	18	39	37	37	56	27	59	75	36	29	75	10	13	18	57	55	54	79	27	70	5	58	53	13	31	38	12	48	9	26	6	5	40	58	7	49	48	10	21	40	8	2	51	64	4	20	25	78	8	54	73	54	58	62	75	78	47	15	33	11	12	32	50	1	54	37	50	22	2	35	39	79	53	47	5	16	19	79	33	63	51	6	33	32	40	11	41	25	40	34	15	63	73	47	55	6	78	42	70	68	29	69	50	78	42	70	31	8	28	19	3	8	71	63	66	51	31	49	1	77	11	13	22	76	14	8	69	68	62	7	19	75	64	15	22	70	73	54	18	9	46	63	61	58	4	65	11	62	47	64	49	57	70	33	5	17	60	25	60	59	40	46	41	75	29	19	51	55	65	63	15	52	73	21	64	22	74	60	14	35	8	8	75	15	74	46	62	48	52	20	75	75	74	77	24	36	34	16	57	33	2	64	68	23	13	4	61	26	9	64	41	0	59	9	46	30	23	21	48	8	52	71	52	52	38	54	48	70	65	21	8	5	43	43	34	3	10	12	18	24	65	13	14	7	70	19	9	54	62	68	43	9	45	67	38	6	10	39	1	17	25	20	49	49	46	15	73	25	63	45	33	46	34	67	75	38	74	39	14	6	29	76	62	51	64	73	33	17	39	33	27	6	73	27	50	6	42	12	42	55	46	71	24	62	28	66	18	31	55	67	76	16	21	77	27	21	27	55	21	37	14	37	46	19	35	28	28	68	30	33	67	78	54	74	8	70	79	74	65	16	45	40	34	67	70	40	1	33	31	46	2	18	29	17	26	73	21	38	79	43	28	0	37	31	39	69	66	71	43	27	10	27	76	6	34	14	16	59	64	6	29	63	24	24	6	39	63	72	65	40	43	11	67	72	1	72	1	42	52	18	47	37	43	79	52	29	27	51	36	55	24	20	51	8	23	70	7	37	77	64	22	4	48	53	67	40	53	26	36	8	64	37	29	72	38	75	5	13	76	17	48	28	56	75	50	11	47	46	66	77	4	49	51	41	79	71	43	2	34	21	63	63	20	2	52	36	9	65	47	54	23	71	69	42	2	10	59	54	16	63	5	45	52	27	26	6	6	50	77	21	40	58	68	31	49	71	4	25	6	47	2	56	75	55	67	34	37	67	12	42	73	57	18	23	77	30	9	77	6	6	24	65	40	55	2	56	8	54	61	23	43	55	62	35	7	0	10	34	17	5	70	72	12	60	55	9	31	26	34	28	15	35	11	37	0	13	57	26	23	61	63	46	42	55	52	40	29	33	27	59	53	64	58	78	24	24	70	69	58	47	3	53	33	42	56	3	17	45	9	5	64	13	26	30	49	1	50	69	28	76	20	77	51	36	54	45	13	29	45	25	47	13	78	39	76	41	62	26	43	37	66	56	17	71	62	7	2	51	41	11	19	0	6	73	58	49	75	38	11	43	46	55	44	52	34	49	32	65	77	26	31	70	3	37	11	73	11	57	27	15	57	42	4	44	33	29	74	54	74	23	18	66	39	61	50	36	30	21	62	66	36	2	11	17	14	11	63	53	17	20	62	4	2	34	30	18	6	10	34	21	1	65	34	50	73	61	49	45	52	17	68	60	53	4	48	36	50	26	59	25	64	24	57	17	68	35	32	1	67	16	68	61	49	69	43	75	69	69	9	47	50	55	51	31	79	15	15	16	15	66	1	55	24	5	78	56	47	61	60	56	57	48	63	14	11	49	45	61	57	71	42	26	58	38	27	28	17	51	54	70	69	35	31	29	9	27	12	39	3	64	0	41	72	72	35	40	61	23	56	8	55	49	20	30	11	61	76	1	29	47	54	36	36	77	70	29	51	74	18	48	48	61	62	19	64	41	32	26	40	21	43	44	29	53	55	59	36	62	54	79	50	37	15	75	59	32	7	5	54	2	34	33	54	66	21	5	34	35	53	38	61	44	56	73	77	65	51	34	71	24	9	22	0	68	66	27	12	59	48	38	50	67	74	44	5	16	36	65	76	7	36	11	58	45	62	62	37	71	40	65	66	42	38	54	54	44	29	53	6	48	19	17	23	13	60	79	14	23	45	6	31	51	28	9	0	38	29	13	7	37	6	41	55	22	11	32	22	28	65	23	73	62	30	52	5	16	38	60	31	55	15	67	43	72	45	0	16	8	53	5	65	77	77	74	69	58	41	66	79	70	30	34	37	37	66	65	76	60	26	18	9	48	73	10	64	38	6	63	72	4	54	70	37	45	13	52	11	56	32	77	16	73	5	71	10	37	0	54	12	33	70	32	44	34	77	26	79	62	41	72	73	56	48	16	33	39	70	55	75	63	16	33	27	21	4	52	23	78	54	21	5	47	12	72	56	29	26	35	38	78	53	74	4	22	51	35	39	41	24	67	3	30	73	78	15	41	28	74	14	16	38	12	7	38	74	8	77	49	47	4	54	23	74	69	55	76	15	15	53	21	67	24	37	55	12	20	60	7	62	74	30	42	30	12	2	22	66	2	11	31	46	15	79	73	40	9	51	75	4	68	61	57	23	38	79	73	7	20	17	14	24	66	7	78	15	22	70	63	66	52	2	37	54	51	18	21	46	53	41	4	17	34	45	71	20	61	35	67	11	76	48	46	43	3	25	75	26	56	35	17	44	0	50	4	6	47	13	73	62	43	71	5	72	41	38	45	58	29	64	7	56	61	56	70	55	14	20	17	45	20	41	28	14	4	59	44	0	37	65	54	39	26	62	15	56	73	41	45	41	54	21	3	62	23	72	72	61	1	72	32	74	40	8	64	74	66	61	77	35	20	46	60	9	66	47	51	49	66	68	53	1	8	68	41	29	74	50	67	43	61	52	24	47	70	31	77	14	57	40	55	46	75	52	76	51	19	40	15	35	4	73	39	2	67	75	40	21	23	5	7	34	18	58	57	45	28	32	3	60	72	77	74	3	44	4	36	55	28	10	5	62	63	6	65	44	55	60	31	7	60	65	19	18	49	9	19	53	43	42	50	18	17	26	38	33	38	76	5	68	63	6	3	50	67	61	69	63	52	22	32	65	26	5	41	76	56	49	21	21	68	77	58	50	50	0	76	23	24	77	79	26	11	74	26	47	15	60	33	27	26	24	25	4	1	19	24	62	8	50	33	15	21	57	75	11	61	79	58	23	4	23	35	9	48	39	11	37	5	37	23	16	9	20	28	48	33	58	64	25	66	44	38	1	64	46	37	28	0	7	33	47	57	74	15	32	78	14	52	52	20	54	5	14	50	40	24	37	26	25	48	46	20	14	20	60	3	76	8	39	77	8	33	17	54	7	36	33	4	13	22	75	60	33	45	21	19	70	60	19	77	2	10	27	31	42	75	49	64	19	4	42	3	34	26	76	77	60	2	43	68	38	18	76	13	36	45	53	77	61	10	42	8	52	45	49	68	15	27	14	53	19	9	7	17	37	44	15	45	58	10	46	77	39	54	6	71	49	23	30	64	44	1	43	28	79	57	0	49	29	4	5	51	28	39	28	41	1	7	60	5	33	42	9	63	1	35	57	74	70	73	48	28	5	16	68	57	34	13	57	39	52	38	68	11	78	78	75	73	6	75	50	71	17	67	14	26	37	10	69	22	4	21	75	33	22	41	6	15	79	59	26	55	36	16	60	59	73	62	34	35	36	9	32	2	27	37	76	46	49	9	42	43	76	9	79	47	65	10	65	15	21	18	36	47	28	4	62	37	45	7	3	37	76	47	24	5	29	49	3	10	70	2	40	41	44	7	76	70	68	21	53	55	35	66	56	16	78	17	56	55	26	57	60	17	76	30	41	66	40	37	3	64	21	19	63	32	54	77	66	54	1	57	66	24	11	58	52	42	57	7	76	35	0	36	15	37	69	70	34	24	60	66	11	15	28	29	47	0	8	77	65	15	23	21	73	34	60	60	41	46	13	22	24	23	79	72	42	67	7	23	21	55	26	24	29	71	60	65	40	73	68	69	41	49	37	43	72	5	22	7	23	58	74	46	61	52	7	69	31	58	66	33	17	62	16	23	72	8	22	45	9	43	56	39	74	60	77	26	0	65	40	42	15	47	0	15	44	43	24	11	76	57	54	68	69	15	15	0	28	49	24	50	36	5	38	1	68	64	13	65	33	7	20	23	63	14	14	24	51	74	34	74	51	18	67	32	19	73	23	17	24	20	3	49	24	57	12	53	72	77	71	34	43	21	41	13	24	37	70	27	20	67	69	34	66	19	25	69	42	27	56	43	30	48	8	24	21	54	44	49	4	51	10	59	62	44	6	28	10	69	39	71	77	20	33	35	27	30	24	36	25	39	67	62	61	5	53	73	27	76	4	55	73	34	5	78	42	60	61	3	54	31	33	60	79	15	38	61	44	33	64	75	66	76	6	59	37	51	11	18	58	75	70	53	23	10	10	42	0	37	77	4	26	49	68	10	27	2	36	0	71	46	49	75	4	9	18	48	22	73	75	68	2	51	48	61	46	76	23	46	14	56	54	46	55	28	32	65	47	78	11	76	11	19	11	68	46	0	23	14	47	25	35	16	67	4	3	13	46	54	62	60	69	67	7	33	46	64	52	1	77	20	43	65	23	66	15	70	50	48	5	5	50	66	36	36	29	14	0	7	23	73	45	34	53	39	18	12	77	30	18	74	3	50	68	79	77	42	59	49	31	72	77	6	78	36	31	65	48	1	69	73	73	53	38	66	46	52	22	65	5	52	25	75	34	26	38	38	75	10	48	5	20	74	61	79	67	15	2	8	11	45	4	69	4	74	24	11	64	58	18	31	70	35	73	54	27	42	32	22	51	20	46	18	3	53	70	49	64	2	30	39	64	66	27	41	56	56	2	12	28	57	72	54	1	60	66	26	60	20	68	79	19	22	53	41	58	40	8	44	71	79	52	63	78	64	60	23	53	63	38	7	0	50	23	5	20	61	36	71	23	22	17	65	
34	59	50	13	47	15	42	12	75	21	59	77	40	30	69	50	39	27	41	60	73	61	9	75	63	5	69	0	25	69	30	78	58	12	54	4	49	45	29	3	32	7	20	13	8	45	61	19	73	63	24	69	6	45	54	53	46	10	8	51	19	6	64	49	54	18	31	31	56	31	52	31	57	15	50	66	12	17	41	56	16	71	27	19	7	19	56	35	66	36	49	26	34	13	23	25	40	14	28	48	68	71	49	17	72	27	21	60	37	42	43	3	60	21	35	22	46	13	63	55	11	19	30	7	54	9	20	38	14	62	31	21	21	4	18	39	28	61	13	27	4	40	17	66	77	40	48	62	57	45	10	48	10	40	65	72	47	73	37	24	41	19	71	16	59	22	72	18	37	19	42	63	55	12	29	71	19	0	51	75	10	65	59	46	29	49	56	30	28	15	75	79	42	46	20	16	22	13	4	2	34	47	28	23	79	68	78	48	62	61	42	45	79	43	1	32	53	15	37	74	47	26	38	75	79	13	69	4	6	25	4	24	37	32	51	21	44	65	35	47	30	79	6	69	74	57	60	8	2	66	54	26	71	41	6	28	42	17	12	46	27	10	25	50	61	21	47	40	79	3	46	18	3	5	23	17	42	29	44	21	20	74	77	16	36	46	11	2	9	43	40	77	5	16	20	1	73	48	64	48	6	42	30	27	45	1	45	18	46	37	17	39	27	7	72	74	38	56	37	61	13	73	24	32	36	43	51	5	43	47	6	77	34	55	50	40	28	34	57	72	8	50	43	77	40	57	73	25	44	71	4	29	55	12	78	73	24	59	39	15	18	4	17	63	52	56	28	59	63	24	9	67	22	69	41	57	73	0	62	46	24	10	56	34	21	69	73	7	49	16	17	45	61	45	65	70	26	78	26	2	72	51	62	35	26	12	45	58	15	76	41	39	73	35	34	28	57	2	41	57	79	74	15	0	62	28	6	2	21	57	46	31	70	35	40	72	66	9	38	48	74	77	72	70	79	65	0	75	1	20	13	49	18	41	18	56	36	16	0	3	38	57	71	48	73	23	24	35	32	10	20	26	26	51	29	73	26	67	35	79	79	44	23	46	75	45	27	38	62	56	47	9	59	47	20	55	1	17	76	34	66	17	23	58	47	78	70	1	73	43	43	8	49	24	54	63	56	38	72	56	78	70	3	3	5	73	39	18	78	48	37	6	10	44	79	15	26	78	21	63	30	72	24	22	8	57	74	6	10	68	27	79	19	24	28	51	52	56	46	19	64	20	51	15	39	45	60	41	57	20	40	49	40	74	42	9	53	16	66	17	1	7	34	60	12	32	74	56	57	28	27	56	23	29	71	45	40	18	29	24	61	62	33	25	71	16	17	33	70	27	16	2	77	31	14	13	75	29	13	34	66	5	13	19	3	58	15	0	79	61	20	75	22	45	30	37	11	12	13	78	29	43	3	56	46	12	32	3	15	78	69	49	16	20	3	50	52	13	28	8	74	76	0	52	68	17	33	6	3	77	62	48	72	1	59	2	36	78	54	14	7	37	50	37	36	39	31	23	26	69	62	70	75	32	65	18	8	10	24	61	1	2	5	7	41	11	55	66	31	21	17	63	21	64	52	30	12	63	31	32	53	18	38	72	32	58	55	37	16	24	37	24	68	29	64	3	30	42	25	23	31	17	34	20	72	1	75	12	41	12	53	15	69	68	18	79	59	72	34	44	29	75	70	8	12	45	32	36	56	47	32	64	20	17	23	14	47	38	71	31	59	47	48	2	10	11	35	43	10	28	2	73	47	35	29	62	57	49	69	42	8	40	76	79	78	23	17	77	76	1	72	38	67	54	31	43	35	22	41	12	31	20	23	59	54	64	24	56	74	43	79	37	12	54	28	67	61	2	1	34	62	65	62	51	15	66	52	57	2	23	36	66	72	2	16	66	18	50	9	8	49	74	62	5	6	10	2	27	65	34	53	11	4	53	41	21	16	19	62	11	6	45	5	45	7	52	15	29	68	73	62	60	29	62	2	10	4	34	29	41	58	7	79	41	0	79	41	76	7	25	76	51	15	56	58	30	75	28	3	14	58	21	9	37	30	38	43	36	8	15	12	44	8	33	77	28	65	61	46	8	50	5	64	79	45	56	36	67	3	72	12	4	37	39	40	4	68	52	41	19	0	18	65	19	59	32	32	37	6	1	24	73	66	5	8	1	64	45	35	29	17	42	42	63	21	29	29	7	62	71	45	23	29	57	75	64	51	20	25	34	33	26	71	63	72	74	70	39	8	70	24	12	3	48	45	15	58	56	6	48	30	46	21	32	64	53	58	1	0	61	38	52	1	23	59	26	34	36	25	51	37	53	65	0	11	27	5	67	4	8	52	13	19	75	34	30	7	39	13	56	34	11	72	76	5	58	68	74	49	67	0	19	23	73	31	57	55	44	33	61	68	13	24	15	13	61	36	33	52	29	6	52	57	30	32	40	15	65	50	62	53	40	61	41	78	50	34	39	25	65	51	44	24	71	48	71	12	20	59	25	69	56	36	4	69	70	28	41	78	46	69	56	47	49	78	67	26	64	27	59	15	60	42	0	1	54	30	3	79	63	23	70	12	9	55	58	7	67	61	79	17	79	45	39	13	47	5	35	43	51	40	3	27	27	6	40	15	10	0	69	56	0	24	24	71	78	46	37	77	53	4	43	26	6	10	27	32	34	1	7	1	74	74	32	11	0	7	54	34	67	72	59	38	70	30	79	7	40	11	36	24	76	31	75	56	66	28	4	9	10	1	1	11	71	65	66	49	73	77	73	26	17	36	70	73	32	25	43	29	8	13	9	40	8	0	48	26	66	19	2	22	72	55	47	75	73	14	25	28	40	56	33	56	20	6	39	65	16	42	76	39	28	52	51	77	57	37	10	34	8	47	69	56	10	17	3	16	48	79	37	11	27	7	77	10	12	12	76	13	53	31	66	7	53	31	17	55	31	31	26	47	2	32	77	0	65	17	11	74	28	37	22	0	36	12	31	49	25	8	7	15	30	25	77	11	52	32	21	70	42	47	78	0	34	37	42	60	77	38	57	57	29	16	61	9	65	6	38	77	28	24	6	6	77	56	13	4	71	6	78	10	58	35	39	71	6	64	59	45	14	31	27	77	2	33	72	56	35	37	34	62	51	14	10	66	65	76	18	67	63	48	11	51	79	76	70	19	0	16	50	19	5	30	3	6	77	54	24	27	75	57	35	20	63	8	52	18	42	37	28	6	45	16	46	1	25	75	57	67	31	5	62	63	0	66	79	20	13	16	29	52	23	2	40	0	32	40	66	72	39	51	28	47	79	37	37	4	23	62	1	57	50	31	31	79	0	10	33	23	50	79	71	65	41	0	19	48	22	60	37	35	74	70	0	28	54	47	18	12	27	70	14	52	27	46	37	68	53	8	7	15	28	3	38	4	47	34	35	69	17	22	30	51	18	46	9	15	51	13	36	9	4	20	1	51	72	34	48	47	79	26	35	12	75	45	42	76	43	58	72	63	1	68	59	72	30	12	71	6	4	65	42	11	34	54	56	40	75	27	16	30	79	50	35	62	62	43	68	56	43	71	65	46	70	8	30	49	48	78	10	18	58	26	54	18	5	45	4	66	3	25	69	66	51	31	57	21	7	30	50	26	33	9	48	67	48	16	5	16	55	37	50	68	22	56	55	46	29	26	21	49	47	12	47	12	12	0	67	16	21	70	5	48	27	0	36	60	79	62	49	4	67	1	47	42	22	58	76	31	42	27	28	20	17	20	78	74	26	23	3	33	24	52	13	12	59	28	13	42	67	0	67	13	3	2	33	70	59	66	39	69	28	50	23	13	23	1	65	61	61	66	56	23	64	70	42	12	47	45	42	61	60	72	25	59	57	72	24	54	5	79	23	0	3	29	39	11	3	35	74	69	6	67	49	50	61	13	76	50	8	2	61	5	59	20	37	29	36	35	36	76	69	1	43	0	79	13	60	29	67	74	8	35	51	25	32	50	14	57	19	60	55	13	5	50	30	54	5	21	19	51	21	70	57	23	5	38	64	67	71	69	25	54	43	5	5	51	3	23	53	75	48	28	26	77	34	5	54	28	26	2	56	40	43	5	2	67	4	16	38	61	38	66	36	23	3	28	28	19	12	33	17	33	33	32	51	50	35	12	51	24	5	20	18	19	70	26	1	36	71	63	1	60	42	35	19	45	0	9	8	71	9	0	18	28	71	42	48	12	42	24	21	72	4	59	0	18	54	51	36	42	16	19	1	33	52	58	56	72	2	58	58	17	44	68	24	60	66	9	19	43	22	73	44	46	9	6	68	6	11	18	76	36	29	76	70	42	50	6	65	24	73	48	64	32	67	77	3	2	34	76	42	79	7	31	8	8	66	71	77	79	5	53	10	52	16	26	64	40	69	70	64	77	5	60	27	35	64	43	34	76	7	5	7	8	61	10	73	40	16	29	27	77	68	14	28	9	72	13	47	60	77	76	4	39	5	28	27	60	49	62	71	43	1	66	72	5	39	11	47	44	68	40	77	32	8	75	67	50	20	37	35	52	27	71	76	54	27	49	33	10	8	70	1	15	33	37	79	40	39	0	74	22	12	56	21	56	49	45	0	49	38	50	28	50	13	70	26	42	6	43	75	44	3	66	32	56	53	12	26	48	60	42	10	4	26	28	34	53	15	53	65	37	77	4	26	4	68	43	76	19	6	75	10	36	52	20	36	7	46	41	74	77	70	25	15	24	12	22	35	23	18	65	71	46	24	43	61	27	32	37	36	65	11	31	62	16	25	43	60	58	60	58	0	63	4	77	57	64	35	53	58	79	58	35	19	27	41	55	37	72	34	67	64	20	5	40	7	50	52	55	26	34	47	33	26	6	24	6	41	46	32	41	38	43	55	73	67	62	15	8	50	9	40	23	50	28	4	71	6	57	3	24	61	15	23	60	42	18	65	37	61	32	65	34	39	76	73	36	56	6	57	78	3	63	67	0	25	73	72	74	9	20	56	46	69	66	20	29	14	50	15	56	38	23	40	63	44	2	32	21	35	67	57	41	10	43	35	13	4	43	65	34	33	21	1	57	34	25	7	35	24	56	33	64	52	4	19	2	39	61	60	42	34	20	14	57	70	43	73	32	53	2	14	32	30	10	48	25	68	5	62	45	70	67	57	45	23	53	19	74	23	45	77	21	70	75	55	30	23	64	3	24	26	62	65	18	48	53	67	78	42	70	26	29	26	35	22	15	79	44	25	7	59	66	3	52	16	7	6	8	77	59	2	4	37	15	25	9	40	69	44	40	54	13	59	49	34	24	72	55	12	39	19	57	5	60	46	73	78	24	9	39	40	58	71	22	20	53	6	21	20	9	25	71	23	72	49	27	32	34	31	19	30	72	18	63	4	43	78	18	17	29	50	59	56	15	16	61	41	0	24	23	21	19	44	59	29	40	28	25	2	17	42	36	21	61	55	11	39	32	35	48	26	8	64	36	61	72	62	72	35	64	63	29	43	50	3	36	72	61	60	77	58	4	11	10	17	40	16	28	0	57	61	20	39	8	34	67	55	70	33	41	33	69	75	8	54	21	0	33	72	8	34	53	38	29	33	21	66	71	15	2	14	39	12	28	9	45	74	6	38	42	26	63	5	47	28	9	55	46	17	36	76	39	60	3	23	75	44	53	40	28	34	29	33	10	0	
38	22	26	23	36	36	27	20	30	33	24	20	34	28	23	29	22	20	31	26	23	25	39	36	24	32	23	22	27	38	39	40	32	39	22	28	37	25	21	24	22	29	32	38	21	25	36	23	31	29	20	22	37	24	36	28	37	22	32	26	29	34	35	32	37	40	34	35	21	36	34	33	27	23	27	36	30	39	23	39	33	21	23	24	36	40	27	34	32	28	39	30	26	21	22	34	36	26	39	32	29	28	40	23	29	37	31	35	34	37	30	24	38	21	24	38	35	30	40	31	34	24	25	25	37	33	37	29	28	31	37	39	31	23	21	20	35	22	40	37	38	38	40	34	26	31	29	24	30	22	35	35	28	22	21	22	40	28	20	21	20	24	31	39	34	26	35	26	36	21	28	39	26	38	38	27	23	31	22	30	23	39	22	24	28	38	29	33	34	22	21	35	24	23	24	29	29	27	36	33	40	35	20	25	32	36	37	30	35	36	38	38	23	38	32	35	32	37	23	32	30	36	30	25	31	24	32	27	36	26	38	30	36	36	22	34	35	26	35	27	25	24	40	38	20	21	38	33	38	34	26	26	37	20	33	32	35	32	29	21	33	29	24	22	37	25	25	21	24	23	23	20	35	31	34	28	20	37	29	26	26	31	27	36	24	32	35	31	32	37	31	39	32	37	31	32	29	37	37	38	28	20	39	22	36	37	33	24	29	30	35	33	28	32	36	35	32	37	30	26	37	23	20	35	40	30	33	30	32	31	28	27	39	31	34	36	33	35	22	32	39	36	24	39	29	27	40	39	31	30	34	21	40	32	33	27	27	21	33	36	38	21	38	35	20	36	33	31	32	35	40	20	35	36	40	39	22	28	20	31	36	32	21	28	21	25	23	33	34	34	39	38	23	29	29	22	39	36	24	39	38	33	33	36	35	34	27	24	26	38	36	31	21	27	23	35	20	36	35	28	40	27	21	20	21	27	26	35	28	32	29	23	23	26	24	25	27	27	27	31	31	27	27	32	24	34	40	20	28	24	22	32	21	27	35	34	26	37	30	29	23	30	32	35	34	28	30	35	35	35	31	24	25	32	35	36	27	28	20	29	23	23	21	20	24	22	27	22	21	39	21	22	27	40	39	30	22	33	32	35	23	31	36	22	27	39	37	22	24	20	21	29	25	23	35	31	22	26	29	23	40	26	31	40	37	32	33	35	26	32	31	28	34	36	31	33	20	22	40	31	32	23	37	27	33	21	30	40	27	40	20	26	33	33	35	22	37	21	31	37	38	27	32	33	23	23	39	30	39	35	28	32	32	37	23	32	38	34	30	25	38	27	40	36	34	27	26	23	27	29	34	21	24	27	20	40	38	20	25	34	27	39	29	29	40	36	23	27	26	33	38	32	33	27	26	29	21	35	21	32	20	36	39	39	23	31	29	31	21	29	23	23	32	25	33	25	23	40	32	32	30	26	20	29	37	37	31	23	27	37	31	33	21	35	39	33	20	33	36	25	23	20	39	29	36	25	26	32	21	23	24	35	36	21	29	34	23	32	22	36	31	21	36	28	22	40	30	21	20	40	20	40	39	24	28	21	22	22	26	40	25	27	23	32	27	31	31	30	24	31	21	35	30	27	24	31	36	39	37	35	24	32	21	32	20	27	21	39	40	40	22	32	21	31	24	38	23	38	21	29	31	30	24	35	37	30	25	37	34	38	24	36	29	23	23	38	30	28	25	28	28	36	35	40	20	30	35	33	31	21	23	35	38	35	34	24	25	36	21	36	21	25	32	22	28	23	27	35	29	29	37	24	34	39	20	26	23	36	25	29	21	28	32	37	20	25	25	20	40	25	37	33	39	36	33	32	39	36	30	34	26	32	25	35	22	22	21	23	20	39	30	30	34	38	30	40	34	24	26	20	40	32	29	38	22	20	23	21	21	22	25	25	31	20	38	38	38	35	27	40	39	23	26	40	27	20	25	32	22	37	27	21	22	24	38	35	20	21	33	28	26	24	38	27	32	37	31	39	33	35	25	34	29	38	28	34	20	21	29	20	39	39	24	28	20	28	30	21	38	32	35	30	20	23	33	21	40	22	27	25	34	38	30	21	39	29	39	32	25	21	27	21	40	28	23	22	28	24	30	27	31	20	33	35	37	23	36	34	32	37	20	37	39	22	34	21	30	37	33	30	40	33	36	32	27	34	36	24	21	34	23	37	28	33	23	36	40	26	40	27	30	26	36	28	33	31	23	37	32	31	26	24	24	26	25	21	38	29	29	28	36	30	34	27	21	30	40	30	35	33	29	40	23	20	39	26	30	38	21	39	35	29	34	21	38	26	23	34	38	34	34	26	20	34	37	36	20	33	26	40	27	24	38	34	33	39	34	39	28	34	22	22	25	26	26	22	31	20	25	36	26	31	30	36	36	26	36	40	20	35	37	29	30	35	22	20	23	20	36	31	38	22	23	35	35	30	23	39	31	37	34	28	22	25	28	25	33	33	24	36	38	37	35	24	28	36	37	38	28	20	26	34	27	30	26	31	35	27	35	21	29	35	24	36	38	25	37	34	31	22	39	21	35	20	29	33	27	29	33	35	38	33	22	30	27	37	39	22	39	25	30	35	24	23	40	35	23	24	24	33	38	40	21	26	26	30	33	20	40	36	29	38	38	32	26	31	37	29	30	24	24	24	39	27	28	27	27	32	34	36	32	37	22	22	21	22	40	27	38	37	30	30	38	34	21	37	37	27	34	22	30	23	25	37	28	25	27	29	38	28	20	20	38	25	38	28	27	27	27	20	40	26	26	31	24	29	26	21	34	21	40	36	20	36	33	33	34	38	20	21	31	36	35	39	21	20	30	25	27	22	21	36	24	39	30	33	34	21	33	28	36	32	24	32	37	38	26	24	39	20	40	25	25	24	36	25	34	35	31	27	25	20	40	34	37	32	38	37	27	39	39	28	35	29	34	22	34	20	23	26	25	20	36	20	20	30	31	20	22	30	28	35	27	31	29	36	30	29	39	24	34	34	24	31	38	24	34	22	34	27	38	39	21	34	36	22	40	40	22	38	30	31	23	21	24	31	35	35	28	28	26	40	36	30	33	23	34	25	30	31	26	24	27	34	29	37	39	31	25	21	38	38	33	35	24	28	32	38	21	24	27	26	25	24	35	30	38	24	25	26	20	23	20	32	39	22	38	20	23	39	33	33	36	21	24	39	30	28	39	23	29	34	28	33	29	27	33	32	32	36	21	27	39	26	32	37	36	28	24	29	34	20	38	39	28	35	28	40	32	22	25	22	22	27	33	33	35	34	26	33	25	24	24	34	30	35	27	34	25	34	29	39	37	24	35	27	34	25	40	34	30	32	36	28	26	34	38	32	22	26	37	31	26	24	36	32	38	33	39	22	38	32	27	28	31	23	27	25	32	20	21	20	21	30	25	36	36	27	31	22	32	23	33	21	24	23	38	29	38	39	33	38	34	30	37	26	36	38	30	29	34	28	21	36	26	30	30	23	33	20	29	25	33	40	24	22	20	20	40	24	33	36	25	39	40	36	30	24	34	35	39	28	26	29	22	24	36	33	23	20	25	22	33	30	26	36	40	40	33	30	23	33	22	40	25	29	39	36	25	34	21	22	36	27	28	29	20	36	29	40	29	24	38	31	31	34	29	26	20	20	40	34	38	20	32	24	22	38	38	38	22	23	29	34	37	22	23	29	29	27	33	23	22	27	22	22	22	34	22	30	36	23	34	23	32	38	35	30	31	23	36	29	39	24	36	21	37	33	39	29	32	23	40	25	40	31	32	30	38	28	36	29	22	25	33	20	36	40	21	36	21	21	36	22	36	28	33	36	31	27	33	24	32	34	39	26	21	28	39	40	37	40	38	29	34	32	25	27	28	33	38	31	33	39	34	33	28	31	40	21	22	30	39	35	37	36	38	32	37	20	27	28	25	31	25	40	35	31	33	22	21	25	37	22	25	22	33	40	34	37	22	26	26	26	20	34	21	34	28	23	36	33	30	32	40	35	23	24	31	28	24	25	30	23	24	37	30	40	40	25	33	37	25	38	25	37	31	22	29	25	29	21	27	22	27	28	23	20	40	20	27	34	38	33	28	35	31	21	25	38	33	22	28	27	35	23	27	28	21	21	22	40	20	27	24	26	28	35	30	33	23	26	24	31	23	37	20	25	30	36	25	23	36	23	35	24	22	29	35	24	39	24	30	20	40	34	39	21	28	28	24	22	23	30	32	30	35	31	34	33	27	22	40	32	24	39	28	35	35	22	31	27	21	23	33	27	39	35	38	33	24	34	32	24	29	34	31	36	24	38	30	33	34	20	30	35	21	32	39	35	23	39	23	28	21	29	35	28	37	39	25	30	29	33	37	24	21	21	39	26	38	28	26	37	36	38	32	35	34	26	25	33	27	38	35	39	38	26	36	28	20	31	35	22	35	26	22	40	38	35	36	29	40	24	23	27	39	20	27	23	20	29	20	28	38	25	20	35	21	36	34	24	35	33	22	30	21	27	35	40	39	35	40	30	23	28	39	22	36	24	33	32	25	25	39	24	21	29	36	21	27	39	29	34	24	33	24	27	39	29	38	29	26	23	36	35	27	23	26	20	30	20	23	21	21	30	35	38	30	32	23	28	39	28	32	34	29	29	29	26	26	34	27	39	37	24	37	23	29	20	28	29	22	40	34	39	35	31	24	27	30	39	39	31	35	25	31	21	20	30	38	37	31	28	24	39	40	27	36	21	22	39	34	22	31	25	27	39	31	20	30	21	25	30	24	37	35	30	35	26	38	37	20	23	25	31	39	32	35	25	30	39	32	24	33	28	21	20	25	20	21	21	40	32	35	26	28	34	38	30	24	20	33	22	26	36	39	39	31	23	35	40	33	28	31	40	24	25	40	24	30	27	33	25	23	22	32	30	33	27	36	33	30	34	39	20	23	39	39	29	25	22	24	37	21	38	37	23	28	29	23	32	31	22	28	27	28	37	35	26	21	34	34	32	27	31	40	32	33	29	25	39	38	21	37	31	24	33	30	30	23	25	40	22	31	29	36	35	39	31	37	22	34	22	24	28	39	33	35	38	33	37	28	33	34	31	21	21	23	37	29	21	40	37	26	31	29	34	34	33	37	37	21	34	28	40	26	35	24	34	23	23	24	27	40	33	26	39	35	24	27	40	24	29	26	34	29	24	38	24	34	32	22	25	36	33	32	34	39	25	36	22	25	25	28	28	27	40	20	38	39	26	33	32	37	22	32	28	34	22	31	40	35	36	26	33	31	20	20	38	20	27	26	36	38	29	28	33	28	27	20	38	34	39	34	32	23	28	39	22	31	40	24	23	23	35	31	23	34	37	37	33	23	28	40	39	33	28	40	23	22	27	22	36	25	31	27	35	25	25	36	27	29	23	32	37	22	21	37	20	36	24	36	23	26	36	23	20	30	31	39	24	35	29	40	37	38	37	34	26	32	28	30	20	39	20	39	21	33	28	34	28	28	28	33	28	28	36	20	26	28	31	39	33	30	39	23	23	39	30	31	23	32	26	34	25	30	31	39	30	20	38	38	38	25	29	31	23	28	37	26	25	35	21	23	34	28	24	35	26	25	38	32	29	23	23	34	20	40	37	35	24	37	29	22	25	23	27	25	26	38	32	23	22	24	23	28	29	29	32	35	36	31	26	21	21	29	29	24	34	30	37	34	24	20	38	33	35	
20	23	43	18	44	25	17	21	22	47	19	45	35	30	11	44	37	27	27	47	24	14	42	37	21	20	34	44	17	47	28	46	36	45	50	30	37	49	18	24	28	36	49	16	40	38	41	41	30	45	24	49	20	49	45	15	29	24	10	47	23	16	40	49	49	17	42	26	14	46	13	23	16	50	12	48	30	35	15	38	49	12	17	18	45	40	29	48	40	12	23	31	49	48	31	11	26	12	43	30	24	14	25	43	18	28	23	11	31	20	29	44	10	34	32	20	16	19	27	19	21	47	23	42	50	43	49	30	48	30	36	42	15	27	48	10	20	12	25	26	24	24	34	23	14	38	50	12	15	18	22	26	12	37	16	15	46	34	14	40	10	12	13	44	15	36	13	20	19	34	40	35	26	49	13	43	41	48	24	28	25	28	38	43	21	34	34	17	24	19	30	16	23	48	30	45	13	39	37	40	48	12	11	47	45	12	31	27	34	21	49	34	37	49	17	38	15	18	30	44	45	31	31	47	23	40	29	28	49	29	20	22	49	19	44	45	39	49	38	43	35	31	37	46	10	40	33	35	34	32	18	40	46	29	10	26	50	28	43	31	26	36	17	38	13	14	49	36	16	16	10	14	42	29	10	31	41	24	19	50	35	15	21	13	33	45	30	10	30	44	14	49	47	30	22	47	31	20	10	36	16	49	11	40	21	22	25	12	39	42	40	39	37	28	33	27	48	39	34	24	44	38	48	47	49	23	25	39	27	46	22	20	47	33	33	21	14	25	34	38	21	44	48	38	38	42	27	18	15	32	47	25	19	18	46	40	39	26	34	48	43	33	28	36	26	43	50	39	36	16	18	11	37	39	24	12	37	18	45	23	17	25	50	38	34	41	23	46	16	28	49	32	35	22	29	36	11	37	22	26	47	48	44	11	34	41	34	18	42	37	10	36	19	50	37	38	16	42	20	20	20	30	43	14	30	45	32	49	34	38	37	50	36	40	20	31	30	18	11	30	29	48	39	24	22	34	21	32	14	35	13	48	17	47	10	11	10	20	36	29	28	36	45	43	28	43	45	28	16	33	38	16	20	44	41	33	41	32	36	45	27	29	34	36	26	13	45	39	31	20	16	32	25	42	40	14	24	28	18	27	16	15	39	41	41	23	21	48	27	13	16	34	31	14	16	17	27	35	19	24	21	36	37	15	42	46	27	18	13	37	15	45	12	27	15	30	41	19	23	45	37	48	33	33	48	15	33	41	46	29	28	21	50	28	41	12	46	38	48	32	20	39	49	46	21	28	22	48	37	21	29	20	28	47	30	49	23	40	18	32	31	29	31	47	13	17	21	21	27	11	36	20	37	46	41	47	11	50	11	13	19	31	13	18	10	42	32	48	35	39	45	14	42	24	45	45	33	22	31	17	43	46	24	18	30	27	36	23	20	11	38	31	44	30	39	26	12	42	20	14	43	44	15	46	27	15	42	14	34	48	32	34	43	10	35	22	38	15	28	31	48	25	13	36	31	35	19	29	21	21	28	45	14	14	34	10	44	44	25	18	17	31	30	19	44	28	45	50	39	40	39	14	31	42	43	43	19	21	26	44	25	36	22	16	29	12	12	47	10	41	16	24	29	44	17	49	13	40	13	43	31	21	22	43	48	21	27	20	25	27	24	35	34	20	42	43	23	49	37	17	14	26	23	16	39	28	18	48	22	13	27	10	12	31	22	38	17	35	31	23	48	14	48	28	45	23	31	19	28	24	28	40	16	11	14	43	44	33	14	32	47	13	38	47	42	12	10	39	28	34	29	36	46	44	48	40	36	27	46	24	18	28	50	29	23	16	35	37	44	41	30	17	46	39	38	40	28	21	22	19	49	18	22	24	36	46	30	26	45	42	36	33	34	34	36	22	34	12	39	15	16	11	17	10	18	41	42	21	18	32	28	36	45	19	34	37	49	10	44	22	32	48	26	39	43	50	10	34	24	42	48	34	39	16	32	36	21	18	32	31	22	14	35	24	48	37	39	26	11	40	48	33	44	46	41	40	35	37	14	10	26	31	38	29	41	15	24	20	13	45	43	43	47	38	33	40	35	13	20	30	12	24	10	35	50	27	21	11	36	49	13	38	15	35	50	14	19	40	50	27	34	30	48	43	50	46	48	18	35	29	10	33	19	24	18	36	47	23	32	50	37	22	49	19	22	14	16	29	23	41	29	16	10	13	39	36	41	48	20	47	34	11	33	32	30	42	22	50	13	43	26	18	44	11	14	35	32	48	12	27	12	18	49	20	31	28	49	31	18	33	16	29	22	16	32	31	14	35	48	31	50	20	16	45	25	24	46	27	25	16	10	22	42	44	21	37	23	24	43	19	29	34	26	13	49	43	29	18	10	37	37	48	22	43	27	15	20	13	32	13	20	21	36	13	23	29	17	10	17	41	12	50	34	11	17	13	39	10	49	18	26	28	12	45	50	31	20	35	28	50	10	49	24	15	40	25	43	12	44	37	30	40	23	38	49	26	38	46	33	22	34	46	20	19	49	48	50	39	31	30	34	12	31	18	27	46	45	34	29	35	21	43	20	34	26	28	31	48	15	46	31	15	49	38	50	41	39	12	32	35	30	25	19	45	10	20	46	16	36	45	31	39	14	44	27	40	36	16	22	19	20	29	48	35	45	41	33	43	47	45	34	20	33	27	42	35	39	38	47	46	35	43	37	15	36	23	27	42	36	20	20	19	38	43	43	18	46	30	50	27	23	41	34	47	21	11	27	45	10	28	22	46	27	35	34	13	30	21	19	30	27	45	50	49	41	31	24	37	26	29	27	14	34	46	20	12	11	43	47	45	29	17	19	17	35	47	10	24	38	21	11	12	15	45	22	50	32	41	32	33	18	47	13	15	21	37	11	11	11	39	37	48	29	19	14	30	41	34	15	30	25	39	43	45	23	25	25	23	24	49	32	47	46	17	48	19	39	28	45	12	19	15	37	31	11	11	37	46	39	22	49	40	34	50	41	23	13	35	16	48	43	28	24	38	43	37	16	10	50	36	41	48	46	37	14	49	40	40	25	36	10	27	36	36	28	20	45	42	40	16	46	26	29	36	17	38	11	31	41	37	27	46	14	26	46	39	50	28	40	39	49	20	12	25	36	18	50	47	23	28	46	50	40	40	25	48	17	29	45	26	48	40	35	45	38	20	30	28	28	43	21	35	44	28	27	21	28	27	33	24	22	47	14	14	37	47	29	39	33	29	15	28	45	30	24	36	46	39	46	11	39	43	30	25	18	43	14	32	39	13	43	48	42	25	18	22	47	39	49	48	14	11	50	12	40	19	11	18	39	24	11	22	41	19	18	42	33	25	31	42	19	40	38	14	50	25	31	15	27	49	11	36	19	25	37	43	23	27	19	46	23	49	14	27	42	21	40	45	35	13	18	18	15	35	16	19	45	49	47	11	34	25	28	33	45	11	23	48	11	34	48	15	40	30	48	33	41	22	17	16	22	32	33	47	46	31	28	38	44	46	48	15	19	50	44	24	10	12	32	33	35	33	24	21	15	50	21	24	47	30	45	46	43	48	44	32	50	17	39	28	37	47	49	13	38	43	49	32	13	27	24	23	39	22	20	49	28	18	40	16	25	38	25	36	15	45	47	30	14	35	10	32	32	22	42	10	10	25	10	15	13	38	46	33	13	44	19	48	16	39	30	48	16	36	22	33	18	21	13	17	49	26	27	39	37	25	19	24	15	38	49	39	48	13	17	31	47	30	12	18	49	40	40	31	28	24	28	46	30	10	19	30	50	40	10	33	19	32	27	37	19	42	28	29	13	16	35	32	16	38	48	40	14	13	36	13	19	34	17	26	49	10	36	22	49	18	15	29	18	18	25	49	32	17	42	42	22	38	40	20	21	11	45	49	49	20	43	42	47	24	22	20	33	13	28	41	20	42	26	45	42	23	30	42	20	14	44	21	49	47	25	33	10	29	27	18	14	39	19	20	20	19	26	37	39	20	36	22	46	30	33	14	49	15	33	34	13	48	47	14	12	34	46	16	41	44	49	47	24	43	21	45	29	18	12	50	18	11	27	20	10	46	20	25	47	48	49	30	30	12	13	29	33	22	45	25	31	45	14	36	12	41	33	42	39	21	36	45	27	29	41	43	35	17	43	12	44	10	29	16	28	44	37	16	48	20	23	35	20	34	45	25	11	16	36	36	18	10	17	28	24	31	13	34	48	39	21	32	30	46	38	38	14	39	13	15	45	10	27	11	25	42	33	31	45	48	23	25	47	34	11	14	49	42	48	42	46	48	43	19	31	41	17	32	39	44	22	42	42	33	49	12	36	18	36	36	47	47	10	43	11	36	42	30	36	19	14	40	48	26	17	39	37	20	33	12	10	43	48	40	39	39	31	21	29	14	13	48	50	13	28	47	32	15	11	23	18	46	19	13	42	46	18	49	15	23	27	28	25	42	25	16	42	28	47	36	44	42	20	11	37	19	11	30	28	44	42	35	11	30	35	41	46	26	20	23	46	40	23	21	12	19	16	27	42	41	31	40	39	31	39	44	41	16	43	22	23	41	50	25	14	45	15	27	10	39	48	38	24	32	45	50	42	36	15	17	24	50	46	10	30	11	23	19	37	43	46	25	49	38	45	48	34	10	23	26	31	45	10	41	21	21	44	38	40	12	44	14	20	25	35	43	18	16	27	14	46	10	13	28	23	25	33	49	31	37	41	46	37	24	45	16	13	15	44	12	25	21	47	21	36	47	40	23	42	36	42	14	14	40	10	24	44	45	15	34	12	28	13	30	16	27	22	29	40	48	18	50	36	11	46	36	40	16	26	47	28	38	12	27	20	42	27	11	20	47	38	50	17	40	11	27	18	45	47	46	28	19	42	15	21	15	26	34	41	14	17	10	25	47	42	26	33	40	40	23	19	31	21	10	22	16	11	10	20	19	22	33	17	18	16	12	49	43	50	40	27	32	14	18	32	11	24	37	41	41	30	17	20	20	11	34	16	27	35	37	10	40	10	15	15	38	46	32	27	43	30	20	48	20	32	28	16	23	40	27	22	46	31	18	50	13	18	14	50	24	36	33	39	17	36	39	21	19	42	34	44	39	20	22	39	28	13	23	26	22	25	10	23	28	27	33	17	12	48	18	17	17	37	33	31	23	10	50	11	11	10	18	28	32	46	40	41	29	22	21	20	10	11	36	36	37	31	46	43	48	43	10	30	27	11	33	37	49	30	13	16	45	32	39	27	20	16	29	10	41	10	28	38	17	13	46	35	23	45	23	31	21	36	49	15	15	43	50	45	13	36	26	45	32	43	33	30	27	47	47	37	37	34	28	14	36	13	16	21	19	35	21	12	31	10	36	20	20	14	27	41	29	21	23	31	12	34	14	15	21	11	37	40	26	34	18	31	34	46	27	41	23	32	47	27	10	30	50	46	17	50	45	48	15	50	11	38	48	20	41	21	35	43	15	34	31	12	34	46	24	12	38	14	27	29	12	50	48	38	27	27	22	42	13	49	35	24	24	10	28	43	37	14	17	42	20	10	20	15	41	35	17	16	39	19	31	42	37	49	47	17	41	35	19	13	12	27	16	41	10	28	15	27	29	36	32	15	36	26	48	35	46	29	43	43	15	43	17	20	24	46	47	41	39	36	38	39	35	47	31	18	43	50	17	46	31	12	17	37	38	41	10	14	32	45	13	34	21	34	27	20	12	
10
80
