2212
80
0	0	0	0	0	192	0	0	0	0	0	0	0	0	0	0	0	0	0	0	0	0	96	96	0	0	0	0	0	0	0	0	0	0	0	0	0	0	0	0	0	0	0	0	0	0	0	0	0	0	0	0	0	0	500	0	0	0	0	0	0	0	96	0	48	0	0	0	0	0	0	0	0	0	0	0	0	0	0	0	
0	0	0	0	0	0	0	0	0	0	0	0	0	0	0	0	0	0	0	0	96	0	0	0	0	0	0	0	0	0	0	0	0	0	0	0	0	0	0	0	192	0	0	0	0	0	0	0	0	0	0	0	0	0	0	0	0	0	0	0	0	0	0	0	0	0	0	0	0	192	0	0	0	0	0	0	0	0	0	0	
0	0	0	0	0	0	0	0	0	0	0	0	192	0	0	0	0	0	0	0	0	0	0	0	0	0	0	0	0	0	0	0	0	0	0	0	0	0	0	0	0	48	0	0	0	0	0	0	0	0	0	0	0	0	0	0	0	0	0	0	0	0	0	0	0	0	0	0	0	0	0	0	0	0	0	0	0	0	0	0	
0	0	0	0	0	0	0	0	0	0	0	0	0	0	0	0	0	0	0	0	0	0	0	0	0	0	0	0	0	0	0	96	0	0	0	0	0	0	0	0	0	0	0	0	0	0	0	96	0	0	0	0	0	0	0	0	0	0	0	0	0	0	0	0	0	0	0	0	0	0	0	0	0	0	0	0	0	0	48	0	
0	0	0	0	0	0	0	0	0	0	0	0	0	0	0	0	0	0	0	0	0	0	0	0	192	0	0	0	0	0	0	0	0	0	0	0	0	0	0	96	0	0	0	0	0	0	0	0	0	0	0	0	0	0	0	0	0	0	0	0	0	0	0	0	0	0	0	0	0	0	0	0	0	0	0	0	0	0	0	0	
192	0	0	0	0	0	0	0	0	0	0	0	0	0	0	48	0	0	0	0	0	0	0	0	0	0	0	0	0	0	0	0	0	0	0	0	0	0	0	0	0	0	0	0	0	0	0	0	0	0	0	0	96	0	0	0	0	0	0	0	0	0	0	0	0	0	0	0	0	0	0	0	0	0	0	0	0	0	0	0	
0	0	0	0	0	0	0	0	0	0	0	0	0	0	0	0	0	0	0	0	0	0	0	0	0	48	0	0	0	0	0	0	0	0	0	0	500	0	0	0	0	0	0	0	0	0	0	0	0	0	0	0	0	0	0	0	0	0	0	0	0	0	0	0	0	0	0	0	0	0	0	0	0	0	192	0	0	0	0	0	
0	0	0	0	0	0	0	0	0	0	192	48	0	0	96	0	0	0	0	0	0	0	0	0	0	0	0	0	0	0	0	0	0	0	0	0	0	0	0	0	0	0	0	0	0	0	0	0	0	0	0	0	0	0	0	0	0	0	0	0	0	0	0	0	0	0	0	0	0	0	0	0	0	0	0	0	0	0	0	0	
0	0	0	0	0	0	0	0	0	0	0	0	0	48	0	0	0	0	0	0	0	0	0	0	0	0	0	0	0	0	0	0	0	0	0	0	0	0	0	0	0	0	0	0	0	0	0	0	0	0	0	0	0	0	0	0	0	0	0	0	0	0	0	192	0	0	0	0	0	0	0	0	0	0	0	0	0	0	0	0	
0	0	0	0	0	0	0	0	0	0	0	0	0	0	0	0	0	0	0	0	0	0	0	0	0	0	500	0	0	0	0	0	0	0	0	0	0	0	0	0	0	0	0	0	0	0	0	0	48	0	0	0	0	0	0	0	0	0	0	0	0	0	0	0	0	0	0	0	0	0	0	0	0	0	0	0	0	0	0	0	
0	0	0	0	0	0	0	192	0	0	0	0	0	0	48	0	0	0	0	0	0	0	0	0	0	0	0	0	0	0	0	0	0	0	0	0	0	0	0	0	0	0	0	0	0	0	0	0	0	0	0	0	0	0	0	0	0	0	0	0	0	0	0	0	0	0	0	96	0	0	0	0	0	0	0	0	0	0	0	0	
0	0	0	0	0	0	0	48	0	0	0	0	192	0	0	0	0	0	0	96	0	0	0	0	0	0	0	0	0	0	0	0	0	0	0	0	0	0	0	0	0	48	0	0	0	96	0	0	0	0	0	0	0	0	0	0	0	0	0	0	0	0	0	0	0	0	0	0	0	0	0	0	0	0	0	0	0	0	0	0	
0	0	192	0	0	0	0	0	0	0	0	192	0	0	0	0	0	0	0	0	0	0	0	0	0	0	0	0	0	0	0	0	0	0	0	0	0	0	0	0	0	0	0	0	0	0	0	0	0	0	0	0	0	0	0	0	0	0	0	0	0	0	0	0	0	0	0	0	0	0	0	0	0	0	0	0	0	0	0	0	
0	0	0	0	0	0	0	0	48	0	0	0	0	0	0	0	0	0	0	0	0	0	0	0	0	0	0	0	0	0	0	0	0	0	0	0	0	0	0	0	0	192	0	0	0	500	0	0	0	0	0	0	0	0	0	0	0	0	0	0	0	0	0	500	0	0	0	0	0	0	0	0	0	0	0	0	0	0	0	192	
0	0	0	0	0	0	0	96	0	0	48	0	0	0	0	0	0	0	0	0	0	0	0	0	0	0	0	0	0	0	0	0	0	0	0	0	0	0	0	0	0	0	0	0	0	0	0	0	0	0	0	0	0	0	0	0	0	0	0	0	0	0	0	0	0	0	0	0	0	0	0	0	0	0	0	0	0	0	0	0	
0	0	0	0	0	48	0	0	0	0	0	0	0	0	0	0	0	0	0	0	0	0	0	0	0	0	0	0	0	0	0	0	0	0	0	0	0	0	0	0	0	0	0	0	0	0	0	0	0	0	0	0	192	0	0	0	0	0	0	0	0	0	0	0	0	0	0	0	0	0	0	0	0	0	0	0	0	0	0	0	
0	0	0	0	0	0	0	0	0	0	0	0	0	0	0	0	0	0	0	0	0	0	0	0	0	0	0	0	0	0	0	500	0	0	0	0	0	0	0	0	0	0	0	0	0	0	0	0	0	0	0	0	0	0	0	0	0	0	192	0	0	0	0	0	0	0	0	0	48	0	0	0	0	0	0	0	0	0	0	0	
0	0	0	0	0	0	0	0	0	0	0	0	0	0	0	0	0	0	0	0	0	0	0	0	0	0	0	0	0	0	0	0	0	0	0	0	0	0	0	0	0	0	0	0	0	0	500	0	0	96	0	0	0	0	0	0	0	0	0	0	0	0	0	0	0	0	0	0	0	0	0	0	0	0	0	0	0	0	0	0	
0	0	0	0	0	0	0	0	0	0	0	0	0	0	0	0	0	0	0	0	0	0	0	0	0	0	0	0	0	192	0	0	0	0	0	0	0	0	0	0	0	0	0	0	0	0	500	0	0	48	0	0	0	0	0	0	0	192	0	0	0	0	0	0	0	0	0	192	0	0	0	0	0	0	0	0	0	0	0	0	
0	0	0	0	0	0	0	0	0	0	0	96	0	0	0	0	0	0	0	0	0	0	0	0	0	0	0	0	0	96	0	0	0	0	0	0	0	0	0	0	0	0	0	0	0	48	0	0	0	0	0	0	0	0	0	0	0	0	0	0	0	0	0	0	0	0	0	0	0	0	0	0	0	0	0	0	0	0	0	96	
0	96	0	0	0	0	0	0	0	0	0	0	0	0	0	0	0	0	0	0	0	0	0	0	0	0	0	0	0	0	0	0	0	0	0	0	0	0	48	0	0	0	0	0	0	0	0	0	0	0	0	0	0	0	0	0	0	0	0	0	0	0	0	0	0	0	0	0	0	96	0	0	0	0	0	0	0	0	0	0	
0	0	0	0	0	0	0	0	0	0	0	0	0	0	0	0	0	0	0	0	0	0	0	0	0	0	0	0	0	0	0	0	0	0	0	0	0	48	0	0	0	0	0	0	0	0	0	0	0	0	0	0	0	0	0	0	0	0	0	0	0	0	0	0	0	0	0	0	0	0	0	48	0	0	0	0	0	0	0	0	
96	0	0	0	0	0	0	0	0	0	0	0	0	0	0	0	0	0	0	0	0	0	0	48	0	0	0	0	0	0	0	0	0	0	0	0	0	0	0	0	0	0	0	0	0	0	0	0	0	0	0	0	0	0	0	0	0	0	0	0	0	0	96	0	96	0	0	0	0	0	0	0	0	0	0	0	0	0	0	0	
96	0	0	0	0	0	0	0	0	0	0	0	0	0	0	0	0	0	0	0	0	0	48	0	0	0	0	0	0	0	0	0	0	0	0	0	0	0	0	0	0	0	0	0	0	0	0	0	0	0	0	0	0	0	0	0	0	0	0	0	0	0	0	0	0	0	0	0	0	0	0	0	0	0	0	0	0	0	0	0	
0	0	0	0	192	0	0	0	0	0	0	0	0	0	0	0	0	0	0	0	0	0	0	0	0	0	0	0	0	0	0	0	0	0	0	0	0	0	0	0	0	0	0	0	0	0	0	0	0	0	0	0	0	0	0	0	0	0	0	0	0	0	0	0	0	0	0	0	0	0	96	0	0	0	0	0	0	0	0	0	
0	0	0	0	0	0	48	0	0	0	0	0	0	0	0	0	0	0	0	0	0	0	0	0	0	0	0	0	0	0	0	0	0	0	0	0	48	0	0	0	0	0	0	0	0	0	0	0	0	0	0	0	0	0	0	0	0	0	0	0	0	0	0	0	0	0	0	0	0	0	0	0	0	96	0	0	0	0	0	0	
0	0	0	0	0	0	0	0	0	500	0	0	0	0	0	0	0	0	0	0	0	0	0	0	0	0	0	0	0	0	0	0	0	0	0	0	0	0	0	0	0	0	0	0	0	0	0	0	0	0	0	0	0	96	0	0	0	0	0	0	0	0	0	0	0	0	0	0	0	0	0	0	0	0	0	0	0	0	0	0	
0	0	0	0	0	0	0	0	0	0	0	0	0	0	0	0	0	0	0	0	0	0	0	0	0	0	0	0	0	0	500	0	0	0	0	0	0	0	0	0	96	0	0	0	0	0	48	0	0	0	0	0	0	0	0	0	0	0	0	192	0	0	0	0	0	0	0	0	0	0	0	0	0	0	0	0	0	0	0	0	
0	0	0	0	0	0	0	0	0	0	0	0	0	0	0	0	0	0	0	0	0	0	0	0	0	0	0	0	0	0	0	0	0	0	0	0	0	0	0	0	0	0	0	0	0	0	0	96	0	0	0	0	0	0	0	500	0	0	0	0	0	0	0	0	0	0	0	0	0	0	0	0	0	0	0	0	0	0	48	0	
0	0	0	0	0	0	0	0	0	0	0	0	0	0	0	0	0	0	192	96	0	0	0	0	0	0	0	0	0	0	0	0	0	0	0	0	0	0	0	0	0	0	0	0	0	0	0	0	0	0	0	0	0	0	0	0	0	0	0	0	0	0	0	0	0	0	96	0	0	0	0	0	0	0	0	0	0	0	0	0	
0	0	0	0	0	0	0	0	0	0	0	0	0	0	0	0	0	0	0	0	0	0	0	0	0	0	0	500	0	0	0	0	0	0	0	0	0	0	0	0	0	0	0	0	0	0	0	0	0	0	0	0	0	0	0	0	0	0	0	96	0	0	0	0	0	0	0	0	0	0	0	0	0	0	0	0	0	0	0	0	
0	0	0	96	0	0	0	0	0	0	0	0	0	0	0	0	500	0	0	0	0	0	0	0	0	0	0	0	0	0	0	0	0	0	0	0	0	0	0	0	0	0	0	0	0	0	0	0	0	0	0	0	0	0	0	0	0	0	0	0	0	0	0	0	0	0	0	0	0	0	0	0	0	0	0	0	0	0	500	0	
0	0	0	0	0	0	0	0	0	0	0	0	0	0	0	0	0	0	0	0	0	0	0	0	0	0	0	0	0	0	0	0	0	0	0	0	0	0	0	0	0	0	0	192	0	0	0	0	0	0	0	0	0	0	0	0	96	0	0	0	0	0	0	0	0	0	0	0	0	0	0	0	0	0	0	0	0	0	0	0	
0	0	0	0	0	0	0	0	0	0	0	0	0	0	0	0	0	0	0	0	0	0	0	0	0	0	0	0	0	0	0	0	0	0	0	0	0	0	0	0	0	0	0	0	192	0	0	0	0	0	500	0	0	0	0	0	0	0	0	0	0	0	0	0	0	0	0	0	0	0	0	0	0	48	0	0	0	0	0	0	
0	0	0	0	0	0	0	0	0	0	0	0	0	0	0	0	0	0	0	0	0	0	0	0	0	0	0	0	0	0	0	0	0	0	0	0	0	0	0	0	0	0	0	0	0	0	0	0	0	0	0	0	0	0	192	0	0	0	0	0	0	500	0	0	0	0	0	0	0	0	0	0	0	0	0	0	0	0	0	0	
0	0	0	0	0	0	0	0	0	0	0	0	0	0	0	0	0	0	0	0	0	0	0	0	0	0	0	0	0	0	0	0	0	0	0	0	0	0	0	0	0	0	0	0	0	0	0	0	0	0	0	0	0	0	0	0	0	0	0	0	0	0	0	0	0	0	0	0	500	0	0	0	0	0	192	0	0	0	96	0	
0	0	0	0	0	0	500	0	0	0	0	0	0	0	0	0	0	0	0	0	0	0	0	0	0	48	0	0	0	0	0	0	0	0	0	0	0	0	0	0	0	0	0	0	0	0	0	0	0	0	0	0	0	0	0	0	0	0	0	0	0	0	0	0	0	0	0	0	0	0	0	0	0	0	0	0	0	0	0	0	
0	0	0	0	0	0	0	0	0	0	0	0	0	0	0	0	0	0	0	0	0	48	0	0	0	0	0	0	0	0	0	0	0	0	0	0	0	0	0	0	0	0	96	0	0	0	0	0	0	0	0	0	0	0	0	0	0	0	0	0	0	0	0	0	0	0	0	0	0	0	0	192	0	0	0	0	0	0	0	0	
0	0	0	0	0	0	0	0	0	0	0	0	0	0	0	0	0	0	0	0	48	0	0	0	0	0	0	0	0	0	0	0	0	0	0	0	0	0	0	0	0	0	0	0	0	0	0	0	0	0	0	0	0	0	0	0	0	0	0	0	0	0	0	0	0	0	0	0	0	0	0	0	0	0	0	0	96	0	0	0	
0	0	0	0	96	0	0	0	0	0	0	0	0	0	0	0	0	0	0	0	0	0	0	0	0	0	0	0	0	0	0	0	0	0	0	0	0	0	0	0	0	0	0	0	0	0	0	0	0	0	0	0	0	0	0	0	0	0	0	0	0	0	0	0	0	0	0	0	0	0	0	0	0	0	0	0	0	96	0	0	
0	192	0	0	0	0	0	0	0	0	0	0	0	0	0	0	0	0	0	0	0	0	0	0	0	0	0	96	0	0	0	0	0	0	0	0	0	0	0	0	0	0	0	0	0	0	192	0	0	0	0	0	0	0	0	0	0	0	0	192	0	0	0	0	0	0	0	0	0	0	0	0	0	0	0	0	0	0	0	0	
0	0	48	0	0	0	0	0	0	0	0	48	0	192	0	0	0	0	0	0	0	0	0	0	0	0	0	0	0	0	0	0	0	0	0	0	0	0	0	0	0	0	0	0	0	0	0	0	0	0	0	0	0	0	0	0	0	0	0	0	0	0	0	0	0	0	0	0	0	0	0	0	0	0	0	0	0	0	0	0	
0	0	0	0	0	0	0	0	0	0	0	0	0	0	0	0	0	0	0	0	0	0	0	0	0	0	0	0	0	0	0	0	0	0	0	0	0	96	0	0	0	0	0	0	0	0	0	0	0	0	0	0	0	0	0	0	0	0	0	0	192	0	0	0	0	0	0	0	0	0	0	0	0	0	0	0	0	0	0	0	
0	0	0	0	0	0	0	0	0	0	0	0	0	0	0	0	0	0	0	0	0	0	0	0	0	0	0	0	0	0	0	0	192	0	0	0	0	0	0	0	0	0	0	0	0	0	0	0	192	0	0	0	0	96	0	0	48	0	0	0	0	0	0	0	0	0	0	0	0	0	0	0	0	0	0	192	0	0	0	0	
0	0	0	0	0	0	0	0	0	0	0	0	0	0	0	0	0	0	0	0	0	0	0	0	0	0	0	0	0	0	0	0	0	192	0	0	0	0	0	0	0	0	0	0	0	0	0	0	0	0	0	0	0	0	0	0	0	0	0	0	0	0	0	0	0	0	0	0	0	0	0	0	0	48	0	0	0	0	0	0	
0	0	0	0	0	0	0	0	0	0	0	96	0	500	0	0	0	0	0	48	0	0	0	0	0	0	0	0	0	0	0	0	0	0	0	0	0	0	0	0	0	0	0	0	0	0	0	0	0	0	0	0	0	0	0	0	0	0	0	0	0	0	0	0	0	0	0	0	0	0	0	0	0	0	0	0	0	0	0	0	
0	0	0	0	0	0	0	0	0	0	0	0	0	0	0	0	0	500	500	0	0	0	0	0	0	0	0	48	0	0	0	0	0	0	0	0	0	0	0	0	192	0	0	0	0	0	0	0	0	192	0	0	0	0	0	0	0	0	0	0	0	0	0	0	0	0	0	0	0	0	0	0	0	0	0	0	0	0	0	0	
0	0	0	96	0	0	0	0	0	0	0	0	0	0	0	0	0	0	0	0	0	0	0	0	0	0	0	0	96	0	0	0	0	0	0	0	0	0	0	0	0	0	0	0	0	0	0	0	0	0	0	0	0	0	0	0	0	0	0	0	0	0	0	0	0	0	0	0	0	0	0	0	0	0	0	0	0	0	0	0	
0	0	0	0	0	0	0	0	0	48	0	0	0	0	0	0	0	0	0	0	0	0	0	0	0	0	0	0	0	0	0	0	0	0	0	0	0	0	0	0	0	0	0	192	0	0	0	0	0	0	0	0	0	0	0	0	0	0	0	0	0	0	0	0	0	0	0	0	0	0	0	0	0	0	0	0	0	0	0	0	
0	0	0	0	0	0	0	0	0	0	0	0	0	0	0	0	0	96	48	0	0	0	0	0	0	0	0	0	0	0	0	0	0	0	0	0	0	0	0	0	0	0	0	0	0	0	192	0	0	0	0	0	0	0	0	0	0	96	0	0	0	0	0	0	0	0	0	0	0	0	0	0	0	0	0	0	0	0	0	0	
0	0	0	0	0	0	0	0	0	0	0	0	0	0	0	0	0	0	0	0	0	0	0	0	0	0	0	0	0	0	0	0	0	500	0	0	0	0	0	0	0	0	0	0	0	0	0	0	0	0	0	0	0	0	0	0	0	0	192	0	0	0	0	0	0	96	0	0	0	0	0	0	0	0	0	0	192	96	0	0	
0	0	0	0	0	0	0	0	0	0	0	0	0	0	0	0	0	0	0	0	0	0	0	0	0	0	0	0	0	0	0	0	0	0	0	0	0	0	0	0	0	0	0	0	0	0	0	0	0	0	0	0	0	0	0	0	0	0	0	0	192	0	0	0	0	0	0	0	48	0	0	0	500	0	0	0	0	0	0	0	
0	0	0	0	0	96	0	0	0	0	0	0	0	0	0	192	0	0	0	0	0	0	0	0	0	0	0	0	0	0	0	0	0	0	0	0	0	0	0	0	0	0	0	0	0	0	0	0	0	0	0	0	0	0	0	0	0	0	0	0	0	0	0	0	0	0	0	0	0	0	0	0	0	0	0	0	0	0	0	0	
0	0	0	0	0	0	0	0	0	0	0	0	0	0	0	0	0	0	0	0	0	0	0	0	0	0	96	0	0	0	0	0	0	0	0	0	0	0	0	0	0	0	0	96	0	0	0	0	0	0	0	0	0	0	0	0	0	0	0	0	0	0	0	0	0	48	0	0	0	0	0	0	0	0	0	0	0	0	0	0	
500	0	0	0	0	0	0	0	0	0	0	0	0	0	0	0	0	0	0	0	0	0	0	0	0	0	0	0	0	0	0	0	0	0	192	0	0	0	0	0	0	0	0	0	0	0	0	0	0	0	0	0	0	0	0	0	0	0	0	0	0	48	0	0	0	0	0	0	0	0	500	0	0	0	0	0	0	500	0	0	
0	0	0	0	0	0	0	0	0	0	0	0	0	0	0	0	0	0	0	0	0	0	0	0	0	0	0	0	500	0	0	0	0	0	0	0	0	0	0	0	0	0	0	0	0	0	0	0	0	0	0	0	0	0	0	0	0	0	0	0	192	0	0	0	0	0	0	0	0	0	0	0	500	0	0	0	0	0	192	0	
0	0	0	0	0	0	0	0	0	0	0	0	0	0	0	0	0	0	0	0	0	0	0	0	0	0	0	0	0	0	0	0	96	0	0	0	0	0	0	0	0	0	0	48	0	0	0	0	0	0	0	0	0	0	0	0	0	0	0	0	0	0	0	0	0	0	0	0	0	0	0	0	0	0	0	0	0	0	0	0	
0	0	0	0	0	0	0	0	0	0	0	0	0	0	0	0	0	0	192	0	0	0	0	0	0	0	0	0	0	0	0	0	0	0	0	0	0	0	0	0	0	0	0	0	0	0	0	0	0	96	0	0	0	0	0	0	0	0	0	0	0	0	0	0	0	0	0	0	0	0	0	0	0	0	0	0	0	0	0	0	
0	0	0	0	0	0	0	0	0	0	0	0	0	0	0	0	192	0	0	0	0	0	0	0	0	0	0	0	0	0	0	0	0	0	0	0	0	0	0	0	0	0	0	0	0	0	0	0	0	0	192	0	0	0	0	0	0	0	0	0	0	0	0	0	0	0	192	0	0	0	0	0	0	0	0	0	0	192	0	48	
0	0	0	0	0	0	0	0	0	0	0	0	0	0	0	0	0	0	0	0	0	0	0	0	0	0	0	192	0	0	96	0	0	0	0	0	0	0	0	0	192	0	0	0	0	0	0	0	0	0	0	0	0	0	0	0	0	0	0	0	0	0	0	0	0	0	0	0	0	0	0	0	0	0	0	0	0	0	0	0	
0	0	0	0	0	0	0	0	0	0	0	0	0	0	0	0	0	0	0	0	0	0	0	0	0	0	0	0	0	0	0	0	0	0	0	0	0	0	0	0	0	0	192	0	0	0	0	0	0	0	0	192	0	0	0	192	0	0	0	0	0	0	0	0	0	0	0	0	0	0	0	0	0	0	0	0	0	0	0	0	
0	0	0	0	0	0	0	0	0	0	0	0	0	0	0	0	0	0	0	0	0	0	0	0	0	0	0	0	0	0	0	0	0	0	500	0	0	0	0	0	0	0	0	0	0	0	0	0	0	0	0	0	0	0	48	0	0	0	0	0	0	0	0	0	0	0	0	0	0	0	500	0	0	0	0	96	0	500	0	0	
96	0	0	0	0	0	0	0	0	0	0	0	0	0	0	0	0	0	0	0	0	0	96	0	0	0	0	0	0	0	0	0	0	0	0	0	0	0	0	0	0	0	0	0	0	0	0	0	0	0	0	0	0	0	0	0	0	0	0	0	0	0	0	0	0	0	0	0	0	0	0	0	0	0	0	0	0	0	0	0	
0	0	0	0	0	0	0	0	192	0	0	0	0	500	0	0	0	0	0	0	0	0	0	0	0	0	0	0	0	0	0	0	0	0	0	0	0	0	0	0	0	0	0	0	0	0	0	0	0	0	0	0	0	0	0	0	0	0	0	0	0	0	0	0	0	0	0	0	0	0	0	0	0	0	0	0	0	0	0	0	
48	0	0	0	0	0	0	0	0	0	0	0	0	0	0	0	0	0	0	0	0	0	96	0	0	0	0	0	0	0	0	0	0	0	0	0	0	0	0	0	0	0	0	0	0	0	0	0	0	0	0	0	0	0	0	0	0	0	0	0	0	0	0	0	0	0	0	0	0	0	0	0	0	0	0	0	0	0	0	0	
0	0	0	0	0	0	0	0	0	0	0	0	0	0	0	0	0	0	0	0	0	0	0	0	0	0	0	0	0	0	0	0	0	0	0	0	0	0	0	0	0	0	0	0	0	0	0	0	0	0	96	0	0	48	0	0	0	0	0	0	0	0	0	0	0	0	0	0	0	0	0	0	0	0	0	0	0	0	0	0	
0	0	0	0	0	0	0	0	0	0	0	0	0	0	0	0	0	0	0	0	0	0	0	0	0	0	0	0	0	96	0	0	0	0	0	0	0	0	0	0	0	0	0	0	0	0	0	0	0	0	0	0	0	0	0	0	0	0	192	0	0	0	0	0	0	0	0	0	0	0	48	0	0	0	0	500	0	0	0	192	
0	0	0	0	0	0	0	0	0	0	96	0	0	0	0	0	0	0	192	0	0	0	0	0	0	0	0	0	0	0	0	0	0	0	0	0	0	0	0	0	0	0	0	0	0	0	0	0	0	0	0	0	0	0	0	0	0	0	0	0	0	0	0	0	0	0	0	0	0	0	0	0	0	0	0	0	0	0	0	0	
0	0	0	0	0	0	0	0	0	0	0	0	0	0	0	0	48	0	0	0	0	0	0	0	0	0	0	0	0	0	0	0	0	0	0	500	0	0	0	0	0	0	0	0	0	0	0	0	0	0	0	48	0	0	0	0	0	0	0	0	0	0	0	0	0	0	0	0	0	0	0	0	0	0	0	0	0	0	0	0	
0	192	0	0	0	0	0	0	0	0	0	0	0	0	0	0	0	0	0	0	96	0	0	0	0	0	0	0	0	0	0	0	0	0	0	0	0	0	0	0	0	0	0	0	0	0	0	0	0	0	0	0	0	0	0	0	0	0	0	0	0	0	0	0	0	0	0	0	0	0	0	0	0	0	0	0	0	0	0	0	
0	0	0	0	0	0	0	0	0	0	0	0	0	0	0	0	0	0	0	0	0	0	0	0	96	0	0	0	0	0	0	0	0	0	0	0	0	0	0	0	0	0	0	0	0	0	0	0	0	0	0	0	0	0	500	0	0	0	0	0	0	500	0	0	0	0	48	0	0	0	0	0	0	0	0	48	0	0	0	0	
0	0	0	0	0	0	0	0	0	0	0	0	0	0	0	0	0	0	0	0	0	48	0	0	0	0	0	0	0	0	0	0	0	0	0	0	0	192	0	0	0	0	0	0	0	0	0	0	0	0	0	0	0	0	0	0	0	0	0	0	0	0	0	0	0	0	0	0	0	0	0	0	0	0	0	0	0	0	0	0	
0	0	0	0	0	0	0	0	0	0	0	0	0	0	0	0	0	0	0	0	0	0	0	0	0	0	0	0	0	0	0	0	0	0	0	0	0	0	0	0	0	0	0	0	0	0	0	0	0	0	0	500	0	0	0	500	0	0	0	0	0	0	0	0	0	0	0	0	0	0	0	0	0	0	0	0	0	0	0	0	
0	0	0	0	0	0	0	0	0	0	0	0	0	0	0	0	0	0	0	0	0	0	0	0	0	96	0	0	0	0	0	0	0	48	0	0	0	0	0	0	0	0	0	0	48	0	0	0	0	0	0	0	0	0	0	0	0	0	0	0	0	0	0	0	0	0	0	0	0	0	0	0	0	0	0	0	0	0	0	0	
0	0	0	0	0	0	192	0	0	0	0	0	0	0	0	0	0	0	0	0	0	0	0	0	0	0	0	0	0	0	0	0	0	0	0	192	0	0	0	0	0	0	0	0	0	0	0	0	0	0	0	0	0	0	0	0	0	0	0	0	0	0	0	0	0	0	0	0	0	0	0	0	0	0	0	0	0	0	0	0	
0	0	0	0	0	0	0	0	0	0	0	0	0	0	0	0	0	0	0	0	0	0	0	0	0	0	0	0	0	0	0	0	0	0	0	0	0	0	0	0	0	0	0	192	0	0	0	0	0	0	0	0	0	0	0	0	0	0	0	0	0	96	0	0	0	0	500	0	0	0	48	0	0	0	0	0	500	0	0	0	
0	0	0	0	0	0	0	0	0	0	0	0	0	0	0	0	0	0	0	0	0	0	0	0	0	0	0	0	0	0	0	0	0	0	0	0	0	0	96	0	0	0	0	0	0	0	0	0	0	0	192	0	0	0	0	0	0	0	0	0	0	0	0	0	0	0	0	0	0	0	0	0	0	0	0	500	0	0	0	0	
0	0	0	0	0	0	0	0	0	0	0	0	0	0	0	0	0	0	0	0	0	0	0	0	0	0	0	0	0	0	0	0	0	0	0	0	0	0	0	96	0	0	0	0	0	0	0	0	0	0	96	0	0	0	500	0	0	0	192	0	0	500	0	0	0	0	0	0	0	0	0	0	0	0	0	0	0	0	0	0	
0	0	0	48	0	0	0	0	0	0	0	0	0	0	0	0	0	0	0	0	0	0	0	0	0	0	0	0	48	0	0	500	0	0	0	96	0	0	0	0	0	0	0	0	0	0	0	0	0	0	0	0	0	0	0	192	0	0	0	0	0	0	0	0	0	0	0	0	0	0	0	0	0	0	0	0	0	0	0	0	
0	0	0	0	0	0	0	0	0	0	0	0	0	192	0	0	0	0	0	96	0	0	0	0	0	0	0	0	0	0	0	0	0	0	0	0	0	0	0	0	0	0	0	0	0	0	0	0	0	0	0	0	0	0	0	0	0	0	48	0	0	0	0	0	0	0	192	0	0	0	0	0	0	0	0	0	0	0	0	0	
50	41	58	61	27	46	24	7	39	25	19	23	40	11	75	79	64	5	33	48	45	40	7	26	67	38	13	79	18	46	68	79	26	3	62	12	13	4	59	55	12	20	12	16	8	51	67	56	34	33	16	50	58	17	36	44	35	51	33	10	44	56	71	43	55	1	39	0	69	48	51	43	23	20	27	13	77	15	64	22	57	19	4	8	45	15	38	68	39	38	74	74	75	39	14	75	25	37	69	57	1	16	0	53	70	73	46	48	71	65	50	73	38	41	44	20	52	2	14	64	17	29	40	31	48	60	75	49	0	30	9	8	19	38	49	52	10	51	39	55	70	40	25	33	23	68	74	37	48	58	26	33	0	74	11	40	25	69	61	59	60	60	65	27	10	16	72	72	3	2	68	19	9	67	5	46	62	53	45	74	17	23	76	23	20	12	19	39	7	19	35	59	61	63	62	19	37	15	68	48	1	6	7	5	18	20	38	48	9	42	36	37	71	57	66	67	28	2	48	43	43	54	63	15	19	23	64	48	22	20	69	78	4	63	46	59	0	74	28	71	73	36	1	20	2	48	77	19	58	14	18	36	35	31	79	41	14	67	39	2	27	45	11	1	61	61	27	22	35	20	40	4	79	4	3	57	50	76	14	24	77	78	73	2	32	12	53	39	77	5	52	9	54	44	22	57	74	32	44	71	59	20	40	5	57	56	42	35	71	61	67	67	4	4	53	5	34	30	64	59	2	76	53	69	37	63	54	6	44	73	19	28	7	41	13	43	73	1	21	33	33	3	29	2	17	30	22	61	74	5	63	19	12	40	75	7	74	56	42	55	67	6	62	23	9	3	71	22	13	0	22	53	0	62	61	54	19	78	60	42	70	17	52	49	27	57	70	13	51	37	36	78	79	56	46	54	32	65	54	6	55	51	28	62	4	46	65	47	41	35	39	76	39	3	45	51	79	47	71	24	66	40	67	10	48	47	52	10	12	37	58	11	53	75	39	59	77	3	42	46	37	60	55	35	62	25	44	11	40	57	60	24	5	31	71	75	23	59	14	4	45	30	3	69	8	9	38	30	11	77	57	65	6	75	44	14	9	20	48	71	6	41	6	29	78	44	16	48	66	76	14	18	50	11	1	4	17	75	27	6	78	44	12	9	75	78	54	47	73	20	72	57	41	14	53	71	60	13	46	43	18	34	2	22	13	62	4	24	46	50	69	2	38	64	5	22	70	39	21	21	46	73	6	64	65	8	26	6	46	51	33	43	55	29	12	46	61	70	45	1	1	47	36	52	19	9	2	41	38	37	73	48	41	20	25	75	14	71	51	11	6	79	56	16	33	61	74	27	2	67	42	31	8	32	7	75	5	54	52	16	26	23	18	64	40	19	48	28	16	75	65	36	66	63	21	73	32	50	14	30	12	20	12	18	37	6	48	70	76	73	12	76	52	15	0	53	12	39	77	33	7	35	36	66	52	5	71	72	37	44	38	5	58	11	35	26	54	50	78	23	56	65	8	62	35	43	18	79	54	32	46	28	35	65	61	69	42	31	14	76	14	75	52	2	46	39	63	71	76	2	1	60	73	46	25	20	6	77	58	46	52	14	37	75	36	4	58	29	6	15	42	37	60	63	38	3	7	71	0	25	40	71	8	7	47	48	64	15	47	35	71	50	55	50	1	0	25	60	60	26	6	35	11	35	15	25	78	41	5	29	54	64	72	50	21	55	11	23	59	31	45	79	57	26	48	74	49	57	4	73	51	60	60	29	1	69	23	39	42	5	56	72	1	44	30	33	23	59	75	35	59	53	63	48	0	56	29	39	55	72	36	42	79	4	38	27	11	77	53	10	76	5	79	71	49	77	72	53	45	5	64	68	1	15	23	69	12	27	15	73	1	27	41	17	1	0	6	31	27	42	71	2	66	59	60	12	55	19	24	79	41	68	26	58	11	62	20	64	45	3	54	64	49	68	3	29	55	33	59	7	32	28	14	79	30	37	46	38	17	62	12	29	10	71	57	69	74	66	69	31	19	48	51	77	38	49	2	46	66	71	4	68	74	50	10	17	46	68	37	37	48	14	53	16	16	48	45	37	15	28	28	20	78	18	4	14	63	36	54	36	2	66	51	71	57	46	43	8	68	57	17	8	52	19	68	57	10	46	6	42	40	74	8	13	14	25	42	20	78	43	63	31	40	2	6	46	13	15	65	20	78	34	1	1	77	61	39	22	26	48	20	4	55	45	40	76	67	5	38	63	49	72	61	30	18	55	15	43	6	37	61	5	78	17	71	47	59	12	16	40	63	8	71	3	10	53	46	0	13	22	22	63	74	41	32	3	1	50	44	12	4	79	45	59	18	20	50	33	78	0	45	32	57	53	47	39	18	3	41	24	60	59	11	69	72	32	24	77	69	49	63	51	70	63	18	54	44	76	18	41	38	9	64	44	55	22	44	0	64	69	40	70	32	54	70	31	74	11	53	76	15	37	6	30	78	52	44	38	74	10	71	38	67	23	39	61	43	77	30	46	34	76	13	72	41	70	37	78	66	12	7	16	29	62	3	31	11	78	43	12	62	28	16	56	22	74	35	68	52	56	53	17	73	41	7	16	39	11	9	18	47	49	61	57	16	44	69	20	77	77	79	54	70	3	79	62	13	2	5	47	2	9	49	41	6	42	37	77	58	53	34	43	48	28	57	38	8	31	11	79	20	32	73	5	20	32	67	58	9	47	59	47	68	47	34	70	39	0	41	78	50	20	49	42	55	43	26	9	6	55	7	14	64	9	39	73	22	17	60	43	26	33	39	37	12	73	8	72	29	75	66	5	15	24	20	45	66	48	0	33	40	53	23	50	49	23	42	50	62	24	42	64	16	40	71	47	73	57	35	47	57	76	79	48	49	33	44	69	35	57	43	14	63	7	29	12	6	58	34	32	10	35	60	75	59	36	60	46	27	78	3	75	73	65	18	1	40	79	10	66	25	56	75	16	59	62	7	42	49	17	79	51	28	67	52	11	27	21	55	3	1	55	40	43	31	75	10	38	4	18	12	4	35	59	48	55	60	26	39	78	49	78	65	27	66	25	17	63	32	75	22	60	13	70	2	65	41	42	70	1	69	25	19	44	51	20	74	2	67	59	27	70	38	32	9	8	30	51	19	73	58	6	11	74	30	58	66	76	56	63	56	49	11	22	48	56	71	34	57	67	62	17	53	20	0	7	69	74	78	51	74	8	58	6	4	46	35	2	70	28	61	40	47	53	38	56	33	57	49	4	45	41	46	44	51	22	63	2	38	33	36	71	53	28	30	11	51	54	14	0	79	1	54	6	26	31	6	31	7	47	48	28	6	20	51	77	39	62	3	19	28	29	62	32	70	4	7	5	38	19	14	35	13	43	68	57	43	61	43	11	50	59	19	56	36	36	14	50	64	74	59	57	23	46	62	63	76	2	53	4	14	70	51	58	16	74	56	50	17	17	5	12	67	59	12	58	71	57	29	44	13	60	57	52	72	69	66	34	23	5	40	40	44	77	44	39	8	14	0	47	59	25	52	66	8	16	73	32	30	34	65	27	64	50	76	68	29	64	75	11	71	60	48	49	46	57	75	40	53	71	61	1	11	55	56	29	2	42	12	60	59	65	10	63	71	13	68	40	23	0	74	40	75	9	29	15	38	75	79	47	39	37	32	41	48	58	17	45	18	57	52	60	45	21	57	24	4	78	65	34	22	69	61	26	53	11	47	34	34	65	56	43	14	40	23	37	10	1	31	49	22	78	32	50	36	62	28	38	69	35	51	33	42	47	22	50	4	34	54	58	4	60	37	11	26	48	20	6	8	78	50	27	31	55	66	12	48	44	36	10	12	14	26	21	51	78	67	30	72	29	51	55	42	77	8	49	59	45	21	12	44	63	42	10	62	69	9	44	49	31	33	50	23	13	21	13	34	18	38	0	17	14	20	25	37	66	16	28	33	15	11	40	5	38	23	46	1	8	68	48	55	70	20	15	56	34	22	75	21	59	77	22	62	20	74	16	38	60	77	75	12	22	71	24	34	34	41	7	25	32	37	10	2	51	59	1	30	75	28	30	45	9	58	33	49	46	53	12	59	44	30	16	76	34	71	29	53	18	32	69	54	62	58	72	50	53	71	40	40	26	71	22	26	28	59	18	41	62	21	77	38	0	69	42	1	51	76	7	45	72	76	56	73	16	5	12	55	76	40	68	24	45	55	18	28	36	66	39	6	67	58	35	21	25	65	8	43	41	7	39	9	34	77	64	16	23	69	52	33	72	79	21	60	54	60	20	3	1	29	1	72	28	68	30	58	24	1	12	10	4	54	11	43	34	3	45	76	35	9	18	0	25	58	60	6	19	70	43	16	36	62	1	46	59	3	30	51	59	7	5	78	52	42	4	2	70	30	14	46	68	51	4	36	30	10	23	4	53	4	23	1	75	3	53	74	79	55	35	33	35	18	50	55	41	4	18	13	64	78	5	4	75	65	44	76	73	15	71	8	45	8	23	39	23	78	79	75	56	65	13	37	0	66	37	69	51	18	54	46	63	51	17	47	54	53	72	58	25	57	60	48	73	1	29	34	56	77	45	33	37	15	28	61	35	38	76	24	33	38	78	36	50	29	50	64	22	78	26	29	46	9	6	46	59	47	24	34	14	34	64	28	56	18	32	43	26	32	25	33	37	46	11	78	11	44	40	69	43	11	16	5	24	61	53	48	49	66	24	39	57	59	25	75	32	74	42	77	6	79	27	46	62	75	46	62	56	48	51	79	5	46	60	34	71	6	25	40	45	42	61	2	57	74	38	32	12	39	72	4	24	19	65	32	76	46	37	3	59	25	67	14	37	21	60	4	42	4	67	69	45	55	22	1	30	13	41	26	46	41	27	1	46	43	45	71	31	69	17	60	3	55	56	19	57	34	2	59	51	72	1	22	51	9	21	5	56	6	64	73	37	64	19	50	25	25	62	67	55	1	2	59	31	42	18	60	18	52	28	39	17	16	4	
41	66	66	14	49	9	17	31	62	63	27	44	45	46	77	2	10	54	52	78	50	3	13	46	67	49	6	14	74	46	42	43	51	23	71	35	75	24	58	66	17	15	32	21	47	57	39	25	36	35	58	28	77	74	39	57	6	42	12	79	61	65	4	11	62	12	29	56	23	40	21	69	4	49	7	63	51	37	33	65	0	49	1	42	41	18	66	38	74	68	35	2	17	22	79	11	74	67	53	63	35	24	0	58	73	36	14	73	23	18	61	26	29	48	9	25	54	11	14	51	15	16	75	21	22	11	11	13	8	26	77	55	17	10	60	0	30	8	7	53	77	32	58	36	43	64	1	25	52	69	11	65	21	60	68	57	76	1	72	31	70	35	54	15	63	61	74	70	37	12	49	66	68	31	55	31	9	49	27	58	34	48	57	16	60	9	78	63	67	9	39	3	69	12	0	41	62	64	24	14	60	66	75	0	75	63	70	59	57	3	6	28	2	76	40	48	20	55	9	21	75	49	54	23	53	39	76	19	47	5	8	71	20	57	71	79	68	32	6	24	58	38	34	15	3	26	8	2	13	71	5	28	69	58	70	61	6	66	40	47	64	42	56	65	46	17	35	30	13	18	54	22	27	74	14	35	5	40	73	20	23	7	50	53	15	5	71	51	41	79	21	59	50	49	73	43	24	57	17	63	56	52	72	53	46	15	12	72	8	7	59	71	34	24	16	78	74	64	25	58	60	44	68	73	38	57	44	71	68	51	47	1	68	40	59	69	34	21	11	14	60	71	29	11	62	74	79	24	6	29	60	3	32	75	51	56	74	65	31	68	32	78	31	20	32	77	14	69	7	44	43	69	1	72	1	16	75	78	63	4	67	74	65	28	5	74	35	71	79	27	52	65	78	10	63	8	46	19	67	39	76	4	44	29	38	42	54	23	25	18	0	16	49	56	70	23	28	43	4	40	70	22	25	64	44	70	65	61	60	26	25	26	19	45	45	54	13	13	44	78	8	7	66	77	0	40	60	50	19	60	23	73	77	65	0	48	28	36	3	34	12	50	79	14	27	7	64	0	53	33	67	6	56	13	53	12	16	24	19	31	59	79	26	12	69	14	55	16	60	3	39	57	61	59	7	3	68	50	52	44	46	39	43	15	25	69	57	27	1	74	43	76	36	2	14	31	15	12	47	2	78	19	60	33	14	69	48	57	77	46	25	8	72	29	68	73	75	77	30	11	19	76	52	27	79	39	4	36	73	10	41	53	32	19	65	10	33	0	57	64	8	27	15	5	51	4	46	53	14	38	68	77	23	15	15	58	26	60	58	74	20	10	19	57	20	21	72	4	4	11	52	8	68	25	5	35	31	76	41	33	34	32	43	15	59	4	42	74	6	51	49	0	1	42	47	77	72	40	63	30	41	56	32	17	16	72	13	50	59	37	5	30	39	44	19	18	48	9	38	76	67	58	25	72	30	60	75	3	46	44	24	26	47	6	44	27	62	8	70	2	57	47	34	60	13	72	60	55	6	15	35	14	1	67	67	16	77	63	40	42	20	65	65	39	53	53	10	6	13	73	0	19	72	10	32	27	52	37	22	60	45	55	1	50	17	44	29	10	60	2	55	65	44	6	44	5	29	5	25	18	77	11	59	69	24	55	62	12	44	4	17	2	53	15	16	38	1	7	24	36	28	71	54	74	68	77	23	20	54	38	72	79	45	62	6	56	41	36	46	29	21	51	29	26	78	73	17	44	2	34	21	16	14	29	23	52	30	21	36	20	63	72	57	29	47	18	19	28	43	50	63	63	79	51	10	18	40	3	66	66	20	15	66	13	32	19	72	46	8	78	17	20	10	75	11	12	50	71	33	1	78	33	1	2	58	36	9	75	67	14	36	58	56	44	48	74	51	11	27	74	52	71	0	70	21	62	29	44	54	61	48	71	33	33	20	22	38	55	56	54	47	43	23	18	44	11	31	25	24	68	62	23	48	18	79	25	18	35	65	61	26	20	32	46	70	34	8	12	67	42	56	1	13	40	11	43	17	58	48	24	77	61	50	4	30	14	48	61	16	73	6	31	16	60	64	70	28	36	13	34	33	78	41	61	59	71	32	38	23	27	1	25	67	40	8	51	44	59	50	34	46	48	59	50	55	53	2	32	35	40	67	57	48	3	59	42	26	54	71	1	31	76	35	26	59	67	14	35	59	24	20	40	46	72	34	5	78	47	69	74	59	60	74	65	16	58	30	41	74	22	14	46	7	31	7	13	35	16	38	4	44	71	40	46	14	17	74	10	7	26	57	37	68	33	18	58	49	17	50	72	59	56	70	11	64	50	27	33	28	14	30	5	29	23	76	70	32	43	50	64	49	22	61	17	13	55	75	20	67	9	71	24	13	26	47	74	58	39	0	53	7	76	55	24	0	8	34	47	19	22	28	23	44	35	67	46	24	14	5	0	6	18	29	42	64	45	57	57	21	12	71	27	50	60	18	76	19	57	72	73	38	34	23	63	39	49	26	76	68	22	15	12	57	13	68	44	20	66	4	42	50	19	14	33	14	13	61	0	24	76	48	4	75	62	34	40	68	0	34	11	65	63	59	41	78	56	60	63	41	7	65	11	63	74	70	57	60	30	10	70	13	64	24	79	64	60	31	50	34	17	75	75	31	25	8	55	68	68	21	68	16	30	30	61	29	3	15	65	58	65	7	45	68	53	18	60	7	43	45	61	49	34	20	28	78	53	38	22	75	1	63	25	71	69	12	1	28	44	74	75	74	21	38	68	43	42	28	58	63	59	59	9	0	36	15	46	14	65	53	39	51	48	10	79	79	13	59	5	61	71	69	22	10	57	5	77	20	65	72	9	7	44	11	38	49	23	43	65	78	14	37	8	12	47	38	71	56	55	43	11	62	34	65	33	11	47	21	71	77	41	53	25	1	14	60	68	51	59	40	69	48	60	54	58	6	31	19	31	2	33	28	33	32	47	47	14	30	69	23	34	72	34	2	58	75	17	61	3	38	32	38	58	35	27	56	45	17	32	49	8	77	13	79	9	3	28	45	11	33	77	73	61	67	75	49	59	55	37	0	19	57	38	52	17	55	75	59	17	77	3	48	51	57	25	18	65	39	11	76	42	21	22	45	10	48	54	32	78	52	42	20	36	30	13	4	72	60	44	47	39	42	22	64	14	54	38	38	59	13	26	44	41	43	15	33	8	45	34	17	50	33	15	72	6	52	21	21	48	66	79	52	77	24	10	49	74	36	5	27	5	51	75	62	58	65	58	70	70	28	15	50	23	0	70	46	57	42	46	55	25	25	18	10	68	7	64	67	56	51	68	65	33	42	28	64	76	8	22	13	54	43	77	21	13	47	46	21	77	2	24	58	35	32	54	32	28	39	70	70	38	68	68	56	45	18	47	35	62	1	66	52	55	12	75	8	4	48	23	12	2	11	51	77	30	9	27	24	53	8	29	26	5	37	38	49	58	76	66	56	34	42	16	45	40	13	59	61	75	50	65	53	56	5	15	66	10	35	49	1	32	42	37	47	6	7	56	42	73	54	23	13	6	20	31	22	75	64	60	66	20	20	44	79	46	63	60	56	7	46	24	75	59	61	63	38	55	74	76	20	40	1	61	51	28	16	62	49	79	3	30	9	30	40	8	73	70	75	26	63	53	74	0	22	71	33	57	29	9	30	48	79	41	45	51	42	2	76	31	60	4	72	0	48	57	28	21	69	15	72	25	70	68	7	9	2	4	38	52	37	45	3	53	43	58	59	75	51	58	42	48	56	9	77	20	73	37	2	2	50	25	70	9	63	68	53	4	63	34	76	48	46	49	41	76	24	61	9	3	60	3	8	67	6	0	67	25	35	49	41	65	31	20	68	58	25	5	51	15	77	50	3	30	40	6	16	3	7	64	24	29	6	28	7	39	20	24	43	63	29	79	64	1	46	32	36	44	68	71	3	75	28	66	11	44	51	45	72	60	54	5	72	71	50	55	8	43	4	64	3	5	57	14	9	2	30	29	53	79	48	10	52	72	60	19	36	27	15	52	33	37	22	58	25	3	78	66	9	33	20	42	77	45	5	78	18	36	62	59	38	3	76	79	22	22	77	5	30	75	44	60	44	63	23	32	60	15	43	63	27	40	53	21	71	6	35	79	77	39	32	26	9	8	10	52	41	53	63	40	57	45	74	70	7	43	73	72	63	29	58	77	15	63	8	48	67	64	33	65	57	59	51	58	45	46	41	58	77	37	1	13	21	15	57	16	67	55	12	16	19	27	9	27	67	56	27	29	31	74	1	67	53	48	22	11	66	69	25	33	18	7	5	18	50	66	9	75	16	4	17	58	72	59	9	59	56	49	64	43	45	6	33	7	19	70	43	13	39	77	74	73	23	73	42	72	0	70	42	23	62	19	22	36	63	27	10	27	79	44	5	41	75	3	35	60	1	12	33	16	14	22	11	34	62	76	32	31	63	60	60	37	45	2	28	16	70	45	29	13	6	24	12	25	43	65	69	2	49	68	7	52	22	64	14	44	54	48	71	71	47	34	79	51	61	67	3	44	62	79	48	47	14	68	19	58	43	63	41	9	50	29	31	73	47	27	34	39	79	21	63	33	0	57	51	66	62	20	27	58	39	35	52	51	24	18	59	28	61	31	61	16	35	39	8	47	72	71	55	3	73	75	40	75	50	49	40	35	16	54	36	72	2	71	74	40	2	65	69	30	79	48	67	73	22	34	1	22	35	68	61	64	68	34	66	70	69	11	30	4	52	74	15	55	13	13	48	77	61	32	79	2	19	66	42	3	41	30	44	62	15	18	35	30	0	26	29	34	73	5	5	22	8	30	26	72	57	67	7	52	26	49	27	39	71	36	17	14	30	27	24	22	59	33	75	45	28	36	57	79	14	32	29	74	13	20	22	57	70	59	47	59	39	19	55	28	13	40	58	74	36	25	20	64	9	17	20	45	74	62	70	46	68	44	38	46	67	10	19	12	52	19	41	36	
39	33	21	30	25	40	31	31	28	32	27	21	29	33	27	30	35	31	27	37	26	25	29	23	28	24	32	29	32	30	36	35	40	34	20	23	32	28	39	34	29	35	21	32	25	22	20	25	27	36	30	31	34	36	27	22	33	29	26	31	38	29	33	34	28	27	34	21	32	23	27	35	31	23	27	24	28	26	39	38	27	28	29	20	38	38	35	34	30	35	38	26	26	21	23	25	29	39	30	26	24	32	23	22	28	29	36	20	22	24	21	28	38	22	36	36	22	38	28	26	20	34	33	23	20	34	28	36	32	39	21	26	32	30	21	37	39	36	28	30	24	34	21	33	29	35	32	36	25	34	32	29	37	31	26	23	39	38	36	36	26	33	29	30	34	38	20	36	25	25	25	40	26	20	34	33	38	30	24	39	21	33	35	29	27	39	38	35	36	30	37	37	24	35	33	39	36	32	27	27	39	25	20	32	34	22	36	37	40	28	40	37	20	30	35	28	28	21	40	26	30	30	20	24	20	27	26	28	24	33	36	32	21	38	32	21	35	38	30	20	26	34	24	33	35	40	33	35	26	24	32	33	24	37	31	38	32	23	21	40	36	38	25	25	32	25	36	38	30	39	37	38	33	31	38	30	34	40	30	26	27	32	29	30	21	29	38	40	31	34	27	30	39	39	30	22	25	22	38	35	24	30	28	32	38	26	21	28	33	20	31	34	39	24	26	33	20	36	32	32	32	24	36	39	24	20	25	26	32	25	24	35	26	38	37	29	23	23	35	22	38	36	32	35	34	39	33	22	35	26	35	30	32	20	20	35	23	28	20	30	22	25	21	40	20	32	33	20	21	22	24	36	35	36	31	38	24	40	24	35	23	29	40	20	28	20	21	27	40	34	31	29	26	29	38	39	23	26	26	40	33	20	24	35	32	27	21	32	21	40	27	31	29	36	27	21	25	35	27	37	34	30	23	26	20	27	39	31	40	38	24	35	37	29	21	38	36	33	32	37	34	31	36	40	35	28	37	32	30	37	35	27	25	34	32	37	30	26	38	35	31	31	30	35	20	22	35	24	32	35	40	29	39	39	38	29	39	35	35	22	30	23	20	24	37	38	36	21	22	29	36	29	27	34	33	28	30	29	31	22	23	20	28	22	32	20	22	35	23	35	36	20	40	36	29	32	32	26	29	28	23	30	26	31	20	29	36	23	28	37	32	35	32	31	36	21	38	35	20	24	32	35	38	26	28	29	20	32	40	32	31	27	28	32	36	35	32	22	31	29	39	35	37	37	30	24	20	25	27	27	23	28	35	39	24	38	28	37	38	31	31	40	36	26	27	29	22	22	34	32	39	26	38	30	32	36	27	39	34	36	29	22	26	32	22	31	26	21	21	24	38	39	30	33	30	34	31	25	30	36	35	30	26	31	21	34	24	27	39	20	38	29	20	33	34	27	38	31	38	20	38	22	29	23	33	26	20	30	22	24	29	37	32	21	26	24	20	25	40	33	29	25	36	27	38	36	21	40	31	30	25	21	29	37	24	34	36	23	35	33	32	33	20	40	29	32	26	35	25	21	34	36	28	27	33	24	32	31	20	25	25	27	36	22	38	20	24	23	29	37	38	22	30	29	38	27	36	32	39	31	39	35	25	23	20	24	30	22	40	36	33	33	39	26	36	35	33	29	34	23	37	23	24	27	39	24	29	34	36	35	39	21	31	38	28	23	21	28	28	30	37	30	39	30	26	21	39	37	40	36	37	40	22	23	34	35	30	37	39	34	26	30	31	27	21	26	29	39	29	29	38	37	28	23	30	40	26	29	25	27	27	26	22	37	35	34	33	36	26	20	35	32	36	25	24	24	36	35	27	24	38	28	35	29	35	23	27	37	21	20	29	32	38	39	27	26	33	27	36	30	38	24	31	27	37	39	23	21	33	35	24	20	27	36	32	29	37	40	24	22	35	30	37	35	31	23	36	25	38	28	29	34	35	35	20	21	30	33	36	40	23	31	32	25	40	30	30	33	27	32	29	33	37	34	27	21	21	21	37	22	33	29	40	35	33	23	22	32	36	29	37	27	30	28	32	30	38	30	35	22	33	38	26	21	25	31	22	23	26	36	22	39	24	35	26	36	38	28	38	25	28	37	23	33	23	30	23	33	39	34	32	32	22	37	23	24	28	20	33	26	30	32	34	30	20	30	31	24	24	36	27	37	37	23	31	38	27	39	20	21	40	20	25	36	32	26	35	30	31	26	22	21	22	36	36	30	38	40	34	29	23	29	37	28	34	39	27	25	30	22	22	23	38	20	24	38	26	40	32	27	29	27	21	35	25	25	24	23	40	23	40	38	25	35	40	21	20	23	29	29	36	29	23	21	36	20	25	32	21	40	38	36	33	30	32	30	31	31	37	29	38	39	36	33	33	32	37	26	37	33	32	25	22	28	22	31	37	31	34	33	34	40	37	26	20	39	20	33	20	20	36	37	20	38	37	30	36	29	34	29	36	28	31	27	25	32	21	32	38	38	36	22	35	24	29	34	40	30	26	22	26	24	34	27	24	32	29	38	26	28	25	32	30	26	36	39	22	32	32	35	23	26	40	37	33	39	29	32	36	31	23	37	38	20	23	37	35	33	32	36	39	40	37	32	28	40	29	20	38	22	36	39	36	40	30	38	33	27	24	24	24	33	38	27	24	35	20	26	28	27	40	35	31	35	37	28	35	34	31	21	32	32	24	29	33	40	23	32	23	30	32	24	23	35	38	32	23	25	22	24	25	24	39	22	34	32	31	31	26	40	26	30	24	28	40	39	30	21	38	29	36	24	35	28	28	33	21	30	24	30	38	40	25	24	23	27	22	38	33	27	40	35	30	27	30	20	20	22	24	40	26	38	34	22	32	37	38	29	31	27	24	35	31	29	32	32	25	37	35	22	36	26	31	40	30	29	27	28	21	23	33	37	30	40	26	21	30	25	20	40	25	27	28	25	39	24	34	40	39	34	34	25	20	38	38	31	31	37	39	38	21	29	33	39	29	29	25	29	24	37	25	36	39	36	38	32	25	22	22	24	39	34	30	25	26	28	36	22	33	39	35	20	22	35	27	39	37	36	24	35	32	39	38	24	21	32	22	33	40	24	33	39	30	38	26	31	39	40	38	24	39	23	40	26	36	36	25	27	26	20	22	31	28	40	28	29	25	26	27	29	39	26	24	27	33	33	33	32	21	21	30	22	38	40	34	22	28	26	32	23	31	25	23	22	32	20	24	29	20	25	29	36	26	29	38	22	21	30	40	23	25	28	25	34	33	36	37	25	21	37	37	38	32	32	23	29	26	38	32	36	21	32	22	34	32	21	24	29	35	37	31	40	24	35	33	39	24	33	39	21	22	35	30	37	34	22	32	29	20	40	26	28	35	20	27	34	40	32	28	40	35	21	37	36	24	23	21	35	24	27	35	30	22	20	35	23	25	38	33	25	30	27	25	38	40	34	38	21	26	22	38	31	33	32	40	34	34	28	31	20	33	40	36	28	23	24	20	40	27	27	30	39	29	36	32	36	38	26	39	27	28	35	24	23	31	31	30	30	26	26	22	34	25	26	33	20	24	34	40	20	30	33	27	39	37	20	29	21	27	33	40	31	22	23	31	34	28	26	39	36	32	24	20	27	26	20	35	27	40	37	26	40	22	21	25	33	20	37	35	40	24	36	25	31	37	37	29	35	31	26	28	25	35	37	34	33	36	26	38	24	36	23	39	35	24	37	32	31	25	33	24	21	27	30	30	25	34	31	27	30	35	26	21	21	20	28	27	28	37	37	27	26	32	33	39	24	37	33	33	33	34	38	36	26	22	38	39	32	23	27	21	34	37	21	24	23	28	25	37	39	39	20	39	37	30	31	39	35	38	24	28	36	38	32	32	25	24	26	36	24	29	34	31	22	32	35	24	29	39	23	27	22	25	21	22	28	20	22	28	29	28	28	26	40	24	32	36	30	40	25	36	25	20	32	24	36	27	32	40	25	25	37	40	25	21	25	22	25	27	30	30	21	37	30	23	21	34	39	25	27	34	22	23	28	21	39	38	39	29	23	32	27	34	27	26	32	40	36	35	24	28	37	27	27	20	35	39	34	26	40	36	20	36	32	23	39	29	20	29	28	37	37	34	24	33	32	36	27	22	34	36	35	30	30	37	27	28	21	20	21	28	25	25	34	31	32	22	40	40	40	22	32	32	35	35	25	28	38	33	24	35	20	23	25	27	38	36	40	33	27	26	37	26	36	37	29	26	34	20	37	30	32	26	32	34	39	30	21	33	40	27	26	24	40	33	36	39	22	21	35	20	25	24	37	28	35	20	35	28	23	40	31	29	39	37	36	37	36	25	27	21	40	20	39	31	24	30	23	39	40	37	40	40	20	34	21	26	28	32	30	31	24	29	38	37	20	20	28	40	37	36	25	40	40	25	34	35	31	22	40	34	29	32	24	35	24	31	28	28	27	37	29	34	22	21	22	26	21	39	26	29	21	24	30	28	21	30	24	28	20	37	39	23	29	37	36	35	26	24	38	33	38	38	20	30	24	39	26	30	35	27	22	20	26	29	37	20	40	27	20	34	21	26	24	29	39	28	24	25	23	26	25	36	23	30	24	28	25	22	24	37	38	32	29	39	32	20	40	22	23	30	28	29	22	22	34	30	28	23	29	32	35	25	37	21	37	32	32	34	27	33	30	39	29	21	31	31	34	34	22	22	35	39	25	21	32	28	27	33	25	25	20	31	38	25	32	38	23	34	35	26	25	32	29	37	39	40	33	24	27	40	37	39	20	34	24	26	26	21	29	32	30	36	24	27	25	30	28	39	36	31	40	27	34	21	32	36	22	22	27	25	27	35	29	33	39	28	22	28	31	25	23	26	20	22	21	21	22	36	30	36	22	21	22	36	23	21	37	31	34	28	30	20	30	37	30	31	20	22	20	35	30	23	24	22	37	32	40	26	20	40	38	32	40	28	30	38	33	34	23	22	37	
14	17	20	44	30	20	49	20	44	35	35	18	31	21	39	38	32	27	27	18	11	44	13	32	12	29	28	33	47	33	30	20	33	21	36	27	11	33	18	45	37	46	29	40	30	27	25	50	28	32	36	32	38	47	18	15	28	21	19	21	35	44	11	46	41	37	18	27	13	49	34	16	37	12	46	25	44	21	24	20	25	18	25	13	25	27	18	11	15	35	28	14	35	18	18	23	46	42	37	36	13	27	24	17	12	49	23	48	24	42	37	50	33	42	46	45	46	45	47	45	40	38	11	47	31	22	27	28	10	13	43	14	35	35	32	49	47	12	42	28	39	37	33	33	21	42	18	48	47	36	49	47	46	18	34	38	17	15	41	11	41	41	45	29	33	41	26	16	46	24	33	42	31	13	13	21	40	34	33	47	21	17	17	49	29	15	32	14	19	33	27	49	42	39	14	50	33	32	15	42	24	40	37	41	27	40	37	48	41	38	19	44	25	49	34	45	14	24	48	16	22	44	28	28	39	48	40	28	20	24	11	38	17	17	32	27	31	43	15	25	20	30	27	41	46	26	46	37	27	45	11	47	43	16	23	16	17	13	44	40	20	18	46	46	11	24	10	43	40	50	47	36	24	18	49	32	45	47	46	19	44	22	11	28	12	26	43	13	43	34	26	45	18	50	25	29	30	39	31	41	27	21	13	33	17	22	22	49	29	41	10	23	26	16	18	14	10	33	27	22	29	38	13	38	50	15	21	11	19	37	22	46	48	31	45	50	23	26	29	13	35	34	13	11	42	44	25	26	49	14	15	28	42	11	31	11	17	37	46	35	22	37	18	36	48	50	30	16	29	50	48	40	15	43	33	26	26	33	17	49	13	37	19	31	17	44	15	15	19	18	27	20	39	49	37	29	22	12	10	38	50	19	30	50	26	38	21	12	13	10	28	42	21	38	47	44	40	32	18	36	18	27	46	43	39	16	39	35	26	19	27	36	50	35	36	36	23	45	47	19	28	33	19	41	16	26	20	40	44	35	48	25	22	23	33	23	40	30	34	47	15	46	18	44	44	32	24	41	22	32	19	32	17	22	16	37	33	19	28	23	15	37	17	33	34	33	47	25	27	28	23	17	45	30	34	23	28	30	37	49	25	16	30	21	46	12	12	42	48	44	33	43	29	39	25	14	39	25	39	21	27	35	24	29	38	22	26	48	17	14	12	30	10	17	49	11	27	21	18	41	14	27	11	45	30	36	31	32	23	36	50	35	32	20	40	35	12	47	13	30	16	24	32	19	43	20	46	37	27	49	42	34	39	29	38	29	44	28	47	18	42	14	28	28	28	33	30	37	41	34	46	21	32	48	25	39	26	24	11	26	21	49	45	15	17	17	49	22	47	42	31	46	50	46	14	42	33	38	13	27	21	49	35	46	17	20	33	29	37	26	14	13	46	23	38	28	33	27	14	42	42	14	45	26	41	50	40	31	48	15	22	41	26	30	31	16	49	33	34	46	19	25	47	32	13	38	38	32	31	27	49	25	14	44	48	12	32	44	45	28	50	10	44	39	42	16	12	24	20	30	20	19	38	47	38	36	21	39	29	44	27	26	48	21	21	18	49	18	17	47	38	35	24	33	20	14	14	44	20	22	49	31	10	23	40	30	39	34	13	26	40	44	49	10	14	25	16	45	42	16	14	34	20	44	47	50	21	50	16	42	24	35	37	43	37	10	17	23	17	11	26	17	29	14	17	38	37	28	25	11	12	30	15	33	41	18	11	48	38	17	26	26	25	33	12	13	48	23	29	11	15	10	44	47	39	40	21	37	47	34	33	16	35	38	15	12	31	31	43	46	40	40	27	16	33	50	48	22	33	15	19	14	43	25	11	36	40	31	23	34	43	34	34	46	47	17	31	21	22	35	37	10	46	21	23	28	49	47	32	23	44	27	30	31	20	47	35	42	40	31	40	38	37	23	45	28	48	50	48	14	41	31	20	41	48	11	23	41	10	49	15	27	50	44	40	24	39	47	18	10	50	34	25	26	37	42	10	12	41	15	19	33	41	23	16	44	15	46	28	30	40	17	48	18	20	36	24	27	35	50	38	31	22	40	45	25	46	13	14	34	43	39	43	21	31	35	20	26	38	36	48	46	17	35	32	39	37	37	34	34	42	27	38	40	23	34	35	35	22	50	24	21	16	13	42	29	21	28	18	15	15	24	11	35	42	13	13	33	20	40	30	44	29	33	44	16	46	28	39	10	36	16	43	33	41	41	31	43	20	44	34	11	10	44	49	45	25	28	15	20	29	47	23	13	48	48	31	17	20	13	32	40	37	11	47	45	16	24	37	40	31	37	13	42	42	48	34	23	35	40	48	16	24	10	20	22	25	15	45	29	35	16	42	13	36	12	21	26	14	45	45	30	22	49	31	10	39	38	31	17	14	10	40	32	15	45	26	24	35	10	29	11	21	14	21	46	35	28	41	44	21	17	49	29	43	23	15	39	11	15	27	15	31	45	42	12	12	41	48	21	24	33	41	30	50	24	36	16	10	13	10	26	22	23	34	15	15	10	16	34	31	47	46	15	36	24	46	46	17	12	47	39	34	46	24	24	28	17	22	32	46	40	36	40	43	14	26	15	20	37	43	43	47	21	42	14	50	31	39	40	38	20	10	14	17	42	24	42	30	25	23	30	28	40	31	22	46	35	11	38	45	23	50	21	41	44	42	19	32	18	46	42	36	49	35	36	40	15	48	29	32	42	15	19	41	27	44	13	31	27	22	11	31	11	29	10	41	36	29	49	24	19	19	40	21	10	42	43	14	47	17	44	27	30	24	17	11	14	46	49	48	44	36	12	49	34	39	26	39	40	22	41	45	36	27	41	12	37	41	20	40	50	39	13	35	30	12	10	32	24	36	16	18	28	47	39	49	14	24	15	13	40	22	43	14	21	44	24	42	23	34	16	28	26	39	38	14	19	28	48	21	38	26	14	40	30	31	38	40	16	20	27	45	47	15	11	14	17	34	37	39	29	37	19	39	42	31	22	16	15	24	26	31	29	33	20	35	36	32	27	43	42	10	40	15	44	19	25	23	17	44	36	13	40	46	28	40	34	31	15	43	44	28	12	29	42	42	20	12	14	18	24	49	11	21	29	23	44	17	23	42	23	38	29	47	15	35	37	24	19	24	35	30	27	24	47	18	45	47	46	12	32	40	39	27	41	38	22	29	30	14	39	40	19	31	33	37	30	50	16	10	40	35	17	11	37	47	44	47	15	24	20	15	41	16	47	27	10	15	20	43	13	16	24	18	16	19	18	25	46	25	14	41	18	10	22	15	36	41	43	45	43	49	33	11	10	40	35	20	25	49	16	25	50	27	15	27	48	26	50	12	15	26	25	11	26	24	26	23	18	23	32	14	42	25	12	12	16	38	12	15	14	44	11	25	38	33	19	36	17	39	26	18	12	40	10	36	17	21	47	23	24	37	28	12	44	19	16	35	10	45	46	44	13	45	33	14	34	49	24	46	25	41	35	33	39	19	36	44	43	27	12	49	48	50	49	33	12	16	32	33	25	14	14	46	46	26	16	42	17	21	28	26	47	28	15	36	48	29	29	45	48	26	29	27	43	24	22	12	19	10	35	24	33	45	35	21	10	14	11	19	43	32	28	27	12	15	32	37	42	16	18	50	32	14	36	50	41	26	15	25	28	18	26	49	48	39	25	29	43	35	46	46	43	18	22	18	36	30	15	28	12	46	11	17	30	48	41	47	14	31	37	16	39	34	41	38	10	41	21	20	35	43	14	10	50	47	47	32	30	33	22	28	43	21	34	48	44	31	21	17	35	35	24	20	29	44	48	31	25	18	23	47	19	21	39	34	16	20	22	15	37	34	38	38	37	19	16	12	18	47	44	12	16	22	44	45	16	31	33	40	12	46	17	37	29	37	34	48	25	15	13	41	50	34	24	36	46	24	15	42	11	24	37	43	33	27	24	21	27	31	37	33	39	37	22	40	16	26	18	11	29	15	31	38	21	11	46	14	22	11	16	35	40	46	26	27	45	26	23	29	12	20	46	19	34	49	45	27	34	33	30	15	30	47	19	48	43	39	10	23	40	26	21	22	34	48	13	16	46	45	18	40	25	24	37	42	39	36	32	30	25	41	25	29	20	15	38	17	50	23	37	32	11	35	24	14	18	15	33	21	48	37	27	30	16	46	19	19	31	13	33	27	40	27	45	22	35	34	13	10	21	20	33	11	28	40	25	30	36	22	45	41	24	28	27	25	12	12	28	12	19	16	34	27	24	27	33	35	44	41	13	46	22	23	47	41	35	28	50	22	47	15	35	46	28	44	27	10	22	48	23	21	48	39	44	24	10	24	17	30	22	19	39	12	14	28	23	10	32	15	37	48	13	28	29	38	10	38	21	28	41	48	22	14	19	17	41	45	50	45	39	34	30	13	43	23	31	50	13	10	22	35	35	19	32	28	20	34	14	18	11	40	28	38	11	44	15	17	41	40	13	34	33	30	43	32	36	24	25	44	42	42	30	34	38	45	43	17	11	36	25	36	14	13	42	12	40	19	40	34	22	12	49	27	27	37	31	36	34	50	39	25	39	34	26	45	39	36	28	14	43	14	43	20	16	41	28	37	13	10	35	42	11	29	45	39	40	15	28	44	16	28	34	39	29	37	35	37	32	35	22	12	11	49	39	45	35	41	36	16	21	48	13	45	49	42	35	24	38	24	35	39	39	50	35	10	14	11	18	21	34	27	36	37	23	29	30	14	39	34	43	16	41	22	48	19	41	19	20	50	49	23	38	16	31	44	12	25	28	48	50	45	47	46	14	33	49	47	25	35	46	19	35	31	10	23	41	31	35	13	27	27	41	15	38	43	29	43	31	17	41	35	11	23	24	20	38	25	33	20	18	20	33	40	12	37	26	19	14	34	27	24	16	46	33	18	46	21	22	34	12	23	29	14	24	21	14	41	29	50	25	41	12	36	18	23	10	19	17	13	23	
10
70
