1896
80
0	0	0	0	0	0	0	0	0	0	0	0	0	0	192	0	0	0	0	0	0	0	0	0	0	0	0	0	0	0	0	0	0	0	0	0	0	0	0	0	0	0	0	0	0	0	0	0	0	0	0	0	0	0	0	0	0	0	0	0	0	0	0	0	48	0	0	0	0	0	0	0	0	0	0	0	0	96	48	0	
0	0	0	0	0	0	0	0	0	0	0	0	0	0	0	0	96	0	0	0	0	0	0	0	0	0	0	0	0	0	0	0	0	0	0	0	0	0	0	0	0	0	0	0	0	0	0	0	0	0	0	0	0	0	0	0	0	0	500	0	0	0	0	0	0	0	0	0	0	0	0	0	0	0	0	0	0	0	0	0	
0	0	0	0	0	0	0	0	0	0	0	0	0	0	0	0	0	0	0	0	0	0	0	0	0	0	0	0	0	0	0	0	500	0	0	0	0	0	0	0	0	0	0	0	0	0	0	0	0	0	48	0	0	96	0	0	0	0	0	0	0	0	0	0	0	0	0	0	0	0	0	0	0	0	0	0	0	0	0	0	
0	0	0	0	0	0	0	0	0	0	0	0	0	0	0	0	0	0	0	0	0	0	0	0	0	0	0	0	0	0	0	0	0	0	0	0	0	0	0	0	0	0	0	0	0	0	0	0	0	0	0	0	0	0	0	0	0	0	0	0	0	0	0	0	0	0	0	0	0	0	192	96	0	0	0	0	0	0	0	0	
0	0	0	0	0	0	0	192	0	0	96	0	0	0	0	0	0	0	0	0	0	0	0	0	0	0	0	0	0	0	0	0	0	0	0	0	0	96	0	0	0	0	0	0	0	0	0	0	0	0	0	0	0	0	0	0	0	0	0	0	0	0	0	0	0	0	0	0	0	0	0	0	0	0	0	0	0	0	0	0	
0	0	0	0	0	0	0	0	0	0	0	0	0	0	0	0	96	0	0	0	0	0	0	0	0	0	0	0	0	0	0	0	96	0	0	0	0	0	0	0	0	0	0	0	0	0	0	0	0	0	96	0	0	48	0	0	0	0	0	0	0	0	0	0	0	0	0	0	0	0	0	0	0	0	0	0	0	0	0	0	
0	0	0	0	0	0	0	0	0	0	0	0	0	0	0	0	0	0	0	0	0	0	0	0	0	0	0	0	0	0	0	0	0	0	0	0	0	0	0	0	0	0	0	96	0	0	0	0	0	0	0	0	0	0	0	0	0	0	0	0	0	500	0	0	0	0	192	0	0	0	0	0	0	0	0	192	0	0	0	0	
0	0	0	0	192	0	0	0	0	0	0	0	0	0	0	0	0	0	0	0	0	0	0	0	0	0	0	0	0	0	0	0	0	0	0	0	0	0	0	0	0	0	0	0	0	0	0	0	0	0	0	0	0	0	0	0	0	0	0	0	96	0	0	0	0	0	0	0	0	0	0	0	0	0	0	0	0	0	0	0	
0	0	0	0	0	0	0	0	0	0	0	0	0	0	0	0	0	96	0	0	0	0	0	0	0	0	0	0	0	0	0	0	0	0	96	0	0	0	0	0	0	0	0	0	0	0	0	0	0	0	0	0	0	0	0	0	0	0	0	0	0	0	0	48	0	0	0	0	0	0	0	0	0	0	0	0	0	0	0	0	
0	0	0	0	0	0	0	0	0	0	0	0	0	0	0	0	0	0	0	0	0	0	0	0	0	0	0	0	0	0	0	0	0	0	0	0	0	0	0	0	0	0	0	0	0	0	0	0	0	0	0	0	96	0	0	0	0	0	0	0	0	0	0	0	0	96	0	0	0	0	0	0	0	0	0	0	0	0	0	0	
0	0	0	0	96	0	0	0	0	0	0	0	0	0	0	0	0	0	0	0	0	0	0	0	0	0	192	0	0	0	0	0	0	0	0	0	0	0	0	0	0	0	0	0	0	0	0	0	0	0	0	0	0	0	0	0	0	0	0	0	0	0	0	0	0	0	0	0	0	0	0	0	0	0	0	0	0	0	0	0	
0	0	0	0	0	0	0	0	0	0	0	0	0	0	0	0	0	0	0	0	0	0	0	0	0	0	0	0	0	0	0	0	0	0	0	0	0	0	0	0	0	0	0	0	0	0	0	0	0	0	0	0	0	0	0	0	0	0	0	96	0	0	0	0	0	0	0	0	0	0	0	0	0	0	0	0	500	0	0	0	
0	0	0	0	0	0	0	0	0	0	0	0	0	0	0	0	0	0	0	0	0	0	0	0	0	48	0	0	0	0	0	0	0	0	0	0	0	0	500	192	0	0	0	0	0	0	0	0	0	0	0	0	0	0	0	0	0	0	0	0	0	0	0	0	0	0	0	0	0	0	0	0	0	0	0	0	0	0	0	0	
0	0	0	0	0	0	0	0	0	0	0	0	0	0	0	0	0	0	0	0	0	0	0	0	0	0	0	0	0	0	0	0	0	0	0	500	0	0	0	0	0	0	48	0	0	0	0	0	0	0	0	0	0	0	0	0	0	0	0	0	0	0	0	0	0	500	0	0	0	0	0	0	0	0	0	0	0	0	0	0	
192	0	0	0	0	0	0	0	0	0	0	0	0	0	0	0	0	0	0	0	0	0	0	0	0	0	0	0	0	0	0	0	0	0	0	0	0	0	0	0	0	0	0	0	0	0	0	0	0	48	0	0	0	0	0	0	0	0	0	0	0	0	0	0	0	0	0	500	0	0	0	0	0	0	0	0	0	0	0	0	
0	0	0	0	0	0	0	0	0	0	0	0	0	0	0	0	0	0	0	0	500	0	0	0	0	0	0	0	0	0	0	0	0	0	0	0	0	0	0	0	0	0	0	0	0	48	0	0	0	0	0	192	0	0	0	0	0	0	0	0	0	0	0	0	0	0	0	0	0	0	0	0	0	0	96	0	192	0	0	0	
0	96	0	0	0	96	0	0	0	0	0	0	0	0	0	0	0	0	0	0	0	0	0	0	0	0	0	0	0	0	0	0	0	0	0	0	0	0	0	0	0	0	0	0	0	0	0	0	0	0	0	0	0	0	0	0	0	0	192	0	0	0	0	0	0	0	0	0	0	0	0	0	0	0	0	0	0	0	0	0	
0	0	0	0	0	0	0	0	96	0	0	0	0	0	0	0	0	0	0	0	0	0	0	0	0	0	0	96	0	0	0	0	0	0	500	0	0	0	0	0	0	0	0	0	0	0	0	0	0	0	0	0	0	0	0	0	0	0	0	0	0	0	0	500	0	0	0	0	0	0	0	0	0	0	0	0	0	0	0	0	
0	0	0	0	0	0	0	0	0	0	0	0	0	0	0	0	0	0	0	0	0	96	0	0	0	0	0	0	0	0	0	0	0	0	0	192	0	0	0	0	0	0	0	0	0	0	0	0	0	0	0	0	0	0	0	0	0	0	0	0	0	0	0	0	0	0	0	0	0	0	0	0	0	0	0	0	0	0	0	0	
0	0	0	0	0	0	0	0	0	0	0	0	0	0	0	0	0	0	0	0	0	0	0	0	0	0	0	0	0	0	0	0	0	0	0	0	96	0	0	0	0	0	0	0	0	0	0	0	0	0	0	0	0	0	0	0	0	0	0	0	0	0	0	0	0	0	0	0	0	0	0	0	0	96	0	0	0	0	0	0	
0	0	0	0	0	0	0	0	0	0	0	0	0	0	0	500	0	0	0	0	0	0	0	0	0	0	0	0	0	0	0	0	0	0	0	0	0	0	0	0	0	0	0	0	0	0	0	0	0	0	0	0	0	0	0	0	0	0	0	0	0	0	0	0	0	0	0	0	0	0	0	0	0	0	500	0	0	0	0	0	
0	0	0	0	0	0	0	0	0	0	0	0	0	0	0	0	0	0	96	0	0	0	0	0	0	0	0	0	0	0	0	0	0	0	0	0	96	0	0	0	0	0	0	0	0	0	0	0	0	0	0	0	0	0	0	0	0	0	0	0	0	0	0	0	0	0	0	0	0	0	0	0	0	0	0	0	0	0	0	48	
0	0	0	0	0	0	0	0	0	0	0	0	0	0	0	0	0	0	0	0	0	0	0	0	0	0	0	0	0	0	0	0	0	0	0	0	0	0	0	0	0	0	0	0	0	0	0	0	500	0	0	0	0	0	0	0	0	0	0	0	500	0	0	0	0	0	0	0	96	0	0	0	0	0	0	0	0	0	0	0	
0	0	0	0	0	0	0	0	0	0	0	0	0	0	0	0	0	0	0	0	0	0	0	0	0	0	0	0	0	0	0	0	0	0	0	0	0	0	0	0	0	0	0	0	0	0	0	0	0	0	0	0	0	0	0	0	0	0	0	0	0	0	0	0	0	0	500	0	0	48	0	0	0	0	0	0	0	0	0	0	
0	0	0	0	0	0	0	0	0	0	0	0	0	0	0	0	0	0	0	0	0	0	0	0	0	96	0	0	0	0	0	0	0	48	0	0	0	0	0	0	0	0	0	0	0	0	0	0	0	0	0	0	0	0	0	0	0	0	0	0	0	0	0	0	48	0	0	0	0	0	0	0	0	0	0	0	0	0	0	0	
0	0	0	0	0	0	0	0	0	0	0	0	48	0	0	0	0	0	0	0	0	0	0	0	96	0	0	0	0	0	0	0	0	0	0	0	0	0	0	0	0	0	0	0	0	0	0	0	0	0	0	0	0	0	0	0	0	0	0	0	0	0	0	0	0	0	0	0	0	0	0	0	0	0	0	0	0	0	0	0	
0	0	0	0	0	0	0	0	0	0	192	0	0	0	0	0	0	0	0	0	0	0	0	0	0	0	0	0	0	0	0	0	0	0	0	0	0	0	0	0	0	48	0	0	0	0	0	0	0	0	0	0	0	0	0	0	96	0	0	0	0	0	0	0	0	0	0	0	0	0	0	0	0	0	0	0	0	0	0	0	
0	0	0	0	0	0	0	0	0	0	0	0	0	0	0	0	0	96	0	0	0	0	0	0	0	0	0	0	0	0	0	0	0	0	0	0	0	0	0	0	0	0	0	0	0	0	0	0	0	0	0	0	0	0	0	0	0	0	0	0	0	0	0	0	0	0	0	0	0	0	0	192	0	0	0	0	0	0	0	0	
0	0	0	0	0	0	0	0	0	0	0	0	0	0	0	0	0	0	0	0	0	0	0	0	0	0	0	0	0	0	0	48	0	0	0	0	0	0	0	0	0	0	0	0	0	48	0	0	0	0	0	48	0	0	0	0	0	0	0	500	0	0	0	0	0	0	0	0	0	0	0	0	0	0	0	0	0	0	0	0	
0	0	0	0	0	0	0	0	0	0	0	0	0	0	0	0	0	0	0	0	0	0	0	0	0	0	0	0	0	0	0	0	0	0	0	0	0	0	0	0	192	0	0	0	0	0	0	500	0	0	0	0	0	0	0	0	0	0	0	0	0	0	0	0	0	0	0	0	0	0	0	0	0	500	0	0	0	0	0	0	
0	0	0	0	0	0	0	0	0	0	0	0	0	0	0	0	0	0	0	0	0	0	0	0	0	0	0	0	0	0	0	0	0	0	0	0	0	0	0	0	0	0	0	0	0	0	0	0	0	0	0	0	0	0	0	0	0	0	0	0	0	0	500	0	0	0	0	0	0	0	0	0	0	0	0	0	0	192	192	0	
0	0	0	0	0	0	0	0	0	0	0	0	0	0	0	0	0	0	0	0	0	0	0	0	0	0	0	0	48	0	0	0	0	0	0	0	0	96	0	0	0	0	0	0	0	0	0	0	192	0	0	0	0	0	0	0	0	0	0	0	0	0	0	0	0	0	0	0	0	0	0	0	0	0	0	0	0	0	0	0	
0	0	500	0	0	96	0	0	0	0	0	0	0	0	0	0	0	0	0	0	0	0	0	0	0	0	0	0	0	0	0	0	0	0	0	0	0	0	0	0	0	0	0	0	0	0	0	0	0	0	0	0	0	0	0	0	0	0	0	0	0	0	0	0	0	0	0	0	0	0	0	0	0	0	0	0	0	0	0	96	
0	0	0	0	0	0	0	0	0	0	0	0	0	0	0	0	0	0	0	0	0	0	0	0	48	0	0	0	0	0	0	0	0	0	0	0	0	0	500	192	0	0	0	0	0	0	0	0	0	0	0	0	0	0	0	0	0	0	0	0	0	0	0	0	0	0	0	0	0	0	0	0	0	0	0	0	0	192	192	0	
0	0	0	0	0	0	0	0	96	0	0	0	0	0	0	0	0	500	0	0	0	0	0	0	0	0	0	0	0	0	0	0	0	0	0	0	0	0	0	0	0	0	0	0	0	0	0	0	0	0	0	0	0	0	0	0	0	0	0	0	0	0	0	0	0	0	0	0	0	0	192	0	0	0	0	0	0	0	0	0	
0	0	0	0	0	0	0	0	0	0	0	0	0	500	0	0	0	0	192	0	0	0	0	0	0	0	0	0	0	0	0	0	0	0	0	0	0	0	0	0	0	0	0	0	0	0	0	0	0	0	0	0	0	0	0	0	0	0	0	0	0	0	0	0	0	0	0	0	0	0	0	0	0	0	0	0	0	0	0	0	
0	0	0	0	0	0	0	0	0	0	0	0	0	0	0	0	0	0	0	96	0	96	0	0	0	0	0	0	0	0	0	0	0	0	0	0	0	0	0	0	0	0	0	0	0	0	0	0	0	0	0	0	0	0	0	0	0	0	0	0	0	0	0	0	0	0	0	0	0	0	0	0	0	0	0	0	0	0	0	0	
0	0	0	0	96	0	0	0	0	0	0	0	0	0	0	0	0	0	0	0	0	0	0	0	0	0	0	0	0	0	0	96	0	0	0	0	0	0	0	0	0	0	0	0	0	0	0	0	500	0	0	0	0	0	0	0	0	0	0	0	0	0	48	0	0	0	0	0	96	0	0	0	0	0	0	0	0	0	0	0	
0	0	0	0	0	0	0	0	0	0	0	0	500	0	0	0	0	0	0	0	0	0	0	0	0	0	0	0	0	0	0	0	0	500	0	0	0	0	0	48	0	0	0	0	0	0	0	0	0	0	0	0	0	0	0	0	0	0	0	0	0	0	0	0	0	0	0	0	0	0	0	0	0	0	0	0	0	0	0	0	
0	0	0	0	0	0	0	0	0	0	0	0	192	0	0	0	0	0	0	0	0	0	0	0	0	0	0	0	0	0	0	0	0	192	0	0	0	0	48	0	0	0	0	0	0	0	0	0	0	0	0	0	0	0	0	0	0	0	0	0	0	0	0	0	0	0	0	0	0	0	0	0	0	0	0	0	0	0	0	0	
0	0	0	0	0	0	0	0	0	0	0	0	0	0	0	0	0	0	0	0	0	0	0	0	0	0	0	0	0	192	0	0	0	0	0	0	0	0	0	0	0	0	0	0	0	0	0	0	0	0	0	0	0	0	0	0	0	0	0	0	0	0	0	0	0	0	0	0	0	96	0	0	0	500	0	0	0	0	0	0	
0	0	0	0	0	0	0	0	0	0	0	0	0	0	0	0	0	0	0	0	0	0	0	0	0	0	48	0	0	0	0	0	0	0	0	0	0	0	0	0	0	0	0	0	0	0	0	0	0	0	0	0	0	0	0	0	500	0	0	0	0	192	0	0	0	0	0	0	0	0	0	0	0	0	0	500	0	0	0	0	
0	0	0	0	0	0	0	0	0	0	0	0	0	48	0	0	0	0	0	0	0	0	0	0	0	0	0	0	0	0	0	0	0	0	0	0	0	0	0	0	0	0	0	0	0	0	500	0	0	0	0	0	0	0	0	0	0	0	0	0	0	0	0	0	0	0	0	0	0	0	0	0	0	0	0	0	0	0	0	0	
0	0	0	0	0	0	96	0	0	0	0	0	0	0	0	0	0	0	0	0	0	0	0	0	0	0	0	0	0	0	0	0	0	0	0	0	0	0	0	0	0	0	0	0	500	0	0	0	0	0	0	0	0	0	0	48	0	0	0	0	0	0	0	0	0	0	0	0	0	0	0	0	0	0	0	0	0	0	0	0	
0	0	0	0	0	0	0	0	0	0	0	0	0	0	0	0	0	0	0	0	0	0	0	0	0	0	0	0	0	0	0	0	0	0	0	0	0	0	0	0	0	0	0	500	0	0	0	0	0	0	0	0	0	0	0	48	0	0	0	0	0	0	0	0	0	0	0	0	0	0	0	0	0	0	0	0	0	0	0	0	
0	0	0	0	0	0	0	0	0	0	0	0	0	0	0	48	0	0	0	0	0	0	0	0	0	0	0	0	48	0	0	0	0	0	0	0	0	0	0	0	0	0	0	0	0	0	0	0	0	0	0	0	0	0	0	0	0	0	0	0	0	0	0	0	0	0	0	0	0	0	0	0	0	0	0	0	0	0	0	0	
0	0	0	0	0	0	0	0	0	0	0	0	0	0	0	0	0	0	0	0	0	0	0	0	0	0	0	0	0	0	0	0	0	0	0	0	0	0	0	0	0	0	500	0	0	0	0	0	0	0	0	0	500	0	0	0	0	0	0	0	0	0	0	0	0	0	0	0	0	0	0	0	0	0	0	0	0	0	0	0	
0	0	0	0	0	0	0	0	0	0	0	0	0	0	0	0	0	0	0	0	0	0	0	0	0	0	0	0	0	500	0	0	0	0	0	0	0	0	0	0	0	0	0	0	0	0	0	0	0	0	0	0	0	0	0	0	0	0	0	0	0	0	0	0	0	0	0	0	0	0	0	0	0	0	0	0	0	48	0	0	
0	0	0	0	0	0	0	0	0	0	0	0	0	0	0	0	0	0	0	0	0	0	500	0	0	0	0	0	0	0	0	192	0	0	0	0	0	500	0	0	0	0	0	0	0	0	0	0	0	0	0	0	0	0	0	0	0	0	0	0	0	0	0	0	0	0	0	0	0	0	0	0	0	0	0	0	0	0	0	0	
0	0	0	0	0	0	0	0	0	0	0	0	0	0	48	0	0	0	0	0	0	0	0	0	0	0	0	0	0	0	0	0	0	0	0	0	0	0	0	0	0	0	0	0	0	0	0	0	0	0	0	0	0	0	0	0	0	0	0	0	0	0	0	0	0	0	0	48	0	0	0	0	0	0	0	0	0	0	0	0	
0	0	48	0	0	96	0	0	0	0	0	0	0	0	0	0	0	0	0	0	0	0	0	0	0	0	0	0	0	0	0	0	0	0	0	0	0	0	0	0	0	0	0	0	0	0	0	0	0	0	0	0	0	0	0	0	0	0	0	0	0	0	0	0	0	0	0	0	0	0	0	0	0	0	0	0	0	0	0	0	
0	0	0	0	0	0	0	0	0	0	0	0	0	0	0	192	0	0	0	0	0	0	0	0	0	0	0	0	48	0	0	0	0	0	0	0	0	0	0	0	0	0	0	0	0	0	0	0	0	0	0	0	0	0	500	0	0	0	0	0	0	96	0	0	0	0	0	0	0	0	0	0	0	0	0	0	0	0	0	0	
0	0	0	0	0	0	0	0	0	96	0	0	0	0	0	0	0	0	0	0	0	0	0	0	0	0	0	0	0	0	0	0	0	0	0	0	0	0	0	0	0	0	0	0	0	0	500	0	0	0	0	0	0	0	0	0	0	0	0	0	0	0	0	0	0	0	0	0	0	0	0	0	0	0	0	0	0	0	0	0	
0	0	96	0	0	48	0	0	0	0	0	0	0	0	0	0	0	0	0	0	0	0	0	0	0	0	0	0	0	0	0	0	0	0	0	0	0	0	0	0	0	0	0	0	0	0	0	0	0	0	0	0	0	0	0	0	0	0	0	0	0	0	0	0	0	0	0	0	0	0	0	0	0	0	0	0	0	0	0	0	
0	0	0	0	0	0	0	0	0	0	0	0	0	0	0	0	0	0	0	0	0	0	0	0	0	0	0	0	0	0	0	0	0	0	0	0	0	0	0	0	0	0	0	0	0	0	0	0	0	0	0	500	0	0	0	0	500	48	0	0	0	0	0	0	0	0	0	0	0	0	96	0	48	0	0	0	0	0	0	0	
0	0	0	0	0	0	0	0	0	0	0	0	0	0	0	0	0	0	0	0	0	0	0	0	0	0	0	0	0	0	0	0	0	0	0	0	0	0	0	0	0	0	0	48	48	0	0	0	0	0	0	0	0	0	0	0	0	0	0	0	0	0	0	0	0	0	0	0	0	0	0	0	0	0	0	0	0	0	0	0	
0	0	0	0	0	0	0	0	0	0	0	0	0	0	0	0	0	0	0	0	0	0	0	0	0	0	96	0	0	0	0	0	0	0	0	0	0	0	0	0	0	500	0	0	0	0	0	0	0	0	0	0	0	0	500	0	0	0	0	0	0	0	0	0	0	0	0	0	0	0	0	0	0	0	0	0	0	0	0	0	
0	0	0	0	0	0	0	0	0	0	0	0	0	0	0	0	0	0	0	0	0	0	0	0	0	0	0	0	0	0	0	0	0	0	0	0	0	0	0	0	0	0	0	0	0	0	0	0	0	0	0	0	0	0	48	0	0	0	0	0	0	0	0	0	0	48	0	0	0	0	0	0	0	0	0	0	0	0	0	0	
0	500	0	0	0	0	0	0	0	0	0	0	0	0	0	0	192	0	0	0	0	0	0	0	0	0	0	0	0	0	0	0	0	0	0	0	0	0	0	0	0	0	0	0	0	0	0	0	0	0	0	0	0	0	0	0	0	0	0	0	0	0	0	0	0	0	0	0	0	0	0	0	0	0	0	0	0	0	0	0	
0	0	0	0	0	0	0	0	0	0	0	96	0	0	0	0	0	0	0	0	0	0	0	0	0	0	0	0	500	0	0	0	0	0	0	0	0	0	0	0	0	0	0	0	0	0	0	0	0	0	0	0	0	0	0	0	0	0	0	0	0	0	0	0	0	0	0	0	0	0	0	0	0	0	0	0	0	0	0	0	
0	0	0	0	0	0	0	96	0	0	0	0	0	0	0	0	0	0	0	0	0	0	500	0	0	0	0	0	0	0	0	0	0	0	0	0	0	0	0	0	0	0	0	0	0	0	0	0	0	0	0	0	0	0	0	0	0	0	0	0	0	0	0	0	0	0	0	0	0	0	0	0	0	0	0	0	0	0	0	0	
0	0	0	0	0	0	500	0	0	0	0	0	0	0	0	0	0	0	0	0	0	0	0	0	0	0	0	0	0	0	0	0	0	0	0	0	0	0	0	0	0	192	0	0	0	0	0	0	0	0	0	96	0	0	0	0	0	0	0	0	0	0	0	0	0	0	0	0	0	0	0	0	0	0	0	0	0	0	0	0	
0	0	0	0	0	0	0	0	0	0	0	0	0	0	0	0	0	0	0	0	0	0	0	0	0	0	0	0	0	0	500	0	0	0	0	0	0	48	0	0	0	0	0	0	0	0	0	0	0	0	0	0	0	0	0	0	0	0	0	0	0	0	0	0	0	0	0	0	0	0	0	0	0	0	0	0	0	0	0	0	
0	0	0	0	0	0	0	0	48	0	0	0	0	0	0	0	0	500	0	0	0	0	0	0	0	0	0	0	0	0	0	0	0	0	0	0	0	0	0	0	0	0	0	0	0	0	0	0	0	0	0	0	0	0	0	0	0	0	0	0	0	0	0	0	0	0	0	0	0	0	0	0	0	0	0	0	0	0	0	0	
48	0	0	0	0	0	0	0	0	0	0	0	0	0	0	0	0	0	0	0	0	0	0	0	48	0	0	0	0	0	0	0	0	0	0	0	0	0	0	0	0	0	0	0	0	0	0	0	0	0	0	0	0	0	0	0	0	0	0	0	0	0	0	0	0	0	0	0	0	0	0	0	0	0	0	0	0	0	0	0	
0	0	0	0	0	0	0	0	0	96	0	0	0	500	0	0	0	0	0	0	0	0	0	0	0	0	0	0	0	0	0	0	0	0	0	0	0	0	0	0	0	0	0	0	0	0	0	0	0	0	0	0	0	0	0	0	0	48	0	0	0	0	0	0	0	0	0	0	0	0	0	0	96	0	0	0	0	0	0	48	
0	0	0	0	0	0	192	0	0	0	0	0	0	0	0	0	0	0	0	0	0	0	0	500	0	0	0	0	0	0	0	0	0	0	0	0	0	0	0	0	0	0	0	0	0	0	0	0	0	0	0	0	0	0	0	0	0	0	0	0	0	0	0	0	0	0	0	0	0	0	0	0	0	0	0	0	0	0	0	0	
0	0	0	0	0	0	0	0	0	0	0	0	0	0	500	0	0	0	0	0	0	0	0	0	0	0	0	0	0	0	0	0	0	0	0	0	0	0	0	0	0	0	0	0	0	0	0	0	0	48	0	0	0	0	0	0	0	0	0	0	0	0	0	0	0	0	0	0	0	0	0	0	0	0	0	0	0	0	0	0	
0	0	0	0	0	0	0	0	0	0	0	0	0	0	0	0	0	0	0	0	0	0	96	0	0	0	0	0	0	0	0	0	0	0	0	0	0	96	0	0	0	0	0	0	0	0	0	0	0	0	0	0	0	0	0	0	0	0	0	0	0	0	0	0	0	0	0	0	0	0	0	0	0	0	0	0	0	0	0	0	
0	0	0	0	0	0	0	0	0	0	0	0	0	0	0	0	0	0	0	0	0	0	0	48	0	0	0	0	0	0	0	0	0	0	0	0	0	0	0	0	96	0	0	0	0	0	0	0	0	0	0	0	0	0	0	0	0	0	0	0	0	0	0	0	0	0	0	0	0	0	0	0	0	0	0	0	0	0	0	0	
0	0	0	192	0	0	0	0	0	0	0	0	0	0	0	0	0	0	0	0	0	0	0	0	0	0	0	0	0	0	0	0	0	0	192	0	0	0	0	0	0	0	0	0	0	0	0	0	0	0	0	0	0	0	96	0	0	0	0	0	0	0	0	0	0	0	0	0	0	0	0	0	0	0	0	0	0	0	0	0	
0	0	0	96	0	0	0	0	0	0	0	0	0	0	0	0	0	0	0	0	0	0	0	0	0	0	0	192	0	0	0	0	0	0	0	0	0	0	0	0	0	0	0	0	0	0	0	0	0	0	0	0	0	0	0	0	0	0	0	0	0	0	0	0	0	0	0	0	0	0	0	0	0	0	0	0	0	0	0	0	
0	0	0	0	0	0	0	0	0	0	0	0	0	0	0	0	0	0	0	0	0	0	0	0	0	0	0	0	0	0	0	0	0	0	0	0	0	0	0	0	0	0	0	0	0	0	0	0	0	0	0	0	0	0	48	0	0	0	0	0	0	0	0	0	0	96	0	0	0	0	0	0	0	0	0	0	0	0	0	0	
0	0	0	0	0	0	0	0	0	0	0	0	0	0	0	0	0	0	0	96	0	0	0	0	0	0	0	0	0	500	0	0	0	0	0	0	0	0	0	0	500	0	0	0	0	0	0	0	0	0	0	0	0	0	0	0	0	0	0	0	0	0	0	0	0	0	0	0	0	0	0	0	0	0	0	0	0	0	0	0	
0	0	0	0	0	0	0	0	0	0	0	0	0	0	0	96	0	0	0	0	500	0	0	0	0	0	0	0	0	0	0	0	0	0	0	0	0	0	0	0	0	0	0	0	0	0	0	0	0	0	0	0	0	0	0	0	0	0	0	0	0	0	0	0	0	0	0	0	0	0	0	0	0	0	0	0	0	0	0	0	
0	0	0	0	0	0	192	0	0	0	0	0	0	0	0	0	0	0	0	0	0	0	0	0	0	0	0	0	0	0	0	0	0	0	0	0	0	0	0	0	0	500	0	0	0	0	0	0	0	0	0	0	0	0	0	0	0	0	0	0	0	0	0	0	0	0	0	0	0	0	0	0	0	0	0	0	0	0	0	0	
0	0	0	0	0	0	0	0	0	0	0	500	0	0	0	192	0	0	0	0	0	0	0	0	0	0	0	0	0	0	0	0	0	0	0	0	0	0	0	0	0	0	0	0	0	0	0	0	0	0	0	0	0	0	0	0	0	0	0	0	0	0	0	0	0	0	0	0	0	0	0	0	0	0	0	0	0	0	0	0	
96	0	0	0	0	0	0	0	0	0	0	0	0	0	0	0	0	0	0	0	0	0	0	0	0	0	0	0	0	0	192	0	0	192	0	0	0	0	0	0	0	0	0	0	0	0	0	48	0	0	0	0	0	0	0	0	0	0	0	0	0	0	0	0	0	0	0	0	0	0	0	0	0	0	0	0	0	0	0	0	
48	0	0	0	0	0	0	0	0	0	0	0	0	0	0	0	0	0	0	0	0	0	0	0	0	0	0	0	0	0	192	0	0	192	0	0	0	0	0	0	0	0	0	0	0	0	0	0	0	0	0	0	0	0	0	0	0	0	0	0	0	0	0	0	0	0	0	0	0	0	0	0	0	0	0	0	0	0	0	0	
0	0	0	0	0	0	0	0	0	0	0	0	0	0	0	0	0	0	0	0	0	48	0	0	0	0	0	0	0	0	0	0	96	0	0	0	0	0	0	0	0	0	0	0	0	0	0	0	0	0	0	0	0	0	0	0	0	0	0	0	0	0	0	0	0	48	0	0	0	0	0	0	0	0	0	0	0	0	0	0	
37	18	72	2	17	1	28	28	70	21	37	50	32	28	18	0	11	17	79	36	53	34	73	74	27	12	13	15	57	60	25	1	13	16	9	13	36	51	58	63	11	19	42	37	47	62	5	11	12	79	56	63	32	36	0	77	40	74	43	35	49	15	37	61	7	78	75	41	40	38	10	3	1	2	48	57	63	64	73	55	30	30	18	27	45	39	9	17	23	42	26	7	57	2	50	9	50	78	30	5	61	25	43	24	24	34	39	62	0	52	14	20	50	78	62	56	58	43	34	54	70	42	9	12	3	7	31	23	14	30	66	35	51	78	29	13	0	51	63	67	2	57	20	34	38	15	10	70	56	65	61	77	71	75	26	51	78	60	78	21	58	0	54	17	10	20	16	4	9	52	8	26	69	15	60	49	59	65	23	37	40	55	8	52	24	62	27	58	73	19	14	53	56	18	28	33	50	42	52	44	35	7	66	34	41	70	20	1	33	20	54	37	40	62	21	12	27	17	46	66	22	74	78	69	39	22	3	2	75	2	73	69	78	75	77	11	63	14	13	50	25	8	53	38	10	6	18	53	46	53	49	12	36	2	48	55	7	42	59	51	53	11	63	62	10	32	26	37	5	71	71	36	1	61	53	40	28	31	0	63	35	75	54	6	2	76	67	41	71	16	20	70	15	36	70	9	71	54	39	0	76	65	66	7	74	3	71	11	79	25	0	75	24	17	28	17	66	38	22	29	25	55	14	57	75	47	30	21	5	60	5	27	20	12	47	11	68	26	25	0	52	37	32	55	47	72	66	62	18	34	11	33	60	62	24	62	72	11	71	65	20	68	36	40	77	24	28	48	32	66	60	5	57	33	2	52	22	64	74	11	20	78	1	55	64	23	52	4	70	71	17	63	20	29	52	6	39	5	58	6	28	27	65	27	79	78	4	34	31	10	18	25	71	11	56	61	52	32	49	10	69	21	28	30	5	39	37	5	18	50	41	45	9	53	22	2	39	44	8	34	8	20	28	9	74	42	31	5	74	43	63	50	21	4	56	78	39	1	71	5	47	1	25	53	23	16	60	42	15	75	60	18	3	47	6	25	63	41	8	61	33	38	62	74	6	35	69	62	10	61	26	6	12	33	27	30	55	12	35	35	41	75	66	3	46	60	50	11	5	74	18	71	57	3	62	20	56	36	35	16	30	10	62	56	10	2	61	24	23	73	76	29	19	61	40	21	11	9	79	45	75	43	60	1	49	48	78	47	75	54	18	67	3	72	3	74	57	68	16	35	40	55	5	72	78	63	31	9	56	39	44	16	51	13	72	12	43	63	16	42	78	72	66	71	57	23	57	78	41	7	36	79	59	71	79	36	43	66	56	29	55	54	27	5	27	17	37	73	38	78	35	39	3	12	35	11	16	6	48	51	58	43	9	60	30	55	59	50	72	54	49	66	70	39	10	58	53	21	2	22	34	79	71	52	9	49	52	33	72	55	56	57	60	0	32	42	2	40	7	48	7	11	28	40	39	24	43	16	32	27	65	21	15	48	28	51	48	38	23	8	33	73	66	16	31	22	71	25	71	10	20	63	22	1	39	31	8	58	60	8	43	49	33	52	60	19	33	67	40	61	43	63	43	44	12	8	52	61	79	9	46	61	35	63	54	9	68	8	75	62	47	32	40	41	50	21	75	7	24	35	17	53	0	8	22	64	23	33	73	53	8	73	69	65	18	16	8	17	33	49	62	50	35	25	54	49	51	54	75	75	48	69	11	77	22	2	2	4	35	26	47	30	50	75	29	6	18	2	74	10	0	43	51	55	23	20	4	42	38	9	76	17	9	23	54	39	61	45	15	10	64	21	22	7	14	46	70	28	68	21	45	20	31	70	72	13	13	63	4	21	74	76	29	7	35	59	33	2	37	72	13	65	46	33	62	50	26	2	65	35	54	9	50	63	0	67	31	69	19	43	53	64	14	33	64	31	30	16	46	77	46	5	44	73	29	14	39	30	71	23	60	11	57	46	71	43	17	64	22	13	59	73	54	77	68	70	52	39	73	69	60	42	72	35	44	18	77	28	33	43	5	29	40	20	78	52	30	25	51	30	63	22	19	55	41	74	59	77	25	17	70	12	27	40	35	66	61	43	78	59	29	9	36	68	37	46	67	28	69	39	71	45	72	49	45	22	60	8	34	20	46	59	68	51	59	22	47	49	47	22	0	75	41	8	53	28	52	73	9	68	29	22	27	46	3	76	72	55	65	24	43	61	5	71	51	76	28	6	28	34	66	2	35	11	38	8	38	69	35	5	1	61	71	6	33	31	14	40	19	8	39	56	69	6	13	51	19	6	46	23	74	68	6	15	23	61	36	57	8	31	19	66	9	71	65	7	7	1	59	54	0	43	61	26	47	65	22	49	4	48	1	8	41	22	59	13	60	0	19	27	59	10	4	48	50	2	45	9	63	36	56	20	13	78	53	60	59	28	63	16	5	44	69	75	25	74	50	11	2	20	19	62	31	38	23	47	29	46	41	13	23	72	71	35	44	50	78	32	56	73	58	15	40	41	57	79	42	31	25	43	26	57	4	66	69	51	74	47	24	59	54	65	17	30	54	19	59	24	23	36	6	38	38	64	12	38	79	51	28	37	49	76	66	63	70	23	27	1	62	0	20	73	69	38	27	68	55	21	76	62	66	73	36	53	35	1	49	53	6	57	31	43	42	78	59	6	26	76	2	64	67	2	34	56	52	28	22	43	24	39	30	5	14	0	52	36	0	36	7	36	30	0	67	35	36	48	5	61	14	51	42	32	42	5	64	56	68	35	67	67	27	42	48	14	58	39	21	69	63	7	13	37	71	55	71	60	31	68	16	22	3	11	3	49	17	25	63	42	6	27	0	29	62	63	36	7	72	16	38	6	79	12	53	55	1	64	13	6	11	41	60	16	57	20	62	19	73	14	0	44	40	37	79	7	51	52	8	1	54	73	41	40	16	65	14	25	60	74	4	32	56	31	25	11	48	62	25	70	50	68	1	79	60	47	46	18	56	58	46	29	70	3	77	28	65	8	72	29	24	36	76	76	6	54	55	39	56	9	37	58	45	59	51	67	48	42	79	62	79	1	20	25	39	15	49	48	52	15	3	17	69	64	21	9	5	13	38	36	1	69	34	63	72	52	71	8	53	6	16	59	70	58	12	70	40	27	7	22	24	72	15	55	18	45	79	38	53	70	70	49	28	50	16	37	68	61	11	78	12	3	3	10	31	51	37	5	59	25	46	76	13	49	11	14	65	58	74	53	22	32	7	32	7	32	16	44	2	7	0	69	19	65	54	9	72	13	78	4	15	55	22	20	3	44	9	21	49	73	22	5	24	59	25	0	67	15	32	68	16	18	6	29	12	1	58	57	67	41	25	53	67	7	30	44	41	40	8	78	2	9	51	38	27	39	12	65	32	63	49	13	31	46	14	6	69	49	32	42	47	5	4	54	41	39	72	54	33	68	72	71	4	41	17	23	47	3	32	3	62	64	35	71	79	43	70	1	31	66	38	77	11	2	49	8	16	72	19	32	58	66	9	50	39	43	16	42	52	17	6	6	29	65	6	2	33	57	31	60	11	36	78	16	73	16	78	76	55	11	46	76	68	64	42	14	27	62	64	30	26	64	76	10	45	36	59	30	19	40	74	24	39	71	54	20	23	0	29	16	16	78	27	24	14	48	61	42	0	65	49	67	17	48	19	14	62	8	0	59	54	56	5	21	68	27	16	57	23	16	77	5	73	51	41	6	58	32	49	72	37	54	35	72	9	33	11	68	49	77	22	25	58	57	49	19	19	17	58	48	23	1	77	44	68	40	7	68	71	2	6	54	44	28	22	15	34	50	52	11	20	3	77	8	0	11	15	18	2	55	38	39	57	68	79	51	32	62	23	4	5	36	28	6	68	50	42	23	12	37	14	3	24	74	37	8	54	78	29	18	51	46	50	31	75	39	65	75	44	38	24	68	19	24	19	39	13	58	15	15	55	57	25	60	13	2	63	41	61	34	44	67	4	70	31	72	47	11	53	37	58	14	58	22	67	76	26	8	39	3	37	73	3	14	53	54	19	43	57	27	21	71	61	53	6	15	30	2	67	64	41	63	25	24	76	24	20	18	67	75	18	28	12	52	0	20	2	1	74	37	68	46	47	45	62	56	26	25	61	30	25	7	15	42	56	18	32	12	70	25	77	78	62	71	67	64	14	10	32	12	18	0	0	66	9	20	16	45	46	21	62	42	63	30	70	23	73	46	37	16	24	16	72	67	11	3	60	44	
31	72	57	78	54	44	52	58	69	33	29	2	6	32	44	17	66	18	43	48	1	47	17	23	13	50	25	47	79	66	11	2	79	74	48	57	71	65	65	75	48	18	24	68	3	20	29	42	56	65	25	56	57	3	37	39	46	1	26	47	66	53	18	26	60	72	21	32	38	35	44	26	40	15	64	50	60	5	26	16	75	78	68	14	14	51	70	20	61	45	41	12	50	21	22	78	37	36	54	68	65	50	51	70	61	26	69	61	35	68	37	67	59	24	44	65	15	33	35	15	72	70	52	38	31	50	7	32	28	60	53	69	41	62	7	31	47	34	70	22	70	15	12	68	56	31	65	1	78	11	14	22	17	12	28	77	9	59	21	78	0	65	16	35	63	7	24	53	14	70	37	11	7	7	32	17	51	19	51	13	10	19	22	26	70	31	33	65	48	34	63	74	17	20	25	62	65	13	22	7	58	24	65	46	37	28	18	11	58	36	50	39	3	71	42	60	9	48	36	50	4	54	39	51	62	51	78	23	32	0	1	39	3	70	10	45	15	31	32	34	14	18	78	30	57	9	12	58	56	45	67	0	53	39	28	72	57	47	49	28	13	64	74	52	57	18	63	58	71	30	12	6	15	13	71	49	44	39	58	53	21	55	79	27	51	36	30	11	33	9	16	46	70	45	47	78	76	59	18	19	27	26	52	55	46	52	13	50	43	19	54	78	46	14	73	3	14	63	45	10	38	31	13	45	60	23	17	21	44	48	2	42	13	35	9	69	73	73	64	16	8	59	79	67	21	2	15	24	39	39	73	55	7	3	38	73	32	62	0	24	57	35	79	29	59	10	28	16	33	43	64	58	34	65	4	53	8	67	50	10	76	12	18	16	6	35	13	19	16	34	28	41	3	67	9	45	7	13	27	56	70	10	45	34	9	67	39	69	25	65	18	57	78	29	40	39	50	32	48	9	61	35	53	23	26	31	31	43	48	45	8	45	40	54	55	55	77	35	7	17	6	28	32	36	45	60	27	26	26	27	65	76	24	33	27	66	30	41	19	53	69	26	49	63	72	31	78	72	46	63	67	42	48	21	58	61	57	72	43	11	0	2	15	12	79	28	47	42	15	79	20	45	8	5	55	46	36	21	34	71	28	73	61	49	8	74	49	67	18	65	56	25	67	70	57	9	51	68	15	15	13	35	18	65	7	76	75	26	13	24	3	67	22	79	68	36	60	76	38	54	24	6	49	3	51	40	33	36	69	41	44	48	40	20	61	3	36	48	59	67	35	23	65	28	62	35	39	52	30	43	23	70	11	25	72	11	31	6	21	11	35	75	22	63	16	49	52	65	78	33	9	41	71	20	44	1	67	35	8	65	12	55	5	3	43	57	76	47	41	50	7	47	46	58	61	75	20	44	41	61	68	16	35	44	55	14	36	20	69	49	22	44	56	48	64	61	8	54	61	17	48	58	69	32	71	38	33	68	54	68	59	21	56	27	59	77	52	21	57	36	4	43	32	67	64	54	25	4	3	79	59	15	35	79	17	14	60	47	67	42	53	24	26	58	72	3	79	42	30	41	43	0	0	19	72	71	54	9	14	56	10	6	70	43	52	2	73	9	62	37	65	12	49	58	53	45	6	72	48	36	53	10	58	42	72	23	29	57	72	42	64	41	78	42	46	4	50	33	47	2	46	72	76	12	10	9	30	28	33	75	47	59	58	40	22	1	14	25	46	39	72	71	15	71	79	43	35	73	29	14	1	23	10	56	52	25	32	4	52	9	8	58	74	47	59	35	15	20	65	39	45	2	20	33	60	2	13	8	21	12	52	39	65	57	67	69	73	35	51	13	55	18	77	38	35	0	73	26	70	53	49	19	73	27	14	56	37	74	24	67	52	43	57	61	29	56	10	31	11	74	3	2	71	25	46	47	24	14	36	31	25	35	62	59	33	16	36	12	27	63	48	27	0	24	59	65	55	4	13	38	59	14	32	53	51	76	61	70	58	41	45	17	41	45	8	1	7	66	56	77	15	49	69	48	56	33	41	49	13	46	14	10	71	30	74	21	77	28	57	57	26	65	34	64	22	21	15	19	74	50	56	59	15	0	55	33	30	56	53	62	33	52	59	43	64	28	17	65	68	26	49	25	6	70	68	60	64	74	18	3	25	78	54	6	12	43	22	16	65	44	30	25	50	7	53	25	6	55	5	75	56	20	55	54	32	8	3	53	71	27	3	63	70	55	16	47	6	68	34	44	49	44	36	32	79	23	61	68	57	31	54	18	40	76	41	33	22	71	47	11	43	74	17	25	32	14	55	20	78	74	60	53	14	26	6	53	74	36	1	28	41	4	20	21	54	64	41	56	9	35	25	62	12	70	44	79	70	49	12	54	18	77	50	74	72	4	38	38	65	79	66	33	6	69	79	6	17	50	70	44	74	12	31	13	26	15	20	3	26	33	77	37	67	77	5	13	31	44	19	52	22	22	65	51	65	20	7	35	9	16	47	77	55	66	2	74	37	52	41	3	59	30	60	65	18	10	69	29	35	64	61	16	39	42	60	2	56	0	28	14	62	76	54	60	18	70	34	36	77	39	42	1	72	73	55	10	77	36	18	42	52	2	51	8	54	59	68	14	12	73	30	6	15	52	9	55	57	6	63	11	18	55	41	43	3	32	48	48	69	43	76	19	34	0	7	13	17	9	58	23	13	31	29	58	30	9	10	15	77	67	74	63	36	3	21	67	27	36	5	67	74	31	3	58	61	60	72	16	42	53	12	29	59	17	57	44	58	60	8	52	31	29	33	48	35	29	62	71	79	54	40	68	61	64	71	46	4	37	53	47	15	77	27	0	54	65	34	59	51	75	2	7	13	4	37	14	15	36	4	57	65	20	71	17	12	46	56	15	25	74	48	12	2	2	40	64	15	78	24	70	57	24	26	22	41	24	38	9	8	55	7	7	64	79	36	11	40	41	54	60	43	13	8	53	1	52	65	61	4	40	43	79	59	33	46	18	49	25	37	32	14	72	7	35	75	24	45	2	2	49	34	39	42	76	13	11	14	19	7	7	22	15	27	20	27	72	0	43	22	7	16	21	33	38	35	27	52	45	36	54	40	6	58	63	70	41	46	47	39	79	27	62	69	35	72	23	40	59	31	18	41	66	24	55	17	16	13	1	74	79	7	39	75	24	63	20	47	18	45	15	30	25	43	2	17	51	2	39	2	27	26	37	56	74	13	22	14	72	52	35	12	79	72	53	27	7	65	5	5	41	73	44	18	47	56	67	26	1	25	51	72	25	51	21	37	15	79	50	40	29	40	19	76	27	37	16	41	67	0	20	56	13	49	23	50	2	3	65	49	44	77	13	12	51	72	18	14	1	63	27	31	47	73	79	57	36	48	25	51	59	44	32	40	45	7	62	0	50	74	76	52	68	30	20	61	11	75	77	21	16	75	1	19	13	7	57	66	11	39	78	42	17	21	9	37	27	42	67	58	47	30	36	20	41	44	39	11	47	43	4	56	44	52	20	68	57	65	15	57	62	59	64	47	52	27	78	47	5	42	36	66	26	64	73	33	10	55	72	22	33	55	8	40	37	42	35	34	66	57	19	44	46	13	63	0	68	30	49	53	45	70	50	22	49	62	27	11	57	15	53	13	79	65	57	6	59	30	32	29	39	46	19	13	44	43	59	46	49	14	49	25	1	16	14	8	69	73	74	34	5	52	64	50	75	71	72	32	63	30	58	37	42	48	1	75	70	71	4	57	27	27	30	74	67	71	38	54	70	18	54	55	78	22	24	20	19	75	19	40	63	11	65	74	58	79	59	37	77	47	74	2	18	22	55	40	66	75	11	34	36	7	47	24	68	68	76	35	24	28	75	12	12	5	69	76	70	75	51	13	49	21	30	71	22	77	14	3	77	59	30	26	32	41	37	70	70	0	62	15	27	9	0	45	22	60	38	59	32	52	7	34	51	55	78	57	23	65	18	75	70	73	13	32	56	41	56	65	6	73	61	39	58	20	35	44	29	1	20	8	55	25	25	67	1	39	75	9	37	34	3	48	43	52	10	2	45	69	40	9	51	31	8	61	23	43	2	39	33	66	15	49	74	60	23	66	76	35	53	37	64	48	16	2	62	59	19	66	31	63	69	46	77	50	65	32	64	16	14	48	50	16	71	7	43	44	19	62	21	61	28	14	8	75	59	65	29	64	25	46	78	69	79	32	36	18	38	32	23	33	39	5	0	11	43	10	25	41	11	54	74	3	48	68	13	19	67	13	58	50	61	72	11	40	22	64	24	
21	23	36	34	40	27	25	21	20	22	23	39	40	33	27	39	39	39	35	39	22	32	40	20	22	31	21	27	25	23	27	40	33	29	32	40	21	39	38	36	24	33	36	28	40	40	24	20	37	39	33	39	23	28	34	40	20	37	26	34	24	38	30	31	39	31	34	30	25	39	38	39	22	25	26	20	25	23	36	23	35	34	29	25	20	38	32	32	31	36	21	26	25	23	40	28	33	24	23	30	40	35	40	32	31	40	21	34	37	35	37	30	33	34	26	35	24	31	38	26	24	38	31	28	34	22	35	36	24	26	40	34	32	32	33	26	30	28	23	39	31	27	35	26	28	21	40	31	28	38	23	39	34	33	27	36	28	39	24	35	32	23	40	40	39	38	37	23	28	31	35	22	25	28	25	40	39	25	29	30	22	20	25	33	22	36	39	39	40	40	37	38	35	30	30	21	23	24	28	21	33	20	28	23	40	30	22	34	35	39	38	20	38	21	23	25	36	33	21	39	24	37	20	39	29	33	32	24	20	24	34	35	20	24	26	24	31	26	21	37	29	27	25	34	27	26	21	40	24	36	21	33	21	32	30	35	26	37	29	25	26	25	28	34	23	27	36	33	29	22	30	21	26	29	27	30	26	20	32	37	34	26	35	38	37	24	39	22	33	29	27	31	25	40	20	36	26	37	26	35	21	24	28	28	31	20	31	22	36	33	23	28	35	22	21	37	20	25	30	39	25	22	28	27	21	27	30	36	39	33	24	25	25	27	33	36	21	32	40	26	39	34	31	30	25	31	25	39	23	37	30	25	22	28	26	28	22	20	34	31	20	21	40	27	30	28	32	38	28	24	25	30	33	25	23	31	31	38	32	28	40	38	36	32	27	36	31	39	29	39	39	24	36	28	39	23	36	23	38	24	29	31	32	38	24	38	33	22	35	24	30	40	30	20	25	36	21	24	29	28	28	23	26	26	29	26	36	24	27	36	20	34	29	30	32	25	23	33	23	25	30	22	36	30	21	32	22	26	39	39	34	31	39	34	31	37	32	23	29	25	26	34	27	21	20	35	20	37	27	29	27	31	27	23	35	36	32	39	28	33	33	39	37	20	29	35	35	29	29	24	36	24	28	30	20	23	28	34	20	33	23	20	28	28	25	24	36	20	32	40	37	32	36	32	31	36	27	21	24	38	32	29	39	29	22	24	33	22	35	38	32	33	34	33	26	20	20	20	35	20	28	34	21	28	23	22	23	29	21	39	29	33	25	38	40	30	26	22	27	29	34	40	22	38	24	33	30	24	24	21	32	24	29	23	34	28	27	40	23	30	40	26	23	24	34	30	33	38	40	38	38	26	27	28	22	30	33	26	40	36	22	39	36	37	21	27	40	37	21	35	25	33	38	37	21	35	35	39	20	35	40	23	27	30	22	34	37	28	38	27	31	31	33	39	27	32	36	30	20	30	35	28	23	23	40	25	38	26	20	23	29	37	37	32	28	28	37	30	29	27	37	34	32	26	26	36	27	27	30	26	30	25	39	32	40	36	40	29	21	24	27	24	28	34	36	24	36	34	28	25	40	31	20	20	31	25	20	20	32	26	22	35	32	37	40	34	27	27	39	36	40	23	22	34	33	28	37	39	40	35	27	30	36	28	35	25	20	37	21	35	22	25	40	30	40	29	34	38	30	35	32	25	21	34	22	33	36	25	29	28	40	35	39	38	28	22	38	29	32	24	27	38	24	33	22	36	27	32	33	33	21	33	28	30	26	25	32	40	32	33	38	20	23	30	22	37	21	30	32	33	30	32	20	20	29	20	38	21	36	35	22	31	36	27	27	30	31	20	22	27	23	26	35	20	34	28	28	38	26	27	39	27	39	20	35	33	21	30	23	39	29	40	34	32	35	32	38	38	35	29	26	36	32	39	38	29	38	22	34	34	30	38	33	34	38	21	33	25	33	31	38	27	33	30	23	28	33	37	27	33	27	21	20	25	32	30	31	32	38	20	38	34	33	30	28	23	36	24	28	32	29	20	31	39	37	31	38	27	32	34	32	36	30	32	22	36	38	23	40	35	26	39	24	28	38	40	27	38	20	31	23	31	31	27	30	35	26	29	20	20	26	30	23	26	22	34	32	32	31	24	36	25	26	40	39	38	32	40	22	22	20	39	32	24	22	27	31	35	25	29	23	22	29	23	28	37	21	26	38	21	27	20	21	36	40	34	33	36	36	30	26	37	23	31	37	31	28	32	25	38	35	28	38	32	32	28	35	27	34	22	27	37	39	27	32	40	34	32	38	20	20	35	28	34	38	29	23	22	40	31	31	30	29	20	35	29	20	37	31	30	21	30	37	25	28	38	29	30	29	22	23	25	23	38	34	28	23	37	23	20	30	26	26	26	34	23	26	34	29	31	38	33	39	24	39	32	38	32	38	25	28	34	35	26	35	27	21	38	37	25	20	23	25	27	38	23	28	33	36	39	27	20	30	20	40	31	37	25	21	33	30	33	38	24	32	39	30	27	29	29	38	36	26	38	37	30	34	36	38	34	22	23	29	28	37	20	34	24	31	28	34	26	39	26	28	37	32	31	21	34	27	36	30	32	26	38	38	26	34	38	37	20	38	40	21	23	37	25	20	22	23	37	29	40	38	31	32	26	25	37	32	36	21	23	39	30	31	27	29	24	28	20	34	22	25	37	33	23	29	35	37	40	26	36	37	36	22	20	24	24	38	21	37	24	22	33	27	26	39	28	40	33	30	31	30	31	23	26	40	38	30	29	29	21	32	25	23	33	30	40	27	39	31	31	28	35	28	22	28	37	27	26	29	24	22	36	21	28	39	20	35	36	40	40	40	35	37	38	32	39	22	31	35	27	28	34	38	30	37	34	33	33	35	28	21	33	40	21	34	23	32	40	20	20	26	28	22	38	20	20	22	23	35	33	22	33	23	33	30	28	34	38	39	36	27	32	38	36	35	20	23	34	25	31	39	21	38	26	32	40	40	34	22	38	37	23	30	24	30	24	28	30	30	36	24	29	27	40	36	21	30	24	39	37	35	39	28	28	22	21	30	23	34	22	34	36	26	31	33	25	39	34	35	40	23	39	35	29	20	30	35	34	20	22	26	39	24	24	26	25	27	39	39	39	32	26	39	31	20	20	33	31	40	40	35	20	32	36	26	32	38	35	20	37	27	34	27	24	33	27	27	40	23	25	32	36	21	33	31	23	40	40	33	27	25	22	31	21	25	38	39	21	32	36	26	39	26	22	25	38	40	27	37	24	35	21	37	37	40	28	33	36	33	21	30	34	28	36	26	39	31	39	36	34	26	31	23	24	29	38	26	28	20	37	39	39	34	32	30	32	23	38	31	26	33	24	22	22	38	38	33	36	34	24	30	38	39	35	24	20	27	31	40	38	35	23	34	35	37	24	31	23	38	35	36	30	24	29	37	28	40	37	26	29	29	21	30	37	35	39	38	40	39	22	31	36	34	23	37	30	23	39	29	37	21	40	40	30	24	28	23	29	24	31	29	34	30	23	31	27	25	37	32	22	21	23	24	34	21	34	29	31	30	40	39	31	32	24	30	24	38	35	40	20	37	34	34	36	35	28	21	33	28	36	20	20	34	23	20	34	29	34	25	23	36	35	34	40	20	29	24	28	37	35	36	31	37	39	24	22	34	24	34	22	30	34	40	22	35	26	26	25	22	20	40	21	40	37	37	37	40	21	21	29	26	29	26	40	34	39	33	30	25	30	32	40	32	25	21	33	20	39	30	38	33	29	34	22	30	25	21	33	25	39	23	20	36	22	34	39	26	40	22	22	35	27	36	20	28	37	38	26	22	35	28	36	37	32	21	23	35	20	30	31	38	36	40	30	25	22	31	29	32	27	28	36	33	39	34	21	29	40	21	32	26	34	34	34	20	28	26	26	30	35	29	34	26	25	29	20	32	22	33	31	36	22	22	26	30	34	34	39	25	28	39	21	30	36	21	21	28	32	21	29	36	28	36	24	23	40	29	30	33	20	34	36	22	31	20	38	40	31	24	28	22	28	20	23	25	32	32	30	31	22	21	39	33	20	29	32	34	39	40	26	28	38	32	31	24	26	33	31	32	37	25	34	39	34	33	21	28	24	29	29	33	40	36	27	23	24	31	35	29	31	28	40	35	39	37	35	24	21	32	25	38	37	20	24	32	23	24	24	25	24	26	20	28	36	23	37	23	40	23	40	26	40	30	33	30	39	26	22	36	22	26	20	21	25	22	23	33	31	31	37	27	39	38	34	38	31	21	37	24	39	20	32	
13	32	13	34	23	35	35	23	25	23	25	26	19	49	36	30	23	12	30	21	11	21	48	24	20	17	46	14	29	35	19	42	26	16	11	17	47	13	17	17	44	38	43	43	39	47	36	42	48	37	42	24	26	11	18	14	14	32	40	22	48	23	21	25	37	38	15	17	42	46	26	35	27	41	16	35	21	30	26	12	11	45	26	29	41	35	45	12	19	27	35	32	17	16	43	49	42	29	47	46	44	41	10	23	44	33	28	16	33	37	25	34	24	15	43	41	21	21	29	31	30	46	25	50	48	34	15	46	28	16	29	49	33	16	36	24	33	11	49	22	23	30	46	14	22	49	25	21	26	47	44	25	27	27	32	29	12	15	22	43	23	12	21	39	13	24	11	44	38	17	43	48	18	36	42	46	21	12	15	38	11	26	31	30	14	41	16	13	30	11	43	44	15	44	28	10	34	44	20	35	29	41	21	16	23	35	35	42	20	29	16	15	37	35	32	50	10	15	31	31	28	10	42	12	39	43	19	50	21	23	34	44	12	29	35	44	48	39	35	40	35	47	49	36	16	14	20	39	11	20	48	12	22	31	39	16	42	36	39	21	42	22	47	23	13	24	17	45	16	34	46	43	34	45	44	15	27	14	46	10	36	26	29	44	20	46	28	35	11	36	19	18	34	11	48	18	20	13	10	41	28	42	48	45	21	34	36	29	48	13	33	30	48	12	36	20	20	10	20	47	24	20	10	36	33	10	40	25	21	18	25	50	30	40	36	11	17	11	14	10	34	42	32	14	27	49	31	46	48	48	29	24	18	19	25	28	37	48	35	37	42	17	35	35	27	40	20	17	16	28	45	33	46	37	25	24	41	23	18	24	19	16	34	43	30	42	36	41	32	23	27	28	39	29	10	41	29	31	22	25	48	14	44	44	46	11	45	28	45	46	16	42	44	34	29	18	47	38	35	28	36	17	46	23	41	35	34	22	41	31	45	32	17	48	39	16	22	24	24	16	26	47	29	21	17	22	25	33	15	16	45	34	47	37	45	28	33	45	39	14	50	11	11	41	41	50	50	24	34	13	22	47	21	47	37	37	27	40	36	11	12	39	35	12	19	35	45	45	44	47	35	30	34	42	21	46	18	49	39	32	28	50	44	43	48	32	25	37	50	37	32	20	16	43	50	50	11	49	17	29	30	19	36	24	39	10	38	44	24	15	27	36	10	30	50	49	14	14	23	41	43	32	25	32	32	17	30	28	12	49	37	17	17	24	35	32	34	27	34	47	16	27	49	29	47	39	13	28	46	13	43	46	32	45	18	42	38	14	49	14	26	23	45	11	34	40	20	49	33	32	19	40	43	46	44	16	27	32	34	48	31	50	39	36	47	37	22	46	31	11	48	12	31	23	42	17	28	37	28	38	46	34	38	29	39	19	24	42	46	28	27	31	24	29	21	17	32	14	10	46	28	39	28	25	13	28	50	28	34	43	38	44	28	23	21	17	13	48	33	12	41	31	11	22	25	35	11	32	26	19	25	38	26	25	43	18	11	27	22	40	31	39	11	22	48	49	22	39	42	30	32	19	41	37	32	16	50	33	12	46	14	39	47	26	12	32	15	17	11	20	20	17	25	44	43	15	11	19	10	19	33	17	12	18	40	15	27	17	35	17	36	43	25	46	28	14	23	37	13	26	40	46	15	43	24	28	22	19	45	36	30	33	21	38	39	14	17	37	33	19	49	14	13	38	47	18	32	29	37	21	24	49	46	43	10	24	34	19	32	29	37	18	12	34	36	22	20	32	50	21	19	28	47	13	19	16	33	25	29	44	50	43	26	39	24	13	49	12	43	30	14	49	33	13	10	28	22	39	40	45	13	48	49	38	48	25	44	30	45	46	22	43	17	11	41	34	43	35	30	45	36	16	43	42	10	15	25	18	50	27	20	49	46	46	43	44	15	21	48	36	45	10	13	31	39	16	14	46	48	38	47	34	42	11	48	44	39	28	38	39	24	47	13	37	14	34	44	18	10	37	35	18	13	19	34	21	21	39	14	20	37	42	12	25	49	20	11	50	33	46	43	47	30	28	31	46	45	43	34	28	19	12	17	41	16	19	28	31	41	16	37	10	19	26	37	23	10	47	24	23	29	26	30	45	39	31	13	48	35	32	14	46	38	30	47	39	11	23	25	33	45	10	29	42	48	11	25	12	36	38	33	49	46	27	23	27	45	44	26	39	13	41	39	49	13	38	46	36	24	18	19	32	30	39	17	40	22	24	15	39	33	44	35	41	30	12	12	49	46	46	17	21	14	39	28	18	22	16	44	48	44	15	30	12	13	43	32	39	41	27	33	24	27	46	23	35	27	17	42	14	19	16	32	22	17	45	45	30	33	32	27	49	24	34	31	19	32	40	25	11	36	17	18	14	15	40	43	26	47	22	41	39	50	38	41	47	27	40	50	30	21	48	14	33	25	22	15	48	33	20	19	24	19	46	14	34	26	19	42	36	45	39	13	25	28	36	47	16	22	42	16	31	36	20	18	44	44	22	12	30	44	24	24	40	26	11	33	48	45	29	13	42	17	45	11	30	38	12	21	48	40	32	26	28	42	33	42	38	34	40	47	43	11	42	35	15	44	46	14	29	19	24	11	48	32	20	48	16	19	27	16	25	25	29	21	15	17	32	16	17	48	27	29	30	12	10	33	43	27	25	33	34	18	50	47	17	36	35	11	30	47	28	35	22	38	11	43	39	39	47	34	10	48	23	42	14	43	32	28	28	37	41	20	37	45	18	50	35	16	17	18	34	38	26	17	44	43	41	15	21	44	39	26	28	32	38	16	13	32	44	24	15	28	33	37	31	29	15	25	47	41	28	17	14	42	50	15	45	18	24	38	38	39	38	37	36	49	10	35	31	25	36	34	39	27	19	46	22	49	36	32	25	34	48	12	14	22	29	22	30	42	43	44	44	42	21	36	50	15	50	31	40	41	40	18	24	32	20	50	44	17	36	26	37	46	22	13	49	49	24	11	33	18	47	25	43	40	50	27	12	47	46	15	27	44	23	40	14	20	15	20	20	44	26	27	15	32	44	15	13	26	23	43	50	25	13	45	30	29	22	31	29	11	18	40	44	45	35	19	36	27	24	18	28	27	34	37	25	20	12	48	50	24	46	39	13	32	45	23	50	46	40	19	25	15	26	26	28	47	16	50	21	42	17	38	20	10	32	38	40	15	26	25	16	37	13	11	29	12	39	23	25	18	40	26	44	48	10	28	42	29	16	23	45	19	32	19	43	13	48	23	46	27	26	47	46	45	44	44	21	17	14	37	23	34	34	32	39	13	30	25	31	28	25	21	14	18	39	46	26	33	42	12	15	11	39	36	20	43	36	27	35	41	24	47	16	39	10	50	48	30	33	43	40	31	20	17	31	34	49	17	30	46	13	10	15	36	36	46	49	17	32	22	14	40	23	22	31	20	29	31	32	46	30	30	33	34	23	21	41	47	10	49	16	17	21	28	50	15	29	46	13	47	29	23	22	42	15	40	40	46	30	47	29	14	41	29	35	15	11	46	48	20	22	31	39	48	27	36	42	19	13	40	38	27	38	41	36	25	37	47	28	31	31	10	41	28	36	13	19	11	38	14	46	21	24	25	45	10	27	39	27	34	41	40	39	37	47	17	29	27	49	39	10	34	44	14	33	18	11	34	12	41	17	17	41	30	36	25	36	46	43	16	50	47	11	18	10	31	17	35	35	42	41	26	12	12	25	39	30	37	20	45	27	28	34	28	27	42	37	20	18	30	35	42	24	13	23	25	45	18	27	16	50	49	22	31	47	33	50	38	47	38	41	34	18	41	25	48	40	44	38	36	16	38	41	17	26	33	16	24	50	14	47	22	38	44	32	47	19	11	41	33	36	19	12	38	22	17	29	49	11	31	27	21	44	49	21	33	28	21	11	36	37	27	24	47	42	14	31	12	23	47	42	34	35	38	35	36	41	34	49	12	16	24	24	19	16	19	15	13	16	14	26	15	32	14	42	39	49	38	47	13	45	14	41	36	38	11	48	31	30	39	21	11	11	18	49	33	48	15	42	50	35	31	42	12	32	42	16	33	32	42	20	19	48	21	18	19	16	46	39	34	34	17	26	28	31	40	32	43	32	25	22	23	39	27	36	49	17	27	39	50	25	41	42	35	36	16	23	36	48	17	41	50	16	15	23	23	39	47	41	11	25	37	24	37	41	21	29	47	45	37	49	11	33	13	18	39	45	35	45	49	45	26	21	17	45	43	43	50	39	16	15	31	10	
20
60
