2212
80
0	0	0	0	0	0	0	0	0	0	0	0	0	0	192	0	0	0	0	0	0	0	0	0	0	0	0	0	0	0	0	0	0	0	0	0	0	0	0	0	0	0	0	0	0	0	0	0	0	0	0	0	0	0	0	0	0	0	0	0	0	0	0	0	48	0	0	0	0	0	0	0	0	0	0	0	0	96	48	0	
0	0	0	0	0	0	0	0	0	0	0	0	0	0	0	0	96	0	0	0	0	0	0	0	0	0	0	0	0	0	0	0	0	0	0	0	0	0	0	0	0	0	0	0	0	0	0	0	0	0	0	0	0	0	0	0	0	0	500	0	0	0	0	0	0	0	0	0	0	0	0	0	0	0	0	0	0	0	0	0	
0	0	0	0	0	0	0	0	0	0	0	0	0	0	0	0	0	0	0	0	0	0	0	0	0	0	0	0	0	0	0	0	500	0	0	0	0	0	0	0	0	0	0	0	0	0	0	0	0	0	48	0	0	96	0	0	0	0	0	0	0	0	0	0	0	0	0	0	0	0	0	0	0	0	0	0	0	0	0	0	
0	0	0	0	0	0	0	0	0	0	0	0	0	0	0	0	0	0	0	0	0	0	0	0	0	0	0	0	0	0	0	0	0	0	0	0	0	0	0	0	0	0	0	0	0	0	0	0	0	0	0	0	0	0	0	0	0	0	0	0	0	0	0	0	0	0	0	0	0	0	192	96	0	0	0	0	0	0	0	0	
0	0	0	0	0	0	0	192	0	0	96	0	0	0	0	0	0	0	0	0	0	0	0	0	0	0	0	0	0	0	0	0	0	0	0	0	0	96	0	0	0	0	0	0	0	0	0	0	0	0	0	0	0	0	0	0	0	0	0	0	0	0	0	0	0	0	0	0	0	0	0	0	0	0	0	0	0	0	0	0	
0	0	0	0	0	0	0	0	0	0	0	0	0	0	0	0	96	0	0	0	0	0	0	0	0	0	0	0	0	0	0	0	96	0	0	0	0	0	0	0	0	0	0	0	0	0	0	0	0	0	96	0	0	48	0	0	0	0	0	0	0	0	0	0	0	0	0	0	0	0	0	0	0	0	0	0	0	0	0	0	
0	0	0	0	0	0	0	0	0	0	0	0	0	0	0	0	0	0	0	0	0	0	0	0	0	0	0	0	0	0	0	0	0	0	0	0	0	0	0	0	0	0	0	96	0	0	0	0	0	0	0	0	0	0	0	0	0	0	0	0	0	500	0	0	0	0	192	0	0	0	0	0	0	0	0	192	0	0	0	0	
0	0	0	0	192	0	0	0	0	0	0	0	0	0	0	0	0	0	0	0	0	0	0	0	0	0	0	0	0	0	0	0	0	0	0	0	0	0	0	0	0	0	0	0	0	0	0	0	0	0	0	0	0	0	0	0	0	0	0	0	96	0	0	0	0	0	0	0	0	0	0	0	0	0	0	0	0	0	0	0	
0	0	0	0	0	0	0	0	0	0	0	0	0	0	0	0	0	96	0	0	0	0	0	0	0	0	0	0	0	0	0	0	0	0	96	0	0	0	0	0	0	0	0	0	0	0	0	0	0	0	0	0	0	0	0	0	0	0	0	0	0	0	0	48	0	0	0	0	0	0	0	0	0	0	0	0	0	0	0	0	
0	0	0	0	0	0	0	0	0	0	0	0	0	0	0	0	0	0	0	0	0	0	0	0	0	0	0	0	0	0	0	0	0	0	0	0	0	0	0	0	0	0	0	0	0	0	0	0	0	0	0	0	96	0	0	0	0	0	0	0	0	0	0	0	0	96	0	0	0	0	0	0	0	0	0	0	0	0	0	0	
0	0	0	0	96	0	0	0	0	0	0	0	0	0	0	0	0	0	0	0	0	0	0	0	0	0	192	0	0	0	0	0	0	0	0	0	0	0	0	0	0	0	0	0	0	0	0	0	0	0	0	0	0	0	0	0	0	0	0	0	0	0	0	0	0	0	0	0	0	0	0	0	0	0	0	0	0	0	0	0	
0	0	0	0	0	0	0	0	0	0	0	0	0	0	0	0	0	0	0	0	0	0	0	0	0	0	0	0	0	0	0	0	0	0	0	0	0	0	0	0	0	0	0	0	0	0	0	0	0	0	0	0	0	0	0	0	0	0	0	96	0	0	0	0	0	0	0	0	0	0	0	0	0	0	0	0	500	0	0	0	
0	0	0	0	0	0	0	0	0	0	0	0	0	0	0	0	0	0	0	0	0	0	0	0	0	48	0	0	0	0	0	0	0	0	0	0	0	0	500	192	0	0	0	0	0	0	0	0	0	0	0	0	0	0	0	0	0	0	0	0	0	0	0	0	0	0	0	0	0	0	0	0	0	0	0	0	0	0	0	0	
0	0	0	0	0	0	0	0	0	0	0	0	0	0	0	0	0	0	0	0	0	0	0	0	0	0	0	0	0	0	0	0	0	0	0	500	0	0	0	0	0	0	48	0	0	0	0	0	0	0	0	0	0	0	0	0	0	0	0	0	0	0	0	0	0	500	0	0	0	0	0	0	0	0	0	0	0	0	0	0	
192	0	0	0	0	0	0	0	0	0	0	0	0	0	0	0	0	0	0	0	0	0	0	0	0	0	0	0	0	0	0	0	0	0	0	0	0	0	0	0	0	0	0	0	0	0	0	0	0	48	0	0	0	0	0	0	0	0	0	0	0	0	0	0	0	0	0	500	0	0	0	0	0	0	0	0	0	0	0	0	
0	0	0	0	0	0	0	0	0	0	0	0	0	0	0	0	0	0	0	0	500	0	0	0	0	0	0	0	0	0	0	0	0	0	0	0	0	0	0	0	0	0	0	0	0	48	0	0	0	0	0	192	0	0	0	0	0	0	0	0	0	0	0	0	0	0	0	0	0	0	0	0	0	0	96	0	192	0	0	0	
0	96	0	0	0	96	0	0	0	0	0	0	0	0	0	0	0	0	0	0	0	0	0	0	0	0	0	0	0	0	0	0	0	0	0	0	0	0	0	0	0	0	0	0	0	0	0	0	0	0	0	0	0	0	0	0	0	0	192	0	0	0	0	0	0	0	0	0	0	0	0	0	0	0	0	0	0	0	0	0	
0	0	0	0	0	0	0	0	96	0	0	0	0	0	0	0	0	0	0	0	0	0	0	0	0	0	0	96	0	0	0	0	0	0	500	0	0	0	0	0	0	0	0	0	0	0	0	0	0	0	0	0	0	0	0	0	0	0	0	0	0	0	0	500	0	0	0	0	0	0	0	0	0	0	0	0	0	0	0	0	
0	0	0	0	0	0	0	0	0	0	0	0	0	0	0	0	0	0	0	0	0	96	0	0	0	0	0	0	0	0	0	0	0	0	0	192	0	0	0	0	0	0	0	0	0	0	0	0	0	0	0	0	0	0	0	0	0	0	0	0	0	0	0	0	0	0	0	0	0	0	0	0	0	0	0	0	0	0	0	0	
0	0	0	0	0	0	0	0	0	0	0	0	0	0	0	0	0	0	0	0	0	0	0	0	0	0	0	0	0	0	0	0	0	0	0	0	96	0	0	0	0	0	0	0	0	0	0	0	0	0	0	0	0	0	0	0	0	0	0	0	0	0	0	0	0	0	0	0	0	0	0	0	0	96	0	0	0	0	0	0	
0	0	0	0	0	0	0	0	0	0	0	0	0	0	0	500	0	0	0	0	0	0	0	0	0	0	0	0	0	0	0	0	0	0	0	0	0	0	0	0	0	0	0	0	0	0	0	0	0	0	0	0	0	0	0	0	0	0	0	0	0	0	0	0	0	0	0	0	0	0	0	0	0	0	500	0	0	0	0	0	
0	0	0	0	0	0	0	0	0	0	0	0	0	0	0	0	0	0	96	0	0	0	0	0	0	0	0	0	0	0	0	0	0	0	0	0	96	0	0	0	0	0	0	0	0	0	0	0	0	0	0	0	0	0	0	0	0	0	0	0	0	0	0	0	0	0	0	0	0	0	0	0	0	0	0	0	0	0	0	48	
0	0	0	0	0	0	0	0	0	0	0	0	0	0	0	0	0	0	0	0	0	0	0	0	0	0	0	0	0	0	0	0	0	0	0	0	0	0	0	0	0	0	0	0	0	0	0	0	500	0	0	0	0	0	0	0	0	0	0	0	500	0	0	0	0	0	0	0	96	0	0	0	0	0	0	0	0	0	0	0	
0	0	0	0	0	0	0	0	0	0	0	0	0	0	0	0	0	0	0	0	0	0	0	0	0	0	0	0	0	0	0	0	0	0	0	0	0	0	0	0	0	0	0	0	0	0	0	0	0	0	0	0	0	0	0	0	0	0	0	0	0	0	0	0	0	0	500	0	0	48	0	0	0	0	0	0	0	0	0	0	
0	0	0	0	0	0	0	0	0	0	0	0	0	0	0	0	0	0	0	0	0	0	0	0	0	96	0	0	0	0	0	0	0	48	0	0	0	0	0	0	0	0	0	0	0	0	0	0	0	0	0	0	0	0	0	0	0	0	0	0	0	0	0	0	48	0	0	0	0	0	0	0	0	0	0	0	0	0	0	0	
0	0	0	0	0	0	0	0	0	0	0	0	48	0	0	0	0	0	0	0	0	0	0	0	96	0	0	0	0	0	0	0	0	0	0	0	0	0	0	0	0	0	0	0	0	0	0	0	0	0	0	0	0	0	0	0	0	0	0	0	0	0	0	0	0	0	0	0	0	0	0	0	0	0	0	0	0	0	0	0	
0	0	0	0	0	0	0	0	0	0	192	0	0	0	0	0	0	0	0	0	0	0	0	0	0	0	0	0	0	0	0	0	0	0	0	0	0	0	0	0	0	48	0	0	0	0	0	0	0	0	0	0	0	0	0	0	96	0	0	0	0	0	0	0	0	0	0	0	0	0	0	0	0	0	0	0	0	0	0	0	
0	0	0	0	0	0	0	0	0	0	0	0	0	0	0	0	0	96	0	0	0	0	0	0	0	0	0	0	0	0	0	0	0	0	0	0	0	0	0	0	0	0	0	0	0	0	0	0	0	0	0	0	0	0	0	0	0	0	0	0	0	0	0	0	0	0	0	0	0	0	0	192	0	0	0	0	0	0	0	0	
0	0	0	0	0	0	0	0	0	0	0	0	0	0	0	0	0	0	0	0	0	0	0	0	0	0	0	0	0	0	0	48	0	0	0	0	0	0	0	0	0	0	0	0	0	48	0	0	0	0	0	48	0	0	0	0	0	0	0	500	0	0	0	0	0	0	0	0	0	0	0	0	0	0	0	0	0	0	0	0	
0	0	0	0	0	0	0	0	0	0	0	0	0	0	0	0	0	0	0	0	0	0	0	0	0	0	0	0	0	0	0	0	0	0	0	0	0	0	0	0	192	0	0	0	0	0	0	500	0	0	0	0	0	0	0	0	0	0	0	0	0	0	0	0	0	0	0	0	0	0	0	0	0	500	0	0	0	0	0	0	
0	0	0	0	0	0	0	0	0	0	0	0	0	0	0	0	0	0	0	0	0	0	0	0	0	0	0	0	0	0	0	0	0	0	0	0	0	0	0	0	0	0	0	0	0	0	0	0	0	0	0	0	0	0	0	0	0	0	0	0	0	0	500	0	0	0	0	0	0	0	0	0	0	0	0	0	0	192	192	0	
0	0	0	0	0	0	0	0	0	0	0	0	0	0	0	0	0	0	0	0	0	0	0	0	0	0	0	0	48	0	0	0	0	0	0	0	0	96	0	0	0	0	0	0	0	0	0	0	192	0	0	0	0	0	0	0	0	0	0	0	0	0	0	0	0	0	0	0	0	0	0	0	0	0	0	0	0	0	0	0	
0	0	500	0	0	96	0	0	0	0	0	0	0	0	0	0	0	0	0	0	0	0	0	0	0	0	0	0	0	0	0	0	0	0	0	0	0	0	0	0	0	0	0	0	0	0	0	0	0	0	0	0	0	0	0	0	0	0	0	0	0	0	0	0	0	0	0	0	0	0	0	0	0	0	0	0	0	0	0	96	
0	0	0	0	0	0	0	0	0	0	0	0	0	0	0	0	0	0	0	0	0	0	0	0	48	0	0	0	0	0	0	0	0	0	0	0	0	0	500	192	0	0	0	0	0	0	0	0	0	0	0	0	0	0	0	0	0	0	0	0	0	0	0	0	0	0	0	0	0	0	0	0	0	0	0	0	0	192	192	0	
0	0	0	0	0	0	0	0	96	0	0	0	0	0	0	0	0	500	0	0	0	0	0	0	0	0	0	0	0	0	0	0	0	0	0	0	0	0	0	0	0	0	0	0	0	0	0	0	0	0	0	0	0	0	0	0	0	0	0	0	0	0	0	0	0	0	0	0	0	0	192	0	0	0	0	0	0	0	0	0	
0	0	0	0	0	0	0	0	0	0	0	0	0	500	0	0	0	0	192	0	0	0	0	0	0	0	0	0	0	0	0	0	0	0	0	0	0	0	0	0	0	0	0	0	0	0	0	0	0	0	0	0	0	0	0	0	0	0	0	0	0	0	0	0	0	0	0	0	0	0	0	0	0	0	0	0	0	0	0	0	
0	0	0	0	0	0	0	0	0	0	0	0	0	0	0	0	0	0	0	96	0	96	0	0	0	0	0	0	0	0	0	0	0	0	0	0	0	0	0	0	0	0	0	0	0	0	0	0	0	0	0	0	0	0	0	0	0	0	0	0	0	0	0	0	0	0	0	0	0	0	0	0	0	0	0	0	0	0	0	0	
0	0	0	0	96	0	0	0	0	0	0	0	0	0	0	0	0	0	0	0	0	0	0	0	0	0	0	0	0	0	0	96	0	0	0	0	0	0	0	0	0	0	0	0	0	0	0	0	500	0	0	0	0	0	0	0	0	0	0	0	0	0	48	0	0	0	0	0	96	0	0	0	0	0	0	0	0	0	0	0	
0	0	0	0	0	0	0	0	0	0	0	0	500	0	0	0	0	0	0	0	0	0	0	0	0	0	0	0	0	0	0	0	0	500	0	0	0	0	0	48	0	0	0	0	0	0	0	0	0	0	0	0	0	0	0	0	0	0	0	0	0	0	0	0	0	0	0	0	0	0	0	0	0	0	0	0	0	0	0	0	
0	0	0	0	0	0	0	0	0	0	0	0	192	0	0	0	0	0	0	0	0	0	0	0	0	0	0	0	0	0	0	0	0	192	0	0	0	0	48	0	0	0	0	0	0	0	0	0	0	0	0	0	0	0	0	0	0	0	0	0	0	0	0	0	0	0	0	0	0	0	0	0	0	0	0	0	0	0	0	0	
0	0	0	0	0	0	0	0	0	0	0	0	0	0	0	0	0	0	0	0	0	0	0	0	0	0	0	0	0	192	0	0	0	0	0	0	0	0	0	0	0	0	0	0	0	0	0	0	0	0	0	0	0	0	0	0	0	0	0	0	0	0	0	0	0	0	0	0	0	96	0	0	0	500	0	0	0	0	0	0	
0	0	0	0	0	0	0	0	0	0	0	0	0	0	0	0	0	0	0	0	0	0	0	0	0	0	48	0	0	0	0	0	0	0	0	0	0	0	0	0	0	0	0	0	0	0	0	0	0	0	0	0	0	0	0	0	500	0	0	0	0	192	0	0	0	0	0	0	0	0	0	0	0	0	0	500	0	0	0	0	
0	0	0	0	0	0	0	0	0	0	0	0	0	48	0	0	0	0	0	0	0	0	0	0	0	0	0	0	0	0	0	0	0	0	0	0	0	0	0	0	0	0	0	0	0	0	500	0	0	0	0	0	0	0	0	0	0	0	0	0	0	0	0	0	0	0	0	0	0	0	0	0	0	0	0	0	0	0	0	0	
0	0	0	0	0	0	96	0	0	0	0	0	0	0	0	0	0	0	0	0	0	0	0	0	0	0	0	0	0	0	0	0	0	0	0	0	0	0	0	0	0	0	0	0	500	0	0	0	0	0	0	0	0	0	0	48	0	0	0	0	0	0	0	0	0	0	0	0	0	0	0	0	0	0	0	0	0	0	0	0	
0	0	0	0	0	0	0	0	0	0	0	0	0	0	0	0	0	0	0	0	0	0	0	0	0	0	0	0	0	0	0	0	0	0	0	0	0	0	0	0	0	0	0	500	0	0	0	0	0	0	0	0	0	0	0	48	0	0	0	0	0	0	0	0	0	0	0	0	0	0	0	0	0	0	0	0	0	0	0	0	
0	0	0	0	0	0	0	0	0	0	0	0	0	0	0	48	0	0	0	0	0	0	0	0	0	0	0	0	48	0	0	0	0	0	0	0	0	0	0	0	0	0	0	0	0	0	0	0	0	0	0	0	0	0	0	0	0	0	0	0	0	0	0	0	0	0	0	0	0	0	0	0	0	0	0	0	0	0	0	0	
0	0	0	0	0	0	0	0	0	0	0	0	0	0	0	0	0	0	0	0	0	0	0	0	0	0	0	0	0	0	0	0	0	0	0	0	0	0	0	0	0	0	500	0	0	0	0	0	0	0	0	0	500	0	0	0	0	0	0	0	0	0	0	0	0	0	0	0	0	0	0	0	0	0	0	0	0	0	0	0	
0	0	0	0	0	0	0	0	0	0	0	0	0	0	0	0	0	0	0	0	0	0	0	0	0	0	0	0	0	500	0	0	0	0	0	0	0	0	0	0	0	0	0	0	0	0	0	0	0	0	0	0	0	0	0	0	0	0	0	0	0	0	0	0	0	0	0	0	0	0	0	0	0	0	0	0	0	48	0	0	
0	0	0	0	0	0	0	0	0	0	0	0	0	0	0	0	0	0	0	0	0	0	500	0	0	0	0	0	0	0	0	192	0	0	0	0	0	500	0	0	0	0	0	0	0	0	0	0	0	0	0	0	0	0	0	0	0	0	0	0	0	0	0	0	0	0	0	0	0	0	0	0	0	0	0	0	0	0	0	0	
0	0	0	0	0	0	0	0	0	0	0	0	0	0	48	0	0	0	0	0	0	0	0	0	0	0	0	0	0	0	0	0	0	0	0	0	0	0	0	0	0	0	0	0	0	0	0	0	0	0	0	0	0	0	0	0	0	0	0	0	0	0	0	0	0	0	0	48	0	0	0	0	0	0	0	0	0	0	0	0	
0	0	48	0	0	96	0	0	0	0	0	0	0	0	0	0	0	0	0	0	0	0	0	0	0	0	0	0	0	0	0	0	0	0	0	0	0	0	0	0	0	0	0	0	0	0	0	0	0	0	0	0	0	0	0	0	0	0	0	0	0	0	0	0	0	0	0	0	0	0	0	0	0	0	0	0	0	0	0	0	
0	0	0	0	0	0	0	0	0	0	0	0	0	0	0	192	0	0	0	0	0	0	0	0	0	0	0	0	48	0	0	0	0	0	0	0	0	0	0	0	0	0	0	0	0	0	0	0	0	0	0	0	0	0	500	0	0	0	0	0	0	96	0	0	0	0	0	0	0	0	0	0	0	0	0	0	0	0	0	0	
0	0	0	0	0	0	0	0	0	96	0	0	0	0	0	0	0	0	0	0	0	0	0	0	0	0	0	0	0	0	0	0	0	0	0	0	0	0	0	0	0	0	0	0	0	0	500	0	0	0	0	0	0	0	0	0	0	0	0	0	0	0	0	0	0	0	0	0	0	0	0	0	0	0	0	0	0	0	0	0	
0	0	96	0	0	48	0	0	0	0	0	0	0	0	0	0	0	0	0	0	0	0	0	0	0	0	0	0	0	0	0	0	0	0	0	0	0	0	0	0	0	0	0	0	0	0	0	0	0	0	0	0	0	0	0	0	0	0	0	0	0	0	0	0	0	0	0	0	0	0	0	0	0	0	0	0	0	0	0	0	
0	0	0	0	0	0	0	0	0	0	0	0	0	0	0	0	0	0	0	0	0	0	0	0	0	0	0	0	0	0	0	0	0	0	0	0	0	0	0	0	0	0	0	0	0	0	0	0	0	0	0	500	0	0	0	0	500	48	0	0	0	0	0	0	0	0	0	0	0	0	96	0	48	0	0	0	0	0	0	0	
0	0	0	0	0	0	0	0	0	0	0	0	0	0	0	0	0	0	0	0	0	0	0	0	0	0	0	0	0	0	0	0	0	0	0	0	0	0	0	0	0	0	0	48	48	0	0	0	0	0	0	0	0	0	0	0	0	0	0	0	0	0	0	0	0	0	0	0	0	0	0	0	0	0	0	0	0	0	0	0	
0	0	0	0	0	0	0	0	0	0	0	0	0	0	0	0	0	0	0	0	0	0	0	0	0	0	96	0	0	0	0	0	0	0	0	0	0	0	0	0	0	500	0	0	0	0	0	0	0	0	0	0	0	0	500	0	0	0	0	0	0	0	0	0	0	0	0	0	0	0	0	0	0	0	0	0	0	0	0	0	
0	0	0	0	0	0	0	0	0	0	0	0	0	0	0	0	0	0	0	0	0	0	0	0	0	0	0	0	0	0	0	0	0	0	0	0	0	0	0	0	0	0	0	0	0	0	0	0	0	0	0	0	0	0	48	0	0	0	0	0	0	0	0	0	0	48	0	0	0	0	0	0	0	0	0	0	0	0	0	0	
0	500	0	0	0	0	0	0	0	0	0	0	0	0	0	0	192	0	0	0	0	0	0	0	0	0	0	0	0	0	0	0	0	0	0	0	0	0	0	0	0	0	0	0	0	0	0	0	0	0	0	0	0	0	0	0	0	0	0	0	0	0	0	0	0	0	0	0	0	0	0	0	0	0	0	0	0	0	0	0	
0	0	0	0	0	0	0	0	0	0	0	96	0	0	0	0	0	0	0	0	0	0	0	0	0	0	0	0	500	0	0	0	0	0	0	0	0	0	0	0	0	0	0	0	0	0	0	0	0	0	0	0	0	0	0	0	0	0	0	0	0	0	0	0	0	0	0	0	0	0	0	0	0	0	0	0	0	0	0	0	
0	0	0	0	0	0	0	96	0	0	0	0	0	0	0	0	0	0	0	0	0	0	500	0	0	0	0	0	0	0	0	0	0	0	0	0	0	0	0	0	0	0	0	0	0	0	0	0	0	0	0	0	0	0	0	0	0	0	0	0	0	0	0	0	0	0	0	0	0	0	0	0	0	0	0	0	0	0	0	0	
0	0	0	0	0	0	500	0	0	0	0	0	0	0	0	0	0	0	0	0	0	0	0	0	0	0	0	0	0	0	0	0	0	0	0	0	0	0	0	0	0	192	0	0	0	0	0	0	0	0	0	96	0	0	0	0	0	0	0	0	0	0	0	0	0	0	0	0	0	0	0	0	0	0	0	0	0	0	0	0	
0	0	0	0	0	0	0	0	0	0	0	0	0	0	0	0	0	0	0	0	0	0	0	0	0	0	0	0	0	0	500	0	0	0	0	0	0	48	0	0	0	0	0	0	0	0	0	0	0	0	0	0	0	0	0	0	0	0	0	0	0	0	0	0	0	0	0	0	0	0	0	0	0	0	0	0	0	0	0	0	
0	0	0	0	0	0	0	0	48	0	0	0	0	0	0	0	0	500	0	0	0	0	0	0	0	0	0	0	0	0	0	0	0	0	0	0	0	0	0	0	0	0	0	0	0	0	0	0	0	0	0	0	0	0	0	0	0	0	0	0	0	0	0	0	0	0	0	0	0	0	0	0	0	0	0	0	0	0	0	0	
48	0	0	0	0	0	0	0	0	0	0	0	0	0	0	0	0	0	0	0	0	0	0	0	48	0	0	0	0	0	0	0	0	0	0	0	0	0	0	0	0	0	0	0	0	0	0	0	0	0	0	0	0	0	0	0	0	0	0	0	0	0	0	0	0	0	0	0	0	0	0	0	0	0	0	0	0	0	0	0	
0	0	0	0	0	0	0	0	0	96	0	0	0	500	0	0	0	0	0	0	0	0	0	0	0	0	0	0	0	0	0	0	0	0	0	0	0	0	0	0	0	0	0	0	0	0	0	0	0	0	0	0	0	0	0	0	0	48	0	0	0	0	0	0	0	0	0	0	0	0	0	0	96	0	0	0	0	0	0	48	
0	0	0	0	0	0	192	0	0	0	0	0	0	0	0	0	0	0	0	0	0	0	0	500	0	0	0	0	0	0	0	0	0	0	0	0	0	0	0	0	0	0	0	0	0	0	0	0	0	0	0	0	0	0	0	0	0	0	0	0	0	0	0	0	0	0	0	0	0	0	0	0	0	0	0	0	0	0	0	0	
0	0	0	0	0	0	0	0	0	0	0	0	0	0	500	0	0	0	0	0	0	0	0	0	0	0	0	0	0	0	0	0	0	0	0	0	0	0	0	0	0	0	0	0	0	0	0	0	0	48	0	0	0	0	0	0	0	0	0	0	0	0	0	0	0	0	0	0	0	0	0	0	0	0	0	0	0	0	0	0	
0	0	0	0	0	0	0	0	0	0	0	0	0	0	0	0	0	0	0	0	0	0	96	0	0	0	0	0	0	0	0	0	0	0	0	0	0	96	0	0	0	0	0	0	0	0	0	0	0	0	0	0	0	0	0	0	0	0	0	0	0	0	0	0	0	0	0	0	0	0	0	0	0	0	0	0	0	0	0	0	
0	0	0	0	0	0	0	0	0	0	0	0	0	0	0	0	0	0	0	0	0	0	0	48	0	0	0	0	0	0	0	0	0	0	0	0	0	0	0	0	96	0	0	0	0	0	0	0	0	0	0	0	0	0	0	0	0	0	0	0	0	0	0	0	0	0	0	0	0	0	0	0	0	0	0	0	0	0	0	0	
0	0	0	192	0	0	0	0	0	0	0	0	0	0	0	0	0	0	0	0	0	0	0	0	0	0	0	0	0	0	0	0	0	0	192	0	0	0	0	0	0	0	0	0	0	0	0	0	0	0	0	0	0	0	96	0	0	0	0	0	0	0	0	0	0	0	0	0	0	0	0	0	0	0	0	0	0	0	0	0	
0	0	0	96	0	0	0	0	0	0	0	0	0	0	0	0	0	0	0	0	0	0	0	0	0	0	0	192	0	0	0	0	0	0	0	0	0	0	0	0	0	0	0	0	0	0	0	0	0	0	0	0	0	0	0	0	0	0	0	0	0	0	0	0	0	0	0	0	0	0	0	0	0	0	0	0	0	0	0	0	
0	0	0	0	0	0	0	0	0	0	0	0	0	0	0	0	0	0	0	0	0	0	0	0	0	0	0	0	0	0	0	0	0	0	0	0	0	0	0	0	0	0	0	0	0	0	0	0	0	0	0	0	0	0	48	0	0	0	0	0	0	0	0	0	0	96	0	0	0	0	0	0	0	0	0	0	0	0	0	0	
0	0	0	0	0	0	0	0	0	0	0	0	0	0	0	0	0	0	0	96	0	0	0	0	0	0	0	0	0	500	0	0	0	0	0	0	0	0	0	0	500	0	0	0	0	0	0	0	0	0	0	0	0	0	0	0	0	0	0	0	0	0	0	0	0	0	0	0	0	0	0	0	0	0	0	0	0	0	0	0	
0	0	0	0	0	0	0	0	0	0	0	0	0	0	0	96	0	0	0	0	500	0	0	0	0	0	0	0	0	0	0	0	0	0	0	0	0	0	0	0	0	0	0	0	0	0	0	0	0	0	0	0	0	0	0	0	0	0	0	0	0	0	0	0	0	0	0	0	0	0	0	0	0	0	0	0	0	0	0	0	
0	0	0	0	0	0	192	0	0	0	0	0	0	0	0	0	0	0	0	0	0	0	0	0	0	0	0	0	0	0	0	0	0	0	0	0	0	0	0	0	0	500	0	0	0	0	0	0	0	0	0	0	0	0	0	0	0	0	0	0	0	0	0	0	0	0	0	0	0	0	0	0	0	0	0	0	0	0	0	0	
0	0	0	0	0	0	0	0	0	0	0	500	0	0	0	192	0	0	0	0	0	0	0	0	0	0	0	0	0	0	0	0	0	0	0	0	0	0	0	0	0	0	0	0	0	0	0	0	0	0	0	0	0	0	0	0	0	0	0	0	0	0	0	0	0	0	0	0	0	0	0	0	0	0	0	0	0	0	0	0	
96	0	0	0	0	0	0	0	0	0	0	0	0	0	0	0	0	0	0	0	0	0	0	0	0	0	0	0	0	0	192	0	0	192	0	0	0	0	0	0	0	0	0	0	0	0	0	48	0	0	0	0	0	0	0	0	0	0	0	0	0	0	0	0	0	0	0	0	0	0	0	0	0	0	0	0	0	0	0	0	
48	0	0	0	0	0	0	0	0	0	0	0	0	0	0	0	0	0	0	0	0	0	0	0	0	0	0	0	0	0	192	0	0	192	0	0	0	0	0	0	0	0	0	0	0	0	0	0	0	0	0	0	0	0	0	0	0	0	0	0	0	0	0	0	0	0	0	0	0	0	0	0	0	0	0	0	0	0	0	0	
0	0	0	0	0	0	0	0	0	0	0	0	0	0	0	0	0	0	0	0	0	48	0	0	0	0	0	0	0	0	0	0	96	0	0	0	0	0	0	0	0	0	0	0	0	0	0	0	0	0	0	0	0	0	0	0	0	0	0	0	0	0	0	0	0	48	0	0	0	0	0	0	0	0	0	0	0	0	0	0	
61	50	15	25	44	28	61	7	20	28	20	18	68	49	47	39	71	38	13	68	75	58	58	6	60	9	20	9	57	47	38	26	77	59	79	39	22	41	28	77	0	5	40	24	42	62	34	21	63	64	22	2	77	39	65	28	17	66	17	63	23	61	65	25	78	37	32	54	65	54	27	36	62	63	61	31	49	44	21	37	57	74	79	66	17	22	9	4	55	45	78	71	7	44	29	73	32	63	18	6	13	53	43	60	76	26	20	71	74	59	42	21	67	21	26	18	69	21	1	60	13	24	13	47	24	11	74	25	3	43	6	7	26	69	44	21	43	70	43	0	35	43	63	38	15	18	5	68	43	22	75	38	69	69	13	25	74	60	40	43	71	40	10	25	8	70	46	47	75	67	19	10	45	77	22	24	59	79	66	54	2	7	70	64	30	66	30	20	77	30	23	14	28	70	47	59	71	56	66	26	45	33	61	5	25	15	45	59	73	29	64	73	25	41	49	27	8	17	16	63	17	16	7	49	66	53	5	47	24	43	38	6	63	48	7	49	37	2	37	0	39	12	62	30	66	77	30	8	34	16	18	12	22	4	8	54	25	36	28	68	9	63	11	19	18	1	34	78	51	70	79	69	7	61	62	67	44	17	60	5	62	49	6	25	28	57	26	12	65	5	4	42	59	52	1	33	6	2	79	13	49	27	41	11	7	30	46	57	22	39	43	68	11	66	43	24	51	78	45	19	42	39	29	17	62	42	24	16	76	4	44	60	32	33	5	18	73	32	64	17	50	45	58	3	73	5	65	24	26	21	1	42	4	74	71	73	34	49	16	15	50	55	10	28	33	25	33	59	27	4	18	57	62	69	11	52	8	57	72	56	35	13	70	35	63	14	2	18	23	25	74	64	9	27	74	29	2	65	15	20	47	56	70	34	76	13	29	21	39	77	16	10	77	21	12	13	11	2	14	59	61	66	4	18	34	64	58	31	21	26	45	62	67	45	43	61	27	54	15	72	8	19	56	44	56	15	19	8	8	24	59	38	20	43	31	37	27	38	59	50	40	4	29	73	9	3	32	24	42	65	19	11	26	25	18	16	20	58	11	35	38	63	25	34	61	22	75	9	69	77	78	38	12	31	45	6	31	75	7	20	27	28	56	0	13	33	29	5	33	21	52	16	69	23	8	63	6	66	40	14	32	21	49	75	50	43	30	3	7	35	30	34	61	41	13	53	32	73	25	10	47	2	30	78	5	16	56	77	16	31	23	20	77	46	5	65	72	73	49	17	79	44	23	48	15	22	36	76	53	51	22	33	30	32	8	61	38	57	74	44	43	77	70	59	26	24	58	41	79	23	68	16	57	71	48	15	51	20	60	51	59	29	36	8	46	46	36	44	56	52	60	12	7	12	6	35	8	3	1	1	8	70	57	0	51	66	43	32	72	68	5	12	2	25	34	65	46	46	1	77	43	32	47	28	20	28	71	60	39	63	40	74	33	6	46	18	47	46	55	49	77	68	62	53	9	37	2	27	32	79	47	15	31	13	35	46	34	77	9	22	56	28	64	36	12	7	37	36	11	11	19	36	68	54	73	48	66	35	67	37	35	16	62	1	20	26	8	1	2	47	77	1	73	74	58	31	71	73	44	55	9	58	33	71	27	72	53	43	12	17	37	49	55	35	30	21	10	9	62	53	2	50	1	45	59	73	68	43	35	13	5	75	39	9	31	11	36	44	65	8	71	1	24	29	44	55	31	26	65	73	37	42	35	38	6	42	78	41	31	56	33	65	62	33	55	9	63	17	14	16	79	21	50	2	59	27	66	11	17	16	57	74	45	64	37	27	12	24	51	10	44	54	79	38	56	39	55	43	31	7	24	69	30	52	15	19	64	42	9	1	68	6	34	12	6	70	56	0	3	55	8	44	41	37	63	44	4	30	25	13	65	30	20	60	45	67	45	70	70	41	65	24	40	46	60	46	64	30	12	23	76	39	62	79	39	37	15	35	48	38	43	32	52	55	49	19	30	20	12	25	61	74	57	47	29	39	55	66	27	71	1	47	37	40	21	67	39	71	0	59	30	0	63	37	23	32	14	44	32	5	27	62	53	11	35	72	19	49	3	7	71	33	71	8	63	42	62	40	71	57	67	37	60	26	51	10	60	58	77	37	35	23	12	3	14	62	62	34	10	75	32	45	52	44	15	50	58	61	71	78	56	44	6	63	60	53	25	64	65	54	29	31	38	43	78	74	7	2	58	76	66	39	14	52	66	24	23	45	22	65	33	69	27	64	10	42	12	1	63	55	40	18	61	43	27	15	17	65	34	22	55	72	75	20	13	11	50	21	48	57	52	54	28	30	14	21	32	38	46	78	39	16	15	47	15	23	49	5	68	74	46	12	5	37	53	33	29	36	2	34	10	22	50	60	9	23	50	27	22	3	16	77	79	41	72	62	33	69	39	75	25	51	43	19	68	34	16	0	62	14	35	1	21	52	65	67	54	33	72	50	30	33	19	12	41	35	66	13	5	19	63	51	31	62	9	74	4	49	60	0	64	57	37	33	1	3	33	75	68	44	30	58	70	33	24	12	51	79	60	45	74	35	40	75	22	42	71	3	69	33	41	1	19	37	56	18	14	67	50	4	20	40	5	3	31	33	13	29	63	59	72	31	79	3	1	53	14	22	7	76	70	49	6	50	55	49	76	4	61	68	5	14	52	5	78	61	26	18	4	32	59	8	20	17	22	52	60	15	6	68	24	55	41	35	53	21	76	79	33	71	12	69	40	73	5	51	23	25	5	4	75	67	9	22	2	5	78	55	8	43	32	34	74	35	13	22	37	9	50	30	7	27	28	56	44	69	71	34	65	37	2	23	52	23	56	54	48	41	54	74	52	39	11	34	77	15	66	25	54	62	73	46	62	63	13	44	33	50	43	18	45	50	15	11	29	12	7	54	32	14	64	15	2	69	55	18	49	77	24	78	72	51	1	47	54	5	15	33	55	48	31	35	25	64	29	1	56	50	40	71	65	5	59	20	49	67	35	36	5	27	15	4	75	26	42	32	79	44	18	71	15	79	4	21	54	47	13	55	67	58	41	58	66	12	38	74	65	35	33	38	43	75	23	58	63	34	52	3	25	68	22	78	39	15	26	8	37	15	77	78	48	2	76	77	69	52	35	2	1	19	32	10	18	12	0	2	68	74	63	55	68	45	59	22	32	32	50	12	52	0	46	54	77	75	31	33	24	78	0	26	67	21	0	14	58	61	74	43	10	36	59	60	17	7	2	63	74	50	74	65	52	2	1	79	59	53	52	70	45	24	47	20	38	7	0	36	67	48	20	52	33	47	40	1	62	50	41	57	69	69	51	23	37	37	20	25	43	65	9	13	18	3	15	30	41	59	34	58	45	67	16	15	25	27	38	56	44	13	65	68	34	25	13	78	24	26	9	5	11	61	32	52	41	32	15	58	62	63	5	34	55	8	77	75	50	55	53	16	59	26	58	0	15	30	41	54	75	15	14	65	13	10	23	44	49	29	49	38	68	21	41	59	35	62	43	23	28	21	37	25	43	8	52	45	29	20	5	15	79	37	20	46	15	8	16	54	9	75	20	3	74	27	13	36	32	4	74	69	23	4	22	67	12	39	47	58	12	27	18	57	5	28	60	44	3	40	9	64	19	59	7	50	18	67	35	31	30	28	42	52	3	20	8	77	62	55	75	73	60	19	0	52	75	36	52	43	23	8	36	27	61	27	44	1	27	43	10	74	29	68	11	19	32	68	59	57	1	56	9	25	62	12	64	32	66	13	78	27	61	25	15	39	57	60	50	50	5	36	34	23	60	46	29	52	78	70	15	54	53	42	7	26	32	70	32	45	27	7	40	61	35	59	12	53	69	79	8	51	79	47	42	68	77	41	47	54	77	25	36	20	58	60	22	12	35	17	1	43	4	66	19	15	58	30	73	3	67	18	48	37	27	74	36	35	79	68	51	72	77	28	26	67	48	0	54	47	71	45	19	10	30	78	0	66	51	35	56	2	34	71	72	73	24	55	47	50	18	1	8	28	61	1	33	2	23	53	39	51	44	42	23	10	26	75	77	38	28	24	55	67	17	12	2	13	5	20	43	3	6	46	62	65	79	23	73	67	79	75	73	72	51	56	43	76	54	74	27	43	7	14	8	68	66	2	61	51	52	67	39	20	43	61	53	38	66	30	2	69	40	34	60	62	58	6	64	14	35	73	43	65	50	37	73	70	51	42	56	9	36	34	37	55	32	29	61	13	6	5	76	8	35	74	33	5	2	54	38	65	2	41	59	41	79	30	12	10	6	18	21	65	4	3	36	11	23	45	22	21	11	14	55	28	78	19	70	77	59	55	62	53	1	10	45	1	76	23	15	46	41	11	67	57	54	20	68	63	79	31	32	45	1	56	51	16	58	28	44	70	37	41	22	26	1	76	15	42	11	33	36	67	46	70	17	34	73	7	5	5	40	1	27	71	8	3	32	54	39	23	35	15	1	28	15	64	19	47	34	36	26	60	25	25	36	1	49	29	45	58	6	27	18	69	54	34	64	78	14	77	21	51	27	42	77	48	58	23	37	35	55	47	42	25	64	65	58	45	18	72	17	47	57	19	45	42	19	45	9	27	45	37	36	0	20	22	10	37	37	15	24	8	76	11	44	54	55	9	18	11	3	53	39	68	45	11	40	79	1	42	35	73	29	78	52	62	46	67	40	75	65	56	29	14	51	9	46	36	16	2	42	57	38	2	62	75	66	69	37	38	0	24	14	39	46	55	5	13	25	65	71	50	46	18	34	22	10	7	18	51	73	29	68	72	41	32	5	34	55	63	19	29	0	38	58	71	16	34	55	44	70	16	72	74	29	45	8	62	34	38	54	67	4	72	31	57	46	0	46	43	30	43	2	22	33	6	55	40	3	46	74	61	3	16	57	3	44	73	16	71	76	6	12	5	31	4	58	10	52	48	8	4	70	7	2	64	67	55	21	74	7	75	30	47	
47	57	28	74	32	14	39	11	68	45	10	3	67	49	44	12	55	33	24	31	8	40	22	51	33	61	47	20	73	42	76	40	25	57	6	43	28	65	71	3	57	60	7	59	10	19	63	60	23	31	40	78	26	25	43	74	28	26	18	58	6	59	53	54	48	69	45	8	4	65	51	8	59	40	65	48	13	3	30	56	5	59	37	26	9	40	30	30	53	5	51	61	32	73	43	33	52	63	65	66	10	30	13	74	26	1	40	2	14	63	27	17	15	35	16	66	54	36	62	78	75	44	0	61	8	20	30	73	53	54	18	10	28	9	3	41	6	23	76	64	28	73	5	56	39	8	7	24	63	29	11	76	13	33	43	42	60	60	62	78	35	9	63	14	76	48	6	21	16	42	13	60	39	79	75	75	43	58	11	43	37	18	37	54	61	18	34	69	13	49	12	79	14	10	42	48	41	68	71	30	70	10	11	69	15	51	47	27	12	9	60	75	8	21	28	78	10	0	39	60	44	67	70	62	6	23	18	78	66	5	68	53	73	70	70	58	52	3	32	57	43	5	27	24	72	37	0	18	68	76	24	32	7	2	45	58	59	18	7	58	57	20	31	8	41	64	14	29	54	17	61	19	70	78	6	34	37	2	49	52	26	52	55	17	79	62	1	3	77	74	72	18	12	79	6	72	23	39	51	77	36	11	56	42	63	52	62	57	47	27	79	19	46	41	50	79	5	7	66	57	76	14	55	55	45	23	59	37	1	75	5	41	48	3	64	14	52	24	68	77	70	18	10	14	63	28	11	43	23	13	0	44	40	32	67	10	43	76	44	15	72	28	52	67	41	39	20	16	7	8	70	46	58	6	1	71	28	43	16	19	54	48	60	27	49	15	76	25	69	79	58	22	12	58	16	10	15	41	22	62	70	37	21	60	11	39	54	12	71	72	19	72	51	32	68	72	55	10	34	38	13	30	70	10	77	53	57	29	34	55	53	73	51	47	1	71	42	20	72	31	47	65	18	26	12	13	41	2	74	35	4	47	17	58	30	43	12	61	47	30	2	51	0	66	44	6	75	31	37	15	23	30	20	71	47	41	18	39	59	57	74	8	4	70	19	19	20	73	23	49	34	28	46	43	9	23	35	26	17	4	13	7	67	75	37	27	25	6	54	78	10	61	39	11	65	25	66	26	38	4	47	35	50	23	24	65	47	25	38	59	52	54	34	76	28	36	36	11	31	47	54	18	38	29	65	59	59	10	29	61	37	60	68	2	79	78	79	51	17	9	23	9	20	5	68	61	34	59	0	72	19	53	35	19	31	75	8	39	66	55	38	45	50	33	23	14	57	51	67	3	17	5	20	53	2	17	19	28	69	15	25	19	67	56	62	17	22	70	76	33	37	65	27	58	43	35	6	39	16	21	36	15	30	46	79	77	28	26	63	8	69	79	46	58	49	8	53	12	41	30	61	8	54	25	14	37	50	34	66	77	68	51	18	9	7	21	54	50	19	15	56	49	50	45	1	31	43	53	41	20	57	35	11	11	36	45	62	60	69	78	75	16	5	15	13	79	78	56	43	52	56	66	14	6	28	23	65	32	51	64	43	73	54	68	70	60	63	31	26	64	5	55	33	16	35	40	4	19	34	8	28	19	41	66	33	41	66	79	13	30	23	55	73	75	32	67	46	25	38	13	36	1	35	14	53	60	30	13	57	3	34	70	58	31	23	63	49	41	6	35	23	58	41	59	21	58	39	31	35	4	11	57	74	16	61	1	69	22	70	32	59	1	32	16	38	56	2	73	79	22	7	5	78	18	23	28	29	38	60	56	69	76	45	33	78	59	5	49	2	77	27	48	26	11	27	55	62	62	43	0	25	47	21	4	66	72	35	58	34	15	61	62	68	16	76	71	15	35	57	30	12	65	62	76	22	51	18	28	20	18	0	36	64	70	48	31	50	58	43	70	53	5	27	17	16	66	8	57	76	8	26	8	20	2	13	38	63	39	39	61	22	50	50	5	4	42	8	72	48	73	49	78	20	8	6	48	8	1	0	8	71	11	57	15	8	0	25	77	36	25	40	11	38	79	2	19	69	11	45	61	27	6	35	35	0	72	30	13	62	12	6	37	62	26	36	67	25	43	34	48	7	55	71	70	34	73	46	62	35	73	15	0	18	15	51	53	42	5	51	55	33	37	73	46	19	38	45	36	23	3	56	33	71	67	3	63	44	48	23	38	78	67	62	31	23	69	16	68	0	15	38	46	65	43	25	69	5	0	18	66	50	55	27	15	4	43	27	20	2	4	13	11	54	75	26	60	73	25	25	65	19	22	21	50	46	77	69	40	67	54	20	77	43	9	11	58	30	17	33	6	38	69	49	61	59	0	19	70	56	73	64	10	36	42	33	18	40	13	79	73	31	73	20	37	64	24	8	33	37	19	4	6	54	51	49	76	29	34	8	12	35	71	67	64	65	75	74	48	63	41	6	38	71	73	0	26	2	68	18	38	41	19	67	2	20	79	14	24	29	64	59	32	60	65	4	35	43	57	64	59	3	67	58	0	77	55	26	28	1	29	41	72	57	63	16	27	78	71	9	1	73	28	59	0	66	24	65	67	19	20	35	35	4	26	27	24	0	33	48	27	30	3	61	70	39	9	42	34	6	44	0	70	50	5	40	62	5	29	44	17	71	28	35	40	50	13	24	60	47	8	36	55	71	22	46	66	66	47	32	37	26	78	20	57	24	11	34	40	36	46	67	75	72	33	1	10	61	62	51	46	44	60	52	48	61	22	28	43	74	35	52	37	60	61	37	41	11	77	9	0	65	44	56	34	55	51	27	72	21	60	59	60	37	14	65	7	16	2	7	32	15	51	69	3	58	41	68	6	27	61	77	20	75	72	25	70	66	50	66	4	74	22	16	8	44	28	76	74	32	60	63	19	17	33	34	61	69	66	47	48	40	10	30	38	65	16	72	23	10	30	70	29	76	30	34	64	48	23	67	26	46	35	20	35	15	27	29	20	30	24	39	7	50	4	28	37	69	6	67	69	16	39	39	19	75	18	64	70	64	47	40	23	40	55	6	15	75	67	5	41	51	76	13	59	9	58	71	16	54	40	44	1	34	45	5	38	7	20	76	8	30	37	73	49	63	8	21	73	36	55	41	26	54	76	31	76	29	14	31	73	36	55	49	9	65	65	17	69	64	19	53	23	40	71	7	8	51	22	49	0	58	25	11	40	53	25	62	42	78	79	67	78	46	52	68	30	14	49	25	34	6	46	75	20	32	38	3	44	37	65	10	51	61	71	74	35	2	19	58	69	61	61	21	17	38	77	20	16	23	46	62	60	57	39	61	29	20	66	43	29	19	57	32	68	61	3	69	28	27	10	20	61	72	7	36	32	11	67	64	31	61	40	0	35	73	77	13	4	22	44	49	27	62	13	67	66	10	27	78	17	66	14	26	2	48	79	48	77	12	55	42	28	65	63	15	7	38	47	42	39	21	50	67	70	22	15	19	77	67	17	4	67	53	79	61	4	37	52	73	23	59	7	64	69	17	3	11	7	0	47	68	40	64	21	2	62	75	30	64	4	58	35	54	35	54	13	46	51	71	54	47	45	7	69	4	27	47	68	69	69	55	75	43	5	57	37	15	19	78	74	26	41	46	3	22	79	35	57	27	15	38	36	34	17	32	31	68	78	57	66	59	64	27	53	46	79	46	67	24	69	13	19	65	11	79	47	67	56	14	65	37	72	34	64	2	1	69	22	2	62	64	45	62	40	12	44	79	7	65	45	31	20	9	41	21	25	13	9	60	47	21	70	28	62	43	57	15	31	24	11	60	76	5	5	78	77	58	79	13	11	33	4	66	32	2	60	54	21	72	31	51	66	58	56	1	0	33	63	41	9	72	44	20	70	54	10	59	47	69	48	40	45	61	40	2	10	56	12	68	30	63	19	55	18	27	55	34	0	20	1	64	49	20	10	8	29	68	44	5	45	61	46	47	43	39	42	48	48	28	56	31	35	52	35	7	64	26	51	0	45	37	49	51	6	14	38	26	65	64	11	76	57	50	72	36	55	61	8	74	67	12	2	56	70	54	49	21	58	37	76	12	7	2	14	4	71	69	14	56	34	24	71	65	2	20	16	22	47	65	67	34	51	25	57	61	38	5	11	16	33	61	19	4	30	60	8	66	70	41	20	68	16	77	32	2	56	51	4	21	53	34	75	6	64	3	77	79	50	1	19	55	22	51	54	73	18	35	14	77	1	73	22	12	76	48	22	16	59	63	6	65	23	15	33	72	10	43	14	30	12	58	39	28	39	21	22	27	3	7	34	5	74	7	69	18	36	31	9	11	58	8	69	25	54	42	67	70	1	79	76	74	19	32	41	46	37	21	51	59	49	8	35	74	47	34	18	21	41	75	73	3	55	46	32	31	67	33	18	65	21	16	39	3	39	66	23	28	1	65	29	7	60	6	17	12	66	42	59	68	75	5	70	8	33	16	25	66	76	54	30	26	22	62	31	57	39	50	3	8	41	27	4	64	68	65	75	43	1	14	49	49	58	75	0	75	24	64	15	50	35	40	8	63	68	41	4	28	21	79	11	33	62	65	56	39	57	73	19	55	62	48	37	58	55	30	71	42	44	77	17	63	54	6	62	18	63	50	21	44	0	25	33	6	48	53	41	74	59	14	40	0	56	31	21	65	0	31	11	54	45	7	33	24	71	18	17	1	39	23	36	9	7	48	67	57	32	69	8	10	10	64	42	38	78	26	51	68	6	28	28	47	58	30	61	47	4	42	49	61	60	9	64	3	76	52	3	9	76	67	67	55	70	0	24	40	2	19	61	21	25	38	42	37	21	66	39	3	63	16	15	23	30	40	73	26	62	52	79	69	5	13	43	34	15	76	36	8	50	9	52	34	41	30	37	72	45	67	46	20	54	3	25	45	61	5	63	78	76	66	73	31	60	53	48	25	37	69	77	53	48	28	25	77	39	66	77	73	2	1	17	49	26	
37	25	27	37	26	31	27	25	20	35	31	22	23	28	27	35	27	36	38	33	32	21	37	34	28	24	28	25	39	37	24	34	20	20	26	26	28	39	22	24	26	27	26	26	20	32	35	40	25	29	36	30	38	24	35	35	31	30	35	29	22	31	21	36	27	20	29	40	33	38	32	22	22	30	35	36	23	35	21	29	25	20	39	32	23	35	25	21	30	35	22	33	28	29	29	32	34	22	38	23	33	33	23	25	35	24	37	40	30	38	27	40	33	20	27	27	25	37	35	35	24	23	30	21	27	23	39	28	28	21	26	31	25	24	26	20	34	23	27	21	26	21	28	40	39	31	30	40	22	40	32	27	24	36	35	34	31	34	35	31	31	22	38	22	36	20	28	32	24	33	29	30	22	24	37	33	20	31	28	38	33	35	25	33	29	40	23	23	31	20	29	34	38	25	37	28	34	24	29	27	31	26	35	37	37	33	37	36	37	24	22	34	27	29	23	29	22	39	38	37	31	35	39	23	37	30	34	26	40	37	24	40	34	37	40	22	35	20	20	33	38	20	29	35	32	29	33	32	28	35	24	26	31	26	38	38	20	37	36	32	30	38	36	29	28	22	26	39	40	26	32	31	37	30	20	38	23	34	35	39	20	35	40	34	40	39	33	39	33	39	32	33	22	28	26	27	40	32	27	20	24	23	23	27	25	22	28	26	33	23	33	23	28	23	24	21	37	32	34	37	34	34	29	22	37	39	20	29	26	23	34	39	32	39	39	25	32	21	30	29	39	37	20	31	30	28	27	27	26	34	27	34	20	23	37	28	30	38	29	25	25	38	23	36	28	38	30	29	36	34	35	30	26	28	32	31	38	21	35	33	20	29	22	28	22	32	34	33	40	30	39	31	37	33	39	28	31	35	34	40	30	26	26	34	39	24	28	33	35	23	37	36	23	25	26	22	27	35	39	27	38	36	32	38	38	30	30	32	39	28	30	20	30	32	29	40	30	21	25	39	20	25	40	25	39	27	20	37	23	37	36	34	29	36	21	34	39	35	22	31	20	32	35	36	37	38	27	40	29	24	24	40	34	29	33	23	20	30	27	32	39	25	20	28	23	28	30	35	25	20	39	34	24	24	28	21	25	21	34	30	35	29	40	25	23	34	23	28	30	39	20	27	21	25	22	28	28	26	40	26	27	28	34	24	40	27	25	26	29	25	38	40	25	23	24	38	36	40	32	21	22	33	27	20	32	32	28	29	20	30	38	36	32	28	28	39	24	31	21	21	39	20	40	40	39	39	22	34	21	31	35	33	39	33	24	21	26	22	40	34	22	40	24	35	29	35	38	25	24	24	24	28	24	34	28	31	34	37	27	22	40	23	33	27	26	31	39	20	24	24	39	20	29	28	35	23	24	21	35	35	30	33	22	38	40	32	24	26	40	37	20	36	26	33	28	31	34	27	24	40	23	39	32	37	30	21	39	27	20	26	22	25	40	22	28	39	35	20	29	32	22	38	23	20	28	37	27	38	28	21	31	29	20	23	29	33	22	25	23	29	30	25	23	37	31	40	33	35	28	34	38	25	33	26	37	34	37	26	32	26	28	34	38	31	36	24	38	32	39	40	29	38	25	21	22	28	35	38	21	22	30	23	39	38	37	29	37	20	20	34	37	29	22	37	21	36	38	29	38	23	31	33	31	37	36	23	30	28	24	23	25	30	26	36	33	30	24	26	29	27	34	27	30	23	31	22	29	33	21	30	32	25	29	28	23	21	35	24	34	25	30	35	29	29	35	33	34	34	35	21	38	26	28	31	33	36	38	39	35	33	20	35	35	25	25	26	28	30	25	35	34	31	22	34	29	28	26	38	25	38	32	24	36	26	32	32	21	32	35	38	28	30	30	28	20	26	24	35	28	38	32	23	26	34	27	39	20	31	27	40	20	39	40	34	25	24	32	24	35	26	39	40	36	30	26	30	31	26	23	39	36	28	35	36	39	38	22	36	37	26	26	22	33	39	31	21	40	35	39	27	22	36	28	24	40	27	21	20	20	28	35	26	26	29	23	25	39	39	39	39	33	25	22	20	26	27	37	21	22	22	39	33	26	38	22	24	21	40	33	40	23	40	23	28	21	39	23	30	21	32	33	34	25	29	21	20	20	36	28	20	40	23	20	21	25	34	30	32	28	21	25	27	30	39	32	38	37	27	25	26	35	28	33	40	39	21	26	28	24	33	37	31	20	35	31	20	29	22	26	35	21	31	23	28	25	28	20	22	32	23	34	37	26	38	28	37	24	26	30	30	39	35	26	32	31	31	21	26	39	38	32	25	23	23	31	31	32	23	26	22	35	23	34	30	39	37	24	39	35	32	23	32	24	26	22	38	22	37	36	23	30	29	35	23	36	29	36	26	24	22	34	36	35	22	38	40	24	34	24	31	26	30	37	28	38	34	36	27	20	21	38	20	29	29	31	28	38	31	39	22	24	28	28	23	27	26	36	36	34	33	34	28	39	34	23	38	31	22	32	40	35	40	21	20	25	24	32	26	26	31	27	24	26	28	34	23	24	30	26	27	27	30	39	20	28	22	26	32	28	36	22	37	23	23	28	28	33	20	37	32	28	27	38	40	32	20	23	23	29	30	26	27	32	21	21	30	27	32	31	20	30	35	31	22	25	34	24	36	26	32	29	30	38	34	22	33	36	28	39	24	36	21	36	34	32	23	28	35	27	23	28	26	22	31	29	32	26	23	37	30	27	28	21	20	23	37	26	40	33	26	27	37	40	22	24	20	24	40	29	37	25	36	23	39	29	33	35	21	28	39	39	33	37	34	30	23	34	22	26	37	23	33	39	34	20	28	25	28	27	38	38	39	20	22	27	37	31	25	26	28	24	24	32	28	23	31	35	39	30	24	27	40	22	31	38	23	21	22	34	35	28	23	29	38	38	22	25	24	21	22	22	23	31	30	40	23	28	30	32	39	34	21	20	20	32	28	24	25	29	21	31	34	27	40	24	24	33	24	28	31	37	21	40	39	37	38	28	31	25	33	20	23	40	27	26	32	26	30	28	25	34	20	39	26	40	27	39	25	26	24	34	27	37	39	24	23	28	24	26	31	24	29	40	25	21	28	25	35	40	23	26	21	20	38	37	38	28	38	24	34	21	26	20	35	38	30	32	21	39	34	33	23	32	31	25	32	34	22	33	27	34	34	26	22	40	36	30	26	25	40	21	36	31	39	35	25	20	27	23	40	40	36	35	32	22	38	30	36	26	32	30	22	31	24	38	33	30	23	21	28	27	37	32	32	31	25	38	25	39	23	21	32	24	24	20	34	25	22	38	29	25	35	32	20	38	22	30	20	30	36	24	26	34	25	21	20	21	23	36	29	28	39	33	30	27	24	29	20	26	32	28	32	33	25	20	21	24	26	39	39	24	39	28	29	20	21	36	23	39	27	27	27	38	40	26	21	21	32	40	37	29	31	30	24	31	21	20	25	36	39	33	25	36	35	33	30	30	21	38	31	22	21	30	29	25	23	28	25	31	24	28	38	35	37	30	26	26	25	32	24	22	35	30	21	39	25	36	27	35	28	20	25	21	27	35	25	30	26	29	28	37	23	34	28	38	36	32	38	28	27	23	31	23	33	22	32	28	21	35	34	38	32	27	37	31	23	27	30	29	32	27	37	25	39	28	35	32	21	27	23	23	29	22	33	36	28	22	33	24	31	28	31	34	28	36	35	24	31	38	30	34	37	21	22	25	27	22	24	32	20	28	23	34	21	25	22	26	36	25	27	30	40	25	37	36	28	40	30	24	34	32	29	38	38	36	27	25	31	20	31	27	38	39	33	21	35	37	40	37	21	31	36	40	22	34	32	26	20	34	24	32	36	20	37	21	29	34	22	26	27	20	32	24	22	23	29	20	37	28	24	21	20	24	39	28	36	23	30	28	21	40	20	27	38	29	31	21	28	29	36	30	32	37	22	24	37	26	32	25	25	40	22	36	20	22	36	36	35	40	21	26	27	32	36	26	31	28	39	22	31	24	31	30	30	22	27	31	39	27	29	30	22	33	40	40	35	22	20	30	25	33	35	24	21	24	33	37	32	28	26	23	21	25	38	22	28	32	25	30	22	22	33	24	26	20	37	36	23	32	31	28	35	20	31	35	33	35	20	27	37	22	33	22	36	31	27	28	23	37	26	31	33	23	23	22	31	27	26	39	37	20	20	30	40	30	33	28	33	25	32	38	21	21	25	28	30	30	26	21	27	33	34	20	40	37	25	39	35	37	28	22	33	25	37	23	30	31	21	32	29	23	38	24	35	36	37	24	21	29	34	36	21	27	28	28	37	39	34	27	32	37	22	29	40	26	24	36	37	21	25	39	40	34	40	40	36	31	26	29	32	26	24	22	36	23	37	20	38	21	20	22	20	28	34	25	40	20	32	37	35	40	35	39	40	40	23	35	38	34	28	31	31	32	30	40	40	25	24	31	21	21	40	21	22	31	38	28	39	25	38	34	20	22	23	27	33	26	36	35	40	38	26	34	35	25	30	24	30	40	30	31	20	26	22	23	36	29	31	37	36	20	27	35	38	22	32	37	36	32	22	23	22	37	22	22	35	22	31	22	29	30	23	34	24	24	24	30	35	22	37	34	24	36	28	40	34	24	39	23	24	35	30	20	30	29	22	28	32	30	27	38	34	33	28	34	35	35	30	36	38	20	32	27	40	36	33	25	22	26	24	27	35	25	32	35	26	25	33	29	30	31	22	23	33	22	32	33	22	37	40	30	39	28	38	37	29	20	22	39	23	26	22	23	23	29	27	26	40	31	40	21	34	39	26	33	39	34	40	25	29	26	25	40	36	38	40	40	39	32	35	22	28	34	31	35	26	37	29	39	26	29	37	34	38	36	22	38	25	29	26	25	40	23	35	39	39	25	23	35	31	30	23	29	32	37	23	34	35	26	24	32	38	33	36	27	31	37	39	23	22	29	36	35	36	37	20	37	30	31	24	32	26	
45	38	12	27	18	42	19	49	49	25	41	42	18	11	45	38	24	22	20	13	17	30	20	41	15	13	31	34	24	47	24	44	37	33	32	42	37	11	48	23	29	28	40	16	21	39	45	10	11	48	21	27	38	47	30	50	41	46	26	44	19	43	43	27	41	29	47	40	24	39	24	43	35	37	10	39	48	33	21	38	24	27	44	43	24	10	17	26	35	28	40	49	37	23	27	28	13	36	41	35	25	15	10	42	24	39	45	34	46	21	15	43	17	12	20	31	46	12	27	46	25	31	42	44	47	39	11	49	11	12	43	43	50	16	39	37	23	38	34	29	43	13	50	31	11	32	43	20	16	50	30	41	39	32	36	15	21	38	16	46	32	49	49	46	22	45	42	49	18	30	30	35	27	40	36	37	42	16	43	22	46	44	29	48	23	44	44	15	21	40	45	12	23	43	38	30	10	50	40	25	39	17	27	39	33	38	37	24	24	35	23	22	39	22	12	19	14	12	26	41	24	16	28	12	19	25	12	40	33	49	28	50	39	37	14	14	40	20	13	19	49	25	36	35	34	47	48	32	31	31	27	14	43	34	18	12	31	37	35	39	46	23	34	36	48	10	26	26	12	46	28	35	49	39	13	36	48	15	43	50	39	37	28	43	49	24	18	35	33	26	17	13	36	31	44	30	10	15	33	48	50	30	33	26	33	15	46	17	37	19	32	36	46	29	39	18	28	15	40	36	42	11	13	48	40	44	47	26	37	13	17	25	19	17	10	37	49	24	16	26	30	15	35	35	17	39	15	15	26	18	23	49	46	14	34	34	44	10	38	27	42	42	21	12	45	25	42	13	33	34	17	46	21	46	16	25	21	25	16	31	29	21	34	30	33	13	18	30	37	29	45	39	11	22	48	34	16	44	20	49	13	34	11	20	31	50	27	26	45	46	14	28	17	35	30	31	38	19	43	17	37	40	13	47	47	23	28	14	19	43	27	49	35	35	28	36	45	23	30	25	26	24	13	10	26	48	37	49	17	28	38	13	49	14	46	22	30	33	23	39	32	50	45	26	26	26	12	14	29	10	46	26	10	45	23	45	42	31	35	27	22	12	23	40	19	19	40	34	31	13	27	20	43	37	43	16	34	16	35	33	41	39	36	33	25	22	49	22	13	11	37	20	15	22	35	34	16	35	22	45	26	33	20	44	14	23	17	13	36	26	48	46	38	48	14	41	17	32	28	20	16	41	44	24	16	14	12	17	27	33	22	26	13	22	46	25	47	36	27	23	28	44	32	15	37	48	32	46	46	15	46	33	37	18	28	41	22	30	47	48	39	49	44	38	19	18	43	38	47	16	46	49	38	41	31	28	45	27	11	50	35	12	34	15	15	12	42	27	27	19	13	26	48	37	16	11	39	32	48	47	10	13	25	36	21	35	16	28	29	37	44	49	12	22	34	20	36	34	16	16	42	41	12	10	32	42	24	21	12	34	31	15	47	49	37	29	27	15	31	30	36	24	22	15	37	22	28	42	46	31	26	22	41	25	14	13	37	26	39	33	14	12	13	20	20	20	33	41	31	24	15	27	13	10	29	48	25	16	17	37	22	14	20	32	32	49	24	30	41	10	33	41	43	27	29	23	40	36	27	49	42	28	13	16	18	14	45	48	11	40	14	49	44	44	33	48	12	35	11	25	31	21	16	48	26	49	18	11	21	37	39	25	24	18	35	40	17	47	31	40	15	25	23	41	25	28	45	26	10	11	30	32	12	39	42	10	17	34	33	39	32	23	21	14	37	33	44	23	27	47	33	29	33	39	22	31	15	16	18	18	29	37	42	15	35	35	23	44	28	25	36	18	11	34	37	43	27	43	20	31	46	43	30	10	43	45	48	40	30	29	46	44	30	44	17	42	14	36	22	40	12	10	39	26	11	39	47	34	39	27	48	38	50	14	25	28	50	38	38	24	38	46	18	42	28	19	19	12	27	13	49	24	49	41	44	35	34	16	24	41	12	47	17	29	46	11	29	46	41	31	46	18	44	14	19	40	40	23	41	25	20	37	26	43	33	24	33	23	44	37	19	41	14	48	12	16	10	15	15	10	35	42	35	26	25	26	20	11	22	34	12	12	21	35	48	50	44	20	40	10	37	29	46	46	32	33	14	28	22	13	26	45	19	11	15	43	11	20	33	12	35	24	37	41	49	37	43	16	27	49	13	24	24	14	15	12	21	40	15	35	17	25	42	42	39	47	40	22	47	25	20	26	32	12	27	11	27	14	24	11	50	40	28	29	49	11	40	15	18	40	37	34	33	12	16	19	41	39	32	10	19	43	43	28	42	36	43	22	24	34	35	38	29	22	24	18	18	39	31	27	41	10	10	50	26	21	50	30	44	40	42	19	16	31	23	42	21	15	49	46	26	28	39	18	22	47	36	37	41	47	11	34	38	21	19	25	13	13	26	29	45	45	43	26	15	39	13	11	27	21	24	28	22	14	23	21	27	21	44	50	14	45	22	49	45	34	35	16	24	48	46	21	20	26	45	35	11	47	16	22	25	23	43	31	39	22	23	18	38	46	19	41	25	11	37	17	49	38	20	47	21	25	22	49	25	42	11	17	34	34	12	30	26	41	47	32	23	23	10	44	35	10	46	15	18	49	16	24	37	19	37	12	25	13	15	18	20	33	36	10	29	20	36	37	33	30	37	35	20	44	38	14	45	15	13	17	22	13	23	24	46	21	46	46	21	23	30	14	19	17	48	40	33	34	27	40	25	35	27	12	40	15	35	13	31	17	16	11	24	48	18	30	12	32	19	23	48	43	37	32	32	16	20	38	32	37	38	32	40	34	28	22	47	39	46	44	46	50	16	22	11	50	15	28	15	41	50	27	50	43	48	44	23	48	35	40	47	26	31	37	22	15	42	46	19	20	42	13	11	29	25	23	21	47	15	22	50	48	19	14	16	43	24	37	11	12	24	40	41	44	18	21	41	29	10	29	34	11	36	14	38	15	14	42	30	43	41	48	13	10	20	27	22	31	29	22	33	49	32	44	32	48	11	48	12	25	48	16	47	33	38	41	22	19	36	40	44	24	44	36	14	11	24	13	47	49	15	27	35	17	46	14	18	47	13	32	43	13	12	43	27	22	11	50	40	29	12	31	32	21	15	15	17	48	35	33	47	14	12	15	45	16	12	27	26	12	36	48	40	21	39	33	11	50	50	35	49	15	36	34	50	35	28	29	31	42	31	25	39	27	46	31	50	27	31	37	33	22	10	20	23	21	49	20	45	44	42	49	25	38	38	19	24	12	15	32	22	20	16	41	39	49	23	21	46	27	43	47	46	47	20	14	45	41	44	50	16	25	41	48	48	45	20	23	33	24	27	28	49	44	34	28	46	36	30	37	21	29	34	13	10	16	46	13	35	10	47	36	11	14	50	26	21	47	46	50	23	30	37	12	26	11	24	39	35	40	37	43	42	28	32	20	35	49	50	33	31	29	28	23	40	38	41	18	15	32	36	46	31	20	46	38	31	24	30	36	14	40	38	16	15	28	33	31	16	25	44	47	18	47	30	47	35	18	15	39	25	11	43	31	36	13	36	42	33	19	23	39	31	14	21	19	18	24	24	32	42	14	31	10	25	33	17	30	47	34	35	42	28	45	29	24	32	28	40	46	36	49	16	27	21	25	32	38	38	20	32	35	17	46	32	47	49	48	49	49	40	13	22	21	22	40	15	39	16	46	40	27	29	29	10	29	23	19	41	37	21	43	47	28	41	39	41	32	34	38	17	17	24	17	39	14	42	48	36	28	48	45	38	48	30	44	27	47	22	48	42	50	36	24	29	23	30	23	47	40	50	48	37	29	13	26	28	33	27	48	31	37	33	44	13	13	44	39	20	37	47	41	23	41	38	40	24	47	20	18	44	35	44	42	47	39	17	26	29	22	45	28	12	21	50	15	43	40	17	35	10	10	45	36	30	14	46	13	42	31	30	35	44	22	10	13	20	33	32	21	27	37	50	40	22	14	11	35	24	18	50	43	41	27	10	44	24	37	15	11	23	10	46	30	18	35	18	39	40	33	44	38	12	13	40	22	34	21	50	26	11	26	15	11	11	27	13	43	17	41	23	15	44	13	34	46	19	30	15	10	36	16	10	25	49	21	23	35	50	37	17	16	37	17	24	39	38	36	48	14	21	22	48	43	42	20	44	30	50	50	27	27	13	36	39	26	14	31	15	17	50	35	45	15	43	27	22	25	18	10	45	17	47	14	46	26	21	17	48	43	41	19	42	37	32	47	27	36	16	23	24	38	28	40	49	22	39	28	46	21	37	42	48	31	27	22	34	32	35	40	49	15	45	44	16	41	13	44	20	17	33	23	48	27	14	16	14	37	30	47	42	24	25	47	46	35	36	41	18	33	12	10	19	23	33	16	16	38	11	40	37	49	37	46	41	45	43	41	19	50	26	47	38	28	35	18	24	49	22	34	17	15	39	24	17	29	49	13	39	38	37	21	33	50	31	27	21	30	13	35	42	39	32	41	20	37	29	43	12	11	19	37	27	41	12	17	32	21	32	28	23	19	11	32	36	18	28	28	18	43	50	35	47	14	26	47	27	13	28	33	36	22	50	14	35	47	49	43	18	10	17	26	35	44	29	37	33	38	38	37	35	31	34	14	45	47	22	37	45	17	36	26	20	22	35	40	19	46	49	15	35	25	16	50	40	50	19	20	11	14	33	25	11	37	26	38	48	33	12	47	20	47	13	33	16	21	18	38	34	24	13	50	46	45	50	47	49	25	36	36	48	17	48	50	13	17	31	21	17	26	19	31	21	12	22	10	27	16	19	44	40	35	46	40	22	40	40	28	24	11	41	39	40	50	32	13	39	23	28	17	48	13	44	43	34	42	25	33	33	18	11	12	10	24	17	11	17	39	39	21	35	48	45	24	33	17	18	22	34	34	11	22	37	13	19	28	16	16	25	14	28	38	37	38	36	44	30	49	40	22	50	40	20	14	12	45	
20
70
