2212
80
0	500	0	0	0	0	0	0	0	0	0	0	0	0	0	0	0	0	0	0	0	0	0	0	0	0	0	0	0	0	0	0	0	0	0	0	0	0	0	0	0	0	0	0	0	0	48	0	0	0	0	0	0	0	0	0	0	0	0	0	0	0	0	0	0	0	0	0	0	0	0	0	0	0	0	0	0	0	0	0	
500	0	0	0	0	0	0	0	0	0	0	0	192	0	0	0	0	0	0	0	0	0	0	0	0	0	0	0	0	0	0	0	96	0	0	0	0	0	0	0	0	0	0	0	0	0	96	0	0	0	0	0	0	0	0	0	0	0	0	0	0	0	0	0	0	0	0	0	0	0	0	0	0	0	0	0	0	0	0	0	
0	0	0	0	0	0	0	500	0	0	0	96	0	0	0	0	0	0	0	0	0	0	0	0	0	0	0	0	0	0	0	0	0	0	0	0	0	0	0	0	0	0	0	0	0	0	0	0	0	0	0	0	0	0	0	0	0	0	0	0	0	0	0	0	0	0	0	0	0	0	0	0	0	0	0	0	0	0	0	0	
0	0	0	0	0	0	0	0	0	0	0	0	0	0	0	0	0	0	0	0	0	0	0	0	0	0	0	0	0	0	0	0	0	0	0	0	0	0	0	0	0	0	0	0	0	0	0	0	0	0	0	0	0	0	0	0	0	96	0	0	0	0	0	0	0	0	0	48	0	0	0	500	0	0	0	0	0	0	0	0	
0	0	0	0	0	0	0	0	0	0	0	0	0	0	0	0	0	0	0	0	0	0	0	0	0	0	0	0	0	0	0	0	0	0	0	0	500	0	0	0	0	0	0	0	0	0	0	0	0	0	0	0	0	0	0	0	0	0	0	0	0	0	0	48	0	0	0	0	0	0	0	0	0	0	48	0	0	0	0	0	
0	0	0	0	0	0	0	0	0	0	0	0	0	48	0	0	0	0	0	0	0	0	0	0	0	0	0	0	0	0	0	0	0	0	0	0	0	0	0	0	0	0	0	0	0	0	0	0	0	0	0	0	0	0	0	0	0	0	48	0	0	0	0	0	0	0	0	0	0	0	0	0	0	0	0	0	0	0	0	0	
0	0	0	0	0	0	0	0	0	0	0	0	192	0	0	0	0	0	0	0	0	0	0	0	0	0	0	0	0	0	0	0	48	0	0	0	0	0	0	0	192	48	96	0	0	0	0	0	0	0	0	0	0	0	0	0	0	0	0	0	0	0	0	0	0	0	0	0	0	0	0	0	0	0	0	0	0	0	0	0	
0	0	500	0	0	0	0	0	0	0	0	500	0	0	0	0	0	0	0	0	0	0	0	0	0	0	0	0	0	0	0	0	0	0	0	0	0	0	0	0	0	0	0	0	0	0	0	0	0	0	0	0	0	0	0	0	0	0	0	0	0	0	0	0	0	0	0	0	0	0	0	0	0	0	0	0	0	0	0	0	
0	0	0	0	0	0	0	0	0	0	0	0	0	0	0	0	0	0	0	0	0	0	0	0	0	0	500	0	0	0	0	0	0	0	0	0	0	48	0	0	0	0	0	0	0	0	0	0	0	0	0	0	0	0	0	0	0	0	0	0	0	0	0	0	0	0	0	0	48	0	0	0	0	0	0	0	0	0	0	0	
0	0	0	0	0	0	0	0	0	0	0	0	0	0	0	0	0	0	0	0	0	0	0	0	48	0	0	500	0	0	0	0	0	0	0	0	0	0	0	0	500	0	0	0	0	0	0	0	0	0	0	0	0	0	0	0	0	0	0	0	0	0	0	0	0	0	0	0	0	0	0	0	0	0	0	0	0	500	0	0	
0	0	0	0	0	0	0	0	0	0	0	0	0	0	0	0	0	0	0	0	0	0	0	0	0	0	0	0	0	0	0	0	0	0	0	0	0	0	48	0	0	0	48	0	0	0	0	0	0	0	0	0	0	0	0	0	0	0	0	0	0	0	0	0	0	0	0	0	0	0	0	0	0	0	0	0	0	0	0	0	
0	0	96	0	0	0	0	500	0	0	0	0	0	0	0	0	0	0	0	500	0	0	0	0	0	0	0	0	0	0	0	0	0	0	0	0	0	0	0	0	0	0	0	0	0	96	0	0	0	0	0	0	0	0	0	0	0	0	0	0	0	0	0	0	500	0	0	0	0	0	0	0	0	0	0	0	0	0	0	0	
0	192	0	0	0	0	192	0	0	0	0	0	0	0	0	0	0	0	0	0	0	0	0	0	0	0	0	0	0	0	0	0	500	0	0	0	0	0	0	0	0	500	48	0	0	0	0	0	0	0	0	0	0	0	0	0	0	0	0	0	0	0	0	0	0	0	0	0	0	0	0	0	0	0	0	0	0	0	0	0	
0	0	0	0	0	48	0	0	0	0	0	0	0	0	0	0	0	0	0	0	0	0	0	0	0	0	0	0	0	0	0	0	0	0	0	0	0	0	0	0	0	0	0	0	0	0	0	0	0	0	0	0	0	0	0	0	0	48	0	0	0	0	0	0	0	0	0	0	0	0	0	0	0	0	0	0	0	0	0	0	
0	0	0	0	0	0	0	0	0	0	0	0	0	0	0	0	0	0	0	0	0	0	0	0	0	0	0	0	0	0	0	0	0	0	0	0	0	0	0	0	0	0	0	0	48	0	0	0	0	0	0	0	0	0	0	0	0	0	0	0	0	0	500	0	0	0	0	0	0	0	0	0	0	0	0	48	0	0	0	0	
0	0	0	0	0	0	0	0	0	0	0	0	0	0	0	0	0	0	0	0	0	0	0	0	0	0	0	0	0	0	500	0	0	0	0	0	0	0	0	0	0	0	0	0	0	0	0	0	0	0	0	0	0	192	0	0	0	0	0	0	0	0	0	0	0	0	0	0	0	0	0	0	0	0	0	0	0	0	192	0	
0	0	0	0	0	0	0	0	0	0	0	0	0	0	0	0	0	0	0	0	0	0	0	0	0	0	0	0	0	0	0	0	0	500	0	0	0	0	0	0	0	0	0	0	0	0	0	0	0	0	0	0	0	0	0	0	0	0	500	0	0	0	0	0	0	0	0	48	0	0	0	0	0	0	0	0	0	0	0	0	
0	0	0	0	0	0	0	0	0	0	0	0	0	0	0	0	0	0	0	0	0	0	0	0	0	0	0	0	0	0	0	0	0	0	0	0	0	0	0	0	0	0	0	0	0	0	0	0	0	0	0	0	0	0	0	48	192	0	0	0	0	0	0	0	0	0	0	0	0	0	0	0	0	0	0	0	0	0	192	0	
0	0	0	0	0	0	0	0	0	0	0	0	0	0	0	0	0	0	0	0	0	0	0	0	0	0	0	0	0	0	0	0	0	0	0	0	0	0	0	0	0	0	0	0	0	0	0	0	0	192	0	0	0	0	0	0	0	0	0	0	0	0	0	0	0	0	0	0	0	0	0	0	0	96	0	0	0	0	0	0	
0	0	0	0	0	0	0	0	0	0	0	500	0	0	0	0	0	0	0	0	0	0	0	0	0	0	0	0	0	0	0	0	0	0	0	0	0	0	0	0	0	0	0	0	0	500	0	0	0	0	0	0	0	0	0	0	0	0	0	0	0	0	0	0	0	0	0	0	0	0	0	0	0	0	0	0	0	0	0	0	
0	0	0	0	0	0	0	0	0	0	0	0	0	0	0	0	0	0	0	0	0	0	0	0	0	0	0	96	0	0	0	0	0	0	0	0	0	0	0	0	0	0	0	48	0	0	0	0	0	0	0	0	0	0	0	0	0	0	0	0	0	0	0	48	0	0	0	0	0	0	0	0	0	0	0	0	0	0	0	0	
0	0	0	0	0	0	0	0	0	0	0	0	0	0	0	0	0	0	0	0	0	0	0	0	0	0	0	0	0	0	500	0	0	0	0	0	0	0	0	0	0	0	0	0	0	0	0	0	0	0	48	0	0	0	0	0	0	0	0	0	0	192	0	0	0	0	0	0	0	0	0	0	0	0	0	0	0	0	0	0	
0	0	0	0	0	0	0	0	0	0	0	0	0	0	0	0	0	0	0	0	0	0	0	0	0	0	0	0	0	0	0	0	0	0	0	96	0	0	0	0	0	0	0	0	0	0	0	0	0	0	0	48	0	0	48	0	0	0	0	0	0	0	0	0	0	0	0	0	0	0	0	0	0	0	0	0	0	0	0	96	
0	0	0	0	0	0	0	0	0	0	0	0	0	0	0	0	0	0	0	0	0	0	0	0	0	48	0	0	0	0	0	0	0	0	500	0	0	0	0	0	0	0	0	0	0	0	0	0	0	0	0	0	0	0	0	0	0	0	0	0	0	0	0	0	0	0	0	0	0	0	0	0	0	0	0	0	0	0	0	0	
0	0	0	0	0	0	0	0	0	48	0	0	0	0	0	0	0	0	0	0	0	0	0	0	0	0	0	0	48	0	0	0	0	0	0	0	0	0	0	0	0	0	0	0	0	0	0	0	0	0	0	0	0	0	0	0	0	0	0	0	0	0	0	0	0	0	0	0	0	0	0	0	0	0	0	0	0	48	0	0	
0	0	0	0	0	0	0	0	0	0	0	0	0	0	0	0	0	0	0	0	0	0	0	48	0	0	0	0	0	0	0	0	0	0	192	0	0	0	0	0	0	0	0	0	0	0	0	0	0	0	0	0	0	0	0	0	0	0	0	0	0	0	0	0	0	0	0	0	0	0	0	0	0	0	0	0	0	0	0	0	
0	0	0	0	0	0	0	0	500	0	0	0	0	0	0	0	0	0	0	0	0	0	0	0	0	0	0	0	0	0	0	0	0	0	0	0	0	192	0	0	0	0	0	0	0	0	0	0	0	0	0	0	0	0	0	0	0	0	0	0	0	0	0	0	0	0	0	0	0	0	0	0	0	0	0	0	0	0	0	0	
0	0	0	0	0	0	0	0	0	500	0	0	0	0	0	0	0	0	0	0	96	0	0	0	0	0	0	0	0	0	0	0	0	0	0	0	0	0	0	0	0	0	0	500	0	0	0	0	0	0	0	0	0	0	0	0	0	0	0	0	0	0	0	0	0	0	0	0	0	0	0	0	0	0	0	0	0	0	0	0	
0	0	0	0	0	0	0	0	0	0	0	0	0	0	0	0	0	0	0	0	0	0	0	0	48	0	0	0	0	0	0	0	0	0	0	0	0	0	0	0	0	0	0	0	0	0	0	0	0	0	0	0	0	0	0	0	0	0	0	0	0	0	0	0	0	0	0	0	0	0	0	0	0	0	96	0	0	0	0	0	
0	0	0	0	0	0	0	0	0	0	0	0	0	0	0	0	0	0	0	0	0	0	0	0	0	0	0	0	0	0	0	192	0	0	0	0	0	0	0	0	0	48	0	0	0	0	0	0	0	0	0	0	0	0	0	0	0	0	0	0	0	0	0	0	0	0	0	0	0	0	0	0	0	0	0	48	0	0	0	0	
0	0	0	0	0	0	0	0	0	0	0	0	0	0	0	500	0	0	0	0	0	500	0	0	0	0	0	0	0	0	0	0	0	0	0	0	0	0	0	0	0	0	0	0	0	0	0	0	0	0	500	0	0	0	0	0	0	0	0	0	0	500	0	0	0	0	0	0	0	0	0	0	0	0	0	0	0	0	500	0	
0	0	0	0	0	0	0	0	0	0	0	0	0	0	0	0	0	0	0	0	0	0	0	0	0	0	0	0	0	192	0	0	0	0	0	0	0	0	0	0	0	48	0	0	0	0	0	0	0	0	0	0	0	0	0	0	0	0	0	0	0	0	192	0	0	0	0	0	0	0	0	0	0	0	0	0	0	0	0	0	
0	96	0	0	0	0	48	0	0	0	0	0	500	0	0	0	0	0	0	0	0	0	0	0	0	0	0	0	0	0	0	0	0	0	0	0	0	0	0	0	0	0	0	0	0	0	0	0	0	0	0	0	0	0	0	0	0	0	0	0	0	0	0	0	0	0	0	0	0	0	0	0	0	0	0	0	0	0	0	0	
0	0	0	0	0	0	0	0	0	0	0	0	0	0	0	0	500	0	0	0	0	0	0	0	0	0	0	0	0	0	0	0	0	0	0	0	0	0	0	0	0	0	0	0	0	0	0	0	0	0	0	0	0	0	0	0	0	0	48	0	96	0	0	0	0	0	0	0	0	0	0	0	0	0	0	0	0	0	0	0	
0	0	0	0	0	0	0	0	0	0	0	0	0	0	0	0	0	0	0	0	0	0	0	500	0	192	0	0	0	0	0	0	0	0	0	0	0	0	0	0	0	0	0	0	0	0	0	0	0	0	0	0	0	0	0	0	0	0	0	0	0	0	0	0	0	48	0	0	0	0	0	0	0	0	0	0	0	0	0	0	
0	0	0	0	0	0	0	0	0	0	0	0	0	0	0	0	0	0	0	0	0	0	96	0	0	0	0	0	0	0	0	0	0	0	0	0	0	0	0	0	0	0	0	0	0	0	0	0	0	0	0	0	0	0	96	0	0	0	0	0	0	0	0	0	0	0	0	0	0	48	0	0	0	0	0	0	0	192	0	0	
0	0	0	0	500	0	0	0	0	0	0	0	0	0	0	0	0	0	0	0	0	0	0	0	0	0	0	0	0	0	0	0	0	0	0	0	0	0	0	0	0	0	0	0	0	0	0	0	0	0	0	0	0	0	0	0	0	0	0	0	0	0	0	500	0	0	0	0	0	0	0	0	0	0	0	0	0	0	0	0	
0	0	0	0	0	0	0	0	48	0	0	0	0	0	0	0	0	0	0	0	0	0	0	0	0	0	192	0	0	0	0	0	0	0	0	0	0	0	0	0	0	0	0	0	0	0	0	0	0	0	0	0	0	0	0	0	0	0	0	0	0	0	0	0	0	0	0	0	192	0	0	0	0	0	0	0	0	0	0	0	
0	0	0	0	0	0	0	0	0	0	48	0	0	0	0	0	0	0	0	0	0	0	0	0	0	0	0	0	0	0	0	0	0	0	0	0	0	0	0	0	0	0	500	0	0	0	0	0	0	0	0	0	0	0	0	0	0	0	0	0	0	0	0	0	0	0	0	0	0	0	0	0	0	0	0	0	0	0	0	0	
0	0	0	0	0	0	0	0	0	0	0	0	0	0	0	0	0	0	0	0	0	0	0	0	0	0	0	0	0	0	0	0	0	0	0	0	0	0	0	0	0	0	0	48	96	0	0	0	0	0	0	0	0	0	0	0	0	0	0	48	0	0	0	0	0	0	0	0	0	0	0	0	0	0	0	0	0	0	0	0	
0	0	0	0	0	0	192	0	0	500	0	0	0	0	0	0	0	0	0	0	0	0	0	0	0	0	0	0	0	0	0	0	0	0	0	0	0	0	0	0	0	0	0	0	0	0	0	0	0	0	0	0	0	0	0	0	0	0	0	0	0	0	0	0	0	0	0	0	0	0	0	0	0	0	0	0	0	0	0	0	
0	0	0	0	0	0	48	0	0	0	0	0	500	0	0	0	0	0	0	0	0	0	0	0	0	0	0	0	0	48	0	48	0	0	0	0	0	0	0	0	0	0	96	0	0	0	0	0	0	0	0	0	0	0	0	0	0	0	0	0	0	0	0	0	0	0	0	0	0	0	0	0	0	0	0	0	0	0	0	0	
0	0	0	0	0	0	96	0	0	0	48	0	48	0	0	0	0	0	0	0	0	0	0	0	0	0	0	0	0	0	0	0	0	0	0	0	0	0	500	0	0	96	0	0	0	0	0	0	0	0	0	0	0	0	0	0	0	0	0	0	0	0	0	0	0	0	0	0	0	0	0	0	0	0	0	0	0	0	0	0	
0	0	0	0	0	0	0	0	0	0	0	0	0	0	0	0	0	0	0	0	48	0	0	0	0	0	0	500	0	0	0	0	0	0	0	0	0	0	0	48	0	0	0	0	0	0	0	0	0	0	0	0	0	0	0	0	0	0	0	0	0	0	0	0	0	0	0	0	0	0	0	0	0	0	0	0	0	0	0	0	
0	0	0	0	0	0	0	0	0	0	0	0	0	0	48	0	0	0	0	0	0	0	0	0	0	0	0	0	0	0	0	0	0	0	0	0	0	0	0	96	0	0	0	0	0	0	0	0	0	0	0	0	0	0	0	0	0	0	0	0	0	0	0	0	0	0	0	0	0	0	0	0	0	0	0	0	0	0	0	0	
0	0	0	0	0	0	0	0	0	0	0	96	0	0	0	0	0	0	0	500	0	0	0	0	0	0	0	0	0	0	0	0	0	0	0	0	0	0	0	0	0	0	0	0	0	0	0	0	0	0	0	0	0	0	0	0	0	0	0	0	0	0	0	0	0	0	0	0	0	0	0	0	0	0	0	0	0	0	0	0	
48	96	0	0	0	0	0	0	0	0	0	0	0	0	0	0	0	0	0	0	0	0	0	0	0	0	0	0	0	0	0	0	0	0	0	0	0	0	0	0	0	0	0	0	0	0	0	0	0	0	0	0	0	0	0	0	0	0	0	0	0	0	0	0	0	0	96	0	0	0	0	0	0	0	0	0	0	0	0	0	
0	0	0	0	0	0	0	0	0	0	0	0	0	0	0	0	0	0	0	0	0	0	0	0	0	0	0	0	0	0	0	0	0	0	0	0	0	0	0	0	0	0	0	0	0	0	0	0	0	0	0	0	500	0	0	0	0	0	0	0	0	0	0	0	192	0	0	0	0	0	0	0	0	0	0	0	0	0	0	0	
0	0	0	0	0	0	0	0	0	0	0	0	0	0	0	0	0	0	0	0	0	0	0	0	0	0	0	0	0	0	0	0	0	0	0	0	0	0	0	0	0	0	0	0	0	0	0	0	0	0	0	0	0	0	0	0	0	0	0	0	0	0	0	0	0	0	0	0	0	0	96	0	0	0	0	0	500	0	0	0	
0	0	0	0	0	0	0	0	0	0	0	0	0	0	0	0	0	0	192	0	0	0	0	0	0	0	0	0	0	0	0	0	0	0	0	0	0	0	0	0	0	0	0	0	0	0	0	0	0	0	0	0	0	0	0	0	0	0	0	0	0	0	0	0	0	0	0	0	0	0	0	0	96	0	0	0	0	0	0	0	
0	0	0	0	0	0	0	0	0	0	0	0	0	0	0	0	0	0	0	0	0	48	0	0	0	0	0	0	0	0	500	0	0	0	0	0	0	0	0	0	0	0	0	0	0	0	0	0	0	0	0	0	0	0	0	0	0	0	0	0	0	0	0	0	0	0	0	0	0	0	0	0	0	0	0	0	0	0	0	0	
0	0	0	0	0	0	0	0	0	0	0	0	0	0	0	0	0	0	0	0	0	0	48	0	0	0	0	0	0	0	0	0	0	0	0	0	0	0	0	0	0	0	0	0	0	0	0	0	0	0	0	0	0	0	0	0	0	0	0	0	0	0	0	0	0	0	0	0	0	0	0	0	0	0	0	0	0	0	0	500	
0	0	0	0	0	0	0	0	0	0	0	0	0	0	0	0	0	0	0	0	0	0	0	0	0	0	0	0	0	0	0	0	0	0	0	0	0	0	0	0	0	0	0	0	0	0	0	500	0	0	0	0	0	0	0	0	0	0	0	0	0	0	0	0	0	0	192	0	0	0	0	0	0	0	0	0	0	0	0	0	
0	0	0	0	0	0	0	0	0	0	0	0	0	0	0	192	0	0	0	0	0	0	0	0	0	0	0	0	0	0	0	0	0	0	0	0	0	0	0	0	0	0	0	0	0	0	0	0	0	0	0	0	0	0	0	192	500	0	0	0	0	0	0	0	0	0	0	0	0	0	0	0	0	0	0	0	0	0	0	0	
0	0	0	0	0	0	0	0	0	0	0	0	0	0	0	0	0	0	0	0	0	0	48	0	0	0	0	0	0	0	0	0	0	0	0	96	0	0	0	0	0	0	0	0	0	0	0	0	0	0	0	0	0	0	0	0	0	0	0	0	0	0	0	0	0	0	0	0	0	0	0	0	0	0	0	0	0	0	0	0	
0	0	0	0	0	0	0	0	0	0	0	0	0	0	0	0	0	48	0	0	0	0	0	0	0	0	0	0	0	0	0	0	0	0	0	0	0	0	0	0	0	0	0	0	0	0	0	0	0	0	0	0	0	192	0	0	0	0	0	0	0	0	0	0	0	0	0	0	0	192	0	0	0	0	0	0	0	0	0	0	
0	0	0	0	0	0	0	0	0	0	0	0	0	0	0	0	0	192	0	0	0	0	0	0	0	0	0	0	0	0	0	0	0	0	0	0	0	0	0	0	0	0	0	0	0	0	0	0	0	0	0	0	0	500	0	0	0	0	0	0	0	0	0	0	0	0	0	0	0	0	0	0	0	0	0	0	0	0	0	0	
0	0	0	96	0	0	0	0	0	0	0	0	0	48	0	0	0	0	0	0	0	0	0	0	0	0	0	0	0	0	0	0	0	0	0	0	0	0	0	0	0	0	0	0	0	0	0	0	0	0	0	0	0	0	0	0	0	0	0	0	0	0	0	0	0	0	0	0	0	0	0	0	0	0	0	0	0	0	0	0	
0	0	0	0	0	48	0	0	0	0	0	0	0	0	0	0	500	0	0	0	0	0	0	0	0	0	0	0	0	0	0	0	0	48	0	0	0	0	0	0	0	0	0	0	0	0	0	0	0	0	0	0	0	0	0	0	0	0	0	0	96	0	0	0	0	0	0	0	0	0	0	96	0	0	0	0	0	0	0	0	
0	0	0	0	0	0	0	0	0	0	0	0	0	0	0	0	0	0	0	0	0	0	0	0	0	0	0	0	0	0	0	0	0	0	0	0	0	0	0	48	0	0	0	0	0	0	0	0	0	0	0	0	0	0	0	0	0	0	0	0	0	0	48	0	0	192	0	0	0	0	0	192	0	0	0	0	0	192	0	0	
0	0	0	0	0	0	0	0	0	0	0	0	0	0	0	0	0	0	0	0	0	0	0	0	0	0	0	0	0	0	0	0	0	96	0	0	0	0	0	0	0	0	0	0	0	0	0	0	0	0	0	0	0	0	0	0	0	0	96	0	0	0	0	0	0	0	0	0	0	0	0	0	0	0	0	0	0	0	0	0	
0	0	0	0	0	0	0	0	0	0	0	0	0	0	0	0	0	0	0	0	0	192	0	0	0	0	0	0	0	0	500	0	0	0	0	0	0	0	0	0	0	0	0	0	0	0	0	0	0	0	0	0	0	0	0	0	0	0	0	0	0	0	0	0	0	96	0	0	0	0	0	0	0	0	0	0	0	0	0	0	
0	0	0	0	0	0	0	0	0	0	0	0	0	0	500	0	0	0	0	0	0	0	0	0	0	0	0	0	0	0	0	192	0	0	0	0	0	0	0	0	0	0	0	0	0	0	0	0	0	0	0	0	0	0	0	0	0	0	0	48	0	0	0	0	0	0	0	0	0	0	0	0	0	0	0	0	0	0	0	0	
0	0	0	0	48	0	0	0	0	0	0	0	0	0	0	0	0	0	0	0	48	0	0	0	0	0	0	0	0	0	0	0	0	0	0	0	500	0	0	0	0	0	0	0	0	0	0	0	0	0	0	0	0	0	0	0	0	0	0	0	0	0	0	0	0	0	0	0	0	0	0	0	0	0	0	0	0	0	0	0	
0	0	0	0	0	0	0	0	0	0	0	500	0	0	0	0	0	0	0	0	0	0	0	0	0	0	0	0	0	0	0	0	0	0	0	0	0	0	0	0	0	0	0	0	0	0	0	192	0	0	0	0	0	0	0	0	0	0	0	0	0	0	0	0	0	0	0	0	0	0	0	0	0	0	0	0	0	0	0	0	
0	0	0	0	0	0	0	0	0	0	0	0	0	0	0	0	0	0	0	0	0	0	0	0	0	0	0	0	0	0	0	0	0	0	48	0	0	0	0	0	0	0	0	0	0	0	0	0	0	0	0	0	0	0	0	0	0	0	0	192	0	96	0	0	0	0	0	0	0	0	500	0	0	0	0	0	500	0	0	0	
0	0	0	0	0	0	0	0	0	0	0	0	0	0	0	0	0	0	0	0	0	0	0	0	0	0	0	0	0	0	0	0	0	0	0	0	0	0	0	0	0	0	0	0	0	0	96	0	0	0	0	0	192	0	0	0	0	0	0	0	0	0	0	0	0	0	0	0	0	0	0	0	0	0	0	0	0	0	0	0	
0	0	0	48	0	0	0	0	0	0	0	0	0	0	0	0	48	0	0	0	0	0	0	0	0	0	0	0	0	0	0	0	0	0	0	0	0	0	0	0	0	0	0	0	0	0	0	0	0	0	0	0	0	0	0	0	0	0	0	0	0	0	0	0	0	0	0	0	0	0	0	0	0	0	0	0	0	0	0	0	
0	0	0	0	0	0	0	0	48	0	0	0	0	0	0	0	0	0	0	0	0	0	0	0	0	0	0	0	0	0	0	0	0	0	0	0	0	192	0	0	0	0	0	0	0	0	0	0	0	0	0	0	0	0	0	0	0	0	0	0	0	0	0	0	0	0	0	0	0	0	0	0	500	0	0	0	0	0	0	0	
0	0	0	0	0	0	0	0	0	0	0	0	0	0	0	0	0	0	0	0	0	0	0	0	0	0	0	0	0	0	0	0	0	0	0	48	0	0	0	0	0	0	0	0	0	0	0	0	0	0	0	0	0	0	0	192	0	0	0	0	0	0	0	0	0	0	0	0	0	0	0	0	0	0	0	0	0	0	0	0	
0	0	0	0	0	0	0	0	0	0	0	0	0	0	0	0	0	0	0	0	0	0	0	0	0	0	0	0	0	0	0	0	0	0	0	0	0	0	0	0	0	0	0	0	0	0	0	0	96	0	0	0	0	0	0	0	0	0	0	0	0	0	0	0	0	500	0	0	0	0	0	0	0	192	0	0	500	0	0	0	
0	0	0	500	0	0	0	0	0	0	0	0	0	0	0	0	0	0	0	0	0	0	0	0	0	0	0	0	0	0	0	0	0	0	0	0	0	0	0	0	0	0	0	0	0	0	0	0	0	0	0	0	0	0	0	0	0	0	96	192	0	0	0	0	0	0	0	0	0	0	0	0	0	0	0	0	0	0	0	0	
0	0	0	0	0	0	0	0	0	0	0	0	0	0	0	0	0	0	0	0	0	0	0	0	0	0	0	0	0	0	0	0	0	0	0	0	0	0	0	0	0	0	0	0	0	0	0	0	0	96	0	0	0	0	0	0	0	0	0	0	0	0	0	0	0	0	0	0	500	0	0	0	0	500	0	0	192	0	48	0	
0	0	0	0	0	0	0	0	0	0	0	0	0	0	0	0	0	0	96	0	0	0	0	0	0	0	0	0	0	0	0	0	0	0	0	0	0	0	0	0	0	0	0	0	0	0	0	0	0	0	0	0	0	0	0	0	0	0	0	0	0	0	0	0	0	0	0	0	0	0	192	0	500	0	0	0	48	0	0	0	
0	0	0	0	48	0	0	0	0	0	0	0	0	0	0	0	0	0	0	0	0	0	0	0	0	0	0	0	96	0	0	0	0	0	0	0	0	0	0	0	0	0	0	0	0	0	0	0	0	0	0	0	0	0	0	0	0	0	0	0	0	0	0	0	0	0	0	0	0	0	0	0	0	0	0	0	0	0	0	0	
0	0	0	0	0	0	0	0	0	0	0	0	0	0	48	0	0	0	0	0	0	0	0	0	0	0	0	0	0	48	0	0	0	0	0	0	0	0	0	0	0	0	0	0	0	0	0	0	0	0	0	0	0	0	0	0	0	0	0	0	0	0	0	0	0	0	0	0	0	0	0	0	0	0	0	0	0	0	0	0	
0	0	0	0	0	0	0	0	0	0	0	0	0	0	0	0	0	0	0	0	0	0	0	0	0	0	0	0	0	0	0	0	0	0	0	0	0	0	0	0	0	0	0	0	0	0	0	0	500	0	0	0	0	0	0	0	0	0	0	0	0	0	0	0	0	500	0	0	0	0	500	0	192	48	0	0	0	0	0	0	
0	0	0	0	0	0	0	0	0	500	0	0	0	0	0	0	0	0	0	0	0	0	0	0	48	0	0	0	0	0	0	0	0	0	0	192	0	0	0	0	0	0	0	0	0	0	0	0	0	0	0	0	0	0	0	0	0	0	0	192	0	0	0	0	0	0	0	0	0	0	0	0	0	0	0	0	0	0	0	0	
0	0	0	0	0	0	0	0	0	0	0	0	0	0	0	192	0	192	0	0	0	0	0	0	0	0	0	0	0	0	500	0	0	0	0	0	0	0	0	0	0	0	0	0	0	0	0	0	0	0	0	0	0	0	0	0	0	0	0	0	0	0	0	0	0	0	0	0	0	0	0	0	48	0	0	0	0	0	0	0	
0	0	0	0	0	0	0	0	0	0	0	0	0	0	0	0	0	0	0	0	0	0	96	0	0	0	0	0	0	0	0	0	0	0	0	0	0	0	0	0	0	0	0	0	0	0	0	0	0	0	0	500	0	0	0	0	0	0	0	0	0	0	0	0	0	0	0	0	0	0	0	0	0	0	0	0	0	0	0	0	
55	34	42	23	72	23	62	41	46	75	31	76	43	32	79	64	15	71	15	5	27	16	48	78	49	60	3	27	65	30	9	45	60	21	34	5	20	50	32	52	73	71	37	59	45	37	15	60	31	44	66	38	2	62	78	59	55	59	51	77	61	21	19	75	7	28	63	8	54	2	72	68	9	8	31	48	51	30	36	13	5	54	26	11	14	65	0	78	17	79	40	20	47	33	35	79	55	41	50	64	44	56	69	73	30	62	14	9	31	77	47	2	15	37	7	6	63	8	23	53	49	71	34	15	53	50	7	71	28	43	57	29	24	34	39	18	57	57	3	55	0	1	46	77	78	58	40	22	53	69	52	33	21	21	49	32	32	8	49	37	6	50	5	63	24	50	78	17	40	57	12	11	54	57	18	29	51	19	63	26	64	71	53	50	47	23	37	54	16	51	48	71	5	13	70	38	78	70	25	5	60	46	11	51	64	23	11	34	60	65	11	52	0	30	75	40	78	63	30	65	37	4	3	15	73	62	60	2	56	47	26	61	53	8	14	0	32	58	73	44	74	53	59	34	53	58	7	36	65	43	28	49	48	9	60	59	1	68	39	36	72	78	48	27	67	71	70	3	21	1	12	59	30	45	49	6	63	11	71	36	10	61	47	54	31	3	25	61	47	15	8	26	76	33	27	62	38	75	68	74	30	14	52	47	22	26	76	47	62	33	28	9	8	67	55	47	35	50	76	3	18	79	29	5	22	74	43	5	46	68	70	6	45	32	1	8	20	60	43	12	34	60	22	35	58	31	67	62	44	6	51	31	58	3	55	69	52	7	79	66	11	34	46	8	17	70	67	22	70	36	64	47	11	76	54	34	34	31	21	66	43	63	64	47	39	45	38	42	56	73	57	36	29	37	74	30	26	2	26	9	29	32	10	38	73	32	58	55	46	69	76	59	78	45	65	20	73	76	58	20	48	65	40	11	21	29	60	9	55	2	6	17	26	65	72	35	44	58	51	16	48	63	56	41	6	1	72	31	0	32	19	35	29	45	76	22	17	10	18	26	58	56	23	46	43	71	76	36	36	25	34	30	23	31	41	60	67	41	67	46	76	8	34	55	0	79	53	39	50	28	61	63	34	19	45	16	33	35	37	43	49	77	37	65	18	35	15	67	54	22	52	19	28	6	53	0	7	53	66	13	72	3	62	25	47	2	40	7	77	19	34	7	19	22	13	9	19	13	26	0	29	56	74	44	2	25	77	30	68	0	5	71	35	79	67	25	16	55	72	67	29	8	5	23	42	52	27	23	8	27	42	2	41	79	4	27	29	65	42	33	5	65	45	23	3	16	78	61	7	17	61	36	18	18	45	13	6	23	45	57	67	15	79	57	26	27	36	62	61	61	76	9	44	22	74	60	24	54	77	22	51	47	71	74	61	34	41	55	39	79	4	0	67	55	25	21	65	44	24	71	50	31	36	39	23	17	28	22	34	33	34	21	20	67	22	53	44	6	11	71	45	12	64	60	39	69	8	38	28	3	34	4	76	38	16	41	56	32	34	4	33	1	75	72	25	12	10	37	32	63	34	60	56	30	50	77	17	55	12	59	60	30	16	39	75	66	17	16	45	52	30	40	54	22	25	48	68	25	51	10	10	30	61	21	72	36	8	4	63	31	5	6	49	78	4	46	46	19	55	12	72	14	63	49	79	49	77	30	52	44	34	20	24	49	46	52	29	64	67	47	67	11	34	6	44	3	76	26	23	72	34	29	7	60	69	78	77	16	21	64	9	20	5	67	60	25	52	55	55	1	4	47	76	61	69	59	59	77	42	76	5	19	34	67	44	48	16	1	64	20	19	71	50	0	61	38	68	22	46	48	54	39	73	52	25	51	13	5	31	28	45	18	8	67	24	46	5	8	31	73	40	13	5	52	17	18	58	15	33	57	78	61	26	34	3	62	60	31	26	4	40	0	52	30	32	56	66	62	52	37	20	5	69	43	29	53	5	8	44	29	4	32	51	64	67	18	34	30	4	63	44	23	38	26	65	62	29	65	1	19	55	40	62	7	71	30	73	27	61	36	35	48	43	12	44	56	17	39	39	50	48	21	3	16	10	40	34	4	31	16	53	45	0	79	13	78	78	22	10	23	11	53	31	40	55	13	27	4	36	49	16	75	2	0	31	78	66	27	41	14	69	36	62	60	77	11	49	10	42	3	65	7	46	58	16	5	9	68	31	54	60	64	62	73	40	15	64	33	15	3	52	14	17	45	12	32	16	61	57	58	28	5	12	44	38	53	38	55	79	63	7	28	57	19	66	44	4	20	22	57	33	32	53	50	66	42	64	41	71	51	55	64	34	76	61	39	18	21	65	78	26	31	21	72	11	76	42	21	37	61	17	70	73	18	42	76	40	29	40	8	36	47	42	59	45	8	50	54	20	41	33	42	43	36	72	72	34	42	7	66	58	60	1	71	53	57	5	26	67	53	21	11	69	63	50	10	61	57	13	58	75	3	38	59	0	15	63	78	78	29	42	36	53	63	38	62	6	22	20	45	3	66	23	51	76	4	31	79	34	47	28	20	55	66	0	17	11	62	44	41	15	5	1	75	68	24	48	10	76	55	25	70	8	4	62	64	55	15	0	73	28	74	64	50	71	69	63	76	58	18	62	56	69	2	61	56	73	37	62	27	56	45	35	51	33	10	26	34	40	30	23	23	75	10	26	37	77	62	67	76	30	44	52	29	48	36	30	57	35	40	34	1	24	56	17	6	32	70	44	9	13	3	19	27	63	31	40	14	72	76	76	65	24	58	32	54	16	11	5	47	65	63	59	60	13	40	69	77	68	39	18	37	8	60	4	68	40	41	28	43	72	46	58	75	38	77	1	5	5	39	32	58	69	12	41	27	39	13	29	42	29	29	29	38	23	42	26	2	23	24	20	61	76	38	61	42	57	37	54	9	79	7	48	58	45	13	60	0	39	39	43	11	11	55	13	44	44	78	68	68	58	76	49	52	70	34	21	30	50	3	17	65	46	61	22	16	59	20	52	58	27	55	77	34	46	55	66	71	69	70	4	60	2	21	20	1	21	52	66	55	31	5	1	15	50	24	48	42	30	15	65	41	36	11	69	29	22	12	77	71	4	4	25	73	63	51	27	34	72	75	52	37	1	12	37	65	75	40	47	25	21	48	35	77	18	36	65	46	34	38	12	12	7	54	51	58	49	6	24	40	17	6	28	8	25	56	79	57	41	13	52	77	34	37	58	38	53	50	35	35	4	68	48	7	16	13	18	17	72	46	41	20	79	23	40	64	21	74	30	21	60	39	13	54	52	0	54	3	46	53	73	77	75	40	41	70	45	26	53	77	36	27	48	4	18	77	73	77	23	48	65	55	4	22	75	37	26	63	7	70	75	45	69	29	7	17	71	74	64	59	14	46	53	13	11	9	25	23	15	14	13	43	26	30	65	26	46	56	38	68	77	30	45	42	6	1	72	31	42	19	39	18	28	67	43	20	59	68	54	7	74	69	72	75	8	73	35	67	23	0	70	29	8	11	68	29	75	75	14	17	3	33	36	61	31	78	71	0	49	19	56	44	58	49	73	17	27	58	58	49	4	29	44	12	39	45	65	52	70	57	73	73	48	36	53	29	71	78	7	1	75	71	63	37	31	2	78	75	50	79	54	35	54	63	55	63	76	20	50	32	69	29	41	22	18	76	27	35	3	66	12	55	59	33	58	20	73	40	8	42	15	10	55	11	62	71	38	24	6	15	72	65	10	69	61	8	9	25	7	13	5	44	70	66	31	15	43	40	8	19	56	15	49	57	13	40	42	51	43	69	69	0	3	55	67	19	55	15	5	11	55	77	76	11	21	50	25	18	49	48	28	3	76	24	39	62	72	10	43	36	36	56	57	6	20	18	2	5	6	26	6	66	13	1	72	14	41	71	55	11	60	62	5	40	5	38	51	24	40	1	34	42	3	15	50	1	9	50	69	29	74	59	61	46	55	42	9	55	18	65	26	72	75	16	67	18	20	9	4	22	45	61	61	69	55	76	16	33	35	72	14	9	3	49	72	63	71	73	14	53	16	64	19	42	48	72	22	49	71	34	73	58	23	14	77	70	31	77	51	5	50	50	28	26	33	76	8	5	43	76	25	56	35	4	48	50	10	37	78	21	79	63	68	18	70	52	34	59	77	20	59	15	7	17	62	49	68	27	77	33	5	20	41	15	12	29	3	46	25	54	11	62	77	65	52	32	26	63	77	21	63	64	72	30	64	21	70	76	27	48	7	65	35	18	14	12	73	75	58	79	12	29	77	44	47	24	24	3	2	78	44	52	23	64	74	34	78	62	2	61	56	42	22	22	71	4	24	62	43	14	71	38	37	57	36	47	23	53	2	26	64	35	0	72	68	6	33	75	17	60	52	18	26	25	11	32	79	44	38	4	34	22	40	33	67	9	0	7	3	6	1	23	3	77	74	2	37	64	77	41	25	15	10	61	17	28	20	15	77	8	74	32	46	3	30	65	69	63	1	68	52	28	20	72	27	28	72	0	28	64	29	11	7	24	70	44	61	69	18	51	31	25	67	65	15	53	42	71	61	42	55	6	11	56	45	15	72	32	11	67	8	36	51	19	9	69	54	33	14	51	69	60	7	0	65	39	69	76	58	33	10	41	67	61	54	72	43	10	10	57	20	11	40	62	46	0	16	7	60	74	4	70	13	42	35	43	36	65	32	56	48	48	12	14	35	25	38	61	61	27	1	23	33	24	78	28	46	34	60	62	6	9	62	78	75	13	69	44	43	65	16	25	58	69	2	7	8	26	12	7	5	65	29	58	19	43	72	16	3	73	14	58	70	12	14	10	13	37	11	33	8	6	6	63	58	30	14	54	50	32	22	7	66	43	62	34	74	18	24	56	45	5	36	11	27	68	51	44	52	50	71	27	26	47	48	10	30	76	47	58	49	75	21	11	67	43	68	46	7	78	29	54	12	69	63	33	36	66	45	51	64	4	
19	28	52	18	10	44	11	65	1	13	73	15	53	12	74	43	35	23	60	32	8	26	44	60	17	2	54	59	27	12	23	12	51	54	61	58	6	44	37	67	65	27	59	3	66	32	76	25	68	9	38	32	69	2	6	54	2	40	40	8	8	9	57	2	53	32	24	19	68	12	15	38	19	10	13	56	47	69	31	40	54	76	17	33	51	11	49	65	36	48	59	69	23	38	61	42	39	12	19	12	50	46	59	9	6	10	65	14	78	11	35	72	57	32	13	68	50	37	45	62	23	40	31	68	54	5	65	35	42	9	16	39	34	65	71	62	57	75	54	69	14	34	8	41	77	53	74	7	50	1	10	75	60	65	53	35	6	68	6	28	15	38	45	51	66	69	5	20	78	29	60	13	47	26	78	11	49	76	72	11	3	45	56	10	17	28	27	20	56	69	13	39	4	69	43	0	20	10	68	43	4	79	18	54	33	52	52	78	39	67	23	64	5	58	39	73	39	55	18	53	42	38	68	34	43	5	11	45	39	31	19	51	74	51	10	48	35	78	44	19	62	11	7	55	8	57	71	9	62	52	58	40	61	73	45	15	34	54	75	60	26	22	36	28	18	24	35	43	7	9	69	72	38	68	24	46	28	24	40	59	38	49	35	59	49	77	38	77	11	71	77	76	47	14	69	54	27	62	60	71	12	5	47	30	63	30	42	38	17	40	43	61	79	48	78	64	7	65	32	59	20	74	63	45	4	39	56	49	4	21	7	4	66	50	58	53	41	58	61	63	71	10	30	32	74	47	25	21	29	39	28	11	62	78	3	78	11	1	28	77	15	29	3	34	41	32	38	13	4	54	17	42	62	28	50	21	53	64	5	28	20	29	24	28	74	50	7	65	34	76	32	57	43	22	16	33	32	15	19	22	48	67	70	37	54	15	23	26	1	1	18	3	45	37	69	77	6	8	45	69	75	39	38	23	71	16	45	49	73	79	48	0	77	33	12	49	31	4	45	65	30	19	65	28	54	77	52	64	68	47	51	10	68	20	12	54	5	59	12	18	35	16	15	12	75	48	19	30	9	73	68	72	28	55	48	53	64	55	51	67	66	22	59	79	47	2	68	54	68	55	44	68	46	66	79	56	74	49	59	61	21	15	60	64	75	11	32	64	59	18	67	8	1	31	35	70	26	65	61	71	51	20	77	72	9	53	48	53	10	50	4	12	17	23	69	42	28	65	33	75	72	61	69	30	34	41	29	14	71	1	70	9	4	34	14	60	6	25	50	67	74	52	30	28	46	47	15	4	29	55	3	24	37	74	23	52	67	68	71	71	53	2	17	60	6	49	33	65	52	78	37	66	44	7	57	45	60	8	27	16	63	47	39	21	19	39	10	28	38	47	67	32	67	67	28	64	40	65	21	7	51	68	24	66	31	43	5	0	43	19	71	44	2	55	27	4	19	6	79	69	57	76	47	59	67	70	73	20	44	66	9	78	67	44	13	3	19	49	2	51	27	78	20	73	22	49	0	67	3	69	68	14	62	10	13	55	67	42	39	74	1	52	15	70	3	68	51	54	24	7	16	71	60	10	50	24	75	43	6	4	36	6	27	57	51	56	59	68	69	63	37	65	22	55	38	63	5	77	10	57	46	46	47	60	62	56	33	7	18	54	14	21	70	72	34	37	73	72	27	33	71	37	37	25	45	43	78	9	24	71	66	13	5	22	63	51	49	6	33	55	41	19	22	72	10	74	26	17	33	73	75	0	43	11	5	34	21	32	70	52	28	34	27	66	29	31	64	74	5	69	34	41	49	32	79	59	78	30	68	79	9	74	13	0	79	3	23	76	45	69	48	48	65	62	5	56	54	10	50	50	74	54	52	11	58	15	73	64	19	2	62	13	19	13	47	65	37	76	58	71	71	12	59	13	54	43	15	63	64	5	37	44	48	55	7	63	52	46	37	5	10	72	41	13	77	17	19	35	27	70	77	51	2	36	71	59	77	73	11	39	75	33	25	22	71	57	27	3	31	79	65	76	49	62	22	46	24	21	7	53	35	49	2	64	61	45	3	42	69	56	8	48	7	78	14	49	31	61	33	24	44	48	78	20	25	22	35	47	37	75	28	9	11	61	71	45	74	71	33	58	62	72	38	11	67	60	52	45	56	17	71	79	41	67	76	44	19	47	49	66	50	50	35	46	5	41	62	76	56	34	64	59	40	25	37	54	17	44	59	75	34	6	30	38	7	6	75	54	45	40	33	6	65	26	42	36	48	7	6	76	38	46	31	61	18	43	53	34	32	44	51	25	29	45	22	63	6	59	28	48	40	3	33	74	16	66	3	58	11	22	30	29	6	59	64	32	62	62	70	31	16	29	60	8	73	68	63	24	22	32	29	28	4	78	2	48	17	60	12	34	24	38	24	63	71	73	2	20	11	66	71	77	1	47	53	8	70	60	73	34	39	22	31	8	34	75	37	23	34	23	71	27	5	7	66	2	40	72	5	25	73	56	58	12	3	50	0	74	4	21	52	14	42	78	50	6	0	56	8	14	68	2	18	37	52	57	46	6	27	72	40	31	40	14	62	28	6	39	60	28	51	16	16	26	61	54	39	36	31	23	12	23	24	63	63	15	35	43	11	59	63	41	77	38	7	69	67	46	74	76	41	31	51	11	77	39	65	16	12	68	48	39	50	48	28	13	12	43	52	63	72	49	3	75	35	30	56	45	25	48	47	50	71	35	52	23	43	38	54	42	50	52	33	39	8	75	50	75	59	24	5	4	7	7	25	62	42	55	42	22	16	35	5	57	22	41	6	69	43	53	76	6	73	22	3	41	48	71	56	11	26	6	8	10	55	79	16	34	17	65	61	32	24	39	28	33	22	31	58	3	75	54	19	18	18	40	22	43	8	19	31	44	59	4	75	49	55	72	55	23	10	44	32	27	32	60	20	27	7	6	30	2	76	23	44	32	75	44	43	31	65	1	8	30	60	68	0	56	25	50	64	61	68	40	53	7	10	2	76	21	9	78	35	67	30	41	69	62	53	48	48	67	60	0	49	16	15	37	5	1	75	13	26	36	62	37	59	4	53	73	70	64	76	8	41	68	1	13	31	29	32	54	54	73	23	63	12	20	66	7	28	27	15	73	36	44	10	35	50	2	33	17	65	12	48	66	48	54	21	65	42	78	76	60	14	64	19	16	7	57	39	25	20	70	20	22	0	52	23	66	42	65	78	75	77	41	21	45	72	42	58	23	6	15	42	20	70	55	1	18	20	62	76	45	76	50	73	20	29	46	5	2	66	65	76	69	26	40	75	57	17	78	32	13	19	66	72	76	79	64	15	20	33	5	51	18	70	31	32	18	58	73	19	3	60	2	27	48	40	71	2	23	27	19	39	52	66	69	55	38	73	73	30	24	63	61	58	56	32	28	23	50	9	69	3	21	7	68	26	44	71	23	26	53	54	10	32	61	65	58	55	16	5	36	79	60	31	53	3	78	12	59	48	35	9	50	36	56	51	8	59	41	23	72	19	68	34	49	25	6	65	31	9	76	1	63	64	34	31	31	28	38	40	11	26	37	41	64	6	44	64	76	61	7	40	74	61	52	79	41	51	64	18	54	43	24	14	44	50	73	1	42	55	47	22	60	4	24	27	15	40	1	29	49	0	6	74	46	56	6	45	3	46	44	20	13	78	6	29	42	54	0	19	22	34	25	20	62	32	60	14	31	12	71	44	55	68	71	13	34	68	40	44	61	42	8	71	53	2	20	28	8	74	57	22	34	30	36	20	32	28	65	33	48	49	46	12	30	41	8	48	55	65	75	12	72	55	38	60	15	55	20	76	24	79	3	75	16	28	47	4	20	74	71	38	2	6	6	45	70	47	10	53	45	63	64	61	53	5	4	65	41	78	36	46	8	38	61	0	79	10	44	6	41	25	30	76	21	77	31	47	63	69	13	43	52	14	37	15	50	52	67	55	21	5	38	64	58	61	73	71	62	10	74	73	79	40	21	18	9	21	57	1	41	13	33	2	29	14	27	50	48	52	52	30	17	29	40	51	60	6	22	62	47	74	73	44	54	73	78	10	14	62	52	5	36	38	54	42	54	15	34	38	64	37	5	38	31	6	44	23	48	31	3	38	17	44	40	65	30	26	72	3	4	71	48	10	0	64	76	19	64	33	11	43	16	56	72	79	13	17	48	13	21	57	34	32	51	14	25	22	22	13	35	44	11	50	45	48	61	59	3	77	27	20	68	49	17	75	11	10	45	60	6	35	42	53	33	58	55	18	43	77	0	1	47	55	35	46	27	6	27	23	44	8	55	24	46	40	68	15	47	53	29	24	28	74	33	65	34	70	44	22	14	52	59	37	28	51	60	75	26	78	42	3	21	36	69	61	57	0	23	36	69	1	46	37	36	3	24	14	36	2	33	76	17	45	7	43	42	63	54	40	10	7	75	1	47	17	51	3	54	73	27	42	59	30	49	20	12	76	17	29	22	48	72	50	6	38	36	17	41	61	65	7	11	17	28	64	10	15	50	58	67	3	49	17	66	44	4	51	6	6	74	28	42	62	48	10	12	65	66	9	73	12	44	39	13	12	62	0	54	62	34	66	65	15	23	9	27	75	9	67	0	17	5	60	47	77	73	66	35	28	32	66	41	75	73	39	16	55	1	49	19	29	35	43	64	11	78	66	68	60	30	20	28	46	65	46	20	78	66	28	58	25	32	75	59	12	7	41	52	20	21	19	17	78	54	21	33	56	38	76	15	61	5	6	56	43	29	32	43	47	13	22	3	6	1	70	46	46	22	60	41	34	10	22	33	16	25	48	2	22	32	39	74	79	28	58	70	73	75	67	67	2	41	2	29	37	35	17	2	0	22	48	15	17	16	41	1	51	13	12	36	5	74	4	70	34	37	30	20	41	9	24	59	21	5	62	40	21	22	14	71	4	7	52	6	33	71	30	18	23	18	41	23	69	21	1	4	54	46	3	68	41	57	77	37	73	3	76	35	
23	33	36	36	27	30	33	29	24	21	33	34	36	35	32	26	22	31	28	28	38	24	28	29	23	38	40	26	21	29	34	23	31	38	24	23	26	34	33	26	30	39	28	25	26	21	37	38	33	28	20	26	34	33	33	33	26	36	36	28	27	32	26	39	34	25	24	40	22	25	39	21	35	38	21	21	27	28	28	24	37	31	34	34	34	27	39	28	37	29	28	37	22	26	22	22	39	40	38	20	24	34	24	32	23	35	36	27	38	33	31	24	32	26	33	23	40	28	20	39	37	23	34	30	27	36	23	32	32	33	35	20	38	26	30	22	31	31	34	26	24	22	35	23	24	23	34	27	31	32	29	20	38	22	35	34	30	22	20	27	20	23	26	30	29	32	37	34	38	22	34	25	21	40	38	32	30	23	33	38	33	39	22	36	21	40	36	25	28	25	25	37	31	39	27	28	32	20	37	29	36	22	40	36	28	32	35	24	34	23	29	24	33	39	36	20	27	39	34	25	30	21	39	22	31	40	23	25	27	31	31	26	33	35	40	22	39	27	36	23	24	22	23	27	25	40	27	34	20	38	39	37	28	32	40	28	33	34	22	36	20	21	40	25	37	20	30	38	32	28	33	36	27	30	20	39	38	30	32	35	38	23	32	25	39	33	36	39	24	32	30	36	26	31	36	31	32	28	37	38	30	38	28	24	20	35	37	36	27	39	28	35	37	26	26	24	31	38	34	26	24	21	34	24	30	29	32	20	26	26	35	24	24	28	32	23	28	34	28	23	29	26	39	38	32	33	31	37	21	30	35	28	27	31	27	20	33	25	24	35	27	36	27	34	37	38	26	36	35	39	34	21	22	29	26	30	30	26	36	28	35	31	22	32	32	28	29	35	36	34	22	29	27	25	40	26	26	25	31	35	21	39	35	27	29	28	29	31	38	33	38	24	40	22	20	27	20	36	27	34	29	21	30	24	34	31	28	31	40	21	20	39	34	30	23	20	29	31	31	30	20	31	34	23	28	39	33	26	32	29	31	20	37	20	32	38	40	34	34	28	23	34	33	25	25	35	33	32	27	28	33	34	27	32	26	36	28	29	28	34	25	29	28	37	37	35	29	34	32	22	36	29	40	30	31	21	37	27	30	40	31	27	34	34	31	21	40	30	32	35	32	22	30	23	24	38	36	30	34	34	23	38	24	25	32	20	37	22	28	29	31	29	35	37	29	21	23	31	39	34	27	24	33	24	30	22	22	30	27	33	28	20	37	23	27	36	30	33	30	30	33	21	24	25	39	38	29	36	34	39	30	28	35	26	35	37	28	34	25	33	32	38	21	32	21	33	30	33	25	27	25	27	32	21	22	28	35	26	32	28	26	23	26	39	32	29	34	24	29	26	36	22	23	21	34	20	20	35	37	34	40	34	20	33	23	36	26	27	31	23	33	38	30	23	24	28	35	22	29	27	20	40	40	33	27	31	31	39	34	25	36	30	24	27	31	25	36	34	36	35	34	38	22	20	36	38	26	22	36	25	34	30	21	24	32	40	32	28	20	32	26	38	31	20	21	22	21	30	34	37	37	23	22	25	31	39	27	37	37	22	36	35	27	37	26	36	36	32	23	30	36	31	34	36	25	32	30	22	21	33	34	34	36	25	40	39	21	28	35	27	24	36	40	40	32	34	29	35	28	38	28	36	37	34	34	20	29	34	37	40	36	24	20	32	29	38	22	36	32	20	20	40	21	23	23	33	32	25	21	29	21	31	32	23	37	33	21	33	20	26	36	32	40	23	35	20	33	33	39	37	38	22	36	33	30	30	24	39	23	31	25	29	22	36	31	24	36	33	24	29	36	25	34	40	22	28	30	20	32	36	22	38	29	25	30	25	40	29	39	30	30	28	40	22	37	31	23	36	27	26	27	30	31	25	30	38	29	38	32	37	27	31	34	27	37	25	26	36	22	28	31	23	35	29	39	30	27	36	35	27	31	39	30	32	22	38	26	29	37	22	29	20	38	31	38	39	23	24	28	22	33	36	22	28	29	39	22	27	37	33	29	25	36	20	36	36	20	40	34	20	28	36	34	21	40	28	37	36	27	26	21	37	28	38	33	31	21	21	23	37	23	24	37	32	39	38	21	30	23	23	27	22	26	36	40	36	29	27	22	32	23	28	33	24	20	29	23	34	36	38	29	26	22	38	32	37	36	27	22	36	26	21	33	22	28	33	27	38	23	26	29	22	22	29	29	37	24	23	39	38	23	37	26	24	24	22	20	34	32	37	39	37	40	30	25	20	31	34	22	29	26	23	32	38	22	36	29	32	37	26	26	34	33	39	21	39	27	27	31	26	37	37	35	26	35	31	23	35	32	29	26	24	26	37	20	38	39	32	35	37	22	36	21	28	28	28	21	40	39	31	37	33	32	38	34	33	20	20	21	25	26	33	23	40	30	26	38	39	34	21	24	34	23	22	29	29	32	30	33	27	23	33	29	39	22	33	28	33	33	31	38	27	31	33	38	24	23	29	22	21	34	39	26	30	24	35	30	20	23	37	30	38	26	31	37	38	32	27	30	27	30	27	28	23	31	39	27	38	34	30	29	35	34	27	34	36	35	20	37	37	23	33	32	31	29	24	25	37	30	25	27	24	22	20	39	33	36	25	30	29	22	29	25	40	24	31	26	38	24	33	30	24	36	23	33	38	22	23	23	33	33	20	27	33	25	30	36	21	28	39	30	27	25	31	28	40	28	32	25	26	30	25	30	20	40	20	32	33	37	35	21	28	33	36	35	34	38	35	26	21	26	32	24	29	29	33	33	27	23	26	35	28	29	33	38	26	28	28	32	30	35	29	36	29	23	24	25	31	20	40	37	20	24	36	21	26	27	35	39	20	25	38	23	26	39	24	38	22	20	20	22	24	40	33	32	26	24	23	39	30	38	21	34	37	35	29	35	36	32	34	28	40	24	20	32	35	20	21	26	33	40	34	39	39	29	30	24	26	37	25	40	35	27	20	24	30	27	22	22	39	32	22	39	33	39	26	26	37	27	33	20	31	29	20	27	28	26	24	23	31	33	23	31	34	32	20	30	36	24	22	28	32	40	25	25	29	23	31	33	39	33	34	29	33	25	33	22	21	21	38	33	38	34	20	25	20	35	28	35	29	37	40	34	35	28	35	27	37	30	29	39	31	22	38	24	20	32	36	23	31	38	25	31	25	40	22	35	31	35	27	28	24	34	40	31	37	29	36	31	24	27	32	38	33	33	38	35	20	25	34	37	22	37	21	31	31	36	34	27	34	25	30	21	32	28	36	38	26	21	21	32	20	26	37	37	30	34	21	25	30	29	40	37	28	26	21	34	29	30	35	30	30	38	21	29	32	34	23	40	33	26	27	27	25	30	22	34	34	35	38	24	22	27	30	30	32	33	27	20	21	24	35	28	36	30	33	25	40	21	37	25	36	28	26	40	37	21	28	38	35	20	37	29	34	22	25	23	26	35	22	22	23	28	22	38	40	38	23	21	38	28	26	27	32	36	31	20	35	31	25	29	27	33	24	30	33	26	30	37	21	35	31	33	29	39	25	36	35	31	32	40	34	31	39	26	30	33	26	25	20	29	38	27	34	37	31	32	28	40	21	30	33	23	27	20	28	32	24	38	25	20	36	39	36	27	37	36	32	39	37	26	38	26	32	39	21	21	30	35	20	21	40	36	21	23	26	31	35	33	37	23	24	38	27	25	34	40	27	34	24	26	27	23	27	25	40	30	33	24	32	40	40	28	29	36	35	33	30	39	31	38	22	25	36	36	38	21	36	31	28	37	37	36	38	23	30	29	32	27	30	35	22	39	32	28	27	29	23	27	34	21	27	36	40	31	33	34	26	31	21	31	38	29	38	28	38	33	22	36	36	26	28	30	35	20	27	20	21	30	27	24	40	36	35	31	39	28	24	35	32	23	29	32	21	40	29	35	27	27	24	28	27	25	34	27	24	22	21	20	20	38	30	39	36	40	31	20	25	21	26	29	32	38	38	36	30	34	25	32	31	31	34	29	25	39	25	28	24	28	28	40	39	26	24	38	21	26	38	20	24	39	40	27	31	33	38	20	38	25	36	23	21	32	23	29	29	33	21	38	28	35	36	26	27	22	20	28	31	24	29	36	28	35	33	33	29	31	37	21	40	27	21	26	36	37	37	39	30	35	33	33	31	23	20	24	23	25	26	28	32	40	35	27	30	27	35	27	22	31	22	28	38	27	32	29	34	25	27	20	20	23	39	23	34	21	23	25	27	38	38	20	26	39	37	27	25	23	34	21	25	40	38	25	27	31	34	23	25	38	31	25	24	40	24	39	34	35	34	38	23	29	27	23	24	27	21	24	27	39	31	34	21	31	38	38	22	27	37	33	38	34	29	23	28	24	21	23	24	23	26	25	37	22	33	32	25	34	40	23	28	38	22	40	36	32	30	33	26	26	21	26	21	20	38	38	36	23	20	40	28	36	35	39	24	37	22	37	40	32	30	21	25	28	37	29	28	21	38	28	24	24	25	36	22	32	37	31	39	23	36	32	39	29	36	21	34	26	24	28	26	40	38	33	32	30	27	26	35	26	27	28	30	26	35	35	31	36	24	29	23	39	30	29	21	27	30	22	22	30	39	29	32	33	37	30	39	23	38	27	22	28	29	35	34	20	32	30	40	29	33	40	21	36	30	36	40	40	34	33	35	22	36	30	25	38	34	34	23	28	29	36	30	26	31	34	35	33	25	30	20	40	39	33	37	20	26	29	39	21	28	37	23	30	23	20	28	20	39	32	26	32	22	22	35	27	20	33	23	37	24	39	31	29	30	27	36	34	38	31	40	28	21	22	25	32	30	33	36	40	28	30	37	27	34	22	21	38	20	29	34	33	36	33	31	38	28	25	30	29	22	26	38	37	31	21	28	30	23	21	22	39	21	28	22	34	32	21	30	32	26	27	21	34	29	21	25	30	29	30	23	33	27	24	26	36	28	29	21	36	26	37	39	
28	45	40	32	35	30	32	49	21	47	23	43	26	42	43	21	15	47	24	38	29	35	50	23	49	37	32	41	45	21	42	10	30	19	24	29	17	40	27	33	45	48	50	44	44	18	43	43	38	11	15	21	49	26	12	25	44	49	15	50	39	38	35	26	17	41	24	23	42	32	32	29	11	44	16	29	45	30	37	13	26	47	44	19	36	40	12	24	44	33	40	10	38	41	10	48	12	30	44	42	29	49	30	15	43	19	36	46	48	21	21	15	12	26	16	43	30	31	44	47	16	12	42	13	27	25	44	22	45	29	19	22	28	34	49	10	19	16	15	33	14	43	43	25	15	23	47	37	33	31	11	30	36	40	15	34	23	40	40	37	34	12	26	14	10	29	40	30	30	37	50	15	33	39	23	28	46	32	40	19	24	43	12	23	30	17	26	19	38	22	24	30	21	42	48	43	48	38	21	13	47	25	23	44	25	20	30	44	45	21	21	39	43	20	49	12	19	29	28	18	40	31	22	10	15	20	30	37	47	44	28	16	38	32	32	14	41	11	39	40	50	25	15	32	19	44	27	47	43	35	38	49	20	50	28	45	28	39	49	24	40	17	44	18	45	42	29	33	50	14	11	33	44	37	50	27	36	27	44	23	32	30	41	48	40	33	19	31	28	32	29	11	46	32	15	26	37	25	33	21	21	23	38	43	14	10	28	32	20	45	44	49	17	46	31	33	17	31	28	25	15	12	15	17	15	32	15	27	24	47	45	44	28	38	40	46	35	26	34	24	23	16	30	43	28	46	43	22	45	27	32	37	42	12	33	20	18	37	12	40	48	28	34	40	49	12	42	27	33	38	34	30	15	26	10	40	14	21	44	33	42	16	34	12	27	34	28	45	37	22	19	31	28	43	33	25	12	29	22	29	19	48	24	49	36	16	28	42	37	48	37	34	26	16	10	41	21	20	24	11	50	38	42	29	33	21	38	10	41	41	14	37	35	50	29	28	47	30	19	34	46	13	39	11	41	45	36	28	33	24	48	27	26	39	36	32	46	19	23	29	23	41	43	27	19	44	43	25	27	30	50	34	20	25	35	23	45	22	47	15	34	38	13	30	48	17	25	37	13	48	34	34	41	40	14	19	43	24	42	17	16	48	42	19	43	34	28	38	18	30	38	36	24	14	16	27	11	47	45	10	49	19	36	19	24	13	34	21	45	24	19	13	25	37	43	39	50	12	26	42	41	14	24	19	12	35	11	14	23	17	32	20	41	16	25	42	21	22	14	18	26	47	34	39	15	50	49	39	26	32	32	35	35	33	50	23	42	46	24	33	38	43	19	27	49	23	25	32	43	40	23	21	37	11	48	33	35	19	44	28	47	48	22	21	18	23	10	25	41	16	41	18	39	27	25	15	24	10	32	46	41	38	36	15	48	24	37	44	23	38	22	33	16	19	22	32	22	26	21	44	28	20	45	38	45	21	10	45	17	11	20	22	43	50	14	50	17	47	26	49	45	19	50	22	23	13	35	13	36	43	18	46	35	18	31	21	16	49	33	10	47	19	26	17	41	37	49	20	28	42	11	34	45	44	22	13	16	39	28	33	41	28	37	27	33	37	16	24	43	42	39	44	24	27	33	10	45	24	19	36	27	32	49	48	25	26	14	24	17	42	36	49	26	23	20	28	31	37	45	25	15	24	11	49	40	46	28	17	24	13	34	15	38	29	20	29	28	38	11	41	38	31	44	48	23	20	35	26	38	20	42	11	14	47	27	35	23	10	35	17	29	15	28	33	49	26	14	35	30	33	48	23	14	41	37	16	50	14	35	48	48	19	43	30	50	13	29	30	24	21	50	27	11	46	44	19	50	17	33	43	24	23	19	47	30	16	50	26	28	46	37	22	47	29	43	10	10	47	44	50	44	22	48	14	39	36	10	22	11	43	14	30	30	40	31	30	12	47	27	41	38	29	26	14	36	10	16	28	18	19	26	15	20	15	22	48	24	17	10	27	24	48	32	14	47	37	48	42	45	47	26	20	19	46	46	34	47	46	30	44	43	12	22	41	17	34	41	22	15	24	19	13	18	11	22	12	45	49	36	50	14	16	50	22	12	48	24	18	28	38	47	42	12	21	46	16	31	31	15	20	32	18	24	29	33	30	18	35	26	35	30	40	12	22	34	33	17	30	43	25	11	31	44	32	10	47	22	38	45	17	36	44	17	33	27	19	39	26	16	27	48	40	24	30	41	24	45	21	14	34	39	33	46	26	36	42	14	42	18	45	37	49	23	46	39	30	35	35	46	40	32	38	22	46	35	29	27	26	36	13	43	20	38	17	31	47	36	47	16	40	38	12	48	24	45	19	17	43	44	21	46	34	10	13	50	15	16	14	23	19	24	50	25	15	34	37	39	34	43	16	26	43	15	40	17	49	35	15	34	24	47	26	27	33	16	42	49	32	34	12	28	39	12	45	18	28	12	20	39	43	29	50	22	12	27	16	17	35	39	10	27	17	19	38	29	40	14	31	39	47	24	32	13	13	49	39	34	45	40	34	40	35	41	10	36	13	48	15	17	34	22	21	29	22	38	15	45	46	11	20	45	13	30	10	27	41	15	27	14	35	19	15	13	43	33	29	39	47	32	30	36	30	30	18	27	24	38	33	21	13	10	45	11	15	27	46	32	50	50	50	35	13	26	23	49	39	32	35	49	36	38	22	25	25	37	35	45	34	12	12	31	25	28	33	21	12	11	35	45	44	25	21	41	42	37	24	16	15	30	21	26	13	26	25	44	21	39	33	21	36	38	28	13	26	49	33	45	30	39	36	19	46	39	22	49	22	46	37	17	37	13	38	12	12	15	32	12	43	19	37	45	32	50	39	48	25	28	42	32	31	23	26	44	19	13	31	21	39	29	39	11	33	39	13	17	44	38	21	12	11	46	26	37	24	32	33	15	48	31	18	11	15	30	22	18	36	38	32	16	35	30	16	49	30	21	24	41	43	31	34	22	50	21	49	48	37	21	27	15	15	34	38	16	18	13	35	13	19	33	44	25	29	26	19	17	38	24	28	23	20	30	23	43	30	22	41	47	42	42	30	40	43	39	11	23	31	21	50	49	50	16	35	28	39	50	23	41	41	34	44	13	50	50	31	44	26	23	31	26	21	38	27	37	50	24	22	25	16	25	35	46	33	22	23	24	34	29	47	48	40	46	18	44	11	14	10	26	49	11	26	13	27	37	29	28	30	23	32	42	49	33	17	44	50	27	26	25	38	16	27	47	39	34	48	44	12	28	12	40	32	29	14	50	44	22	21	42	26	21	17	41	48	30	46	23	23	34	30	31	23	28	13	41	21	34	21	32	22	19	44	14	38	11	34	47	33	30	11	30	41	35	45	15	48	18	17	23	16	19	44	10	21	50	41	39	38	31	38	40	34	41	11	31	41	17	33	32	28	36	19	12	48	17	43	25	43	16	39	15	42	49	36	15	18	26	30	10	32	11	42	48	41	18	14	28	11	16	36	38	31	42	21	28	27	36	28	29	42	17	30	48	10	27	42	13	33	24	46	36	16	39	43	15	36	28	19	38	23	50	45	43	44	17	34	39	44	44	20	38	22	38	26	34	38	29	21	39	40	36	17	15	14	28	10	33	30	13	14	39	38	47	45	49	10	36	46	23	11	17	36	22	42	23	36	31	44	40	41	37	43	48	43	20	37	36	18	21	47	50	47	32	40	17	12	14	14	10	15	22	19	30	12	30	37	16	28	10	14	45	38	42	43	45	28	19	18	17	36	39	50	34	15	27	40	43	39	40	47	49	49	47	12	29	48	14	19	34	29	11	39	29	30	22	41	12	32	24	11	45	32	37	31	30	25	25	22	21	28	37	39	46	45	15	42	39	38	35	29	21	16	46	32	27	26	27	23	16	12	12	17	47	34	36	33	43	46	36	29	16	40	24	15	35	11	19	12	45	43	10	43	44	48	32	34	15	44	19	30	43	46	48	20	18	17	36	49	38	15	29	22	24	41	11	18	44	14	19	45	41	30	32	41	15	10	21	31	19	29	15	16	12	11	36	30	32	41	47	40	19	30	14	35	19	10	40	32	16	33	43	12	43	26	30	37	41	13	24	23	42	32	18	32	14	25	11	33	34	34	29	40	45	29	33	20	47	45	30	36	26	26	34	38	47	40	44	11	27	24	49	14	10	28	28	20	43	47	32	30	41	12	42	42	26	28	46	20	32	11	41	46	11	37	50	35	28	17	44	30	39	29	17	27	49	45	13	16	43	32	17	14	16	44	36	47	22	47	39	28	20	39	24	33	46	18	11	35	30	47	41	44	21	28	50	34	12	42	26	29	49	19	19	27	47	17	32	50	34	20	38	46	26	14	48	29	33	45	18	50	28	27	43	16	40	16	14	26	16	14	25	45	37	27	38	23	15	38	30	11	30	39	20	26	46	15	15	28	41	44	23	23	18	15	43	28	17	43	13	48	37	43	31	33	34	10	43	44	28	26	40	46	46	41	36	43	22	49	33	32	13	35	43	30	16	38	20	24	42	45	27	41	28	33	44	49	41	50	43	42	22	50	31	34	33	10	46	17	23	45	22	34	24	35	39	39	48	14	14	16	27	40	23	50	15	43	23	33	35	43	41	50	30	12	36	41	10	48	10	32	23	28	24	27	11	12	12	44	35	19	45	27	39	46	45	25	33	50	30	50	33	46	14	31	38	36	42	37	19	39	38	31	36	18	40	22	48	42	22	38	34	14	24	19	22	40	19	20	17	22	14	10	38	46	35	27	32	26	40	15	28	44	31	25	19	22	16	44	40	45	39	15	32	25	50	36	10	31	30	17	34	27	37	49	35	11	43	22	45	42	10	49	32	38	49	39	15	19	26	13	21	47	12	16	13	29	34	28	31	46	13	20	37	33	16	26	41	41	38	17	13	18	25	20	14	40	20	34	20	35	39	46	39	24	34	44	21	35	46	31	19	12	43	20	11	17	45	27	19	31	21	16	12	46	
10
70
