22
10
0	0	0	0	0	96	0	0	500	0	
0	0	0	0	500	0	0	48	48	500	
0	0	0	0	0	192	48	0	96	500	
0	0	0	0	96	0	0	500	0	0	
0	500	0	96	0	0	0	0	0	0	
96	0	192	0	0	0	96	0	0	0	
0	0	48	0	0	96	0	0	0	0	
0	48	0	500	0	0	0	0	0	0	
500	48	96	0	0	0	0	0	0	0	
0	500	500	0	0	0	0	0	0	0	
4	6	5	3	8	6	1	5	5	1	3	2	2	0	2	9	8	3	2	3	1	7	
7	5	9	8	4	2	2	2	2	8	7	3	1	3	3	2	4	7	9	8	4	6	
26	39	37	22	20	29	29	32	21	28	31	38	25	27	24	27	27	24	34	23	34	29	
38	49	21	10	20	11	28	12	12	35	24	10	42	47	16	18	48	48	16	33	12	47	
5
50
