40
10
0	0	0	0	96	0	48	0	0	0	
0	0	0	0	192	96	192	48	0	0	
0	0	0	0	0	96	0	500	0	0	
0	0	0	0	0	0	96	96	500	96	
96	192	0	0	0	0	0	0	0	0	
0	96	96	0	0	0	0	0	0	0	
48	192	0	96	0	0	0	0	0	0	
0	48	500	96	0	0	0	0	0	0	
0	0	0	500	0	0	0	0	0	96	
0	0	0	96	0	0	0	0	96	0	
8	0	9	2	1	2	8	8	8	5	6	7	6	6	7	2	5	2	6	5	0	2	6	8	7	3	7	7	4	0	5	8	4	6	7	3	1	9	2	0	
6	8	8	3	7	6	3	1	8	3	1	6	7	0	2	8	9	7	9	4	3	1	4	4	1	0	3	2	8	4	5	3	8	5	0	7	5	6	0	2	
24	34	26	24	29	34	20	22	21	25	40	37	25	30	35	23	31	38	38	24	32	21	39	34	33	24	21	34	37	40	34	26	37	27	37	28	26	31	21	23	
42	11	26	24	47	19	28	25	44	29	20	20	16	31	12	35	26	28	47	16	25	24	27	35	27	21	28	15	19	34	38	18	43	16	10	35	44	28	26	42	
10
90
