36
10
0	0	0	500	0	500	0	0	0	0	
0	0	0	500	0	0	0	48	0	0	
0	0	0	0	0	0	0	500	48	48	
500	500	0	0	0	0	0	0	0	0	
0	0	0	0	0	48	500	0	0	0	
500	0	0	0	48	0	0	0	0	0	
0	0	0	0	500	0	0	0	0	192	
0	48	500	0	0	0	0	0	500	0	
0	0	48	0	0	0	0	500	0	0	
0	0	48	0	0	0	192	0	0	0	
4	5	0	6	0	5	8	4	8	4	2	7	4	0	4	4	7	9	0	2	0	7	7	1	5	6	6	7	3	0	1	9	9	1	0	9	
9	9	3	1	2	5	2	8	5	3	7	2	0	8	6	7	9	8	8	8	3	9	8	8	8	6	1	9	8	3	4	4	0	0	5	6	
24	26	30	32	38	26	31	21	31	24	36	22	40	29	22	24	39	32	36	34	32	29	28	21	38	34	26	22	22	37	36	40	31	26	36	23	
23	38	28	34	46	17	11	23	46	48	48	31	32	29	22	18	33	41	30	38	38	11	20	27	16	14	21	39	37	15	30	34	34	10	44	41	
0.5
80
