27
10
0	0	0	0	96	0	48	0	0	0	
0	0	0	0	192	96	192	48	0	0	
0	0	0	0	0	96	0	500	0	0	
0	0	0	0	0	0	96	96	500	96	
96	192	0	0	0	0	0	0	0	0	
0	96	96	0	0	0	0	0	0	0	
48	192	0	96	0	0	0	0	0	0	
0	48	500	96	0	0	0	0	0	0	
0	0	0	500	0	0	0	0	0	96	
0	0	0	96	0	0	0	0	96	0	
3	2	8	9	5	7	8	6	2	3	7	0	6	5	9	5	3	5	9	4	0	2	1	8	0	4	7	
6	7	6	0	6	0	9	1	2	4	1	7	2	8	5	6	0	5	8	1	3	2	5	1	1	8	7	
33	22	24	21	26	24	37	24	31	33	23	39	20	29	26	29	36	39	35	36	21	40	30	24	34	25	33	
37	22	48	41	18	20	37	23	25	24	11	27	17	29	29	21	20	24	25	10	14	23	41	31	15	12	15	
20
60
