31
10
0	48	48	192	0	0	0	0	0	0	
48	0	0	48	0	0	192	0	0	0	
48	0	0	0	0	0	0	500	192	0	
192	48	0	0	0	0	0	0	0	0	
0	0	0	0	0	96	0	96	192	0	
0	0	0	0	96	0	500	500	0	0	
0	192	0	0	0	500	0	48	0	48	
0	0	500	0	96	500	48	0	0	0	
0	0	192	0	192	0	0	0	0	0	
0	0	0	0	0	0	48	0	0	0	
5	0	4	5	4	9	3	6	8	6	5	4	3	7	8	6	2	1	8	7	9	1	8	0	5	9	7	2	3	7	0	
3	4	4	4	2	5	9	8	7	3	3	4	5	5	8	7	1	5	0	8	6	7	8	2	3	9	9	4	8	1	6	
27	20	29	40	28	27	38	28	26	33	38	30	22	35	36	34	35	26	27	30	21	35	36	31	27	35	33	29	31	36	27	
23	36	22	23	18	12	44	36	30	32	11	24	40	43	23	10	15	35	30	25	39	37	22	23	21	16	24	31	27	14	49	
10
70
