27
10
0	48	48	192	0	0	0	0	0	0	
48	0	0	48	0	0	192	0	0	0	
48	0	0	0	0	0	0	500	192	0	
192	48	0	0	0	0	0	0	0	0	
0	0	0	0	0	96	0	96	192	0	
0	0	0	0	96	0	500	500	0	0	
0	192	0	0	0	500	0	48	0	48	
0	0	500	0	96	500	48	0	0	0	
0	0	192	0	192	0	0	0	0	0	
0	0	0	0	0	0	48	0	0	0	
9	1	9	6	9	9	9	9	9	2	3	8	2	2	8	2	9	2	0	7	8	8	3	7	3	9	6	
8	5	2	7	6	5	5	0	7	3	4	3	7	9	9	2	6	3	2	7	8	6	2	5	6	3	5	
29	40	21	36	35	32	35	33	21	40	28	21	22	35	33	29	35	24	37	23	21	25	31	23	26	37	38	
14	11	24	29	43	22	14	15	19	35	50	19	49	23	41	32	50	50	18	48	50	39	21	10	16	29	10	
10
60
