31
10
0	0	96	0	0	192	0	0	0	0	
0	0	48	48	0	0	0	0	0	96	
96	48	0	0	0	0	0	0	0	0	
0	48	0	0	0	0	0	0	0	96	
0	0	0	0	0	500	96	96	192	0	
192	0	0	0	500	0	0	48	0	0	
0	0	0	0	96	0	0	500	0	0	
0	0	0	0	96	48	500	0	0	0	
0	0	0	0	192	0	0	0	0	0	
0	96	0	96	0	0	0	0	0	0	
0	0	3	6	4	8	6	7	6	5	3	7	8	6	5	3	3	1	1	8	3	5	0	5	7	5	4	5	0	9	4	
7	0	0	0	7	8	1	3	1	7	2	3	4	4	0	3	1	5	8	2	1	3	6	9	3	4	2	6	7	7	3	
27	38	31	22	29	39	40	22	22	40	25	37	30	31	25	25	30	36	38	24	37	21	28	34	26	22	34	22	35	25	34	
41	46	40	38	38	31	32	26	14	32	12	33	12	48	27	39	45	30	36	25	24	38	22	47	24	47	48	46	22	48	11	
5
70
