27
10
0	0	96	0	0	192	0	0	0	0	
0	0	48	48	0	0	0	0	0	96	
96	48	0	0	0	0	0	0	0	0	
0	48	0	0	0	0	0	0	0	96	
0	0	0	0	0	500	96	96	192	0	
192	0	0	0	500	0	0	48	0	0	
0	0	0	0	96	0	0	500	0	0	
0	0	0	0	96	48	500	0	0	0	
0	0	0	0	192	0	0	0	0	0	
0	96	0	96	0	0	0	0	0	0	
5	0	3	5	7	7	1	5	3	2	8	9	0	0	0	8	7	8	1	2	0	9	4	0	0	3	7	
9	9	2	8	6	4	8	3	8	0	6	1	5	2	5	1	7	8	0	3	8	8	1	2	1	5	3	
27	22	27	21	23	24	38	35	24	36	22	22	24	24	38	25	32	20	21	37	38	36	40	28	39	39	25	
17	25	47	34	36	20	24	37	37	13	43	28	26	50	35	31	29	32	25	34	12	38	50	36	40	29	14	
15
60
