22
10
0	48	48	192	0	0	0	0	0	0	
48	0	0	48	0	0	192	0	0	0	
48	0	0	0	0	0	0	500	192	0	
192	48	0	0	0	0	0	0	0	0	
0	0	0	0	0	96	0	96	192	0	
0	0	0	0	96	0	500	500	0	0	
0	192	0	0	0	500	0	48	0	48	
0	0	500	0	96	500	48	0	0	0	
0	0	192	0	192	0	0	0	0	0	
0	0	0	0	0	0	48	0	0	0	
3	8	3	7	8	5	5	6	2	1	1	7	4	1	7	5	3	7	9	4	1	2	
4	5	9	0	6	0	4	8	5	8	4	9	1	0	1	6	5	7	9	4	6	0	
38	20	33	39	20	33	28	32	25	40	21	26	24	35	24	39	38	21	20	23	23	26	
23	45	24	18	40	43	39	26	27	26	45	22	48	13	29	35	44	15	14	37	30	30	
5
50
