31
10
0	0	0	0	96	0	48	0	0	0	
0	0	0	0	192	96	192	48	0	0	
0	0	0	0	0	96	0	500	0	0	
0	0	0	0	0	0	96	96	500	96	
96	192	0	0	0	0	0	0	0	0	
0	96	96	0	0	0	0	0	0	0	
48	192	0	96	0	0	0	0	0	0	
0	48	500	96	0	0	0	0	0	0	
0	0	0	500	0	0	0	0	0	96	
0	0	0	96	0	0	0	0	96	0	
6	8	4	2	1	6	6	1	6	4	4	4	8	1	6	7	8	0	4	3	8	2	0	8	1	9	4	8	1	3	5	
1	2	3	3	5	7	8	3	2	8	4	4	3	5	1	7	6	4	1	2	0	5	2	4	8	8	4	4	3	8	2	
26	25	20	25	35	34	22	23	23	22	20	34	29	35	33	39	36	23	24	33	28	31	32	40	32	34	36	38	28	28	20	
17	11	17	17	20	28	10	17	47	13	40	13	47	16	40	12	29	30	30	28	44	11	47	48	44	17	40	37	20	44	50	
0.5
70
