36
10
0	48	48	192	0	0	0	0	0	0	
48	0	0	48	0	0	192	0	0	0	
48	0	0	0	0	0	0	500	192	0	
192	48	0	0	0	0	0	0	0	0	
0	0	0	0	0	96	0	96	192	0	
0	0	0	0	96	0	500	500	0	0	
0	192	0	0	0	500	0	48	0	48	
0	0	500	0	96	500	48	0	0	0	
0	0	192	0	192	0	0	0	0	0	
0	0	0	0	0	0	48	0	0	0	
6	0	7	1	9	5	9	0	4	5	9	4	4	8	8	3	2	5	4	8	7	2	8	8	6	5	2	3	8	9	7	9	8	9	1	5	
8	3	1	6	9	3	7	2	3	3	6	5	0	3	8	0	5	3	4	6	7	6	7	1	3	5	9	0	6	9	5	5	5	7	0	6	
33	33	38	27	24	32	28	28	30	21	27	36	34	28	34	31	23	36	25	21	20	29	24	38	39	28	22	28	33	23	27	37	33	33	31	21	
43	26	37	16	18	13	30	10	46	19	10	31	48	35	30	50	14	36	18	42	20	33	45	24	10	39	31	21	34	35	16	18	15	19	29	37	
5
80
