31
10
0	0	0	500	0	500	0	0	0	0	
0	0	0	500	0	0	0	48	0	0	
0	0	0	0	0	0	0	500	48	48	
500	500	0	0	0	0	0	0	0	0	
0	0	0	0	0	48	500	0	0	0	
500	0	0	0	48	0	0	0	0	0	
0	0	0	0	500	0	0	0	0	192	
0	48	500	0	0	0	0	0	500	0	
0	0	48	0	0	0	0	500	0	0	
0	0	48	0	0	0	192	0	0	0	
0	4	8	6	4	2	0	0	8	0	4	4	8	7	5	0	2	0	3	8	4	3	1	8	5	6	1	9	3	9	1	
2	2	9	8	8	1	9	0	2	8	2	8	2	0	8	8	5	9	0	3	9	5	7	5	5	7	8	6	3	3	4	
30	39	22	26	40	30	27	20	31	23	27	40	24	36	30	29	31	30	22	37	39	22	22	26	36	29	30	35	37	25	21	
18	44	35	49	22	50	28	43	37	36	29	28	44	46	15	27	11	32	40	36	35	16	40	44	23	50	46	20	43	20	17	
0.5
70
