40
10
0	48	48	192	0	0	0	0	0	0	
48	0	0	48	0	0	192	0	0	0	
48	0	0	0	0	0	0	500	192	0	
192	48	0	0	0	0	0	0	0	0	
0	0	0	0	0	96	0	96	192	0	
0	0	0	0	96	0	500	500	0	0	
0	192	0	0	0	500	0	48	0	48	
0	0	500	0	96	500	48	0	0	0	
0	0	192	0	192	0	0	0	0	0	
0	0	0	0	0	0	48	0	0	0	
0	9	1	8	4	7	5	4	3	8	8	0	9	6	0	2	6	8	2	0	3	9	8	9	4	0	1	2	6	8	7	0	7	6	2	1	0	6	2	1	
9	4	6	0	8	5	5	1	2	7	0	3	4	0	9	3	4	9	3	8	1	1	4	6	8	1	5	3	0	7	6	3	2	3	3	7	1	4	6	6	
38	40	30	28	33	23	38	28	40	33	21	31	22	32	31	20	27	37	24	20	29	25	36	34	21	32	38	29	21	28	25	24	32	33	22	27	22	21	27	30	
35	18	20	47	32	19	13	37	26	10	24	41	41	21	12	38	39	28	19	29	50	32	47	42	32	36	18	28	12	15	32	39	45	13	28	43	16	41	36	48	
20
90
