40
10
0	0	96	0	0	192	0	0	0	0	
0	0	48	48	0	0	0	0	0	96	
96	48	0	0	0	0	0	0	0	0	
0	48	0	0	0	0	0	0	0	96	
0	0	0	0	0	500	96	96	192	0	
192	0	0	0	500	0	0	48	0	0	
0	0	0	0	96	0	0	500	0	0	
0	0	0	0	96	48	500	0	0	0	
0	0	0	0	192	0	0	0	0	0	
0	96	0	96	0	0	0	0	0	0	
4	1	9	2	5	5	2	0	5	6	3	5	5	0	1	7	6	3	6	1	1	7	3	8	6	5	3	6	1	0	1	9	6	9	1	2	6	0	5	7	
1	7	2	5	1	2	3	9	9	9	6	3	7	1	5	7	3	4	8	9	6	8	7	2	1	2	8	1	1	6	3	2	5	2	4	2	4	1	6	7	
32	31	38	34	28	29	21	32	30	28	21	34	31	38	40	35	38	20	29	25	24	29	32	22	24	29	32	22	36	30	30	33	35	34	40	37	32	23	20	27	
26	34	19	41	30	20	19	49	21	28	12	35	40	43	13	33	36	33	50	10	14	47	36	24	15	14	21	38	40	11	31	33	10	17	45	38	35	19	29	38	
10
90
