22
10
0	0	0	0	0	500	0	0	0	500	
0	0	0	48	0	0	0	0	96	96	
0	0	0	0	48	0	0	48	0	0	
0	48	0	0	0	0	0	48	500	48	
0	0	48	0	0	0	500	192	500	0	
500	0	0	0	0	0	96	500	0	0	
0	0	0	0	500	96	0	0	0	0	
0	0	48	48	192	500	0	0	0	0	
0	96	0	500	500	0	0	0	0	0	
500	96	0	48	0	0	0	0	0	0	
9	3	5	7	8	1	9	2	7	0	2	0	4	8	6	3	4	1	5	0	0	3	
2	4	4	3	3	9	2	3	1	5	0	2	0	2	8	3	8	1	7	7	6	4	
33	33	37	32	37	37	36	23	28	40	20	39	20	32	38	40	23	35	24	25	40	32	
48	26	37	14	44	14	37	13	21	28	36	49	27	24	27	27	18	50	16	19	39	19	
15
50
