40
10
0	0	0	0	0	0	500	0	0	96	
0	0	0	96	96	48	0	0	0	0	
0	0	0	0	0	0	0	192	500	0	
0	96	0	0	96	0	0	0	0	0	
0	96	0	96	0	0	0	0	0	0	
0	48	0	0	0	0	0	96	0	0	
500	0	0	0	0	0	0	0	192	96	
0	0	192	0	0	96	0	0	0	0	
0	0	500	0	0	0	192	0	0	0	
96	0	0	0	0	0	96	0	0	0	
1	4	5	5	9	3	6	8	1	0	2	6	2	9	8	6	2	4	5	1	6	8	8	5	4	8	0	3	3	4	0	3	5	0	3	3	0	7	4	2	
8	2	3	2	7	3	5	8	6	6	2	0	5	2	9	1	9	8	9	2	4	9	9	9	1	6	0	3	0	4	5	3	1	7	7	3	6	7	5	0	
36	24	35	31	25	27	26	25	30	23	20	38	24	24	35	30	29	20	31	33	35	25	33	27	25	25	28	21	23	38	39	33	40	28	36	33	26	40	26	36	
40	29	18	45	15	45	44	17	15	46	16	25	29	27	22	28	20	42	11	21	40	26	40	33	49	18	35	46	20	24	49	35	48	36	26	34	20	41	31	13	
5
90
