40
10
0	0	0	0	0	96	0	0	500	0	
0	0	0	0	500	0	0	48	48	500	
0	0	0	0	0	192	48	0	96	500	
0	0	0	0	96	0	0	500	0	0	
0	500	0	96	0	0	0	0	0	0	
96	0	192	0	0	0	96	0	0	0	
0	0	48	0	0	96	0	0	0	0	
0	48	0	500	0	0	0	0	0	0	
500	48	96	0	0	0	0	0	0	0	
0	500	500	0	0	0	0	0	0	0	
3	9	3	9	4	9	1	8	7	8	2	6	5	4	9	4	5	8	0	9	6	1	2	3	2	9	0	1	1	9	2	5	2	9	0	6	8	4	1	3	
3	9	3	5	7	6	0	9	9	1	4	4	0	4	1	1	8	2	5	1	0	5	3	5	1	4	9	8	1	5	9	5	4	8	2	1	9	1	3	7	
23	27	32	29	25	38	36	32	31	28	24	21	40	32	23	25	29	22	33	32	32	34	33	27	28	23	27	35	24	38	40	30	31	33	38	21	21	24	39	23	
18	37	31	19	28	50	32	25	27	26	19	38	33	48	48	34	19	39	13	50	50	46	36	12	35	41	16	20	25	40	43	19	33	48	48	18	15	26	22	10	
0.5
90
