36
10
0	0	96	0	0	192	0	0	0	0	
0	0	48	48	0	0	0	0	0	96	
96	48	0	0	0	0	0	0	0	0	
0	48	0	0	0	0	0	0	0	96	
0	0	0	0	0	500	96	96	192	0	
192	0	0	0	500	0	0	48	0	0	
0	0	0	0	96	0	0	500	0	0	
0	0	0	0	96	48	500	0	0	0	
0	0	0	0	192	0	0	0	0	0	
0	96	0	96	0	0	0	0	0	0	
9	6	4	9	6	3	7	0	7	6	8	8	5	5	4	7	5	6	0	6	8	3	2	5	1	8	4	7	9	3	8	8	1	8	1	4	
4	8	6	2	9	9	9	2	4	0	2	3	6	7	4	1	9	2	5	9	6	0	0	9	9	6	1	0	4	4	6	9	4	9	7	8	
40	30	23	34	32	36	30	25	34	36	40	35	34	35	25	38	36	28	26	21	36	29	40	34	33	20	31	31	38	28	26	20	30	37	20	23	
44	50	36	14	12	12	23	48	25	43	34	33	15	22	47	26	12	19	24	48	28	24	23	47	46	17	19	13	20	44	33	11	50	43	30	33	
5
80
