31
10
0	0	0	48	0	96	0	0	0	0	
0	0	96	0	0	0	48	192	0	48	
0	96	0	0	0	0	48	0	0	0	
48	0	0	0	0	0	0	0	0	500	
0	0	0	0	0	0	0	0	192	192	
96	0	0	0	0	0	0	500	96	0	
0	48	48	0	0	0	0	0	0	0	
0	192	0	0	0	500	0	0	0	0	
0	0	0	0	192	96	0	0	0	0	
0	48	0	500	192	0	0	0	0	0	
2	2	2	4	8	9	1	8	0	9	2	8	5	5	7	8	5	5	4	5	3	5	4	6	3	6	3	8	2	4	8	
9	3	5	0	6	4	1	3	5	0	7	8	7	0	8	7	9	8	9	8	9	8	8	6	6	5	2	7	8	4	4	
32	26	32	22	26	22	20	33	32	22	23	25	34	23	38	31	29	20	22	33	32	20	36	30	20	25	28	24	31	20	23	
35	39	23	36	48	42	31	42	14	50	16	24	17	17	34	26	43	40	40	48	41	20	35	35	18	42	41	33	12	10	10	
0.5
70
