27
10
0	0	0	0	0	0	500	0	0	96	
0	0	0	96	96	48	0	0	0	0	
0	0	0	0	0	0	0	192	500	0	
0	96	0	0	96	0	0	0	0	0	
0	96	0	96	0	0	0	0	0	0	
0	48	0	0	0	0	0	96	0	0	
500	0	0	0	0	0	0	0	192	96	
0	0	192	0	0	96	0	0	0	0	
0	0	500	0	0	0	192	0	0	0	
96	0	0	0	0	0	96	0	0	0	
5	4	0	0	2	0	8	8	3	9	3	7	7	9	2	3	2	6	7	5	6	6	9	6	0	6	6	
2	1	9	6	3	8	6	8	9	4	4	1	6	5	5	8	3	1	7	3	6	5	1	2	0	6	5	
34	30	29	32	32	29	39	22	29	33	24	32	33	22	26	23	20	40	36	37	30	35	31	34	31	34	21	
27	27	16	49	31	32	23	26	41	34	17	17	23	16	28	28	40	16	11	42	40	34	35	24	26	39	19	
15
60
