31
10
0	0	0	0	0	500	0	0	0	500	
0	0	0	48	0	0	0	0	96	96	
0	0	0	0	48	0	0	48	0	0	
0	48	0	0	0	0	0	48	500	48	
0	0	48	0	0	0	500	192	500	0	
500	0	0	0	0	0	96	500	0	0	
0	0	0	0	500	96	0	0	0	0	
0	0	48	48	192	500	0	0	0	0	
0	96	0	500	500	0	0	0	0	0	
500	96	0	48	0	0	0	0	0	0	
1	1	5	9	1	1	0	5	1	7	6	6	7	7	0	3	7	3	0	0	3	1	1	6	1	3	9	8	6	4	2	
0	9	3	7	7	8	6	0	1	8	1	7	2	3	8	2	8	9	2	3	5	1	4	3	1	3	5	2	7	4	7	
22	39	24	30	29	26	39	34	37	24	30	24	25	37	30	27	39	33	34	34	30	39	33	39	24	36	39	26	29	27	36	
10	49	25	39	19	44	19	11	34	14	15	11	29	42	11	13	18	50	44	49	11	42	14	21	24	32	21	47	49	16	24	
0.5
70
