31
10
0	96	0	0	0	0	48	0	0	0	
96	0	0	0	0	0	500	0	0	0	
0	0	0	96	0	0	0	0	48	0	
0	0	96	0	0	0	0	0	192	0	
0	0	0	0	0	0	0	500	500	96	
0	0	0	0	0	0	96	0	48	0	
48	500	0	0	0	96	0	0	0	0	
0	0	0	0	500	0	0	0	0	96	
0	0	48	192	500	48	0	0	0	0	
0	0	0	0	96	0	0	96	0	0	
7	8	7	2	4	4	8	1	8	5	4	9	4	4	2	4	5	6	8	2	2	2	0	5	9	4	7	5	6	3	0	
0	8	1	1	0	6	7	9	1	5	4	8	9	7	2	9	4	7	7	4	7	1	4	4	5	9	2	0	8	8	3	
34	27	29	40	30	39	40	27	27	38	37	30	38	38	35	38	26	23	29	27	32	26	35	27	38	40	25	24	22	23	33	
14	22	30	39	32	50	43	24	50	17	19	19	16	13	49	17	39	49	45	37	41	32	20	26	34	10	49	39	37	37	21	
0.5
70
