36
10
0	0	0	0	0	500	0	0	0	500	
0	0	0	48	0	0	0	0	96	96	
0	0	0	0	48	0	0	48	0	0	
0	48	0	0	0	0	0	48	500	48	
0	0	48	0	0	0	500	192	500	0	
500	0	0	0	0	0	96	500	0	0	
0	0	0	0	500	96	0	0	0	0	
0	0	48	48	192	500	0	0	0	0	
0	96	0	500	500	0	0	0	0	0	
500	96	0	48	0	0	0	0	0	0	
2	2	5	9	9	6	7	1	7	3	8	5	8	5	3	8	4	9	2	1	6	4	9	1	7	7	5	2	8	9	2	8	0	6	6	8	
2	7	6	7	1	1	8	2	7	4	6	0	1	8	8	8	3	5	8	7	7	8	8	0	3	9	9	2	1	2	7	5	6	5	1	7	
25	33	21	27	22	30	25	22	25	21	34	33	20	31	28	39	28	29	40	21	36	25	34	33	21	25	37	40	37	39	28	39	32	22	21	36	
16	13	21	42	13	12	19	23	18	20	39	22	29	42	37	48	22	50	38	28	44	46	32	36	30	39	45	48	22	49	38	48	10	15	44	42	
15
80
