27
10
0	0	0	500	0	500	0	0	0	0	
0	0	0	500	0	0	0	48	0	0	
0	0	0	0	0	0	0	500	48	48	
500	500	0	0	0	0	0	0	0	0	
0	0	0	0	0	48	500	0	0	0	
500	0	0	0	48	0	0	0	0	0	
0	0	0	0	500	0	0	0	0	192	
0	48	500	0	0	0	0	0	500	0	
0	0	48	0	0	0	0	500	0	0	
0	0	48	0	0	0	192	0	0	0	
9	7	7	4	0	6	6	9	1	1	2	3	8	0	8	7	9	4	5	1	9	6	5	4	6	7	1	
0	5	3	1	3	3	5	9	2	9	2	1	8	6	4	2	0	6	4	7	0	6	8	4	7	7	1	
35	36	36	40	28	26	21	21	40	33	40	24	20	31	31	32	33	34	24	22	32	29	22	26	40	35	36	
13	31	29	43	12	32	27	16	13	35	33	20	41	15	13	22	39	44	10	26	41	18	45	23	25	10	47	
15
60
