36
10
0	0	0	0	0	96	0	0	500	0	
0	0	0	0	500	0	0	48	48	500	
0	0	0	0	0	192	48	0	96	500	
0	0	0	0	96	0	0	500	0	0	
0	500	0	96	0	0	0	0	0	0	
96	0	192	0	0	0	96	0	0	0	
0	0	48	0	0	96	0	0	0	0	
0	48	0	500	0	0	0	0	0	0	
500	48	96	0	0	0	0	0	0	0	
0	500	500	0	0	0	0	0	0	0	
4	5	0	7	4	1	8	0	9	4	4	5	2	2	5	3	2	1	2	9	4	1	5	1	5	6	5	8	7	2	2	6	1	3	9	0	
0	4	2	5	9	8	6	7	1	2	7	2	8	8	3	4	1	5	0	1	9	7	1	8	6	2	7	2	4	6	0	9	8	5	2	7	
34	33	33	27	36	28	20	28	26	31	39	24	21	24	31	28	37	24	23	38	32	38	25	38	25	29	22	27	39	32	39	27	32	20	39	28	
23	13	28	33	36	24	38	43	41	28	40	23	38	37	25	23	13	43	48	22	34	36	37	20	11	31	40	17	12	29	11	27	41	47	40	37	
15
80
