27
10
0	96	0	0	0	0	48	0	0	0	
96	0	0	0	0	0	500	0	0	0	
0	0	0	96	0	0	0	0	48	0	
0	0	96	0	0	0	0	0	192	0	
0	0	0	0	0	0	0	500	500	96	
0	0	0	0	0	0	96	0	48	0	
48	500	0	0	0	96	0	0	0	0	
0	0	0	0	500	0	0	0	0	96	
0	0	48	192	500	48	0	0	0	0	
0	0	0	0	96	0	0	96	0	0	
8	4	5	1	3	9	2	1	8	1	1	4	1	5	6	4	3	6	0	4	2	9	5	2	3	8	9	
6	0	6	4	7	2	8	1	0	2	0	1	4	8	8	4	2	9	3	0	9	4	0	5	4	6	9	
33	25	23	25	32	28	28	40	36	39	26	22	33	28	27	35	27	38	21	38	26	22	24	20	32	21	30	
11	28	27	14	15	37	46	27	21	38	16	50	49	14	25	24	34	11	40	27	43	31	10	33	26	19	43	
5
60
