27
10
0	0	0	0	0	96	0	0	500	0	
0	0	0	0	500	0	0	48	48	500	
0	0	0	0	0	192	48	0	96	500	
0	0	0	0	96	0	0	500	0	0	
0	500	0	96	0	0	0	0	0	0	
96	0	192	0	0	0	96	0	0	0	
0	0	48	0	0	96	0	0	0	0	
0	48	0	500	0	0	0	0	0	0	
500	48	96	0	0	0	0	0	0	0	
0	500	500	0	0	0	0	0	0	0	
5	2	7	4	4	4	4	5	6	4	4	2	7	6	7	4	2	8	1	1	1	5	5	2	4	5	7	
9	8	1	2	9	3	0	5	6	7	1	7	4	2	3	2	5	1	7	2	4	0	9	8	8	6	3	
29	26	30	29	38	38	40	31	32	38	39	29	39	33	30	38	35	40	24	22	21	39	29	23	25	39	21	
11	16	46	21	38	11	25	38	28	23	44	11	47	31	47	25	35	37	20	29	25	32	32	43	23	25	40	
0.5
60
