22
10
0	0	0	500	0	500	0	0	0	0	
0	0	0	500	0	0	0	48	0	0	
0	0	0	0	0	0	0	500	48	48	
500	500	0	0	0	0	0	0	0	0	
0	0	0	0	0	48	500	0	0	0	
500	0	0	0	48	0	0	0	0	0	
0	0	0	0	500	0	0	0	0	192	
0	48	500	0	0	0	0	0	500	0	
0	0	48	0	0	0	0	500	0	0	
0	0	48	0	0	0	192	0	0	0	
7	7	7	7	7	4	1	8	7	0	8	4	5	9	7	8	0	9	5	9	7	4	
9	6	7	4	6	6	5	8	3	1	9	5	6	5	4	0	5	7	8	4	0	5	
33	35	33	22	27	38	24	20	32	28	24	20	37	25	33	39	30	40	37	21	37	30	
39	38	38	14	36	15	20	19	24	46	15	17	35	47	15	48	20	50	44	47	32	35	
15
50
