36
10
0	0	0	0	96	0	48	0	0	0	
0	0	0	0	192	96	192	48	0	0	
0	0	0	0	0	96	0	500	0	0	
0	0	0	0	0	0	96	96	500	96	
96	192	0	0	0	0	0	0	0	0	
0	96	96	0	0	0	0	0	0	0	
48	192	0	96	0	0	0	0	0	0	
0	48	500	96	0	0	0	0	0	0	
0	0	0	500	0	0	0	0	0	96	
0	0	0	96	0	0	0	0	96	0	
4	2	1	5	4	1	2	7	7	1	5	0	8	9	2	6	6	4	1	2	5	1	3	5	2	1	3	2	8	8	9	4	2	2	6	3	
9	1	5	0	8	3	5	4	0	4	5	9	3	6	6	9	8	2	5	0	2	9	6	8	7	0	7	6	2	8	3	0	0	7	0	4	
31	35	27	29	24	27	31	22	39	38	37	39	31	31	33	28	37	26	39	39	37	25	39	26	31	24	21	39	27	37	35	40	40	29	30	23	
48	15	14	47	33	12	27	42	24	30	23	18	47	25	24	15	45	10	48	20	31	14	43	43	41	25	50	17	30	31	30	24	36	35	29	18	
0.5
80
