31
10
0	500	0	0	192	0	0	0	0	0	
500	0	0	0	192	96	0	0	0	0	
0	0	0	0	0	0	500	500	0	0	
0	0	0	0	0	500	0	48	96	96	
192	192	0	0	0	0	0	0	0	0	
0	96	0	500	0	0	0	0	0	0	
0	0	500	0	0	0	0	500	0	0	
0	0	500	48	0	0	500	0	500	48	
0	0	0	96	0	0	0	500	0	96	
0	0	0	96	0	0	0	48	96	0	
8	1	6	2	5	1	5	8	7	5	3	8	6	4	3	4	0	3	8	6	0	7	4	3	6	3	4	1	3	1	5	
5	8	1	5	7	4	4	6	4	9	1	7	1	2	7	0	5	8	1	0	7	1	4	1	5	2	2	3	6	0	2	
26	28	21	40	27	32	29	26	26	25	20	38	31	32	33	32	32	22	35	27	23	32	39	21	25	24	25	32	25	40	20	
17	48	39	38	25	40	25	39	24	10	34	34	43	27	36	16	16	25	12	47	14	17	38	35	28	12	34	20	35	37	32	
20
70
