3465
100
0	0	0	0	0	48	0	0	0	500	0	0	0	0	0	0	48	192	0	0	0	0	0	0	0	0	0	0	0	0	0	0	0	0	0	0	0	0	0	0	0	0	0	0	0	0	0	0	0	0	0	0	0	0	0	0	0	0	0	0	0	0	0	0	0	0	0	0	0	0	0	0	0	0	0	0	0	0	0	0	0	0	0	0	0	0	0	0	0	0	0	0	0	0	0	0	0	0	0	0	
0	0	0	0	0	0	0	48	96	0	0	0	0	0	0	0	0	0	0	0	0	0	0	0	0	0	0	0	0	0	0	0	0	0	0	0	0	0	0	0	0	0	0	0	0	0	0	0	0	0	0	0	0	0	0	0	0	0	0	0	0	0	0	0	0	0	0	0	0	0	0	0	0	0	0	0	0	0	0	0	0	0	0	0	0	0	0	0	0	0	0	0	0	0	0	0	0	0	0	0	
0	0	0	0	0	0	0	0	0	0	96	0	0	0	0	0	0	0	0	0	0	0	0	0	0	0	0	0	0	0	0	0	0	0	0	0	0	0	0	0	0	0	0	0	0	0	0	0	0	0	0	0	0	0	0	0	0	0	0	0	0	0	0	0	0	0	0	0	0	48	0	0	0	0	0	0	0	0	0	0	0	0	0	0	0	0	0	0	0	0	0	0	0	0	0	0	0	0	0	0	
0	0	0	0	0	0	0	0	0	0	0	0	0	0	0	0	0	0	0	0	48	0	0	0	0	0	0	0	0	0	0	0	0	192	0	0	0	0	0	0	0	0	0	0	0	0	0	0	0	0	0	0	0	0	0	0	0	0	0	0	0	0	0	0	0	0	0	0	0	0	0	0	0	0	0	0	0	0	0	0	0	0	0	0	0	0	0	96	0	0	0	0	0	0	0	0	0	0	0	0	
0	0	0	0	0	0	0	0	0	0	0	0	0	0	0	0	0	0	0	0	0	0	0	0	0	0	0	0	0	0	192	0	0	0	192	0	0	0	0	0	0	0	0	0	0	0	0	0	0	0	0	0	0	0	0	0	0	0	0	0	0	0	0	0	0	0	0	0	0	0	0	0	0	0	0	0	0	0	0	0	0	0	0	0	0	0	0	0	0	0	0	0	0	0	0	0	0	0	96	0	
48	0	0	0	0	0	0	0	0	0	0	0	0	500	0	0	0	0	0	0	0	0	0	0	0	0	0	0	0	0	0	0	0	0	0	0	96	0	0	0	0	0	0	0	0	0	0	0	0	0	0	0	0	0	0	0	0	0	0	0	0	0	0	0	0	0	0	0	0	0	0	0	0	0	0	0	0	0	0	0	0	0	0	0	0	0	500	0	0	0	0	0	0	0	0	0	0	0	0	0	
0	0	0	0	0	0	0	0	0	0	0	0	0	0	48	0	0	0	0	0	0	0	0	0	0	0	0	0	0	0	0	0	0	0	0	0	0	0	0	0	0	0	192	0	0	0	0	0	0	0	0	0	0	0	0	0	0	0	192	0	0	0	0	0	0	0	0	0	0	0	0	0	0	0	0	0	0	0	0	0	0	0	0	0	0	0	0	0	500	0	0	0	0	0	0	0	0	0	0	0	
0	48	0	0	0	0	0	0	0	0	0	0	0	0	0	0	0	0	0	0	0	0	0	0	0	0	0	0	0	0	0	0	0	0	0	0	0	192	0	0	0	0	0	0	0	0	0	0	0	0	0	0	0	0	0	0	0	0	0	0	0	0	0	0	0	0	0	0	0	0	0	0	0	0	0	0	0	0	0	0	0	0	0	0	0	0	0	0	0	0	0	0	0	0	0	0	0	0	0	0	
0	96	0	0	0	0	0	0	0	0	0	0	0	0	0	0	0	0	0	0	0	0	0	0	48	0	0	0	0	0	0	0	0	0	0	0	0	0	0	0	0	0	0	0	0	0	0	0	0	0	0	0	0	0	0	0	0	0	0	0	0	0	0	0	0	0	0	0	0	0	0	0	0	0	0	0	0	0	0	0	0	0	0	0	0	0	0	0	0	0	0	0	0	0	0	0	0	0	0	0	
500	0	0	0	0	0	0	0	0	0	0	0	0	0	0	0	0	0	0	0	0	0	0	0	0	0	0	0	0	0	0	0	0	0	0	0	0	0	0	0	0	0	0	0	0	0	0	0	0	0	0	0	0	48	0	0	0	0	0	0	0	0	0	0	0	0	0	96	0	0	0	0	0	0	0	0	0	0	0	0	0	0	0	0	0	0	0	0	0	0	0	0	0	0	0	0	0	0	0	0	
0	0	96	0	0	0	0	0	0	0	0	0	500	0	0	0	0	0	0	0	0	0	0	0	0	0	0	0	0	0	0	0	0	0	0	0	0	0	0	0	0	0	0	0	0	0	0	0	0	0	0	0	0	0	0	0	0	0	0	0	0	0	0	0	0	0	0	0	0	0	0	0	0	0	0	0	0	0	0	0	0	0	0	0	0	0	0	0	0	0	0	0	0	0	0	0	0	0	0	0	
0	0	0	0	0	0	0	0	0	0	0	0	0	0	0	0	0	0	0	0	0	0	0	0	0	0	0	0	0	0	0	0	0	0	0	0	0	0	192	0	0	0	0	0	0	0	0	0	192	0	0	0	0	0	0	0	0	0	0	0	0	0	0	0	0	0	0	0	0	0	0	0	0	0	48	0	0	0	0	0	0	0	0	0	0	0	0	0	0	0	0	0	0	0	0	0	0	0	0	0	
0	0	0	0	0	0	0	0	0	0	500	0	0	0	0	0	0	0	0	0	0	0	0	0	0	0	0	0	0	0	0	0	0	0	0	0	0	0	0	0	0	0	0	0	0	0	0	0	0	0	0	0	0	0	0	0	0	0	0	0	0	0	0	0	0	500	0	0	0	0	0	0	0	0	0	0	0	0	0	0	0	0	0	0	96	0	0	0	0	0	0	0	0	0	0	0	0	0	0	0	
0	0	0	0	0	500	0	0	0	0	0	0	0	0	0	0	0	0	0	0	0	0	0	0	0	0	0	0	0	0	0	0	0	0	0	0	192	0	0	0	0	0	0	0	0	0	0	0	0	0	0	0	0	0	0	0	0	0	0	0	0	0	0	0	0	0	0	0	0	0	0	0	0	0	0	0	0	0	0	0	0	0	0	0	0	0	192	0	0	0	0	0	0	0	0	0	0	0	0	0	
0	0	0	0	0	0	48	0	0	0	0	0	0	0	0	0	0	0	0	0	0	0	0	0	0	0	0	0	0	0	0	0	0	0	0	0	0	0	0	0	0	0	0	0	0	0	0	0	0	0	0	0	0	0	0	0	0	0	0	0	0	0	0	0	0	0	0	0	0	0	0	0	0	0	0	0	0	0	0	0	0	0	0	0	0	0	0	0	192	0	0	0	0	0	0	0	0	0	0	0	
0	0	0	0	0	0	0	0	0	0	0	0	0	0	0	0	0	0	0	0	0	0	0	0	0	0	0	0	0	0	0	0	0	0	0	0	0	0	0	0	0	0	0	0	0	0	0	0	0	0	0	0	500	0	0	0	48	0	0	0	0	0	0	0	0	0	0	0	0	0	0	0	0	0	0	0	0	0	0	0	96	0	0	0	0	0	0	0	0	0	0	0	0	0	0	0	0	48	0	0	
48	0	0	0	0	0	0	0	0	0	0	0	0	0	0	0	0	500	0	0	0	0	0	0	0	0	0	0	0	0	0	0	0	0	0	0	0	0	0	0	0	0	0	0	0	0	0	0	0	0	0	0	0	0	0	0	0	0	0	0	0	0	0	0	0	0	0	0	0	0	0	0	0	0	0	0	0	0	0	0	0	0	0	0	0	0	0	0	0	0	0	0	0	0	0	0	0	0	0	0	
192	0	0	0	0	0	0	0	0	0	0	0	0	0	0	0	500	0	0	0	500	0	0	0	0	0	0	0	0	0	0	0	0	192	0	48	0	0	0	0	0	0	0	0	0	0	0	0	0	0	0	0	0	0	0	0	0	0	0	0	0	0	0	0	0	0	0	0	0	0	0	0	0	0	0	0	0	0	0	0	0	0	0	0	0	0	0	0	0	0	0	0	0	0	0	0	0	0	0	0	
0	0	0	0	0	0	0	0	0	0	0	0	0	0	0	0	0	0	0	0	0	0	0	0	0	0	0	0	0	0	0	0	48	0	0	0	0	0	0	0	0	0	0	0	0	0	0	0	0	0	0	0	0	0	0	0	0	0	0	0	0	192	0	0	0	0	0	0	0	0	0	0	0	0	0	0	0	0	0	0	0	0	0	0	0	0	0	0	0	0	0	0	0	48	0	0	0	0	0	0	
0	0	0	0	0	0	0	0	0	0	0	0	0	0	0	0	0	0	0	0	0	0	0	0	0	0	0	0	0	0	0	0	0	0	0	0	0	0	0	0	0	0	0	192	0	0	0	0	0	0	0	0	0	0	0	0	0	0	0	0	0	0	0	0	0	0	0	0	96	0	0	0	0	192	0	0	0	0	0	0	0	0	0	0	0	0	0	0	0	0	0	0	48	0	0	0	0	0	0	0	
0	0	0	48	0	0	0	0	0	0	0	0	0	0	0	0	0	500	0	0	0	0	0	0	0	0	0	192	0	0	0	0	0	0	0	500	0	0	0	0	0	0	0	0	0	0	0	0	0	0	0	0	0	0	0	0	0	0	0	0	0	0	0	0	0	0	0	0	0	0	0	0	0	0	0	0	0	0	0	0	0	0	0	0	0	0	0	0	0	0	0	0	0	0	0	0	0	0	0	0	
0	0	0	0	0	0	0	0	0	0	0	0	0	0	0	0	0	0	0	0	0	0	0	0	0	0	0	0	0	0	0	0	0	0	192	0	0	0	0	0	0	0	0	0	0	0	0	0	0	0	0	0	0	0	0	0	96	0	0	0	0	0	0	0	0	0	0	0	0	0	0	0	0	0	0	0	0	0	0	0	0	0	0	0	0	0	0	0	0	0	0	0	0	0	0	0	0	0	96	0	
0	0	0	0	0	0	0	0	0	0	0	0	0	0	0	0	0	0	0	0	0	0	0	48	0	0	0	0	0	0	0	0	0	0	0	0	0	0	0	0	0	0	0	0	0	0	0	0	0	0	0	0	0	0	0	0	0	500	0	0	0	0	0	0	0	0	0	0	0	0	0	0	0	0	0	0	0	0	0	0	0	0	0	0	0	0	0	0	0	0	0	0	0	0	0	0	0	0	0	0	
0	0	0	0	0	0	0	0	0	0	0	0	0	0	0	0	0	0	0	0	0	0	48	0	0	0	0	0	0	0	0	0	0	0	0	0	0	192	0	0	0	0	0	0	0	0	0	0	0	0	192	0	0	0	0	0	0	500	0	0	0	0	0	0	0	0	0	0	0	0	0	0	0	0	0	0	0	0	0	0	0	0	0	0	0	192	0	0	0	0	0	0	0	0	0	0	0	0	0	0	
0	0	0	0	0	0	0	0	48	0	0	0	0	0	0	0	0	0	0	0	0	0	0	0	0	0	0	0	0	0	0	0	0	0	0	0	0	0	0	0	0	0	0	0	0	0	0	0	0	0	0	0	0	0	0	0	0	0	0	0	0	0	0	96	0	0	0	0	0	0	0	0	0	0	0	0	0	0	0	0	0	500	0	0	0	0	0	0	0	0	0	0	0	0	0	0	500	0	0	0	
0	0	0	0	0	0	0	0	0	0	0	0	0	0	0	0	0	0	0	0	0	0	0	0	0	0	0	0	0	0	0	0	0	0	0	0	0	0	0	0	0	0	0	0	0	0	0	0	0	0	0	96	0	0	0	0	0	0	192	0	0	0	0	0	48	0	0	0	0	0	0	0	0	0	192	0	0	0	0	0	0	0	0	0	0	0	0	0	48	0	0	0	0	0	0	0	0	0	0	0	
0	0	0	0	0	0	0	0	0	0	0	0	0	0	0	0	0	0	0	0	0	0	0	0	0	0	0	0	0	96	0	0	0	0	0	0	0	0	0	0	0	0	0	0	0	0	0	0	0	0	0	0	0	0	0	0	0	0	0	0	0	0	0	96	0	0	0	0	192	0	0	0	0	0	0	0	0	0	0	0	0	96	0	0	0	0	0	0	0	500	0	0	0	0	0	0	0	0	0	0	
0	0	0	0	0	0	0	0	0	0	0	0	0	0	0	0	0	0	0	0	192	0	0	0	0	0	0	0	0	0	0	0	0	0	0	0	0	0	0	0	0	0	0	0	0	0	0	0	0	0	0	0	0	0	0	0	0	0	0	0	0	0	0	0	0	0	0	0	0	0	0	0	0	0	0	0	0	0	0	0	0	0	0	0	0	0	0	0	0	0	0	0	0	0	0	0	0	0	0	500	
0	0	0	0	0	0	0	0	0	0	0	0	0	0	0	0	0	0	0	0	0	0	0	0	0	0	0	0	0	0	0	500	0	0	0	0	0	0	0	0	0	0	0	0	0	0	0	0	0	0	0	0	0	0	0	0	0	0	0	0	0	0	0	0	0	0	0	0	0	0	0	0	0	0	0	0	96	0	0	0	0	0	0	0	0	0	0	0	0	0	0	192	0	0	0	0	0	0	0	0	
0	0	0	0	0	0	0	0	0	0	0	0	0	0	0	0	0	0	0	0	0	0	0	0	0	0	96	0	0	0	0	0	0	0	0	0	0	0	0	0	0	0	0	0	0	0	0	0	0	0	0	0	0	0	0	0	0	0	0	0	0	0	192	0	0	0	0	0	0	0	0	0	0	0	0	0	0	0	0	0	0	0	0	0	0	0	0	0	0	192	0	0	0	0	0	0	0	0	0	0	
0	0	0	0	192	0	0	0	0	0	0	0	0	0	0	0	0	0	0	0	0	0	0	0	0	0	0	0	0	0	0	0	0	0	192	0	0	0	0	0	0	0	0	0	0	0	0	0	0	0	0	0	0	0	0	0	0	0	0	0	0	0	0	0	0	0	0	0	0	0	0	0	0	0	0	0	0	0	0	0	0	0	0	0	0	0	0	0	0	0	0	0	0	0	0	0	0	0	0	0	
0	0	0	0	0	0	0	0	0	0	0	0	0	0	0	0	0	0	0	0	0	0	0	0	0	0	0	0	500	0	0	0	0	0	0	0	0	0	0	0	0	0	0	0	0	0	0	0	0	0	0	0	0	0	0	0	0	0	0	0	0	0	0	0	0	0	0	0	0	0	0	0	0	0	0	0	0	0	0	0	0	0	0	0	0	0	0	0	0	0	0	96	0	0	0	0	0	0	0	0	
0	0	0	0	0	0	0	0	0	0	0	0	0	0	0	0	0	0	48	0	0	0	0	0	0	0	0	0	0	0	0	0	0	0	0	0	0	0	0	0	0	0	0	0	0	0	0	0	0	0	0	0	0	0	0	0	0	0	0	0	0	0	0	0	0	0	0	0	0	0	0	0	0	0	0	0	0	0	0	0	0	0	0	0	0	0	0	0	0	0	0	0	0	500	0	0	0	0	0	0	
0	0	0	192	0	0	0	0	0	0	0	0	0	0	0	0	0	192	0	0	0	0	0	0	0	0	0	0	0	0	0	0	0	0	0	0	0	0	0	0	0	0	0	0	0	0	0	0	0	0	0	0	0	0	0	0	0	0	0	0	0	0	0	0	0	0	0	0	0	0	0	0	0	0	0	0	0	0	0	0	0	0	0	0	0	0	0	0	0	0	0	0	0	0	0	0	0	0	0	0	
0	0	0	0	192	0	0	0	0	0	0	0	0	0	0	0	0	0	0	0	0	192	0	0	0	0	0	0	0	0	192	0	0	0	0	0	0	0	0	192	0	0	0	0	0	0	0	0	0	0	0	0	0	0	0	0	0	0	0	500	0	0	0	0	0	0	0	0	0	0	0	0	0	0	0	0	0	0	0	0	0	0	0	0	0	0	0	0	0	0	0	0	0	0	0	0	0	0	0	0	
0	0	0	0	0	0	0	0	0	0	0	0	0	0	0	0	0	48	0	0	500	0	0	0	0	0	0	0	0	0	0	0	0	0	0	0	0	0	0	0	0	0	0	0	0	0	0	0	0	0	0	0	0	0	0	0	0	0	0	0	0	0	0	0	0	0	0	0	0	0	0	0	0	0	0	0	0	0	0	0	0	0	0	0	0	0	0	0	0	0	0	0	0	0	0	0	0	0	0	0	
0	0	0	0	0	96	0	0	0	0	0	0	0	192	0	0	0	0	0	0	0	0	0	0	0	0	0	0	0	0	0	0	0	0	0	0	0	0	0	0	0	0	0	0	0	0	0	0	0	0	0	0	0	0	0	0	0	0	0	0	0	0	0	0	0	0	0	0	0	0	0	0	0	0	0	0	0	0	0	0	0	0	0	0	0	0	0	0	0	0	0	0	0	0	0	0	0	0	0	0	
0	0	0	0	0	0	0	192	0	0	0	0	0	0	0	0	0	0	0	0	0	0	0	192	0	0	0	0	0	0	0	0	0	0	0	0	0	0	0	0	0	0	0	0	0	0	0	0	0	0	0	0	0	0	0	0	0	0	0	0	0	0	0	0	0	0	0	0	0	0	0	0	0	0	0	0	0	0	0	0	0	0	0	0	0	0	0	0	0	0	0	0	0	0	0	0	0	0	0	0	
0	0	0	0	0	0	0	0	0	0	0	192	0	0	0	0	0	0	0	0	0	0	0	0	0	0	0	0	0	0	0	0	0	0	0	0	0	0	0	0	0	0	0	0	0	0	0	0	192	0	0	0	0	0	0	0	0	0	0	0	0	0	0	0	0	0	0	0	0	0	0	0	0	0	0	0	0	0	0	0	0	0	0	0	0	0	0	0	0	0	0	0	0	0	0	0	0	0	0	0	
0	0	0	0	0	0	0	0	0	0	0	0	0	0	0	0	0	0	0	0	0	0	0	0	0	0	0	0	0	0	0	0	0	0	192	0	0	0	0	0	0	0	0	0	0	0	0	0	0	0	0	0	0	0	0	0	0	0	0	192	0	0	0	0	96	0	0	0	0	0	0	0	0	0	0	0	0	0	0	0	0	0	0	0	0	0	0	0	0	0	0	0	0	0	0	0	0	0	0	0	
0	0	0	0	0	0	0	0	0	0	0	0	0	0	0	0	0	0	0	0	0	0	0	0	0	0	0	0	0	0	0	0	0	0	0	0	0	0	0	0	0	0	0	0	0	0	0	0	0	500	0	0	0	0	0	0	0	0	0	0	0	0	0	0	0	0	0	0	0	0	0	0	0	0	0	0	0	0	192	0	0	0	0	0	0	0	0	0	0	0	0	0	0	0	0	0	0	0	0	0	
0	0	0	0	0	0	0	0	0	0	0	0	0	0	0	0	0	0	0	0	0	0	0	0	0	0	0	0	0	0	0	0	0	0	0	0	0	0	0	0	0	0	0	0	0	0	0	0	0	0	0	0	0	0	0	0	0	0	0	0	0	0	0	0	0	0	0	0	0	0	0	0	0	0	0	0	0	0	0	0	0	0	0	0	0	0	0	0	0	0	96	0	96	0	0	0	0	0	0	0	
0	0	0	0	0	0	192	0	0	0	0	0	0	0	0	0	0	0	0	0	0	0	0	0	0	0	0	0	0	0	0	0	0	0	0	0	0	0	0	0	0	0	0	0	0	0	0	0	0	0	0	0	0	0	0	0	0	0	48	0	0	0	0	0	0	0	0	0	0	0	0	0	0	0	0	0	0	0	0	0	0	0	0	0	0	0	0	0	0	0	0	0	0	0	0	0	0	0	0	0	
0	0	0	0	0	0	0	0	0	0	0	0	0	0	0	0	0	0	0	192	0	0	0	0	0	0	0	0	0	0	0	0	0	0	0	0	0	0	0	0	0	0	0	0	0	0	0	0	0	0	0	0	0	0	0	0	0	0	0	0	0	0	0	0	0	0	0	0	0	0	0	0	0	96	0	0	0	0	0	0	0	0	0	0	0	0	0	0	0	0	0	0	0	0	0	0	0	0	0	0	
0	0	0	0	0	0	0	0	0	0	0	0	0	0	0	0	0	0	0	0	0	0	0	0	0	0	0	0	0	0	0	0	0	0	0	0	0	0	0	0	0	0	0	0	0	0	0	0	0	0	0	0	0	0	0	0	0	0	0	0	0	0	0	0	0	0	48	0	0	0	0	0	192	0	0	0	0	0	0	0	0	0	48	0	0	0	0	0	0	0	0	0	0	0	0	0	0	0	0	0	
0	0	0	0	0	0	0	0	0	0	0	0	0	0	0	0	0	0	0	0	0	0	0	0	0	0	0	0	0	0	0	0	0	0	0	0	0	0	0	0	0	0	0	0	0	0	0	0	0	0	0	0	0	0	0	0	0	0	0	0	0	96	0	0	0	0	0	0	0	0	0	0	0	0	0	0	0	0	0	0	0	0	0	0	0	0	0	0	0	0	0	0	0	500	0	0	0	0	0	0	
0	0	0	0	0	0	0	0	0	0	0	0	0	0	0	0	0	0	0	0	0	0	0	0	0	0	0	0	0	0	0	0	0	0	0	0	0	0	0	0	0	0	0	0	0	0	0	0	0	0	0	0	96	0	0	0	0	0	0	192	0	0	0	0	0	0	0	0	0	0	0	0	0	0	0	0	0	0	0	0	0	0	0	0	0	0	0	0	0	0	0	0	0	0	0	0	0	0	0	0	
0	0	0	0	0	0	0	0	0	0	0	0	0	0	0	0	0	0	0	0	0	0	0	0	0	0	0	0	0	0	0	0	0	0	0	0	0	0	0	0	0	0	0	0	0	0	0	0	0	0	0	0	0	0	0	0	0	0	0	0	0	0	0	0	0	500	0	0	0	0	0	0	0	0	0	0	0	0	0	0	0	0	0	0	0	0	0	0	0	0	0	0	0	0	0	0	0	500	0	0	
0	0	0	0	0	0	0	0	0	0	0	192	0	0	0	0	0	0	0	0	0	0	0	0	0	0	0	0	0	0	0	0	0	0	0	0	0	0	192	0	0	0	0	0	0	0	0	0	0	0	0	0	0	0	0	0	0	0	0	0	0	0	0	0	0	0	0	0	0	0	0	0	0	0	0	0	0	0	0	0	0	0	0	0	0	0	0	0	0	0	0	0	0	0	0	0	0	0	0	0	
0	0	0	0	0	0	0	0	0	0	0	0	0	0	0	0	0	0	0	0	0	0	0	0	0	0	0	0	0	0	0	0	0	0	0	0	0	0	0	0	500	0	0	0	0	0	0	0	0	0	0	0	0	0	0	0	0	0	0	0	0	0	0	0	0	0	0	0	0	0	0	0	0	0	0	0	192	0	96	0	0	0	0	0	0	0	0	0	0	0	0	0	0	0	0	0	0	0	0	0	
0	0	0	0	0	0	0	0	0	0	0	0	0	0	0	0	0	0	0	0	0	0	0	192	0	0	0	0	0	0	0	0	0	0	0	0	0	0	0	0	0	0	0	0	0	0	0	0	0	0	0	0	0	0	0	0	0	0	0	0	0	0	0	0	0	0	0	0	0	0	0	0	0	0	0	0	0	0	0	0	0	0	0	0	96	0	0	0	0	0	0	0	0	0	96	0	0	0	0	0	
0	0	0	0	0	0	0	0	0	0	0	0	0	0	0	0	0	0	0	0	0	0	0	0	0	96	0	0	0	0	0	0	0	0	0	0	0	0	0	0	0	0	0	0	0	0	0	0	0	0	0	0	0	0	0	0	0	0	0	192	0	0	0	0	0	0	0	0	0	0	0	0	0	0	0	0	0	0	0	0	500	0	48	0	0	0	0	0	0	0	0	0	0	0	0	0	0	48	0	0	
0	0	0	0	0	0	0	0	0	0	0	0	0	0	0	500	0	0	0	0	0	0	0	0	0	0	0	0	0	0	0	0	0	0	0	0	0	0	0	0	0	0	0	0	0	0	96	0	0	0	0	0	0	0	0	0	0	0	0	0	0	0	0	0	0	0	0	0	0	0	0	0	0	0	0	0	0	0	0	0	0	0	0	0	0	0	0	0	0	0	0	0	0	0	0	0	0	0	0	0	
0	0	0	0	0	0	0	0	0	48	0	0	0	0	0	0	0	0	0	0	0	0	0	0	0	0	0	0	0	0	0	0	0	0	0	0	0	0	0	0	0	0	0	0	0	0	0	0	0	0	0	0	0	0	0	0	0	0	0	0	0	0	0	0	0	0	0	192	0	0	0	0	0	0	0	0	0	0	0	0	0	0	0	0	0	0	0	0	0	0	0	0	0	0	0	0	0	0	0	0	
0	0	0	0	0	0	0	0	0	0	0	0	0	0	0	0	0	0	0	0	0	0	0	0	0	0	0	0	0	0	0	0	0	0	0	0	0	0	0	0	0	0	0	0	0	0	0	0	0	0	0	0	0	0	0	0	0	0	0	0	0	500	0	0	0	0	0	0	0	0	0	0	0	0	0	0	0	96	96	500	0	0	0	0	0	0	0	0	0	0	0	0	0	96	0	0	0	0	0	0	
0	0	0	0	0	0	0	0	0	0	0	0	0	0	0	0	0	0	0	0	0	0	0	0	0	0	0	0	0	0	0	0	0	0	0	0	0	0	0	0	0	0	0	0	0	0	0	0	0	0	0	0	0	0	0	0	0	0	0	0	96	0	0	0	0	0	0	0	0	0	0	0	0	0	0	0	0	0	0	0	0	0	0	0	0	0	0	0	0	0	0	0	0	0	0	0	500	0	0	0	
0	0	0	0	0	0	0	0	0	0	0	0	0	0	0	48	0	0	0	0	0	96	0	0	0	0	0	0	0	0	0	0	0	0	0	0	0	0	0	0	0	0	0	0	0	0	0	0	0	0	0	0	0	0	0	0	0	0	0	0	0	0	0	0	0	0	0	0	0	0	0	0	0	0	0	0	0	0	0	0	0	0	0	0	0	0	0	0	0	0	0	0	0	0	0	0	0	0	0	0	
0	0	0	0	0	0	0	0	0	0	0	0	0	0	0	0	0	0	0	0	0	0	500	500	0	0	0	0	0	0	0	0	0	0	0	0	0	0	0	0	0	0	0	0	0	0	0	0	0	0	0	0	0	0	0	0	0	0	0	0	0	0	0	0	0	0	0	0	0	0	0	0	0	0	0	0	0	0	0	0	0	0	0	0	0	0	0	0	0	0	0	0	0	0	0	0	0	0	0	0	
0	0	0	0	0	0	192	0	0	0	0	0	0	0	0	0	0	0	0	0	0	0	0	0	0	192	0	0	0	0	0	0	0	0	0	0	0	0	0	0	0	0	48	0	0	0	0	0	0	0	0	0	0	0	0	0	0	0	0	0	0	0	0	0	0	0	0	0	0	0	0	0	0	0	0	0	0	0	0	0	0	0	0	0	0	0	0	0	0	0	0	0	0	0	0	0	0	0	0	0	
0	0	0	0	0	0	0	0	0	0	0	0	0	0	0	0	0	0	0	0	0	0	0	0	0	0	0	0	0	0	0	0	0	0	500	0	0	0	0	192	0	0	0	0	0	0	192	0	0	0	0	192	0	0	0	0	0	0	0	0	0	0	0	0	0	0	0	0	0	0	0	0	0	0	0	0	0	0	0	0	0	0	0	0	0	0	0	0	0	0	0	0	0	0	0	0	0	0	0	0	
0	0	0	0	0	0	0	0	0	0	0	0	0	0	0	0	0	0	0	0	0	0	0	0	0	0	0	0	0	0	0	0	0	0	0	0	0	0	0	0	0	0	0	0	0	0	0	0	0	0	0	0	0	0	0	96	0	0	0	0	0	0	0	0	0	0	0	0	0	0	0	0	0	0	0	96	0	0	0	0	0	500	0	0	0	0	0	0	0	0	0	0	0	0	0	0	0	0	0	0	
0	0	0	0	0	0	0	0	0	0	0	0	0	0	0	0	0	0	192	0	0	0	0	0	0	0	0	0	0	0	0	0	0	0	0	0	0	0	0	0	0	0	0	0	0	96	0	0	0	0	0	0	0	0	500	0	0	0	0	0	0	0	0	0	0	0	0	0	0	0	0	0	0	0	0	0	0	0	0	0	0	0	0	0	0	0	0	0	0	0	0	0	0	0	0	0	0	0	0	0	
0	0	0	0	0	0	0	0	0	0	0	0	0	0	0	0	0	0	0	0	0	0	0	0	0	0	0	0	0	192	0	0	0	0	0	0	0	0	0	0	0	0	0	0	0	0	0	0	0	0	0	0	0	0	0	0	0	0	0	0	0	0	0	0	0	0	0	0	0	0	96	0	0	96	0	0	0	0	0	0	0	0	0	0	0	0	0	0	0	0	0	0	0	0	0	0	0	0	0	0	
0	0	0	0	0	0	0	0	0	0	0	0	0	0	0	0	0	0	0	0	0	0	0	0	96	0	96	0	0	0	0	0	0	0	0	0	0	0	0	0	0	0	0	0	0	0	0	0	0	0	0	0	0	0	0	0	0	0	0	0	0	0	0	0	0	0	0	0	0	0	0	0	0	0	0	0	0	0	0	0	0	0	0	0	0	0	0	0	0	0	0	0	0	0	0	0	0	0	0	0	
0	0	0	0	0	0	0	0	0	0	0	0	0	0	0	0	0	0	0	0	0	0	0	0	0	48	0	0	0	0	0	0	0	0	0	0	0	0	0	96	0	0	0	0	0	0	0	0	0	0	0	0	0	0	0	0	0	0	0	0	0	0	0	0	0	0	0	0	0	0	0	0	0	0	0	0	0	0	0	0	0	0	0	0	0	0	0	0	0	0	0	0	0	0	0	0	0	0	0	0	
0	0	0	0	0	0	0	0	0	0	0	0	500	0	0	0	0	0	0	0	0	0	0	0	0	0	0	0	0	0	0	0	0	0	0	0	0	0	0	0	0	0	0	0	0	0	0	500	0	0	0	0	0	0	0	0	0	0	0	0	0	0	0	0	0	0	0	0	0	0	0	0	0	0	0	0	0	0	0	0	0	0	0	0	0	0	0	0	0	0	0	0	0	0	0	0	0	0	0	0	
0	0	0	0	0	0	0	0	0	0	0	0	0	0	0	0	0	0	0	0	0	0	0	0	0	0	0	0	0	0	0	0	0	0	0	0	0	0	0	0	0	0	0	0	48	0	0	0	0	0	0	0	0	0	0	0	0	0	0	0	0	0	0	0	0	0	0	0	0	0	0	0	192	0	0	0	0	0	0	0	0	0	0	0	0	0	0	0	0	0	0	0	0	0	0	48	0	0	0	0	
0	0	0	0	0	0	0	0	0	96	0	0	0	0	0	0	0	0	0	0	0	0	0	0	0	0	0	0	0	0	0	0	0	0	0	0	0	0	0	0	0	0	0	0	0	0	0	0	0	0	0	0	0	192	0	0	0	0	0	0	0	0	0	0	0	0	0	0	0	0	0	0	0	0	0	0	0	0	0	0	0	0	0	0	0	0	0	0	0	0	0	0	0	0	0	0	0	0	0	0	
0	0	0	0	0	0	0	0	0	0	0	0	0	0	0	0	0	0	0	96	0	0	0	0	0	0	192	0	0	0	0	0	0	0	0	0	0	0	0	0	0	0	0	0	0	0	0	0	0	0	0	0	0	0	0	0	0	0	0	0	0	0	0	0	0	0	0	0	0	0	0	0	0	0	0	0	0	0	0	0	0	0	0	0	0	0	0	0	0	0	0	0	0	0	0	0	0	0	0	0	
0	0	48	0	0	0	0	0	0	0	0	0	0	0	0	0	0	0	0	0	0	0	0	0	0	0	0	0	0	0	0	0	0	0	0	0	0	0	0	0	0	0	0	0	0	0	0	0	0	0	0	0	0	0	0	0	0	0	0	0	0	0	0	0	0	0	0	0	0	0	0	192	0	0	0	0	0	0	0	0	0	0	0	0	0	0	0	0	0	0	0	0	0	0	0	0	0	0	0	500	
0	0	0	0	0	0	0	0	0	0	0	0	0	0	0	0	0	0	0	0	0	0	0	0	0	0	0	0	0	0	0	0	0	0	0	0	0	0	0	0	0	0	0	0	0	0	0	0	0	0	0	0	0	0	0	0	0	0	0	0	0	0	96	0	0	0	0	0	0	0	0	0	0	0	0	192	0	0	0	0	0	0	0	0	0	0	0	0	0	0	0	0	0	0	0	0	0	0	0	0	
0	0	0	0	0	0	0	0	0	0	0	0	0	0	0	0	0	0	0	0	0	0	0	0	0	0	0	0	0	0	0	0	0	0	0	0	0	0	0	0	0	0	0	0	0	0	0	0	0	0	0	0	0	0	0	0	0	0	0	0	0	0	0	0	0	0	0	0	0	192	0	0	0	0	0	0	0	0	0	96	0	0	0	0	0	0	0	0	0	0	0	0	0	0	0	0	0	0	0	0	
0	0	0	0	0	0	0	0	0	0	0	0	0	0	0	0	0	0	0	0	0	0	0	0	0	0	0	0	0	0	0	0	0	0	0	0	0	0	0	0	0	0	0	0	192	0	0	0	0	0	0	0	0	0	0	0	0	0	0	0	0	0	0	0	0	0	192	0	0	0	0	0	0	0	0	0	0	0	0	0	0	0	0	0	0	0	0	0	0	0	0	0	0	0	0	500	0	0	0	0	
0	0	0	0	0	0	0	0	0	0	0	0	0	0	0	0	0	0	0	192	0	0	0	0	0	0	0	0	0	0	0	0	0	0	0	0	0	0	0	0	0	0	0	96	0	0	0	0	0	0	0	0	0	0	0	0	0	0	0	0	0	0	96	0	0	0	0	0	0	0	0	0	0	0	0	0	0	0	0	0	0	0	0	0	0	0	0	0	0	0	0	0	0	0	0	0	0	0	0	0	
0	0	0	0	0	0	0	0	0	0	0	48	0	0	0	0	0	0	0	0	0	0	0	0	0	192	0	0	0	0	0	0	0	0	0	0	0	0	0	0	0	0	0	0	0	0	0	0	0	0	0	0	0	0	0	0	0	0	0	0	0	0	0	0	0	0	0	0	0	0	0	0	0	0	0	0	0	0	0	0	0	0	0	0	0	0	0	0	0	0	0	0	0	0	0	0	0	0	0	0	
0	0	0	0	0	0	0	0	0	0	0	0	0	0	0	0	0	0	0	0	0	0	0	0	0	0	0	0	0	0	0	0	0	0	0	0	0	0	0	0	0	0	0	0	0	0	0	0	0	0	0	0	0	0	0	0	0	0	0	0	96	0	0	0	0	0	0	0	0	0	192	0	0	0	0	0	0	0	0	0	0	0	0	0	0	0	0	96	0	96	0	0	0	0	0	0	0	0	0	0	
0	0	0	0	0	0	0	0	0	0	0	0	0	0	0	0	0	0	0	0	0	0	0	0	0	0	0	0	96	0	0	0	0	0	0	0	0	0	0	0	0	0	0	0	0	0	0	0	0	192	0	0	0	0	0	0	0	0	0	0	0	0	0	0	0	0	0	0	0	0	0	0	0	0	0	0	0	0	0	0	0	0	0	0	0	0	0	0	0	0	0	0	0	0	0	0	0	0	0	0	
0	0	0	0	0	0	0	0	0	0	0	0	0	0	0	0	0	0	0	0	0	0	0	0	0	0	0	0	0	0	0	0	0	0	0	0	0	0	0	0	0	0	0	0	0	0	0	0	0	0	0	0	0	0	96	0	0	0	0	0	0	0	0	0	0	0	0	0	0	0	0	0	0	0	0	0	0	0	0	0	0	0	0	0	0	0	0	0	0	0	0	0	0	500	0	0	0	0	0	0	
0	0	0	0	0	0	0	0	0	0	0	0	0	0	0	0	0	0	0	0	0	0	0	0	0	0	0	0	0	0	0	0	0	0	0	0	0	0	0	0	192	0	0	0	0	0	0	0	0	96	0	0	0	0	96	0	0	0	0	0	0	0	0	0	0	0	0	0	0	0	0	0	0	0	0	0	0	0	0	0	0	0	0	96	0	0	0	0	0	0	0	96	0	0	0	0	0	0	0	0	
0	0	0	0	0	0	0	0	0	0	0	0	0	0	0	0	0	0	0	0	0	0	0	0	0	0	0	0	0	0	0	0	0	0	0	0	0	0	0	0	0	0	0	0	0	0	0	0	0	0	0	0	0	0	500	0	0	0	0	0	0	0	0	0	0	0	0	0	0	0	0	96	0	0	0	0	0	0	0	0	0	0	0	0	500	0	0	0	0	0	0	0	0	0	0	0	0	0	0	0	
0	0	0	0	0	0	0	0	0	0	0	0	0	0	0	96	0	0	0	0	0	0	0	0	0	0	0	0	0	0	0	0	0	0	0	0	0	0	0	0	0	0	0	0	0	0	0	0	0	0	0	500	0	0	0	0	0	0	0	0	0	0	0	0	0	0	0	0	0	0	0	0	0	0	0	0	0	0	0	0	0	0	0	0	0	0	0	0	0	0	0	0	0	0	0	0	0	0	0	0	
0	0	0	0	0	0	0	0	0	0	0	0	0	0	0	0	0	0	0	0	0	0	0	0	500	0	96	0	0	0	0	0	0	0	0	0	0	0	0	0	0	0	0	0	0	0	0	0	0	0	0	0	0	0	0	0	0	0	0	0	500	0	0	0	0	0	0	0	0	0	0	0	0	0	0	0	0	0	0	0	0	0	0	0	0	0	0	0	0	0	0	0	0	0	0	0	0	0	0	0	
0	0	0	0	0	0	0	0	0	0	0	0	0	0	0	0	0	0	0	0	0	0	0	0	0	0	0	0	0	0	0	0	0	0	0	0	0	0	0	0	0	0	0	0	48	0	0	0	0	0	0	48	0	0	0	0	0	0	0	0	0	0	0	0	0	0	0	0	0	0	0	0	0	0	0	0	0	0	0	0	0	0	0	0	0	0	0	0	0	0	0	0	0	0	0	0	0	0	0	0	
0	0	0	0	0	0	0	0	0	0	0	0	0	0	0	0	0	0	0	0	0	0	0	0	0	0	0	0	0	0	0	0	0	0	0	0	0	0	0	0	0	0	0	0	0	0	0	0	0	0	0	0	0	0	0	0	0	0	0	0	0	0	0	0	0	0	0	0	0	0	0	0	0	0	0	0	0	0	96	0	0	0	0	0	0	0	0	500	0	0	48	0	0	0	0	0	0	0	0	0	
0	0	0	0	0	0	0	0	0	0	0	0	96	0	0	0	0	0	0	0	0	0	0	0	0	0	0	0	0	0	0	0	0	0	0	0	0	0	0	0	0	0	0	0	0	0	0	0	0	0	96	0	0	0	0	0	0	0	0	0	0	0	0	0	0	0	0	0	0	0	0	0	0	0	0	0	0	0	0	500	0	0	0	0	0	0	0	0	0	0	0	0	0	0	0	0	0	0	0	0	
0	0	0	0	0	0	0	0	0	0	0	0	0	0	0	0	0	0	0	0	0	0	0	192	0	0	0	0	0	0	0	0	0	0	0	0	0	0	0	0	0	0	0	0	0	0	0	0	0	0	0	0	0	0	0	0	0	0	0	0	0	0	0	0	0	0	0	0	0	0	0	0	0	0	0	0	0	0	0	0	0	0	0	0	0	0	0	0	0	0	0	0	0	0	192	0	0	0	0	0	
0	0	0	0	0	500	0	0	0	0	0	0	0	192	0	0	0	0	0	0	0	0	0	0	0	0	0	0	0	0	0	0	0	0	0	0	0	0	0	0	0	0	0	0	0	0	0	0	0	0	0	0	0	0	0	0	0	0	0	0	0	0	0	0	0	0	0	0	0	0	0	0	0	0	0	0	0	0	0	0	0	0	0	0	0	0	0	0	0	0	0	0	0	0	0	0	0	0	0	0	
0	0	0	96	0	0	0	0	0	0	0	0	0	0	0	0	0	0	0	0	0	0	0	0	0	0	0	0	0	0	0	0	0	0	0	0	0	0	0	0	0	0	0	0	0	0	0	0	0	0	0	0	0	0	0	0	0	0	0	0	0	0	0	0	0	0	0	0	0	0	0	0	0	0	0	96	0	0	0	0	0	0	0	500	0	0	0	0	0	500	0	48	0	0	0	0	0	0	0	0	
0	0	0	0	0	0	500	0	0	0	0	0	0	0	192	0	0	0	0	0	0	0	0	0	0	48	0	0	0	0	0	0	0	0	0	0	0	0	0	0	0	0	0	0	0	0	0	0	0	0	0	0	0	0	0	0	0	0	0	0	0	0	0	0	0	0	0	0	0	0	0	0	0	0	0	0	0	0	0	0	0	0	0	0	0	0	0	0	0	0	0	0	0	0	0	0	0	0	0	0	
0	0	0	0	0	0	0	0	0	0	0	0	0	0	0	0	0	0	0	0	0	0	0	0	0	0	500	0	0	192	0	0	0	0	0	0	0	0	0	0	0	0	0	0	0	0	0	0	0	0	0	0	0	0	0	0	0	0	0	0	0	0	0	0	0	0	0	0	0	0	0	0	0	0	0	96	0	0	0	0	0	0	0	0	0	0	0	500	0	0	0	0	0	0	0	0	96	0	0	0	
0	0	0	0	0	0	0	0	0	0	0	0	0	0	0	0	0	0	0	0	0	0	0	0	0	0	0	0	0	0	0	0	0	0	0	0	0	0	0	0	0	96	0	0	0	0	0	0	0	0	0	0	0	0	0	0	0	0	0	0	0	0	0	0	0	0	0	0	0	0	0	0	0	0	0	0	0	0	0	0	0	0	0	48	0	0	0	0	0	0	0	0	0	0	0	0	0	0	0	0	
0	0	0	0	0	0	0	0	0	0	0	0	0	0	0	0	0	0	0	0	0	0	0	0	0	0	0	0	192	0	0	96	0	0	0	0	0	0	0	0	0	0	0	0	0	0	0	0	0	0	0	0	0	0	0	0	0	0	0	0	0	0	0	0	0	0	0	0	0	0	0	0	0	0	0	0	0	0	96	0	0	0	0	0	0	0	0	48	0	0	0	0	0	0	0	0	0	0	0	0	
0	0	0	0	0	0	0	0	0	0	0	0	0	0	0	0	0	0	0	48	0	0	0	0	0	0	0	0	0	0	0	0	0	0	0	0	0	0	0	0	0	96	0	0	0	0	0	0	0	0	0	0	0	0	0	0	0	0	0	0	0	0	0	0	0	0	0	0	0	0	0	0	0	0	0	0	0	0	0	0	0	0	0	0	0	0	0	0	0	0	0	0	0	0	0	0	0	0	0	0	
0	0	0	0	0	0	0	0	0	0	0	0	0	0	0	0	0	0	48	0	0	0	0	0	0	0	0	0	0	0	0	0	500	0	0	0	0	0	0	0	0	0	0	0	0	500	0	0	0	0	0	0	0	0	96	0	0	0	0	0	0	0	0	0	0	0	0	0	0	0	0	0	0	0	0	0	0	500	0	0	0	0	0	0	0	0	0	0	0	0	0	0	0	0	0	0	0	0	0	0	
0	0	0	0	0	0	0	0	0	0	0	0	0	0	0	0	0	0	0	0	0	0	0	0	0	0	0	0	0	0	0	0	0	0	0	0	0	0	0	0	0	0	0	0	0	0	0	0	0	0	96	0	0	0	0	0	0	0	0	0	0	0	0	0	0	0	0	0	0	0	0	0	0	0	0	0	0	0	0	0	0	0	0	0	0	192	0	0	0	0	0	0	0	0	0	0	0	0	0	0	
0	0	0	0	0	0	0	0	0	0	0	0	0	0	0	0	0	0	0	0	0	0	0	0	0	0	0	0	0	0	0	0	0	0	0	0	0	0	0	0	0	0	0	0	0	0	0	0	0	0	0	0	0	0	0	0	0	0	0	0	0	0	0	0	0	0	48	0	0	0	0	0	500	0	0	0	0	0	0	0	0	0	0	0	0	0	0	0	0	0	0	0	0	0	0	0	0	0	0	0	
0	0	0	0	0	0	0	0	0	0	0	0	0	0	0	0	0	0	0	0	0	0	0	0	500	0	0	0	0	0	0	0	0	0	0	0	0	0	0	0	0	0	0	0	0	0	0	0	0	0	0	0	0	0	0	500	0	0	0	0	0	0	0	0	0	0	0	0	0	0	0	0	0	0	0	0	0	0	0	0	0	0	0	0	0	0	0	0	0	96	0	0	0	0	0	0	0	0	0	0	
0	0	0	0	0	0	0	0	0	0	0	0	0	0	0	48	0	0	0	0	0	0	0	0	0	0	0	0	0	0	0	0	0	0	0	0	0	0	0	0	0	0	0	0	0	0	0	500	0	0	0	48	0	0	0	0	0	0	0	0	0	0	0	0	0	0	0	0	0	0	0	0	0	0	0	0	0	0	0	0	0	0	0	0	0	0	0	0	0	0	0	0	0	0	0	0	0	0	0	0	
0	0	0	0	96	0	0	0	0	0	0	0	0	0	0	0	0	0	0	0	0	96	0	0	0	0	0	0	0	0	0	0	0	0	0	0	0	0	0	0	0	0	0	0	0	0	0	0	0	0	0	0	0	0	0	0	0	0	0	0	0	0	0	0	0	0	0	0	0	0	0	0	0	0	0	0	0	0	0	0	0	0	0	0	0	0	0	0	0	0	0	0	0	0	0	0	0	0	0	0	
0	0	0	0	0	0	0	0	0	0	0	0	0	0	0	0	0	0	0	0	0	0	0	0	0	0	0	500	0	0	0	0	0	0	0	0	0	0	0	0	0	0	0	0	0	0	0	0	0	0	0	0	0	0	0	0	0	0	0	0	0	0	0	0	0	0	0	0	0	500	0	0	0	0	0	0	0	0	0	0	0	0	0	0	0	0	0	0	0	0	0	0	0	0	0	0	0	0	0	0	
41	2	58	20	53	83	65	85	87	43	22	93	77	97	18	33	55	81	20	53	14	38	7	36	75	85	96	78	12	43	10	64	48	3	32	91	22	43	76	99	46	38	10	71	69	49	25	51	9	16	88	51	78	60	12	10	81	11	20	51	11	97	31	20	9	52	98	75	64	0	40	15	74	91	56	14	75	61	72	14	0	95	25	82	46	91	63	52	39	54	40	9	55	24	49	90	87	10	42	80	76	78	37	4	71	56	7	31	26	58	40	94	24	44	79	21	52	56	38	7	82	74	41	28	12	16	47	48	17	66	78	46	92	69	87	10	69	95	79	28	21	32	82	99	17	22	33	10	95	45	23	47	11	27	71	48	46	96	75	36	65	78	24	17	77	29	2	36	68	94	55	14	62	7	76	5	12	17	5	56	7	16	33	81	88	5	14	77	25	90	48	28	30	71	26	65	32	18	2	96	68	15	53	98	11	76	7	52	39	57	10	34	20	27	83	83	51	0	87	90	81	21	18	66	11	37	70	66	55	24	67	93	33	81	20	18	6	61	60	48	99	30	64	18	1	4	59	94	62	68	4	61	46	48	65	88	42	33	38	61	79	75	81	71	99	83	7	84	9	19	81	33	92	95	51	82	52	1	7	22	54	1	14	65	88	61	73	40	22	49	80	56	4	27	61	69	61	79	96	2	90	10	87	51	50	78	51	36	36	80	45	44	64	23	69	10	39	87	57	92	82	78	10	28	63	72	53	29	57	59	70	49	11	58	31	74	73	2	16	19	53	63	56	62	54	26	18	36	31	81	3	54	92	45	14	49	22	66	78	94	50	17	13	98	74	56	23	78	94	91	94	6	70	7	55	89	58	34	75	51	64	69	90	0	14	72	38	95	46	68	48	68	40	7	72	23	77	58	84	35	11	37	69	39	53	41	60	97	42	40	57	31	38	42	70	72	18	84	68	74	4	36	15	62	27	23	33	33	22	57	95	89	25	63	57	25	1	51	17	63	39	66	48	48	53	23	91	44	35	74	50	94	26	61	27	50	43	56	43	37	39	77	6	80	68	63	74	71	46	31	80	25	50	69	64	45	73	38	37	90	96	32	38	27	45	35	0	71	88	29	17	5	62	10	98	16	40	60	68	19	24	71	96	92	5	9	54	96	98	46	24	84	3	15	10	18	29	14	86	69	62	68	9	83	57	81	24	5	73	78	91	11	30	29	80	4	38	10	68	76	96	34	99	36	55	16	19	5	43	58	65	83	97	95	98	9	58	12	30	87	35	9	91	21	34	63	50	6	83	64	87	93	99	32	48	84	51	57	14	97	53	23	21	23	25	72	36	92	96	96	1	38	91	76	84	56	67	98	88	68	37	59	95	87	39	27	54	6	57	31	9	2	24	1	39	28	82	85	2	73	38	25	86	98	7	5	86	91	61	91	44	67	69	23	9	66	16	11	97	40	8	63	90	28	92	48	97	6	63	64	50	94	50	55	67	43	48	87	81	0	52	0	69	11	9	12	11	38	62	75	29	96	99	75	3	15	54	92	48	32	38	95	27	60	98	10	62	45	82	78	85	26	35	83	74	73	27	18	50	11	45	13	98	80	0	28	34	71	44	21	40	48	38	72	16	16	48	51	17	80	41	6	46	40	80	98	81	95	17	65	10	92	97	12	19	2	10	11	97	72	27	27	89	29	95	54	67	68	34	0	85	56	25	59	48	20	18	3	36	18	16	77	39	23	50	99	78	0	92	82	42	59	36	2	79	47	45	28	95	90	54	14	47	81	67	28	7	72	49	88	57	82	57	46	54	79	4	64	90	52	84	66	19	70	5	70	26	77	84	56	52	56	74	53	53	95	65	7	39	38	72	79	27	64	70	96	5	68	91	66	3	64	81	19	10	50	99	23	46	61	80	60	17	43	96	73	52	6	20	19	60	93	53	98	25	70	57	19	41	62	79	28	1	78	18	70	65	71	18	17	87	74	65	98	76	56	50	67	29	90	64	88	54	8	59	38	5	41	16	72	10	5	0	76	0	0	61	5	34	9	95	44	1	56	39	96	12	5	70	25	30	87	29	38	1	61	90	24	81	53	81	13	65	37	87	33	83	40	9	85	99	4	28	27	68	82	2	44	73	95	22	4	40	37	83	28	21	27	10	46	3	79	82	99	52	98	38	58	32	36	61	67	10	32	18	60	41	94	86	33	6	71	72	64	76	84	27	16	94	77	86	30	54	61	88	22	56	63	54	41	98	34	51	41	49	65	66	66	66	31	22	54	33	71	86	61	84	0	55	25	36	21	20	98	49	72	32	6	57	42	67	9	29	4	78	0	66	48	34	37	28	69	80	33	33	5	66	20	49	93	4	15	99	34	7	44	6	88	12	43	75	74	77	50	9	24	73	1	11	19	91	97	75	15	91	92	21	79	7	99	56	39	6	42	63	55	51	90	7	18	62	57	91	67	16	23	54	64	6	2	65	19	69	2	91	79	87	25	51	34	44	23	51	78	93	97	12	62	47	62	34	0	80	72	87	29	52	86	12	70	40	60	13	24	1	80	92	0	68	54	2	47	11	48	51	18	65	38	30	25	65	50	37	11	99	80	80	36	49	30	66	80	42	0	37	74	21	19	26	86	2	73	58	24	6	34	73	67	22	92	65	22	68	79	66	23	20	5	86	60	75	46	34	4	78	80	87	77	26	11	45	44	85	37	34	39	63	38	99	33	97	47	33	60	92	42	4	81	41	39	22	77	94	60	31	80	83	57	77	9	17	48	29	84	53	37	48	34	12	50	46	24	88	95	49	46	1	93	98	55	64	38	2	26	74	27	41	54	52	92	93	42	60	54	30	13	70	99	83	50	23	95	63	80	96	28	67	22	94	26	34	22	51	94	11	85	15	74	44	28	55	71	49	21	88	53	65	71	36	81	86	28	26	65	32	77	53	69	98	95	73	31	26	90	3	99	97	93	81	91	60	48	91	55	95	16	33	5	12	33	51	73	43	10	55	52	38	87	91	44	62	72	69	34	92	0	89	77	76	58	72	69	0	52	91	68	13	4	96	98	24	41	14	1	1	1	8	44	62	54	78	44	7	31	82	57	47	26	71	52	1	88	56	99	18	50	89	35	21	25	75	24	17	70	91	55	44	46	55	2	86	18	79	25	81	42	44	25	74	9	19	49	50	91	97	7	29	48	52	46	33	55	3	75	7	60	49	25	87	51	90	16	95	19	60	47	36	83	54	99	23	89	63	26	8	75	95	16	49	88	43	26	67	66	81	43	10	18	88	5	48	90	51	43	38	33	54	33	20	61	14	33	8	11	36	72	91	80	50	17	94	12	32	0	5	2	39	83	74	86	72	18	74	5	0	7	97	68	29	9	49	15	55	53	47	45	7	15	16	13	94	68	80	26	50	58	97	3	46	89	51	39	69	87	17	69	7	68	22	64	81	98	7	55	77	17	91	68	38	43	97	52	95	28	23	72	28	93	57	10	66	84	21	85	11	6	92	59	35	51	95	97	78	92	42	56	79	83	19	88	31	16	19	36	17	21	38	60	36	94	71	97	0	92	4	63	30	97	81	81	51	10	33	39	21	15	38	89	95	41	17	46	52	90	30	73	60	70	11	60	4	87	53	5	14	73	12	83	94	86	3	76	89	6	53	34	40	59	43	0	56	17	99	80	67	25	14	71	24	69	89	50	66	29	20	10	5	15	98	20	35	31	69	21	79	95	69	54	36	79	9	59	30	33	83	35	42	77	20	38	9	73	56	37	21	45	21	52	10	46	76	46	85	22	1	86	91	37	98	75	9	37	84	44	81	82	84	51	42	38	98	14	47	73	28	60	68	25	6	39	59	54	95	4	43	18	78	17	55	21	57	37	23	56	16	94	76	89	17	37	68	32	29	7	70	63	53	97	9	94	25	79	85	99	7	68	11	74	84	84	5	5	28	16	46	92	57	16	17	44	68	31	86	51	97	92	46	66	14	54	7	45	92	12	88	5	92	45	88	52	2	64	39	82	60	20	10	37	55	88	67	73	51	10	62	51	19	11	7	5	97	5	29	0	25	15	1	28	34	11	38	74	14	66	59	8	38	21	16	50	94	49	26	98	16	14	62	92	9	71	85	74	81	92	9	52	6	94	90	28	17	5	29	98	71	28	95	7	76	95	62	21	22	6	93	13	46	52	51	30	52	80	80	96	18	89	46	58	53	90	88	29	89	37	93	82	20	59	49	39	23	50	81	9	23	1	70	40	88	98	98	26	96	46	92	94	56	38	71	8	12	11	60	55	66	82	30	84	47	36	19	61	64	94	5	70	13	8	56	4	96	25	33	66	25	9	22	94	79	45	86	27	69	65	40	98	32	12	72	94	99	29	39	31	81	35	34	96	40	37	47	30	16	9	58	79	88	45	32	55	35	20	90	75	38	60	61	14	36	2	19	6	60	84	7	38	55	45	36	78	56	27	47	76	66	91	3	53	67	26	91	33	7	37	46	41	37	4	87	62	28	94	71	43	77	71	57	42	39	68	76	42	41	85	51	0	61	13	1	48	79	64	31	19	13	34	92	83	80	6	55	0	89	63	59	60	4	67	88	67	79	12	52	11	47	21	29	92	84	80	89	20	40	62	52	39	68	57	91	26	85	4	27	87	3	49	85	19	88	13	31	38	60	49	65	9	22	42	12	46	85	36	61	29	67	98	86	84	88	44	10	95	34	7	4	11	86	59	80	42	44	15	56	45	31	55	47	96	50	55	0	48	78	22	87	31	74	11	33	9	89	5	47	12	77	91	19	0	54	71	44	55	90	50	93	13	74	38	98	60	79	2	93	28	17	76	65	18	78	45	93	8	87	78	37	38	96	96	38	42	23	56	77	80	41	59	76	66	6	38	18	28	25	57	22	72	81	43	60	82	63	72	98	40	97	41	11	30	8	62	94	97	77	90	11	11	81	80	3	96	76	31	40	90	40	30	21	9	53	95	9	11	45	0	48	92	5	0	71	10	62	65	19	21	32	12	14	39	57	59	8	28	34	57	94	37	4	92	89	28	19	9	6	33	73	37	75	58	26	29	80	71	40	13	14	74	36	0	82	19	23	66	57	52	29	24	49	29	1	86	94	87	57	23	21	4	61	91	47	29	8	70	5	6	60	15	77	12	6	93	51	45	58	10	84	25	78	8	37	54	47	54	99	44	21	46	84	16	62	37	28	28	35	97	48	37	4	9	9	27	92	99	85	7	78	68	19	7	63	81	58	71	25	35	6	89	58	86	64	25	24	49	18	81	91	84	72	89	54	4	75	43	43	93	52	63	34	78	64	54	66	19	76	38	85	4	14	16	51	52	26	91	95	34	17	79	56	41	44	87	60	8	41	52	7	49	15	3	76	49	17	59	5	62	27	14	42	3	55	79	50	18	68	39	28	68	25	45	13	74	98	21	40	29	40	10	36	42	44	21	87	90	80	44	61	86	76	55	80	6	29	40	37	89	92	91	69	59	74	73	80	25	33	16	40	75	4	77	78	12	38	72	46	39	15	2	19	31	21	53	47	23	35	85	30	77	96	72	3	47	96	18	40	0	80	96	78	54	2	77	49	34	61	15	7	42	24	57	93	73	63	32	27	25	39	43	76	87	46	74	78	72	59	40	41	9	41	22	4	6	64	66	33	18	13	8	85	69	74	33	0	84	34	83	36	87	76	71	26	61	8	21	79	78	27	94	67	58	47	48	0	40	91	3	78	35	94	73	28	29	96	22	57	40	66	64	90	19	10	91	30	40	83	5	52	36	36	6	34	57	65	99	16	30	47	14	36	29	4	72	19	31	24	49	78	17	95	34	37	28	40	65	2	32	36	50	82	24	82	3	89	12	61	68	34	17	69	54	19	71	75	27	76	81	88	36	48	19	18	17	97	53	0	79	28	46	33	12	85	49	33	4	18	65	2	45	4	41	19	83	48	39	7	96	14	56	26	76	16	90	1	69	82	4	57	63	54	88	8	19	45	51	89	39	36	22	19	87	76	46	98	25	69	40	32	37	48	29	32	61	96	38	45	49	44	55	75	3	98	99	59	59	43	38	14	63	59	61	14	55	64	4	39	4	99	14	50	8	96	74	76	47	41	35	14	83	31	48	22	92	11	87	19	92	29	18	76	67	71	20	50	35	54	91	8	12	22	36	60	68	41	33	56	59	32	25	76	94	27	90	29	23	72	29	89	74	52	99	7	9	20	9	62	56	60	47	38	5	18	48	96	4	31	12	6	55	51	48	63	6	80	88	98	86	67	63	99	65	28	89	7	48	22	34	16	75	31	49	61	43	39	89	57	46	49	88	56	92	47	44	8	11	42	84	60	71	10	30	19	53	42	27	76	7	60	37	11	14	20	67	78	82	1	3	43	80	45	2	8	30	41	89	77	32	93	53	15	4	19	74	11	66	8	91	78	12	84	92	46	66	5	46	87	14	20	29	18	68	2	60	28	57	43	91	3	63	17	34	95	75	77	68	44	61	43	88	82	86	45	9	87	56	72	58	21	31	44	9	50	32	36	71	14	34	38	22	86	59	98	5	99	42	63	86	83	60	63	90	18	89	23	58	68	74	3	79	81	89	57	50	39	98	62	76	0	51	11	26	58	80	16	4	29	31	99	69	62	56	16	41	87	8	2	85	23	77	48	17	97	80	76	28	49	89	30	49	52	97	76	11	51	82	91	73	84	64	95	93	79	73	55	81	89	5	98	28	15	26	21	12	38	96	15	50	48	96	59	32	37	0	82	49	33	25	35	55	28	34	73	99	0	35	26	50	56	3	94	97	11	43	8	72	68	93	59	90	0	13	60	31	86	48	14	48	37	96	0	21	60	66	12	25	26	2	14	24	20	25	40	30	45	85	23	6	56	30	56	23	41	94	87	23	33	1	86	52	93	25	2	49	50	14	95	16	22	30	67	10	81	65	51	5	84	12	16	88	64	97	22	57	34	33	87	81	76	84	15	33	70	99	57	78	29	8	8	44	22	43	2	50	7	78	11	60	91	49	69	91	61	21	41	31	81	52	12	47	49	19	18	99	0	78	81	83	29	34	29	86	24	1	1	51	62	23	68	73	68	18	0	91	80	58	61	91	13	45	73	95	86	31	9	58	15	18	22	38	50	54	44	80	62	60	81	21	46	26	6	82	46	44	23	96	19	0	34	40	98	35	92	31	85	12	5	86	15	78	32	86	23	90	36	3	34	44	58	36	59	10	41	97	92	20	24	46	79	3	40	22	0	45	16	32	44	54	91	23	1	16	59	98	18	68	20	96	74	13	48	68	33	98	88	56	40	68	49	49	24	59	63	9	87	37	92	39	33	14	81	9	3	23	87	52	98	10	46	97	15	23	68	93	68	84	65	5	89	81	16	13	23	28	87	44	23	97	74	58	14	82	25	20	54	23	96	54	31	9	28	51	90	98	32	51	64	91	55	14	70	16	39	15	6	98	93	1	76	19	77	98	57	83	5	96	90	8	6	46	49	90	52	30	29	98	25	17	85	10	38	93	17	31	71	25	74	61	31	23	46	61	81	68	24	9	70	13	7	2	97	3	83	75	1	11	70	47	95	33	67	67	66	16	97	83	93	20	60	77	50	14	97	81	37	74	53	84	73	11	41	60	53	64	3	26	54	0	7	2	27	6	74	17	55	25	9	33	19	40	30	34	34	17	97	1	63	58	38	1	92	98	89	12	89	71	40	29	97	70	9	21	67	44	6	88	52	26	51	67	3	61	49	92	99	42	9	15	74	94	49	14	80	82	17	45	23	67	58	14	12	65	9	61	0	55	95	67	43	61	58	46	91	91	17	7	93	60	3	
46	25	62	98	9	35	48	31	94	17	89	51	89	88	40	95	48	51	80	77	67	37	55	61	4	59	94	47	19	51	82	18	85	50	12	10	75	9	28	1	35	72	41	18	98	93	99	83	60	44	10	98	66	31	16	15	17	99	6	55	87	20	97	83	61	4	42	60	91	4	82	83	98	36	86	34	95	26	35	20	60	15	29	64	14	43	74	70	36	96	56	15	13	82	82	84	10	79	38	59	87	80	93	55	49	6	76	75	18	81	31	14	82	86	89	15	78	0	50	70	96	10	58	72	32	61	55	67	32	4	19	82	36	65	45	60	57	4	63	52	33	16	9	77	96	87	10	63	60	61	26	56	29	0	33	39	44	53	34	38	63	37	0	75	2	52	25	6	59	59	98	7	9	61	84	85	36	8	40	84	62	88	55	6	7	28	66	54	85	82	69	75	3	71	35	76	57	67	83	4	53	0	99	19	15	6	44	46	36	79	67	55	86	72	89	97	61	85	7	31	23	8	82	88	56	34	42	67	1	35	6	64	76	81	85	96	85	12	5	40	66	91	75	18	67	40	12	37	61	99	9	76	94	27	87	55	22	18	39	23	2	52	9	97	96	67	8	14	89	40	51	7	60	71	17	50	72	54	77	38	10	30	57	2	30	95	38	50	69	51	76	51	29	10	46	10	50	82	84	17	93	16	70	91	20	13	7	95	71	5	34	9	76	69	33	86	35	76	53	19	33	25	75	65	16	1	36	49	68	87	33	49	98	66	10	4	80	75	34	29	63	52	0	60	90	46	26	2	77	26	50	36	82	0	51	72	64	22	95	89	55	8	6	86	9	48	59	86	42	19	14	28	51	25	63	0	26	52	85	27	55	41	47	79	16	36	23	83	9	95	74	74	80	38	89	3	24	60	1	49	8	3	99	36	5	15	8	41	15	47	96	6	75	13	62	90	39	93	77	8	87	49	27	47	9	6	65	46	81	24	20	37	12	89	41	97	24	81	49	24	93	59	8	81	68	2	81	47	83	31	95	89	30	44	5	18	11	34	54	22	46	69	68	58	57	3	92	20	75	85	75	27	28	12	78	29	38	35	21	92	52	10	99	72	43	72	91	30	54	19	40	11	20	56	29	88	10	71	36	15	64	86	2	59	87	1	52	27	53	38	67	3	14	22	72	32	24	94	39	27	7	86	75	53	8	7	91	7	73	52	25	91	90	44	50	96	8	52	83	49	13	38	5	22	37	95	65	44	78	36	0	16	4	29	42	60	8	88	2	87	80	41	11	92	20	18	36	51	58	60	92	9	54	95	53	27	21	89	64	86	37	91	58	11	14	73	95	8	90	53	82	76	1	64	10	62	92	70	46	30	37	49	61	81	44	69	61	92	70	64	19	68	37	19	64	87	37	15	85	5	88	0	15	46	2	79	11	9	5	91	29	78	80	47	43	74	51	52	83	63	84	12	52	68	46	48	72	20	78	77	96	30	71	51	53	77	53	16	28	45	94	8	73	39	25	13	55	1	43	72	1	14	31	93	10	93	0	70	65	85	35	20	48	93	40	3	48	77	88	65	82	78	29	15	94	22	3	41	83	68	55	21	69	91	47	36	80	54	0	78	94	28	77	72	57	69	97	49	52	90	77	56	89	21	45	39	13	37	86	58	44	88	57	27	37	68	32	63	80	61	80	66	13	92	41	94	75	2	44	47	49	60	86	11	37	80	73	39	44	93	6	56	59	70	16	82	59	23	90	71	28	25	9	59	5	53	25	8	21	68	15	91	23	95	17	28	74	0	19	41	76	34	30	63	42	56	32	14	49	98	21	52	10	21	55	85	22	86	34	79	81	79	11	7	94	39	72	98	20	57	50	40	57	5	64	70	14	92	9	47	97	39	93	34	8	59	86	4	15	37	68	64	38	75	69	57	46	36	21	80	27	95	33	27	76	80	7	39	28	52	15	77	49	20	74	73	12	49	38	9	70	81	28	57	44	67	55	99	31	62	94	68	47	58	70	64	47	36	95	29	98	13	82	96	94	51	68	33	69	69	12	26	38	94	84	83	51	33	39	58	33	93	65	56	96	54	63	10	91	17	59	0	45	20	82	64	17	10	8	6	98	62	10	48	70	87	69	39	11	16	87	99	4	73	32	70	94	27	82	24	92	0	73	12	22	47	47	72	0	39	28	84	53	35	65	3	20	70	51	47	39	24	37	76	63	78	97	36	25	21	58	0	34	27	68	24	43	39	81	18	97	48	97	95	16	2	13	83	3	18	35	4	25	69	55	87	60	52	62	48	10	45	62	33	38	75	48	98	30	73	83	25	26	15	83	31	73	70	22	48	39	43	19	35	84	59	42	22	82	71	29	32	63	9	28	46	86	20	45	25	33	23	23	21	37	14	22	20	11	82	28	59	79	20	72	66	68	6	35	11	13	79	33	82	37	90	91	1	31	7	30	33	69	35	36	98	16	91	82	54	77	16	99	74	41	59	31	90	29	18	68	76	37	52	41	25	84	64	86	25	57	10	69	82	59	83	22	84	49	20	31	61	93	82	36	54	12	39	94	35	19	6	43	46	6	66	55	84	56	7	15	77	16	74	33	63	85	12	85	71	18	79	69	65	9	90	41	59	39	0	98	94	53	12	26	82	72	97	77	57	37	63	13	51	61	75	54	38	68	99	25	87	77	78	0	62	11	15	47	49	12	85	11	93	21	15	54	42	87	57	9	2	47	76	79	6	42	58	67	34	25	86	10	24	76	27	24	44	82	68	58	85	14	40	2	25	38	55	96	88	67	22	17	45	2	22	51	2	76	97	10	43	6	50	8	42	69	0	77	71	9	59	42	57	29	8	5	51	56	12	86	10	0	0	39	12	54	78	96	66	83	69	82	93	32	68	55	1	70	11	59	4	42	30	99	94	8	97	21	29	95	26	58	38	2	3	41	65	23	86	49	24	16	18	51	7	20	82	19	61	68	34	6	33	67	27	97	56	5	50	18	88	3	77	46	62	25	7	93	95	25	23	12	71	57	21	21	15	88	69	67	82	80	47	54	87	34	25	41	35	3	45	1	53	67	5	55	43	89	56	93	97	13	33	20	30	91	20	23	44	53	74	69	24	56	24	35	26	97	31	29	91	21	93	0	50	73	53	18	10	42	58	15	97	5	24	72	99	38	92	95	18	4	71	92	47	18	78	53	10	6	27	98	85	77	2	20	40	4	67	1	21	72	57	21	53	18	8	6	33	50	81	72	65	55	38	4	42	80	50	76	31	12	20	48	43	22	47	62	83	80	90	10	2	63	97	85	95	72	61	57	95	44	64	54	77	59	17	9	39	96	18	4	17	34	85	15	90	76	42	60	40	85	30	43	79	99	86	37	81	51	59	56	11	70	47	76	49	1	53	39	97	48	24	73	92	58	68	99	22	22	94	15	1	3	31	37	82	0	4	15	37	7	78	77	8	49	11	40	7	99	55	30	8	26	46	51	20	66	43	5	31	46	47	63	27	85	37	93	33	82	91	85	57	24	31	82	77	97	64	49	10	38	33	18	32	44	26	74	57	80	24	63	78	99	44	41	47	85	56	45	62	65	91	85	3	54	24	45	80	34	82	35	86	71	96	35	97	88	74	42	31	15	50	46	53	32	95	79	19	54	99	63	95	1	48	13	98	81	2	65	44	45	78	1	59	80	57	53	95	76	68	23	70	90	32	18	85	99	11	82	68	76	44	13	89	6	38	7	69	93	9	41	60	80	58	17	92	86	54	3	86	62	82	53	98	59	16	51	34	83	99	51	91	3	98	64	9	0	5	33	78	38	53	79	22	24	67	82	43	6	69	55	30	60	62	68	43	36	41	77	92	68	73	88	78	87	41	53	9	67	57	61	83	37	46	46	25	29	81	32	39	58	8	12	55	91	82	0	33	43	86	0	87	73	40	26	90	11	13	78	55	59	6	58	46	40	96	41	60	15	45	67	8	59	16	74	85	40	20	53	24	63	61	53	12	52	44	1	88	29	26	77	69	60	28	91	57	32	47	2	89	99	33	90	74	98	2	77	48	57	86	27	80	47	8	6	25	20	60	82	30	24	56	16	13	90	99	98	46	97	44	96	3	31	90	71	64	89	44	21	4	96	90	90	26	49	37	24	55	96	34	3	9	16	79	64	45	32	63	45	71	55	93	90	97	64	24	9	40	85	83	74	45	39	74	46	88	51	27	79	94	98	41	33	53	89	70	58	26	72	96	34	26	90	7	22	97	82	48	72	61	39	32	40	98	40	16	95	59	7	17	3	2	13	25	72	23	27	43	96	85	29	74	67	70	54	94	91	62	6	36	63	19	33	65	51	25	81	58	37	99	67	21	0	40	57	61	57	77	50	5	48	44	19	41	78	30	31	66	32	20	50	65	16	42	88	59	11	17	84	78	76	68	17	13	2	66	49	95	54	8	41	68	16	1	30	41	37	0	41	31	47	62	35	79	34	21	21	91	87	34	31	18	80	94	8	71	82	41	7	34	0	77	86	72	33	78	10	82	10	38	0	1	39	18	13	55	17	86	50	71	13	4	8	88	49	69	23	38	70	25	50	90	96	10	4	97	4	5	47	8	67	6	28	16	7	79	0	35	33	28	60	9	60	19	33	98	19	53	84	89	35	10	61	70	76	0	79	51	27	40	57	63	42	62	9	57	21	4	49	28	85	7	4	47	28	39	92	26	58	6	73	2	81	24	94	88	41	8	95	10	72	76	92	23	37	68	96	30	16	55	78	46	7	83	64	30	17	24	67	46	34	20	44	88	8	60	0	51	95	92	72	17	73	42	72	32	54	82	71	12	91	91	72	66	34	15	93	67	31	2	80	36	15	91	80	54	84	44	63	3	71	81	25	18	99	28	13	98	59	66	55	15	52	71	83	62	2	33	12	68	70	97	13	6	38	43	32	78	78	37	66	87	71	0	44	88	19	64	67	33	90	11	64	47	29	57	95	11	42	60	35	42	70	37	51	66	69	4	54	70	24	63	99	81	96	75	44	71	99	40	54	45	13	44	18	52	28	40	93	25	28	24	15	34	99	14	15	58	77	66	28	8	91	18	9	92	82	67	9	75	77	18	90	46	30	59	1	6	48	15	95	13	91	85	5	86	25	24	87	28	62	57	8	67	15	95	83	0	98	36	27	44	51	56	95	44	43	82	65	21	24	8	54	17	67	34	87	8	15	91	53	82	28	37	45	22	28	52	39	44	10	75	14	22	58	15	85	83	54	7	62	37	58	78	86	14	24	1	82	10	39	75	31	66	43	30	22	19	66	50	28	6	87	10	21	16	67	24	80	39	30	60	76	67	53	52	12	48	97	77	7	69	64	3	7	22	39	32	93	33	65	49	70	25	66	34	34	8	76	5	32	56	74	67	91	85	40	24	82	64	88	90	80	94	26	69	63	28	88	36	8	7	94	9	80	45	77	76	72	37	91	88	57	78	52	22	27	36	25	21	13	0	64	0	54	63	93	0	21	26	22	0	53	87	19	90	12	9	93	58	19	47	78	31	43	13	34	19	37	28	7	34	25	37	61	31	46	17	33	20	63	26	45	85	46	79	41	85	17	63	46	45	27	50	38	28	38	5	22	17	35	73	21	25	2	51	14	78	74	69	82	25	75	38	89	51	5	29	64	20	46	14	41	94	80	86	40	5	30	98	50	75	42	47	37	53	97	51	57	35	23	93	72	7	75	72	26	58	49	12	88	56	85	6	76	31	97	67	86	23	3	68	20	87	42	58	54	77	60	79	25	61	46	66	7	26	17	38	20	66	93	39	49	85	85	82	20	85	96	69	78	75	73	23	98	79	87	86	75	59	76	80	22	16	25	65	55	42	47	46	43	67	27	52	15	67	98	20	42	81	28	67	14	19	28	43	90	13	29	72	2	58	97	30	12	60	81	0	15	15	22	38	27	89	97	29	87	63	7	95	44	13	13	7	67	85	52	36	26	47	52	26	2	66	75	74	66	84	99	81	93	37	91	92	76	24	93	12	99	99	66	83	59	6	67	64	70	63	29	46	12	75	8	57	78	78	95	86	18	86	61	18	88	36	72	18	22	0	98	12	88	68	26	95	23	20	10	82	57	47	10	81	46	55	81	77	64	20	7	43	71	89	88	52	68	72	51	58	37	77	95	4	54	30	70	9	73	52	25	37	30	31	49	53	98	17	91	62	27	51	64	89	25	53	97	64	1	37	46	22	85	79	38	34	33	45	52	0	7	56	98	73	91	8	97	38	2	52	22	88	38	98	50	1	47	6	74	92	91	91	75	56	38	2	77	9	25	73	23	44	94	97	48	66	41	39	70	80	96	19	58	31	63	55	18	21	75	7	68	17	70	62	56	66	96	38	66	40	67	75	66	16	38	32	27	91	17	82	88	87	10	80	52	35	4	81	18	26	76	50	0	80	74	41	75	30	59	47	20	37	93	41	35	98	72	55	51	26	17	31	3	3	82	61	22	44	31	3	35	60	18	94	20	91	39	90	14	58	31	89	26	42	36	0	81	61	30	59	72	82	79	12	99	4	46	88	85	67	43	15	21	32	36	99	81	28	97	36	95	28	80	24	2	1	0	12	88	85	49	73	9	35	69	87	60	2	4	87	61	14	75	76	28	52	64	25	0	65	20	3	68	14	6	12	98	89	53	69	75	45	30	19	80	93	56	46	6	5	91	20	66	94	65	45	9	29	5	99	95	47	39	87	51	62	45	14	0	81	95	0	60	19	39	94	4	68	77	51	21	57	74	45	20	19	12	16	78	75	27	47	51	51	92	12	94	46	65	20	94	23	30	95	94	82	81	23	65	36	30	28	57	34	23	56	75	97	51	84	56	98	98	96	89	19	46	6	18	44	34	59	30	90	91	15	28	9	88	32	15	41	85	70	66	80	4	80	47	4	84	72	27	11	17	74	23	60	37	29	40	98	88	23	27	25	80	88	84	14	65	82	38	90	44	6	64	71	55	76	56	52	46	10	11	20	90	37	6	87	97	73	78	54	59	40	36	6	66	6	9	72	42	33	54	29	40	58	71	51	74	70	86	17	4	57	25	2	16	48	91	74	98	66	18	18	19	2	43	7	81	61	91	59	92	78	78	33	78	56	39	28	99	24	57	76	96	4	87	69	31	33	28	66	72	68	10	36	68	37	98	74	97	50	45	50	47	75	32	14	56	26	52	14	96	96	86	71	21	13	14	98	2	51	2	72	55	71	40	50	6	37	87	50	14	95	93	91	76	21	99	80	44	94	62	17	35	12	23	79	46	11	94	63	31	30	34	34	15	35	26	38	37	62	29	42	0	93	18	25	81	73	31	75	44	86	21	49	50	2	89	76	9	89	43	41	21	62	38	30	88	88	86	74	61	4	39	64	24	68	3	60	63	25	80	43	89	63	45	18	43	56	0	6	77	77	14	44	72	7	67	70	73	53	38	4	14	59	39	22	20	48	70	7	91	70	30	24	16	18	54	36	80	68	76	45	17	98	57	13	52	92	74	63	40	28	68	2	96	19	11	62	89	26	2	76	99	69	64	65	91	77	0	11	99	33	33	37	67	80	57	26	28	11	77	54	92	4	26	82	43	44	9	59	67	28	51	10	88	80	4	40	52	34	67	87	66	74	59	26	26	50	66	92	6	55	26	17	61	41	98	82	23	26	83	56	22	47	68	53	94	64	1	28	97	15	7	40	19	21	2	53	61	34	37	87	85	20	7	97	51	31	2	48	73	93	19	99	90	11	71	12	54	82	71	37	63	14	72	14	88	32	50	96	10	59	20	24	65	30	37	71	94	70	55	90	91	5	0	95	72	44	79	1	98	
38	36	35	40	27	29	21	32	26	30	24	22	26	31	38	31	24	26	37	39	27	27	32	24	37	27	24	24	40	40	26	26	24	22	39	21	28	24	36	23	37	22	35	24	33	36	35	24	33	22	39	27	26	30	21	39	25	23	22	35	36	23	28	23	38	38	35	23	24	32	38	23	28	33	34	27	35	36	25	39	22	32	37	30	37	23	26	33	26	22	26	35	39	24	28	31	21	38	21	28	30	20	27	35	21	20	33	28	27	39	21	32	30	32	35	37	30	23	24	36	38	38	20	40	30	40	33	23	23	34	40	29	22	24	23	30	26	29	33	33	34	25	36	28	38	27	40	39	35	29	21	33	21	40	38	21	27	39	36	22	35	38	26	40	31	37	26	24	23	22	40	23	30	39	28	40	22	22	25	30	32	24	39	33	36	31	38	23	32	34	22	32	36	20	37	20	30	40	40	32	32	33	31	33	31	30	23	21	39	28	28	28	20	21	26	24	33	38	32	25	34	22	27	24	25	31	28	27	25	39	38	27	33	22	20	23	35	23	35	21	23	34	22	32	33	35	25	25	23	30	36	35	34	21	39	30	36	36	34	28	37	31	27	24	36	23	21	36	29	21	27	40	39	33	35	29	28	24	21	40	24	39	25	40	23	28	26	26	26	39	27	21	27	22	40	31	21	40	32	37	38	25	36	31	34	35	37	26	27	34	33	20	39	29	36	27	39	21	20	32	24	36	25	23	26	28	27	35	29	35	33	35	20	30	38	36	39	37	27	25	39	27	33	29	26	37	24	25	34	26	22	21	26	26	23	34	23	34	37	23	32	29	35	36	36	27	25	30	22	39	20	28	34	36	35	40	25	27	31	29	39	37	31	24	35	33	26	29	20	30	20	24	35	37	31	31	34	28	39	40	40	35	20	22	34	31	24	25	38	26	36	31	30	20	30	40	26	29	32	35	22	34	38	37	32	38	35	31	35	28	38	25	35	39	34	40	35	29	40	35	34	29	30	26	30	35	34	21	28	30	29	32	37	39	28	38	40	28	33	25	22	36	28	22	22	27	35	37	33	29	34	37	21	27	21	30	20	21	36	32	40	35	28	28	39	39	36	34	34	40	21	27	32	39	27	31	20	31	27	20	32	35	33	29	36	39	27	35	39	20	26	24	33	27	21	40	31	27	23	33	31	23	22	39	26	28	30	26	29	35	38	39	25	30	30	36	22	34	27	36	25	37	35	20	27	39	37	32	31	26	40	22	20	24	21	33	36	23	21	36	39	28	33	38	24	39	23	30	21	39	29	20	32	24	22	35	22	25	39	39	20	37	26	22	36	24	29	40	28	40	34	32	31	31	37	27	30	40	34	38	23	28	29	36	40	31	39	34	30	26	28	30	29	33	30	36	23	23	34	29	27	30	27	25	23	33	23	26	26	37	40	22	30	28	30	31	25	25	29	40	38	38	28	32	39	28	27	35	24	38	34	26	28	38	34	29	38	24	27	38	29	34	25	38	24	37	28	33	31	27	24	38	29	39	27	25	27	33	33	26	33	39	22	37	26	34	39	29	23	38	37	20	26	22	39	37	29	37	31	29	39	26	34	25	33	33	30	39	27	22	39	27	33	30	38	22	40	30	29	21	22	36	34	37	29	26	40	29	40	26	31	27	33	32	26	21	25	32	29	32	24	25	24	24	28	32	33	29	36	21	38	26	32	23	38	28	39	37	26	33	25	31	25	27	20	32	23	20	22	32	32	33	25	28	34	25	27	39	34	34	39	29	30	39	34	38	40	26	31	38	24	24	24	26	24	32	39	28	23	24	32	23	37	30	35	24	30	30	32	22	26	35	28	28	31	39	30	39	34	28	30	20	27	32	29	38	29	34	23	38	33	40	33	27	21	37	35	31	29	34	31	27	24	21	30	38	28	34	38	20	40	20	24	29	33	34	30	23	22	28	23	28	31	20	25	31	35	34	27	26	39	24	28	24	24	40	32	34	34	40	39	37	20	31	35	28	22	26	25	39	29	22	22	26	29	29	33	34	26	37	30	32	30	20	40	25	28	26	37	35	25	36	30	29	31	39	20	35	26	30	27	37	34	24	22	24	28	39	23	27	31	39	23	37	30	40	35	27	34	40	40	26	25	31	26	38	38	20	35	26	33	39	34	28	32	34	25	21	34	31	36	27	34	20	38	28	33	20	36	27	27	37	39	31	23	39	37	40	32	23	34	21	33	20	35	36	40	26	28	35	25	33	22	33	20	31	22	37	27	39	23	30	21	28	34	33	20	40	39	24	33	35	29	37	40	37	33	33	32	29	33	34	21	31	22	20	24	22	32	36	36	34	37	40	22	39	24	31	21	29	26	38	35	34	21	23	26	20	28	22	33	22	29	31	34	22	23	29	39	39	31	35	22	21	37	27	36	26	22	20	26	40	37	37	21	38	40	25	23	34	39	27	38	29	26	23	23	25	21	35	33	38	21	32	35	29	33	38	35	20	39	22	35	34	40	32	40	33	27	21	40	22	34	28	36	21	26	28	36	29	32	29	22	28	26	24	24	28	26	20	38	35	31	32	24	32	37	28	36	27	40	28	25	30	29	20	35	27	38	30	38	28	26	23	40	38	20	30	23	31	36	20	38	23	40	28	30	21	30	22	21	40	20	24	21	22	27	27	35	29	32	34	20	34	37	21	30	35	40	26	39	29	30	29	20	27	28	27	29	38	37	27	31	27	39	39	26	20	23	37	40	32	30	29	36	31	30	34	40	33	20	31	30	30	23	38	40	28	32	40	21	21	26	24	36	29	35	38	33	33	27	37	37	26	29	28	32	38	39	26	34	25	33	21	21	29	32	35	34	32	34	39	27	31	33	35	35	40	28	38	40	20	29	25	38	24	23	27	40	23	21	21	25	35	39	36	40	26	40	36	35	28	24	27	31	38	21	25	27	28	40	30	27	29	37	28	30	21	38	26	33	22	39	39	21	21	27	32	39	29	35	27	37	22	23	29	34	26	26	37	27	34	38	26	34	35	33	28	26	38	26	40	23	26	21	34	40	34	21	25	30	32	27	21	30	24	30	23	25	32	37	39	26	32	26	22	32	39	36	36	36	28	39	27	38	40	38	39	20	30	37	37	26	24	26	22	36	27	24	25	20	22	22	36	36	21	21	38	21	26	38	24	29	33	24	26	34	21	31	37	22	34	36	20	26	38	33	29	40	25	37	28	32	33	33	25	25	40	37	36	35	34	37	29	35	27	32	34	25	31	29	27	39	25	28	30	30	35	39	25	40	32	30	35	24	23	30	32	23	25	31	20	25	22	22	28	28	39	25	27	26	33	23	26	34	33	23	35	29	36	24	28	37	23	40	24	25	34	31	26	24	34	33	23	31	25	30	27	21	27	33	25	33	25	34	25	36	22	23	20	39	36	35	35	37	33	21	33	32	28	30	33	34	24	23	37	25	37	22	29	32	20	32	25	27	38	40	36	29	22	38	29	35	35	36	38	38	34	39	31	33	24	24	22	26	34	34	35	34	38	35	24	35	34	37	24	40	37	33	34	27	20	37	21	25	40	26	25	33	23	26	24	38	31	23	40	25	29	32	38	22	37	37	39	34	35	37	40	23	29	20	39	36	25	20	33	21	40	22	24	28	32	35	31	34	28	29	34	38	22	21	21	24	27	26	22	24	36	21	31	33	24	36	33	20	22	27	34	38	29	31	39	38	37	32	40	21	39	23	25	30	36	31	38	38	30	36	39	22	27	28	33	32	28	27	22	34	20	31	38	25	28	36	25	38	23	29	37	25	22	23	36	26	39	29	25	36	26	23	20	23	34	31	38	27	30	34	38	36	40	37	39	23	24	20	21	30	21	26	38	25	27	39	39	20	30	27	33	32	24	31	39	24	39	39	38	24	37	20	30	31	23	39	38	40	25	26	32	25	37	34	36	26	33	23	36	40	38	26	27	24	30	29	28	25	29	22	35	29	35	21	36	20	22	26	24	38	26	30	28	24	31	30	34	28	22	22	40	27	36	35	37	39	40	25	22	34	38	31	21	36	34	21	34	22	33	30	29	25	40	26	26	25	25	27	23	31	29	30	35	30	26	24	28	28	34	30	32	26	27	26	34	28	32	27	20	30	22	38	37	34	27	39	26	21	34	36	28	27	34	36	23	22	36	36	30	39	39	39	40	38	25	25	40	33	34	31	35	20	39	32	25	23	31	23	30	39	30	34	26	35	30	29	39	28	39	25	21	23	23	34	39	32	24	30	25	36	31	32	20	29	30	22	24	25	38	37	22	22	23	34	28	34	33	40	30	34	37	37	34	20	34	31	32	24	27	22	31	38	25	22	21	20	35	26	40	35	35	33	35	26	40	35	32	37	30	37	23	34	37	39	23	23	39	27	22	32	21	40	34	22	31	29	21	28	37	38	21	28	30	36	31	36	28	37	29	23	29	35	20	24	34	32	21	38	26	38	31	27	40	23	39	24	22	24	40	38	28	26	20	32	39	21	30	29	27	30	36	39	30	39	34	40	40	28	32	37	22	25	33	38	24	23	35	27	26	40	40	26	38	22	35	20	33	39	21	27	34	25	30	30	36	22	36	39	39	22	34	31	23	25	27	35	36	20	22	32	24	30	24	37	26	34	21	25	27	37	30	37	34	30	30	22	39	23	28	20	38	31	23	28	22	35	29	39	21	34	36	38	30	32	40	26	27	31	39	26	39	24	33	34	29	28	26	20	35	23	37	32	29	22	40	20	33	37	32	21	37	24	22	23	20	20	23	28	36	36	23	27	39	25	34	33	33	40	30	40	30	32	31	32	35	33	39	28	31	31	39	28	34	21	31	28	40	40	32	20	20	38	21	23	30	36	32	40	35	30	25	24	25	31	24	32	29	39	32	29	30	23	27	26	36	35	34	25	37	37	24	24	40	26	35	26	25	30	31	40	20	35	22	20	36	38	31	26	34	36	24	37	31	20	36	27	22	26	20	33	26	36	37	29	29	31	37	28	40	24	36	26	32	21	27	33	29	34	31	34	29	33	33	29	28	20	35	31	21	25	23	25	21	40	20	25	29	27	29	28	28	30	28	25	22	21	30	37	33	29	29	39	29	34	35	27	35	39	35	37	20	34	27	26	32	37	27	22	36	38	38	34	22	20	28	22	34	22	27	29	27	25	27	22	28	40	21	29	40	22	34	37	35	37	34	30	37	22	20	34	35	38	20	29	40	20	40	31	40	27	24	30	27	33	39	37	20	26	37	28	31	38	30	39	37	40	28	35	30	28	32	33	27	24	20	20	26	24	26	29	29	26	32	40	33	27	25	20	21	38	32	30	35	24	26	24	29	29	30	21	21	21	25	38	28	40	36	22	30	20	32	22	20	27	28	30	20	23	20	20	22	30	39	20	40	33	36	24	24	39	21	21	29	39	24	33	26	33	31	31	31	28	37	32	23	21	37	40	36	39	26	36	28	37	20	25	34	25	34	35	25	38	27	34	30	22	20	21	40	26	37	21	32	20	35	37	39	29	21	20	27	35	35	38	38	37	21	30	36	32	39	23	24	23	39	25	23	29	24	20	37	38	38	38	33	35	26	28	33	20	33	20	35	21	31	20	30	30	33	28	29	20	28	22	24	38	20	34	23	26	34	36	33	27	24	35	33	32	27	25	35	26	24	32	26	28	24	31	30	28	39	33	27	21	20	37	38	22	22	33	40	25	27	20	36	25	34	29	29	23	29	21	31	34	39	40	37	37	20	25	29	32	30	35	23	37	39	34	27	35	29	37	31	35	36	20	26	34	32	36	28	38	24	30	22	40	27	23	34	24	29	38	30	38	39	35	27	37	28	38	33	37	33	21	24	23	28	20	30	30	21	26	30	37	27	29	39	26	26	23	38	25	36	35	32	37	20	39	37	29	40	23	35	37	36	21	24	35	31	28	23	36	20	33	38	37	25	24	38	29	34	37	23	37	30	28	37	22	35	32	28	24	36	27	36	26	22	22	34	37	20	36	34	33	27	35	23	34	27	37	36	26	28	39	32	20	37	37	26	31	38	20	30	24	30	32	28	39	33	30	38	20	20	29	35	40	31	39	22	24	32	37	34	38	27	26	29	26	28	22	33	26	28	30	28	40	25	27	27	39	29	39	22	26	38	34	27	23	25	31	35	38	23	25	38	34	35	20	31	31	39	21	31	37	22	34	23	30	32	20	20	28	28	24	27	33	20	36	40	40	32	23	22	28	26	28	24	25	35	39	25	21	37	20	30	39	40	38	32	21	36	24	36	29	29	29	21	33	20	40	32	25	37	28	32	40	38	23	32	32	25	36	32	30	29	34	37	20	36	26	40	21	27	30	20	39	24	23	39	25	29	28	33	22	29	32	33	28	35	32	30	25	37	29	39	23	36	38	39	26	31	27	35	33	29	25	22	31	20	28	28	30	38	31	36	28	22	27	38	22	21	33	32	20	27	31	20	39	21	34	22	24	40	33	39	31	35	34	29	23	25	30	21	26	21	29	21	24	31	33	21	40	24	30	40	25	28	37	38	38	36	21	30	31	34	29	37	25	27	39	20	25	23	25	20	26	21	20	38	34	36	29	32	33	32	38	26	25	36	23	38	38	37	32	36	34	25	21	33	34	37	29	32	38	29	36	35	37	20	39	33	32	40	27	29	21	37	29	26	28	28	24	37	20	29	24	27	32	25	36	20	37	29	38	30	32	22	40	35	22	35	28	20	21	25	35	40	34	36	35	20	30	23	24	33	28	23	20	31	26	22	25	25	37	27	40	24	29	28	22	25	30	31	37	21	24	26	36	28	24	39	36	31	39	40	31	22	38	29	37	37	38	23	28	24	31	29	31	34	26	28	39	33	32	38	29	31	38	32	37	26	29	32	38	31	32	33	29	25	31	26	40	23	25	32	38	23	22	33	27	34	25	22	40	29	27	21	39	21	31	20	32	21	32	32	39	22	33	22	31	29	38	32	31	25	30	24	27	23	39	29	33	32	36	40	24	39	36	31	31	37	26	21	38	29	29	30	40	23	21	23	24	21	40	36	40	32	20	27	35	33	22	28	20	36	27	27	39	28	29	33	32	35	26	36	37	29	22	31	39	26	37	29	34	30	34	31	40	22	28	29	34	33	32	28	30	25	21	40	36	29	35	36	34	24	26	30	25	37	34	24	29	34	26	30	32	30	30	32	25	32	34	29	30	29	27	35	33	36	28	37	22	26	24	39	37	33	37	33	39	31	40	35	37	23	25	38	39	21	22	40	20	27	34	23	21	25	31	36	37	35	36	28	22	38	30	33	25	37	32	39	33	29	23	34	28	28	32	20	26	33	20	28	24	30	24	39	37	27	20	32	25	22	28	31	22	33	39	27	20	26	29	33	31	30	26	25	27	22	26	24	20	38	21	38	39	35	21	23	26	36	39	26	26	34	21	38	23	39	22	27	20	25	30	34	21	29	33	21	28	27	27	35	34	29	27	33	40	29	26	37	36	40	20	21	32	29	38	33	37	21	20	39	39	34	32	37	35	26	37	24	37	24	27	35	26	30	27	36	21	32	30	35	26	32	21	31	35	23	39	31	21	39	33	24	32	33	38	22	40	37	29	39	31	40	24	28	22	20	23	40	31	20	20	37	23	35	31	25	27	24	21	40	29	28	31	28	23	23	27	25	23	20	31	23	32	22	29	26	22	28	33	34	24	34	29	26	38	21	27	40	28	32	28	35	28	32	35	21	22	26	39	39	25	24	27	22	25	39	34	40	26	20	30	37	23	27	29	35	38	33	22	35	38	21	36	29	29	32	23	36	30	29	34	32	32	38	23	
45	11	11	50	28	34	17	34	14	27	41	43	44	48	45	33	48	24	42	15	14	24	10	43	21	27	41	21	10	45	40	18	34	32	18	48	26	21	39	39	44	37	42	36	32	26	18	34	16	41	48	36	47	16	19	37	12	25	37	41	12	47	50	50	39	12	18	44	42	16	29	16	29	36	13	11	21	16	19	15	15	20	36	31	46	36	50	45	25	14	44	20	36	49	45	31	31	28	39	40	47	40	48	49	35	37	34	12	15	35	28	29	32	39	36	21	40	30	11	16	15	32	49	21	15	48	39	16	49	23	31	27	39	36	20	47	34	21	12	31	28	37	11	27	17	31	14	39	20	47	23	35	38	12	19	34	37	50	13	27	41	17	22	18	40	31	50	33	31	10	17	47	33	21	20	30	25	33	23	15	41	10	25	12	33	33	49	31	32	29	39	22	13	17	12	13	22	32	12	27	39	44	49	43	35	33	32	18	11	44	29	21	17	48	15	50	47	10	21	43	15	46	31	46	21	36	20	23	33	46	17	12	42	36	23	39	15	37	17	47	30	19	12	29	21	26	23	48	44	31	48	42	42	43	21	49	27	22	23	30	12	27	24	49	35	26	33	18	21	23	14	33	23	13	11	28	40	41	47	28	15	20	28	50	43	41	37	10	47	22	22	48	39	23	11	47	31	27	12	41	16	13	21	20	45	25	24	33	33	48	36	21	30	15	10	25	15	21	37	34	20	42	35	33	22	41	19	11	14	29	15	50	32	29	27	41	10	10	31	33	28	14	50	31	37	13	22	44	32	13	11	20	26	39	40	40	38	26	36	20	29	45	48	33	24	12	21	35	23	24	21	41	16	49	15	16	10	20	45	33	15	23	28	31	13	17	28	18	21	26	18	48	48	33	50	37	14	22	33	23	16	13	42	14	34	13	43	39	18	42	45	37	20	16	46	48	20	15	36	13	24	16	38	42	46	29	18	18	41	44	20	38	44	26	42	40	23	49	41	22	20	44	44	14	12	30	14	12	18	39	14	22	31	14	43	17	27	41	25	32	13	14	11	42	21	18	42	26	29	17	39	46	13	14	38	50	12	21	42	34	22	14	31	27	36	46	21	34	14	32	18	27	49	40	38	33	20	45	40	35	35	19	35	10	50	40	17	12	26	45	39	37	15	49	46	33	23	25	22	43	11	42	36	15	49	27	48	26	37	12	25	39	35	37	19	49	23	46	11	45	19	49	42	20	32	37	46	37	46	31	15	17	25	25	35	20	18	30	48	42	12	18	36	36	21	20	19	23	28	38	19	39	21	48	41	37	48	16	22	21	18	21	41	26	46	38	29	30	19	30	18	29	43	18	21	41	30	14	25	44	38	13	28	34	29	40	26	37	43	24	11	39	14	40	24	44	28	29	24	28	50	49	29	43	43	49	10	34	35	16	35	11	18	50	28	43	16	11	34	34	24	36	45	41	28	22	16	18	28	11	18	25	10	45	38	23	44	28	34	37	50	41	38	28	30	32	17	47	47	27	47	48	44	47	29	47	44	38	17	12	18	24	22	13	36	14	34	40	10	19	16	31	16	36	32	26	30	38	26	36	34	44	29	29	37	46	36	30	24	42	24	49	11	13	45	12	42	34	14	27	28	42	10	46	11	48	38	36	41	42	33	14	42	50	11	31	47	16	21	22	25	50	25	17	23	45	25	37	18	40	42	14	30	29	23	47	17	41	22	39	36	41	14	22	45	19	15	44	49	19	16	34	28	19	11	31	26	24	10	35	12	27	33	22	39	20	35	32	39	14	38	48	21	32	22	30	46	30	37	49	23	36	49	25	28	26	11	29	24	49	20	30	37	35	17	25	19	20	12	14	50	13	50	21	49	12	15	29	19	48	35	19	48	15	38	41	41	46	22	43	33	24	14	42	16	28	33	12	25	26	16	24	32	35	48	12	21	37	21	32	20	29	40	24	25	44	11	38	15	27	35	37	16	30	21	13	13	43	29	36	21	34	36	33	22	45	30	33	15	22	39	20	11	11	30	46	48	48	41	21	21	14	46	40	46	48	30	37	24	15	26	16	21	20	29	33	34	40	49	44	13	46	17	24	16	10	14	25	42	13	33	21	39	15	37	35	36	27	39	30	39	12	40	37	48	21	25	36	10	35	39	16	20	42	36	16	50	21	11	15	19	37	37	29	44	25	46	42	43	44	27	48	15	42	42	47	25	33	22	32	35	17	12	12	10	30	24	27	34	42	29	15	36	44	22	47	40	10	20	12	48	34	44	29	15	28	29	38	39	23	50	33	42	35	17	13	45	34	39	38	15	47	40	30	14	22	38	34	49	50	32	38	46	33	28	38	44	48	33	13	31	28	48	40	45	12	41	41	40	10	21	30	17	15	49	48	28	19	32	36	37	26	47	20	21	40	18	13	34	28	10	43	15	22	23	47	49	18	24	45	50	28	39	16	11	11	47	19	22	39	24	18	16	27	35	22	18	18	43	28	40	46	31	29	37	33	46	21	36	36	14	38	16	21	10	27	44	23	12	29	20	48	23	17	43	10	46	32	18	48	21	12	25	25	44	42	20	28	15	48	11	13	32	10	35	36	46	35	49	25	34	36	46	34	16	32	39	11	27	24	28	20	13	30	14	14	47	44	36	12	19	44	29	28	35	47	19	20	14	39	38	46	21	12	12	13	26	36	20	37	39	27	11	47	17	29	20	40	20	36	42	23	38	15	13	13	12	34	33	29	33	11	17	11	42	21	16	21	49	49	49	13	50	14	31	10	21	24	39	38	11	30	10	25	29	32	27	49	44	16	41	19	43	46	10	47	46	10	38	15	12	30	48	16	47	17	19	40	25	45	12	45	41	47	45	17	31	35	35	50	27	14	25	28	10	20	29	38	23	34	35	42	39	16	24	44	12	47	23	50	17	22	43	25	25	38	20	45	15	14	19	22	10	20	32	21	47	19	30	13	19	33	37	27	25	45	39	31	33	14	15	47	27	29	39	50	27	14	40	24	38	13	16	12	46	14	33	36	50	42	37	28	48	29	42	47	30	17	18	13	48	11	49	29	43	36	31	19	12	49	37	50	30	33	49	17	28	18	43	47	18	20	21	39	33	21	30	27	13	36	14	29	16	39	18	41	33	44	24	36	10	32	16	31	39	36	10	34	50	45	26	42	31	16	38	43	46	46	48	14	43	34	43	45	39	18	49	50	49	46	23	42	42	34	32	13	45	21	25	36	28	44	46	36	29	11	44	46	36	28	29	37	29	40	36	15	50	21	32	42	48	11	10	24	33	29	17	33	14	10	27	13	42	37	27	17	17	36	28	13	31	45	26	21	49	36	38	29	13	30	24	34	27	32	39	22	45	47	26	26	40	47	30	20	41	46	13	31	17	22	28	23	31	23	46	11	12	36	33	50	25	24	38	21	18	42	35	49	35	27	32	20	48	10	39	45	12	11	37	45	18	42	36	42	14	48	28	14	28	37	15	35	24	18	47	43	18	29	11	22	32	25	40	21	27	43	36	21	27	27	13	23	19	25	37	24	29	28	20	27	47	44	18	32	10	50	14	31	48	26	22	28	27	30	23	43	48	27	35	18	11	11	37	44	48	35	23	17	25	27	34	48	24	16	36	36	43	11	37	16	14	35	41	22	17	22	27	26	18	11	32	18	17	17	42	23	22	21	40	18	21	24	45	40	32	46	12	45	50	47	15	11	48	48	32	44	32	25	43	34	17	39	50	43	43	25	49	48	12	37	21	33	16	33	24	10	17	25	32	34	10	14	25	47	47	13	49	16	29	19	26	14	34	21	21	16	46	27	14	34	40	32	10	18	50	12	18	37	20	34	27	39	43	27	10	14	50	15	26	28	29	25	40	12	17	10	41	34	48	26	33	37	29	28	31	29	28	47	42	45	28	46	13	17	17	47	15	25	45	14	17	44	21	26	40	27	46	37	33	44	13	21	47	45	10	47	49	13	14	14	35	32	32	40	43	16	43	34	21	11	23	21	36	10	12	34	48	23	28	41	43	20	13	25	21	32	46	20	35	17	13	50	36	43	28	48	42	31	36	49	26	12	22	19	47	16	23	47	48	46	34	37	21	32	28	28	49	27	19	19	45	38	47	43	16	44	39	43	31	37	19	24	11	32	31	37	22	34	10	39	26	22	12	23	46	12	15	34	23	36	42	25	44	10	42	34	41	23	29	45	49	14	39	23	30	20	39	49	27	13	14	40	14	11	42	44	16	32	13	10	30	33	13	19	12	10	49	45	41	37	21	45	45	25	43	25	17	30	34	43	16	40	46	12	17	37	40	49	19	24	43	42	43	38	13	23	37	27	36	39	14	40	11	15	14	27	13	31	49	20	16	34	12	29	31	38	49	14	18	27	37	26	30	29	45	34	38	18	11	44	31	15	22	30	22	28	13	18	36	34	35	35	14	42	20	29	40	16	42	32	33	25	25	35	28	43	30	50	37	26	28	49	24	28	40	22	18	13	22	43	44	43	11	33	26	18	13	44	21	31	42	37	15	32	38	16	42	24	22	10	31	28	21	48	46	25	30	46	31	43	48	19	11	22	43	18	31	24	45	41	13	43	22	35	44	38	17	16	21	34	35	43	28	46	37	38	11	20	48	24	48	50	12	23	30	41	12	38	38	31	50	48	46	32	46	40	36	15	17	31	45	47	33	23	15	29	47	25	32	35	27	45	10	22	21	30	28	33	13	41	17	40	41	29	27	10	28	42	21	25	34	19	44	11	31	29	14	22	25	15	17	28	20	33	13	23	47	38	34	36	30	40	25	44	23	33	26	10	32	46	29	10	50	35	25	30	32	35	32	24	27	47	44	35	43	17	30	34	12	10	27	15	17	25	32	12	19	14	43	44	31	16	17	32	38	35	27	35	28	38	50	48	15	43	13	24	49	13	16	37	14	26	48	40	28	50	38	37	24	30	25	19	21	33	47	40	44	48	31	25	15	26	23	43	13	33	11	38	40	48	12	43	24	43	11	11	15	41	40	11	22	18	43	41	34	11	35	15	50	16	24	13	48	23	23	22	27	41	19	27	42	15	37	11	49	24	30	42	46	25	18	13	26	42	13	40	34	47	20	10	11	50	46	21	19	17	48	16	28	14	36	45	30	34	50	28	28	17	11	12	21	10	10	49	41	19	38	14	26	14	23	49	42	32	13	21	22	14	38	38	31	31	49	50	34	30	47	50	50	20	24	36	35	32	16	25	40	17	43	10	33	34	42	39	14	43	28	12	31	11	30	29	42	25	17	46	42	39	10	41	46	37	28	20	22	26	24	15	37	12	17	17	19	30	25	34	24	15	48	48	10	23	23	27	41	34	41	33	46	18	17	41	29	25	11	10	18	28	14	30	45	41	21	15	38	40	11	24	13	18	21	37	23	38	38	28	34	14	38	13	49	23	18	23	15	32	43	47	13	37	33	12	30	27	14	28	24	37	30	30	18	17	18	23	26	21	33	40	27	21	39	18	26	43	41	48	48	12	42	28	14	16	22	23	14	19	34	36	31	43	30	35	30	18	38	48	49	19	36	26	50	35	40	38	21	50	13	16	21	22	37	41	34	14	19	43	43	44	29	28	23	40	41	10	45	18	27	42	48	29	46	26	18	37	31	36	50	42	26	41	28	10	48	42	36	17	13	23	49	28	20	10	14	24	20	36	36	22	25	36	37	16	11	44	28	25	34	11	11	16	48	11	44	12	11	14	45	42	42	15	46	26	14	12	27	35	38	34	26	29	12	43	39	18	35	29	19	37	22	18	25	19	16	40	32	13	18	41	24	11	15	11	38	25	32	23	17	28	43	37	11	44	27	12	19	41	41	44	38	38	41	36	40	49	21	10	14	40	28	50	19	28	34	22	50	24	31	17	39	18	33	25	23	23	18	38	21	41	19	20	49	16	23	15	44	37	32	50	38	50	29	46	20	33	24	31	36	45	41	24	43	42	38	20	17	13	24	29	28	33	41	38	35	36	40	41	29	13	26	42	34	50	18	49	25	25	47	26	28	37	18	15	16	17	47	44	48	20	26	39	13	46	44	29	40	45	32	40	48	24	14	49	18	12	27	19	47	40	18	31	22	37	35	14	31	30	49	36	17	40	29	17	22	45	45	15	38	49	27	48	17	36	34	30	43	39	44	40	17	45	19	16	40	50	30	10	43	37	42	29	41	31	46	26	20	27	15	27	44	13	34	33	39	44	36	19	25	33	25	12	33	35	29	14	48	43	10	15	34	11	24	26	30	48	11	47	37	48	44	28	29	49	40	29	39	14	25	25	36	21	34	17	26	17	37	45	27	21	46	21	50	24	48	26	12	38	27	10	29	14	28	17	49	47	26	45	38	34	15	21	39	42	36	16	50	39	49	10	14	12	36	40	23	40	48	42	28	16	42	39	19	22	39	48	28	14	41	44	34	10	11	18	50	39	10	42	30	46	15	44	32	33	28	20	17	14	36	22	24	11	45	14	12	19	43	29	10	20	13	48	16	31	36	48	31	30	38	42	11	14	37	13	13	38	11	26	28	45	19	22	23	38	35	48	23	20	21	14	28	30	41	15	22	28	45	10	48	31	25	22	24	29	31	32	34	26	47	29	38	47	18	22	48	43	49	40	14	22	10	25	47	50	15	32	35	31	38	50	22	40	44	11	35	40	26	21	47	43	10	27	11	17	31	12	45	43	27	21	50	22	32	11	29	36	22	46	26	46	34	24	10	20	10	41	48	10	22	13	15	12	23	26	10	42	47	14	46	34	40	36	22	25	12	26	30	35	12	39	34	39	33	37	16	10	34	35	36	29	39	37	34	14	33	15	33	39	23	40	24	22	13	43	17	30	22	19	33	44	45	33	39	46	13	30	21	17	16	31	12	10	43	17	27	44	20	15	29	13	21	32	16	36	49	46	50	10	40	12	32	38	38	50	16	24	33	32	41	36	12	44	33	43	22	32	49	37	32	50	26	43	48	29	45	50	23	44	42	35	24	19	10	35	31	21	50	29	21	48	29	34	33	12	30	41	40	15	31	30	17	18	24	20	43	35	34	20	47	18	17	38	13	37	14	19	11	28	43	18	18	36	19	15	38	40	16	12	12	27	39	19	37	22	10	16	36	39	48	33	29	13	30	48	38	30	24	28	10	41	30	27	11	10	46	50	24	37	30	42	18	10	27	44	17	13	48	36	34	15	49	47	38	27	45	30	36	20	46	50	15	42	45	22	41	40	12	32	11	14	21	48	37	35	50	45	18	35	38	44	49	43	43	26	41	43	26	31	15	47	13	27	25	21	41	41	13	17	44	38	49	45	34	25	28	32	49	44	40	45	49	39	47	45	21	17	50	32	47	16	46	33	10	20	21	23	42	17	41	46	32	34	34	18	35	31	29	34	28	46	30	17	31	26	17	20	20	49	31	16	20	14	28	18	20	12	49	47	45	21	30	33	33	18	39	48	37	11	20	11	35	24	18	13	39	11	39	12	22	14	14	35	42	40	48	15	49	23	17	24	39	48	21	33	18	35	20	32	22	14	39	37	19	50	11	22	28	22	43	22	23	23	20	43	13	50	46	37	27	36	29	27	31	41	10	37	35	33	47	25	35	12	36	41	49	14	21	18	21	26	36	12	46	49	16	48	11	41	20	42	19	40	49	26	33	29	11	24	23	37	38	50	10	27	49	15	43	29	46	22	23	37	16	22	32	18	30	13	19	28	42	43	13	39	18	44	11	10	38	49	30	33	22	22	42	31	17	20	29	18	11	23	16	34	36	24	50	40	11	10	49	40	17	21	48	31	14	30	18	38	23	20	28	28	19	29	12	
15
70
