3960
100
0	0	0	0	0	192	0	0	0	48	0	192	0	0	0	0	0	0	0	0	0	0	0	0	0	0	0	0	0	0	0	0	0	0	0	0	0	0	0	0	0	0	0	0	0	0	0	0	0	0	0	0	0	0	0	0	0	0	0	0	0	0	0	0	0	0	0	0	0	0	0	0	0	0	0	0	0	0	0	0	0	0	0	0	0	192	0	0	0	0	0	0	0	0	0	0	0	0	0	0	
0	0	0	0	0	0	0	0	0	0	0	0	0	0	0	0	0	0	0	0	0	0	0	0	0	0	0	0	0	0	0	500	0	0	0	0	0	0	0	0	0	0	0	0	0	0	0	0	0	0	0	0	0	0	0	0	0	0	0	0	0	0	0	0	0	0	0	0	0	0	0	0	0	0	0	0	0	0	0	0	0	0	0	0	0	0	0	0	0	0	0	500	500	0	0	0	0	0	0	0	
0	0	0	0	0	0	0	0	0	0	0	0	0	0	0	0	0	0	0	0	0	500	0	0	0	0	0	0	0	0	0	0	0	0	0	0	0	0	0	0	0	0	0	0	0	0	0	0	0	0	0	0	0	0	0	0	0	0	0	0	0	0	0	0	0	0	0	0	0	0	0	0	0	0	0	0	48	0	0	0	0	0	0	0	0	0	0	0	0	0	0	0	0	0	0	0	0	0	0	0	
0	0	0	0	0	0	0	0	0	0	0	0	0	0	0	0	0	0	0	0	0	0	0	0	0	0	0	0	0	0	0	0	0	0	0	0	0	0	0	0	0	0	0	0	0	0	0	0	0	0	0	0	0	0	0	0	0	0	0	0	0	0	0	0	0	0	0	0	0	0	0	0	0	0	0	48	0	0	0	0	48	0	0	0	0	0	0	0	0	0	0	0	0	0	0	0	0	0	0	0	
0	0	0	0	0	0	0	0	0	0	0	0	0	0	0	0	0	0	0	0	0	0	0	0	0	0	0	0	0	192	0	0	0	0	0	0	0	0	0	0	0	0	0	0	0	0	0	0	0	0	0	0	0	0	0	0	0	0	0	0	0	0	0	0	96	0	0	0	0	0	0	500	0	0	0	0	0	0	0	0	0	0	0	0	0	0	0	0	0	0	0	0	0	0	0	0	0	0	0	0	
192	0	0	0	0	0	0	0	0	0	0	0	0	0	0	0	0	0	0	0	0	0	0	0	0	0	0	0	192	0	0	0	0	0	0	0	0	0	0	0	0	0	0	0	0	0	0	0	0	0	0	0	0	0	0	0	0	0	0	0	0	0	0	0	0	0	0	0	0	0	0	0	0	0	0	0	0	0	0	0	0	0	0	0	0	0	0	0	0	0	0	0	0	0	0	0	500	0	0	0	
0	0	0	0	0	0	0	0	0	0	0	0	0	0	0	0	0	0	0	0	0	0	0	0	0	0	0	0	0	0	0	0	0	0	0	0	0	0	0	0	0	0	0	0	0	0	0	0	0	0	0	0	0	96	0	0	0	0	0	0	0	0	0	0	0	0	0	0	0	500	0	0	0	0	0	0	0	0	0	0	0	0	0	0	0	0	0	96	0	0	0	0	0	0	0	0	0	0	0	0	
0	0	0	0	0	0	0	0	0	0	0	0	0	0	0	0	0	0	0	0	0	0	0	0	0	0	0	48	0	0	96	0	0	0	0	0	0	0	0	0	0	0	0	0	0	0	0	0	0	0	0	0	0	0	0	0	0	0	0	0	0	0	0	0	0	0	0	0	0	0	0	0	0	0	0	0	0	0	0	0	0	0	0	0	0	0	0	0	0	0	0	0	0	0	0	0	0	0	96	0	
0	0	0	0	0	0	0	0	0	0	0	0	0	0	0	0	0	0	0	0	0	0	0	0	0	0	0	0	0	0	0	0	0	0	0	0	0	96	0	0	0	0	0	0	0	0	0	0	0	0	0	0	0	0	0	500	0	0	0	0	0	0	0	0	0	0	0	0	0	0	0	0	0	0	0	0	0	0	0	0	0	0	0	0	0	0	0	0	0	0	0	0	0	0	0	0	0	0	0	0	
48	0	0	0	0	0	0	0	0	0	500	0	0	0	0	0	0	0	0	0	0	0	0	0	0	0	0	0	0	0	0	0	0	0	0	0	0	0	0	0	0	0	0	0	0	0	0	0	0	0	0	0	0	0	0	0	0	0	0	0	0	0	0	0	0	0	0	0	0	0	0	0	0	0	0	0	0	0	0	0	0	0	192	0	0	0	0	0	0	0	0	0	0	0	0	0	0	0	0	0	
0	0	0	0	0	0	0	0	0	500	0	0	0	0	0	0	0	0	0	0	0	0	0	0	0	0	0	0	0	0	0	0	0	0	0	0	0	0	0	0	0	0	0	0	0	0	0	0	0	0	0	0	0	0	0	0	0	0	0	0	0	0	0	0	0	0	0	0	0	0	0	0	0	0	0	0	0	0	0	0	0	0	500	0	0	0	0	0	0	0	0	0	0	0	0	0	0	0	0	0	
192	0	0	0	0	0	0	0	0	0	0	0	0	0	0	0	0	0	0	0	0	0	0	0	0	0	0	0	0	0	0	0	0	0	0	0	0	0	0	0	0	0	0	0	0	0	0	0	0	96	0	0	0	0	0	0	0	0	0	0	0	0	0	0	0	0	0	0	0	0	0	0	0	500	0	0	0	0	0	0	0	0	0	0	0	0	0	0	0	0	0	0	0	0	0	0	0	0	0	0	
0	0	0	0	0	0	0	0	0	0	0	0	0	0	0	0	0	0	0	0	0	0	0	0	0	0	0	0	0	0	0	0	0	0	0	0	0	0	0	0	0	0	0	0	0	0	0	0	0	0	0	0	0	0	0	0	0	0	0	0	0	0	0	0	0	0	0	0	0	0	0	96	0	0	0	0	0	192	0	0	0	0	0	0	0	0	0	0	0	0	0	0	0	0	0	0	0	0	0	0	
0	0	0	0	0	0	0	0	0	0	0	0	0	0	0	0	0	0	0	0	0	0	0	0	0	0	0	0	0	0	0	0	0	0	0	0	0	0	0	0	192	0	0	0	0	48	0	0	0	0	0	0	0	0	0	0	0	0	0	0	0	0	0	0	0	0	0	0	0	0	0	0	0	0	0	0	0	0	0	0	0	0	0	0	0	0	0	0	0	0	0	0	0	0	0	0	0	0	0	0	
0	0	0	0	0	0	0	0	0	0	0	0	0	0	0	0	48	0	0	0	0	0	0	0	0	0	0	0	0	0	0	0	0	0	0	0	0	0	0	0	0	0	0	0	0	0	500	0	0	0	0	0	96	0	0	0	0	0	0	0	0	0	0	0	0	0	96	0	0	0	0	0	0	0	0	0	0	0	0	0	0	0	0	0	0	0	0	0	0	0	0	0	0	0	0	0	0	0	0	0	
0	0	0	0	0	0	0	0	0	0	0	0	0	0	0	0	0	0	0	0	0	0	0	500	0	0	0	0	0	0	0	0	0	0	0	0	96	0	0	0	0	0	0	0	0	0	0	0	0	0	0	0	0	0	0	0	0	0	0	0	0	0	0	0	0	0	0	0	0	0	0	0	0	0	0	0	0	0	0	0	0	0	0	0	0	0	0	0	0	0	0	0	0	0	0	0	0	0	0	0	
0	0	0	0	0	0	0	0	0	0	0	0	0	0	48	0	0	0	0	0	0	0	0	0	0	0	0	0	0	0	0	0	0	0	0	0	0	0	0	0	0	0	0	0	0	0	48	0	0	0	0	0	0	0	0	0	0	0	0	0	0	0	0	0	0	0	0	0	0	0	0	0	0	0	0	0	0	0	0	0	0	0	0	0	0	0	0	0	0	0	0	0	0	0	0	0	0	0	0	0	
0	0	0	0	0	0	0	0	0	0	0	0	0	0	0	0	0	0	0	0	0	0	0	0	0	0	0	0	0	0	0	0	0	0	0	0	0	0	0	0	0	0	0	0	0	0	0	0	0	0	0	0	0	0	0	0	0	0	0	0	0	0	0	0	0	0	0	0	0	0	0	0	0	0	0	0	0	0	0	0	0	0	0	0	0	0	0	0	96	0	0	0	0	0	48	0	0	0	0	0	
0	0	0	0	0	0	0	0	0	0	0	0	0	0	0	0	0	0	0	0	0	0	0	0	0	0	0	0	0	0	0	0	0	0	0	0	0	0	0	192	0	0	0	0	0	0	0	0	0	0	0	0	0	0	0	0	0	0	0	0	0	0	0	0	0	0	0	0	0	0	0	0	0	96	0	0	0	0	0	0	0	0	0	0	0	500	0	0	0	0	0	0	0	0	0	0	0	48	0	0	
0	0	0	0	0	0	0	0	0	0	0	0	0	0	0	0	0	0	0	0	0	0	0	0	0	0	0	0	0	0	0	0	0	0	0	0	0	0	0	0	0	0	0	0	0	0	0	0	0	0	500	0	0	0	0	0	0	0	0	0	0	0	0	0	0	0	0	0	0	0	500	0	0	0	0	0	0	0	192	0	0	0	0	0	0	0	0	0	0	96	0	0	0	0	0	0	0	0	0	0	
0	0	0	0	0	0	0	0	0	0	0	0	0	0	0	0	0	0	0	0	0	0	0	0	0	0	0	0	0	0	0	0	0	0	0	0	0	0	0	0	0	0	0	0	0	0	0	0	0	0	0	0	0	0	0	48	48	0	0	0	0	192	0	0	0	0	0	0	0	0	0	0	0	0	0	0	0	0	0	0	48	0	0	0	0	0	0	0	0	0	0	0	0	0	0	0	0	0	0	0	
0	0	500	0	0	0	0	0	0	0	0	0	0	0	0	0	0	0	0	0	0	0	0	0	0	0	0	0	0	0	0	0	500	0	0	0	0	0	0	0	0	0	0	0	0	0	0	0	0	0	0	0	0	0	0	0	0	0	0	0	0	0	0	0	0	0	0	0	0	0	0	0	0	0	0	0	0	0	0	0	0	0	0	0	0	0	0	0	0	0	0	0	0	0	0	0	0	0	0	0	
0	0	0	0	0	0	0	0	0	0	0	0	0	0	0	0	0	0	0	0	0	0	0	0	0	0	0	0	0	0	0	0	0	0	0	0	0	0	192	0	0	0	0	0	0	0	0	0	0	0	0	0	0	0	0	0	0	0	0	0	0	0	0	0	0	0	0	0	0	192	0	0	0	0	0	0	0	0	0	0	0	0	0	0	0	0	0	0	0	0	0	0	0	0	0	0	0	0	0	0	
0	0	0	0	0	0	0	0	0	0	0	0	0	0	0	500	0	0	0	0	0	0	0	0	0	0	0	0	0	0	0	0	0	0	0	0	48	0	0	0	0	0	0	0	0	0	0	0	0	0	0	0	0	0	0	0	0	0	0	0	0	0	0	0	0	0	96	0	0	0	0	0	0	0	0	0	0	0	0	0	0	0	0	0	0	0	0	0	0	0	0	0	0	0	0	0	0	0	0	0	
0	0	0	0	0	0	0	0	0	0	0	0	0	0	0	0	0	0	0	0	0	0	0	0	0	0	0	0	0	0	0	0	0	0	0	0	0	0	0	0	0	0	0	0	0	0	0	0	0	48	0	0	0	0	0	0	0	0	0	0	0	0	0	0	0	0	0	0	0	0	0	0	0	0	0	0	0	0	0	0	0	0	0	0	0	0	0	0	0	0	0	0	0	0	0	0	0	500	0	0	
0	0	0	0	0	0	0	0	0	0	0	0	0	0	0	0	0	0	0	0	0	0	0	0	0	0	0	0	0	0	0	48	0	0	0	0	0	0	0	0	0	0	0	0	0	0	0	0	0	0	0	0	0	0	0	0	0	0	0	0	0	0	0	0	0	0	0	0	0	0	0	0	0	0	0	0	0	0	0	0	0	0	0	0	0	0	0	0	0	0	0	192	0	0	0	0	0	0	0	0	
0	0	0	0	0	0	0	0	0	0	0	0	0	0	0	0	0	0	0	0	0	0	0	0	0	0	0	0	0	0	0	0	0	0	192	0	0	0	0	0	0	0	0	0	0	0	0	0	0	0	0	0	0	0	0	0	0	96	0	0	0	0	0	0	0	0	0	0	0	0	0	0	0	0	0	0	0	0	0	0	0	0	0	0	192	0	0	0	0	0	0	0	0	0	0	0	0	0	0	0	
0	0	0	0	0	0	0	48	0	0	0	0	0	0	0	0	0	0	0	0	0	0	0	0	0	0	0	0	0	0	0	0	0	0	0	0	0	0	0	0	0	0	0	0	0	0	0	0	0	0	0	0	0	0	0	0	0	0	0	0	0	0	0	0	0	0	0	0	0	0	0	0	0	0	0	0	0	0	0	0	0	0	0	0	0	0	0	0	0	0	0	0	0	0	0	0	0	0	48	0	
0	0	0	0	0	192	0	0	0	0	0	0	0	0	0	0	0	0	0	0	0	0	0	0	0	0	0	0	0	0	0	0	0	0	0	0	0	0	0	0	0	0	0	0	0	0	0	0	0	0	0	48	0	0	0	0	0	0	0	0	0	0	0	0	0	0	0	0	0	0	0	0	0	0	0	0	0	0	0	0	0	0	0	0	0	0	0	0	96	0	0	0	0	0	192	0	192	0	0	0	
0	0	0	0	192	0	0	0	0	0	0	0	0	0	0	0	0	0	0	0	0	0	0	0	0	0	0	0	0	0	0	0	0	0	0	0	0	0	0	0	0	0	0	0	0	0	0	0	0	0	0	0	0	0	0	0	0	0	0	0	0	0	0	0	96	0	0	0	0	0	0	0	0	0	0	0	0	0	0	0	0	0	0	0	0	0	0	0	0	0	0	0	0	0	0	0	0	0	0	0	
0	0	0	0	0	0	0	96	0	0	0	0	0	0	0	0	0	0	0	0	0	0	0	0	0	0	0	0	0	0	0	0	0	0	0	0	0	0	0	0	0	0	0	0	0	0	0	0	0	0	0	0	0	0	0	0	0	0	0	0	0	0	0	0	0	0	0	0	0	0	0	0	0	0	0	0	0	0	0	0	0	0	0	0	0	0	0	0	0	0	0	0	0	0	0	0	0	0	48	0	
0	500	0	0	0	0	0	0	0	0	0	0	0	0	0	0	0	0	0	0	0	0	0	0	0	48	0	0	0	0	0	0	0	0	0	0	0	0	0	0	0	0	0	0	0	0	0	0	0	0	0	0	0	0	0	0	0	0	0	0	0	0	0	0	0	0	0	0	0	0	0	0	0	0	0	0	0	0	0	0	0	0	0	0	0	0	0	0	0	0	0	0	0	0	0	0	0	0	0	0	
0	0	0	0	0	0	0	0	0	0	0	0	0	0	0	0	0	0	0	0	0	500	0	0	0	0	0	0	0	0	0	0	0	0	0	0	0	0	0	0	0	0	0	0	0	0	0	0	0	0	0	0	0	0	0	0	0	0	0	0	0	0	0	0	0	0	0	0	0	0	0	0	0	0	0	0	48	0	0	0	0	0	0	96	0	0	0	0	0	0	0	0	96	0	0	0	0	0	0	0	
0	0	0	0	0	0	0	0	0	0	0	0	0	0	0	0	0	0	0	0	0	0	0	0	0	0	0	0	0	0	0	0	0	0	0	0	0	0	0	0	0	0	0	0	0	0	0	0	0	0	0	0	0	48	0	0	0	0	0	0	0	0	0	0	0	0	0	0	0	0	0	0	0	0	0	500	0	0	0	0	0	0	0	0	0	0	0	0	0	0	0	0	0	0	0	0	0	0	0	0	
0	0	0	0	0	0	0	0	0	0	0	0	0	0	0	0	0	0	0	0	0	0	0	0	0	0	192	0	0	0	0	0	0	0	0	0	0	0	0	0	0	0	0	0	0	0	0	0	0	0	0	0	0	0	0	0	0	500	0	0	0	0	0	0	0	0	0	0	0	0	0	0	0	0	0	0	0	0	0	0	0	0	0	0	0	0	0	0	0	0	0	0	0	0	0	0	0	0	0	0	
0	0	0	0	0	0	0	0	0	0	0	0	0	0	0	0	0	0	0	0	0	0	0	0	0	0	0	0	0	0	0	0	0	0	0	0	0	0	0	0	0	0	0	0	0	0	0	0	96	0	0	0	0	0	0	0	0	0	0	96	0	0	0	0	0	0	0	96	0	0	0	0	0	0	0	0	0	0	0	0	0	0	0	0	0	0	0	0	0	0	0	0	0	0	0	0	0	0	0	0	
0	0	0	0	0	0	0	0	0	0	0	0	0	0	0	96	0	0	0	0	0	0	0	48	0	0	0	0	0	0	0	0	0	0	0	0	0	0	0	0	0	0	0	0	0	0	0	0	0	0	0	0	0	0	0	0	0	0	0	0	0	0	0	0	0	0	0	0	0	0	0	0	0	0	0	0	0	0	0	0	0	0	0	0	0	0	0	0	0	0	0	0	0	0	0	0	0	0	0	0	
0	0	0	0	0	0	0	0	96	0	0	0	0	0	0	0	0	0	0	0	0	0	0	0	0	0	0	0	0	0	0	0	0	0	0	0	0	0	0	0	0	0	0	0	0	0	0	0	0	0	0	0	0	0	0	500	0	0	0	0	0	0	0	0	0	0	0	0	0	0	0	0	0	0	0	0	0	0	0	0	0	0	0	0	0	0	0	0	0	0	0	0	0	0	0	0	0	0	0	0	
0	0	0	0	0	0	0	0	0	0	0	0	0	0	0	0	0	0	0	0	0	0	192	0	0	0	0	0	0	0	0	0	0	0	0	0	0	0	0	0	0	0	0	0	0	0	0	0	0	0	0	0	0	0	0	0	0	0	0	0	0	0	0	0	0	192	0	0	0	0	0	0	0	0	0	0	0	0	0	0	0	0	0	0	0	0	0	0	0	0	0	0	0	0	0	0	0	0	0	0	
0	0	0	0	0	0	0	0	0	0	0	0	0	0	0	0	0	0	192	0	0	0	0	0	0	0	0	0	0	0	0	0	0	0	0	0	0	0	0	0	0	0	0	0	0	0	0	0	48	0	0	0	0	0	0	0	0	0	0	0	0	0	0	0	0	0	0	192	0	0	0	0	0	0	0	0	0	0	0	0	0	96	0	0	0	48	0	0	0	0	0	0	0	0	0	0	0	0	0	0	
0	0	0	0	0	0	0	0	0	0	0	0	0	192	0	0	0	0	0	0	0	0	0	0	0	0	0	0	0	0	0	0	0	0	0	0	0	0	0	0	0	0	0	0	0	48	0	0	0	0	0	0	0	0	0	0	0	0	0	0	0	0	0	0	0	48	0	0	0	0	0	0	0	0	0	0	0	0	0	0	0	0	0	0	0	0	0	0	0	0	0	0	0	0	0	0	0	0	0	0	
0	0	0	0	0	0	0	0	0	0	0	0	0	0	0	0	0	0	0	0	0	0	0	0	0	0	0	0	0	0	0	0	0	0	0	0	0	0	0	0	0	0	192	0	0	0	0	0	0	0	0	0	0	0	0	0	0	0	0	0	500	0	0	0	0	0	0	0	0	0	0	0	0	0	0	0	0	0	0	0	0	0	0	0	0	0	192	0	0	0	0	0	0	0	0	0	0	0	0	0	
0	0	0	0	0	0	0	0	0	0	0	0	0	0	0	0	0	0	0	0	0	0	0	0	0	0	0	0	0	0	0	0	0	0	0	0	0	0	0	0	0	192	0	0	48	0	0	0	0	0	0	0	0	0	0	0	0	0	0	0	48	0	0	0	0	0	0	0	0	0	0	0	0	0	500	0	0	0	0	0	0	0	0	0	0	0	500	0	0	0	0	0	0	0	0	0	0	0	0	0	
0	0	0	0	0	0	0	0	0	0	0	0	0	0	0	0	0	0	0	0	0	0	0	0	0	0	0	0	0	0	0	0	0	0	0	0	0	0	0	0	0	0	0	0	0	0	0	0	0	0	0	0	0	0	0	0	0	0	0	0	0	0	0	500	96	0	0	0	0	0	0	0	0	0	0	0	0	0	0	0	0	0	0	0	0	0	0	0	0	0	0	0	0	0	0	0	0	0	0	0	
0	0	0	0	0	0	0	0	0	0	0	0	0	0	0	0	0	0	0	0	0	0	0	0	0	0	0	0	0	0	0	0	0	0	0	0	0	0	0	0	0	0	48	0	0	0	0	0	0	0	0	0	0	0	0	0	0	0	0	0	0	0	0	0	0	0	0	0	0	0	0	0	0	0	0	0	0	0	0	0	0	0	0	0	0	0	96	0	0	0	0	0	0	0	0	0	0	0	0	0	
0	0	0	0	0	0	0	0	0	0	0	0	0	48	0	0	0	0	0	0	0	0	0	0	0	0	0	0	0	0	0	0	0	0	0	0	0	0	0	0	48	0	0	0	0	0	0	0	0	0	0	0	0	0	0	0	0	0	0	0	0	0	0	0	0	192	0	0	0	0	0	0	0	0	0	0	0	0	0	48	0	0	0	0	0	0	0	0	0	0	0	0	0	0	0	0	0	0	0	0	
0	0	0	0	0	0	0	0	0	0	0	0	0	0	500	0	48	0	0	0	0	0	0	0	0	0	0	0	0	0	0	0	0	0	0	0	0	0	0	0	0	0	0	0	0	0	0	0	0	0	0	0	0	0	0	0	0	0	0	0	0	0	0	0	0	0	0	0	0	0	0	0	0	0	0	0	0	0	0	0	0	0	0	0	0	0	0	0	0	0	0	0	0	0	0	0	0	0	0	0	
0	0	0	0	0	0	0	0	0	0	0	0	0	0	0	0	0	0	0	0	0	0	0	0	0	0	0	0	0	0	0	0	0	0	0	0	0	0	0	0	0	0	0	0	0	0	0	0	0	0	0	0	0	0	0	0	48	0	0	0	0	0	0	0	0	0	0	0	0	0	0	0	0	0	0	0	0	0	0	0	0	0	0	0	0	0	0	0	0	0	192	0	0	500	0	96	0	0	0	0	
0	0	0	0	0	0	0	0	0	0	0	0	0	0	0	0	0	0	0	0	0	0	0	0	0	0	0	0	0	0	0	0	0	0	0	96	0	0	0	48	0	0	0	0	0	0	0	0	0	0	0	0	0	0	0	0	0	0	0	96	0	0	0	0	0	0	0	0	0	0	0	0	0	0	0	0	0	0	0	0	0	0	0	0	0	0	0	0	0	0	0	0	0	0	0	0	0	0	0	0	
0	0	0	0	0	0	0	0	0	0	0	96	0	0	0	0	0	0	0	0	0	0	0	0	48	0	0	0	0	0	0	0	0	0	0	0	0	0	0	0	0	0	0	0	0	0	0	0	0	0	0	0	0	0	0	0	0	0	0	0	0	0	0	0	0	0	0	0	0	0	0	0	0	0	0	0	0	0	0	0	0	0	0	0	0	0	0	0	0	0	0	0	0	0	0	0	0	0	0	0	
0	0	0	0	0	0	0	0	0	0	0	0	0	0	0	0	0	0	0	500	0	0	0	0	0	0	0	0	0	0	0	0	0	0	0	0	0	0	0	0	0	0	0	0	0	0	0	0	0	0	0	0	0	0	0	0	0	0	0	0	0	0	0	0	0	0	0	0	0	0	500	0	0	0	0	0	0	0	192	0	0	0	0	0	0	0	0	0	0	0	0	0	0	0	0	0	0	0	0	0	
0	0	0	0	0	0	0	0	0	0	0	0	0	0	0	0	0	0	0	0	0	0	0	0	0	0	0	0	48	0	0	0	0	0	0	0	0	0	0	0	0	0	0	0	0	0	0	0	0	0	0	0	0	0	0	0	0	0	0	0	0	0	0	0	0	0	0	0	0	0	0	0	0	0	0	0	0	0	0	0	0	0	0	0	0	0	0	0	0	0	0	0	0	0	0	0	500	0	0	0	
0	0	0	0	0	0	0	0	0	0	0	0	0	0	96	0	0	0	0	0	0	0	0	0	0	0	0	0	0	0	0	0	0	0	0	0	0	0	0	0	0	0	0	0	0	0	0	0	0	0	0	0	0	0	0	0	0	0	0	0	0	0	0	500	0	0	0	0	0	0	0	0	0	0	0	0	0	0	0	0	0	0	0	0	0	0	0	0	0	0	0	0	0	0	0	0	0	0	0	0	
0	0	0	0	0	0	96	0	0	0	0	0	0	0	0	0	0	0	0	0	0	0	0	0	0	0	0	0	0	0	0	0	0	48	0	0	0	0	0	0	0	0	0	0	0	0	0	0	0	0	0	0	0	0	0	0	0	0	0	0	0	0	0	0	0	0	0	0	0	0	0	0	0	0	0	0	0	0	0	0	0	0	0	0	0	0	0	0	0	0	0	0	0	0	0	0	0	0	0	0	
0	0	0	0	0	0	0	0	0	0	0	0	0	0	0	0	0	0	0	0	0	0	0	0	0	0	0	0	0	0	0	0	0	0	0	0	0	0	0	0	0	0	0	0	0	0	0	0	0	0	0	0	0	0	0	0	0	0	192	0	0	0	48	0	0	0	0	0	500	0	0	0	0	0	0	0	0	0	96	0	0	0	0	0	0	0	0	0	0	0	0	0	0	0	0	0	0	0	0	96	
0	0	0	0	0	0	0	0	500	0	0	0	0	0	0	0	0	0	0	0	48	0	0	0	0	0	0	0	0	0	0	0	0	0	0	0	0	500	0	0	0	0	0	0	0	0	0	0	0	0	0	0	0	0	0	0	0	0	0	0	0	0	0	0	0	0	0	0	0	0	0	0	0	0	0	0	0	0	0	0	0	0	0	0	0	0	0	0	0	0	0	0	0	0	0	0	0	0	0	0	
0	0	0	0	0	0	0	0	0	0	0	0	0	0	0	0	0	0	0	0	48	0	0	0	0	0	0	0	0	0	0	0	0	0	0	0	0	0	0	0	0	0	0	0	0	0	0	48	0	0	0	0	0	0	0	0	0	0	0	0	0	0	0	0	0	0	0	0	0	0	0	0	0	0	0	0	0	0	0	0	0	0	0	0	0	0	0	0	0	0	0	0	0	0	0	0	0	0	0	0	
0	0	0	0	0	0	0	0	0	0	0	0	0	0	0	0	0	0	0	0	0	0	0	0	0	0	96	0	0	0	0	0	0	0	500	0	0	0	0	0	0	0	0	0	0	0	0	0	0	0	0	0	0	0	0	0	0	0	0	0	0	96	0	0	0	0	0	0	0	0	0	0	0	0	0	0	0	0	0	0	500	0	0	0	500	0	0	0	0	0	0	0	0	0	0	0	0	0	0	0	
0	0	0	0	0	0	0	0	0	0	0	0	0	0	0	0	0	0	0	0	0	0	0	0	0	0	0	0	0	0	0	0	0	0	0	0	0	0	0	0	0	0	0	0	0	0	0	0	0	0	0	0	0	0	192	0	0	0	0	0	0	0	500	0	0	0	0	0	96	0	0	0	0	0	0	0	0	0	0	0	0	0	0	0	0	0	48	0	0	0	0	0	0	0	0	0	0	0	0	500	
0	0	0	0	0	0	0	0	0	0	0	0	0	0	0	0	0	0	0	0	0	0	0	0	0	0	0	0	0	0	0	0	0	0	0	96	0	0	0	0	0	0	0	0	0	0	0	0	96	0	0	0	0	0	0	0	0	0	0	0	0	0	0	0	0	0	0	96	0	0	0	0	0	0	0	0	0	0	0	0	0	0	0	0	0	0	0	0	0	0	0	0	0	0	0	0	0	0	0	0	
0	0	0	0	0	0	0	0	0	0	0	0	0	0	0	0	0	0	0	0	0	0	0	0	0	0	0	0	0	0	0	0	0	0	0	0	0	0	0	0	0	500	48	0	0	0	0	0	0	0	0	0	0	0	0	0	0	0	0	0	0	0	0	0	0	0	0	0	0	0	0	0	0	0	0	0	0	0	0	0	0	0	0	0	0	0	0	0	0	0	0	0	0	0	0	0	0	0	0	0	
0	0	0	0	0	0	0	0	0	0	0	0	0	0	0	0	0	0	0	0	192	0	0	0	0	0	0	0	0	0	0	0	0	0	0	0	0	0	0	0	0	0	0	0	0	0	0	0	0	0	0	0	0	0	0	0	0	96	0	0	0	0	0	0	0	0	0	0	0	0	0	0	0	0	0	0	0	0	0	0	96	0	0	0	0	0	0	0	0	0	0	0	0	0	0	0	0	0	0	0	
0	0	0	0	0	0	0	0	0	0	0	0	0	0	0	0	0	0	0	0	0	0	0	0	0	0	0	0	0	0	0	0	0	0	0	0	0	0	0	0	0	0	0	0	0	0	0	0	0	0	0	0	0	0	48	0	0	0	500	0	0	0	0	0	0	0	0	96	0	0	0	0	0	0	0	0	0	0	0	0	0	0	0	0	0	0	0	0	0	0	0	0	0	0	0	0	0	0	0	0	
0	0	0	0	0	0	0	0	0	0	0	0	0	0	0	0	0	0	0	0	0	0	0	0	0	0	0	0	0	0	0	0	0	0	0	0	0	0	0	0	0	0	0	500	0	0	0	0	0	0	0	0	500	0	0	0	0	0	0	0	0	0	0	0	0	0	0	0	0	0	0	0	0	0	0	0	0	0	0	96	0	0	0	0	0	0	0	0	0	0	0	0	0	0	0	0	0	0	0	0	
0	0	0	0	96	0	0	0	0	0	0	0	0	0	0	0	0	0	0	0	0	0	0	0	0	0	0	0	0	96	0	0	0	0	0	0	0	0	0	0	0	0	0	96	0	0	0	0	0	0	0	0	0	0	0	0	0	0	0	0	0	0	0	0	0	0	0	0	0	0	0	0	0	0	0	0	0	0	0	0	0	0	0	0	0	0	0	0	0	0	0	0	0	0	0	0	0	0	0	0	
0	0	0	0	0	0	0	0	0	0	0	0	0	0	0	0	0	0	0	0	0	0	0	0	0	0	0	0	0	0	0	0	0	0	0	0	0	0	192	0	48	0	0	0	0	192	0	0	0	0	0	0	0	0	0	0	0	0	0	0	0	0	0	0	0	0	0	192	0	0	0	0	0	0	0	0	0	0	0	500	0	0	0	0	0	0	0	0	0	0	0	0	0	0	0	0	0	0	0	0	
0	0	0	0	0	0	0	0	0	0	0	0	0	0	96	0	0	0	0	0	0	0	0	96	0	0	0	0	0	0	0	0	0	0	0	0	0	0	0	0	0	0	0	0	0	0	0	0	0	0	0	0	0	0	0	0	0	0	0	0	0	0	0	0	0	0	0	0	0	0	0	0	0	0	0	0	0	0	0	0	0	0	0	0	0	0	0	0	0	0	0	0	0	0	0	0	0	0	0	0	
0	0	0	0	0	0	0	0	0	0	0	0	0	0	0	0	0	0	0	0	0	0	0	0	0	0	0	0	0	0	0	0	0	0	0	96	0	0	0	192	0	0	0	0	0	0	0	0	0	0	0	0	0	0	0	0	0	0	0	96	0	0	96	0	0	192	0	0	0	0	0	0	0	0	0	0	0	0	0	0	0	0	0	0	0	0	0	0	0	0	0	0	0	0	0	0	0	0	0	0	
0	0	0	0	0	0	0	0	0	0	0	0	0	0	0	0	0	0	0	0	0	0	0	0	0	0	0	0	0	0	0	0	0	0	0	0	0	0	0	0	0	0	0	0	0	0	0	0	0	0	0	0	0	0	500	0	0	0	96	0	0	0	0	0	0	0	0	0	0	0	0	0	0	0	0	0	0	0	0	0	0	0	0	0	0	0	0	0	0	0	0	0	0	0	0	0	0	0	0	0	
0	0	0	0	0	0	500	0	0	0	0	0	0	0	0	0	0	0	0	0	0	0	192	0	0	0	0	0	0	0	0	0	0	0	0	0	0	0	0	0	0	0	0	0	0	0	0	0	0	0	0	0	0	0	0	0	0	0	0	0	0	0	0	0	0	0	0	0	0	0	0	0	0	0	0	0	0	0	0	0	0	0	0	0	0	0	0	500	0	0	0	0	0	0	0	0	0	0	0	0	
0	0	0	0	0	0	0	0	0	0	0	0	0	0	0	0	0	0	0	500	0	0	0	0	0	0	0	0	0	0	0	0	0	0	0	0	0	0	0	0	0	0	0	0	0	0	0	0	0	0	500	0	0	0	0	0	0	0	0	0	0	0	0	0	0	0	0	0	0	0	0	0	0	0	0	0	0	0	0	0	0	0	0	0	0	0	0	0	0	0	0	0	0	0	0	0	0	0	0	0	
0	0	0	0	500	0	0	0	0	0	0	0	96	0	0	0	0	0	0	0	0	0	0	0	0	0	0	0	0	0	0	0	0	0	0	0	0	0	0	0	0	0	0	0	0	0	0	0	0	0	0	0	0	0	0	0	0	0	0	0	0	0	0	0	0	0	0	0	0	0	0	0	0	0	0	0	0	0	0	0	0	0	0	0	0	0	0	0	0	0	0	0	0	0	0	0	0	0	0	0	
0	0	0	0	0	0	0	0	0	0	0	0	0	0	0	0	0	0	0	0	0	0	0	0	0	0	0	0	0	0	0	0	0	0	0	0	0	0	0	0	0	0	0	0	0	0	0	0	0	0	0	0	0	0	0	0	0	0	0	0	0	0	0	0	0	0	0	0	0	0	0	0	0	0	0	0	0	0	0	0	0	48	0	500	0	0	0	0	0	96	0	0	192	0	0	0	0	0	0	0	
0	0	0	0	0	0	0	0	0	0	0	500	0	0	0	0	0	0	96	0	0	0	0	0	0	0	0	0	0	0	0	0	0	0	0	0	0	0	0	0	0	0	0	0	0	0	0	0	0	0	0	0	0	0	0	0	0	0	0	0	0	0	0	0	0	0	0	0	0	0	0	0	0	0	0	0	0	0	0	0	0	0	0	0	0	0	0	0	0	0	0	0	0	0	0	0	0	0	0	0	
0	0	0	0	0	0	0	0	0	0	0	0	0	0	0	0	0	0	0	0	0	0	0	0	0	0	0	0	0	0	0	0	0	0	0	0	0	0	0	0	0	0	500	0	0	0	0	0	0	0	0	0	0	0	0	0	0	0	0	0	0	0	0	0	0	0	0	0	0	0	0	0	0	0	0	0	0	0	0	0	192	0	0	0	0	0	48	500	0	0	0	0	0	0	0	0	0	0	0	0	
0	0	0	48	0	0	0	0	0	0	0	0	0	0	0	0	0	0	0	0	0	0	0	0	0	0	0	0	0	0	0	0	0	500	0	0	0	0	0	0	0	0	0	0	0	0	0	0	0	0	0	0	0	0	0	0	0	0	0	0	0	0	0	0	0	0	0	0	0	0	0	0	0	0	0	0	0	0	0	0	0	0	0	0	0	0	0	0	0	0	0	0	0	0	0	0	0	0	0	0	
0	0	48	0	0	0	0	0	0	0	0	0	0	0	0	0	0	0	0	0	0	0	0	0	0	0	0	0	0	0	0	0	48	0	0	0	0	0	0	0	0	0	0	0	0	0	0	0	0	0	0	0	0	0	0	0	0	0	0	0	0	0	0	0	0	0	0	0	0	0	0	0	0	0	0	0	0	0	0	0	0	0	0	0	0	0	0	0	0	0	0	0	0	0	0	0	0	0	0	0	
0	0	0	0	0	0	0	0	0	0	0	0	192	0	0	0	0	0	0	0	0	0	0	0	0	0	0	0	0	0	0	0	0	0	0	0	0	0	0	0	0	0	0	0	0	0	0	0	0	0	0	0	0	0	0	0	0	0	0	0	0	0	0	0	0	0	0	0	0	0	0	0	0	0	0	0	0	0	0	0	0	500	0	0	96	0	0	0	0	0	0	0	0	0	0	0	0	0	0	0	
0	0	0	0	0	0	0	0	0	0	0	0	0	0	0	0	0	0	0	192	0	0	0	0	0	0	0	0	0	0	0	0	0	0	0	0	0	0	0	0	0	0	0	0	0	0	0	0	0	0	192	0	0	0	96	0	0	0	0	0	0	0	0	0	0	0	0	0	0	0	0	0	0	0	0	0	0	0	0	0	0	0	0	0	0	0	0	0	0	0	0	0	0	0	0	0	0	0	0	0	
0	0	0	0	0	0	0	0	0	0	0	0	0	0	0	0	0	0	0	0	0	0	0	0	0	0	0	0	0	0	0	0	0	0	0	0	0	0	0	0	0	0	0	0	0	48	0	0	0	0	0	0	0	0	0	0	0	0	0	0	0	0	0	96	0	500	0	0	0	0	0	0	0	0	0	0	0	0	0	0	0	0	0	0	0	0	0	0	0	0	0	0	0	0	0	0	0	0	0	0	
0	0	0	48	0	0	0	0	0	0	0	0	0	0	0	0	0	0	0	0	48	0	0	0	0	0	0	0	0	0	0	0	0	0	0	0	0	0	0	0	0	0	0	0	0	0	0	0	0	0	0	0	0	0	0	0	0	500	0	0	0	96	0	0	0	0	0	0	0	0	0	0	0	0	192	0	0	0	0	0	0	0	0	0	0	0	0	0	0	0	0	0	0	0	0	0	0	0	0	0	
0	0	0	0	0	0	0	0	0	0	0	0	0	0	0	0	0	0	0	0	0	0	0	0	0	0	0	0	0	0	0	0	0	0	0	0	0	0	0	96	0	0	0	0	0	0	0	0	0	0	0	0	0	0	0	0	0	0	0	0	0	0	0	0	0	0	0	0	0	0	0	0	48	0	0	0	0	500	0	0	0	0	0	96	0	0	0	0	0	0	0	0	0	96	0	0	0	0	0	0	
0	0	0	0	0	0	0	0	0	192	500	0	0	0	0	0	0	0	0	0	0	0	0	0	0	0	0	0	0	0	0	0	0	0	0	0	0	0	0	0	0	0	0	0	0	0	0	0	0	0	0	0	0	0	0	0	0	0	0	0	0	0	0	0	0	0	0	0	0	0	0	0	0	0	0	0	0	0	0	0	0	0	0	0	0	0	0	0	0	0	0	0	0	0	0	0	0	0	0	0	
0	0	0	0	0	0	0	0	0	0	0	0	0	0	0	0	0	0	0	0	0	0	0	0	0	0	0	0	0	0	0	0	96	0	0	0	0	0	0	0	0	0	0	0	0	0	0	0	0	0	0	0	0	0	0	0	0	0	0	0	0	0	0	0	0	0	0	0	0	0	0	0	500	0	0	0	0	0	0	0	0	96	0	0	0	0	0	0	0	96	500	0	0	0	0	0	0	0	0	0	
0	0	0	0	0	0	0	0	0	0	0	0	0	0	0	0	0	0	0	0	0	0	0	0	0	0	192	0	0	0	0	0	0	0	0	0	0	0	0	0	0	0	0	0	0	0	0	0	0	0	0	0	0	0	0	0	0	500	0	0	0	0	0	0	0	0	0	0	0	0	0	0	0	0	0	0	0	96	0	0	0	0	0	0	0	0	0	0	0	0	0	0	0	0	0	0	0	0	0	0	
192	0	0	0	0	0	0	0	0	0	0	0	0	0	0	0	0	0	500	0	0	0	0	0	0	0	0	0	0	0	0	0	0	0	0	0	0	0	0	48	0	0	0	0	0	0	0	0	0	0	0	0	0	0	0	0	0	0	0	0	0	0	0	0	0	0	0	0	0	0	0	0	0	0	0	0	0	0	0	0	0	0	0	0	0	0	0	0	0	0	0	0	0	0	0	0	0	0	0	0	
0	0	0	0	0	0	0	0	0	0	0	0	0	0	0	0	0	0	0	0	0	0	0	0	0	0	0	0	0	0	0	0	0	0	0	0	0	0	0	0	0	192	500	0	96	0	0	0	0	0	0	0	0	0	0	0	0	0	48	0	0	0	0	0	0	0	0	0	0	0	0	0	0	0	48	0	0	0	0	0	0	0	0	0	0	0	0	0	0	0	0	0	0	0	0	0	0	0	0	0	
0	0	0	0	0	0	96	0	0	0	0	0	0	0	0	0	0	0	0	0	0	0	0	0	0	0	0	0	0	0	0	0	0	0	0	0	0	0	0	0	0	0	0	0	0	0	0	0	0	0	0	0	0	0	0	0	0	0	0	0	0	0	0	0	0	0	0	0	0	500	0	0	0	0	500	0	0	0	0	0	0	0	0	0	0	0	0	0	0	0	0	0	0	0	0	0	0	0	0	0	
0	0	0	0	0	0	0	0	0	0	0	0	0	0	0	0	0	96	0	0	0	0	0	0	0	0	0	0	96	0	0	0	0	0	0	0	0	0	0	0	0	0	0	0	0	0	0	0	0	0	0	0	0	0	0	0	0	0	0	0	0	0	0	0	0	0	0	0	0	0	0	0	0	0	0	0	0	0	0	0	0	0	0	0	0	0	0	0	0	0	0	0	0	0	0	0	0	0	0	0	
0	0	0	0	0	0	0	0	0	0	0	0	0	0	0	0	0	0	0	96	0	0	0	0	0	0	0	0	0	0	0	0	0	0	0	0	0	0	0	0	0	0	0	0	0	0	0	0	0	0	0	0	0	0	0	0	0	0	0	0	0	0	0	0	0	0	0	0	0	0	0	0	96	0	0	0	0	0	0	0	0	0	0	96	0	0	0	0	0	0	0	0	0	0	0	0	0	0	0	0	
0	0	0	0	0	0	0	0	0	0	0	0	0	0	0	0	0	0	0	0	0	0	0	0	0	0	0	0	0	0	0	0	0	0	0	0	0	0	0	0	0	0	0	0	0	0	0	192	0	0	0	0	0	0	0	0	0	0	0	0	0	0	0	0	0	0	0	0	0	0	0	0	0	0	0	0	0	0	0	0	0	0	0	500	0	0	0	0	0	0	0	0	0	48	0	192	0	0	96	0	
0	500	0	0	0	0	0	0	0	0	0	0	0	0	0	0	0	0	0	0	0	0	0	0	0	192	0	0	0	0	0	0	0	0	0	0	0	0	0	0	0	0	0	0	0	0	0	0	0	0	0	0	0	0	0	0	0	0	0	0	0	0	0	0	0	0	0	0	0	0	0	0	0	0	0	0	0	0	0	0	0	0	0	0	0	0	0	0	0	0	0	0	0	0	0	0	0	0	0	0	
0	500	0	0	0	0	0	0	0	0	0	0	0	0	0	0	0	0	0	0	0	0	0	0	0	0	0	0	0	0	0	0	96	0	0	0	0	0	0	0	0	0	0	0	0	0	0	0	0	0	0	0	0	0	0	0	0	0	0	0	0	0	0	0	0	0	0	0	0	0	0	0	192	0	0	0	0	0	0	0	0	0	0	0	0	0	0	0	0	0	0	0	0	0	0	0	0	0	0	0	
0	0	0	0	0	0	0	0	0	0	0	0	0	0	0	0	0	0	0	0	0	0	0	0	0	0	0	0	0	0	0	0	0	0	0	0	0	0	0	0	0	0	0	0	0	0	0	500	0	0	0	0	0	0	0	0	0	0	0	0	0	0	0	0	0	0	0	0	0	0	0	0	0	0	0	0	0	0	0	0	0	96	0	0	0	0	0	0	0	0	48	0	0	0	0	0	0	0	0	0	
0	0	0	0	0	0	0	0	0	0	0	0	0	0	0	0	0	48	0	0	0	0	0	0	0	0	0	0	192	0	0	0	0	0	0	0	0	0	0	0	0	0	0	0	0	0	0	0	0	0	0	0	0	0	0	0	0	0	0	0	0	0	0	0	0	0	0	0	0	0	0	0	0	0	0	0	0	0	0	0	0	0	0	0	0	0	0	0	0	0	0	0	0	0	0	0	0	0	0	0	
0	0	0	0	0	0	0	0	0	0	0	0	0	0	0	0	0	0	0	0	0	0	0	0	0	0	0	0	0	0	0	0	0	0	0	0	0	0	0	0	0	0	0	0	0	0	0	96	0	0	0	0	0	0	0	0	0	0	0	0	0	0	0	0	0	0	0	0	0	0	0	0	0	0	0	0	0	0	0	0	0	0	0	0	0	0	0	0	0	0	192	0	0	0	0	0	0	0	96	0	
0	0	0	0	0	500	0	0	0	0	0	0	0	0	0	0	0	0	0	0	0	0	0	0	0	0	0	0	192	0	0	0	0	0	0	0	0	0	0	0	0	0	0	0	0	0	0	0	0	0	0	500	0	0	0	0	0	0	0	0	0	0	0	0	0	0	0	0	0	0	0	0	0	0	0	0	0	0	0	0	0	0	0	0	0	0	0	0	0	0	0	0	0	0	0	0	0	0	0	0	
0	0	0	0	0	0	0	0	0	0	0	0	0	0	0	0	0	0	48	0	0	0	0	0	500	0	0	0	0	0	0	0	0	0	0	0	0	0	0	0	0	0	0	0	0	0	0	0	0	0	0	0	0	0	0	0	0	0	0	0	0	0	0	0	0	0	0	0	0	0	0	0	0	0	0	0	0	0	0	0	0	0	0	0	0	0	0	0	0	0	0	0	0	0	0	0	0	0	0	0	
0	0	0	0	0	0	0	96	0	0	0	0	0	0	0	0	0	0	0	0	0	0	0	0	0	0	0	48	0	0	48	0	0	0	0	0	0	0	0	0	0	0	0	0	0	0	0	0	0	0	0	0	0	0	0	0	0	0	0	0	0	0	0	0	0	0	0	0	0	0	0	0	0	0	0	0	0	0	0	0	0	0	0	0	0	0	0	0	0	0	96	0	0	0	0	96	0	0	0	0	
0	0	0	0	0	0	0	0	0	0	0	0	0	0	0	0	0	0	0	0	0	0	0	0	0	0	0	0	0	0	0	0	0	0	0	0	0	0	0	0	0	0	0	0	0	0	0	0	0	0	0	0	0	0	96	0	0	0	500	0	0	0	0	0	0	0	0	0	0	0	0	0	0	0	0	0	0	0	0	0	0	0	0	0	0	0	0	0	0	0	0	0	0	0	0	0	0	0	0	0	
49	17	92	71	37	29	2	40	29	94	90	43	0	95	40	86	65	99	14	30	15	30	57	63	73	13	81	88	58	94	75	28	17	45	85	41	49	47	64	35	41	69	40	77	93	81	10	6	41	31	72	16	40	88	83	28	62	34	27	10	91	24	1	84	62	85	95	11	67	46	66	28	15	90	86	4	98	72	57	75	79	20	55	3	34	91	42	9	28	11	10	26	70	56	65	42	16	63	3	51	53	49	58	58	13	80	42	28	81	56	65	65	42	58	75	31	29	60	46	79	35	33	42	42	57	40	77	8	44	34	23	36	41	78	86	29	69	91	86	20	5	89	77	16	58	33	48	72	89	81	43	10	11	57	71	31	49	34	54	20	8	53	69	1	57	24	32	48	9	15	4	90	65	59	79	32	95	1	54	99	78	47	49	11	24	37	45	66	78	28	8	84	73	42	55	56	35	75	42	53	67	8	7	73	63	90	82	21	80	18	40	50	28	46	76	16	2	62	12	17	76	44	88	6	4	91	62	72	5	18	97	19	73	89	74	45	26	38	34	19	47	73	20	98	67	66	72	34	77	57	52	25	71	36	40	24	31	90	3	20	64	79	46	50	25	84	23	42	53	23	14	34	91	88	77	15	94	64	85	69	45	8	46	63	96	62	13	12	83	26	60	74	77	45	35	18	85	48	64	4	74	69	40	38	12	84	55	41	75	94	95	30	6	40	8	1	13	76	19	8	60	22	46	72	6	71	78	94	19	69	15	71	88	32	23	3	38	85	70	80	37	81	50	51	88	74	51	81	55	36	6	86	27	68	78	88	85	47	89	88	58	71	55	15	90	68	10	69	32	47	70	72	48	45	30	9	23	64	23	73	18	28	91	17	10	18	98	93	76	96	50	3	97	74	63	8	46	65	51	8	96	26	67	57	68	42	82	41	7	35	72	50	66	9	16	72	78	30	91	58	76	73	7	11	2	69	89	53	19	79	25	24	25	10	76	40	97	97	88	85	40	76	78	53	63	36	66	93	92	58	38	93	50	68	42	51	3	10	79	28	40	97	80	25	83	87	11	27	99	96	63	14	18	9	89	84	74	63	21	50	50	92	49	33	28	36	33	97	66	56	15	36	7	13	63	83	33	49	87	55	70	96	51	36	5	55	85	85	29	48	94	85	17	87	9	85	76	33	98	20	85	59	76	81	83	46	88	2	73	16	84	32	42	85	36	88	65	71	14	94	93	9	67	0	90	66	31	55	88	46	15	60	26	11	77	39	99	52	2	90	2	12	50	30	79	87	30	76	62	79	24	16	94	8	85	37	99	51	93	50	98	33	66	88	87	31	32	46	53	55	21	51	84	25	97	21	77	91	49	5	28	36	28	60	0	95	64	66	9	64	12	73	68	17	29	46	98	45	55	42	76	75	56	25	47	11	9	45	36	19	5	15	91	63	8	28	39	96	52	61	16	95	69	98	95	85	90	37	89	40	60	67	31	36	57	52	90	26	29	7	83	92	46	47	52	82	9	93	76	97	62	28	21	66	42	31	80	95	91	1	58	40	62	25	16	26	71	68	11	27	43	13	52	34	20	3	5	50	47	96	41	23	8	5	50	67	49	10	49	34	50	9	3	65	40	23	94	69	77	49	73	0	94	68	6	33	75	24	83	56	2	7	99	63	3	98	36	85	0	42	4	57	77	35	54	39	76	67	64	53	25	31	8	2	66	44	9	14	23	82	82	54	22	68	14	71	31	13	44	43	44	98	71	90	58	18	10	17	16	28	56	66	94	22	12	89	71	81	25	95	12	50	66	1	87	49	82	37	37	56	36	99	30	52	51	52	3	98	98	89	10	46	1	0	32	94	16	17	89	19	18	69	58	66	67	53	45	55	35	51	35	33	77	71	36	75	73	35	94	10	20	78	69	61	62	7	18	51	86	42	4	62	52	56	73	3	49	99	76	95	38	67	38	14	31	53	43	6	35	58	77	32	2	4	76	77	5	79	2	1	17	52	59	50	91	80	5	33	8	61	28	39	53	75	30	41	63	31	68	19	35	79	70	99	46	91	77	66	93	4	63	48	73	3	72	56	67	62	2	97	76	28	50	93	13	65	24	52	35	95	89	85	35	53	83	51	46	94	55	36	21	38	17	32	86	51	22	50	8	92	76	65	17	57	52	63	46	23	98	53	80	0	87	43	1	3	97	27	68	3	53	58	91	37	75	25	87	52	89	73	14	59	11	10	27	2	19	54	84	74	69	14	27	69	79	67	63	51	29	1	74	73	57	38	98	89	87	99	38	62	89	65	49	19	51	72	38	52	95	75	91	75	17	45	42	92	7	59	18	20	57	44	98	60	77	47	5	50	0	62	6	69	2	62	8	92	80	56	14	32	96	60	32	44	22	48	86	23	56	97	99	97	31	28	34	20	95	61	78	75	25	50	87	29	7	72	57	71	10	0	19	60	2	18	37	7	33	65	59	52	39	16	0	40	29	60	48	41	94	48	48	22	48	3	77	98	54	67	27	10	21	45	17	29	61	54	3	86	96	98	58	33	70	55	55	4	33	78	71	46	17	84	10	46	80	29	75	33	22	20	14	30	29	96	72	60	53	6	94	35	24	57	13	92	62	88	58	44	57	21	66	25	82	73	30	35	69	64	11	88	59	69	50	87	14	59	48	75	26	16	42	44	33	12	89	16	64	54	42	50	15	29	31	65	67	87	71	45	94	48	84	52	13	19	99	5	24	39	9	31	29	54	43	3	72	69	83	92	22	24	4	77	21	74	96	58	54	66	64	0	5	21	22	81	96	78	57	73	71	8	19	49	72	25	62	66	51	34	57	46	86	72	74	49	89	95	59	24	58	81	75	20	81	87	24	99	92	50	56	45	71	7	42	19	72	70	29	90	19	45	12	32	66	37	18	53	33	30	50	19	90	74	99	61	38	54	88	58	44	75	60	78	72	6	10	62	9	95	9	64	24	76	77	72	79	90	98	79	35	54	35	66	68	48	99	15	87	26	45	18	70	57	33	28	86	46	51	35	63	70	98	10	15	33	82	56	38	37	80	50	73	71	8	87	70	43	9	34	78	75	91	99	17	4	71	83	61	31	65	60	50	69	60	18	2	86	24	6	25	52	58	53	97	52	71	5	78	99	92	42	58	9	90	57	97	89	74	0	45	70	16	26	82	65	95	74	2	9	3	45	85	5	33	46	53	39	50	76	39	52	11	63	6	32	5	48	58	14	69	1	18	65	1	90	7	63	32	72	27	8	16	28	35	71	34	52	55	35	79	88	0	78	64	49	4	16	70	28	16	20	58	7	28	89	82	6	41	1	1	62	93	89	57	77	53	53	59	90	85	48	20	96	75	81	82	60	67	69	80	85	15	47	68	74	23	50	92	63	28	52	99	38	49	22	27	82	20	93	38	18	57	49	7	58	78	33	28	48	75	27	67	43	38	67	99	26	83	85	27	18	53	57	26	54	5	49	55	65	53	62	69	59	49	44	67	29	59	41	68	37	75	98	95	90	99	52	47	20	88	0	19	93	58	86	78	32	10	40	39	80	30	31	49	33	79	40	31	97	29	43	65	51	81	54	59	15	13	74	76	74	86	68	32	9	28	13	51	26	44	37	76	21	32	74	43	31	57	41	33	18	35	78	14	42	40	0	93	8	92	74	50	13	25	29	62	59	75	8	46	61	24	42	30	39	8	98	13	75	1	86	67	16	27	86	17	2	68	10	92	90	84	22	33	25	85	20	9	93	15	12	89	94	28	97	66	57	36	38	93	88	89	49	99	10	83	39	69	86	76	53	56	85	69	91	57	34	14	15	33	4	92	66	81	11	37	40	14	33	33	4	77	57	70	69	91	94	53	9	33	16	82	5	13	13	63	53	86	29	92	51	2	81	90	4	18	2	99	77	71	53	12	98	31	40	57	50	77	19	16	36	75	15	97	70	94	66	45	48	48	64	99	68	12	78	89	4	64	89	62	46	2	43	51	30	85	92	64	31	51	77	87	24	58	39	68	20	65	64	97	16	11	96	51	75	59	52	69	0	83	30	39	21	37	89	36	35	4	68	73	86	47	56	80	81	13	76	45	63	89	63	66	61	34	81	28	6	43	91	78	33	8	43	44	40	73	49	77	88	85	58	30	54	59	12	41	10	38	82	7	35	62	55	0	24	87	39	78	2	92	52	97	12	65	22	58	9	42	10	55	27	58	17	17	7	21	32	52	53	96	13	2	44	83	92	11	7	97	63	12	3	6	89	4	71	23	53	29	34	41	95	87	91	21	69	80	16	27	42	28	81	18	25	77	62	18	98	15	19	28	39	48	82	81	27	84	51	42	25	70	21	0	94	83	19	4	33	1	55	11	97	48	66	2	6	46	93	94	29	60	32	12	24	65	9	81	87	81	25	90	63	63	40	84	29	60	17	72	35	26	63	36	17	26	80	79	80	24	45	43	73	89	18	81	6	11	57	70	23	11	31	27	53	21	1	58	22	99	91	22	62	37	12	97	26	44	31	44	35	91	90	97	54	88	81	63	41	66	67	12	60	54	11	22	53	24	6	16	95	78	47	84	37	80	74	28	79	16	23	31	59	94	32	51	93	36	97	22	54	10	41	39	19	90	99	1	17	89	29	91	6	46	24	92	82	5	56	91	66	21	28	3	44	15	79	71	80	13	2	58	31	59	56	47	90	35	72	29	3	94	77	48	42	52	25	72	88	90	96	52	10	74	85	55	10	33	35	88	36	99	37	67	61	93	80	0	94	1	67	6	97	88	85	81	58	74	60	58	74	17	33	73	31	57	68	21	13	63	40	98	85	10	40	45	68	92	90	30	56	37	22	60	57	83	63	91	12	93	0	12	98	0	7	52	53	16	48	64	77	19	66	33	15	26	16	92	40	4	88	33	62	57	79	23	5	95	13	74	90	26	48	99	83	53	21	87	32	33	65	79	22	16	53	88	82	94	5	3	34	9	47	42	1	6	8	92	62	5	45	95	18	83	46	52	16	22	85	76	23	87	91	68	40	34	5	97	42	28	47	44	4	23	7	19	66	68	82	65	85	59	61	16	50	82	33	97	87	25	2	81	16	25	66	58	83	52	62	55	51	43	46	78	7	58	41	61	43	55	74	39	96	70	3	2	8	33	80	36	87	4	12	68	98	65	94	48	42	20	96	94	97	19	42	69	99	62	19	32	53	15	90	10	53	22	73	18	15	53	61	63	68	45	86	0	61	49	47	68	7	17	47	78	4	4	8	49	68	15	82	32	89	28	67	78	74	28	81	26	26	55	78	43	21	90	98	40	25	95	33	49	1	59	87	2	92	10	82	14	2	33	2	89	37	10	46	39	85	34	97	59	99	21	9	9	36	25	19	22	14	50	23	22	76	57	56	0	53	20	37	28	94	96	20	35	54	73	65	58	40	21	27	13	52	96	57	55	68	28	57	40	47	25	23	85	92	61	90	3	7	48	77	23	30	84	70	34	97	65	98	97	29	37	9	21	79	29	25	47	4	12	15	28	18	38	72	1	1	18	97	39	79	41	10	95	99	77	29	50	52	35	15	21	74	63	85	77	66	34	91	15	70	94	67	80	14	67	42	33	95	75	17	40	87	79	8	76	57	59	1	47	76	29	89	62	96	45	57	46	3	92	90	25	85	52	52	62	23	94	41	47	94	46	54	69	24	10	43	62	60	74	59	89	26	60	29	16	20	32	35	61	13	16	61	71	40	36	10	4	69	34	5	74	90	78	80	92	78	14	19	85	33	70	41	40	56	76	69	47	0	72	53	16	15	88	46	86	25	24	76	72	39	98	74	9	35	19	35	72	37	7	13	8	26	63	20	64	55	93	19	88	26	9	89	44	71	53	48	67	27	66	60	60	91	36	88	86	21	16	59	73	25	0	59	29	0	65	36	25	48	55	81	33	20	28	77	9	63	96	6	12	70	40	1	2	12	94	19	0	36	51	56	26	30	43	66	79	75	24	94	87	21	46	64	47	4	7	59	76	53	27	62	83	73	96	35	60	26	54	70	82	36	3	66	61	8	15	38	22	39	88	64	82	31	46	73	30	0	27	73	39	59	95	18	46	30	80	69	32	89	63	19	30	77	20	29	77	15	32	47	22	85	37	23	6	35	67	78	42	66	36	93	31	39	81	16	98	28	6	77	49	89	68	1	75	47	49	81	70	7	74	1	75	31	19	40	23	19	25	20	51	88	15	89	17	48	31	95	36	54	88	98	74	81	83	56	80	2	72	98	72	72	21	4	81	2	14	89	65	8	1	72	86	24	78	35	91	41	95	90	58	66	8	68	73	55	23	56	43	66	36	16	78	66	21	97	68	86	70	7	28	90	41	72	77	28	70	69	54	76	51	79	62	87	12	63	8	34	67	41	95	59	21	43	22	13	53	82	36	39	67	2	76	22	94	94	89	57	75	65	2	39	48	65	42	36	82	18	45	74	97	83	99	5	74	83	99	33	35	68	81	18	21	47	41	58	72	40	86	0	5	93	32	88	67	19	0	7	64	43	46	95	27	54	21	59	77	44	73	83	10	59	99	77	44	12	87	87	23	19	64	79	77	95	42	45	86	15	30	19	40	41	77	88	71	25	24	43	77	62	44	85	62	95	90	5	16	70	10	34	63	4	55	84	1	41	29	32	22	60	97	28	88	20	0	75	76	38	3	48	21	45	71	96	3	16	49	58	21	93	42	85	36	65	92	69	26	5	58	72	56	57	66	89	26	15	81	79	89	32	60	62	23	65	24	36	49	26	10	60	3	90	80	97	26	8	1	92	0	57	91	52	66	48	67	28	32	36	50	56	92	11	90	73	98	94	30	29	12	98	68	32	46	95	22	59	13	7	83	39	72	39	61	30	1	35	30	64	56	54	5	26	31	47	56	5	26	4	21	31	39	70	87	96	94	85	97	93	10	99	66	36	52	21	65	60	10	28	21	52	8	41	9	81	56	80	56	78	54	3	61	30	80	83	31	41	63	96	37	56	31	25	50	1	57	45	65	68	71	30	1	18	6	36	93	40	78	50	57	84	64	27	13	50	82	41	32	91	1	69	6	69	25	23	31	27	99	13	94	4	65	12	39	49	28	45	55	29	12	29	18	11	3	16	43	11	57	52	54	66	20	74	68	22	4	98	42	35	95	67	48	62	41	84	93	0	24	75	57	35	40	21	41	15	51	10	14	37	53	52	93	59	36	52	19	36	16	59	9	47	91	77	60	97	45	49	33	29	72	62	33	14	8	65	21	16	55	81	90	84	86	49	13	88	29	75	59	36	9	8	33	53	32	85	24	28	26	46	85	23	21	81	45	22	30	3	21	6	97	1	66	40	68	15	14	10	79	16	84	8	31	19	10	75	2	61	73	81	97	49	15	5	84	70	91	15	89	6	75	41	24	10	44	61	46	23	56	49	2	13	58	9	62	98	72	35	81	11	4	10	4	29	21	65	43	68	1	80	28	78	78	73	15	12	19	71	70	43	7	93	10	39	13	64	82	82	83	55	50	9	47	5	97	57	32	90	12	15	73	43	65	27	61	62	88	15	23	91	19	16	62	31	51	66	77	23	39	80	72	25	87	93	67	20	22	43	13	72	37	82	37	91	46	25	22	28	54	23	84	75	41	14	19	85	72	67	50	47	14	62	5	67	9	1	28	13	60	21	62	62	68	43	59	80	85	44	92	27	61	8	1	48	48	9	9	12	55	80	28	57	21	2	11	70	96	7	27	39	92	1	77	22	15	69	1	98	97	88	34	15	56	78	40	98	24	41	96	32	79	46	43	7	73	70	22	91	97	49	94	53	64	54	52	3	96	0	29	68	61	33	14	48	21	37	28	49	80	14	44	37	28	1	23	86	86	7	34	16	22	1	62	45	25	83	88	28	89	7	6	80	59	14	27	13	3	57	65	53	66	37	17	16	46	54	36	87	40	86	79	71	20	33	60	69	56	98	82	55	44	64	95	57	37	41	4	36	82	78	15	70	61	12	79	55	81	75	10	28	47	45	90	10	7	87	18	83	35	70	28	71	39	10	94	19	45	49	43	72	5	40	73	20	13	80	62	11	81	5	9	66	91	89	93	55	64	65	69	41	79	70	28	99	24	49	1	90	62	14	43	41	54	79	73	59	70	13	94	8	94	81	65	26	84	59	53	28	1	77	41	33	69	4	76	61	77	89	14	26	35	40	99	99	76	71	10	75	44	51	75	34	0	77	42	26	74	25	70	87	3	25	35	82	83	47	37	48	48	1	95	46	78	99	9	38	18	20	16	60	19	98	1	78	47	98	36	91	41	61	40	86	14	51	77	7	70	34	44	80	15	91	10	44	73	63	72	78	62	98	55	34	38	94	35	62	15	16	79	10	34	5	27	46	50	58	68	2	11	7	91	80	28	98	89	7	34	40	83	75	87	77	90	21	19	11	43	75	84	72	35	5	67	98	96	60	60	53	73	53	52	36	44	38	33	94	30	91	8	65	8	85	9	65	19	41	9	90	56	41	70	36	69	65	85	77	9	14	22	10	86	50	42	63	65	9	12	86	95	16	74	16	10	96	39	66	41	87	20	1	70	48	53	81	75	46	4	16	99	98	17	31	72	47	62	27	56	48	43	12	18	42	82	28	52	0	27	52	84	77	68	17	17	85	13	47	54	37	4	53	94	34	93	26	96	2	90	63	75	13	76	11	93	20	78	41	0	49	20	63	80	36	65	10	61	74	30	7	34	60	65	94	94	12	31	97	88	38	44	81	23	91	57	23	54	76	76	27	85	35	98	39	92	52	27	20	98	4	88	31	15	4	71	44	63	86	45	86	13	74	34	52	65	37	36	19	96	65	59	94	2	46	76	16	86	81	33	19	92	31	31	60	25	94	66	44	30	14	48	63	67	36	77	47	95	9	23	73	50	75	70	78	85	38	0	70	93	47	33	79	75	79	75	98	
17	89	46	16	8	62	0	60	7	55	49	83	26	3	52	28	2	9	3	41	35	29	13	50	48	44	22	10	44	16	8	15	46	20	76	13	13	75	17	15	84	69	51	80	58	23	72	81	69	23	23	5	10	45	89	11	31	53	22	57	27	62	8	71	80	33	27	40	11	1	84	2	17	73	73	57	59	89	30	12	30	18	13	21	83	89	10	45	58	51	55	45	82	70	40	81	27	26	59	43	10	4	92	39	83	97	72	67	37	31	85	4	91	25	27	7	92	26	0	36	39	70	44	22	19	39	65	59	63	64	95	39	81	52	28	73	23	43	8	91	68	50	61	73	62	78	59	78	46	25	83	33	81	42	15	71	44	68	72	23	28	16	61	12	70	9	22	20	43	77	37	11	24	14	14	35	50	44	99	49	21	16	83	18	24	4	59	42	67	23	19	87	98	12	48	78	16	43	60	63	20	97	52	12	81	19	3	6	62	87	73	38	90	1	92	8	12	50	68	18	26	39	31	69	45	53	80	85	27	86	4	20	95	69	43	43	79	1	86	2	72	75	35	27	27	78	2	19	49	49	97	15	99	11	33	83	14	71	49	85	42	38	76	6	6	95	67	18	94	25	54	39	91	7	15	98	41	12	2	0	79	33	40	49	24	77	15	47	75	67	11	58	39	30	2	37	31	6	16	55	66	57	31	33	22	49	99	70	72	72	18	1	42	2	20	36	11	0	34	43	5	71	58	88	57	64	72	28	76	33	82	4	3	62	9	68	43	0	48	22	29	88	7	71	45	56	60	91	34	79	50	21	44	52	14	59	72	39	12	65	82	46	90	46	13	8	11	92	28	28	19	40	86	30	61	94	98	27	22	32	67	84	88	95	68	43	39	20	55	87	77	95	26	75	62	98	4	27	63	89	51	97	2	70	16	92	36	50	8	15	61	74	84	10	70	19	49	6	21	85	52	8	94	33	78	54	23	10	84	51	56	75	19	6	91	66	63	11	92	60	15	84	68	69	95	24	21	71	31	78	20	71	34	34	21	65	83	81	65	31	93	49	82	66	75	57	40	7	0	52	53	2	95	70	1	29	38	28	34	36	54	91	60	30	45	65	12	38	82	26	12	78	7	51	29	10	25	81	43	44	1	81	75	93	88	5	19	74	91	21	31	31	59	78	65	42	88	33	97	4	13	83	56	65	66	90	25	59	12	46	90	27	75	32	18	85	2	53	45	84	24	66	5	70	88	69	27	91	77	6	30	42	54	90	22	77	78	34	57	61	75	15	39	38	62	35	6	27	13	50	5	42	83	65	81	39	46	33	70	93	15	16	37	38	43	9	32	63	51	47	55	32	56	90	48	27	71	91	63	65	93	60	90	66	6	17	13	84	77	2	18	64	46	95	9	75	57	42	79	37	93	29	6	56	97	70	74	77	8	1	13	52	17	15	56	39	3	89	30	23	21	77	62	20	41	42	69	32	69	87	87	52	12	48	2	81	72	55	10	35	82	63	16	36	27	51	62	41	12	79	21	38	54	88	28	77	46	59	11	31	21	46	80	89	48	69	35	91	56	9	78	87	1	43	60	1	98	64	66	24	11	54	76	47	48	68	39	19	32	77	89	83	54	81	51	30	9	90	28	34	20	67	72	47	6	7	5	96	70	90	59	4	38	13	56	64	80	54	87	95	75	28	65	40	77	30	90	92	71	12	7	62	78	27	14	1	71	89	75	35	19	93	64	28	3	90	50	39	88	40	96	87	14	48	61	17	28	88	86	92	74	67	63	55	33	24	30	28	5	87	95	71	17	5	75	82	12	16	48	54	49	95	58	12	59	33	35	32	17	22	99	12	94	55	20	65	60	22	10	79	80	34	55	84	8	62	15	13	43	58	11	95	71	51	29	18	85	51	46	32	18	34	21	1	3	76	70	72	69	20	11	4	41	31	80	27	64	28	7	73	66	82	27	8	94	77	69	57	32	2	49	69	72	54	9	76	9	63	69	28	66	20	94	17	26	76	94	78	92	3	45	42	59	55	57	11	58	67	34	9	39	50	6	22	88	16	53	19	56	14	8	49	93	53	81	72	76	3	89	22	38	19	52	72	60	76	23	18	7	58	16	26	52	63	3	45	72	86	78	79	48	62	81	15	57	19	98	80	67	10	89	43	5	76	19	10	47	11	82	83	81	83	39	56	42	73	70	53	33	98	76	9	97	75	11	46	33	18	67	60	8	30	86	89	37	74	4	74	58	59	63	16	21	72	95	15	17	79	61	25	12	82	71	87	7	17	22	22	63	13	50	62	37	32	36	45	74	45	98	79	3	19	52	38	33	26	8	87	52	15	2	83	83	40	88	98	54	88	38	27	54	42	33	32	63	78	31	57	56	57	92	77	88	93	42	30	94	45	70	21	89	80	83	38	56	70	17	27	46	89	50	77	45	68	78	24	62	70	63	78	27	6	12	48	23	11	94	42	12	94	37	99	67	74	30	10	1	74	83	20	91	18	52	88	14	91	7	85	7	6	56	20	59	28	81	8	46	75	94	24	59	7	1	38	30	29	34	46	63	14	10	95	97	40	99	75	67	11	45	98	72	87	34	4	27	56	91	9	35	16	35	22	79	49	86	54	17	77	18	96	15	60	58	66	4	91	51	24	46	91	85	13	66	78	89	76	73	20	65	30	28	33	10	58	44	21	51	63	70	86	40	11	31	42	15	18	20	67	96	82	26	69	81	44	29	13	45	53	4	21	29	25	3	28	41	42	30	21	86	81	96	88	26	38	20	62	74	68	21	4	61	65	78	8	95	77	38	58	58	19	28	91	6	41	98	32	21	28	78	14	50	24	71	83	34	95	23	51	93	62	79	66	36	57	48	8	49	27	31	43	57	54	53	98	55	94	23	44	7	30	62	36	67	76	2	3	86	65	14	8	29	53	38	54	80	74	7	68	69	9	17	5	96	79	87	74	34	68	16	98	89	66	23	52	61	85	63	80	8	96	35	35	6	22	70	66	17	64	30	22	77	41	4	41	0	4	38	51	34	11	23	61	60	82	69	60	24	67	29	49	59	71	92	62	84	51	51	35	71	79	27	1	66	37	1	17	93	50	46	29	78	6	14	96	45	32	8	61	80	74	8	8	94	8	94	91	52	25	21	29	66	99	36	41	61	83	14	35	35	97	18	40	92	71	99	5	66	94	48	88	53	87	39	24	7	54	50	52	68	93	56	44	93	76	67	38	84	57	84	57	50	97	32	52	67	21	84	87	48	22	97	39	67	88	0	29	20	60	98	47	25	69	96	16	46	58	27	59	29	81	87	53	94	31	27	97	94	4	47	73	51	62	95	15	82	94	30	23	27	76	15	74	11	38	49	78	80	61	23	38	86	66	64	53	59	81	11	7	63	72	26	33	64	0	19	80	54	21	5	6	82	49	42	67	54	17	55	60	87	69	33	42	13	31	21	58	37	32	24	82	1	73	63	30	13	82	39	71	75	53	96	42	47	99	53	24	43	52	58	31	91	30	60	67	0	58	67	69	52	32	42	22	64	23	32	31	87	93	0	82	69	70	49	67	77	37	22	47	36	96	30	87	51	96	15	48	41	29	10	48	28	66	73	59	43	5	43	70	47	82	42	50	60	92	35	77	63	17	91	66	90	30	47	32	57	79	72	19	90	62	59	65	57	80	57	93	64	69	34	78	47	31	73	40	40	31	30	8	99	54	33	15	65	36	49	94	0	99	38	11	40	72	52	50	95	59	69	56	50	98	83	54	48	26	1	50	1	7	42	24	39	64	25	92	85	99	12	78	72	4	20	24	16	42	98	72	2	51	83	16	92	40	28	0	7	45	66	81	98	0	42	24	77	94	73	67	6	68	8	78	65	10	28	90	8	22	74	28	2	8	74	37	48	47	11	15	46	42	44	33	57	95	76	10	3	30	19	2	21	57	13	63	34	33	68	76	42	26	18	52	19	79	18	87	45	99	74	62	26	63	8	71	5	6	51	81	75	55	69	99	20	51	3	65	5	57	50	48	8	40	39	10	78	10	87	98	70	79	91	11	4	26	0	61	62	18	39	1	51	48	0	57	28	99	82	52	37	30	13	73	64	11	45	68	69	54	89	2	17	73	36	93	38	13	61	36	56	11	47	38	89	63	85	7	37	51	62	20	54	68	32	83	68	90	45	91	17	27	0	99	9	28	51	7	17	74	99	97	43	37	21	24	12	47	98	19	3	88	47	5	12	23	49	78	78	59	77	48	14	10	60	89	5	28	10	87	2	91	22	74	15	44	32	59	79	84	48	87	19	95	81	40	71	75	39	21	84	0	18	37	16	21	76	72	63	53	87	32	15	82	70	36	28	16	88	43	16	89	76	49	7	86	4	87	86	8	73	50	11	31	8	56	83	41	26	12	6	23	24	41	81	61	19	47	10	1	64	40	77	12	56	35	28	79	24	83	51	38	29	28	52	35	56	7	39	54	81	77	25	18	63	16	92	46	41	8	49	51	2	18	24	36	30	79	70	56	49	92	57	81	13	55	61	91	36	87	40	8	49	99	14	89	42	20	73	19	81	17	37	46	41	77	11	76	4	47	93	66	19	82	60	53	67	30	0	21	21	97	78	56	74	78	28	18	39	52	14	62	45	75	98	70	25	80	32	50	87	37	54	26	10	17	52	38	66	87	91	35	19	3	13	44	60	14	59	88	60	82	72	25	38	15	92	40	25	29	78	73	88	83	11	18	30	98	24	84	49	57	60	55	75	39	33	89	51	72	98	15	79	73	40	57	72	67	7	70	19	91	4	29	13	19	89	59	51	91	2	75	94	76	29	60	59	35	30	75	87	18	3	83	38	24	8	43	19	0	71	45	46	98	4	97	3	43	44	66	17	61	41	59	72	40	91	33	80	92	64	83	43	53	65	40	79	5	1	97	55	78	72	13	14	14	68	99	35	21	36	53	68	8	1	20	26	16	71	92	46	43	23	31	93	41	75	1	8	11	76	37	20	70	2	58	98	75	54	14	47	19	22	69	44	32	74	73	30	6	59	51	34	54	67	0	44	50	59	20	35	77	59	9	22	74	52	28	72	45	20	25	49	71	92	67	89	33	48	36	90	73	13	28	14	59	21	74	72	44	40	8	98	37	39	67	38	87	48	7	11	24	24	82	47	76	39	93	7	76	82	92	84	85	23	6	63	88	7	1	85	59	41	85	75	21	9	89	38	13	81	11	23	12	56	36	50	33	19	32	10	95	2	21	19	74	83	32	89	43	50	34	23	59	56	99	4	31	59	29	99	49	7	56	15	41	42	67	67	76	24	33	2	87	31	75	66	39	15	24	33	54	42	19	94	76	76	66	95	66	14	1	61	61	86	58	29	11	73	26	36	35	46	78	59	20	61	2	71	14	13	32	69	90	75	73	6	46	56	2	54	89	67	55	0	82	6	34	72	21	72	63	34	80	42	16	57	94	48	18	73	98	63	38	38	84	5	12	66	65	90	22	59	38	72	5	24	45	95	66	52	5	65	93	2	41	70	32	68	41	19	75	11	91	94	57	80	66	24	21	84	1	69	44	80	8	22	37	5	84	9	3	76	62	74	0	46	52	87	40	68	93	96	53	63	24	31	40	40	6	24	14	99	86	49	51	27	34	42	65	87	96	72	61	54	24	61	31	76	79	85	25	65	19	6	36	67	31	60	37	56	66	61	40	87	88	21	59	74	82	90	7	43	81	76	24	93	91	80	72	98	88	56	68	99	81	73	40	1	79	11	62	69	47	27	15	88	71	11	16	31	19	55	77	15	8	45	8	1	63	25	38	21	77	57	19	78	16	53	81	4	68	6	33	87	50	46	91	10	35	78	6	68	8	97	93	76	7	71	61	49	72	51	44	86	16	10	27	78	20	5	75	83	94	3	33	87	73	78	17	29	12	9	44	31	19	41	37	34	11	78	35	51	50	85	8	67	67	44	9	71	61	87	38	48	92	92	9	75	50	11	39	17	38	66	16	58	83	9	90	65	21	58	78	10	33	17	45	5	32	79	47	1	71	90	54	6	96	67	47	24	11	5	10	50	9	72	1	91	31	94	73	9	35	67	38	2	17	37	71	77	9	43	58	40	51	38	39	96	5	50	93	10	25	84	78	67	93	50	83	4	33	53	96	74	86	97	68	34	70	39	69	53	0	93	91	96	99	23	41	96	83	66	1	42	25	72	28	46	22	26	46	7	20	44	81	1	74	71	82	16	23	77	89	11	68	19	96	45	48	1	44	44	97	40	50	26	9	62	6	26	96	59	6	38	23	92	6	32	0	83	29	87	78	13	14	57	48	46	54	95	98	31	96	18	81	30	91	3	43	8	97	83	47	36	11	7	44	54	57	8	26	56	25	23	66	70	91	0	38	66	18	18	81	39	49	89	2	26	6	81	61	71	49	89	43	87	76	20	82	88	16	1	89	82	22	63	55	3	6	81	4	35	34	58	97	48	51	0	56	54	45	37	28	7	14	20	48	99	55	55	68	19	65	23	86	85	0	85	9	74	74	6	48	14	20	87	47	82	18	25	79	4	58	9	77	76	73	52	62	31	27	82	4	4	86	78	51	89	43	60	96	37	11	52	0	57	58	81	61	33	66	39	2	34	27	6	42	34	8	89	85	41	76	11	21	69	65	10	49	18	67	64	80	54	32	92	94	57	97	48	72	92	79	81	59	69	2	68	21	5	4	42	17	88	86	84	86	35	16	91	80	64	88	4	29	79	23	68	96	38	22	28	16	49	5	29	81	66	66	40	48	49	9	17	90	28	5	7	65	99	89	98	45	19	90	90	75	38	31	54	40	92	47	97	89	31	28	21	4	83	34	24	89	22	40	57	36	52	48	22	25	79	98	37	74	39	21	61	18	89	72	24	56	43	89	27	59	26	96	67	24	46	24	65	42	16	79	2	24	18	33	71	29	4	97	17	68	16	98	25	89	90	29	19	46	16	65	62	58	62	93	74	76	77	50	71	40	55	75	92	16	53	11	60	15	30	64	78	28	42	3	89	90	32	52	16	8	33	21	74	87	27	3	49	58	70	30	15	52	63	12	71	49	44	94	31	78	82	85	28	84	73	53	31	20	6	24	53	76	55	10	7	76	12	6	34	5	79	79	39	8	0	6	11	19	53	2	26	85	50	42	75	37	1	64	22	11	70	28	39	16	6	49	33	94	11	54	4	81	66	80	16	42	54	74	88	94	35	83	19	38	27	16	27	19	18	84	6	63	46	46	83	94	42	84	60	5	47	27	66	53	53	83	22	20	85	30	41	74	81	85	16	0	38	60	92	31	48	65	86	8	96	61	91	9	56	32	64	9	12	77	94	87	97	2	66	7	86	91	80	23	17	59	95	38	37	88	11	71	47	87	76	46	42	57	5	92	38	78	85	74	62	20	30	50	59	91	86	4	43	73	12	9	34	55	26	54	85	50	26	72	42	2	79	77	10	13	99	81	45	36	31	65	88	3	16	74	93	29	91	9	17	61	45	64	55	88	55	11	39	60	42	35	23	58	39	33	23	51	14	70	37	23	42	80	84	12	59	91	93	99	89	24	32	1	87	88	74	74	20	8	57	72	3	90	81	39	95	14	4	82	27	61	70	56	62	20	73	62	98	68	49	19	89	79	80	78	46	81	46	65	63	15	96	64	49	6	8	94	89	52	15	25	8	20	37	49	63	17	11	69	11	71	87	3	97	75	17	8	62	7	31	73	90	95	49	22	88	47	28	5	64	46	10	62	2	81	28	19	21	71	26	49	37	67	61	37	22	45	3	39	43	34	16	17	47	15	6	28	60	14	65	89	92	98	83	76	82	74	0	83	76	14	5	18	83	88	0	68	72	87	94	24	64	94	31	79	36	41	56	64	9	5	11	62	48	39	56	83	22	69	45	23	36	15	42	92	27	33	93	11	20	3	14	41	67	55	31	10	3	40	28	80	8	21	90	40	6	37	23	98	64	28	55	88	77	4	28	55	39	36	30	52	8	23	23	75	59	13	39	58	18	43	76	26	63	95	26	71	77	88	7	7	82	53	86	63	71	14	87	55	65	96	5	5	45	80	45	10	80	4	49	71	27	52	93	84	51	25	11	75	65	28	63	89	17	42	31	62	94	45	43	8	76	13	40	20	3	43	36	94	6	92	52	1	0	97	36	72	12	76	69	64	45	21	21	63	78	29	80	2	54	97	88	66	47	51	61	80	59	42	56	12	45	45	3	64	47	80	63	36	86	84	92	90	27	35	67	43	71	80	58	0	91	2	45	9	20	77	90	0	19	79	61	10	37	27	96	7	42	0	99	62	17	82	36	1	50	2	63	80	6	61	89	2	13	93	40	21	2	93	89	66	24	84	43	73	58	6	22	16	95	20	68	64	77	32	61	81	58	54	63	58	89	39	97	62	96	4	64	18	0	30	12	24	50	58	94	17	79	14	36	38	76	78	95	59	42	3	23	47	54	59	61	88	61	77	75	94	80	32	9	16	92	20	52	92	38	34	71	91	46	51	32	25	31	69	70	32	53	96	14	13	84	80	47	92	31	45	13	79	73	45	63	99	49	31	34	85	94	10	32	45	30	49	1	57	30	28	18	61	84	73	57	96	19	19	79	17	73	73	68	38	15	75	53	15	46	26	80	86	27	88	66	28	7	8	98	18	51	21	32	0	76	71	46	12	3	43	16	79	28	63	64	81	82	22	69	80	93	7	84	13	45	98	1	56	17	28	85	91	0	15	66	63	37	86	4	77	7	16	13	61	5	13	29	29	82	18	38	78	28	41	68	12	57	42	93	45	36	41	17	26	19	73	81	0	7	87	55	7	77	38	64	13	42	89	52	31	55	32	48	57	61	92	26	69	69	18	66	80	4	79	86	38	82	65	2	93	62	72	91	86	16	9	91	50	85	57	23	33	9	26	91	69	67	27	80	67	54	59	12	7	
33	23	25	32	37	38	32	31	24	34	33	40	21	22	36	33	33	31	26	37	34	31	39	32	39	28	27	27	20	38	29	29	32	39	40	24	26	35	32	35	20	28	26	33	21	27	34	28	33	28	37	37	26	33	28	20	22	33	34	33	24	38	20	30	34	25	27	27	31	23	28	40	29	35	23	24	26	21	25	20	31	30	31	34	31	37	40	29	39	39	32	26	28	23	38	34	33	29	20	21	30	25	30	34	30	23	34	39	36	32	40	21	32	31	37	33	34	38	36	27	28	33	33	32	21	31	29	39	23	21	28	34	38	26	27	24	22	33	22	40	22	33	27	23	31	20	27	34	33	36	38	33	21	36	33	20	27	25	31	22	23	28	26	35	30	38	23	22	20	20	31	27	26	34	30	22	34	38	22	39	29	20	37	32	28	22	20	38	27	30	35	31	27	30	26	38	24	25	28	24	23	24	22	30	40	21	26	39	31	40	33	32	22	26	28	26	31	36	27	26	40	33	21	28	34	31	30	39	32	38	23	29	31	36	26	35	30	38	30	28	39	33	37	21	26	28	22	31	31	36	34	32	39	35	22	38	35	23	40	37	33	23	26	23	36	28	40	20	30	37	40	31	21	33	21	29	31	26	30	36	37	31	23	33	30	23	39	31	40	23	40	36	31	36	26	28	38	23	32	28	32	28	37	37	40	40	30	27	25	36	32	39	39	29	21	35	28	35	29	21	31	32	39	34	23	32	33	30	28	28	33	20	23	31	32	30	33	36	20	20	29	31	39	30	30	38	36	33	31	29	27	24	26	22	33	29	26	30	23	27	37	32	25	31	29	35	40	23	21	36	28	26	27	22	28	35	32	40	30	28	25	35	33	20	21	39	34	40	21	34	26	31	35	21	39	27	37	34	33	20	30	34	28	37	28	35	28	33	22	27	20	23	24	40	33	33	31	33	22	32	20	24	26	33	35	39	30	33	26	30	39	34	34	32	26	37	35	31	22	21	35	31	23	24	35	32	37	40	21	21	23	35	25	36	38	29	24	32	29	20	22	38	35	27	38	37	38	23	23	25	26	31	30	31	35	21	22	32	23	39	31	25	39	40	40	21	38	21	36	22	30	39	33	31	36	25	21	25	30	21	26	20	38	40	34	22	39	33	33	23	26	36	29	38	38	32	38	33	23	23	20	31	26	34	30	24	27	40	26	38	37	23	28	29	40	32	32	25	23	23	22	39	37	34	39	22	24	38	26	28	29	29	28	40	24	25	21	27	37	22	22	21	37	34	38	26	20	28	25	30	33	25	26	21	39	26	29	33	35	20	25	24	27	38	30	30	21	29	31	34	35	31	31	32	23	36	33	21	24	30	24	29	22	36	21	37	33	23	24	30	38	37	39	40	39	30	39	29	22	38	20	31	32	22	40	23	32	21	35	22	26	23	25	39	30	20	31	28	23	36	31	22	24	33	36	25	28	20	21	39	21	35	29	28	22	37	33	38	38	36	28	21	24	34	26	39	31	22	37	36	34	37	31	38	24	27	28	35	30	32	23	32	29	20	37	40	24	22	31	21	31	31	21	29	34	32	20	24	29	27	24	23	33	29	27	32	32	22	35	30	21	39	39	20	27	36	36	40	40	27	34	32	35	37	38	32	31	27	26	39	33	33	20	28	24	31	29	39	32	40	38	37	26	21	34	30	20	35	26	30	26	27	34	28	32	25	33	20	39	27	40	34	34	38	23	29	37	28	36	39	20	35	20	26	21	35	20	22	39	37	28	38	31	35	39	32	33	21	40	40	35	37	31	25	33	32	22	31	21	40	39	28	34	40	39	32	21	22	34	32	36	22	34	40	27	34	33	34	33	35	30	32	35	31	21	36	34	21	20	30	27	34	32	20	28	38	23	20	36	20	39	33	38	40	31	35	21	37	24	31	22	33	38	32	35	31	24	25	33	24	40	34	30	30	21	24	20	22	21	20	37	36	35	35	26	32	24	33	40	20	26	21	24	33	36	22	31	31	30	22	34	31	25	31	34	34	34	20	33	24	27	28	31	27	34	37	23	24	34	28	28	22	24	24	21	24	22	36	39	34	27	35	32	40	23	29	35	36	23	24	22	35	24	24	36	23	25	35	34	20	40	35	33	30	37	29	37	27	33	35	23	34	37	30	38	36	22	37	21	34	34	37	38	38	22	36	35	23	20	38	40	40	21	27	28	32	39	22	20	39	32	34	20	24	21	31	21	22	33	34	25	26	27	26	30	32	25	23	25	26	40	26	31	33	40	35	40	20	22	34	36	23	20	28	26	36	30	30	24	32	29	37	35	31	34	26	28	36	20	31	29	36	35	35	30	24	39	24	26	27	20	38	30	26	24	38	36	33	36	38	38	37	37	25	26	39	23	20	28	40	40	40	28	23	34	25	34	34	26	38	21	37	20	29	37	40	29	25	27	20	37	34	30	34	22	36	23	22	26	21	27	21	32	28	34	27	21	24	40	30	22	37	40	33	35	28	36	33	35	38	23	23	26	34	25	21	40	20	22	25	24	25	35	28	21	33	36	39	37	21	21	20	40	28	31	36	36	22	38	39	21	38	33	40	33	38	40	38	35	23	32	33	37	25	33	28	27	22	36	29	29	31	25	26	30	34	26	35	23	21	20	21	30	25	40	27	27	36	29	33	26	24	23	36	27	30	25	20	39	30	31	22	22	26	25	21	21	36	33	35	38	40	31	39	39	28	26	23	22	20	30	33	36	40	25	40	25	28	36	31	40	25	39	25	24	31	31	38	26	28	29	28	39	31	27	22	33	36	36	20	27	28	25	36	34	21	34	35	29	20	33	30	30	21	33	34	27	39	27	31	37	33	29	39	27	38	40	38	20	23	31	23	24	26	25	32	22	34	33	40	25	28	33	29	29	27	31	40	23	23	28	21	28	37	26	39	26	34	36	22	35	23	23	22	22	35	25	27	40	21	39	40	28	27	20	32	39	31	24	21	40	27	32	25	38	29	40	24	37	35	34	39	21	39	25	23	22	24	37	32	26	22	40	26	21	22	30	25	38	27	27	23	38	32	20	22	33	37	35	36	34	28	37	21	26	23	38	36	27	27	28	24	28	37	27	36	27	33	26	32	30	29	37	24	21	24	31	21	26	29	34	29	35	34	40	28	29	20	28	27	25	26	28	22	39	24	30	27	23	37	30	30	25	20	22	28	31	33	33	29	25	33	40	24	40	29	33	20	38	35	25	40	30	29	36	32	24	37	32	31	24	22	33	33	22	35	21	26	34	26	36	24	34	30	29	39	36	20	40	26	38	37	20	26	27	23	24	35	36	31	21	20	37	26	31	24	26	25	36	30	35	25	22	36	21	35	25	29	36	22	22	30	27	33	29	38	22	38	33	26	30	39	22	39	24	29	34	20	23	23	35	30	20	32	22	23	32	37	30	28	40	24	32	34	35	33	29	23	37	40	22	28	30	32	31	39	37	37	23	20	36	35	22	20	25	20	25	31	20	35	21	40	40	33	23	25	25	24	28	39	28	24	23	26	25	35	31	36	24	33	24	30	35	34	36	22	28	25	36	39	32	26	21	23	36	30	27	21	26	27	30	25	38	40	26	39	39	40	23	23	29	38	38	40	32	29	29	30	21	20	28	27	34	30	33	28	21	31	26	40	31	24	38	29	39	33	26	23	32	22	40	40	21	27	22	36	37	37	27	40	33	36	20	23	31	36	33	21	22	36	23	32	30	30	34	28	37	32	27	31	31	36	37	35	23	22	32	40	20	30	39	30	27	24	27	34	23	38	24	32	32	27	34	36	32	32	37	33	38	27	38	40	30	31	29	27	21	29	25	38	36	23	20	25	31	35	25	40	39	30	29	40	30	32	23	36	29	25	27	28	22	31	29	35	40	33	26	22	40	39	32	28	29	38	22	24	39	36	40	28	29	35	25	21	29	32	40	32	22	38	28	26	29	39	22	35	20	25	40	31	40	36	39	29	35	37	26	31	29	34	24	23	27	26	35	22	29	21	25	34	22	23	38	32	39	25	29	22	34	28	38	23	32	32	38	39	32	26	37	37	22	39	30	22	33	26	28	27	22	22	39	31	30	25	39	28	32	39	25	31	38	38	24	33	34	33	25	28	32	28	36	28	23	24	26	24	26	29	20	27	37	37	34	39	25	23	32	28	32	40	32	31	26	26	28	30	21	40	30	21	24	23	20	26	27	25	22	34	27	29	22	27	24	32	29	26	28	33	37	21	27	23	27	20	30	30	20	25	29	36	36	30	33	28	40	25	38	36	36	27	28	36	37	31	25	28	27	31	24	28	33	28	39	38	21	30	39	37	22	25	23	27	39	40	25	23	38	28	37	37	20	31	21	28	25	39	32	28	36	33	40	24	26	25	29	38	30	32	30	35	25	26	22	22	23	20	25	23	21	21	31	32	30	37	22	23	34	39	33	26	20	29	35	29	32	31	35	31	29	31	31	24	38	40	28	30	29	40	30	34	23	21	38	27	23	28	28	20	29	39	31	37	37	29	22	30	34	36	34	25	22	40	27	21	36	31	40	38	28	38	23	34	40	27	32	32	25	30	26	29	37	28	27	21	40	20	22	29	40	32	40	23	39	33	33	34	31	39	28	34	37	29	24	21	40	38	26	33	20	34	37	23	31	32	29	22	35	20	28	21	27	37	25	38	21	32	26	22	24	25	36	40	31	24	35	34	25	21	40	32	36	32	32	25	30	22	21	26	30	40	38	27	27	30	37	32	27	32	21	35	40	24	33	36	27	34	26	29	26	25	26	31	37	33	32	21	28	23	24	35	20	35	32	29	20	35	27	26	40	34	24	27	20	34	29	31	22	31	26	39	35	20	38	23	30	31	37	21	23	40	25	31	32	34	31	34	31	29	30	28	40	33	29	40	36	37	35	26	31	40	39	28	30	23	21	25	20	30	39	32	38	22	37	40	27	26	28	24	21	38	39	20	25	22	26	28	21	39	24	22	38	23	33	27	32	20	38	38	33	34	30	35	21	37	23	31	26	37	34	33	22	25	39	36	32	33	37	25	29	38	24	36	39	21	20	21	34	23	31	35	26	22	26	32	24	34	20	40	22	30	24	30	37	24	36	37	38	22	21	27	40	40	39	26	22	24	20	22	36	28	29	31	34	24	24	38	29	39	20	40	23	31	37	35	20	25	31	26	31	29	39	21	37	27	37	30	20	38	27	36	37	34	31	36	30	40	39	34	25	36	36	25	32	24	39	25	29	26	30	29	28	31	30	37	24	39	29	33	21	33	27	23	29	39	23	36	32	32	36	27	36	22	35	26	26	35	31	39	33	24	39	37	25	39	39	20	31	27	25	31	22	34	25	39	21	21	33	33	29	33	35	40	38	31	20	29	34	27	37	33	30	40	25	34	26	25	26	21	20	36	29	33	25	24	28	25	31	31	32	20	31	29	36	33	34	25	21	37	25	39	32	27	34	29	20	23	27	33	39	32	29	22	40	31	27	38	30	24	40	21	20	35	28	29	39	21	27	25	22	21	31	21	21	24	23	23	25	20	37	29	30	23	25	33	39	37	37	24	30	22	37	37	39	24	35	25	36	27	33	32	39	26	33	20	33	32	39	28	33	33	26	23	39	28	20	39	24	36	25	22	27	20	35	20	38	23	36	29	27	37	37	20	35	25	29	25	32	38	25	33	21	20	23	21	39	22	23	36	31	21	21	31	28	35	33	24	40	39	28	33	33	40	25	28	31	20	27	23	24	36	26	25	20	34	26	34	28	39	38	31	38	25	29	26	27	34	23	27	23	40	26	25	25	22	37	37	27	26	30	24	23	37	30	35	25	33	38	26	21	28	32	35	23	20	38	27	29	37	22	33	21	20	28	33	24	35	33	21	36	37	23	25	29	25	32	27	32	25	26	29	24	28	30	38	22	20	29	24	33	40	32	33	34	36	28	35	30	23	32	23	24	34	35	34	34	24	38	25	34	26	23	33	22	38	28	33	33	21	33	23	28	31	29	26	20	39	31	27	35	38	28	30	25	33	40	32	26	28	22	22	21	31	30	31	32	21	22	31	37	31	20	36	39	24	23	37	33	20	34	22	39	37	27	25	32	34	31	32	37	40	22	28	36	20	38	34	36	36	37	22	24	30	28	25	23	21	32	28	33	27	23	37	21	38	28	34	22	32	29	26	39	39	34	22	25	35	35	40	28	20	40	33	38	35	37	31	24	23	29	34	40	20	33	38	28	27	32	32	38	21	37	24	32	33	40	22	25	37	25	26	22	40	35	20	36	31	26	36	33	39	40	38	25	22	21	34	34	27	38	35	30	32	32	32	25	24	30	39	32	34	25	24	38	25	31	36	30	35	36	33	37	36	32	23	30	40	21	32	31	24	31	37	27	22	38	26	21	35	28	24	39	21	30	40	27	21	40	24	22	35	30	33	27	28	31	22	34	34	30	36	32	36	26	30	21	30	29	40	21	32	30	21	23	40	30	29	25	33	29	37	31	37	33	35	39	24	31	29	36	26	34	37	37	20	29	35	25	21	37	37	25	23	31	30	32	39	36	25	35	23	37	31	38	24	25	35	38	33	37	24	22	33	39	40	25	28	26	40	39	31	23	35	33	24	29	35	20	23	23	33	33	33	24	33	26	30	26	32	36	36	37	27	20	35	39	36	30	25	23	24	29	29	24	26	38	21	27	34	32	38	21	22	30	30	29	33	23	38	37	24	27	31	28	24	22	39	39	30	31	21	27	25	34	20	38	28	38	33	34	38	27	21	34	32	20	30	40	29	31	28	34	30	31	30	33	24	36	34	28	26	28	23	31	22	36	28	26	38	34	36	20	23	27	30	37	40	22	34	27	20	32	40	27	20	35	34	20	26	25	27	21	23	34	20	35	32	24	26	25	35	39	20	27	39	30	26	26	31	29	21	20	23	36	31	26	40	22	29	23	36	38	20	24	33	28	40	29	34	23	37	25	24	32	21	40	25	29	35	26	37	29	37	36	29	20	35	35	39	36	24	28	37	40	23	31	39	31	22	32	25	36	34	37	36	27	34	33	37	38	26	25	27	33	40	37	31	20	40	21	23	21	20	40	20	25	34	39	33	22	23	30	23	35	40	40	21	30	30	31	36	29	28	39	36	22	39	32	32	27	34	22	24	23	34	26	31	32	36	32	40	26	24	29	20	36	28	27	26	34	20	29	35	29	28	40	25	28	26	33	38	27	23	30	27	23	31	25	35	35	30	30	23	32	40	23	20	36	35	26	27	31	40	38	39	31	34	28	21	40	21	20	39	35	32	23	23	20	33	26	36	26	39	34	23	39	31	31	36	30	40	22	24	30	35	40	32	20	20	36	22	40	21	26	20	28	20	35	29	35	36	39	30	38	28	22	36	31	33	34	30	23	38	23	27	21	34	39	25	39	23	31	39	30	30	39	34	21	22	33	23	25	33	31	40	39	20	20	27	24	27	22	36	36	31	40	20	26	24	22	24	31	23	30	36	37	27	21	24	21	21	21	24	39	34	23	25	33	38	33	34	23	20	39	37	27	21	21	24	37	36	29	26	23	20	24	23	26	29	31	35	32	22	37	30	21	24	35	26	20	34	39	36	28	35	33	38	38	28	24	20	25	36	21	23	37	38	35	29	24	36	23	39	22	37	27	32	33	28	22	29	29	22	31	29	31	40	35	31	27	28	23	21	28	32	36	20	37	30	25	22	25	36	27	26	36	30	25	21	40	39	39	22	23	27	24	34	27	34	35	39	21	28	32	40	28	32	20	20	29	38	32	21	40	37	34	36	29	23	38	22	28	38	22	25	31	21	28	39	34	27	27	36	26	30	30	40	26	38	26	37	27	28	38	24	36	35	40	25	26	20	21	20	39	39	26	23	23	40	35	31	39	34	38	31	35	29	20	24	22	24	31	40	32	32	20	29	27	22	33	33	26	35	20	26	35	25	26	20	22	31	23	40	34	28	20	37	27	25	21	39	29	32	22	26	21	21	28	34	32	36	38	29	31	40	31	38	26	23	24	28	40	22	27	31	27	32	26	37	36	26	36	30	27	36	37	37	29	25	24	37	32	22	30	40	31	39	21	21	32	22	38	30	35	23	20	37	23	27	24	31	36	29	31	20	27	38	24	28	36	39	25	36	30	31	26	23	36	24	23	34	23	36	36	33	36	32	33	33	30	20	25	28	24	33	33	27	25	33	28	39	40	21	27	29	23	21	30	29	28	33	26	39	35	40	36	33	40	40	29	27	40	34	23	36	21	27	37	25	39	34	39	39	34	24	34	27	35	30	30	23	38	33	24	29	33	35	32	29	20	40	36	20	32	29	24	23	35	39	38	37	36	31	24	33	27	40	34	36	26	37	30	37	36	30	30	28	29	36	21	33	33	34	34	28	27	20	36	28	37	29	34	39	27	23	29	21	35	35	31	25	36	38	39	27	21	28	37	30	38	36	36	28	36	37	35	31	30	22	28	38	27	21	28	39	21	21	20	34	20	28	21	21	38	33	27	20	37	27	23	23	25	39	37	26	34	30	31	23	36	37	32	20	40	36	28	34	23	25	24	28	22	24	28	34	38	31	24	27	24	36	39	40	24	25	26	34	35	20	40	29	21	38	34	37	32	32	40	26	20	22	23	30	26	39	34	22	22	40	26	38	21	35	27	24	34	22	21	40	39	30	27	32	22	27	35	22	25	27	37	31	39	35	39	29	25	21	29	24	38	35	29	25	32	25	36	36	36	39	26	22	37	40	27	32	31	32	34	38	32	20	30	38	31	38	20	25	20	30	22	25	38	29	24	20	35	23	21	24	34	22	30	20	31	25	26	38	27	21	37	39	40	29	38	23	23	31	27	36	30	23	25	28	20	26	33	34	32	30	36	37	35	35	27	33	20	28	21	29	36	38	30	38	33	32	32	28	36	30	26	26	
19	15	16	49	24	41	15	33	40	30	47	26	26	11	31	33	29	14	10	30	47	11	18	43	44	46	44	22	31	32	39	29	33	36	19	45	10	26	44	30	50	48	32	49	38	46	28	38	26	49	26	50	41	28	31	12	11	47	21	12	45	48	12	34	25	17	32	31	16	21	25	21	21	42	20	47	35	46	19	34	35	41	46	17	23	45	30	30	46	31	19	39	46	43	21	36	25	32	34	46	21	14	26	41	35	35	46	20	19	14	47	41	46	10	24	11	24	43	18	10	46	10	11	18	11	36	29	40	19	21	22	25	13	42	11	19	41	28	34	25	28	44	27	15	28	22	37	50	12	23	24	43	13	37	13	39	44	41	22	15	10	28	21	16	43	43	14	42	16	34	28	39	32	34	43	32	10	27	16	39	49	30	10	13	35	42	39	35	32	18	13	48	27	24	14	36	10	20	49	47	23	25	23	49	42	19	50	30	43	18	38	24	33	44	20	28	23	37	44	16	12	22	38	43	18	21	17	33	24	25	20	30	39	43	14	41	14	11	12	38	26	15	16	24	23	37	19	36	15	25	30	29	38	22	50	21	24	22	36	42	46	22	13	28	45	29	36	22	33	22	36	18	28	32	36	26	49	42	33	22	31	18	34	50	37	23	14	18	25	49	41	20	32	31	32	10	18	16	22	10	44	23	14	22	19	21	11	17	41	40	24	16	32	28	10	35	49	35	15	30	18	12	20	16	34	14	23	31	12	26	48	32	27	26	30	15	27	11	27	43	17	44	39	22	15	25	13	12	34	31	39	35	15	24	17	36	31	24	38	19	22	22	36	36	11	34	31	23	24	39	29	41	39	14	31	49	41	46	27	50	29	21	49	29	25	29	26	27	42	22	32	11	11	23	13	17	39	19	19	34	29	33	39	39	46	36	44	13	39	38	16	14	38	10	49	39	37	16	12	47	48	31	41	44	47	25	23	44	49	23	31	27	20	16	43	24	24	17	34	31	29	36	26	21	48	49	43	13	30	29	18	21	36	12	28	14	29	47	31	30	38	36	40	46	28	22	36	33	18	34	45	42	31	20	41	18	37	38	17	19	24	30	41	48	49	18	38	32	48	11	40	37	17	43	21	38	22	21	22	21	14	15	30	40	24	34	43	33	27	42	25	12	40	41	33	44	43	10	17	19	12	12	36	10	38	24	39	23	22	36	46	39	42	14	27	14	37	49	10	12	27	20	12	20	46	22	32	35	20	43	17	36	21	19	23	35	49	32	46	36	15	28	31	10	32	34	48	41	40	36	26	34	27	37	32	30	31	18	49	42	18	46	34	29	15	45	45	10	27	38	30	33	46	40	34	44	34	15	37	16	12	30	23	34	46	34	30	37	15	18	40	36	39	31	22	35	12	44	17	44	34	36	43	34	29	13	37	46	46	40	41	19	23	28	28	18	21	13	10	21	10	48	49	20	38	50	26	41	24	44	24	41	40	15	40	33	16	31	35	44	39	40	22	35	43	49	46	37	15	35	16	18	43	15	20	47	28	26	42	34	40	50	20	49	42	10	17	18	35	23	14	25	22	18	15	21	42	49	29	23	37	23	45	15	12	36	41	46	19	43	22	10	28	22	50	45	42	33	17	18	49	44	28	26	34	37	17	27	17	22	32	28	36	19	18	49	10	10	32	23	49	49	30	29	19	14	26	16	19	23	46	18	13	14	31	34	37	48	31	25	20	21	33	46	31	46	12	16	26	20	31	45	38	29	34	46	31	39	27	39	11	15	47	15	20	26	18	44	26	41	19	36	39	49	11	24	32	23	31	34	37	38	49	10	24	12	15	48	45	16	24	12	20	30	26	38	39	12	34	27	46	43	19	36	35	45	26	31	29	46	20	42	14	35	24	35	50	44	50	31	29	50	44	21	26	39	35	31	28	14	42	28	10	50	25	41	37	21	19	31	40	43	33	44	27	14	49	27	30	45	12	15	46	28	50	34	15	36	20	32	38	14	37	34	44	48	41	50	33	12	15	35	46	19	33	27	47	28	39	21	50	36	26	35	41	27	45	26	49	42	18	20	48	14	14	32	14	49	20	38	25	38	19	37	16	25	38	10	19	16	37	47	15	10	47	38	36	19	26	47	25	19	40	30	36	25	18	18	20	43	18	23	10	31	26	34	10	34	29	30	46	14	40	40	27	40	29	11	40	23	28	10	36	29	42	50	33	11	12	43	42	13	20	41	40	34	32	45	18	15	42	41	16	32	42	48	15	37	26	23	43	44	14	27	29	34	17	27	40	24	23	39	10	22	20	31	44	50	48	25	18	14	22	23	31	42	14	47	17	13	24	38	13	10	29	11	15	37	43	37	44	43	23	25	42	41	33	19	19	27	29	44	20	41	23	44	39	24	26	25	35	20	28	25	22	16	26	22	23	18	11	27	26	23	39	29	18	42	12	12	17	41	12	14	14	28	30	27	17	45	48	29	15	31	40	30	38	16	43	23	23	21	37	17	46	16	43	38	50	17	42	27	49	22	40	37	18	17	26	23	18	21	27	35	20	16	15	22	10	38	42	26	45	17	27	10	42	42	30	48	33	29	29	21	30	14	18	27	45	31	28	37	21	19	47	23	28	10	30	15	29	37	27	35	25	18	42	35	33	24	36	46	20	49	17	21	44	47	10	44	32	21	40	46	15	20	23	46	50	42	16	28	44	32	25	27	16	27	20	30	41	46	16	19	41	40	50	45	38	24	41	12	48	19	34	16	50	25	48	34	33	26	41	39	14	27	48	50	38	15	22	30	44	46	22	45	32	12	43	18	41	15	25	39	24	17	37	38	33	15	28	31	38	23	28	12	29	35	11	31	38	35	26	23	21	20	50	20	15	19	40	48	14	25	48	22	28	29	44	35	16	34	48	49	44	36	11	17	48	25	31	16	27	49	46	47	23	37	13	22	40	33	44	33	27	15	33	39	32	24	27	26	29	44	20	50	20	36	45	39	11	43	30	23	34	37	34	37	49	11	38	47	23	46	43	50	18	38	14	45	23	16	22	47	31	25	41	23	38	25	34	16	18	17	12	18	29	43	37	40	18	44	38	23	40	48	40	44	48	33	37	10	11	47	33	46	20	21	13	35	26	26	23	35	18	42	44	10	32	38	39	26	41	47	17	46	13	42	38	13	46	35	16	28	18	49	46	50	16	13	24	33	13	41	49	42	20	49	50	35	32	25	23	39	14	11	43	44	18	23	34	15	50	24	26	28	30	32	24	14	31	25	26	46	19	32	32	15	46	39	33	50	38	16	46	17	41	11	15	13	21	19	31	48	21	44	31	15	19	10	12	48	42	47	25	27	14	19	18	32	41	25	38	41	39	32	40	39	18	17	33	21	22	34	23	24	29	16	35	41	13	25	46	48	29	50	23	15	27	16	43	48	18	20	10	35	46	26	42	49	38	43	37	25	10	39	48	37	44	10	34	36	22	18	15	18	21	28	49	18	37	16	20	41	36	34	43	12	38	10	45	44	47	18	45	11	38	38	36	18	22	22	21	11	27	23	21	20	20	43	32	34	13	40	26	48	44	22	43	26	35	46	14	44	26	35	29	48	10	41	13	17	47	22	10	44	47	10	35	40	24	16	10	16	27	17	34	47	42	12	13	46	25	14	33	43	26	49	25	41	21	20	35	32	25	22	20	49	28	43	11	42	10	42	18	35	48	34	37	43	29	49	48	17	19	40	49	20	43	48	28	18	16	19	37	16	17	25	30	46	24	41	35	36	22	49	18	44	14	20	31	15	14	14	43	28	46	22	41	22	31	25	10	16	16	19	40	31	34	11	27	20	12	18	20	27	16	41	48	14	45	19	20	39	28	40	10	24	27	45	28	34	36	44	39	22	33	21	41	31	23	24	16	18	14	16	11	42	36	39	19	30	11	11	49	21	30	18	28	23	39	30	15	35	19	15	37	23	44	38	25	43	45	35	31	18	17	49	44	20	36	46	37	39	32	39	22	30	18	40	18	23	12	48	45	22	49	11	49	15	38	33	45	15	29	47	45	16	31	13	32	47	28	24	27	20	45	35	26	21	36	28	48	10	48	43	42	21	25	25	29	17	27	25	16	14	45	39	35	32	37	27	29	10	41	35	13	26	22	10	22	45	38	45	17	12	12	45	31	29	39	36	13	25	38	50	23	47	22	16	24	19	12	19	21	37	37	42	29	19	23	49	47	34	37	42	24	24	29	48	27	25	38	49	47	35	42	47	10	40	30	21	28	47	19	12	12	33	43	14	31	43	36	40	23	48	10	42	43	26	14	32	23	12	32	25	42	16	19	29	33	32	48	34	29	30	45	39	47	25	48	46	21	46	31	38	27	33	20	46	36	22	19	50	15	42	11	25	12	14	37	38	36	18	46	17	14	28	50	50	38	11	13	18	37	22	28	13	22	26	44	35	21	30	14	14	40	39	26	13	16	16	27	46	40	25	12	32	17	38	33	28	32	41	18	24	32	33	15	41	45	46	22	45	20	39	38	27	27	20	24	50	35	50	16	15	24	33	39	23	11	45	44	46	14	47	22	44	18	23	43	28	48	16	22	13	18	44	18	10	14	23	15	47	14	30	48	49	32	45	33	29	33	46	23	14	38	39	23	31	24	40	20	20	45	28	48	26	21	31	25	25	35	36	30	18	39	48	48	26	26	41	45	35	35	19	30	37	17	13	32	39	11	10	38	19	22	15	45	12	32	30	20	34	13	44	47	24	23	36	48	41	12	47	24	20	13	42	43	43	28	46	20	37	26	21	35	37	24	17	35	25	46	36	32	40	17	44	35	26	20	45	46	16	16	20	21	39	21	21	43	28	34	45	23	38	21	11	31	13	14	49	36	28	16	27	40	23	26	24	16	29	48	39	13	11	50	37	24	21	14	23	49	11	39	28	44	13	43	24	14	22	29	48	29	40	30	39	32	19	28	42	18	11	38	36	49	30	20	25	44	42	17	45	39	47	38	32	39	47	35	31	36	37	30	42	32	24	41	20	10	15	16	22	11	18	35	34	20	44	20	32	28	41	12	33	35	14	26	12	10	20	12	35	34	37	45	27	26	25	12	47	44	47	46	25	23	20	25	19	11	16	44	43	28	30	18	47	14	49	48	28	28	44	50	16	30	16	46	31	29	21	29	15	32	13	20	45	26	19	21	19	17	47	48	47	23	12	46	11	30	30	17	43	29	32	29	50	11	44	28	41	22	17	45	45	33	39	25	29	39	38	50	21	50	50	26	30	42	40	10	24	38	21	19	28	34	44	19	44	20	26	37	12	14	23	16	41	27	46	25	47	50	38	34	21	17	14	32	28	14	44	38	42	48	23	16	19	22	34	40	24	13	32	16	45	36	43	18	40	34	14	13	11	28	30	27	47	41	48	10	21	41	36	41	11	41	50	37	12	14	23	21	29	42	15	20	45	33	17	23	10	33	37	27	23	45	19	47	45	30	16	16	12	29	18	15	41	26	31	44	35	19	23	32	35	45	36	44	17	50	28	26	49	44	27	37	38	20	16	25	43	11	45	35	13	30	36	14	38	43	50	50	34	26	28	11	39	41	27	42	22	23	49	21	11	37	46	31	44	32	41	38	37	37	24	38	27	23	37	25	37	11	48	41	27	14	27	10	38	20	22	18	13	33	40	14	46	50	24	11	26	18	49	50	46	47	39	13	34	37	47	41	26	40	17	12	30	45	15	26	49	24	10	18	10	39	23	40	20	44	46	23	22	23	19	13	34	18	18	45	29	42	23	44	24	29	21	17	11	14	43	43	20	50	16	26	50	40	43	21	10	49	33	22	11	43	35	14	20	12	15	14	48	17	23	12	45	37	20	42	48	15	10	44	36	18	31	15	47	27	19	34	43	42	15	42	37	48	38	39	32	50	43	40	30	23	45	38	50	36	28	18	46	36	42	14	27	48	16	12	20	49	15	41	26	44	27	48	38	25	11	28	25	27	21	35	42	48	42	36	10	13	46	13	33	16	19	38	37	19	24	30	47	24	41	39	36	25	40	33	11	19	27	40	27	46	44	11	41	21	26	43	18	28	24	40	45	14	35	40	14	10	17	23	24	24	10	31	10	14	25	12	14	26	15	47	25	46	42	38	13	44	49	29	38	21	27	44	30	42	20	45	16	31	15	28	38	26	26	12	25	31	26	42	44	15	50	44	15	45	19	37	35	14	43	13	49	11	46	29	15	47	28	18	41	13	14	38	26	43	49	18	38	14	23	23	48	49	32	26	16	24	35	11	46	33	42	17	45	49	32	39	28	40	28	43	42	34	34	26	25	20	20	20	17	15	19	24	20	24	45	38	33	42	12	39	31	39	35	28	14	43	49	30	24	10	24	44	39	14	37	28	22	20	22	47	48	22	26	47	30	42	27	43	35	38	44	33	38	20	25	39	34	11	16	46	30	16	28	46	29	32	43	39	36	11	18	20	38	15	47	48	16	49	15	36	27	33	12	37	43	28	15	23	33	48	29	41	26	29	43	14	38	49	48	22	41	24	21	25	14	44	21	29	13	49	29	12	28	45	49	48	35	33	26	17	17	18	16	10	16	37	49	32	14	12	31	46	36	27	50	16	13	16	33	36	18	38	30	25	33	13	45	37	50	32	11	14	21	13	23	39	28	20	49	15	33	22	36	49	36	50	28	37	12	33	45	15	19	18	32	11	31	31	12	30	33	36	32	19	15	32	19	50	40	28	24	48	34	19	42	18	10	32	38	35	41	24	37	18	33	26	46	33	17	12	45	33	14	24	18	37	36	25	18	38	48	41	39	43	11	22	45	30	45	23	20	22	22	18	12	33	25	34	33	36	10	41	13	40	28	16	15	11	48	41	30	48	38	47	43	38	35	10	24	48	37	13	10	34	46	35	32	21	47	11	16	24	47	25	29	13	14	32	34	28	21	40	19	25	49	26	48	44	18	35	23	45	23	11	36	34	47	45	41	38	20	36	37	33	33	23	47	31	48	10	37	10	31	41	36	23	17	28	48	17	22	12	45	37	31	39	11	16	34	27	37	18	23	37	19	26	37	16	36	24	37	11	45	35	25	34	45	37	29	42	14	23	50	25	37	29	48	42	30	18	34	11	46	16	26	36	23	39	14	13	18	50	49	14	20	23	40	38	33	21	13	38	49	36	32	20	36	34	29	42	21	43	13	15	16	37	23	43	10	45	24	44	28	10	38	39	15	11	22	22	28	28	15	37	34	49	12	10	21	47	34	48	39	45	39	10	23	24	11	14	35	19	22	48	47	44	34	15	33	45	41	17	17	37	12	25	20	27	10	32	27	13	18	41	44	28	49	16	38	24	10	32	27	16	45	43	44	50	13	21	13	36	41	32	37	28	43	23	11	37	23	47	33	28	10	48	17	36	38	30	41	39	23	14	29	40	30	41	14	16	23	27	40	21	19	48	25	28	21	33	28	50	36	34	44	44	45	41	35	16	36	45	26	25	20	43	14	36	46	40	19	18	50	44	43	14	35	11	27	41	38	11	33	22	38	31	39	16	20	47	44	21	29	17	14	25	48	24	34	17	16	31	31	27	30	28	27	40	44	22	13	21	17	19	29	37	23	40	12	39	22	38	31	46	12	39	49	26	10	20	50	10	32	21	42	31	43	22	44	31	34	12	35	13	27	25	37	42	21	48	24	17	20	32	24	45	47	17	20	10	17	50	44	28	17	13	42	42	33	14	33	14	40	40	16	12	13	50	20	48	49	27	48	36	10	19	27	21	15	45	21	34	48	11	18	16	40	34	34	45	39	24	29	35	41	46	48	31	46	41	20	11	32	46	36	10	29	49	44	12	16	27	23	31	24	45	24	19	38	14	22	14	46	31	12	46	42	17	22	47	39	42	27	15	28	43	50	23	23	21	12	21	39	16	29	35	15	42	26	41	48	24	16	16	34	46	26	20	12	13	30	32	11	48	35	48	35	29	20	30	20	35	50	11	38	32	10	43	50	30	43	36	25	41	29	13	48	16	33	26	39	38	36	31	40	39	15	30	38	33	30	44	48	40	22	50	50	22	10	25	23	29	30	49	29	37	33	11	15	43	22	25	17	14	50	30	40	17	20	17	25	34	12	10	21	45	46	18	43	38	50	50	22	17	48	34	15	39	29	45	33	24	27	22	25	18	45	41	29	21	12	35	25	42	18	46	40	31	12	44	24	18	10	32	26	48	26	27	10	18	30	36	28	20	21	45	50	37	31	11	37	19	13	37	32	38	19	43	28	25	12	40	11	23	25	32	38	27	10	41	44	45	16	22	48	42	15	23	47	17	13	25	18	41	24	38	35	18	49	35	37	40	19	10	49	41	25	29	28	15	11	21	30	47	14	38	19	37	21	34	36	21	33	46	50	48	17	31	19	16	17	18	29	12	43	31	27	43	13	34	34	22	31	12	28	13	11	46	30	25	42	32	11	50	41	37	29	38	36	13	14	29	39	37	33	45	47	24	31	15	10	35	50	47	11	50	43	37	11	11	26	17	49	31	42	18	29	16	24	20	20	27	46	36	13	46	27	34	44	27	39	42	10	11	14	41	35	25	44	23	26	50	34	42	13	47	34	11	20	46	30	15	45	29	40	48	14	50	16	42	35	34	14	39	25	13	14	10	32	47	36	24	28	34	11	29	19	21	15	24	47	40	45	43	18	21	45	44	33	42	19	14	43	17	50	17	35	32	26	37	16	36	38	29	50	19	47	16	47	22	23	38	10	34	37	43	48	41	27	11	22	27	23	45	28	44	28	37	11	43	38	30	30	38	14	47	41	22	35	46	49	43	43	13	33	23	11	42	40	10	12	12	43	41	33	21	44	36	48	37	20	11	38	40	44	48	15	27	36	24	25	16	16	16	22	27	16	20	36	43	39	45	11	48	16	47	18	23	13	40	26	37	19	29	29	13	31	20	46	19	16	10	21	
15
80
