4455
100
0	0	0	0	0	0	0	0	0	0	0	0	192	0	0	0	0	0	0	0	0	0	0	0	0	0	0	0	0	0	0	0	0	0	0	0	0	0	0	0	0	0	0	0	0	0	0	0	0	0	0	0	0	0	0	0	0	0	0	0	0	0	0	0	0	0	0	0	0	0	0	0	0	0	0	500	0	0	0	0	0	96	0	0	0	0	0	0	0	0	0	0	0	0	0	0	0	0	0	0	
0	0	0	0	0	0	0	0	0	0	0	96	0	0	0	0	0	0	0	0	0	0	0	0	0	0	0	0	0	0	0	0	0	0	0	0	0	0	0	0	0	0	0	0	0	0	0	0	0	0	0	0	0	0	0	0	0	0	0	0	0	0	0	0	0	0	0	0	0	0	0	0	0	0	500	48	0	0	0	0	0	0	0	0	0	0	0	0	0	0	0	0	0	0	0	0	0	0	0	0	
0	0	0	0	0	0	0	0	0	0	0	0	0	0	0	0	0	0	0	0	0	0	0	0	0	0	0	0	0	500	0	0	0	0	0	0	0	0	0	0	0	0	0	0	0	0	0	0	0	0	0	0	0	0	0	0	0	0	0	0	0	0	0	0	0	0	0	0	192	0	0	0	0	0	0	0	0	0	0	0	0	0	0	0	0	0	0	0	0	0	0	0	0	0	0	0	0	0	0	0	
0	0	0	0	0	0	0	0	0	0	0	0	0	0	0	0	0	0	0	0	0	0	0	0	0	0	0	0	0	0	0	0	0	0	0	0	0	0	0	0	0	0	0	0	0	0	0	96	0	0	0	0	0	0	0	0	0	0	0	0	0	0	0	0	0	0	0	0	0	0	0	500	0	0	0	0	0	0	0	0	0	0	0	0	0	0	0	0	0	0	0	0	0	0	0	0	0	0	0	0	
0	0	0	0	0	0	0	0	0	0	0	0	0	0	0	96	0	0	0	0	0	0	0	0	0	0	0	0	500	0	0	0	0	0	500	0	0	0	0	0	0	0	0	0	0	0	0	0	0	0	0	0	0	0	0	0	0	0	0	0	0	0	0	0	0	0	0	0	0	0	0	0	0	0	0	0	0	0	0	0	0	0	0	0	0	0	0	0	0	0	0	0	0	0	0	0	0	0	0	0	
0	0	0	0	0	0	0	0	0	0	0	0	0	0	0	0	0	0	0	0	0	0	0	0	0	0	0	0	192	0	0	0	0	0	0	0	192	0	0	0	0	0	0	0	0	0	0	0	0	0	0	0	0	0	0	0	0	0	0	0	0	0	0	0	0	192	0	0	0	0	0	0	0	0	0	0	0	0	0	0	0	0	0	0	0	0	0	0	0	0	500	0	192	0	0	0	0	0	0	0	
0	0	0	0	0	0	0	0	0	0	0	0	0	0	0	0	0	96	0	192	0	0	0	0	0	0	0	0	0	0	0	0	0	0	0	0	0	0	0	0	0	0	0	0	0	0	0	0	0	0	0	0	0	0	0	0	0	0	0	0	0	0	0	0	0	0	0	0	0	0	0	0	0	0	0	0	0	0	0	0	0	0	0	0	0	0	0	0	0	0	0	0	0	0	0	0	0	0	0	0	
0	0	0	0	0	0	0	0	0	0	0	0	0	0	0	0	0	0	0	0	0	0	0	0	0	0	0	0	0	0	0	0	0	0	0	0	0	0	0	0	0	0	0	0	0	0	0	0	48	0	0	0	0	0	0	500	0	0	0	0	0	0	0	0	0	0	0	0	0	0	0	0	0	0	0	0	0	0	0	0	0	0	0	0	0	0	0	0	0	0	0	0	0	0	0	0	0	0	0	0	
0	0	0	0	0	0	0	0	0	96	0	0	0	0	0	0	0	0	0	0	0	0	0	0	0	0	0	0	0	96	0	0	0	0	0	0	0	0	500	0	0	0	0	0	0	0	0	0	0	0	0	0	0	0	0	0	0	0	0	0	0	0	0	0	0	0	0	0	0	0	0	0	0	0	0	0	0	0	0	0	0	0	0	0	192	0	0	0	0	0	0	0	0	0	0	0	0	0	0	0	
0	0	0	0	0	0	0	0	96	0	0	0	0	0	0	0	0	0	0	0	0	0	0	0	0	0	0	0	0	0	0	0	0	0	0	0	0	0	0	0	0	0	0	0	0	0	0	0	0	0	0	0	0	0	0	0	0	0	0	0	0	0	0	0	0	0	0	0	0	0	0	0	0	0	0	0	0	0	0	0	0	0	0	0	48	0	0	0	0	0	0	0	0	0	0	0	0	0	0	0	
0	0	0	0	0	0	0	0	0	0	0	0	0	0	0	0	0	0	48	0	0	0	0	0	0	0	0	0	0	0	0	0	0	0	0	0	0	0	0	0	0	0	0	0	0	0	0	0	0	0	0	0	0	0	0	0	0	0	0	0	0	0	0	0	0	0	0	0	0	0	0	0	0	0	0	0	0	0	0	500	0	192	0	0	0	0	0	0	0	0	0	96	0	0	0	0	0	0	0	0	
0	96	0	0	0	0	0	0	0	0	0	0	0	0	0	0	0	0	0	0	0	0	0	0	0	0	0	0	0	0	0	0	0	0	0	0	0	0	0	0	0	0	0	0	0	0	0	0	0	0	0	0	0	0	0	0	0	0	0	0	0	0	0	0	0	0	0	0	0	0	0	0	0	0	0	192	0	0	0	0	0	0	0	0	0	0	0	0	0	0	0	0	0	0	0	0	0	0	0	0	
192	0	0	0	0	0	0	0	0	0	0	0	0	0	0	0	0	0	0	0	0	0	0	0	0	0	96	0	0	0	0	500	0	0	0	0	0	0	0	0	0	0	0	0	0	0	0	0	0	0	0	0	0	0	0	0	0	0	0	0	0	0	0	0	0	0	0	0	0	0	0	0	0	0	0	0	0	0	0	0	0	0	0	0	0	0	0	0	0	0	0	0	0	0	0	0	0	0	0	0	
0	0	0	0	0	0	0	0	0	0	0	0	0	0	0	0	0	0	0	0	0	0	0	0	0	500	0	0	0	0	0	0	0	0	0	0	0	0	0	96	0	0	0	0	0	0	0	0	0	0	0	0	0	0	0	0	0	0	0	0	0	0	0	0	0	0	0	0	0	0	0	0	0	0	0	0	0	0	0	0	0	0	0	0	0	0	0	0	0	0	0	0	0	0	0	0	0	0	96	0	
0	0	0	0	0	0	0	0	0	0	0	0	0	0	0	0	0	0	0	0	0	0	0	0	0	0	0	48	0	0	0	0	0	0	0	0	0	0	0	0	0	0	0	0	0	0	0	0	0	0	0	0	0	0	0	0	0	0	0	0	0	0	0	96	0	0	0	0	0	0	0	0	0	0	0	0	0	0	0	0	0	0	0	0	0	0	0	0	0	0	0	0	0	0	0	0	0	0	0	0	
0	0	0	0	96	0	0	0	0	0	0	0	0	0	0	0	0	0	0	0	0	0	0	0	0	0	0	0	0	0	0	0	0	0	192	0	0	0	0	0	0	0	0	0	0	0	0	0	0	0	0	0	0	0	0	0	0	0	0	0	0	0	0	0	0	0	0	0	0	0	0	0	0	0	0	0	0	0	0	0	0	0	0	0	0	0	0	0	0	0	0	0	0	0	0	0	0	0	0	0	
0	0	0	0	0	0	0	0	0	0	0	0	0	0	0	0	0	0	0	0	0	0	0	0	0	0	0	0	0	0	0	0	0	0	0	0	0	0	0	0	0	0	0	0	48	0	0	0	48	0	0	0	0	0	0	192	500	0	0	0	0	0	0	0	0	0	0	0	0	0	0	0	0	0	0	0	0	0	0	0	0	0	0	0	0	0	0	0	0	0	0	0	0	0	0	0	0	0	0	0	
0	0	0	0	0	0	96	0	0	0	0	0	0	0	0	0	0	0	0	0	0	0	0	0	0	0	0	0	0	0	0	0	0	0	0	0	0	0	0	0	0	0	0	0	0	0	0	0	0	0	0	0	0	0	0	0	0	0	0	0	0	48	0	0	0	0	0	0	0	0	0	0	0	0	0	0	0	0	0	0	0	0	0	0	0	0	0	0	0	0	0	0	0	0	0	0	0	0	0	0	
0	0	0	0	0	0	0	0	0	0	48	0	0	0	0	0	0	0	0	0	0	0	0	0	0	0	0	0	0	0	0	0	0	0	0	0	0	0	0	0	0	0	0	0	0	0	0	0	0	0	0	0	0	0	0	0	0	0	0	0	0	0	0	0	0	0	0	0	0	0	0	0	0	0	0	0	0	0	0	500	0	96	0	0	0	0	0	0	0	0	0	0	0	0	0	0	0	0	0	0	
0	0	0	0	0	0	192	0	0	0	0	0	0	0	0	0	0	0	0	0	0	0	0	0	0	0	0	0	0	0	0	0	0	0	0	0	0	96	0	0	0	0	0	0	0	0	0	0	0	0	0	0	0	0	0	0	0	0	0	0	0	0	0	0	0	0	0	0	0	0	0	0	0	0	0	0	0	0	0	0	0	0	0	0	0	0	0	0	0	0	0	0	0	0	0	0	0	0	0	0	
0	0	0	0	0	0	0	0	0	0	0	0	0	0	0	0	0	0	0	0	0	0	0	0	0	0	0	0	0	0	0	0	0	0	0	0	0	0	0	0	0	0	0	0	0	0	0	0	0	0	0	0	0	0	0	0	48	0	0	0	0	0	0	0	0	0	0	0	0	0	0	0	192	48	0	0	0	0	0	0	0	0	0	0	0	0	0	0	0	0	0	0	0	0	0	0	0	0	0	0	
0	0	0	0	0	0	0	0	0	0	0	0	0	0	0	0	0	0	0	0	0	0	0	0	0	0	0	0	0	0	0	0	0	0	0	0	0	0	0	0	0	0	0	0	0	0	48	0	0	0	0	0	0	0	0	0	0	0	0	0	0	0	0	0	0	0	0	0	0	0	0	0	0	0	0	0	0	0	0	0	0	0	0	0	0	0	0	0	0	0	0	0	0	0	0	500	0	0	0	0	
0	0	0	0	0	0	0	0	0	0	0	0	0	0	0	0	0	0	0	0	0	0	0	0	0	0	0	0	0	0	96	0	0	0	0	500	0	0	0	0	0	0	0	0	0	0	0	0	0	0	0	0	0	0	0	0	0	0	0	0	0	0	0	0	0	0	0	0	0	0	0	0	0	0	0	0	48	0	0	0	0	0	0	0	0	0	0	0	0	0	0	0	0	0	0	0	0	0	0	0	
0	0	0	0	0	0	0	0	0	0	0	0	0	0	0	0	0	0	0	0	0	0	0	0	0	0	0	0	0	0	0	0	0	0	0	0	0	0	0	0	0	0	0	0	0	96	0	0	0	0	0	0	0	0	0	0	0	0	0	0	0	0	0	0	0	0	0	0	0	0	0	0	0	0	0	0	0	0	0	0	0	0	0	96	0	0	0	0	0	0	0	0	0	0	0	0	0	0	0	0	
0	0	0	0	0	0	0	0	0	0	0	0	0	0	0	0	0	0	0	0	0	0	0	0	0	0	0	0	0	0	0	0	0	0	0	0	0	0	0	0	0	0	0	0	0	0	0	0	0	0	0	0	0	0	0	0	0	0	48	0	0	0	0	0	0	0	0	0	0	0	0	0	0	0	0	0	0	0	0	0	0	0	0	0	0	0	0	0	0	48	0	0	0	0	0	0	0	0	0	0	
0	0	0	0	0	0	0	0	0	0	0	0	0	500	0	0	0	0	0	0	0	0	0	0	0	0	0	0	0	0	0	0	0	0	0	0	0	0	0	500	0	0	0	0	0	0	0	0	0	0	0	0	0	0	0	0	0	0	0	0	0	0	0	0	0	0	0	0	0	0	0	0	0	0	0	0	0	0	0	0	0	0	0	0	0	0	0	0	0	0	0	0	0	0	0	0	0	0	0	0	
0	0	0	0	0	0	0	0	0	0	0	0	96	0	0	0	0	0	0	0	0	0	0	0	0	0	0	0	0	0	0	500	0	0	0	0	0	0	0	0	0	0	0	0	0	0	0	0	0	0	0	0	0	0	0	0	0	0	0	0	0	0	0	0	0	0	0	0	0	0	0	0	0	0	0	0	0	0	0	0	0	0	0	0	0	0	0	0	500	0	0	0	0	0	0	0	0	0	0	0	
0	0	0	0	0	0	0	0	0	0	0	0	0	0	48	0	0	0	0	0	0	0	0	0	0	0	0	0	0	0	0	0	0	0	0	0	0	0	0	0	0	0	0	0	0	0	0	0	0	0	0	0	0	0	0	0	0	0	0	0	0	0	0	96	0	0	0	0	0	0	0	0	0	0	0	0	0	0	0	0	0	0	0	0	0	0	0	0	0	0	0	0	0	0	0	0	192	0	0	0	
0	0	0	0	500	192	0	0	0	0	0	0	0	0	0	0	0	0	0	0	0	0	0	0	0	0	0	0	0	0	0	0	0	0	0	0	0	0	0	0	0	0	0	0	0	0	0	0	0	0	0	0	0	0	0	0	0	0	0	0	0	0	0	0	0	0	0	0	0	0	0	0	0	0	0	0	0	0	0	0	0	0	0	0	0	0	0	0	0	0	0	0	0	0	0	0	0	0	0	0	
0	0	500	0	0	0	0	0	96	0	0	0	0	0	0	0	0	0	0	0	0	0	0	0	0	0	0	0	0	0	0	0	0	0	0	0	0	0	0	0	0	0	0	0	0	0	0	0	0	0	0	0	0	0	0	0	0	0	0	0	0	0	0	0	0	0	0	0	0	0	0	0	0	0	0	0	0	0	0	0	0	0	0	0	0	0	0	0	0	0	0	0	0	0	0	0	0	0	0	0	
0	0	0	0	0	0	0	0	0	0	0	0	0	0	0	0	0	0	0	0	0	0	96	0	0	0	0	0	0	0	0	0	0	0	0	0	0	0	0	0	0	0	0	0	0	0	0	0	0	0	0	0	0	0	192	0	0	0	0	0	0	0	0	0	0	0	0	0	0	0	0	0	0	0	0	0	0	0	0	0	0	0	0	0	0	0	0	0	0	0	0	0	0	0	0	0	0	0	0	0	
0	0	0	0	0	0	0	0	0	0	0	0	500	0	0	0	0	0	0	0	0	0	0	0	0	0	500	0	0	0	0	0	0	0	0	0	0	0	0	0	0	0	0	0	0	0	0	0	0	0	0	0	0	0	0	0	0	0	0	0	0	0	0	0	0	0	0	0	0	0	0	0	0	0	0	0	0	0	0	0	0	0	0	0	0	0	0	0	96	0	0	0	0	0	0	0	0	0	0	0	
0	0	0	0	0	0	0	0	0	0	0	0	0	0	0	0	0	0	0	0	0	0	0	0	0	0	0	0	0	0	0	0	0	0	0	0	0	0	0	0	0	0	0	0	0	0	0	0	0	0	0	0	0	0	0	0	0	0	48	0	0	0	0	0	0	0	0	0	0	0	0	0	0	0	0	0	0	48	0	0	0	0	0	0	0	0	0	0	0	0	0	0	0	0	0	0	0	0	0	0	
0	0	0	0	0	0	0	0	0	0	0	0	0	0	0	0	0	0	0	0	0	0	0	0	0	0	0	0	0	0	0	0	0	0	0	0	0	0	0	0	0	48	0	0	0	0	0	0	0	0	0	0	0	0	0	0	0	0	0	0	0	0	0	0	0	0	0	0	0	0	0	0	0	0	0	0	192	0	0	0	0	0	0	0	0	0	0	0	0	0	0	0	0	0	0	0	0	0	0	0	
0	0	0	0	500	0	0	0	0	0	0	0	0	0	0	192	0	0	0	0	0	0	0	0	0	0	0	0	0	0	0	0	0	0	0	0	0	0	0	0	0	0	0	0	0	0	0	0	0	0	96	0	0	0	0	0	0	0	0	0	0	0	0	0	0	96	0	0	0	0	0	0	0	0	0	0	0	0	0	0	0	0	192	0	0	0	0	0	0	0	0	0	0	0	0	0	0	0	0	0	
0	0	0	0	0	0	0	0	0	0	0	0	0	0	0	0	0	0	0	0	0	0	500	0	0	0	0	0	0	0	0	0	0	0	0	0	0	0	0	0	0	0	0	0	0	0	0	0	0	0	0	0	0	0	0	0	0	0	0	0	0	0	96	0	0	0	0	0	0	0	0	0	0	0	0	0	0	0	0	0	0	0	0	0	0	0	0	0	0	0	0	0	0	0	0	0	0	0	0	0	
0	0	0	0	0	192	0	0	0	0	0	0	0	0	0	0	0	0	0	0	0	0	0	0	0	0	0	0	0	0	0	0	0	0	0	0	0	0	0	0	0	0	0	0	0	0	0	0	0	0	0	0	0	0	0	0	0	0	0	0	0	0	0	0	0	192	0	0	0	0	0	0	0	0	0	0	0	0	0	0	0	0	0	0	0	0	0	0	0	0	0	0	0	0	0	0	0	0	0	0	
0	0	0	0	0	0	0	0	0	0	0	0	0	0	0	0	0	0	0	96	0	0	0	0	0	0	0	0	0	0	0	0	0	0	0	0	0	0	0	0	0	0	0	0	0	0	0	0	0	0	0	0	0	0	0	0	0	0	0	0	0	0	0	0	0	0	0	0	0	0	0	0	0	0	500	0	0	0	0	0	0	0	0	0	0	0	0	0	0	0	0	0	0	0	0	0	0	0	0	0	
0	0	0	0	0	0	0	0	500	0	0	0	0	0	0	0	0	0	0	0	0	0	0	0	0	0	0	0	0	0	0	0	0	0	0	0	0	0	0	0	0	0	0	0	0	0	0	0	0	0	0	0	0	0	0	0	0	0	0	0	0	0	0	0	0	0	0	0	0	0	0	192	0	0	0	0	0	0	0	0	0	0	0	0	0	0	0	0	0	0	0	0	0	0	0	0	0	0	0	0	
0	0	0	0	0	0	0	0	0	0	0	0	0	96	0	0	0	0	0	0	0	0	0	0	0	500	0	0	0	0	0	0	0	0	0	0	0	0	0	0	0	0	0	0	0	0	0	0	0	0	0	0	0	0	0	0	0	0	0	0	0	0	0	0	0	0	0	48	0	0	0	0	0	0	0	0	0	0	0	0	0	0	0	0	0	0	0	0	0	0	0	0	0	0	48	0	0	0	0	0	
0	0	0	0	0	0	0	0	0	0	0	0	0	0	0	0	0	0	0	0	0	0	0	0	0	0	0	0	0	0	0	0	0	0	0	0	0	0	0	0	0	0	0	500	0	0	0	48	0	0	0	48	0	0	0	0	0	0	0	0	0	0	0	0	0	0	0	0	0	0	0	0	0	0	0	0	0	0	0	0	0	0	0	0	0	0	0	0	0	0	0	0	0	0	0	0	0	0	0	0	
0	0	0	0	0	0	0	0	0	0	0	0	0	0	0	0	0	0	0	0	0	0	0	0	0	0	0	0	0	0	0	0	0	48	0	0	0	0	0	0	0	0	0	0	0	0	0	0	0	0	0	0	0	0	0	0	0	0	0	0	0	0	0	0	0	0	0	0	0	0	0	0	0	0	0	0	0	0	0	0	500	0	0	0	0	96	0	0	0	0	0	0	0	0	0	0	0	0	0	0	
0	0	0	0	0	0	0	0	0	0	0	0	0	0	0	0	0	0	0	0	0	0	0	0	0	0	0	0	0	0	0	0	0	0	0	0	0	0	0	0	0	0	0	0	0	0	0	0	0	0	500	0	0	0	0	0	0	0	0	0	0	0	0	0	48	48	0	0	0	0	0	0	0	0	0	0	0	0	0	0	0	0	192	0	0	0	0	500	0	0	0	0	0	0	0	0	0	0	0	0	
0	0	0	0	0	0	0	0	0	0	0	0	0	0	0	0	0	0	0	0	0	0	0	0	0	0	0	0	0	0	0	0	0	0	0	0	0	0	0	0	500	0	0	0	0	0	0	0	0	0	0	500	0	0	0	0	0	0	0	0	0	0	0	0	0	0	500	0	0	0	0	0	0	0	0	0	0	0	0	0	0	0	0	0	0	0	96	0	0	0	0	0	0	500	0	0	0	0	0	0	
0	0	0	0	0	0	0	0	0	0	0	0	0	0	0	0	48	0	0	0	0	0	0	0	0	0	0	0	0	0	0	0	0	0	0	0	0	0	0	0	0	0	0	0	0	0	0	0	0	0	0	0	0	0	0	0	48	0	0	0	0	0	0	0	0	0	0	0	0	0	0	0	0	0	0	0	0	0	0	0	0	0	0	0	0	0	0	0	0	0	0	0	0	0	0	0	96	0	0	0	
0	0	0	0	0	0	0	0	0	0	0	0	0	0	0	0	0	0	0	0	0	0	0	96	0	0	0	0	0	0	0	0	0	0	0	0	0	0	0	0	0	0	0	0	0	0	0	0	0	0	0	0	0	0	0	0	0	0	0	0	0	0	0	0	0	0	0	0	0	0	0	0	0	0	0	0	0	0	192	0	0	0	0	0	0	0	0	0	0	0	0	0	0	0	0	0	0	0	0	0	
0	0	0	0	0	0	0	0	0	0	0	0	0	0	0	0	0	0	0	0	0	48	0	0	0	0	0	0	0	0	0	0	0	0	0	0	0	0	0	0	0	0	0	0	0	0	0	0	0	0	0	0	192	0	0	0	0	0	0	0	0	0	0	0	0	0	0	0	0	0	0	0	0	0	0	0	0	0	0	0	0	0	0	0	0	0	0	0	0	0	0	0	0	0	0	192	0	96	0	0	
0	0	0	96	0	0	0	0	0	0	0	0	0	0	0	0	0	0	0	0	0	0	0	0	0	0	0	0	0	0	0	0	0	0	0	0	0	0	0	0	48	0	0	0	0	0	0	0	0	0	0	0	0	0	0	0	0	0	0	0	0	0	0	0	0	0	0	0	0	0	0	0	0	0	0	0	0	0	0	0	0	0	0	0	0	0	0	0	0	0	0	0	0	0	0	0	0	0	0	0	
0	0	0	0	0	0	0	48	0	0	0	0	0	0	0	0	48	0	0	0	0	0	0	0	0	0	0	0	0	0	0	0	0	0	0	0	0	0	0	0	0	0	0	0	0	0	0	0	0	0	0	0	0	0	0	0	0	0	0	0	0	0	0	0	0	0	0	0	0	0	0	0	0	0	0	0	0	0	0	0	0	0	0	0	0	0	0	0	0	0	0	0	0	0	0	0	0	0	0	0	
0	0	0	0	0	0	0	0	0	0	0	0	0	0	0	0	0	0	0	0	0	0	0	0	0	0	0	0	0	0	0	0	0	0	0	0	0	0	0	0	0	0	0	0	0	0	0	0	0	0	0	0	0	0	0	0	0	0	0	0	0	0	0	0	0	0	0	0	0	0	0	0	0	0	0	0	0	0	192	0	0	0	0	0	0	0	0	0	0	0	0	0	0	0	0	0	500	0	0	0	
0	0	0	0	0	0	0	0	0	0	0	0	0	0	0	0	0	0	0	0	0	0	0	0	0	0	0	0	0	0	0	0	0	0	96	0	0	0	0	0	0	0	500	0	0	0	0	0	0	0	0	0	0	0	0	0	0	0	0	0	0	0	0	0	0	0	0	0	0	0	0	0	0	0	0	0	0	0	0	0	0	0	0	0	0	0	0	96	0	0	0	192	0	0	0	0	0	0	0	0	
0	0	0	0	0	0	0	0	0	0	0	0	0	0	0	0	0	0	0	0	0	0	0	0	0	0	0	0	0	0	0	0	0	0	0	0	0	0	0	0	48	0	0	500	0	0	0	0	0	0	0	0	0	0	0	0	0	0	0	0	0	0	0	0	0	0	500	0	0	0	0	0	0	0	0	0	0	0	0	0	0	0	0	0	0	0	0	0	0	0	0	0	0	0	0	0	0	0	0	0	
0	0	0	0	0	0	0	0	0	0	0	0	0	0	0	0	0	0	0	0	0	0	0	0	0	0	0	0	0	0	0	0	0	0	0	0	0	0	0	0	0	0	0	0	0	0	192	0	0	0	0	0	0	0	0	0	0	0	0	0	0	0	0	0	0	0	0	0	0	0	0	0	0	0	0	0	0	0	0	0	0	0	0	0	0	0	0	0	0	500	0	0	0	0	0	192	0	500	0	0	
0	0	0	0	0	0	0	0	0	0	0	0	0	0	0	0	0	0	0	0	0	0	0	0	0	0	0	0	0	0	0	0	0	0	0	0	0	0	0	0	0	0	0	0	0	0	0	0	0	0	0	0	0	0	0	0	0	0	0	0	0	0	0	0	0	0	0	0	0	0	0	0	0	0	0	0	0	0	0	0	0	0	0	0	500	0	0	0	0	0	0	0	0	0	0	0	0	0	0	500	
0	0	0	0	0	0	0	0	0	0	0	0	0	0	0	0	0	0	0	0	0	0	0	0	0	0	0	0	0	0	192	0	0	0	0	0	0	0	0	0	0	0	0	0	0	0	0	0	0	0	0	0	0	0	0	0	0	0	0	0	0	0	500	0	0	0	0	0	0	0	0	0	0	0	0	0	0	0	0	0	0	0	0	0	0	0	0	0	0	0	500	0	0	0	0	0	0	0	0	0	
0	0	0	0	0	0	0	500	0	0	0	0	0	0	0	0	192	0	0	0	0	0	0	0	0	0	0	0	0	0	0	0	0	0	0	0	0	0	0	0	0	0	0	0	0	0	0	0	0	0	0	0	0	0	0	0	0	0	0	0	0	0	0	0	0	0	0	0	0	0	0	0	0	0	0	0	0	0	0	0	0	0	0	0	0	0	0	0	0	0	0	0	0	0	0	0	0	0	0	0	
0	0	0	0	0	0	0	0	0	0	0	0	0	0	0	0	500	0	0	0	48	0	0	0	0	0	0	0	0	0	0	0	0	0	0	0	0	0	0	0	0	0	0	0	48	0	0	0	0	0	0	0	0	0	0	0	0	0	0	0	0	0	0	0	0	0	0	0	0	0	0	0	0	500	0	0	0	0	0	0	0	0	0	0	0	0	0	0	0	0	0	0	0	0	0	0	0	0	0	0	
0	0	0	0	0	0	0	0	0	0	0	0	0	0	0	0	0	0	0	0	0	0	0	0	0	0	0	0	0	0	0	0	0	0	0	0	0	0	0	0	0	0	0	0	0	0	0	0	0	0	0	0	0	0	0	0	0	0	192	0	0	0	0	0	0	0	0	0	0	0	0	0	0	0	0	0	0	0	0	0	0	0	0	0	0	0	0	0	0	192	0	0	0	96	0	0	0	0	0	0	
0	0	0	0	0	0	0	0	0	0	0	0	0	0	0	0	0	0	0	0	0	0	0	0	48	0	0	0	0	0	0	0	48	0	0	0	0	0	0	0	0	0	0	0	0	0	0	0	0	0	0	0	0	0	0	0	0	192	0	0	0	0	0	0	0	0	0	0	0	0	0	0	0	0	0	0	0	0	0	0	0	0	0	0	0	0	0	0	0	48	0	0	0	0	0	0	0	0	0	0	
0	0	0	0	0	0	0	0	0	0	0	0	0	0	0	0	0	0	0	0	0	0	0	0	0	0	0	0	0	0	0	0	0	0	0	0	0	0	0	0	0	0	0	0	0	0	0	0	0	0	0	0	0	0	0	0	0	0	0	0	0	0	0	0	0	0	0	500	0	0	0	0	0	0	0	0	0	0	0	0	0	0	0	0	0	0	0	0	0	0	0	0	0	0	192	0	96	0	0	0	
0	0	0	0	0	0	0	0	0	0	0	0	0	0	0	0	0	0	0	0	0	0	0	0	0	0	0	0	0	0	0	0	0	0	0	0	0	0	0	0	0	0	0	0	0	0	0	0	0	0	0	0	0	0	0	0	0	0	0	0	0	0	0	0	0	0	0	0	0	0	96	0	0	0	0	0	0	0	0	0	0	0	0	500	0	0	0	0	0	0	0	0	0	0	0	0	48	0	0	48	
0	0	0	0	0	0	0	0	0	0	0	0	0	0	0	0	0	48	0	0	0	0	0	0	0	0	0	0	0	0	0	0	0	0	0	0	0	0	0	0	0	0	0	0	0	0	0	0	0	0	0	0	0	0	0	0	0	0	0	0	0	0	0	0	0	0	0	0	0	0	0	0	0	0	0	0	0	500	0	0	0	0	0	0	0	0	0	0	0	0	0	0	0	0	0	0	0	0	0	0	
0	0	0	0	0	0	0	0	0	0	0	0	0	0	0	0	0	0	0	0	0	0	0	0	0	0	0	0	0	0	0	0	0	0	0	96	0	0	0	0	0	0	0	0	0	0	0	0	0	0	0	0	0	0	500	0	0	0	0	0	0	0	0	0	0	0	0	0	0	0	0	0	0	0	0	0	0	0	0	0	0	0	0	0	0	0	0	0	0	0	0	0	0	0	0	0	0	0	0	0	
0	0	0	0	0	0	0	0	0	0	0	0	0	0	96	0	0	0	0	0	0	0	0	0	0	0	0	96	0	0	0	0	0	0	0	0	0	0	0	0	0	0	0	0	0	0	0	0	0	0	0	0	0	0	0	0	0	0	0	0	0	0	0	0	0	0	0	0	0	0	0	0	0	0	0	0	0	0	0	0	0	0	0	0	0	0	0	0	0	0	0	0	0	0	0	0	0	0	0	0	
0	0	0	0	0	0	0	0	0	0	0	0	0	0	0	0	0	0	0	0	0	0	0	0	0	0	0	0	0	0	0	0	0	0	0	0	0	0	0	0	0	0	48	0	0	0	0	0	0	0	0	0	0	0	0	0	0	0	0	0	0	0	0	0	0	192	0	0	0	0	0	0	0	0	0	0	0	0	0	96	0	0	0	0	0	0	0	500	0	0	0	500	0	0	0	0	0	0	0	0	
0	0	0	0	0	192	0	0	0	0	0	0	0	0	0	0	0	0	0	0	0	0	0	0	0	0	0	0	0	0	0	0	0	0	96	0	192	0	0	0	0	0	48	0	0	0	0	0	0	0	0	0	0	0	0	0	0	0	0	0	0	0	0	0	192	0	0	0	0	0	0	0	0	0	0	0	0	0	0	0	0	0	0	0	0	0	0	0	0	0	0	0	0	0	0	0	0	0	0	0	
0	0	0	0	0	0	0	0	0	0	0	0	0	0	0	0	0	0	0	0	0	0	0	0	0	0	0	0	0	0	0	0	0	0	0	0	0	0	0	0	0	0	0	500	0	0	0	0	0	0	0	500	0	0	0	0	0	0	0	0	0	0	0	0	0	0	0	0	0	0	0	0	0	0	0	0	0	0	0	0	0	0	0	0	0	0	0	0	0	0	0	0	0	0	0	0	0	0	0	0	
0	0	0	0	0	0	0	0	0	0	0	0	0	0	0	0	0	0	0	0	0	0	0	0	0	0	0	0	0	0	0	0	0	0	0	0	0	0	0	48	0	0	0	0	0	0	0	0	0	0	0	0	0	0	0	0	0	0	0	500	0	0	0	0	0	0	0	0	0	0	0	0	0	0	0	0	0	0	0	0	0	0	0	0	0	0	0	0	0	0	0	0	0	0	0	0	0	0	0	0	
0	0	192	0	0	0	0	0	0	0	0	0	0	0	0	0	0	0	0	0	0	0	0	0	0	0	0	0	0	0	0	0	0	0	0	0	0	0	0	0	0	0	0	0	0	0	0	0	0	0	0	0	0	0	0	0	0	0	0	0	0	0	0	0	0	0	0	0	0	0	96	0	0	0	0	0	0	0	0	0	0	0	0	0	0	0	48	0	0	0	0	0	0	48	0	0	0	0	0	0	
0	0	0	0	0	0	0	0	0	0	0	0	0	0	0	0	0	0	0	0	0	0	0	0	0	0	0	0	0	0	0	0	0	0	0	0	0	0	0	0	0	0	0	0	0	0	0	0	0	0	0	0	0	0	0	0	0	0	0	0	0	0	0	0	0	0	0	0	0	0	0	0	0	0	0	0	0	0	0	0	0	0	0	96	0	0	0	0	0	0	0	0	0	0	0	0	0	0	0	96	
0	0	0	0	0	0	0	0	0	0	0	0	0	0	0	0	0	0	0	0	0	0	0	0	0	0	0	0	0	0	0	0	0	0	0	0	0	0	0	0	0	0	0	0	0	0	0	0	0	0	0	0	0	0	0	0	0	0	0	0	96	0	0	0	0	0	0	0	96	0	0	0	0	0	0	0	0	0	0	0	0	0	0	0	0	0	0	0	0	0	0	0	0	0	0	0	0	0	0	0	
0	0	0	500	0	0	0	0	0	0	0	0	0	0	0	0	0	0	0	0	0	0	0	0	0	0	0	0	0	0	0	0	0	0	0	0	0	0	192	0	0	0	0	0	0	0	0	0	0	0	0	0	0	0	0	0	0	0	0	0	0	0	0	0	0	0	0	0	0	0	0	0	0	0	0	0	0	0	0	0	0	0	0	0	0	0	0	0	0	0	0	0	0	0	0	0	0	0	0	0	
0	0	0	0	0	0	0	0	0	0	0	0	0	0	0	0	0	0	0	0	192	0	0	0	0	0	0	0	0	0	0	0	0	0	0	0	0	0	0	0	0	0	0	0	0	0	0	0	0	0	0	0	0	0	0	0	0	0	0	0	0	0	0	0	0	0	0	0	0	0	0	0	0	48	0	0	0	0	0	0	0	0	0	0	0	0	0	0	0	0	0	0	0	0	0	0	0	0	96	0	
0	0	0	0	0	0	0	0	0	0	0	0	0	0	0	0	0	0	0	0	48	0	0	0	0	0	0	0	0	0	0	0	0	0	0	0	0	0	0	0	0	0	0	0	0	0	0	0	0	0	0	0	0	0	0	0	500	0	0	0	0	0	0	0	0	0	0	0	0	0	0	0	48	0	192	0	0	0	0	0	0	0	0	0	0	0	0	0	0	0	0	0	0	0	0	0	0	0	0	0	
0	500	0	0	0	0	0	0	0	0	0	0	0	0	0	0	0	0	0	0	0	0	0	0	0	0	0	0	0	0	0	0	0	0	0	0	0	500	0	0	0	0	0	0	0	0	0	0	0	0	0	0	0	0	0	0	0	0	0	0	0	0	0	0	0	0	0	0	0	0	0	0	0	192	0	0	0	0	0	0	0	0	0	0	0	0	0	0	0	0	0	0	0	0	0	0	0	0	0	0	
500	48	0	0	0	0	0	0	0	0	0	192	0	0	0	0	0	0	0	0	0	0	0	0	0	0	0	0	0	0	0	0	0	0	0	0	0	0	0	0	0	0	0	0	0	0	0	0	0	0	0	0	0	0	0	0	0	0	0	0	0	0	0	0	0	0	0	0	0	0	0	0	0	0	0	0	0	0	0	0	0	0	0	0	0	0	0	0	0	0	0	0	0	0	0	0	0	0	0	0	
0	0	0	0	0	0	0	0	0	0	0	0	0	0	0	0	0	0	0	0	0	0	48	0	0	0	0	0	0	0	0	0	0	192	0	0	0	0	0	0	0	0	0	0	0	0	0	0	0	0	0	0	0	0	0	0	0	0	0	0	0	0	0	0	0	0	0	0	0	0	0	0	0	0	0	0	0	0	0	0	0	0	0	0	0	0	0	0	0	0	0	0	0	0	0	0	0	0	0	0	
0	0	0	0	0	0	0	0	0	0	0	0	0	0	0	0	0	0	0	0	0	0	0	0	0	0	0	0	0	0	0	0	48	0	0	0	0	0	0	0	0	0	0	0	0	0	0	0	0	0	0	0	0	0	0	0	0	0	0	0	0	500	0	0	0	0	0	0	0	0	0	0	0	0	0	0	0	0	0	0	0	0	0	0	0	0	0	0	0	0	0	0	0	0	0	0	0	0	0	0	
0	0	0	0	0	0	0	0	0	0	0	0	0	0	0	0	0	0	0	0	0	0	0	0	0	0	0	0	0	0	0	0	0	0	0	0	0	0	0	0	0	0	0	0	0	192	0	0	0	192	0	0	0	0	0	0	0	0	0	0	0	0	0	0	0	0	0	0	0	0	0	0	0	0	0	0	0	0	0	0	0	0	0	0	0	0	0	0	0	0	0	0	0	0	0	0	0	0	0	0	
0	0	0	0	0	0	0	0	0	0	500	0	0	0	0	0	0	0	500	0	0	0	0	0	0	0	0	0	0	0	0	0	0	0	0	0	0	0	0	0	0	0	0	0	0	0	0	0	0	0	0	0	0	0	0	0	0	0	0	0	0	0	0	0	96	0	0	0	0	0	0	0	0	0	0	0	0	0	0	0	0	0	0	0	0	0	0	48	0	0	0	0	500	0	0	0	0	0	0	0	
0	0	0	0	0	0	0	0	0	0	0	0	0	0	0	0	0	0	0	0	0	0	0	0	0	0	0	0	0	0	0	0	0	0	0	0	0	0	0	0	0	500	0	0	0	0	0	0	0	0	0	0	0	0	0	0	0	0	0	0	0	0	0	0	0	0	0	0	0	0	0	0	0	0	0	0	0	0	0	0	0	0	0	0	0	0	0	0	0	0	0	0	48	0	0	0	0	0	0	0	
96	0	0	0	0	0	0	0	0	0	192	0	0	0	0	0	0	0	96	0	0	0	0	0	0	0	0	0	0	0	0	0	0	0	0	0	0	0	0	0	0	0	0	0	0	0	0	0	0	0	0	0	0	0	0	0	0	0	0	0	0	0	0	0	0	0	0	0	0	0	0	0	0	0	0	0	0	0	0	0	0	0	0	0	0	0	0	0	0	0	0	0	0	0	0	0	0	0	0	0	
0	0	0	0	0	0	0	0	0	0	0	0	0	0	0	0	0	0	0	0	0	0	0	0	0	0	0	0	0	0	0	0	0	0	192	0	0	0	0	0	0	0	192	0	0	0	0	0	0	0	0	0	0	0	0	0	0	0	0	0	0	0	0	0	0	0	0	0	0	0	0	0	0	0	0	0	0	0	0	0	0	0	0	0	0	0	0	0	0	0	0	0	0	0	0	0	0	0	0	0	
0	0	0	0	0	0	0	0	0	0	0	0	0	0	0	0	0	0	0	0	0	0	0	96	0	0	0	0	0	0	0	0	0	0	0	0	0	0	0	0	0	0	0	0	0	0	0	0	0	0	0	0	0	0	0	0	0	0	0	0	500	0	0	0	0	0	0	0	0	96	0	0	0	0	0	0	0	0	0	0	0	0	0	0	0	0	0	48	0	0	0	0	0	0	0	0	0	0	0	500	
0	0	0	0	0	0	0	0	192	48	0	0	0	0	0	0	0	0	0	0	0	0	0	0	0	0	0	0	0	0	0	0	0	0	0	0	0	0	0	0	0	0	0	0	0	0	0	0	0	0	0	0	0	500	0	0	0	0	0	0	0	0	0	0	0	0	0	0	0	0	0	0	0	0	0	0	0	0	0	0	0	0	0	0	0	0	0	0	0	0	0	0	0	0	0	0	0	0	0	0	
0	0	0	0	0	0	0	0	0	0	0	0	0	0	0	0	0	0	0	0	0	0	0	0	0	0	0	0	0	0	0	0	0	0	0	0	0	0	0	0	0	96	0	0	0	0	0	0	0	0	0	0	0	0	0	0	0	0	0	0	0	0	0	0	0	0	0	0	0	0	0	0	0	0	0	0	0	0	0	0	0	0	0	0	0	0	0	0	0	0	0	0	0	0	0	192	0	0	0	0	
0	0	0	0	0	0	0	0	0	0	0	0	0	0	0	0	0	0	0	0	0	0	0	0	0	0	0	0	0	0	0	0	0	0	0	0	0	0	0	0	0	0	0	96	0	0	0	0	0	0	0	0	0	0	0	0	0	0	0	0	0	0	0	0	0	0	0	0	48	0	0	0	0	0	0	0	0	0	0	0	0	0	0	0	0	0	0	0	0	0	0	0	0	0	0	0	0	0	0	0	
0	0	0	0	0	0	0	0	0	0	0	0	0	0	0	0	0	0	0	0	0	0	0	0	0	0	0	0	0	0	0	0	0	0	0	0	0	0	0	0	0	0	500	0	0	0	0	0	0	0	96	0	0	0	0	0	0	0	0	0	0	0	0	0	500	0	0	0	0	0	0	0	0	0	0	0	0	0	0	48	0	0	0	48	0	0	0	0	0	0	0	0	0	0	0	0	0	0	0	0	
0	0	0	0	0	0	0	0	0	0	0	0	0	0	0	0	0	0	0	0	0	0	0	0	0	0	500	0	0	0	0	96	0	0	0	0	0	0	0	0	0	0	0	0	0	0	0	0	0	0	0	0	0	0	0	0	0	0	0	0	0	0	0	0	0	0	0	0	0	0	0	0	0	0	0	0	0	0	0	0	0	0	0	0	0	0	0	0	0	0	0	0	0	0	0	0	0	0	0	0	
0	0	0	0	0	0	0	0	0	0	0	0	0	0	0	0	0	0	0	0	0	0	0	0	48	0	0	0	0	0	0	0	0	0	0	0	0	0	0	0	0	0	0	0	0	0	0	0	0	0	0	0	500	0	0	0	0	192	48	0	0	0	0	0	0	0	0	0	0	0	0	0	0	0	0	0	0	0	0	0	0	0	0	0	0	0	0	0	0	0	0	0	0	0	0	0	0	0	0	0	
0	0	0	0	0	500	0	0	0	0	0	0	0	0	0	0	0	0	0	0	0	0	0	0	0	0	0	0	0	0	0	0	0	0	0	0	0	0	0	0	0	0	0	0	0	0	0	0	0	0	0	0	0	0	500	0	0	0	0	0	0	0	0	0	0	0	0	0	0	0	0	0	0	0	0	0	0	0	0	0	0	0	0	0	0	0	0	0	0	0	0	0	0	0	0	0	0	0	0	0	
0	0	0	0	0	0	0	0	0	0	96	0	0	0	0	0	0	0	0	0	0	0	0	0	0	0	0	0	0	0	0	0	0	0	0	0	0	0	0	0	0	0	0	0	0	0	0	0	0	0	192	0	0	0	0	0	0	0	0	0	0	0	0	0	500	0	0	0	0	0	0	0	0	0	0	0	0	0	0	0	0	0	0	0	0	0	0	0	0	0	0	0	0	0	0	0	0	0	0	0	
0	0	0	0	0	192	0	0	0	0	0	0	0	0	0	0	0	0	0	0	0	0	0	0	0	0	0	0	0	0	0	0	0	0	0	0	0	0	0	0	0	0	0	0	0	0	0	0	0	0	0	0	0	0	0	0	0	0	0	0	0	0	0	0	0	0	0	0	0	0	0	0	0	0	0	0	0	0	0	500	48	0	0	0	0	0	0	0	0	0	0	0	0	0	0	192	0	0	0	0	
0	0	0	0	0	0	0	0	0	0	0	0	0	0	0	0	0	0	0	0	0	0	0	0	0	0	0	0	0	0	0	0	0	0	0	0	0	0	0	0	0	0	0	500	0	0	0	0	0	0	0	0	0	0	0	0	0	96	0	0	0	0	0	0	0	0	0	0	48	0	0	0	0	0	0	0	0	0	0	0	0	0	0	0	0	0	0	0	0	0	0	0	0	0	0	0	0	0	0	0	
0	0	0	0	0	0	0	0	0	0	0	0	0	0	0	0	0	0	0	0	0	0	0	0	0	0	0	0	0	0	0	0	0	0	0	0	0	0	0	48	0	0	0	0	0	0	0	0	0	0	0	0	0	0	0	0	0	0	0	192	0	0	0	0	0	0	0	0	0	0	0	0	0	0	0	0	0	0	0	0	0	0	0	0	0	0	0	0	0	0	0	0	0	0	0	0	0	0	0	0	
0	0	0	0	0	0	0	0	0	0	0	0	0	0	0	0	0	0	0	0	0	500	0	0	0	0	0	0	0	0	0	0	0	0	0	0	0	0	0	0	0	0	0	0	0	0	192	0	0	0	0	0	192	0	0	0	0	0	0	0	0	0	0	0	0	0	0	0	0	0	0	0	0	0	0	0	0	0	0	0	0	0	0	0	0	192	0	0	0	0	0	0	192	0	0	0	0	0	0	0	
0	0	0	0	0	0	0	0	0	0	0	0	0	0	0	0	0	0	0	0	0	0	0	0	0	0	0	192	0	0	0	0	0	0	0	0	0	0	0	0	0	0	0	0	96	0	0	0	0	500	0	0	0	0	0	0	0	0	0	96	48	0	0	0	0	0	0	0	0	0	0	0	0	0	0	0	0	0	0	0	0	0	0	0	0	0	0	0	0	0	0	0	0	0	0	0	0	0	0	0	
0	0	0	0	0	0	0	0	0	0	0	0	0	0	0	0	0	0	0	0	0	0	0	0	0	0	0	0	0	0	0	0	0	0	0	0	0	0	0	0	0	0	0	0	0	0	96	0	0	0	0	0	500	0	0	0	0	0	0	0	0	0	0	0	0	0	0	0	0	0	0	0	0	0	0	0	0	0	0	0	0	0	0	0	0	0	0	0	0	0	0	0	0	0	0	0	0	0	0	0	
0	0	0	0	0	0	0	0	0	0	0	0	0	96	0	0	0	0	0	0	0	0	0	0	0	0	0	0	0	0	0	0	0	0	0	0	0	0	0	0	0	0	0	0	0	0	0	0	0	0	0	0	0	0	0	0	0	0	0	0	0	0	0	0	0	0	0	0	0	0	0	0	96	0	0	0	0	0	0	0	0	0	0	0	0	0	0	0	0	0	0	0	0	0	0	0	0	0	0	0	
0	0	0	0	0	0	0	0	0	0	0	0	0	0	0	0	0	0	0	0	0	0	0	0	0	0	0	0	0	0	0	0	0	0	0	0	0	0	0	0	0	0	0	0	0	0	0	0	0	0	0	0	0	500	0	0	0	0	0	0	48	0	0	0	0	0	0	0	0	96	0	0	0	0	0	0	0	0	0	0	0	0	0	500	0	0	0	0	0	0	0	0	0	0	0	0	0	0	0	0	
77	54	94	4	79	17	94	97	66	93	58	86	68	31	72	87	42	44	79	73	93	25	22	90	13	63	57	62	64	83	29	78	58	97	59	0	65	16	16	13	34	55	33	96	25	24	16	12	36	65	96	14	8	33	68	90	37	46	76	77	89	24	53	9	12	42	72	62	48	4	23	29	14	22	25	40	43	35	73	99	35	78	83	72	99	37	72	91	6	25	69	41	23	91	95	0	35	4	43	56	89	96	59	14	36	78	78	16	49	14	19	79	30	68	50	78	60	90	8	28	12	53	10	22	58	3	97	20	52	2	83	19	78	14	31	5	58	75	68	62	69	46	30	55	83	87	6	6	18	77	53	3	83	15	77	24	86	11	37	37	89	22	68	51	76	73	85	0	41	65	39	12	97	51	50	97	53	87	95	87	65	48	20	19	11	29	12	47	3	33	90	51	7	15	73	89	44	61	32	69	78	32	67	0	59	45	23	36	67	53	62	57	61	56	15	8	87	13	61	59	1	55	67	66	98	33	76	67	8	94	12	14	95	28	96	28	49	48	57	43	51	35	13	83	65	18	83	42	9	17	30	28	40	27	78	50	90	59	88	18	61	24	37	68	54	5	34	98	93	44	97	20	0	86	61	35	39	20	1	85	68	63	65	90	12	35	65	36	43	47	17	46	95	35	83	68	45	47	93	44	17	53	85	66	37	90	82	48	42	79	43	41	24	65	8	13	45	65	6	94	82	48	6	20	7	14	26	80	30	6	49	36	15	23	98	52	92	99	85	90	34	16	22	78	37	77	37	65	99	0	44	57	69	45	33	38	19	11	78	42	35	34	78	73	82	42	12	44	92	66	48	61	75	45	15	64	99	17	26	14	66	91	54	29	61	92	41	37	28	45	78	20	53	83	56	58	73	94	39	44	92	73	12	96	24	87	28	35	38	71	89	28	74	92	82	42	86	40	6	86	59	0	40	15	45	69	27	93	54	31	19	22	58	73	21	33	75	27	75	22	46	53	64	75	15	85	3	0	72	73	71	51	70	96	39	64	69	80	35	12	79	38	64	45	45	18	88	3	55	15	62	31	51	53	65	91	49	24	92	71	44	42	14	69	90	49	19	1	19	32	56	85	46	65	18	80	17	93	51	78	56	4	2	29	13	53	66	44	4	60	95	24	96	33	78	40	80	78	56	60	89	9	66	10	45	97	90	65	29	48	23	89	6	79	72	84	24	38	12	2	5	44	86	57	53	65	71	1	30	69	26	11	73	99	9	93	38	54	54	99	79	68	48	6	96	90	78	64	44	61	12	33	46	62	11	7	43	21	36	18	1	5	73	19	61	18	61	64	83	20	91	49	26	73	35	32	88	90	33	37	33	40	76	5	20	96	45	10	58	55	87	60	54	6	72	57	82	18	66	29	42	79	41	21	93	15	58	67	9	64	14	71	19	25	82	54	87	68	63	66	26	50	63	64	15	24	1	55	97	50	32	54	74	51	48	46	10	43	30	79	83	62	95	2	25	2	4	48	39	29	79	11	8	58	75	28	9	75	71	19	96	68	71	41	70	52	56	27	36	11	27	3	6	37	22	98	81	89	88	87	72	94	32	46	94	30	1	21	32	10	90	47	41	87	59	24	28	70	41	66	98	68	25	9	69	74	69	27	14	4	40	7	10	17	1	73	13	20	16	79	77	51	2	76	58	95	72	41	70	53	79	98	22	34	69	96	66	23	81	88	48	33	74	44	13	16	96	25	57	43	64	71	34	81	51	7	41	40	54	22	26	89	82	22	35	93	33	68	24	69	35	87	11	26	64	30	9	9	91	6	86	18	88	31	32	84	45	74	48	10	13	73	86	95	59	76	28	66	94	56	3	33	5	91	95	69	56	37	58	14	0	84	61	31	98	92	32	12	28	47	8	89	29	60	12	89	84	95	31	67	96	66	63	97	36	32	28	12	56	30	52	17	62	91	40	1	37	58	24	17	43	92	46	61	42	85	30	88	70	10	3	49	16	65	96	14	73	82	70	77	10	79	51	69	56	99	84	44	81	98	37	50	68	46	88	46	64	82	34	12	25	27	35	32	96	53	29	69	22	41	45	10	92	85	83	21	92	9	53	79	41	78	32	29	78	10	64	60	3	89	83	13	93	45	89	33	13	33	56	12	28	77	17	0	16	16	72	91	12	87	7	92	27	99	31	41	17	50	96	23	71	36	4	75	18	67	24	70	11	39	36	28	36	58	42	32	88	40	14	65	94	2	6	66	82	66	31	2	61	72	46	19	76	97	23	82	76	27	67	28	67	6	97	38	20	52	16	88	54	93	33	61	81	90	43	20	14	77	93	32	54	74	8	0	62	35	34	54	43	59	12	59	55	70	31	92	58	95	31	90	88	43	25	30	48	51	44	40	2	1	39	47	72	25	8	50	73	21	63	75	96	33	18	47	20	99	29	39	92	54	79	52	36	90	14	91	73	89	2	77	88	74	98	66	59	94	4	21	85	89	36	29	45	84	44	45	38	92	89	36	99	99	56	96	72	38	29	94	31	36	45	15	83	65	98	75	90	15	25	33	74	41	47	36	99	79	52	3	54	55	2	29	24	97	53	4	42	87	28	25	1	29	65	73	63	40	64	57	43	90	64	2	16	79	90	81	70	20	33	6	42	19	28	39	41	84	64	30	20	5	4	70	57	2	23	69	71	36	22	0	61	21	79	80	23	69	91	14	66	42	82	74	47	88	59	51	27	92	16	56	16	28	85	12	77	56	45	22	17	85	33	20	20	41	0	19	71	49	9	20	63	12	25	23	77	61	90	15	95	93	69	4	8	56	31	70	39	27	56	47	44	92	90	1	96	55	49	3	68	85	71	51	73	68	21	74	45	8	79	52	51	19	15	56	6	93	66	30	50	83	52	34	28	23	19	62	1	61	24	52	26	47	71	59	4	9	98	9	57	32	89	11	73	74	82	98	52	71	86	74	21	92	57	98	80	47	81	57	43	97	15	50	21	1	67	28	68	70	15	81	26	65	76	78	71	90	62	80	56	94	83	56	30	91	67	91	10	33	69	1	65	61	15	81	29	85	21	10	74	53	98	74	28	11	4	70	54	71	15	56	28	62	17	26	52	10	7	64	61	47	41	14	13	58	53	97	94	97	59	57	64	61	42	9	72	69	28	8	35	16	69	76	46	11	16	38	62	54	3	71	9	58	26	80	94	21	87	18	92	7	7	21	15	25	38	0	68	9	46	74	52	63	16	25	52	41	4	75	74	91	16	27	97	2	17	51	52	52	79	60	99	17	59	86	71	51	16	68	93	66	49	21	86	79	16	56	56	56	9	56	94	89	38	19	3	48	72	79	31	21	19	75	59	61	41	36	76	38	99	97	23	8	97	34	46	32	29	19	0	88	91	31	68	16	97	65	2	94	52	47	7	58	69	14	16	41	80	91	38	21	14	39	3	2	50	63	74	90	47	0	30	41	10	86	71	40	86	16	6	45	17	9	24	36	55	31	46	59	35	36	1	70	23	79	7	18	67	61	48	89	66	49	20	83	58	7	46	30	63	24	54	1	60	16	90	56	70	9	57	49	0	21	41	52	85	67	80	91	42	81	42	29	78	52	48	14	63	45	71	20	57	40	28	31	75	84	48	84	43	0	29	13	1	31	71	34	59	24	30	53	70	37	69	46	74	27	56	2	17	83	88	79	60	50	35	69	87	1	12	90	96	88	2	86	32	86	29	54	39	66	70	76	75	18	38	40	16	92	22	51	48	75	75	75	32	37	51	84	25	51	21	40	27	93	88	3	19	2	96	10	52	45	74	91	85	41	23	15	99	65	88	61	49	3	7	76	65	20	87	45	47	17	87	71	58	99	63	98	56	31	12	72	89	14	19	4	91	56	37	70	79	0	0	0	78	89	27	50	56	53	53	50	46	85	86	20	87	90	3	73	2	93	89	43	80	55	49	14	23	17	57	43	20	79	96	4	64	16	81	33	95	51	92	72	83	42	94	17	36	86	52	98	16	72	3	54	16	89	41	89	72	6	57	33	78	88	58	73	31	67	76	26	43	34	80	75	84	36	55	0	2	71	86	71	28	52	98	11	56	32	37	96	98	44	14	8	49	77	92	11	75	64	55	63	92	85	60	64	42	55	13	35	42	29	49	30	60	85	82	13	30	72	46	73	29	48	73	72	57	67	44	50	88	89	64	13	70	58	10	5	18	83	75	59	18	80	17	9	42	91	68	95	61	58	80	55	57	36	76	25	98	75	88	26	62	28	77	44	70	36	5	67	38	35	87	41	56	40	66	42	0	19	62	59	44	8	16	74	73	93	33	35	64	51	70	75	25	99	72	24	18	38	57	19	27	1	24	47	14	97	40	31	92	55	77	8	5	75	60	66	75	72	54	70	15	49	64	97	37	88	92	89	7	50	73	27	13	64	98	79	22	99	83	46	80	84	21	73	71	43	93	66	54	55	48	66	43	19	16	28	58	78	12	8	65	55	99	28	57	40	17	39	70	34	3	85	90	90	70	60	2	65	23	76	2	63	28	91	44	15	32	36	80	88	78	79	16	73	10	90	17	17	57	28	19	18	44	86	49	93	4	68	57	91	26	99	15	13	32	12	42	51	26	89	31	4	65	7	56	19	49	14	54	79	30	83	98	71	50	83	48	9	63	64	98	6	79	67	16	91	41	99	96	49	4	55	3	76	16	24	78	15	94	2	61	9	43	2	29	77	29	78	49	58	91	86	48	62	60	15	67	46	64	19	36	59	80	71	56	90	41	34	40	12	88	87	64	61	10	91	10	20	93	37	78	24	32	69	70	43	10	13	95	99	43	8	21	99	60	35	18	97	50	5	3	25	7	73	56	18	38	80	63	20	18	98	29	59	63	44	90	70	73	96	60	0	56	66	43	87	90	16	13	80	53	37	27	76	58	61	66	68	3	74	18	61	80	59	60	47	58	17	67	25	94	32	54	66	77	29	62	77	12	18	37	29	61	67	72	48	23	85	84	59	17	74	33	27	23	26	33	8	30	87	60	93	47	21	36	86	19	65	38	51	36	41	83	90	81	61	31	93	9	14	71	11	56	46	69	38	23	98	6	26	19	89	31	94	9	98	68	42	23	10	99	94	72	53	9	85	27	88	30	62	60	17	87	7	96	96	19	78	24	42	41	86	5	25	7	44	24	33	9	51	67	96	37	27	98	22	76	96	5	16	62	41	51	28	61	1	81	54	9	99	34	96	97	38	28	30	11	32	69	61	87	2	60	27	44	64	88	84	76	45	93	49	55	81	60	80	15	44	18	57	33	85	65	58	33	3	0	39	41	4	86	82	26	9	47	70	16	95	20	7	37	47	2	51	1	33	30	77	46	88	21	42	49	87	25	66	43	29	65	54	20	49	20	31	21	25	2	95	77	34	36	91	19	53	7	95	60	83	37	88	79	49	65	7	87	91	26	86	53	72	64	41	75	83	11	10	98	3	2	1	55	35	82	40	14	85	86	79	61	82	92	79	40	15	26	22	37	84	76	56	57	80	75	38	0	59	40	22	84	93	60	92	10	80	64	54	50	25	14	72	94	14	37	19	90	1	80	89	60	14	19	6	13	73	7	12	90	95	13	99	71	48	14	68	34	59	96	69	19	91	2	42	20	98	83	76	22	61	39	41	17	1	99	10	51	35	36	30	0	8	75	44	87	85	46	65	87	18	84	85	81	38	60	25	99	20	6	19	62	78	11	15	66	97	92	98	29	18	74	62	96	18	70	27	91	54	62	51	64	79	42	38	64	45	62	89	91	31	81	82	3	72	40	45	69	18	74	40	73	6	29	75	33	41	39	47	77	76	39	26	23	24	76	28	60	70	22	2	89	14	22	34	74	95	69	33	84	52	21	38	78	19	45	4	6	98	60	40	4	36	22	26	59	75	32	59	29	59	15	65	87	23	68	44	65	63	8	13	73	47	45	94	67	42	98	51	9	39	10	74	0	84	53	87	64	46	84	99	31	34	48	80	10	9	99	10	37	28	68	54	26	91	22	42	38	57	32	19	1	49	97	16	57	5	9	8	98	58	78	80	58	46	3	16	18	56	54	5	18	9	57	57	73	68	60	84	81	85	92	39	10	12	34	4	35	52	67	59	21	96	56	74	6	78	19	73	39	15	47	93	33	24	19	24	4	62	71	54	90	10	84	17	59	48	27	37	93	7	69	43	93	42	28	13	99	16	39	87	33	40	53	79	8	92	30	57	80	93	31	54	91	16	53	52	78	42	89	83	25	91	61	92	74	18	68	33	65	78	77	26	93	82	16	29	72	65	2	90	30	77	48	86	78	23	43	11	26	76	28	45	26	89	81	42	24	74	58	2	65	18	71	90	77	56	43	12	50	91	42	24	12	66	2	52	45	15	30	32	62	71	89	25	88	83	10	29	35	28	36	56	89	50	35	52	14	84	80	97	68	26	28	96	52	80	1	86	50	76	90	82	80	11	14	90	3	94	57	85	35	30	16	95	66	28	44	74	28	17	70	50	19	85	71	72	44	3	21	90	88	26	99	28	7	81	80	8	98	7	64	82	84	2	4	55	88	71	41	29	15	70	57	8	0	54	79	22	14	19	6	31	18	49	69	8	2	67	63	15	67	4	76	52	74	58	14	4	15	62	4	49	0	65	80	71	65	52	64	80	56	80	32	12	66	29	77	53	91	18	40	10	37	6	2	99	33	88	52	10	75	87	39	70	77	53	21	44	79	63	34	47	95	38	11	35	26	87	29	34	37	54	21	99	68	98	84	54	52	38	64	41	92	96	28	60	71	18	87	57	99	39	65	60	60	77	83	66	92	5	38	85	95	59	83	13	84	30	67	23	93	30	24	65	62	43	78	56	10	43	22	47	19	32	69	85	9	17	60	43	22	68	80	72	63	86	34	56	80	87	28	5	15	46	46	18	77	79	64	56	54	50	1	50	32	57	53	24	4	42	86	64	78	96	31	1	32	85	87	27	50	22	41	68	46	8	68	0	29	87	0	29	95	22	70	67	98	4	31	79	35	36	1	67	18	73	35	39	61	9	48	64	21	17	52	16	10	98	72	15	14	21	25	79	94	10	36	32	78	88	10	19	64	51	85	18	36	51	68	17	44	42	30	66	17	93	35	81	3	1	96	95	56	63	18	6	45	68	11	14	30	29	34	45	17	39	46	87	59	14	74	9	76	68	9	37	66	3	35	67	49	70	54	44	15	35	89	10	5	11	70	82	83	43	47	23	87	51	60	40	46	14	30	46	48	8	94	77	27	93	29	74	76	55	20	62	87	52	12	63	70	59	59	34	94	50	57	59	3	73	39	15	59	35	42	63	54	44	95	85	62	20	91	70	44	10	71	85	96	33	1	30	32	63	85	43	25	33	76	83	55	88	91	78	20	65	91	30	21	29	89	35	62	33	34	91	45	17	52	13	2	32	63	81	52	9	92	41	1	46	11	0	37	84	28	31	95	52	85	14	40	15	20	58	55	50	99	4	7	30	37	50	33	63	9	49	88	80	23	97	51	72	8	79	43	9	90	8	38	16	68	50	41	18	97	22	1	56	64	79	22	31	72	29	81	48	81	70	1	95	88	13	33	31	10	50	67	51	57	47	47	42	16	8	15	59	62	30	91	72	39	83	18	42	31	52	7	69	90	80	51	40	66	22	72	7	25	87	67	26	37	46	12	48	5	87	90	88	60	84	87	12	98	52	87	77	60	20	69	80	79	11	98	66	96	28	65	84	65	88	36	86	74	75	95	51	79	22	57	90	35	51	16	97	86	86	89	58	65	69	28	64	58	35	34	25	24	32	70	81	6	54	3	83	76	68	55	71	82	51	78	17	27	99	70	12	48	53	51	35	60	99	12	40	37	85	88	0	93	0	80	16	24	90	26	69	55	95	51	92	23	5	12	54	17	32	9	39	58	57	99	26	51	14	45	94	58	95	18	77	79	37	87	8	95	94	99	28	55	23	45	98	12	55	86	19	43	81	60	67	93	30	28	49	52	46	55	8	0	34	17	75	57	76	88	9	30	4	80	12	16	19	27	9	58	67	26	29	86	84	49	45	98	76	30	89	69	99	34	4	70	38	45	45	41	19	73	35	39	86	67	5	18	21	95	9	5	12	59	4	86	8	3	91	47	95	97	99	48	73	78	97	14	39	30	5	38	99	35	6	97	9	14	27	1	27	3	50	97	89	44	28	24	89	82	90	17	22	57	29	31	4	11	6	6	9	65	6	24	20	71	5	16	42	50	62	45	75	17	84	10	68	75	54	38	26	46	63	21	59	70	65	28	60	93	85	24	81	8	68	10	51	3	86	72	51	4	94	90	31	59	27	52	15	79	64	41	57	87	24	97	41	28	89	49	9	52	48	79	89	88	74	74	90	60	0	41	74	66	75	48	97	91	68	3	68	15	79	41	81	32	94	27	4	59	91	4	19	80	85	78	2	29	10	23	42	35	99	99	9	98	25	27	75	72	21	72	26	77	15	51	2	43	58	17	80	23	85	3	58	37	43	67	56	59	27	37	39	54	99	58	93	58	60	39	35	29	71	33	92	92	92	77	20	11	98	12	73	44	57	56	94	51	41	21	51	38	44	87	86	10	52	25	95	40	0	60	75	56	6	31	0	51	95	32	2	96	3	89	51	18	93	5	31	14	1	83	55	27	11	23	81	32	46	78	81	70	61	66	33	11	10	10	85	16	42	24	86	26	22	22	14	5	11	96	1	18	69	31	72	84	15	84	61	42	28	28	89	9	63	1	7	56	99	46	82	46	82	98	71	92	73	56	98	29	93	35	40	59	67	39	35	2	40	14	95	37	20	83	17	18	58	72	3	49	93	15	61	68	3	28	93	56	9	36	39	86	29	36	16	62	13	21	46	9	37	56	81	9	5	55	2	87	62	61	19	52	44	93	21	8	90	27	87	77	15	68	68	99	65	5	65	21	57	84	38	97	92	88	24	87	35	52	13	46	95	39	25	55	36	92	97	61	25	35	55	15	41	66	91	66	90	88	87	61	18	71	83	95	88	85	24	93	62	18	48	85	9	54	55	88	21	20	59	50	29	65	64	30	73	36	75	10	21	27	18	42	15	60	45	93	12	91	18	56	70	28	13	66	20	46	79	10	83	22	42	5	86	91	82	81	29	23	20	59	76	32	26	60	98	26	96	52	14	81	4	69	10	28	6	15	47	59	63	12	43	40	45	17	80	58	12	30	26	72	30	73	41	81	79	71	53	80	36	0	81	1	19	26	36	61	64	58	44	69	77	24	15	83	38	82	64	42	88	68	85	89	37	44	98	48	45	71	98	32	34	61	29	26	32	52	31	67	56	89	26	88	88	36	20	95	56	55	56	20	45	23	88	87	45	0	69	11	92	20	52	24	56	63	9	0	9	8	15	26	80	33	13	24	31	10	10	88	66	2	73	66	19	87	88	43	54	33	68	48	56	42	30	2	39	35	75	98	87	20	4	14	42	87	57	21	8	4	1	2	6	78	67	93	10	87	38	31	0	3	85	65	5	33	22	73	83	99	78	98	66	49	50	39	72	73	74	55	53	48	45	81	7	78	90	9	53	17	20	29	51	38	34	44	7	85	74	80	92	84	69	43	83	87	72	13	75	21	84	2	36	32	62	37	72	64	95	27	50	36	19	47	74	30	1	55	62	58	76	37	98	50	66	9	36	95	88	43	20	89	39	74	91	50	36	79	3	59	64	53	36	72	24	94	71	7	72	48	74	12	11	82	38	89	88	39	30	31	17	75	5	39	23	79	52	97	51	49	2	90	50	64	47	17	81	15	13	93	65	61	11	7	62	61	46	30	19	43	65	56	43	52	36	93	20	29	21	96	27	56	3	87	5	72	82	30	11	84	64	16	30	40	5	35	83	85	91	63	10	0	10	31	50	50	43	16	50	64	68	77	80	80	41	73	14	54	11	5	67	78	96	35	20	59	28	24	24	93	73	49	47	50	99	82	58	45	31	65	97	96	59	98	30	61	51	75	27	84	69	37	99	10	41	12	20	32	80	34	71	67	28	16	49	36	33	34	50	49	
82	27	78	97	83	60	77	65	20	66	56	27	45	59	55	55	18	20	52	19	66	16	87	72	45	6	98	23	72	30	45	93	16	6	74	46	98	61	14	21	88	95	37	25	25	2	56	60	95	9	90	91	12	0	82	3	55	80	9	68	95	3	5	40	92	1	23	81	23	16	27	58	44	60	31	8	54	42	87	34	25	3	49	96	94	77	6	78	31	12	70	14	27	46	14	57	64	90	29	64	44	67	21	35	10	70	42	73	85	91	83	41	28	15	69	97	34	23	62	58	27	81	15	21	20	37	72	2	54	52	63	24	82	96	33	18	73	41	6	46	72	60	79	41	92	55	19	24	19	86	88	39	96	98	50	53	30	21	84	73	80	99	95	57	25	45	33	98	20	49	95	93	0	63	49	98	69	36	1	4	32	42	55	18	58	9	9	70	40	78	20	65	64	75	28	91	25	96	59	7	37	74	77	4	26	11	28	40	47	71	20	32	31	39	31	89	1	93	66	0	76	20	17	73	24	28	2	22	2	91	45	5	79	60	92	44	0	15	19	95	46	2	80	6	34	21	88	13	14	93	55	75	53	92	79	91	49	34	16	79	12	12	64	55	66	87	40	42	11	57	28	59	86	10	18	85	31	32	30	55	79	91	14	86	95	4	10	49	92	72	76	88	39	1	21	51	49	99	61	92	12	12	90	60	55	8	36	32	4	20	25	73	21	29	81	99	54	37	46	77	7	56	53	14	7	40	82	24	86	77	91	92	25	60	76	62	5	6	39	77	11	61	13	64	24	89	58	73	50	3	91	33	48	97	51	17	0	71	21	34	28	31	66	0	67	12	56	57	24	17	63	79	71	3	62	25	76	14	15	72	70	47	50	83	1	39	37	93	38	8	40	77	62	38	58	14	63	82	1	10	0	86	81	69	3	22	44	82	98	83	26	24	68	79	57	53	88	62	85	70	77	29	76	48	10	14	3	60	95	81	46	15	85	91	27	9	29	98	26	32	76	10	89	25	99	80	17	41	59	78	98	13	37	48	66	9	23	35	37	3	20	53	65	33	99	78	6	26	67	11	50	3	63	69	46	35	15	94	2	6	72	99	44	80	71	39	48	23	57	13	32	72	23	45	24	28	30	93	55	83	75	37	15	24	15	10	31	50	36	34	80	11	77	68	63	68	97	52	92	50	31	60	92	25	26	35	97	60	66	13	76	10	36	56	29	57	16	44	82	34	49	78	23	86	64	67	22	5	72	97	0	54	99	24	53	28	14	70	87	25	59	19	42	34	37	12	92	63	23	14	69	79	44	71	67	25	51	39	27	87	48	20	9	94	16	13	51	7	44	26	61	19	29	53	21	82	68	53	76	39	54	2	30	17	4	25	17	90	27	64	49	11	13	31	60	36	65	76	58	60	66	82	93	38	32	96	18	20	47	55	17	79	62	82	67	8	85	21	7	43	77	54	56	3	19	44	19	7	72	55	10	13	69	84	86	74	52	93	3	7	28	98	87	12	3	4	86	80	7	1	10	14	23	53	19	92	22	37	23	35	52	31	11	95	6	79	75	27	44	22	13	38	65	94	54	66	30	79	21	97	22	78	62	29	51	41	76	74	74	56	13	16	28	80	65	3	63	43	66	21	62	96	84	11	12	55	89	38	29	50	78	86	85	32	67	86	47	30	30	45	95	11	55	77	54	18	8	31	29	55	62	88	93	60	89	53	56	25	98	22	53	31	92	77	50	7	61	11	1	63	85	65	73	16	23	16	17	53	12	9	57	29	98	88	57	92	62	59	48	52	16	47	90	33	2	97	4	16	16	2	31	54	44	31	28	49	83	92	69	33	45	63	33	76	80	85	74	6	40	59	78	44	47	42	28	35	10	10	67	69	69	54	91	82	77	5	80	56	76	37	97	2	79	91	78	39	11	39	32	44	63	80	32	17	27	1	20	83	54	76	59	79	54	26	67	59	23	48	18	47	3	11	23	72	18	87	81	0	94	46	83	19	32	85	32	47	60	21	52	87	4	59	0	26	12	16	49	29	50	88	92	36	2	41	34	24	30	12	24	2	35	2	15	12	85	36	29	14	18	63	45	61	30	19	77	55	43	86	87	72	30	89	91	1	11	93	81	0	55	31	32	25	0	67	16	65	91	28	10	30	37	89	87	84	70	52	44	76	87	30	70	32	98	11	35	19	32	26	54	13	61	70	90	80	31	5	38	59	23	88	97	39	53	28	62	99	94	54	56	2	12	78	19	20	92	19	12	39	2	36	40	75	52	59	52	81	95	12	1	39	83	14	76	21	69	8	95	20	4	21	65	45	22	24	52	18	51	71	74	3	26	19	23	98	32	92	3	71	95	80	93	83	40	1	69	88	59	26	68	57	6	45	91	18	90	30	59	37	43	32	9	57	6	2	58	62	73	99	68	30	37	42	2	36	66	76	26	84	90	8	38	24	2	58	90	31	50	94	58	53	3	30	37	47	48	83	67	43	75	74	29	1	24	56	80	11	98	69	5	21	34	51	57	0	62	20	45	65	7	74	3	14	73	25	78	87	86	89	69	89	78	14	43	66	59	19	47	86	6	43	57	79	59	84	45	60	92	94	46	96	97	68	48	32	20	81	20	51	25	48	83	44	18	80	63	68	80	59	91	7	59	89	69	70	5	69	91	54	26	42	80	73	24	71	47	51	16	95	83	21	70	56	31	21	99	66	7	87	90	72	32	52	97	41	95	38	8	99	81	24	38	91	67	70	92	10	18	82	28	25	19	7	23	8	0	30	57	38	32	34	92	54	58	98	21	58	89	63	4	39	68	84	94	73	59	36	37	83	19	39	98	68	84	23	22	66	77	84	64	86	23	87	24	65	21	62	69	67	5	56	97	15	72	45	68	80	12	15	32	16	0	1	93	52	99	79	1	93	48	95	88	75	34	61	57	69	9	50	78	34	29	95	90	24	81	18	94	76	77	52	11	39	82	12	17	41	14	89	1	17	68	43	1	2	18	31	58	94	42	11	85	86	15	95	89	62	84	17	78	89	44	93	79	14	54	52	74	63	18	63	91	33	89	4	39	25	96	11	1	0	72	90	92	50	18	64	29	90	63	53	22	47	64	15	72	3	66	97	67	79	31	15	41	71	66	58	75	42	22	80	88	19	22	97	72	24	89	50	14	2	75	37	64	46	93	98	62	0	76	95	34	51	41	55	20	90	85	17	75	47	49	82	57	11	78	45	93	3	50	65	48	95	40	15	74	82	83	22	85	35	34	89	78	8	0	97	1	22	1	93	12	70	66	96	43	72	27	15	28	46	87	53	35	30	78	33	22	15	22	64	77	71	62	93	3	78	96	51	86	27	65	67	90	37	23	68	17	30	89	49	79	51	90	26	43	37	10	37	46	9	61	2	11	67	46	86	12	25	49	31	45	0	35	13	77	13	9	9	85	81	52	60	15	13	42	64	12	77	54	38	16	24	90	49	21	21	8	12	11	10	47	79	16	39	94	12	13	27	45	99	14	53	68	61	8	60	98	11	78	79	99	47	66	23	96	17	12	27	34	15	67	27	42	45	68	3	98	76	98	37	17	81	43	74	25	30	95	87	12	79	77	37	65	10	38	36	31	51	88	47	78	43	52	5	22	3	74	88	98	49	72	9	78	69	42	8	43	45	46	24	38	48	80	48	72	73	67	90	83	97	85	43	58	8	69	40	7	35	0	58	84	79	39	69	16	42	14	83	42	52	98	66	62	62	57	40	9	14	88	81	72	32	7	45	31	85	56	28	18	51	88	4	75	10	99	15	20	44	30	59	10	96	87	40	38	33	79	42	26	80	7	37	17	36	26	79	50	56	84	97	41	97	4	60	90	86	60	5	72	54	60	69	67	90	86	44	88	41	50	16	12	46	26	54	8	22	11	43	33	32	21	76	97	51	21	17	51	87	22	4	29	50	7	3	33	44	29	37	31	30	38	23	87	94	83	60	96	0	64	63	70	93	70	59	38	95	8	7	13	26	25	41	12	79	42	26	28	71	21	50	18	12	83	60	71	66	48	51	69	15	90	5	11	15	5	75	20	35	35	22	59	13	37	10	39	85	3	66	40	84	99	77	7	99	53	53	53	12	59	55	47	47	93	60	14	46	61	20	95	89	8	93	47	61	30	41	31	79	92	19	21	93	33	81	16	71	20	99	51	7	50	68	18	9	77	59	29	30	74	22	51	31	61	14	60	14	72	60	77	43	79	13	59	11	60	89	99	72	20	95	86	30	95	18	33	43	78	64	46	11	16	77	8	43	99	48	22	52	3	97	27	52	71	76	42	51	16	99	11	14	56	67	78	95	96	1	82	30	0	1	15	36	22	82	86	35	27	91	16	87	91	82	38	53	67	72	22	23	42	38	35	9	66	44	48	45	23	45	52	82	48	36	94	83	98	95	5	53	79	3	0	31	8	8	95	92	73	61	19	41	36	33	29	69	21	22	50	27	46	77	27	11	24	95	33	99	47	13	53	75	29	79	57	28	90	72	20	48	60	71	89	15	39	82	11	6	89	30	69	19	71	63	63	62	97	40	53	60	5	0	50	15	43	49	10	58	73	36	30	97	63	34	16	58	19	12	3	0	10	62	93	31	64	62	79	45	7	1	43	14	75	48	16	15	94	76	45	34	29	62	50	18	88	42	56	83	49	86	23	95	52	15	10	45	67	70	97	9	22	40	21	37	63	21	40	57	19	88	49	98	62	76	30	93	38	59	29	0	63	66	61	35	19	50	73	72	46	83	36	30	14	83	77	9	72	48	4	83	88	45	10	31	40	43	91	97	48	13	86	54	66	47	68	68	15	29	36	23	75	29	84	21	19	96	61	41	38	23	33	74	71	10	79	45	35	92	54	78	24	32	85	94	62	56	31	38	44	81	84	44	88	36	93	60	74	38	95	47	64	43	79	43	38	13	46	84	51	49	73	79	1	12	9	94	88	59	40	57	41	67	73	13	91	68	51	60	17	72	33	38	56	0	62	32	26	49	62	28	24	12	1	46	18	81	82	35	46	47	77	37	80	17	23	76	18	85	45	65	17	60	61	26	49	26	2	55	8	78	82	21	58	7	59	26	77	3	88	30	41	51	68	90	28	92	87	12	43	83	29	56	78	96	33	55	15	50	87	90	50	64	28	43	57	64	65	63	48	38	15	89	78	33	95	28	25	20	51	32	0	90	22	75	4	78	71	73	90	98	5	51	57	34	51	6	57	45	8	0	5	14	83	26	91	88	48	63	71	66	4	82	27	2	80	35	31	32	25	56	9	99	40	80	2	86	38	55	62	79	77	87	47	95	80	83	53	43	14	7	6	88	98	73	94	15	55	16	31	88	53	83	46	49	48	59	19	79	11	68	76	95	54	67	13	10	26	9	32	96	44	4	98	51	21	84	7	56	67	31	73	8	5	0	36	44	81	30	14	77	57	90	3	87	96	84	41	85	73	81	33	74	28	2	87	16	94	29	32	55	35	22	95	54	2	86	83	12	95	7	21	8	28	33	79	17	24	85	66	49	77	9	94	72	84	45	73	77	3	50	43	7	17	2	66	21	33	21	90	82	75	68	45	99	11	77	8	15	56	48	59	66	90	42	16	20	34	77	96	31	33	29	42	8	96	51	90	36	84	13	95	16	75	59	59	48	28	34	94	75	45	20	90	64	0	57	3	13	65	46	23	75	8	9	99	18	28	13	39	65	41	78	1	75	16	90	29	50	66	48	41	59	16	76	98	71	27	32	96	78	28	28	28	99	12	1	53	1	65	1	81	66	58	92	12	55	50	43	61	65	76	31	85	96	51	98	50	83	23	12	93	13	13	71	46	36	2	87	71	17	95	93	20	37	57	34	31	84	33	28	57	89	48	63	30	83	71	97	20	28	12	78	35	45	6	51	81	14	28	9	27	30	5	34	29	4	56	50	96	58	49	23	90	85	1	89	80	46	33	17	43	34	10	40	90	69	61	48	37	94	11	49	55	68	81	4	74	33	77	19	10	74	22	74	29	15	54	87	71	15	55	5	54	65	41	43	31	15	64	6	18	38	7	50	61	59	78	48	96	82	38	53	77	58	36	27	76	6	97	2	75	52	90	39	27	49	89	68	92	78	69	73	60	75	68	23	47	99	48	76	95	81	29	96	1	39	79	60	5	22	81	46	60	19	59	98	96	46	10	25	78	85	31	25	99	2	15	50	83	16	47	1	11	92	68	28	17	13	71	19	82	23	94	99	98	10	16	94	35	20	24	60	26	66	1	42	7	77	66	73	7	38	59	3	80	45	44	61	31	8	0	14	80	72	23	37	93	54	14	38	11	67	83	51	6	84	69	36	87	65	10	6	57	28	39	27	38	35	42	38	78	20	86	59	36	99	22	76	81	48	42	76	27	47	74	43	55	98	85	51	77	95	35	28	67	16	9	83	58	21	16	73	30	78	81	64	52	63	78	24	66	86	50	87	57	56	87	17	77	6	7	35	80	61	93	82	11	29	88	84	6	1	88	45	90	44	42	11	34	96	42	29	84	98	95	83	68	22	5	15	77	3	85	96	32	24	5	82	55	95	28	10	23	37	76	66	28	11	19	42	16	90	72	36	7	10	62	75	99	9	52	18	21	48	41	50	5	48	57	39	41	78	53	38	77	23	70	80	15	11	1	71	3	8	19	55	71	20	5	9	52	77	80	39	50	75	62	73	35	62	70	32	35	6	79	14	72	89	20	99	87	36	8	8	68	48	71	67	80	22	45	64	66	22	41	52	0	75	35	45	58	92	64	7	43	39	29	83	12	29	48	3	15	19	60	35	77	69	79	48	70	77	3	84	76	41	91	74	8	11	46	78	46	35	27	74	67	41	89	57	1	5	8	4	69	50	77	26	4	67	1	46	13	50	97	48	20	60	50	14	76	13	49	16	3	20	12	47	45	40	14	17	44	15	54	45	20	62	47	31	15	70	88	5	45	67	48	70	69	8	38	18	77	8	66	39	96	9	73	37	15	32	56	37	75	18	72	40	72	47	22	92	51	41	27	37	70	58	45	93	90	81	7	0	79	92	48	91	99	95	95	23	79	45	3	98	31	77	15	68	92	37	58	55	81	10	72	22	24	49	6	96	25	7	13	2	87	60	50	52	15	43	34	83	7	75	75	80	84	54	72	73	22	24	7	66	75	36	10	36	11	5	52	25	40	50	76	37	71	42	26	34	80	47	43	63	5	82	59	59	38	43	61	67	61	73	89	71	70	83	28	28	4	55	4	59	41	2	48	86	68	65	62	81	98	68	76	9	7	29	41	84	29	42	72	30	17	10	60	80	3	79	80	40	69	25	48	10	99	95	85	91	15	24	80	5	73	70	18	32	19	46	44	97	61	77	23	6	90	32	5	7	44	51	85	17	11	13	37	21	81	89	39	65	82	49	98	54	41	14	25	43	11	28	52	43	71	46	68	74	51	67	10	62	99	65	99	7	2	45	28	6	93	80	30	21	6	35	38	36	6	62	49	56	85	35	21	70	29	75	93	12	38	11	64	58	34	80	73	54	78	19	71	44	6	64	46	37	91	9	87	99	72	75	47	81	79	31	3	23	72	94	88	67	22	92	87	8	22	92	29	70	43	61	87	47	55	1	7	26	74	37	64	55	43	18	1	0	31	44	17	44	36	65	71	51	39	39	99	22	68	29	54	67	65	68	33	58	78	87	33	65	25	10	23	48	54	49	0	88	43	2	21	82	93	50	96	40	24	46	20	14	6	86	67	57	84	69	91	91	46	18	12	0	81	59	18	90	11	65	32	24	53	69	98	13	47	44	49	82	51	10	70	94	42	61	90	52	36	90	50	25	94	90	96	77	78	78	71	61	17	30	17	22	32	37	4	86	66	74	19	21	55	59	37	8	10	13	42	65	25	97	99	4	28	63	73	6	57	98	33	5	76	37	76	93	15	38	59	75	91	6	59	68	40	21	73	2	51	6	11	6	19	48	56	7	83	1	30	0	16	10	91	2	24	48	27	48	40	32	15	61	20	98	55	5	9	60	34	22	66	68	16	20	58	41	74	80	30	64	53	40	28	48	35	96	65	24	91	1	9	15	59	56	94	48	29	7	0	37	72	10	25	26	79	55	78	70	10	34	7	48	65	0	66	71	15	66	35	98	56	62	96	15	81	73	49	50	99	22	16	78	75	48	34	78	19	55	15	32	14	49	16	17	50	29	28	6	53	90	74	60	42	45	35	28	32	22	89	66	55	94	61	16	63	46	27	19	23	64	41	20	7	68	95	63	96	72	55	51	3	15	82	43	70	61	32	81	32	48	50	58	47	35	71	43	89	18	9	9	45	30	24	64	46	5	15	51	91	39	83	69	19	53	98	40	26	53	53	72	37	99	36	56	65	57	17	55	7	74	85	44	40	29	4	26	13	39	11	7	87	11	17	51	20	80	92	45	63	71	40	28	98	51	52	86	95	39	37	17	38	60	57	19	91	41	81	0	65	13	21	28	72	65	91	63	93	44	67	23	69	89	27	45	5	85	0	46	91	59	34	87	34	54	63	32	56	79	95	84	23	41	16	42	66	79	10	32	92	57	95	34	64	89	52	19	9	43	17	31	71	64	44	94	83	70	5	42	54	53	82	4	37	34	31	45	57	34	78	53	71	95	12	43	69	82	85	10	98	74	7	0	92	30	70	2	73	18	88	45	5	8	46	89	96	72	72	97	97	7	32	56	84	6	54	40	70	79	64	14	92	54	74	19	39	5	86	39	88	44	49	37	28	92	23	36	89	98	42	30	6	44	42	68	17	34	93	58	88	26	23	27	11	64	54	46	66	65	59	1	52	26	58	45	45	81	17	39	66	26	76	36	40	23	45	84	24	91	65	58	43	69	36	77	10	46	19	47	95	58	61	49	49	78	85	67	43	55	32	60	16	67	48	79	83	90	45	2	60	89	74	34	55	86	5	60	75	81	6	48	76	60	59	77	35	10	68	30	41	58	72	61	60	1	25	87	91	22	79	49	76	40	55	15	45	88	0	4	93	81	17	11	99	18	95	82	62	68	8	30	61	38	73	72	16	3	78	88	84	68	17	20	94	24	82	98	67	22	91	37	84	59	89	66	50	10	4	92	18	30	46	95	22	71	39	19	5	23	45	46	82	2	96	45	0	85	22	77	6	66	84	23	36	57	26	75	83	83	54	71	56	42	16	20	12	70	74	99	16	4	96	53	5	73	53	51	16	35	15	81	50	99	45	21	69	56	0	65	84	13	85	11	30	82	23	67	50	81	82	9	67	58	1	41	73	58	58	33	61	86	29	70	87	64	16	97	34	0	79	99	75	80	32	77	93	64	4	99	58	81	99	7	79	96	31	38	74	35	16	21	22	50	68	77	70	43	63	10	89	70	67	7	74	64	33	95	65	30	61	44	55	50	61	59	41	32	21	4	28	17	95	10	53	39	36	60	53	46	60	56	53	76	37	47	2	41	59	62	34	62	0	98	60	32	8	23	3	77	77	3	87	17	68	95	40	65	37	16	21	87	41	63	78	63	23	53	48	22	46	6	88	2	55	88	63	7	8	64	54	43	2	95	7	45	69	6	73	40	75	74	30	9	44	95	52	11	62	15	98	57	29	23	11	32	99	44	51	19	33	43	15	9	99	44	7	15	3	70	2	44	18	28	0	23	39	12	63	64	26	99	38	89	82	41	59	94	69	29	7	16	51	22	4	53	38	78	41	37	42	82	49	53	5	7	84	11	32	10	62	3	83	99	22	62	8	89	52	70	99	3	89	6	34	63	10	54	58	26	64	56	55	72	1	47	6	40	68	83	58	85	71	70	73	9	4	24	75	29	10	70	31	94	16	38	18	28	86	91	94	82	60	53	44	35	45	38	92	89	41	85	52	97	77	78	64	59	70	51	54	22	53	40	63	33	40	22	75	79	86	42	16	43	85	38	82	66	35	6	99	83	55	96	88	10	68	75	29	79	10	55	51	64	1	90	36	14	16	71	41	78	63	86	63	69	59	24	37	27	89	27	63	50	99	59	0	52	96	70	34	28	6	83	1	51	10	2	19	
32	20	38	22	20	32	38	28	29	39	36	24	24	25	28	27	40	35	32	40	37	22	23	32	28	20	36	39	35	37	27	29	33	29	29	37	40	27	35	31	31	21	38	29	40	40	37	21	25	25	36	38	20	40	32	28	27	39	40	27	35	30	36	37	36	33	27	23	36	40	39	26	37	21	37	34	23	30	31	37	26	27	36	31	30	24	36	29	38	33	27	29	25	40	36	22	30	37	31	36	29	36	23	33	21	39	24	30	20	32	28	24	38	24	37	27	34	25	37	27	34	20	24	20	28	23	30	35	40	22	36	32	39	26	37	21	25	36	29	37	32	36	20	23	27	35	28	28	33	23	32	22	35	35	28	23	27	21	24	32	34	37	20	30	26	25	38	20	20	27	30	25	30	21	29	33	20	38	27	29	33	22	34	24	22	40	36	25	24	32	29	37	27	24	28	31	34	22	29	20	30	25	23	22	25	40	20	32	39	33	31	34	35	22	24	20	30	23	24	39	20	40	40	25	31	39	29	33	25	40	35	20	25	29	25	40	22	38	23	32	22	31	23	29	40	22	28	23	39	35	40	20	37	38	34	40	27	37	29	39	39	40	25	32	37	21	35	35	29	26	30	32	32	40	23	27	20	28	22	38	34	22	29	40	27	31	37	28	38	28	36	24	30	29	40	29	29	25	36	29	33	33	30	31	35	29	32	25	39	36	24	36	32	30	31	38	23	33	26	20	34	32	36	20	30	20	26	27	35	36	37	33	34	33	32	29	39	20	29	36	35	21	31	30	31	23	22	36	27	20	30	25	38	20	37	25	30	33	29	22	32	36	37	33	20	37	30	36	37	22	37	33	22	34	32	25	27	35	20	39	40	35	26	33	23	20	24	32	33	24	40	38	37	25	40	20	30	24	25	39	22	31	40	33	35	21	40	34	27	38	30	40	35	25	20	34	22	34	29	39	30	35	33	27	40	35	34	35	20	26	30	29	37	21	27	31	33	27	31	36	30	28	29	36	24	20	28	37	25	25	21	32	24	34	23	35	20	26	39	35	37	38	33	26	20	29	24	37	30	40	28	28	30	22	25	40	38	30	40	31	23	21	25	35	27	31	31	40	24	29	38	40	40	34	33	29	26	37	28	30	35	27	23	31	36	34	37	39	28	35	28	38	31	24	36	36	21	28	22	40	34	38	27	20	21	30	34	29	37	40	36	30	20	39	39	37	33	27	36	30	30	32	26	21	38	31	27	33	26	20	25	36	28	22	39	37	33	29	38	33	24	33	37	28	20	29	26	30	22	36	37	40	35	22	35	28	40	35	27	37	37	22	34	26	30	23	36	27	26	26	37	24	22	20	23	24	28	30	23	23	25	23	40	32	40	28	23	23	34	20	26	28	24	39	28	30	32	31	27	31	26	37	27	38	40	28	37	36	32	27	20	37	35	39	27	28	22	25	22	38	35	22	38	25	32	23	35	31	26	20	27	27	23	23	20	24	29	27	31	35	25	24	33	40	24	30	22	25	32	23	22	32	26	22	21	26	39	32	29	22	36	35	37	27	38	34	33	36	32	25	27	36	21	37	26	40	30	39	23	37	35	23	34	23	38	30	32	24	27	26	38	38	32	34	40	30	35	39	29	39	33	25	38	22	21	20	38	29	23	36	40	40	25	35	27	33	31	27	29	38	21	23	21	35	25	35	27	35	22	25	26	37	22	30	32	35	26	29	37	33	26	22	23	35	22	26	33	38	30	28	26	33	24	38	32	38	28	40	31	20	36	37	33	25	25	40	27	30	29	34	20	36	38	20	37	32	22	40	21	31	24	38	21	33	35	32	33	28	25	38	40	26	27	37	36	26	38	25	20	20	23	35	21	25	26	39	33	39	24	31	30	31	20	30	35	26	36	33	35	22	35	37	32	36	38	23	23	27	25	20	37	20	30	23	21	31	25	25	40	27	35	30	37	36	25	32	20	31	31	25	29	26	20	40	24	30	27	28	28	40	21	21	25	34	38	33	25	20	28	32	27	22	36	22	24	39	33	36	26	38	30	31	39	20	38	29	33	27	31	26	32	30	27	31	23	33	24	32	30	26	23	24	28	30	20	28	23	32	38	35	31	27	27	38	35	23	34	33	37	25	21	33	39	22	30	24	36	30	39	31	25	25	37	40	32	35	22	25	32	34	26	26	38	30	34	35	33	39	21	34	40	39	26	31	27	23	38	37	32	38	21	26	23	30	29	26	23	30	23	26	33	37	26	24	24	40	20	24	40	20	23	27	22	31	20	36	34	24	22	23	36	27	26	23	26	27	21	33	25	20	35	37	24	26	37	23	21	21	31	36	22	20	23	27	40	21	37	35	36	32	33	28	39	25	26	34	26	29	36	36	28	40	26	21	28	36	40	36	32	34	36	24	20	29	40	39	27	21	28	26	29	38	22	24	24	37	21	25	33	33	36	36	22	37	23	26	25	20	29	20	27	36	39	32	24	35	29	36	26	25	22	22	33	20	32	28	30	34	27	21	36	39	31	37	33	40	28	31	36	24	24	27	30	25	30	20	38	28	40	34	39	37	22	21	23	40	27	22	25	21	31	36	27	26	35	27	29	28	40	34	25	21	27	33	39	23	34	40	37	28	26	36	38	22	25	39	25	26	23	22	35	26	39	24	37	25	20	20	36	32	40	40	24	20	24	31	23	20	20	32	33	34	28	37	22	26	27	34	28	40	20	23	36	27	31	39	29	23	37	29	31	32	34	21	36	39	22	26	35	35	21	25	30	23	20	32	37	22	33	25	28	27	26	28	25	29	29	37	34	25	29	39	22	38	24	37	25	29	28	25	37	35	32	34	31	30	31	24	37	35	25	20	24	31	21	24	20	37	34	22	28	36	39	25	28	25	38	35	28	38	39	22	32	23	39	22	35	32	37	20	34	30	24	22	20	39	32	23	39	38	31	39	29	35	26	20	20	37	20	22	22	35	30	38	40	26	29	33	37	28	36	25	32	40	22	39	26	29	39	31	29	28	29	21	21	22	26	30	21	33	34	37	39	34	32	22	22	37	22	33	28	38	32	20	27	30	22	32	26	34	30	23	24	22	34	24	35	20	30	31	36	31	31	39	34	27	39	34	23	20	34	24	40	40	28	34	31	25	24	25	29	32	31	31	33	33	34	31	35	24	35	24	21	31	21	25	26	20	29	21	28	20	30	24	22	24	24	36	35	32	34	34	21	22	24	21	34	37	22	29	37	26	39	26	26	25	29	30	31	31	39	40	40	33	26	27	32	20	33	26	27	29	31	25	32	37	22	30	23	34	33	22	31	36	22	20	23	39	36	38	26	40	26	30	29	20	34	36	27	31	37	23	32	40	26	30	25	21	34	27	26	36	34	32	22	33	35	33	22	24	22	21	30	24	26	30	32	22	36	24	24	30	27	27	36	40	24	36	39	28	24	34	24	29	31	26	20	25	21	27	33	40	31	39	25	23	28	33	26	24	31	38	27	21	40	20	40	40	26	25	20	23	35	39	30	38	33	36	38	22	23	27	27	25	25	30	35	30	28	23	38	32	27	22	27	24	29	38	35	39	32	21	25	31	25	38	20	37	25	21	36	24	21	39	36	39	35	25	39	21	23	36	34	39	31	21	40	24	25	31	33	28	37	32	34	38	39	26	38	28	29	32	40	23	21	34	34	33	25	33	32	26	20	24	34	27	37	29	31	27	34	40	30	27	33	32	31	36	40	40	21	40	33	23	26	24	20	31	27	25	26	22	25	26	26	26	28	39	39	30	29	26	31	34	22	22	28	32	34	30	37	20	34	22	35	31	33	32	22	21	38	36	29	27	29	30	27	31	33	39	23	31	33	25	27	29	29	38	38	40	39	33	36	24	32	36	31	39	37	21	29	34	38	24	36	40	29	36	25	38	39	38	39	35	25	23	35	33	34	40	34	38	24	36	25	26	20	40	27	32	27	22	34	37	37	28	32	25	20	34	40	39	23	29	31	23	25	26	34	36	33	40	30	34	27	25	39	30	36	31	24	22	24	27	30	40	20	20	34	29	34	38	24	28	25	39	36	34	20	27	40	25	30	24	21	39	32	20	36	29	29	22	23	30	22	23	34	23	37	39	20	37	34	40	21	33	32	25	37	33	38	37	23	24	24	25	28	27	40	33	32	32	24	20	30	26	26	20	23	24	31	23	26	20	31	25	22	25	30	32	32	31	32	21	36	27	29	21	38	27	24	21	40	37	39	29	20	32	20	39	27	39	20	32	30	26	28	40	37	39	35	35	25	22	35	33	29	31	26	24	36	29	35	25	40	23	29	23	20	28	35	30	39	40	27	38	28	26	31	36	31	22	37	37	40	37	30	38	36	25	37	20	38	20	28	36	20	35	25	25	23	26	26	27	39	39	31	25	40	39	35	32	37	26	29	23	34	36	34	26	39	30	37	21	23	37	29	40	20	26	40	22	38	40	40	27	34	37	35	28	39	28	38	26	32	37	40	28	36	22	25	32	30	36	20	34	28	28	26	28	36	21	34	39	29	24	24	24	39	30	21	23	32	36	30	32	33	39	40	37	40	32	40	20	30	30	29	21	30	22	26	20	31	34	20	28	26	36	38	31	40	33	29	31	28	26	29	34	37	26	40	32	25	39	36	23	21	36	26	31	24	22	38	36	21	40	29	23	22	38	24	37	30	21	35	23	33	38	25	25	22	34	23	22	40	40	29	27	36	28	31	33	31	23	38	26	22	34	37	21	31	23	21	29	39	32	28	25	28	22	29	23	37	26	21	26	25	37	39	35	36	29	32	28	25	33	39	37	32	27	20	35	20	29	39	28	39	33	21	30	25	34	31	29	21	38	24	35	26	38	40	35	34	36	20	22	32	29	21	40	39	27	37	22	37	38	20	23	31	38	38	27	34	29	29	20	23	22	38	26	33	32	39	25	22	35	28	40	34	32	25	21	36	29	24	23	20	25	25	27	21	26	27	33	27	29	26	28	29	25	21	21	29	37	36	38	32	37	31	26	31	24	21	39	37	29	27	38	33	25	20	27	39	29	33	29	40	23	25	33	33	40	30	39	25	39	25	31	34	37	38	21	37	29	32	33	29	36	35	22	27	34	32	20	37	25	27	37	30	20	40	32	29	22	39	28	33	20	23	32	23	30	22	29	23	34	21	28	28	38	32	30	24	21	37	27	35	36	40	20	33	22	37	26	37	28	30	39	35	24	31	23	20	32	21	23	34	29	26	23	26	38	28	40	38	29	32	32	27	29	27	25	29	25	22	33	38	39	25	20	35	27	22	26	38	38	36	36	36	22	38	38	37	23	20	30	28	25	35	40	27	21	28	39	20	31	26	25	26	31	37	32	31	36	33	26	25	38	40	38	27	29	27	30	36	25	34	29	29	39	22	30	23	29	25	38	31	28	34	21	34	27	26	26	40	20	34	35	27	39	21	36	23	32	24	40	21	31	25	31	21	32	32	23	29	25	29	36	38	26	33	40	30	34	34	29	30	36	20	31	26	38	38	34	24	26	25	38	35	23	24	39	26	29	20	29	38	35	37	30	39	26	29	20	29	36	39	39	24	31	27	34	22	37	35	26	25	35	29	23	23	39	36	28	37	36	25	27	30	23	33	21	22	25	20	34	22	27	31	20	26	36	26	34	28	31	29	24	31	33	32	36	35	38	37	34	34	36	31	38	27	22	27	27	31	24	35	28	25	30	34	28	39	38	40	32	26	36	21	40	24	36	31	35	37	29	36	20	23	24	40	38	22	28	25	20	28	33	38	33	32	21	33	25	28	39	27	34	28	34	34	39	25	39	31	30	35	36	27	33	20	25	23	40	30	26	22	26	36	32	39	29	21	35	23	30	22	36	36	31	37	20	27	33	40	24	20	29	30	20	32	23	25	24	32	31	29	21	29	29	22	26	31	35	36	27	37	31	20	31	20	35	24	31	25	21	22	28	39	23	23	31	35	39	33	33	30	34	21	35	30	24	35	21	35	20	21	20	23	39	25	32	20	31	31	28	40	36	34	25	29	32	35	30	33	22	21	39	27	23	20	35	35	34	24	30	23	35	25	29	26	31	20	20	32	33	40	39	34	29	29	31	21	26	32	34	23	22	27	38	20	24	27	25	36	26	28	30	40	27	37	30	39	29	24	21	31	39	21	35	24	27	26	36	20	20	22	36	31	36	36	39	35	21	22	27	36	31	24	34	26	39	40	25	28	23	33	21	29	27	32	23	30	20	20	27	35	31	40	27	38	22	28	22	40	27	32	29	38	29	22	35	21	39	23	29	34	32	37	23	37	38	39	27	27	23	40	20	31	32	37	28	28	26	38	20	40	21	37	35	40	38	34	30	30	36	35	39	31	23	35	22	25	21	26	21	24	27	36	39	38	35	35	29	27	21	33	26	32	21	25	25	39	38	20	33	22	28	33	28	38	20	35	20	38	24	38	21	36	23	24	37	27	31	35	38	24	33	40	36	26	27	23	22	24	39	36	28	26	39	27	40	40	30	23	27	38	32	32	30	30	39	25	30	34	27	29	24	36	25	39	32	35	39	33	22	29	28	20	30	22	23	37	38	37	30	36	32	36	38	32	22	23	24	26	21	37	35	20	29	28	31	31	23	32	38	25	34	31	31	29	33	26	24	36	28	31	34	23	22	23	25	22	33	27	32	20	26	40	20	21	23	30	29	38	31	39	40	30	33	30	40	20	21	28	30	39	28	35	40	37	33	36	21	31	26	20	36	20	40	34	29	33	20	39	39	24	39	22	28	33	33	32	40	37	29	39	30	32	27	30	38	32	36	40	38	33	29	37	40	37	24	21	25	28	37	39	27	32	34	34	39	22	26	21	28	23	33	23	25	22	24	29	24	27	30	22	32	40	24	22	30	21	28	27	29	28	35	40	29	29	20	25	25	24	39	28	34	30	26	30	21	25	40	25	22	34	34	23	25	34	35	21	31	28	21	27	32	26	22	26	40	34	40	26	23	27	26	29	26	28	34	37	21	40	32	37	30	27	26	34	36	36	36	30	37	37	32	28	33	30	22	36	30	22	40	26	25	24	33	30	26	40	29	28	26	40	23	39	28	39	32	27	35	38	35	32	31	22	22	31	31	27	38	38	27	28	36	38	28	29	40	39	23	38	37	22	20	27	39	22	35	38	33	25	21	35	22	39	20	25	28	28	25	38	37	37	28	37	40	30	32	23	35	20	26	23	22	35	38	21	31	31	29	39	37	28	21	34	34	26	37	38	24	20	27	22	20	30	33	37	37	20	29	39	35	25	24	31	39	36	27	29	38	35	21	33	33	22	20	30	36	26	26	30	26	22	36	27	33	35	26	21	31	26	37	24	28	38	38	32	23	31	25	32	33	27	33	23	31	23	24	36	20	22	33	27	24	30	38	28	21	40	40	32	38	32	35	26	24	27	26	23	29	36	35	37	39	28	21	29	25	22	24	31	35	31	22	38	26	25	37	31	21	31	27	21	33	27	23	25	24	40	27	23	29	20	34	30	24	32	33	25	26	22	27	31	34	23	36	26	27	20	27	28	23	33	21	31	30	37	40	22	37	30	34	34	20	38	23	34	40	39	33	23	33	30	24	22	28	23	23	36	38	32	25	30	35	27	32	21	20	30	36	31	33	29	23	34	24	38	28	27	39	35	40	26	25	25	26	33	25	40	24	26	38	31	25	29	39	39	39	39	24	24	40	32	39	29	24	33	30	28	26	24	31	23	31	33	22	35	21	35	28	26	38	31	38	34	40	26	31	32	28	31	20	24	20	26	39	32	39	29	26	22	38	27	26	27	36	26	27	22	28	23	32	24	35	38	25	25	25	27	25	29	24	32	27	40	31	40	34	22	27	24	35	23	28	27	31	40	37	30	34	29	38	26	32	38	22	26	23	22	22	20	25	22	22	35	28	22	39	21	25	39	22	25	32	21	28	26	22	28	20	27	35	29	29	35	30	33	40	32	35	34	22	40	26	21	37	20	39	27	33	36	32	36	21	26	40	27	31	39	29	32	25	24	29	30	33	40	23	31	38	40	27	26	32	24	23	31	22	30	22	34	21	40	32	32	32	20	26	25	22	31	20	26	37	21	40	31	25	25	26	36	28	32	23	36	35	30	32	33	39	24	33	24	37	31	37	24	31	29	21	39	27	23	39	37	28	33	37	27	21	40	34	34	25	29	26	32	38	29	35	40	29	29	26	23	28	39	35	38	40	26	26	38	39	30	30	34	22	26	40	25	36	30	29	26	25	24	36	27	40	30	28	27	34	25	26	28	23	36	27	34	27	31	38	33	34	38	27	20	28	20	33	33	40	32	27	24	22	38	30	22	40	26	33	27	25	34	26	36	22	23	39	26	22	25	29	30	34	28	37	28	23	39	39	29	32	22	23	40	36	37	37	32	21	31	38	36	20	28	35	23	27	35	27	22	27	35	25	37	37	20	28	40	31	32	24	37	23	24	20	36	29	37	31	37	40	25	25	38	34	37	30	29	33	23	32	20	30	29	40	39	33	29	23	26	27	23	40	35	22	24	33	21	21	23	28	21	25	21	39	30	29	25	33	28	32	25	21	25	28	40	37	25	23	36	32	31	35	24	34	31	40	30	38	36	27	37	39	31	30	30	25	22	34	35	24	39	34	40	29	26	34	28	22	22	33	32	20	32	40	38	29	32	34	29	37	35	22	32	30	26	20	36	28	40	25	39	20	38	39	25	40	28	35	28	21	38	27	40	34	40	22	35	20	26	24	26	38	30	21	37	38	21	29	40	23	39	36	25	24	30	33	32	26	21	33	21	27	24	31	20	33	37	26	38	22	38	22	24	31	38	27	28	24	25	33	35	24	29	24	20	32	38	29	25	25	21	37	40	24	25	38	39	27	22	25	20	32	25	34	30	24	29	28	24	33	35	32	30	35	23	30	25	37	33	37	26	33	21	23	24	39	23	33	23	26	32	22	22	39	24	32	23	20	20	22	38	31	34	38	38	30	23	32	28	35	25	23	36	38	23	26	37	22	29	27	29	29	23	26	26	22	26	35	40	35	31	21	34	34	34	37	33	33	34	22	27	37	40	29	27	20	24	22	22	21	36	34	27	28	35	27	23	33	21	21	23	22	29	24	28	32	31	20	36	31	31	39	30	23	25	36	21	20	37	33	31	33	23	38	27	38	34	23	37	27	34	23	38	38	39	30	20	33	30	28	40	27	34	20	40	23	27	39	32	28	23	35	34	25	25	32	36	24	35	23	38	40	34	26	21	33	39	30	26	33	20	39	25	24	26	35	28	33	35	22	33	23	27	28	25	28	23	21	32	20	25	30	21	25	25	36	22	35	25	31	31	20	26	31	34	31	30	25	29	27	25	32	39	40	26	25	34	35	31	40	39	20	24	29	35	26	39	25	36	39	27	24	27	24	26	37	39	28	38	32	23	35	31	27	28	25	38	23	26	38	28	37	35	39	27	34	33	40	38	26	39	27	39	37	25	40	29	35	32	24	39	40	32	32	34	33	22	24	31	36	21	35	28	26	27	32	40	22	40	40	34	30	29	23	20	32	25	29	40	32	37	38	30	33	28	40	31	21	30	30	39	35	29	39	21	26	25	21	24	34	33	29	23	36	23	27	24	29	25	28	27	32	20	28	29	26	33	28	35	38	37	40	31	26	27	22	31	29	33	37	32	26	24	35	30	29	32	29	21	22	20	40	23	35	21	39	20	23	32	26	27	29	23	21	23	35	32	23	40	28	40	27	21	33	21	29	24	36	35	32	28	28	39	31	32	25	28	24	34	24	21	35	33	25	31	37	34	34	22	35	40	33	40	40	20	40	31	39	38	29	24	35	20	33	27	25	37	23	34	29	34	34	27	30	29	26	33	24	27	33	33	21	29	32	32	39	27	37	28	39	25	33	36	30	38	23	31	25	35	33	27	26	30	24	30	28	33	32	30	35	33	28	30	29	36	23	31	39	27	38	24	40	34	26	28	32	23	23	20	39	23	20	25	32	39	35	23	30	21	40	37	27	28	21	22	30	38	38	39	34	28	36	30	28	39	
45	33	19	48	15	35	27	42	21	46	36	40	41	33	47	31	12	35	15	31	49	48	24	45	27	41	29	38	40	35	13	12	10	34	42	48	45	29	49	12	43	26	25	40	45	20	29	50	11	11	34	11	19	12	50	16	17	49	19	20	21	15	25	39	36	23	10	17	21	16	33	36	20	26	46	21	13	32	33	19	15	20	46	29	36	21	29	46	37	22	41	25	26	33	11	18	41	42	38	45	45	37	37	24	41	36	24	21	35	11	45	36	45	38	45	36	41	36	11	43	18	43	45	37	26	11	19	49	48	24	44	49	15	27	34	23	39	40	25	40	13	13	30	18	21	15	29	15	34	31	11	47	50	44	22	16	22	43	42	41	25	34	11	46	15	18	32	43	23	13	47	45	28	21	12	46	23	15	15	39	15	30	13	43	44	10	45	42	47	42	38	50	36	14	28	25	34	15	25	49	34	36	10	35	30	36	41	13	35	23	26	35	16	26	24	21	31	14	41	40	26	19	21	35	49	38	28	46	33	30	41	42	46	34	26	27	19	23	41	34	23	11	29	41	28	32	10	30	42	39	24	11	24	31	17	36	37	40	38	25	33	27	34	28	25	50	38	21	26	15	45	34	12	23	40	35	42	41	46	28	38	18	44	11	33	50	33	21	18	19	23	43	45	39	18	49	13	15	21	14	44	36	12	30	41	41	44	14	17	36	48	32	18	16	10	32	19	38	12	37	47	23	31	26	50	39	33	29	24	37	23	15	31	36	47	12	29	29	37	19	26	42	31	33	46	34	45	49	47	49	34	11	10	44	13	32	47	30	23	10	35	15	28	32	10	23	36	28	41	31	36	27	28	40	22	46	39	45	40	19	27	27	42	16	20	15	10	42	29	26	43	48	19	24	43	23	31	38	35	15	34	28	34	26	14	23	27	21	31	34	22	25	39	44	11	35	29	28	37	41	35	50	28	12	36	48	43	46	43	23	18	35	42	37	21	26	25	38	21	16	21	24	28	42	43	35	31	50	27	39	37	19	17	46	27	41	48	27	12	41	39	34	12	32	22	49	29	33	44	45	20	39	40	39	12	18	31	31	34	37	14	49	16	34	46	46	22	10	42	18	30	35	50	22	14	36	49	46	25	15	28	19	40	39	40	30	11	13	33	17	46	46	31	32	33	35	42	33	22	43	23	23	40	25	35	43	48	25	39	13	25	13	10	32	47	24	20	12	11	25	41	15	33	33	19	21	21	38	36	21	41	32	50	46	17	11	26	16	41	29	16	22	46	33	31	27	25	11	20	17	26	20	15	42	11	39	19	31	37	44	27	36	46	10	24	48	50	33	23	29	16	24	31	40	20	35	41	19	30	31	15	30	24	31	26	15	37	41	22	14	46	10	40	37	31	33	25	45	41	35	16	42	23	50	14	25	37	25	40	50	21	10	22	33	28	42	34	33	45	36	28	33	34	35	41	38	33	20	36	27	29	48	39	29	36	32	26	35	31	13	19	45	31	47	22	41	38	42	30	36	42	24	28	40	48	36	14	15	37	18	25	10	48	31	41	23	29	12	47	20	28	37	42	44	26	41	49	14	45	50	47	18	45	13	22	41	22	12	30	50	10	19	24	28	23	40	31	39	20	29	38	44	33	15	45	22	13	18	20	49	49	14	42	33	36	12	33	28	21	12	18	44	16	47	25	12	43	34	23	19	24	27	20	42	22	47	42	44	17	18	17	15	32	23	39	33	23	18	20	34	45	44	50	43	14	12	17	37	19	12	34	37	47	27	45	45	11	48	33	12	13	31	21	40	12	46	48	34	22	40	24	42	36	25	34	18	27	43	42	14	22	32	39	35	34	16	11	38	49	28	18	48	49	42	34	13	35	49	17	35	40	46	27	17	10	45	45	47	40	27	50	29	45	43	46	37	32	15	42	12	36	25	29	36	17	41	46	12	37	30	20	44	29	33	38	10	15	30	31	17	11	11	41	43	13	22	46	26	15	50	16	13	30	48	25	41	17	36	15	47	41	31	49	19	28	42	38	27	34	19	44	15	36	28	38	31	33	48	30	26	42	29	36	44	30	15	29	23	23	35	16	10	47	27	20	50	12	49	38	29	35	22	23	44	19	43	10	15	21	48	29	20	45	41	31	45	27	14	41	39	19	46	48	39	46	16	48	13	48	13	10	20	33	37	43	27	47	34	28	29	43	21	45	41	42	14	22	24	29	14	12	29	35	18	10	11	38	49	11	16	18	22	45	34	44	31	29	46	14	40	34	16	33	48	27	22	39	37	11	31	11	12	31	18	32	50	36	25	46	42	21	31	21	35	11	22	42	44	47	36	19	18	37	30	39	32	16	37	10	18	28	30	31	17	31	30	40	50	25	22	38	34	29	43	23	11	31	40	36	11	23	29	35	10	19	23	36	36	44	19	23	15	25	24	12	38	21	17	11	44	17	26	28	44	27	42	17	47	46	30	50	13	11	31	38	40	22	20	49	37	11	10	11	35	41	17	12	31	33	42	33	22	46	29	43	29	13	22	42	20	15	25	50	49	22	10	36	50	44	11	44	41	16	16	12	29	36	44	15	38	17	39	10	33	29	14	38	28	29	28	32	20	11	49	10	45	36	15	11	23	36	45	37	39	43	29	12	45	34	14	29	33	14	41	12	44	29	37	49	19	16	13	12	47	43	35	39	50	23	37	13	33	30	39	35	48	41	32	16	18	33	23	27	16	15	22	41	13	16	16	31	41	25	40	31	25	43	16	20	13	13	17	15	36	17	50	31	26	42	49	19	19	35	15	26	28	11	25	13	21	21	41	11	10	27	21	21	36	20	16	42	41	31	31	34	19	39	30	23	22	14	31	50	26	20	21	42	34	34	22	35	44	26	21	35	18	41	10	40	48	47	28	47	12	44	43	46	43	44	33	27	36	20	43	28	28	31	17	42	12	11	47	32	50	39	30	48	31	50	32	13	26	33	15	12	38	42	13	15	13	33	11	18	33	21	50	26	42	16	44	49	23	47	24	20	18	12	33	14	47	43	39	47	20	10	20	16	13	18	37	49	40	29	30	21	22	48	21	27	26	26	25	30	12	10	37	14	16	17	40	33	35	21	12	35	20	28	17	20	18	43	18	42	11	41	21	34	34	19	44	46	28	35	36	10	11	32	26	23	43	44	47	28	34	17	18	25	35	28	39	12	20	37	29	40	46	20	27	50	13	39	28	19	49	50	17	29	26	13	48	39	16	13	25	35	19	20	38	33	39	41	19	19	27	30	11	20	41	37	23	26	31	35	40	42	14	14	44	28	35	36	13	19	34	37	20	50	23	40	48	35	32	37	40	15	38	15	31	37	35	34	31	28	15	29	30	42	45	16	40	24	17	17	27	29	46	33	15	50	20	19	47	45	13	38	26	16	11	31	21	17	26	29	44	22	12	23	45	34	36	49	46	33	41	12	24	26	19	26	11	17	43	28	11	39	23	35	10	37	45	39	23	36	33	45	37	24	22	16	45	33	26	11	47	22	13	39	44	44	11	24	23	42	26	27	12	24	45	37	16	37	16	20	10	49	44	32	41	50	12	31	45	25	48	36	15	46	33	39	30	49	44	17	34	25	17	17	26	25	20	26	28	49	45	14	49	41	28	32	40	43	22	27	37	48	45	22	26	49	10	44	29	15	21	30	26	48	49	28	34	49	16	43	36	39	28	14	40	20	41	34	50	42	28	44	36	44	48	11	21	29	41	22	43	42	23	30	34	11	47	43	39	39	12	38	15	31	36	18	16	41	25	30	20	31	20	25	34	31	32	45	23	21	45	37	44	13	49	40	31	46	18	31	45	34	35	11	30	25	45	19	41	40	45	29	16	17	48	10	14	23	30	22	17	21	19	39	25	35	25	27	50	12	13	22	46	19	34	26	32	36	13	15	50	22	20	13	31	25	36	40	50	20	17	26	25	14	22	37	10	24	32	16	24	41	39	49	23	17	27	10	45	16	21	31	34	22	29	15	37	21	34	24	25	14	33	14	41	16	13	13	23	23	46	38	36	33	44	21	43	18	43	27	11	35	45	25	16	39	50	33	18	30	41	34	13	11	36	20	29	35	39	49	48	21	25	19	50	29	38	21	46	24	18	45	27	47	34	37	22	14	21	18	40	50	15	22	47	29	42	24	39	44	10	45	25	43	41	25	19	20	28	38	25	24	34	37	12	17	46	10	34	37	11	20	20	24	14	28	19	33	43	37	38	19	23	19	20	14	38	23	48	47	21	32	46	11	47	21	22	43	30	33	35	43	17	12	38	50	38	11	35	15	14	16	48	17	46	26	16	49	15	26	47	10	27	36	31	33	34	11	41	17	12	49	16	46	40	36	23	21	11	35	46	48	36	17	31	14	29	25	47	16	44	45	31	50	35	48	33	25	35	15	18	39	22	15	35	23	46	17	29	17	47	18	35	41	34	50	33	15	28	17	44	39	28	29	24	40	20	42	15	33	50	17	10	33	20	47	42	29	42	11	31	40	49	32	26	12	50	13	13	46	12	32	41	25	39	50	27	16	15	37	21	42	44	25	50	24	22	21	10	40	29	27	31	38	39	47	43	40	41	49	20	41	10	21	12	40	44	19	36	33	45	22	14	27	26	21	30	18	27	50	24	23	13	15	42	36	43	35	28	26	33	38	12	40	31	25	40	18	10	26	22	50	49	21	29	36	37	46	24	33	43	45	48	33	36	40	49	18	11	37	46	29	48	41	15	34	11	35	50	16	50	11	31	49	14	35	15	12	42	50	15	43	28	36	33	46	31	36	42	23	40	21	39	23	20	38	33	22	20	42	41	50	26	17	23	39	11	12	30	35	50	33	36	23	40	34	43	47	31	18	46	26	39	41	40	14	41	30	37	38	27	46	20	44	10	34	45	43	47	35	23	48	19	27	11	29	19	28	31	32	42	36	36	11	25	26	23	29	18	50	32	40	38	38	29	16	19	12	16	38	50	23	11	27	31	14	23	38	32	43	11	28	33	31	43	35	38	48	21	32	50	14	50	10	13	50	11	31	43	32	41	20	18	38	16	27	19	12	46	47	28	36	48	49	10	44	10	14	36	16	17	41	13	29	35	38	49	41	11	14	50	14	46	25	49	40	41	15	24	44	23	17	23	41	10	21	15	35	35	23	36	12	26	30	37	11	50	17	14	11	40	13	14	12	31	17	12	20	49	16	46	10	26	18	18	25	46	11	13	25	35	19	29	18	49	46	50	44	39	46	49	24	22	21	40	43	20	46	28	20	43	37	18	10	39	36	11	42	47	24	46	15	35	27	30	42	10	43	41	35	25	25	19	30	31	36	31	50	37	21	40	29	27	12	13	26	45	13	19	30	45	36	29	46	42	22	48	36	33	18	27	18	40	35	25	38	10	33	27	23	24	15	40	39	44	39	48	49	27	29	32	42	25	14	31	18	14	11	23	22	10	27	47	32	19	19	23	39	22	36	27	11	37	28	44	42	28	11	41	38	41	17	26	39	19	31	32	23	17	19	22	50	47	47	29	28	34	26	22	16	10	13	39	39	35	10	32	45	10	18	30	25	47	45	41	19	33	46	16	41	26	44	44	29	13	19	12	39	20	38	22	17	48	20	30	15	35	34	32	31	48	42	33	50	19	46	35	16	26	41	16	23	31	38	16	22	45	34	13	13	18	22	20	34	29	32	40	29	19	18	42	42	41	18	41	15	22	18	25	20	24	24	29	28	16	49	17	40	14	16	22	43	33	35	44	49	16	24	27	15	20	26	19	26	33	26	28	10	48	35	42	30	41	12	42	20	47	43	47	32	25	30	46	27	18	12	32	30	43	44	49	31	12	35	23	25	28	18	35	17	40	24	21	48	18	28	34	18	23	13	41	30	20	12	13	49	45	49	11	50	11	35	23	18	28	18	34	22	29	42	29	36	11	32	42	45	40	30	33	43	10	30	39	34	23	50	12	16	40	40	13	18	17	13	39	48	50	25	45	24	40	32	10	26	36	43	24	41	30	44	27	46	33	46	40	25	17	36	33	11	44	33	35	48	22	16	14	41	22	29	39	14	23	36	25	10	48	22	24	48	21	43	17	36	41	27	12	14	26	38	19	17	39	13	14	17	30	39	38	28	40	16	23	34	32	39	33	29	48	37	41	36	36	36	27	36	18	30	11	23	42	11	35	41	42	26	38	39	43	47	28	49	23	23	13	41	11	46	11	42	10	12	33	36	28	46	49	37	21	30	19	20	39	23	24	26	34	48	16	32	35	47	33	47	27	36	42	18	32	33	29	31	40	45	17	38	43	40	39	49	40	43	21	19	50	48	17	11	18	13	48	28	30	23	20	30	35	28	43	48	39	25	14	37	48	28	24	44	49	35	16	11	18	44	48	29	49	19	22	39	40	20	40	18	21	32	29	29	39	17	49	38	45	29	24	19	49	20	21	34	45	45	27	47	12	40	35	49	37	27	46	49	18	33	20	43	21	40	27	28	12	49	44	30	44	11	50	50	26	27	25	19	40	38	23	25	21	47	14	13	20	46	17	43	42	37	49	44	23	22	22	35	30	19	49	15	26	37	16	39	21	33	17	29	40	46	11	27	21	49	41	20	31	50	47	10	29	48	31	30	10	34	13	40	25	32	42	35	39	41	13	27	41	12	23	16	36	27	39	45	43	44	34	43	12	25	30	33	37	33	30	34	48	21	40	27	39	47	21	29	35	31	41	37	35	46	41	10	13	39	35	18	21	25	33	50	37	50	47	22	48	47	29	45	27	21	38	45	37	46	34	48	45	30	24	36	28	45	31	45	35	23	28	47	21	31	14	31	39	26	14	16	21	25	29	14	31	50	47	43	20	47	50	34	45	37	12	49	44	48	41	47	44	19	46	23	33	14	17	20	42	44	41	49	37	24	27	23	34	19	25	14	43	23	26	26	25	45	45	34	25	47	38	47	31	21	36	37	41	45	41	16	38	45	26	19	22	20	24	22	28	40	21	39	50	24	10	16	43	11	50	32	36	42	21	29	13	34	40	31	20	35	13	42	10	38	27	19	25	18	44	43	29	24	43	18	23	23	44	37	48	42	24	25	28	48	39	32	13	26	41	44	10	32	21	25	23	47	42	38	46	44	28	13	18	28	17	32	36	47	21	14	25	31	17	13	25	49	50	17	22	11	22	36	18	11	24	38	10	28	40	37	49	23	35	28	29	49	15	42	31	10	12	12	37	26	38	37	42	10	21	14	25	24	48	39	46	38	30	21	45	49	19	28	37	13	21	24	45	32	13	47	23	30	27	32	28	12	43	38	30	31	42	16	45	14	29	35	25	29	47	26	38	43	28	30	23	28	46	15	50	24	20	19	45	21	32	13	20	35	41	25	14	45	30	22	15	13	44	34	30	41	33	34	45	25	34	26	33	44	16	42	25	50	24	10	38	42	25	47	48	21	31	21	16	27	34	13	17	20	39	25	36	26	38	13	49	45	44	14	17	36	22	23	36	44	34	10	28	43	25	44	34	45	31	26	20	33	11	41	27	20	34	50	33	14	18	27	33	35	50	28	39	12	23	40	25	13	26	50	47	15	21	34	31	23	29	31	50	31	12	13	27	36	16	41	37	39	23	25	30	22	18	16	43	36	43	25	25	14	31	50	19	31	20	18	43	21	43	36	16	45	12	45	49	18	15	16	41	26	11	18	23	44	47	21	42	43	24	28	11	22	25	50	27	50	32	19	14	46	22	32	47	41	33	44	28	39	38	39	26	32	40	37	36	11	13	32	30	31	13	50	46	11	39	22	13	23	23	38	25	41	25	10	30	34	10	12	28	34	45	20	26	32	18	23	43	46	28	50	30	26	28	30	50	31	49	27	32	29	32	32	42	14	49	11	12	42	33	20	50	43	10	48	48	33	45	17	36	50	38	17	33	10	28	42	29	24	13	37	37	13	28	34	26	20	21	17	26	30	19	20	17	48	16	24	50	19	36	27	48	29	32	22	15	23	10	13	17	47	12	20	10	30	50	36	22	35	23	36	14	32	17	20	46	34	19	21	48	47	41	28	12	42	27	49	39	49	34	48	36	25	22	16	16	48	23	36	33	25	20	20	32	45	26	33	37	41	29	48	26	33	18	19	33	30	12	14	17	14	47	33	20	15	42	41	29	40	30	26	31	15	21	41	41	46	45	29	13	42	11	47	24	11	48	41	14	43	38	33	44	14	17	23	20	33	30	21	50	24	46	39	10	21	16	49	13	18	18	38	50	32	16	16	40	29	34	44	28	14	39	22	41	34	35	27	33	45	44	28	12	14	19	23	33	50	32	44	14	41	16	21	39	39	32	29	44	12	39	19	17	31	46	15	13	40	16	36	20	43	33	14	29	19	50	29	35	36	16	26	36	25	40	40	45	48	37	36	49	35	40	47	46	39	26	42	33	49	20	50	44	27	46	19	36	30	14	40	47	37	18	18	12	20	24	15	18	44	28	46	40	14	34	48	48	12	27	22	45	25	35	10	39	21	18	33	24	47	32	22	45	26	38	11	16	32	49	18	25	23	15	33	30	47	30	35	15	38	18	29	30	35	30	39	38	32	21	49	49	43	32	31	28	20	50	14	22	45	32	16	48	11	36	45	30	27	36	26	21	12	29	20	23	13	20	46	16	35	22	25	21	36	30	27	13	35	13	18	31	24	31	25	20	25	19	42	38	20	42	35	31	30	36	20	38	49	37	40	13	46	29	33	46	49	47	17	22	37	49	46	49	37	36	43	23	29	12	38	12	33	33	38	46	28	37	27	16	34	49	35	45	40	41	34	33	41	29	25	49	42	44	25	27	49	23	40	24	50	13	42	18	32	41	10	40	21	10	43	33	26	21	40	13	33	25	18	31	35	15	43	25	34	36	28	40	26	32	37	23	11	23	45	31	10	22	32	46	15	17	16	29	41	36	47	23	32	30	48	31	49	35	28	26	12	43	37	19	42	21	27	43	43	16	48	41	38	35	22	47	37	43	21	30	14	18	45	27	20	14	21	25	47	35	22	24	49	24	20	30	15	48	50	10	17	43	31	32	36	47	12	17	11	37	47	50	41	17	26	38	47	26	32	37	15	44	48	12	21	26	50	24	10	29	14	15	11	42	36	29	34	48	34	30	43	15	22	48	48	24	40	49	46	33	49	41	40	31	25	15	35	40	35	16	43	47	44	23	10	41	22	13	25	14	46	28	19	19	11	41	19	22	19	43	33	25	12	20	17	44	33	23	25	42	50	39	29	27	47	16	31	37	21	18	16	18	41	35	26	47	44	10	35	44	22	36	33	19	46	15	42	40	14	44	30	41	12	35	45	18	16	38	29	31	25	19	14	34	18	43	18	25	50	22	46	14	22	27	44	23	18	34	10	29	10	27	43	25	44	28	15	28	31	21	40	38	23	38	12	30	41	17	33	43	41	27	19	23	28	23	41	27	18	36	49	50	19	48	39	12	46	42	37	47	44	29	28	50	16	27	49	37	28	40	45	17	37	48	11	30	22	25	49	49	21	27	22	37	33	38	17	43	50	19	35	42	44	47	10	32	45	43	18	31	19	13	40	39	18	20	30	32	13	48	42	45	35	49	16	23	44	32	41	33	24	24	36	30	33	16	44	35	10	35	26	43	48	33	24	34	17	15	17	16	24	35	20	15	41	35	17	24	41	11	37	50	41	50	46	10	10	10	12	24	35	37	39	49	14	10	12	42	35	18	21	43	46	17	16	17	50	17	30	29	25	33	30	34	10	28	49	22	29	11	22	41	27	15	32	17	17	50	22	20	20	20	17	49	47	19	37	50	43	12	23	16	38	47	36	35	45	33	10	33	28	36	41	11	28	41	21	17	30	45	27	28	15	26	31	34	18	15	49	31	19	11	28	33	19	38	12	27	23	39	29	41	19	35	42	14	38	26	13	26	20	37	45	23	41	30	18	45	23	39	36	18	21	29	45	28	10	37	33	10	17	47	39	24	22	23	11	10	30	27	33	43	12	41	41	13	27	22	45	42	31	31	46	42	30	26	15	11	44	11	24	25	18	22	15	12	49	41	26	
10
90
