4455
100
0	0	0	0	0	48	0	0	0	500	0	0	0	0	0	0	48	192	0	0	0	0	0	0	0	0	0	0	0	0	0	0	0	0	0	0	0	0	0	0	0	0	0	0	0	0	0	0	0	0	0	0	0	0	0	0	0	0	0	0	0	0	0	0	0	0	0	0	0	0	0	0	0	0	0	0	0	0	0	0	0	0	0	0	0	0	0	0	0	0	0	0	0	0	0	0	0	0	0	0	
0	0	0	0	0	0	0	48	96	0	0	0	0	0	0	0	0	0	0	0	0	0	0	0	0	0	0	0	0	0	0	0	0	0	0	0	0	0	0	0	0	0	0	0	0	0	0	0	0	0	0	0	0	0	0	0	0	0	0	0	0	0	0	0	0	0	0	0	0	0	0	0	0	0	0	0	0	0	0	0	0	0	0	0	0	0	0	0	0	0	0	0	0	0	0	0	0	0	0	0	
0	0	0	0	0	0	0	0	0	0	96	0	0	0	0	0	0	0	0	0	0	0	0	0	0	0	0	0	0	0	0	0	0	0	0	0	0	0	0	0	0	0	0	0	0	0	0	0	0	0	0	0	0	0	0	0	0	0	0	0	0	0	0	0	0	0	0	0	0	48	0	0	0	0	0	0	0	0	0	0	0	0	0	0	0	0	0	0	0	0	0	0	0	0	0	0	0	0	0	0	
0	0	0	0	0	0	0	0	0	0	0	0	0	0	0	0	0	0	0	0	48	0	0	0	0	0	0	0	0	0	0	0	0	192	0	0	0	0	0	0	0	0	0	0	0	0	0	0	0	0	0	0	0	0	0	0	0	0	0	0	0	0	0	0	0	0	0	0	0	0	0	0	0	0	0	0	0	0	0	0	0	0	0	0	0	0	0	96	0	0	0	0	0	0	0	0	0	0	0	0	
0	0	0	0	0	0	0	0	0	0	0	0	0	0	0	0	0	0	0	0	0	0	0	0	0	0	0	0	0	0	192	0	0	0	192	0	0	0	0	0	0	0	0	0	0	0	0	0	0	0	0	0	0	0	0	0	0	0	0	0	0	0	0	0	0	0	0	0	0	0	0	0	0	0	0	0	0	0	0	0	0	0	0	0	0	0	0	0	0	0	0	0	0	0	0	0	0	0	96	0	
48	0	0	0	0	0	0	0	0	0	0	0	0	500	0	0	0	0	0	0	0	0	0	0	0	0	0	0	0	0	0	0	0	0	0	0	96	0	0	0	0	0	0	0	0	0	0	0	0	0	0	0	0	0	0	0	0	0	0	0	0	0	0	0	0	0	0	0	0	0	0	0	0	0	0	0	0	0	0	0	0	0	0	0	0	0	500	0	0	0	0	0	0	0	0	0	0	0	0	0	
0	0	0	0	0	0	0	0	0	0	0	0	0	0	48	0	0	0	0	0	0	0	0	0	0	0	0	0	0	0	0	0	0	0	0	0	0	0	0	0	0	0	192	0	0	0	0	0	0	0	0	0	0	0	0	0	0	0	192	0	0	0	0	0	0	0	0	0	0	0	0	0	0	0	0	0	0	0	0	0	0	0	0	0	0	0	0	0	500	0	0	0	0	0	0	0	0	0	0	0	
0	48	0	0	0	0	0	0	0	0	0	0	0	0	0	0	0	0	0	0	0	0	0	0	0	0	0	0	0	0	0	0	0	0	0	0	0	192	0	0	0	0	0	0	0	0	0	0	0	0	0	0	0	0	0	0	0	0	0	0	0	0	0	0	0	0	0	0	0	0	0	0	0	0	0	0	0	0	0	0	0	0	0	0	0	0	0	0	0	0	0	0	0	0	0	0	0	0	0	0	
0	96	0	0	0	0	0	0	0	0	0	0	0	0	0	0	0	0	0	0	0	0	0	0	48	0	0	0	0	0	0	0	0	0	0	0	0	0	0	0	0	0	0	0	0	0	0	0	0	0	0	0	0	0	0	0	0	0	0	0	0	0	0	0	0	0	0	0	0	0	0	0	0	0	0	0	0	0	0	0	0	0	0	0	0	0	0	0	0	0	0	0	0	0	0	0	0	0	0	0	
500	0	0	0	0	0	0	0	0	0	0	0	0	0	0	0	0	0	0	0	0	0	0	0	0	0	0	0	0	0	0	0	0	0	0	0	0	0	0	0	0	0	0	0	0	0	0	0	0	0	0	0	0	48	0	0	0	0	0	0	0	0	0	0	0	0	0	96	0	0	0	0	0	0	0	0	0	0	0	0	0	0	0	0	0	0	0	0	0	0	0	0	0	0	0	0	0	0	0	0	
0	0	96	0	0	0	0	0	0	0	0	0	500	0	0	0	0	0	0	0	0	0	0	0	0	0	0	0	0	0	0	0	0	0	0	0	0	0	0	0	0	0	0	0	0	0	0	0	0	0	0	0	0	0	0	0	0	0	0	0	0	0	0	0	0	0	0	0	0	0	0	0	0	0	0	0	0	0	0	0	0	0	0	0	0	0	0	0	0	0	0	0	0	0	0	0	0	0	0	0	
0	0	0	0	0	0	0	0	0	0	0	0	0	0	0	0	0	0	0	0	0	0	0	0	0	0	0	0	0	0	0	0	0	0	0	0	0	0	192	0	0	0	0	0	0	0	0	0	192	0	0	0	0	0	0	0	0	0	0	0	0	0	0	0	0	0	0	0	0	0	0	0	0	0	48	0	0	0	0	0	0	0	0	0	0	0	0	0	0	0	0	0	0	0	0	0	0	0	0	0	
0	0	0	0	0	0	0	0	0	0	500	0	0	0	0	0	0	0	0	0	0	0	0	0	0	0	0	0	0	0	0	0	0	0	0	0	0	0	0	0	0	0	0	0	0	0	0	0	0	0	0	0	0	0	0	0	0	0	0	0	0	0	0	0	0	500	0	0	0	0	0	0	0	0	0	0	0	0	0	0	0	0	0	0	96	0	0	0	0	0	0	0	0	0	0	0	0	0	0	0	
0	0	0	0	0	500	0	0	0	0	0	0	0	0	0	0	0	0	0	0	0	0	0	0	0	0	0	0	0	0	0	0	0	0	0	0	192	0	0	0	0	0	0	0	0	0	0	0	0	0	0	0	0	0	0	0	0	0	0	0	0	0	0	0	0	0	0	0	0	0	0	0	0	0	0	0	0	0	0	0	0	0	0	0	0	0	192	0	0	0	0	0	0	0	0	0	0	0	0	0	
0	0	0	0	0	0	48	0	0	0	0	0	0	0	0	0	0	0	0	0	0	0	0	0	0	0	0	0	0	0	0	0	0	0	0	0	0	0	0	0	0	0	0	0	0	0	0	0	0	0	0	0	0	0	0	0	0	0	0	0	0	0	0	0	0	0	0	0	0	0	0	0	0	0	0	0	0	0	0	0	0	0	0	0	0	0	0	0	192	0	0	0	0	0	0	0	0	0	0	0	
0	0	0	0	0	0	0	0	0	0	0	0	0	0	0	0	0	0	0	0	0	0	0	0	0	0	0	0	0	0	0	0	0	0	0	0	0	0	0	0	0	0	0	0	0	0	0	0	0	0	0	0	500	0	0	0	48	0	0	0	0	0	0	0	0	0	0	0	0	0	0	0	0	0	0	0	0	0	0	0	96	0	0	0	0	0	0	0	0	0	0	0	0	0	0	0	0	48	0	0	
48	0	0	0	0	0	0	0	0	0	0	0	0	0	0	0	0	500	0	0	0	0	0	0	0	0	0	0	0	0	0	0	0	0	0	0	0	0	0	0	0	0	0	0	0	0	0	0	0	0	0	0	0	0	0	0	0	0	0	0	0	0	0	0	0	0	0	0	0	0	0	0	0	0	0	0	0	0	0	0	0	0	0	0	0	0	0	0	0	0	0	0	0	0	0	0	0	0	0	0	
192	0	0	0	0	0	0	0	0	0	0	0	0	0	0	0	500	0	0	0	500	0	0	0	0	0	0	0	0	0	0	0	0	192	0	48	0	0	0	0	0	0	0	0	0	0	0	0	0	0	0	0	0	0	0	0	0	0	0	0	0	0	0	0	0	0	0	0	0	0	0	0	0	0	0	0	0	0	0	0	0	0	0	0	0	0	0	0	0	0	0	0	0	0	0	0	0	0	0	0	
0	0	0	0	0	0	0	0	0	0	0	0	0	0	0	0	0	0	0	0	0	0	0	0	0	0	0	0	0	0	0	0	48	0	0	0	0	0	0	0	0	0	0	0	0	0	0	0	0	0	0	0	0	0	0	0	0	0	0	0	0	192	0	0	0	0	0	0	0	0	0	0	0	0	0	0	0	0	0	0	0	0	0	0	0	0	0	0	0	0	0	0	0	48	0	0	0	0	0	0	
0	0	0	0	0	0	0	0	0	0	0	0	0	0	0	0	0	0	0	0	0	0	0	0	0	0	0	0	0	0	0	0	0	0	0	0	0	0	0	0	0	0	0	192	0	0	0	0	0	0	0	0	0	0	0	0	0	0	0	0	0	0	0	0	0	0	0	0	96	0	0	0	0	192	0	0	0	0	0	0	0	0	0	0	0	0	0	0	0	0	0	0	48	0	0	0	0	0	0	0	
0	0	0	48	0	0	0	0	0	0	0	0	0	0	0	0	0	500	0	0	0	0	0	0	0	0	0	192	0	0	0	0	0	0	0	500	0	0	0	0	0	0	0	0	0	0	0	0	0	0	0	0	0	0	0	0	0	0	0	0	0	0	0	0	0	0	0	0	0	0	0	0	0	0	0	0	0	0	0	0	0	0	0	0	0	0	0	0	0	0	0	0	0	0	0	0	0	0	0	0	
0	0	0	0	0	0	0	0	0	0	0	0	0	0	0	0	0	0	0	0	0	0	0	0	0	0	0	0	0	0	0	0	0	0	192	0	0	0	0	0	0	0	0	0	0	0	0	0	0	0	0	0	0	0	0	0	96	0	0	0	0	0	0	0	0	0	0	0	0	0	0	0	0	0	0	0	0	0	0	0	0	0	0	0	0	0	0	0	0	0	0	0	0	0	0	0	0	0	96	0	
0	0	0	0	0	0	0	0	0	0	0	0	0	0	0	0	0	0	0	0	0	0	0	48	0	0	0	0	0	0	0	0	0	0	0	0	0	0	0	0	0	0	0	0	0	0	0	0	0	0	0	0	0	0	0	0	0	500	0	0	0	0	0	0	0	0	0	0	0	0	0	0	0	0	0	0	0	0	0	0	0	0	0	0	0	0	0	0	0	0	0	0	0	0	0	0	0	0	0	0	
0	0	0	0	0	0	0	0	0	0	0	0	0	0	0	0	0	0	0	0	0	0	48	0	0	0	0	0	0	0	0	0	0	0	0	0	0	192	0	0	0	0	0	0	0	0	0	0	0	0	192	0	0	0	0	0	0	500	0	0	0	0	0	0	0	0	0	0	0	0	0	0	0	0	0	0	0	0	0	0	0	0	0	0	0	192	0	0	0	0	0	0	0	0	0	0	0	0	0	0	
0	0	0	0	0	0	0	0	48	0	0	0	0	0	0	0	0	0	0	0	0	0	0	0	0	0	0	0	0	0	0	0	0	0	0	0	0	0	0	0	0	0	0	0	0	0	0	0	0	0	0	0	0	0	0	0	0	0	0	0	0	0	0	96	0	0	0	0	0	0	0	0	0	0	0	0	0	0	0	0	0	500	0	0	0	0	0	0	0	0	0	0	0	0	0	0	500	0	0	0	
0	0	0	0	0	0	0	0	0	0	0	0	0	0	0	0	0	0	0	0	0	0	0	0	0	0	0	0	0	0	0	0	0	0	0	0	0	0	0	0	0	0	0	0	0	0	0	0	0	0	0	96	0	0	0	0	0	0	192	0	0	0	0	0	48	0	0	0	0	0	0	0	0	0	192	0	0	0	0	0	0	0	0	0	0	0	0	0	48	0	0	0	0	0	0	0	0	0	0	0	
0	0	0	0	0	0	0	0	0	0	0	0	0	0	0	0	0	0	0	0	0	0	0	0	0	0	0	0	0	96	0	0	0	0	0	0	0	0	0	0	0	0	0	0	0	0	0	0	0	0	0	0	0	0	0	0	0	0	0	0	0	0	0	96	0	0	0	0	192	0	0	0	0	0	0	0	0	0	0	0	0	96	0	0	0	0	0	0	0	500	0	0	0	0	0	0	0	0	0	0	
0	0	0	0	0	0	0	0	0	0	0	0	0	0	0	0	0	0	0	0	192	0	0	0	0	0	0	0	0	0	0	0	0	0	0	0	0	0	0	0	0	0	0	0	0	0	0	0	0	0	0	0	0	0	0	0	0	0	0	0	0	0	0	0	0	0	0	0	0	0	0	0	0	0	0	0	0	0	0	0	0	0	0	0	0	0	0	0	0	0	0	0	0	0	0	0	0	0	0	500	
0	0	0	0	0	0	0	0	0	0	0	0	0	0	0	0	0	0	0	0	0	0	0	0	0	0	0	0	0	0	0	500	0	0	0	0	0	0	0	0	0	0	0	0	0	0	0	0	0	0	0	0	0	0	0	0	0	0	0	0	0	0	0	0	0	0	0	0	0	0	0	0	0	0	0	0	96	0	0	0	0	0	0	0	0	0	0	0	0	0	0	192	0	0	0	0	0	0	0	0	
0	0	0	0	0	0	0	0	0	0	0	0	0	0	0	0	0	0	0	0	0	0	0	0	0	0	96	0	0	0	0	0	0	0	0	0	0	0	0	0	0	0	0	0	0	0	0	0	0	0	0	0	0	0	0	0	0	0	0	0	0	0	192	0	0	0	0	0	0	0	0	0	0	0	0	0	0	0	0	0	0	0	0	0	0	0	0	0	0	192	0	0	0	0	0	0	0	0	0	0	
0	0	0	0	192	0	0	0	0	0	0	0	0	0	0	0	0	0	0	0	0	0	0	0	0	0	0	0	0	0	0	0	0	0	192	0	0	0	0	0	0	0	0	0	0	0	0	0	0	0	0	0	0	0	0	0	0	0	0	0	0	0	0	0	0	0	0	0	0	0	0	0	0	0	0	0	0	0	0	0	0	0	0	0	0	0	0	0	0	0	0	0	0	0	0	0	0	0	0	0	
0	0	0	0	0	0	0	0	0	0	0	0	0	0	0	0	0	0	0	0	0	0	0	0	0	0	0	0	500	0	0	0	0	0	0	0	0	0	0	0	0	0	0	0	0	0	0	0	0	0	0	0	0	0	0	0	0	0	0	0	0	0	0	0	0	0	0	0	0	0	0	0	0	0	0	0	0	0	0	0	0	0	0	0	0	0	0	0	0	0	0	96	0	0	0	0	0	0	0	0	
0	0	0	0	0	0	0	0	0	0	0	0	0	0	0	0	0	0	48	0	0	0	0	0	0	0	0	0	0	0	0	0	0	0	0	0	0	0	0	0	0	0	0	0	0	0	0	0	0	0	0	0	0	0	0	0	0	0	0	0	0	0	0	0	0	0	0	0	0	0	0	0	0	0	0	0	0	0	0	0	0	0	0	0	0	0	0	0	0	0	0	0	0	500	0	0	0	0	0	0	
0	0	0	192	0	0	0	0	0	0	0	0	0	0	0	0	0	192	0	0	0	0	0	0	0	0	0	0	0	0	0	0	0	0	0	0	0	0	0	0	0	0	0	0	0	0	0	0	0	0	0	0	0	0	0	0	0	0	0	0	0	0	0	0	0	0	0	0	0	0	0	0	0	0	0	0	0	0	0	0	0	0	0	0	0	0	0	0	0	0	0	0	0	0	0	0	0	0	0	0	
0	0	0	0	192	0	0	0	0	0	0	0	0	0	0	0	0	0	0	0	0	192	0	0	0	0	0	0	0	0	192	0	0	0	0	0	0	0	0	192	0	0	0	0	0	0	0	0	0	0	0	0	0	0	0	0	0	0	0	500	0	0	0	0	0	0	0	0	0	0	0	0	0	0	0	0	0	0	0	0	0	0	0	0	0	0	0	0	0	0	0	0	0	0	0	0	0	0	0	0	
0	0	0	0	0	0	0	0	0	0	0	0	0	0	0	0	0	48	0	0	500	0	0	0	0	0	0	0	0	0	0	0	0	0	0	0	0	0	0	0	0	0	0	0	0	0	0	0	0	0	0	0	0	0	0	0	0	0	0	0	0	0	0	0	0	0	0	0	0	0	0	0	0	0	0	0	0	0	0	0	0	0	0	0	0	0	0	0	0	0	0	0	0	0	0	0	0	0	0	0	
0	0	0	0	0	96	0	0	0	0	0	0	0	192	0	0	0	0	0	0	0	0	0	0	0	0	0	0	0	0	0	0	0	0	0	0	0	0	0	0	0	0	0	0	0	0	0	0	0	0	0	0	0	0	0	0	0	0	0	0	0	0	0	0	0	0	0	0	0	0	0	0	0	0	0	0	0	0	0	0	0	0	0	0	0	0	0	0	0	0	0	0	0	0	0	0	0	0	0	0	
0	0	0	0	0	0	0	192	0	0	0	0	0	0	0	0	0	0	0	0	0	0	0	192	0	0	0	0	0	0	0	0	0	0	0	0	0	0	0	0	0	0	0	0	0	0	0	0	0	0	0	0	0	0	0	0	0	0	0	0	0	0	0	0	0	0	0	0	0	0	0	0	0	0	0	0	0	0	0	0	0	0	0	0	0	0	0	0	0	0	0	0	0	0	0	0	0	0	0	0	
0	0	0	0	0	0	0	0	0	0	0	192	0	0	0	0	0	0	0	0	0	0	0	0	0	0	0	0	0	0	0	0	0	0	0	0	0	0	0	0	0	0	0	0	0	0	0	0	192	0	0	0	0	0	0	0	0	0	0	0	0	0	0	0	0	0	0	0	0	0	0	0	0	0	0	0	0	0	0	0	0	0	0	0	0	0	0	0	0	0	0	0	0	0	0	0	0	0	0	0	
0	0	0	0	0	0	0	0	0	0	0	0	0	0	0	0	0	0	0	0	0	0	0	0	0	0	0	0	0	0	0	0	0	0	192	0	0	0	0	0	0	0	0	0	0	0	0	0	0	0	0	0	0	0	0	0	0	0	0	192	0	0	0	0	96	0	0	0	0	0	0	0	0	0	0	0	0	0	0	0	0	0	0	0	0	0	0	0	0	0	0	0	0	0	0	0	0	0	0	0	
0	0	0	0	0	0	0	0	0	0	0	0	0	0	0	0	0	0	0	0	0	0	0	0	0	0	0	0	0	0	0	0	0	0	0	0	0	0	0	0	0	0	0	0	0	0	0	0	0	500	0	0	0	0	0	0	0	0	0	0	0	0	0	0	0	0	0	0	0	0	0	0	0	0	0	0	0	0	192	0	0	0	0	0	0	0	0	0	0	0	0	0	0	0	0	0	0	0	0	0	
0	0	0	0	0	0	0	0	0	0	0	0	0	0	0	0	0	0	0	0	0	0	0	0	0	0	0	0	0	0	0	0	0	0	0	0	0	0	0	0	0	0	0	0	0	0	0	0	0	0	0	0	0	0	0	0	0	0	0	0	0	0	0	0	0	0	0	0	0	0	0	0	0	0	0	0	0	0	0	0	0	0	0	0	0	0	0	0	0	0	96	0	96	0	0	0	0	0	0	0	
0	0	0	0	0	0	192	0	0	0	0	0	0	0	0	0	0	0	0	0	0	0	0	0	0	0	0	0	0	0	0	0	0	0	0	0	0	0	0	0	0	0	0	0	0	0	0	0	0	0	0	0	0	0	0	0	0	0	48	0	0	0	0	0	0	0	0	0	0	0	0	0	0	0	0	0	0	0	0	0	0	0	0	0	0	0	0	0	0	0	0	0	0	0	0	0	0	0	0	0	
0	0	0	0	0	0	0	0	0	0	0	0	0	0	0	0	0	0	0	192	0	0	0	0	0	0	0	0	0	0	0	0	0	0	0	0	0	0	0	0	0	0	0	0	0	0	0	0	0	0	0	0	0	0	0	0	0	0	0	0	0	0	0	0	0	0	0	0	0	0	0	0	0	96	0	0	0	0	0	0	0	0	0	0	0	0	0	0	0	0	0	0	0	0	0	0	0	0	0	0	
0	0	0	0	0	0	0	0	0	0	0	0	0	0	0	0	0	0	0	0	0	0	0	0	0	0	0	0	0	0	0	0	0	0	0	0	0	0	0	0	0	0	0	0	0	0	0	0	0	0	0	0	0	0	0	0	0	0	0	0	0	0	0	0	0	0	48	0	0	0	0	0	192	0	0	0	0	0	0	0	0	0	48	0	0	0	0	0	0	0	0	0	0	0	0	0	0	0	0	0	
0	0	0	0	0	0	0	0	0	0	0	0	0	0	0	0	0	0	0	0	0	0	0	0	0	0	0	0	0	0	0	0	0	0	0	0	0	0	0	0	0	0	0	0	0	0	0	0	0	0	0	0	0	0	0	0	0	0	0	0	0	96	0	0	0	0	0	0	0	0	0	0	0	0	0	0	0	0	0	0	0	0	0	0	0	0	0	0	0	0	0	0	0	500	0	0	0	0	0	0	
0	0	0	0	0	0	0	0	0	0	0	0	0	0	0	0	0	0	0	0	0	0	0	0	0	0	0	0	0	0	0	0	0	0	0	0	0	0	0	0	0	0	0	0	0	0	0	0	0	0	0	0	96	0	0	0	0	0	0	192	0	0	0	0	0	0	0	0	0	0	0	0	0	0	0	0	0	0	0	0	0	0	0	0	0	0	0	0	0	0	0	0	0	0	0	0	0	0	0	0	
0	0	0	0	0	0	0	0	0	0	0	0	0	0	0	0	0	0	0	0	0	0	0	0	0	0	0	0	0	0	0	0	0	0	0	0	0	0	0	0	0	0	0	0	0	0	0	0	0	0	0	0	0	0	0	0	0	0	0	0	0	0	0	0	0	500	0	0	0	0	0	0	0	0	0	0	0	0	0	0	0	0	0	0	0	0	0	0	0	0	0	0	0	0	0	0	0	500	0	0	
0	0	0	0	0	0	0	0	0	0	0	192	0	0	0	0	0	0	0	0	0	0	0	0	0	0	0	0	0	0	0	0	0	0	0	0	0	0	192	0	0	0	0	0	0	0	0	0	0	0	0	0	0	0	0	0	0	0	0	0	0	0	0	0	0	0	0	0	0	0	0	0	0	0	0	0	0	0	0	0	0	0	0	0	0	0	0	0	0	0	0	0	0	0	0	0	0	0	0	0	
0	0	0	0	0	0	0	0	0	0	0	0	0	0	0	0	0	0	0	0	0	0	0	0	0	0	0	0	0	0	0	0	0	0	0	0	0	0	0	0	500	0	0	0	0	0	0	0	0	0	0	0	0	0	0	0	0	0	0	0	0	0	0	0	0	0	0	0	0	0	0	0	0	0	0	0	192	0	96	0	0	0	0	0	0	0	0	0	0	0	0	0	0	0	0	0	0	0	0	0	
0	0	0	0	0	0	0	0	0	0	0	0	0	0	0	0	0	0	0	0	0	0	0	192	0	0	0	0	0	0	0	0	0	0	0	0	0	0	0	0	0	0	0	0	0	0	0	0	0	0	0	0	0	0	0	0	0	0	0	0	0	0	0	0	0	0	0	0	0	0	0	0	0	0	0	0	0	0	0	0	0	0	0	0	96	0	0	0	0	0	0	0	0	0	96	0	0	0	0	0	
0	0	0	0	0	0	0	0	0	0	0	0	0	0	0	0	0	0	0	0	0	0	0	0	0	96	0	0	0	0	0	0	0	0	0	0	0	0	0	0	0	0	0	0	0	0	0	0	0	0	0	0	0	0	0	0	0	0	0	192	0	0	0	0	0	0	0	0	0	0	0	0	0	0	0	0	0	0	0	0	500	0	48	0	0	0	0	0	0	0	0	0	0	0	0	0	0	48	0	0	
0	0	0	0	0	0	0	0	0	0	0	0	0	0	0	500	0	0	0	0	0	0	0	0	0	0	0	0	0	0	0	0	0	0	0	0	0	0	0	0	0	0	0	0	0	0	96	0	0	0	0	0	0	0	0	0	0	0	0	0	0	0	0	0	0	0	0	0	0	0	0	0	0	0	0	0	0	0	0	0	0	0	0	0	0	0	0	0	0	0	0	0	0	0	0	0	0	0	0	0	
0	0	0	0	0	0	0	0	0	48	0	0	0	0	0	0	0	0	0	0	0	0	0	0	0	0	0	0	0	0	0	0	0	0	0	0	0	0	0	0	0	0	0	0	0	0	0	0	0	0	0	0	0	0	0	0	0	0	0	0	0	0	0	0	0	0	0	192	0	0	0	0	0	0	0	0	0	0	0	0	0	0	0	0	0	0	0	0	0	0	0	0	0	0	0	0	0	0	0	0	
0	0	0	0	0	0	0	0	0	0	0	0	0	0	0	0	0	0	0	0	0	0	0	0	0	0	0	0	0	0	0	0	0	0	0	0	0	0	0	0	0	0	0	0	0	0	0	0	0	0	0	0	0	0	0	0	0	0	0	0	0	500	0	0	0	0	0	0	0	0	0	0	0	0	0	0	0	96	96	500	0	0	0	0	0	0	0	0	0	0	0	0	0	96	0	0	0	0	0	0	
0	0	0	0	0	0	0	0	0	0	0	0	0	0	0	0	0	0	0	0	0	0	0	0	0	0	0	0	0	0	0	0	0	0	0	0	0	0	0	0	0	0	0	0	0	0	0	0	0	0	0	0	0	0	0	0	0	0	0	0	96	0	0	0	0	0	0	0	0	0	0	0	0	0	0	0	0	0	0	0	0	0	0	0	0	0	0	0	0	0	0	0	0	0	0	0	500	0	0	0	
0	0	0	0	0	0	0	0	0	0	0	0	0	0	0	48	0	0	0	0	0	96	0	0	0	0	0	0	0	0	0	0	0	0	0	0	0	0	0	0	0	0	0	0	0	0	0	0	0	0	0	0	0	0	0	0	0	0	0	0	0	0	0	0	0	0	0	0	0	0	0	0	0	0	0	0	0	0	0	0	0	0	0	0	0	0	0	0	0	0	0	0	0	0	0	0	0	0	0	0	
0	0	0	0	0	0	0	0	0	0	0	0	0	0	0	0	0	0	0	0	0	0	500	500	0	0	0	0	0	0	0	0	0	0	0	0	0	0	0	0	0	0	0	0	0	0	0	0	0	0	0	0	0	0	0	0	0	0	0	0	0	0	0	0	0	0	0	0	0	0	0	0	0	0	0	0	0	0	0	0	0	0	0	0	0	0	0	0	0	0	0	0	0	0	0	0	0	0	0	0	
0	0	0	0	0	0	192	0	0	0	0	0	0	0	0	0	0	0	0	0	0	0	0	0	0	192	0	0	0	0	0	0	0	0	0	0	0	0	0	0	0	0	48	0	0	0	0	0	0	0	0	0	0	0	0	0	0	0	0	0	0	0	0	0	0	0	0	0	0	0	0	0	0	0	0	0	0	0	0	0	0	0	0	0	0	0	0	0	0	0	0	0	0	0	0	0	0	0	0	0	
0	0	0	0	0	0	0	0	0	0	0	0	0	0	0	0	0	0	0	0	0	0	0	0	0	0	0	0	0	0	0	0	0	0	500	0	0	0	0	192	0	0	0	0	0	0	192	0	0	0	0	192	0	0	0	0	0	0	0	0	0	0	0	0	0	0	0	0	0	0	0	0	0	0	0	0	0	0	0	0	0	0	0	0	0	0	0	0	0	0	0	0	0	0	0	0	0	0	0	0	
0	0	0	0	0	0	0	0	0	0	0	0	0	0	0	0	0	0	0	0	0	0	0	0	0	0	0	0	0	0	0	0	0	0	0	0	0	0	0	0	0	0	0	0	0	0	0	0	0	0	0	0	0	0	0	96	0	0	0	0	0	0	0	0	0	0	0	0	0	0	0	0	0	0	0	96	0	0	0	0	0	500	0	0	0	0	0	0	0	0	0	0	0	0	0	0	0	0	0	0	
0	0	0	0	0	0	0	0	0	0	0	0	0	0	0	0	0	0	192	0	0	0	0	0	0	0	0	0	0	0	0	0	0	0	0	0	0	0	0	0	0	0	0	0	0	96	0	0	0	0	0	0	0	0	500	0	0	0	0	0	0	0	0	0	0	0	0	0	0	0	0	0	0	0	0	0	0	0	0	0	0	0	0	0	0	0	0	0	0	0	0	0	0	0	0	0	0	0	0	0	
0	0	0	0	0	0	0	0	0	0	0	0	0	0	0	0	0	0	0	0	0	0	0	0	0	0	0	0	0	192	0	0	0	0	0	0	0	0	0	0	0	0	0	0	0	0	0	0	0	0	0	0	0	0	0	0	0	0	0	0	0	0	0	0	0	0	0	0	0	0	96	0	0	96	0	0	0	0	0	0	0	0	0	0	0	0	0	0	0	0	0	0	0	0	0	0	0	0	0	0	
0	0	0	0	0	0	0	0	0	0	0	0	0	0	0	0	0	0	0	0	0	0	0	0	96	0	96	0	0	0	0	0	0	0	0	0	0	0	0	0	0	0	0	0	0	0	0	0	0	0	0	0	0	0	0	0	0	0	0	0	0	0	0	0	0	0	0	0	0	0	0	0	0	0	0	0	0	0	0	0	0	0	0	0	0	0	0	0	0	0	0	0	0	0	0	0	0	0	0	0	
0	0	0	0	0	0	0	0	0	0	0	0	0	0	0	0	0	0	0	0	0	0	0	0	0	48	0	0	0	0	0	0	0	0	0	0	0	0	0	96	0	0	0	0	0	0	0	0	0	0	0	0	0	0	0	0	0	0	0	0	0	0	0	0	0	0	0	0	0	0	0	0	0	0	0	0	0	0	0	0	0	0	0	0	0	0	0	0	0	0	0	0	0	0	0	0	0	0	0	0	
0	0	0	0	0	0	0	0	0	0	0	0	500	0	0	0	0	0	0	0	0	0	0	0	0	0	0	0	0	0	0	0	0	0	0	0	0	0	0	0	0	0	0	0	0	0	0	500	0	0	0	0	0	0	0	0	0	0	0	0	0	0	0	0	0	0	0	0	0	0	0	0	0	0	0	0	0	0	0	0	0	0	0	0	0	0	0	0	0	0	0	0	0	0	0	0	0	0	0	0	
0	0	0	0	0	0	0	0	0	0	0	0	0	0	0	0	0	0	0	0	0	0	0	0	0	0	0	0	0	0	0	0	0	0	0	0	0	0	0	0	0	0	0	0	48	0	0	0	0	0	0	0	0	0	0	0	0	0	0	0	0	0	0	0	0	0	0	0	0	0	0	0	192	0	0	0	0	0	0	0	0	0	0	0	0	0	0	0	0	0	0	0	0	0	0	48	0	0	0	0	
0	0	0	0	0	0	0	0	0	96	0	0	0	0	0	0	0	0	0	0	0	0	0	0	0	0	0	0	0	0	0	0	0	0	0	0	0	0	0	0	0	0	0	0	0	0	0	0	0	0	0	0	0	192	0	0	0	0	0	0	0	0	0	0	0	0	0	0	0	0	0	0	0	0	0	0	0	0	0	0	0	0	0	0	0	0	0	0	0	0	0	0	0	0	0	0	0	0	0	0	
0	0	0	0	0	0	0	0	0	0	0	0	0	0	0	0	0	0	0	96	0	0	0	0	0	0	192	0	0	0	0	0	0	0	0	0	0	0	0	0	0	0	0	0	0	0	0	0	0	0	0	0	0	0	0	0	0	0	0	0	0	0	0	0	0	0	0	0	0	0	0	0	0	0	0	0	0	0	0	0	0	0	0	0	0	0	0	0	0	0	0	0	0	0	0	0	0	0	0	0	
0	0	48	0	0	0	0	0	0	0	0	0	0	0	0	0	0	0	0	0	0	0	0	0	0	0	0	0	0	0	0	0	0	0	0	0	0	0	0	0	0	0	0	0	0	0	0	0	0	0	0	0	0	0	0	0	0	0	0	0	0	0	0	0	0	0	0	0	0	0	0	192	0	0	0	0	0	0	0	0	0	0	0	0	0	0	0	0	0	0	0	0	0	0	0	0	0	0	0	500	
0	0	0	0	0	0	0	0	0	0	0	0	0	0	0	0	0	0	0	0	0	0	0	0	0	0	0	0	0	0	0	0	0	0	0	0	0	0	0	0	0	0	0	0	0	0	0	0	0	0	0	0	0	0	0	0	0	0	0	0	0	0	96	0	0	0	0	0	0	0	0	0	0	0	0	192	0	0	0	0	0	0	0	0	0	0	0	0	0	0	0	0	0	0	0	0	0	0	0	0	
0	0	0	0	0	0	0	0	0	0	0	0	0	0	0	0	0	0	0	0	0	0	0	0	0	0	0	0	0	0	0	0	0	0	0	0	0	0	0	0	0	0	0	0	0	0	0	0	0	0	0	0	0	0	0	0	0	0	0	0	0	0	0	0	0	0	0	0	0	192	0	0	0	0	0	0	0	0	0	96	0	0	0	0	0	0	0	0	0	0	0	0	0	0	0	0	0	0	0	0	
0	0	0	0	0	0	0	0	0	0	0	0	0	0	0	0	0	0	0	0	0	0	0	0	0	0	0	0	0	0	0	0	0	0	0	0	0	0	0	0	0	0	0	0	192	0	0	0	0	0	0	0	0	0	0	0	0	0	0	0	0	0	0	0	0	0	192	0	0	0	0	0	0	0	0	0	0	0	0	0	0	0	0	0	0	0	0	0	0	0	0	0	0	0	0	500	0	0	0	0	
0	0	0	0	0	0	0	0	0	0	0	0	0	0	0	0	0	0	0	192	0	0	0	0	0	0	0	0	0	0	0	0	0	0	0	0	0	0	0	0	0	0	0	96	0	0	0	0	0	0	0	0	0	0	0	0	0	0	0	0	0	0	96	0	0	0	0	0	0	0	0	0	0	0	0	0	0	0	0	0	0	0	0	0	0	0	0	0	0	0	0	0	0	0	0	0	0	0	0	0	
0	0	0	0	0	0	0	0	0	0	0	48	0	0	0	0	0	0	0	0	0	0	0	0	0	192	0	0	0	0	0	0	0	0	0	0	0	0	0	0	0	0	0	0	0	0	0	0	0	0	0	0	0	0	0	0	0	0	0	0	0	0	0	0	0	0	0	0	0	0	0	0	0	0	0	0	0	0	0	0	0	0	0	0	0	0	0	0	0	0	0	0	0	0	0	0	0	0	0	0	
0	0	0	0	0	0	0	0	0	0	0	0	0	0	0	0	0	0	0	0	0	0	0	0	0	0	0	0	0	0	0	0	0	0	0	0	0	0	0	0	0	0	0	0	0	0	0	0	0	0	0	0	0	0	0	0	0	0	0	0	96	0	0	0	0	0	0	0	0	0	192	0	0	0	0	0	0	0	0	0	0	0	0	0	0	0	0	96	0	96	0	0	0	0	0	0	0	0	0	0	
0	0	0	0	0	0	0	0	0	0	0	0	0	0	0	0	0	0	0	0	0	0	0	0	0	0	0	0	96	0	0	0	0	0	0	0	0	0	0	0	0	0	0	0	0	0	0	0	0	192	0	0	0	0	0	0	0	0	0	0	0	0	0	0	0	0	0	0	0	0	0	0	0	0	0	0	0	0	0	0	0	0	0	0	0	0	0	0	0	0	0	0	0	0	0	0	0	0	0	0	
0	0	0	0	0	0	0	0	0	0	0	0	0	0	0	0	0	0	0	0	0	0	0	0	0	0	0	0	0	0	0	0	0	0	0	0	0	0	0	0	0	0	0	0	0	0	0	0	0	0	0	0	0	0	96	0	0	0	0	0	0	0	0	0	0	0	0	0	0	0	0	0	0	0	0	0	0	0	0	0	0	0	0	0	0	0	0	0	0	0	0	0	0	500	0	0	0	0	0	0	
0	0	0	0	0	0	0	0	0	0	0	0	0	0	0	0	0	0	0	0	0	0	0	0	0	0	0	0	0	0	0	0	0	0	0	0	0	0	0	0	192	0	0	0	0	0	0	0	0	96	0	0	0	0	96	0	0	0	0	0	0	0	0	0	0	0	0	0	0	0	0	0	0	0	0	0	0	0	0	0	0	0	0	96	0	0	0	0	0	0	0	96	0	0	0	0	0	0	0	0	
0	0	0	0	0	0	0	0	0	0	0	0	0	0	0	0	0	0	0	0	0	0	0	0	0	0	0	0	0	0	0	0	0	0	0	0	0	0	0	0	0	0	0	0	0	0	0	0	0	0	0	0	0	0	500	0	0	0	0	0	0	0	0	0	0	0	0	0	0	0	0	96	0	0	0	0	0	0	0	0	0	0	0	0	500	0	0	0	0	0	0	0	0	0	0	0	0	0	0	0	
0	0	0	0	0	0	0	0	0	0	0	0	0	0	0	96	0	0	0	0	0	0	0	0	0	0	0	0	0	0	0	0	0	0	0	0	0	0	0	0	0	0	0	0	0	0	0	0	0	0	0	500	0	0	0	0	0	0	0	0	0	0	0	0	0	0	0	0	0	0	0	0	0	0	0	0	0	0	0	0	0	0	0	0	0	0	0	0	0	0	0	0	0	0	0	0	0	0	0	0	
0	0	0	0	0	0	0	0	0	0	0	0	0	0	0	0	0	0	0	0	0	0	0	0	500	0	96	0	0	0	0	0	0	0	0	0	0	0	0	0	0	0	0	0	0	0	0	0	0	0	0	0	0	0	0	0	0	0	0	0	500	0	0	0	0	0	0	0	0	0	0	0	0	0	0	0	0	0	0	0	0	0	0	0	0	0	0	0	0	0	0	0	0	0	0	0	0	0	0	0	
0	0	0	0	0	0	0	0	0	0	0	0	0	0	0	0	0	0	0	0	0	0	0	0	0	0	0	0	0	0	0	0	0	0	0	0	0	0	0	0	0	0	0	0	48	0	0	0	0	0	0	48	0	0	0	0	0	0	0	0	0	0	0	0	0	0	0	0	0	0	0	0	0	0	0	0	0	0	0	0	0	0	0	0	0	0	0	0	0	0	0	0	0	0	0	0	0	0	0	0	
0	0	0	0	0	0	0	0	0	0	0	0	0	0	0	0	0	0	0	0	0	0	0	0	0	0	0	0	0	0	0	0	0	0	0	0	0	0	0	0	0	0	0	0	0	0	0	0	0	0	0	0	0	0	0	0	0	0	0	0	0	0	0	0	0	0	0	0	0	0	0	0	0	0	0	0	0	0	96	0	0	0	0	0	0	0	0	500	0	0	48	0	0	0	0	0	0	0	0	0	
0	0	0	0	0	0	0	0	0	0	0	0	96	0	0	0	0	0	0	0	0	0	0	0	0	0	0	0	0	0	0	0	0	0	0	0	0	0	0	0	0	0	0	0	0	0	0	0	0	0	96	0	0	0	0	0	0	0	0	0	0	0	0	0	0	0	0	0	0	0	0	0	0	0	0	0	0	0	0	500	0	0	0	0	0	0	0	0	0	0	0	0	0	0	0	0	0	0	0	0	
0	0	0	0	0	0	0	0	0	0	0	0	0	0	0	0	0	0	0	0	0	0	0	192	0	0	0	0	0	0	0	0	0	0	0	0	0	0	0	0	0	0	0	0	0	0	0	0	0	0	0	0	0	0	0	0	0	0	0	0	0	0	0	0	0	0	0	0	0	0	0	0	0	0	0	0	0	0	0	0	0	0	0	0	0	0	0	0	0	0	0	0	0	0	192	0	0	0	0	0	
0	0	0	0	0	500	0	0	0	0	0	0	0	192	0	0	0	0	0	0	0	0	0	0	0	0	0	0	0	0	0	0	0	0	0	0	0	0	0	0	0	0	0	0	0	0	0	0	0	0	0	0	0	0	0	0	0	0	0	0	0	0	0	0	0	0	0	0	0	0	0	0	0	0	0	0	0	0	0	0	0	0	0	0	0	0	0	0	0	0	0	0	0	0	0	0	0	0	0	0	
0	0	0	96	0	0	0	0	0	0	0	0	0	0	0	0	0	0	0	0	0	0	0	0	0	0	0	0	0	0	0	0	0	0	0	0	0	0	0	0	0	0	0	0	0	0	0	0	0	0	0	0	0	0	0	0	0	0	0	0	0	0	0	0	0	0	0	0	0	0	0	0	0	0	0	96	0	0	0	0	0	0	0	500	0	0	0	0	0	500	0	48	0	0	0	0	0	0	0	0	
0	0	0	0	0	0	500	0	0	0	0	0	0	0	192	0	0	0	0	0	0	0	0	0	0	48	0	0	0	0	0	0	0	0	0	0	0	0	0	0	0	0	0	0	0	0	0	0	0	0	0	0	0	0	0	0	0	0	0	0	0	0	0	0	0	0	0	0	0	0	0	0	0	0	0	0	0	0	0	0	0	0	0	0	0	0	0	0	0	0	0	0	0	0	0	0	0	0	0	0	
0	0	0	0	0	0	0	0	0	0	0	0	0	0	0	0	0	0	0	0	0	0	0	0	0	0	500	0	0	192	0	0	0	0	0	0	0	0	0	0	0	0	0	0	0	0	0	0	0	0	0	0	0	0	0	0	0	0	0	0	0	0	0	0	0	0	0	0	0	0	0	0	0	0	0	96	0	0	0	0	0	0	0	0	0	0	0	500	0	0	0	0	0	0	0	0	96	0	0	0	
0	0	0	0	0	0	0	0	0	0	0	0	0	0	0	0	0	0	0	0	0	0	0	0	0	0	0	0	0	0	0	0	0	0	0	0	0	0	0	0	0	96	0	0	0	0	0	0	0	0	0	0	0	0	0	0	0	0	0	0	0	0	0	0	0	0	0	0	0	0	0	0	0	0	0	0	0	0	0	0	0	0	0	48	0	0	0	0	0	0	0	0	0	0	0	0	0	0	0	0	
0	0	0	0	0	0	0	0	0	0	0	0	0	0	0	0	0	0	0	0	0	0	0	0	0	0	0	0	192	0	0	96	0	0	0	0	0	0	0	0	0	0	0	0	0	0	0	0	0	0	0	0	0	0	0	0	0	0	0	0	0	0	0	0	0	0	0	0	0	0	0	0	0	0	0	0	0	0	96	0	0	0	0	0	0	0	0	48	0	0	0	0	0	0	0	0	0	0	0	0	
0	0	0	0	0	0	0	0	0	0	0	0	0	0	0	0	0	0	0	48	0	0	0	0	0	0	0	0	0	0	0	0	0	0	0	0	0	0	0	0	0	96	0	0	0	0	0	0	0	0	0	0	0	0	0	0	0	0	0	0	0	0	0	0	0	0	0	0	0	0	0	0	0	0	0	0	0	0	0	0	0	0	0	0	0	0	0	0	0	0	0	0	0	0	0	0	0	0	0	0	
0	0	0	0	0	0	0	0	0	0	0	0	0	0	0	0	0	0	48	0	0	0	0	0	0	0	0	0	0	0	0	0	500	0	0	0	0	0	0	0	0	0	0	0	0	500	0	0	0	0	0	0	0	0	96	0	0	0	0	0	0	0	0	0	0	0	0	0	0	0	0	0	0	0	0	0	0	500	0	0	0	0	0	0	0	0	0	0	0	0	0	0	0	0	0	0	0	0	0	0	
0	0	0	0	0	0	0	0	0	0	0	0	0	0	0	0	0	0	0	0	0	0	0	0	0	0	0	0	0	0	0	0	0	0	0	0	0	0	0	0	0	0	0	0	0	0	0	0	0	0	96	0	0	0	0	0	0	0	0	0	0	0	0	0	0	0	0	0	0	0	0	0	0	0	0	0	0	0	0	0	0	0	0	0	0	192	0	0	0	0	0	0	0	0	0	0	0	0	0	0	
0	0	0	0	0	0	0	0	0	0	0	0	0	0	0	0	0	0	0	0	0	0	0	0	0	0	0	0	0	0	0	0	0	0	0	0	0	0	0	0	0	0	0	0	0	0	0	0	0	0	0	0	0	0	0	0	0	0	0	0	0	0	0	0	0	0	48	0	0	0	0	0	500	0	0	0	0	0	0	0	0	0	0	0	0	0	0	0	0	0	0	0	0	0	0	0	0	0	0	0	
0	0	0	0	0	0	0	0	0	0	0	0	0	0	0	0	0	0	0	0	0	0	0	0	500	0	0	0	0	0	0	0	0	0	0	0	0	0	0	0	0	0	0	0	0	0	0	0	0	0	0	0	0	0	0	500	0	0	0	0	0	0	0	0	0	0	0	0	0	0	0	0	0	0	0	0	0	0	0	0	0	0	0	0	0	0	0	0	0	96	0	0	0	0	0	0	0	0	0	0	
0	0	0	0	0	0	0	0	0	0	0	0	0	0	0	48	0	0	0	0	0	0	0	0	0	0	0	0	0	0	0	0	0	0	0	0	0	0	0	0	0	0	0	0	0	0	0	500	0	0	0	48	0	0	0	0	0	0	0	0	0	0	0	0	0	0	0	0	0	0	0	0	0	0	0	0	0	0	0	0	0	0	0	0	0	0	0	0	0	0	0	0	0	0	0	0	0	0	0	0	
0	0	0	0	96	0	0	0	0	0	0	0	0	0	0	0	0	0	0	0	0	96	0	0	0	0	0	0	0	0	0	0	0	0	0	0	0	0	0	0	0	0	0	0	0	0	0	0	0	0	0	0	0	0	0	0	0	0	0	0	0	0	0	0	0	0	0	0	0	0	0	0	0	0	0	0	0	0	0	0	0	0	0	0	0	0	0	0	0	0	0	0	0	0	0	0	0	0	0	0	
0	0	0	0	0	0	0	0	0	0	0	0	0	0	0	0	0	0	0	0	0	0	0	0	0	0	0	500	0	0	0	0	0	0	0	0	0	0	0	0	0	0	0	0	0	0	0	0	0	0	0	0	0	0	0	0	0	0	0	0	0	0	0	0	0	0	0	0	0	500	0	0	0	0	0	0	0	0	0	0	0	0	0	0	0	0	0	0	0	0	0	0	0	0	0	0	0	0	0	0	
55	20	37	51	81	35	63	2	26	73	20	61	1	50	57	55	2	29	23	76	36	85	55	38	48	64	18	43	23	50	56	81	12	25	64	84	25	98	46	93	65	66	42	53	89	45	63	78	33	37	17	75	46	14	68	47	22	63	6	14	85	99	5	82	97	72	84	34	78	58	74	97	74	59	42	3	49	92	58	81	20	58	23	92	13	1	30	22	61	71	60	10	0	57	14	79	35	39	5	33	64	99	22	50	7	70	94	77	74	73	50	65	57	76	51	26	58	93	50	61	21	40	87	63	91	40	25	42	18	80	99	50	75	37	64	84	58	50	40	77	56	38	47	30	35	75	7	41	7	5	34	29	94	50	95	41	52	99	76	34	71	73	11	15	35	20	43	31	85	78	86	65	83	4	89	8	10	3	33	4	18	23	91	95	4	86	24	8	38	16	45	22	16	72	79	61	68	0	31	22	78	40	41	79	84	20	52	31	74	76	4	49	13	93	29	57	11	62	50	32	41	42	70	40	46	23	12	89	66	58	3	27	28	19	14	13	13	0	76	68	18	10	59	43	54	33	89	81	3	63	13	46	52	25	29	87	86	11	18	97	21	44	69	77	26	63	43	37	95	97	37	49	0	89	8	82	95	94	45	65	72	37	21	48	29	81	60	94	26	53	37	18	89	7	68	72	98	87	5	49	22	92	7	75	79	29	26	2	29	55	38	10	10	1	81	3	63	26	5	95	91	95	45	52	62	31	8	44	34	77	9	83	86	67	30	10	11	46	84	34	81	70	76	17	9	37	35	47	45	43	6	25	38	23	82	32	32	64	96	93	92	80	93	69	44	39	78	90	88	87	60	12	73	17	36	84	25	94	26	44	33	50	5	79	25	51	56	24	54	22	10	19	30	79	67	77	86	25	27	79	34	6	92	67	67	50	88	77	83	56	26	94	86	94	40	27	77	97	76	93	22	57	21	86	6	92	37	38	37	7	85	78	40	82	26	35	49	16	9	94	41	7	11	97	27	59	89	67	87	75	48	7	59	49	5	30	10	34	12	83	57	34	92	17	32	67	65	12	81	98	7	37	56	28	21	85	14	61	90	65	9	3	81	31	57	82	1	47	68	21	33	14	34	23	24	65	33	9	84	65	85	46	23	4	20	1	64	58	38	84	53	88	36	63	15	31	40	40	87	73	71	68	74	29	28	56	53	54	67	92	61	96	87	74	63	96	25	43	48	16	90	8	84	67	93	5	26	8	0	4	2	71	74	61	44	62	96	50	55	16	94	64	67	68	77	68	4	78	27	38	80	91	96	16	93	4	70	11	54	27	61	24	54	43	39	79	84	11	96	22	6	51	69	41	45	49	80	11	86	16	18	35	2	15	79	94	86	30	92	99	75	86	79	17	50	56	88	42	0	78	85	18	78	59	86	75	69	38	21	82	50	76	22	16	89	56	31	57	5	44	84	15	61	54	14	63	68	6	79	61	2	93	55	91	79	73	68	46	45	1	22	67	38	92	31	98	49	46	75	53	24	48	4	13	57	95	90	82	11	29	70	58	96	90	30	90	85	91	39	6	51	37	45	80	23	29	37	29	22	17	5	66	53	73	41	71	33	10	99	54	91	89	87	12	91	35	3	29	36	14	59	35	58	14	12	7	13	20	28	93	16	37	76	44	62	50	55	75	66	65	97	63	11	86	85	6	28	62	28	25	8	6	15	85	9	96	81	95	85	31	64	7	39	70	79	38	97	17	71	7	96	57	76	25	17	20	91	26	81	1	34	63	73	3	69	4	46	50	42	27	77	64	37	85	99	84	8	30	96	69	11	16	99	23	60	56	48	91	95	51	91	22	41	89	7	1	44	8	76	42	89	53	98	81	3	44	4	43	86	71	1	73	0	87	15	25	41	72	80	63	87	33	67	55	77	56	18	37	64	81	38	39	76	55	24	83	86	68	93	15	36	9	86	63	99	66	84	32	43	58	84	4	93	19	15	34	99	45	14	73	53	71	10	5	64	51	60	71	46	6	44	0	84	60	93	38	94	39	51	8	89	60	70	13	71	27	45	58	97	70	35	10	71	30	30	75	78	56	16	43	8	72	96	62	89	8	96	29	14	20	54	22	73	95	81	56	79	40	63	58	96	84	89	16	73	38	8	47	72	17	65	33	26	51	25	69	38	1	37	6	48	59	34	4	18	47	21	0	40	73	78	4	20	36	84	87	53	79	19	56	8	88	15	39	61	59	3	53	61	22	90	32	54	6	67	55	16	32	33	77	45	44	31	26	61	8	96	59	34	69	34	66	40	83	43	94	69	12	6	46	45	89	29	6	57	11	93	8	23	98	27	87	88	0	28	58	12	82	97	97	40	24	31	77	62	84	87	99	10	27	42	16	81	17	28	98	14	88	20	93	99	97	74	62	23	93	78	98	27	76	63	99	63	28	17	88	64	41	56	52	72	50	19	95	31	22	29	71	83	55	24	47	0	9	50	2	12	2	58	48	99	3	2	66	26	29	31	1	3	72	90	87	83	34	76	15	82	20	6	24	89	94	77	66	18	86	62	39	9	81	38	38	52	84	54	98	55	43	51	79	40	24	66	2	31	95	91	76	94	27	69	91	57	55	56	87	45	76	52	41	40	77	64	70	78	97	27	59	9	22	15	90	29	48	90	99	76	14	35	78	90	58	56	7	77	20	67	4	37	95	95	72	63	74	38	42	33	27	97	85	76	78	33	66	64	26	3	40	42	9	52	54	96	99	9	67	6	7	19	54	86	28	31	99	36	19	73	20	78	91	36	72	16	31	12	38	67	40	13	94	53	93	82	2	35	65	70	73	4	30	84	2	84	21	35	88	50	98	74	38	35	3	88	89	53	29	59	44	64	76	97	94	33	86	65	23	98	4	81	92	28	39	6	14	87	27	81	6	28	26	83	94	29	48	25	34	78	88	16	79	13	13	25	38	74	68	77	81	79	0	80	55	36	84	25	55	87	26	12	53	64	50	41	22	84	75	23	40	49	24	58	43	4	2	74	28	68	24	26	12	33	69	45	28	17	14	49	25	76	34	0	93	80	24	57	88	92	98	22	7	57	53	24	3	95	61	52	94	71	36	83	80	51	27	14	46	32	46	86	93	10	3	52	26	34	95	37	59	78	2	98	67	26	91	92	93	79	36	68	69	76	85	62	85	59	89	65	40	71	62	45	21	49	81	46	20	52	11	23	98	32	36	91	20	48	22	32	44	45	13	92	22	73	23	66	59	48	73	68	44	91	80	64	78	48	52	89	39	92	91	89	75	11	50	41	99	14	61	90	56	19	39	69	83	19	99	71	70	41	62	69	89	17	46	52	29	1	96	21	83	9	49	76	52	75	25	92	2	14	26	5	29	91	65	7	86	6	95	85	82	64	4	38	42	7	78	85	40	31	65	81	20	30	4	93	99	80	46	84	98	75	64	16	94	19	73	79	29	58	60	48	63	8	15	53	37	18	26	3	44	30	76	15	46	13	67	14	14	19	27	57	83	85	59	33	53	61	13	59	81	67	78	36	45	65	47	20	73	43	40	14	73	22	43	94	96	80	60	12	63	14	53	19	93	4	27	99	37	75	35	56	39	25	65	57	60	22	79	81	81	4	34	58	96	31	15	94	36	25	30	64	12	26	73	46	92	55	84	17	14	18	54	10	69	88	38	82	76	9	97	42	63	94	26	79	75	49	76	22	33	70	25	76	27	43	1	46	81	32	14	65	47	83	53	98	41	80	43	57	57	81	16	81	50	70	30	82	47	32	42	20	19	41	96	90	74	57	22	91	58	90	65	17	6	92	82	58	49	61	33	21	71	61	84	68	9	90	32	77	9	40	29	95	26	97	25	80	55	60	85	57	24	53	21	47	54	39	23	99	62	87	24	14	50	43	21	81	6	79	78	69	27	97	21	55	54	93	63	87	32	45	72	52	43	81	30	30	59	78	94	29	13	18	96	12	94	50	39	26	39	94	54	2	34	27	66	7	3	55	25	20	75	98	0	16	83	98	8	73	53	71	10	57	68	42	2	23	35	41	90	13	78	93	6	16	30	22	80	61	5	73	61	85	14	48	86	25	76	27	7	18	35	40	18	21	93	19	56	87	73	6	89	80	86	1	88	51	16	38	47	56	60	73	54	92	51	83	12	87	91	94	7	72	39	43	72	66	86	41	7	12	40	36	86	37	62	74	78	83	22	35	15	68	68	13	52	79	17	31	60	42	22	90	60	42	64	38	18	96	48	96	39	73	4	22	64	58	40	73	29	20	81	69	37	36	93	83	38	23	11	81	80	30	6	39	14	6	42	50	74	56	80	45	69	44	29	90	71	17	87	20	90	3	62	32	91	38	70	73	98	65	67	23	21	95	7	33	85	35	41	4	23	84	44	78	11	0	83	31	59	56	2	40	75	6	95	47	62	13	65	45	11	79	51	50	0	9	93	27	89	4	92	22	80	89	78	84	82	49	30	0	76	49	83	26	2	2	81	40	66	1	77	86	29	6	29	86	67	48	28	83	10	55	29	98	95	79	76	91	66	31	38	59	37	2	65	0	53	35	52	70	87	45	38	55	31	55	67	55	3	20	80	56	96	62	51	54	50	63	76	87	11	22	39	63	60	93	79	19	46	45	41	93	73	19	16	78	39	64	99	50	93	65	82	38	31	35	90	84	95	79	40	0	34	62	33	4	28	28	59	44	27	72	14	1	40	30	43	77	64	11	55	93	51	91	32	21	31	45	13	42	81	4	69	18	17	59	20	5	89	81	4	65	50	92	72	18	72	54	51	78	25	2	37	9	26	74	63	61	44	35	54	90	55	78	64	33	9	20	64	92	27	94	13	71	93	45	12	68	17	30	72	71	4	78	43	90	39	86	75	81	22	79	44	50	35	78	55	37	94	55	33	24	58	41	20	23	42	40	68	43	27	68	42	50	84	16	75	60	0	3	0	11	13	52	83	79	35	74	44	86	57	71	60	56	30	96	56	11	11	51	73	35	83	43	25	70	81	86	95	12	62	33	6	38	33	61	71	38	41	43	29	40	76	8	43	14	94	69	88	24	86	19	59	32	67	27	21	22	10	33	41	68	74	16	58	54	98	48	39	81	0	93	43	23	36	42	15	57	32	98	18	91	13	84	27	62	96	27	61	0	89	30	7	85	18	28	22	83	92	19	89	2	95	65	19	59	21	13	44	40	95	61	9	98	78	90	75	81	54	89	47	58	33	51	63	91	11	41	31	84	63	84	20	91	44	33	23	72	11	29	94	89	31	96	60	6	27	9	4	13	89	16	78	90	25	6	8	74	2	99	17	47	63	18	96	74	61	38	89	54	27	98	65	63	56	45	73	39	46	49	78	50	17	52	86	86	83	33	73	26	41	42	48	31	4	60	85	5	96	56	15	62	47	27	57	17	54	51	47	22	49	86	66	84	22	36	71	72	86	9	92	40	9	78	88	60	6	52	86	45	0	60	34	22	88	58	70	45	40	85	45	77	85	61	98	71	52	78	33	2	54	7	31	38	59	15	6	58	17	69	65	19	20	92	79	23	34	66	68	38	64	93	5	65	7	80	7	3	91	85	36	38	34	69	56	13	37	93	32	48	53	50	89	49	74	25	16	57	70	59	87	84	9	77	90	75	61	52	62	71	55	97	16	3	76	68	33	21	60	20	99	92	30	5	58	29	76	35	79	16	74	77	23	10	91	83	31	33	65	17	93	33	60	89	37	20	63	81	96	54	13	72	75	45	63	8	35	81	12	63	66	24	31	28	12	74	26	49	66	28	1	51	33	48	23	71	31	83	78	14	43	5	10	89	24	31	38	1	22	63	96	83	10	5	25	20	18	99	30	85	90	21	19	62	50	4	58	82	34	14	71	9	76	28	0	79	14	10	2	91	18	1	46	68	12	51	36	61	41	44	87	97	70	66	1	90	9	29	50	62	41	39	57	72	57	84	68	82	77	38	39	17	23	85	9	62	2	18	85	90	81	99	76	95	8	56	97	43	76	79	47	54	22	80	20	80	88	29	28	42	14	6	65	57	69	73	68	6	82	66	82	53	70	91	19	17	67	84	89	30	84	78	65	0	76	99	7	6	35	55	98	63	55	72	96	18	55	90	9	38	50	19	48	53	8	7	95	41	14	72	95	25	66	86	88	39	67	51	4	92	32	87	92	57	1	95	80	39	15	93	10	3	8	33	63	34	95	9	20	5	51	77	29	1	88	91	32	47	31	59	26	11	9	47	95	28	84	67	69	30	48	40	25	5	18	68	12	36	63	20	46	87	41	60	77	66	15	53	13	63	64	85	89	40	0	96	88	20	72	76	11	97	54	57	1	89	49	48	9	35	12	63	53	57	83	43	17	96	15	96	79	65	34	51	8	17	40	90	89	73	29	13	22	50	64	66	21	61	66	97	71	3	74	64	92	61	47	19	3	99	21	12	82	92	41	15	1	20	92	21	79	95	56	40	86	96	80	93	3	94	3	7	82	48	49	14	45	69	96	45	49	47	63	57	71	52	17	67	83	19	90	45	75	26	19	12	51	42	1	96	93	64	26	35	22	14	37	36	63	59	29	43	37	85	10	23	60	84	94	33	37	59	0	23	27	42	83	53	1	30	91	65	77	80	33	39	44	72	70	24	94	69	16	74	85	83	27	34	34	34	40	72	13	81	56	77	16	83	48	23	84	67	18	58	70	48	57	76	62	32	48	1	22	77	19	62	42	86	48	50	41	73	18	39	26	23	88	32	27	25	14	78	52	28	81	0	87	9	67	38	25	1	3	91	95	21	72	32	57	66	70	58	97	9	98	60	28	62	66	12	42	8	81	41	85	87	46	84	46	39	25	49	17	87	35	85	97	11	10	6	12	31	61	20	54	17	11	93	98	7	20	77	42	72	14	74	67	86	80	64	61	11	1	1	55	66	44	9	43	53	96	77	93	57	54	59	92	39	57	96	22	28	84	16	80	61	79	32	82	99	15	34	18	67	25	18	85	10	62	86	51	57	64	70	46	84	47	31	95	14	68	91	15	71	56	87	70	47	9	7	78	1	51	16	64	48	98	24	60	27	89	39	36	61	49	7	89	20	41	64	79	86	44	72	92	74	38	15	61	6	4	55	71	99	19	4	82	62	85	11	28	61	26	30	46	43	46	81	36	42	69	46	28	94	17	29	71	46	60	24	38	46	96	3	45	35	21	20	90	50	20	3	73	15	3	82	33	9	25	85	73	20	61	37	22	80	55	88	35	96	24	38	15	7	53	41	16	16	88	57	34	86	69	24	76	35	53	50	13	33	85	73	14	63	86	93	14	51	22	72	32	62	28	18	41	97	39	60	32	49	88	40	0	11	30	34	87	92	44	28	33	57	89	70	77	47	76	74	18	83	86	4	45	21	38	18	69	24	55	52	77	44	84	23	71	33	36	21	23	30	40	7	11	23	7	37	8	80	64	68	83	15	79	78	24	14	89	31	77	28	67	41	67	7	46	68	26	29	56	45	0	21	9	42	30	69	70	96	61	34	16	3	93	57	32	16	52	15	44	13	18	53	72	18	18	48	5	65	19	69	20	30	67	41	83	95	6	73	77	72	14	53	97	67	96	16	15	12	13	98	37	92	41	71	6	73	46	6	93	4	96	98	62	1	74	98	62	89	55	41	62	90	21	77	76	20	44	0	91	88	86	5	34	89	28	58	33	33	35	56	78	43	43	88	48	48	2	32	46	79	93	15	92	72	28	15	83	86	17	48	60	70	57	9	37	30	28	54	21	54	65	40	91	8	7	48	43	96	35	50	99	27	36	1	62	79	21	5	51	21	67	38	90	81	41	19	8	40	26	67	3	28	56	65	98	21	71	52	48	1	57	62	89	88	99	77	78	67	46	24	48	53	42	9	45	80	21	77	17	75	36	5	9	79	88	38	34	75	53	9	61	91	85	75	48	22	68	13	35	29	88	12	7	70	58	69	93	25	47	88	26	95	75	76	40	98	77	1	31	95	67	91	84	22	97	97	76	84	22	55	32	87	64	77	90	63	0	93	98	6	2	97	5	56	92	88	96	43	75	96	20	3	63	75	47	18	14	36	5	0	81	73	71	66	20	95	2	26	82	55	28	81	34	42	52	51	37	49	77	73	62	97	35	61	92	67	52	71	16	32	3	29	25	77	51	59	10	6	72	82	53	30	15	76	94	33	33	70	60	99	47	76	89	11	43	55	1	76	29	5	20	93	34	26	38	41	71	56	12	50	34	55	29	58	91	81	64	76	46	70	75	46	75	80	6	13	44	47	76	10	79	44	76	95	98	85	35	7	97	14	80	4	21	37	62	82	23	86	27	12	61	43	67	66	91	40	60	77	34	91	63	42	3	80	33	9	95	29	34	49	96	26	60	74	65	52	0	8	45	17	98	18	40	13	85	31	96	50	71	46	16	48	80	14	63	5	7	81	57	49	50	41	31	14	70	1	35	92	59	79	88	33	95	32	53	73	11	85	90	33	51	59	88	43	10	35	97	7	14	50	52	71	99	57	40	71	92	93	93	13	55	35	52	89	1	64	63	45	94	0	37	13	20	58	49	30	68	77	67	14	39	56	44	50	97	7	86	22	44	58	40	7	72	15	37	11	64	88	37	22	87	52	5	14	58	18	67	71	72	17	74	82	28	7	33	13	28	97	0	89	40	72	45	66	58	65	75	89	99	77	9	28	68	81	26	95	49	78	74	20	36	61	19	3	98	79	87	50	40	1	20	65	30	7	70	46	29	56	66	17	60	76	77	19	90	63	1	14	9	16	33	71	78	50	32	2	1	80	70	20	16	29	41	75	96	39	16	7	70	96	10	49	58	55	75	56	2	38	60	62	86	2	82	14	13	61	47	1	18	82	82	47	74	87	30	41	24	77	83	5	95	61	39	79	12	23	1	61	18	14	72	63	32	82	52	7	24	32	98	93	31	60	55	86	29	49	89	24	92	59	4	32	21	58	53	98	72	57	89	27	55	99	1	41	95	27	7	8	61	72	82	2	57	92	57	99	97	25	81	13	54	94	77	80	64	61	84	61	53	95	5	42	98	1	47	88	59	80	82	74	38	57	68	52	12	81	20	9	26	21	73	66	56	90	3	37	40	45	31	30	71	15	15	34	61	28	78	95	72	47	75	30	41	60	86	35	80	39	44	39	68	47	99	8	83	23	14	30	65	18	28	59	41	87	17	60	61	20	91	20	18	39	21	34	84	55	38	75	42	38	93	83	38	41	58	63	84	65	11	85	23	87	42	74	49	88	81	10	47	85	20	54	45	59	84	44	85	83	22	64	16	86	4	96	18	13	49	56	9	92	24	57	62	94	5	33	10	27	69	9	1	99	98	21	37	53	32	18	59	20	71	58	83	91	39	69	59	69	38	45	40	44	22	38	98	46	49	62	4	42	51	81	40	34	57	45	10	91	28	46	21	7	18	17	59	61	31	64	77	87	92	87	59	98	2	52	15	19	74	16	50	42	89	18	49	34	97	85	80	19	42	86	89	50	29	65	28	3	16	68	88	37	42	7	84	60	66	59	30	52	80	54	98	4	85	44	74	71	50	99	63	8	5	64	45	26	38	58	75	59	90	72	40	97	58	63	29	3	11	47	57	55	99	34	95	34	6	52	32	89	85	78	75	33	49	70	39	7	75	88	78	72	89	70	16	73	34	12	12	71	37	76	13	35	63	46	92	6	15	64	8	92	64	46	0	36	41	61	86	70	42	15	22	46	77	85	2	7	8	79	15	36	13	70	14	32	8	84	71	94	14	37	48	24	88	27	86	92	15	30	69	21	37	27	91	25	86	40	77	5	43	22	56	74	1	53	76	21	29	2	83	39	1	31	37	93	25	13	17	40	2	99	6	1	61	85	34	49	52	29	93	45	6	98	81	93	2	49	83	44	96	62	44	18	78	70	92	71	39	95	41	90	2	62	11	18	47	43	65	26	39	43	66	65	63	68	8	33	85	18	15	8	40	50	33	37	75	47	27	34	98	63	42	80	15	9	2	49	25	94	69	64	79	70	76	7	81	18	87	71	12	48	92	89	
6	39	77	24	9	45	55	42	68	60	29	46	45	83	78	70	56	8	97	22	79	60	61	40	70	44	85	59	80	61	29	39	87	16	10	94	91	98	17	15	51	95	24	15	33	38	98	38	53	46	54	5	29	74	87	33	22	89	68	4	81	21	73	19	26	35	44	73	58	52	20	38	75	20	95	36	78	66	95	22	56	69	16	32	61	48	11	60	59	66	33	34	2	45	51	68	49	50	54	66	70	26	40	13	33	86	56	11	9	51	45	60	23	30	27	73	34	35	7	24	9	92	58	53	5	87	69	86	17	43	18	39	20	38	88	41	15	77	82	74	48	45	60	50	48	79	63	95	7	51	52	93	32	20	20	29	81	97	41	41	22	69	46	93	98	7	42	90	50	13	49	94	93	0	16	62	58	1	36	65	74	84	90	98	19	68	28	62	58	93	73	69	92	43	16	96	1	16	77	97	99	78	33	40	34	68	21	98	44	48	54	53	62	51	66	13	0	53	24	88	96	61	79	38	19	51	35	52	21	19	37	60	20	55	46	46	33	65	87	92	68	72	93	94	63	2	86	69	34	96	22	75	87	19	65	16	63	79	14	61	18	99	29	84	6	66	96	14	48	79	22	46	56	57	97	87	4	90	63	2	13	11	60	91	91	85	45	71	84	77	63	24	52	8	67	2	18	26	26	46	40	94	38	62	2	23	11	70	79	99	5	80	65	87	19	4	36	77	25	39	10	31	93	43	84	97	26	16	82	55	14	75	2	26	11	74	96	86	9	10	15	50	25	38	81	41	40	49	14	13	51	88	65	59	11	87	4	20	82	27	91	37	3	38	28	63	17	84	36	66	68	74	35	57	61	78	23	23	33	96	85	78	97	18	45	12	31	24	41	60	78	3	6	92	69	1	44	21	32	26	12	47	32	0	37	41	94	67	50	86	7	12	9	25	9	65	42	41	59	54	55	0	24	49	85	36	56	2	8	52	0	70	86	13	77	87	12	86	32	9	22	15	75	97	14	4	61	97	48	0	73	13	38	62	99	95	89	20	40	7	50	7	65	50	49	84	47	70	51	44	20	35	67	60	11	55	24	1	99	50	91	71	52	37	51	97	43	78	46	98	97	17	60	40	35	0	28	45	18	51	52	0	32	51	8	42	93	86	67	66	29	24	63	8	67	27	20	21	67	34	81	53	71	69	67	34	22	90	85	46	66	33	38	72	45	56	75	10	95	26	3	85	65	87	60	62	68	17	38	85	81	64	20	5	5	97	96	41	34	54	10	40	4	47	36	77	71	18	27	50	62	75	23	76	81	43	38	16	25	8	65	11	96	34	24	38	9	35	41	13	15	59	33	43	70	99	8	35	19	41	56	79	39	69	57	25	23	24	93	24	20	4	61	82	20	81	86	4	26	53	96	34	9	8	44	75	77	55	45	98	63	56	90	86	0	44	64	14	97	66	86	68	60	37	54	81	96	42	32	86	0	16	19	56	92	3	5	88	69	17	6	83	16	1	88	17	54	31	36	65	49	5	7	70	88	11	69	30	70	47	55	38	7	97	72	63	40	78	43	66	54	20	21	40	54	43	44	94	82	36	1	60	53	9	49	13	82	26	32	44	17	1	84	43	23	94	13	75	97	35	81	61	76	31	49	90	54	18	85	99	90	26	83	85	23	78	8	48	85	19	4	43	13	4	9	21	92	9	35	76	39	8	17	57	11	88	13	17	90	25	35	53	55	1	78	90	65	80	76	61	72	56	77	10	1	93	91	56	90	12	35	50	42	67	41	74	3	22	11	5	75	2	90	73	22	65	78	96	25	19	13	34	89	38	47	67	59	66	59	32	60	68	35	17	18	78	47	28	97	4	34	75	49	48	42	77	65	50	11	20	77	95	79	57	10	69	71	61	62	28	3	68	80	50	97	61	75	11	29	40	99	68	41	41	93	67	18	50	30	92	1	80	67	44	34	44	13	49	11	79	22	12	16	50	25	88	47	66	57	0	13	92	54	49	94	24	13	59	44	13	59	95	76	94	1	66	70	49	41	14	24	7	46	20	94	29	7	20	79	52	40	47	25	37	6	14	84	8	86	59	47	12	61	23	96	80	61	29	15	55	69	65	6	28	80	21	62	89	66	12	51	3	68	86	27	59	31	33	7	14	56	69	87	36	81	48	21	92	85	37	29	81	43	36	49	62	99	15	14	82	82	1	92	3	17	87	10	10	5	73	86	88	67	24	56	2	61	1	43	44	19	22	4	13	70	96	81	24	78	39	75	92	95	56	95	72	31	16	33	10	72	37	83	19	96	24	49	96	10	88	89	58	73	88	0	1	29	13	27	4	31	59	6	38	84	75	50	94	18	43	26	75	8	59	93	91	17	72	92	67	41	40	53	84	89	36	45	31	62	23	13	49	33	44	1	6	91	28	55	53	90	2	79	57	57	6	71	56	75	70	44	36	28	29	62	8	77	32	31	54	79	26	68	78	92	30	17	47	27	17	0	69	23	95	54	8	96	81	83	99	46	53	33	53	81	87	8	12	15	81	18	21	90	90	16	45	19	18	51	45	0	11	47	26	93	24	77	80	99	54	84	70	75	21	51	3	78	82	19	18	45	15	66	86	6	20	85	1	92	74	61	20	22	43	86	76	44	23	74	89	11	56	69	54	68	42	57	39	60	18	87	40	77	70	36	63	34	14	68	62	86	3	72	88	69	15	46	3	84	27	39	23	76	58	64	71	6	19	81	43	40	95	72	67	21	82	86	74	20	73	91	47	77	38	80	0	17	97	20	59	93	71	98	99	2	94	64	37	29	54	14	36	92	81	34	48	87	51	77	1	6	69	15	42	76	81	78	78	42	55	34	28	11	57	78	35	33	99	60	41	82	14	16	3	25	12	33	69	85	13	69	66	2	66	32	98	93	33	24	37	87	58	50	98	82	19	38	48	13	40	14	29	7	35	47	26	20	87	61	16	25	68	22	84	19	36	70	66	71	30	11	29	98	75	58	16	18	27	40	26	18	87	17	90	81	16	98	58	83	12	14	71	49	52	28	74	32	12	21	32	86	41	36	74	50	40	20	4	59	47	74	17	93	74	64	40	48	63	67	20	91	18	16	88	3	33	47	22	51	28	46	47	81	64	21	56	51	55	94	45	17	49	2	41	44	71	81	0	17	7	77	26	89	41	95	17	93	47	75	10	55	21	3	63	34	36	95	90	81	54	9	59	36	99	50	50	84	77	27	52	98	84	56	29	19	17	11	44	33	94	68	60	83	91	53	63	88	93	19	34	80	6	90	62	56	35	80	28	21	95	29	81	68	61	96	82	91	14	56	19	29	10	22	23	49	74	56	1	19	36	83	67	60	80	31	6	57	23	14	27	67	59	49	7	3	44	24	35	15	32	57	96	27	95	29	14	59	70	40	28	2	99	16	45	97	42	58	11	47	65	50	99	30	72	78	46	48	96	2	73	0	39	40	25	69	53	49	87	27	15	30	27	83	83	11	16	34	30	97	61	2	63	79	28	86	1	75	87	9	89	53	49	91	39	68	92	33	16	42	92	60	46	84	20	5	25	26	0	81	10	10	40	34	51	60	67	15	48	70	76	67	55	73	13	30	0	97	79	93	88	68	51	69	93	99	54	76	59	90	49	81	83	87	0	51	31	55	98	57	48	86	2	62	97	22	50	94	53	55	7	95	37	55	79	64	61	99	85	39	18	95	46	78	86	26	25	97	73	22	42	57	68	19	49	7	17	24	13	60	4	70	61	13	63	27	59	88	18	44	60	40	74	34	77	48	85	81	3	16	75	23	83	57	78	92	33	8	50	6	84	70	20	66	91	93	34	44	81	16	64	62	1	54	92	1	61	35	18	49	82	84	43	48	73	34	45	3	43	10	96	30	84	2	69	39	83	9	54	2	59	62	3	46	91	25	42	89	82	47	83	91	82	9	7	27	96	32	4	75	61	25	58	23	98	30	19	13	87	39	23	26	15	64	67	22	49	60	57	91	60	95	17	29	55	71	73	50	36	59	25	35	72	94	70	41	76	67	38	48	57	25	9	74	63	36	61	83	93	5	42	1	43	89	89	61	85	10	39	47	81	27	75	45	28	59	67	48	3	22	62	40	43	13	48	75	25	53	83	89	42	3	95	44	18	40	65	77	56	38	75	77	47	12	21	96	82	33	85	67	32	37	91	13	31	9	8	89	84	90	70	0	11	30	85	81	3	56	47	39	56	31	84	31	86	90	33	15	16	24	92	28	45	89	61	95	71	59	89	40	23	61	90	77	90	29	48	38	17	81	5	5	33	33	97	71	82	38	78	96	83	9	87	22	63	23	72	10	49	5	27	24	32	72	11	10	26	10	53	76	12	59	4	68	7	52	20	55	56	98	91	66	35	98	8	77	71	13	27	21	15	25	58	33	57	1	1	96	7	84	66	88	4	98	17	25	30	32	83	45	90	15	74	16	56	0	22	85	19	4	96	86	23	61	82	27	20	59	29	59	16	27	56	32	13	10	74	98	86	17	92	99	37	65	29	8	67	59	97	73	92	73	10	0	23	23	67	66	72	53	61	27	39	14	91	69	54	2	81	17	59	83	13	47	13	24	90	1	82	20	68	67	43	94	41	55	1	53	17	10	96	29	2	60	27	23	8	27	17	88	68	72	69	74	16	11	74	36	60	54	22	89	5	94	22	13	21	11	39	97	64	19	46	30	84	51	31	65	5	31	17	75	40	93	68	98	99	53	0	77	6	97	71	79	7	82	14	4	86	60	26	97	44	85	72	63	43	58	5	48	87	75	74	7	66	38	72	67	68	68	79	23	30	53	81	98	10	23	72	44	4	98	11	63	25	36	92	42	15	10	64	47	87	84	4	60	44	32	0	89	21	79	63	87	99	81	37	59	82	8	46	46	11	49	12	69	43	32	93	73	32	99	28	44	7	55	27	78	12	72	38	76	96	16	0	7	16	79	89	68	90	67	89	16	7	41	83	28	98	65	90	70	67	53	48	10	48	10	26	5	36	48	37	36	91	69	46	64	83	70	90	70	72	59	18	67	60	34	6	17	26	63	37	40	82	97	10	25	78	10	55	48	53	22	81	13	44	68	49	66	67	81	24	41	95	76	51	40	73	20	35	10	95	18	52	26	50	25	65	64	34	84	65	53	64	52	90	51	21	3	29	57	35	6	11	26	59	46	41	13	80	27	20	53	74	90	53	74	71	62	96	5	82	90	40	95	35	68	80	58	92	36	39	45	25	72	68	99	99	28	73	28	84	47	79	20	29	8	90	91	13	36	57	23	91	21	32	86	4	24	71	46	23	25	93	42	4	71	13	5	53	16	29	63	85	8	98	89	97	62	17	20	12	7	99	61	97	6	25	34	37	85	15	91	52	0	80	24	39	62	31	20	20	69	30	59	19	34	95	2	46	45	17	7	68	35	74	97	33	35	38	15	71	44	28	1	45	84	16	35	0	75	74	20	68	47	61	61	86	20	88	5	76	53	9	26	18	13	65	74	69	69	57	41	39	91	30	88	72	4	53	84	54	33	95	18	33	78	4	79	22	60	95	4	23	10	79	23	60	67	26	0	38	68	65	20	43	88	5	28	32	90	75	13	36	31	8	52	14	85	48	22	95	13	34	13	55	12	77	73	99	58	40	54	9	93	14	95	53	61	5	65	28	96	2	35	16	63	34	3	17	66	42	35	73	39	90	38	40	83	21	51	35	78	58	78	84	2	24	12	67	72	14	7	62	88	86	90	93	20	25	11	41	44	4	24	92	98	16	25	14	83	98	35	4	87	34	83	32	56	11	46	22	43	52	98	68	88	43	22	2	29	33	89	54	15	19	70	51	82	62	48	45	8	23	35	6	46	19	45	85	16	26	73	55	71	3	50	48	26	25	43	81	52	7	11	91	3	8	14	88	19	14	21	33	14	18	61	10	81	97	71	16	72	23	69	64	49	51	3	4	92	52	93	28	48	1	22	54	36	85	66	70	69	22	82	14	97	65	24	18	85	19	43	55	53	53	46	19	3	16	1	70	16	41	52	13	8	32	30	78	5	71	36	65	24	40	13	24	17	50	31	31	50	71	0	39	20	68	12	54	59	82	56	48	89	10	61	71	94	84	48	99	40	51	34	41	12	50	52	63	66	24	60	17	72	4	54	36	63	84	79	38	43	33	76	40	70	44	98	69	33	77	82	49	32	75	37	34	25	38	13	99	4	6	22	12	75	37	80	15	11	21	86	72	17	89	5	12	21	95	4	77	84	64	45	31	9	96	54	44	91	90	70	68	91	14	92	16	56	88	56	10	57	63	15	58	71	66	51	2	0	15	23	62	73	59	45	47	63	31	95	7	34	24	1	38	87	66	48	65	37	8	25	22	59	61	5	98	2	52	94	44	37	20	67	59	95	83	27	32	21	66	37	91	50	90	16	9	52	80	64	28	79	49	63	56	78	69	36	26	35	95	73	72	54	98	44	70	41	20	65	54	9	18	25	64	31	74	57	85	47	74	54	71	78	62	13	42	42	38	48	11	28	83	2	88	81	65	30	30	5	23	4	80	54	40	65	93	36	94	34	34	62	2	25	63	90	33	85	17	76	84	53	54	11	32	56	94	76	73	37	38	82	74	20	48	84	82	3	16	27	35	25	56	94	47	52	40	12	45	90	17	6	27	27	89	42	94	11	56	33	74	73	0	63	94	58	89	23	30	49	32	95	82	72	19	67	92	49	2	34	85	4	43	61	51	45	54	47	89	11	80	79	52	83	15	42	67	92	7	98	2	44	77	36	53	85	27	41	91	91	53	85	3	2	29	66	75	53	79	20	32	32	96	73	28	41	18	46	77	67	69	71	15	33	19	74	34	74	12	44	62	85	25	57	86	30	44	47	17	26	37	55	45	50	10	9	16	92	11	35	45	91	45	1	90	26	26	69	7	17	78	36	23	45	23	10	50	63	89	97	28	8	61	10	43	77	21	45	37	12	61	0	85	77	2	80	9	32	66	49	94	88	25	41	93	45	77	36	14	45	66	45	60	75	85	46	46	21	96	11	43	45	71	3	18	31	76	36	25	28	75	74	77	65	21	55	55	31	60	32	96	51	76	81	33	3	79	24	6	58	73	97	50	67	43	71	28	66	99	60	91	24	21	36	42	58	70	38	95	10	4	88	15	91	55	34	95	36	9	2	7	0	18	65	78	22	44	63	35	90	42	14	89	30	4	95	7	9	4	14	31	25	45	97	54	44	4	96	33	50	12	74	33	23	33	73	11	18	41	5	56	16	39	25	72	56	59	79	58	96	59	11	49	22	51	87	35	18	25	96	65	88	89	66	4	35	20	83	1	68	40	92	41	82	25	85	25	43	24	12	45	29	71	89	0	75	91	18	73	56	51	56	10	96	74	40	4	48	81	86	32	46	71	15	43	69	68	54	66	72	98	90	54	50	72	8	67	62	31	83	20	68	18	73	52	13	37	86	17	38	50	77	24	61	4	68	14	85	35	91	12	49	49	37	35	37	34	28	4	94	8	40	27	33	63	72	75	19	44	33	63	49	29	50	93	93	42	46	39	7	64	26	84	51	13	48	41	32	89	9	61	10	90	18	48	91	52	47	67	22	64	74	26	89	20	95	27	82	52	40	68	45	22	82	32	91	58	49	57	45	73	43	92	24	45	77	66	85	86	23	75	66	34	67	58	2	57	74	75	40	36	44	54	8	9	19	73	75	52	67	33	86	22	58	11	79	41	41	32	61	2	97	53	95	52	42	43	32	74	81	55	75	61	85	81	8	61	33	28	48	63	62	91	33	68	47	40	82	78	6	0	62	66	23	88	17	56	21	33	23	9	74	20	99	62	54	69	86	13	47	79	55	59	26	77	60	15	68	30	79	29	97	53	96	47	66	28	75	12	2	80	15	60	47	22	89	9	81	67	20	99	91	79	2	76	87	81	45	31	50	64	44	24	8	43	6	81	51	93	47	89	7	68	20	65	94	77	51	37	25	29	51	90	56	81	3	81	37	17	98	16	85	28	91	32	32	21	70	69	36	35	44	24	33	17	82	90	42	5	98	45	77	4	59	18	70	67	64	76	4	7	29	75	33	40	59	57	61	73	31	13	50	37	74	15	5	43	9	5	14	90	74	3	99	12	85	50	25	90	98	64	12	33	80	38	22	54	59	99	23	50	33	46	85	85	13	32	49	66	13	76	8	84	19	46	50	37	39	92	81	35	46	77	57	81	97	10	76	17	37	26	79	3	83	4	70	98	73	77	27	70	2	41	46	39	13	41	57	32	98	43	65	20	86	87	99	69	86	59	23	84	32	6	19	86	95	56	27	28	30	83	29	39	20	98	26	39	96	90	46	47	38	39	3	30	27	58	62	51	61	17	23	5	23	76	72	14	76	36	53	91	91	87	85	93	11	85	70	36	80	96	12	67	3	12	90	18	14	62	74	41	28	56	36	66	20	2	98	7	69	45	41	39	70	23	85	16	83	69	8	15	9	26	79	12	70	33	50	66	21	31	95	93	33	76	54	85	65	85	21	48	52	88	81	91	42	93	58	60	48	49	31	94	24	14	74	99	81	36	79	59	94	69	85	25	18	45	5	13	36	29	37	59	68	95	2	65	83	31	29	77	14	99	66	58	3	31	59	78	45	24	0	86	39	8	35	54	93	31	49	1	76	34	39	55	61	3	65	80	37	6	92	51	25	81	75	59	55	76	93	70	42	97	43	61	69	52	75	1	68	70	78	35	60	36	53	55	38	48	28	20	80	87	41	65	25	1	48	81	24	51	67	91	13	22	99	37	61	68	64	48	21	62	52	65	66	36	4	77	45	31	52	37	56	40	2	41	90	25	47	76	86	58	11	61	0	69	96	99	89	26	94	49	58	11	99	13	36	68	20	8	25	18	62	83	73	35	1	62	96	23	98	96	85	99	16	65	48	41	94	65	98	25	93	54	61	49	11	93	16	1	29	96	86	14	20	74	42	6	64	80	87	61	27	25	29	9	9	85	33	70	84	20	65	69	53	81	68	12	48	59	13	71	56	28	39	20	83	97	41	54	84	79	39	9	28	15	98	87	84	42	0	92	28	49	32	90	34	16	93	36	71	62	70	10	27	90	62	34	47	70	13	84	58	79	96	33	95	50	65	71	0	20	23	42	53	70	76	60	96	77	42	89	38	85	33	22	35	65	30	61	73	44	98	26	8	96	34	39	87	50	76	96	16	71	79	22	51	68	74	11	67	14	29	71	10	50	77	75	8	4	87	69	83	71	76	86	96	50	97	57	95	67	72	61	94	80	12	99	82	96	0	11	71	81	28	18	47	71	77	70	38	61	40	59	6	3	23	62	48	25	93	25	17	18	97	36	93	65	67	77	37	36	68	64	4	60	49	98	41	38	47	9	53	87	3	65	3	24	47	91	26	73	66	9	75	53	95	88	72	43	50	87	14	41	52	70	90	73	2	79	88	98	25	25	14	98	51	56	0	17	60	74	20	46	28	79	99	25	74	20	93	66	6	67	4	64	29	96	57	34	65	97	44	70	25	90	43	81	60	0	22	72	37	45	91	28	19	69	79	86	46	66	47	54	11	52	99	87	76	12	65	64	80	52	73	8	90	68	37	86	73	34	98	36	56	74	0	3	51	49	45	88	87	29	61	92	78	42	27	63	3	21	6	16	57	80	31	94	59	63	88	0	36	56	18	97	92	95	5	91	0	17	87	47	73	8	97	62	13	73	47	13	51	55	7	4	6	49	14	82	14	11	56	6	88	3	11	71	57	9	36	44	10	79	67	83	49	73	46	17	93	44	53	83	1	50	62	50	37	27	82	55	62	45	34	90	9	44	38	10	59	85	15	78	89	66	12	48	89	59	35	9	30	61	72	62	91	74	98	36	92	82	59	32	46	99	16	3	6	77	21	65	42	25	72	13	49	81	13	26	70	33	58	23	1	55	96	67	35	63	7	16	17	50	41	99	44	10	27	65	25	7	25	90	82	63	65	33	98	94	32	1	4	97	74	77	12	30	53	16	7	17	17	72	18	31	20	38	98	78	63	23	41	
33	35	24	39	38	27	33	31	20	24	36	27	21	28	29	38	24	22	27	30	24	31	37	30	36	28	22	27	35	22	30	21	36	28	28	36	35	25	36	29	36	34	33	34	38	34	36	24	24	22	33	34	25	34	40	27	31	36	38	39	39	27	37	29	37	22	37	30	24	22	40	25	21	30	38	39	39	24	27	37	28	27	24	26	34	21	26	37	27	25	27	21	38	28	31	24	34	33	38	34	37	38	24	28	21	23	28	40	28	37	36	32	36	39	36	26	21	27	31	39	22	21	31	30	26	27	27	22	25	32	27	34	30	31	25	40	33	22	29	32	25	39	25	24	34	33	35	27	24	37	22	25	22	27	24	21	24	33	26	40	21	38	36	35	27	26	21	28	33	25	39	31	38	30	26	31	31	32	20	25	21	23	26	32	30	39	35	38	29	27	22	39	26	31	40	31	21	26	22	38	34	30	26	20	34	20	22	26	34	27	30	32	29	25	26	26	36	23	21	36	38	28	38	36	39	22	26	33	35	27	35	32	24	26	38	36	37	25	34	35	30	30	22	28	26	28	20	39	25	25	34	29	27	29	23	26	35	32	24	28	20	36	34	38	31	22	22	32	22	37	28	39	29	35	24	22	37	33	38	40	29	27	26	24	29	37	24	26	26	27	27	35	33	39	40	40	38	33	39	40	29	33	33	32	28	28	33	39	24	38	34	29	30	39	39	27	36	22	40	39	37	33	28	40	20	35	40	31	21	23	31	34	35	26	36	20	20	34	35	32	20	27	27	38	21	40	26	22	37	25	28	32	25	27	22	27	30	37	29	31	27	40	38	38	38	32	24	24	20	39	30	26	29	37	26	35	34	30	29	24	29	39	35	29	20	31	38	27	22	23	27	33	24	35	20	34	21	27	26	34	21	29	25	30	21	31	40	23	22	21	22	30	25	20	30	34	29	30	22	26	33	35	23	21	24	35	20	38	38	37	22	31	33	37	38	32	21	36	20	39	28	21	26	21	27	33	39	34	27	21	35	38	27	22	24	30	26	33	32	33	21	36	34	38	40	36	26	36	20	24	30	23	26	22	28	36	35	32	32	33	26	20	39	26	36	21	38	38	27	40	28	27	26	29	21	39	26	38	39	30	30	35	37	40	28	21	23	27	33	32	32	26	29	40	26	38	36	20	39	25	37	36	39	31	30	30	25	28	30	34	29	23	39	20	26	25	24	26	32	25	36	39	33	30	29	37	21	26	25	22	40	22	27	27	29	27	21	36	28	23	29	39	40	40	33	27	28	20	28	28	29	26	23	38	28	20	29	25	35	29	21	23	23	30	35	40	29	23	27	21	22	39	33	25	24	35	37	20	28	36	35	22	27	34	40	23	27	39	20	23	22	20	30	25	29	40	39	40	37	31	22	32	31	39	35	25	36	30	34	34	22	20	35	25	29	37	37	32	37	23	27	39	32	25	20	40	26	27	22	39	29	38	33	32	26	30	37	30	36	29	37	33	24	38	34	24	22	37	29	38	23	27	20	36	24	39	31	25	21	35	31	36	32	26	37	29	23	38	23	34	34	28	40	23	35	22	30	40	40	23	37	26	37	29	32	35	33	36	31	30	22	36	34	32	35	27	38	23	23	23	27	23	21	36	22	31	35	30	26	20	23	26	32	23	35	29	38	21	26	40	21	38	37	24	36	25	23	20	32	24	27	37	38	22	21	28	37	21	25	39	20	30	34	35	21	23	35	39	29	21	32	32	38	28	40	26	36	21	40	33	25	27	28	40	20	38	33	20	39	28	27	28	39	32	39	31	33	30	23	25	38	28	39	38	22	20	23	39	22	34	37	29	28	24	21	21	38	23	25	37	40	37	21	29	28	26	33	24	23	22	27	20	27	39	24	23	37	22	23	23	35	20	24	27	26	34	35	32	22	36	25	33	23	20	37	31	30	25	29	23	35	21	28	24	29	28	38	34	22	38	26	37	25	22	20	25	28	36	36	20	24	29	27	22	29	38	31	24	40	21	30	40	35	34	28	20	27	21	21	24	25	26	29	35	28	25	22	28	33	22	24	29	20	38	25	24	33	34	29	29	22	35	36	34	32	36	31	32	32	32	28	30	35	27	23	34	23	27	36	22	31	34	36	27	31	38	21	27	26	30	29	36	29	37	34	36	39	21	29	35	21	38	34	34	37	40	24	23	27	34	22	28	20	27	38	24	30	36	36	24	33	37	32	34	38	35	32	35	32	37	33	37	21	31	37	25	20	38	40	37	39	26	36	28	32	38	31	30	39	34	35	22	32	35	21	26	31	33	25	33	21	35	40	29	20	32	33	26	24	25	37	20	34	31	38	20	29	30	29	39	39	28	28	35	40	22	28	20	35	39	26	27	35	35	36	40	38	28	30	21	33	38	23	28	33	37	21	25	31	38	20	35	35	25	30	30	27	40	36	35	40	24	30	32	26	36	20	32	37	22	29	38	24	23	26	29	30	33	36	34	33	38	25	20	40	32	33	40	39	39	38	23	36	22	32	32	20	29	31	34	29	36	23	33	21	33	27	40	38	38	21	26	28	38	39	38	35	27	31	32	25	40	27	37	21	25	32	20	38	36	25	24	31	21	34	35	22	35	28	36	27	29	32	20	27	38	20	36	34	22	21	36	39	20	33	30	35	24	30	29	40	34	20	28	29	29	36	26	25	32	21	34	22	36	29	32	34	35	34	32	39	40	36	35	35	35	23	26	39	22	29	39	31	25	23	32	32	21	30	24	27	33	22	36	36	28	26	23	32	37	23	20	22	22	37	37	33	28	37	28	39	28	21	34	23	39	33	23	31	36	30	23	26	28	39	31	29	40	25	30	32	23	32	31	27	30	36	25	37	34	38	31	25	37	30	29	21	36	26	39	25	33	37	20	32	26	38	28	27	36	40	22	27	24	28	20	25	37	30	37	30	22	37	30	21	33	35	34	27	35	22	25	31	23	25	38	30	30	26	31	29	30	31	36	33	35	30	31	21	26	34	32	25	22	30	30	20	29	36	38	20	29	36	22	39	28	37	25	38	36	26	36	31	28	33	26	28	40	34	24	25	33	40	22	24	24	39	26	25	33	36	30	39	25	28	30	34	32	24	31	33	30	32	37	24	28	27	21	37	32	40	30	22	23	21	37	40	29	23	34	34	28	27	33	39	27	33	32	35	35	29	38	34	27	31	38	21	24	40	40	29	37	22	25	35	21	29	36	35	35	38	28	37	22	25	36	38	21	32	23	30	37	39	22	28	31	23	27	37	28	27	23	23	21	22	24	23	26	29	39	21	35	30	26	32	28	38	27	28	29	40	28	26	28	28	27	24	37	24	29	30	26	28	33	30	39	35	32	22	27	28	39	23	27	21	39	22	22	32	31	40	20	35	35	40	38	39	34	37	20	21	38	25	37	40	27	28	25	40	35	32	25	36	24	32	33	25	25	29	28	36	23	37	38	27	32	34	36	36	40	39	38	34	29	34	33	40	26	34	37	24	30	29	30	31	35	31	30	38	37	40	34	37	39	31	29	30	31	28	35	36	27	40	24	26	35	32	28	38	20	30	38	25	35	23	20	37	39	32	32	37	22	32	22	22	21	27	24	33	24	26	22	39	24	25	23	22	36	40	20	27	33	38	33	20	36	20	20	24	21	39	37	39	25	32	38	33	39	27	34	27	31	32	31	20	21	38	39	33	34	39	23	22	39	40	30	26	38	38	24	31	38	22	25	32	33	30	40	23	22	23	39	35	39	37	39	40	20	30	30	30	26	34	22	32	21	40	29	22	22	33	39	23	40	27	36	35	23	29	28	21	40	28	38	25	31	24	26	24	31	24	29	21	34	37	31	22	21	21	20	37	40	36	27	21	31	37	34	24	32	35	20	35	40	23	35	29	23	26	24	22	30	34	22	22	36	39	40	35	24	23	37	24	31	39	37	27	36	22	33	26	26	25	24	23	39	34	32	31	32	25	33	30	24	21	37	40	25	36	37	31	38	31	33	25	26	39	34	35	27	23	38	21	37	36	39	22	28	32	40	38	24	35	40	38	40	25	23	35	32	28	33	37	24	27	34	27	22	33	30	31	37	28	36	39	20	27	36	40	21	27	39	20	40	38	21	29	36	36	30	22	32	30	30	21	20	36	37	38	34	27	40	39	33	28	40	31	25	35	35	22	36	37	28	24	38	25	40	24	23	38	20	22	21	21	24	39	21	36	24	33	30	23	34	29	37	22	35	27	21	29	23	31	33	40	40	28	30	21	32	40	32	29	22	30	24	39	30	30	22	30	34	31	20	22	32	40	27	35	40	20	37	36	39	20	22	20	40	39	37	38	24	25	36	32	27	25	35	20	33	21	29	37	39	20	22	31	20	29	33	21	35	40	28	33	33	39	34	21	34	33	37	30	37	25	40	27	22	23	21	32	31	22	21	34	36	29	22	37	26	33	27	22	39	38	39	36	34	25	37	22	36	29	22	38	21	40	38	29	32	24	36	35	25	39	23	25	28	32	33	37	25	38	21	32	37	23	23	38	33	36	25	33	24	29	20	32	39	37	28	39	23	22	39	34	21	40	22	22	33	29	20	20	27	25	32	38	30	30	25	21	38	30	23	30	31	35	36	29	26	22	31	39	20	40	27	28	25	39	29	28	35	28	22	34	36	30	27	28	37	40	34	26	25	31	35	26	30	33	35	20	38	25	24	24	38	22	22	34	35	30	34	36	29	37	28	26	38	39	36	22	22	25	32	40	36	23	20	26	32	38	30	38	39	33	35	24	21	26	36	30	31	35	37	20	20	22	32	22	32	33	28	37	33	28	27	30	29	30	30	24	26	22	28	37	34	33	27	25	36	31	28	34	40	27	28	21	21	34	40	35	25	27	20	30	21	37	30	33	37	39	20	28	21	24	34	36	39	21	31	28	36	24	37	22	39	28	39	30	32	37	31	25	29	21	34	26	21	24	31	39	26	29	26	34	32	22	34	28	38	29	20	35	25	21	36	33	22	32	36	34	24	27	29	27	22	30	32	29	31	32	30	20	34	37	37	26	31	36	28	21	29	32	34	39	24	21	29	37	35	40	36	21	37	38	23	22	27	35	31	38	36	28	38	34	30	21	29	22	24	29	20	22	26	25	31	21	24	21	33	25	30	32	21	28	29	31	23	24	40	22	40	20	29	39	31	37	37	39	38	27	31	20	39	27	22	22	22	37	20	33	36	22	34	30	36	25	21	27	39	22	26	36	26	37	37	40	38	27	21	28	27	38	22	40	21	27	22	37	38	26	29	39	27	33	32	35	21	37	26	26	31	26	21	39	22	38	24	32	28	23	24	25	23	39	25	33	21	34	26	37	26	36	25	26	36	34	22	28	26	20	28	31	38	31	37	36	29	40	38	29	30	28	21	30	33	40	33	27	38	23	26	38	22	36	20	28	25	22	26	28	29	35	35	34	33	36	23	34	22	21	30	25	20	40	23	38	29	27	31	24	31	35	36	33	31	37	26	27	32	30	29	32	22	22	31	39	34	29	23	33	39	27	35	21	30	23	40	28	29	31	39	26	30	32	20	36	35	24	24	22	30	20	37	33	37	30	30	36	22	33	33	40	34	33	21	39	31	35	22	29	22	28	35	32	39	39	39	27	34	20	39	23	36	33	35	25	30	26	37	29	28	25	26	31	29	25	33	25	29	27	27	36	23	23	26	31	32	26	22	30	39	39	37	37	33	24	29	22	35	21	31	31	28	23	38	26	23	33	26	35	27	36	30	27	29	29	31	21	21	39	40	25	26	28	22	38	38	24	25	34	38	29	33	24	29	40	23	33	29	22	35	20	25	26	39	33	29	40	22	28	40	27	22	31	31	27	31	39	24	38	24	38	23	32	27	21	36	23	38	25	25	22	24	26	34	37	32	27	25	22	27	22	25	22	37	23	22	33	39	22	30	23	38	39	38	29	34	38	30	40	40	25	33	20	28	30	30	30	22	30	26	27	29	39	39	22	28	30	38	31	20	29	36	30	24	27	36	29	33	20	21	34	20	40	20	23	24	20	21	37	30	29	36	31	22	34	31	38	21	39	32	31	28	25	20	25	31	20	20	38	34	38	32	20	35	35	40	31	26	26	39	38	40	40	30	39	33	39	30	27	24	38	20	31	34	20	38	23	36	24	20	25	40	30	31	20	29	28	31	27	40	33	29	20	39	21	39	34	26	22	27	40	29	25	34	29	24	21	37	37	32	28	31	30	35	39	36	36	40	39	23	23	30	29	38	23	23	22	36	29	29	27	22	34	21	38	26	20	31	36	34	29	25	30	30	23	25	37	20	31	20	21	36	23	31	23	40	32	37	30	31	34	33	24	35	21	27	22	22	26	36	31	33	32	29	27	25	21	28	40	35	26	26	28	21	31	28	21	22	29	22	40	29	33	24	31	29	39	32	20	37	28	27	35	22	37	21	25	27	22	34	35	36	28	33	23	37	25	40	33	24	33	20	31	37	31	21	33	40	37	36	33	39	32	36	22	24	20	23	34	24	24	32	22	38	25	27	26	25	22	26	31	40	21	31	32	31	38	25	40	39	27	23	33	39	40	30	26	27	33	25	31	24	38	27	25	25	32	31	24	28	34	26	29	26	25	23	30	20	25	22	30	30	34	22	28	32	32	25	20	22	34	28	34	25	34	22	36	25	21	20	24	29	23	25	23	24	35	28	33	29	31	29	26	37	28	39	35	26	31	33	35	39	32	38	20	38	37	35	21	22	23	22	23	24	30	24	40	24	36	34	28	25	32	40	35	35	34	30	39	26	22	33	36	38	26	33	28	34	37	38	26	31	35	31	33	34	30	21	26	37	31	36	31	39	33	40	25	32	34	22	28	34	37	37	31	29	28	33	22	32	32	36	20	28	28	30	36	24	35	22	32	21	31	39	21	31	38	22	29	40	29	36	23	31	37	24	28	29	35	37	25	35	28	37	20	36	20	26	31	29	36	20	22	37	29	27	40	40	39	27	23	25	35	30	33	35	36	35	35	26	36	30	30	38	34	38	26	31	30	26	20	24	29	34	26	24	20	24	28	26	38	33	26	33	22	30	38	28	28	35	39	32	31	26	39	37	28	26	33	28	39	21	26	34	34	23	32	27	23	39	27	33	27	31	35	30	23	29	23	39	22	23	39	33	29	31	32	27	34	35	28	37	26	39	28	39	34	27	38	20	23	25	24	37	32	22	36	28	21	20	20	37	33	32	40	25	29	38	37	32	24	36	32	34	38	24	33	35	33	30	28	27	23	36	27	40	21	25	28	35	20	35	21	24	25	28	33	33	35	24	34	29	35	21	40	21	27	22	30	26	22	35	34	29	21	30	23	30	20	21	29	34	32	32	35	31	29	23	34	32	31	24	33	31	24	32	31	21	23	27	26	21	27	31	31	32	28	20	20	40	21	40	24	34	27	32	34	26	38	38	30	24	35	36	32	29	37	32	22	31	20	25	28	29	37	32	28	28	21	40	26	29	26	21	28	23	30	27	40	40	33	22	29	31	23	40	20	39	22	22	32	32	24	33	25	33	23	31	23	20	32	40	28	28	27	25	30	26	24	31	27	34	28	33	31	31	36	21	32	22	40	33	36	34	32	32	24	29	23	34	33	34	38	40	34	26	28	25	21	38	21	34	38	37	26	38	38	25	28	40	36	31	26	26	21	26	20	29	33	31	36	26	33	31	37	27	23	33	21	25	32	34	33	24	24	39	30	40	23	31	33	28	30	24	39	27	29	31	30	20	38	38	37	34	26	24	32	26	40	30	29	32	35	38	34	32	28	21	33	22	35	35	32	31	23	34	23	33	26	38	35	20	20	37	25	22	24	40	29	32	22	27	36	31	40	25	25	32	24	22	24	33	35	28	25	35	32	27	28	26	28	36	28	36	23	24	25	25	20	32	31	34	32	34	21	23	25	24	22	37	26	36	30	38	36	40	29	33	34	35	26	24	35	27	40	30	39	24	33	28	28	37	37	40	31	31	20	20	39	26	24	24	22	39	32	28	33	25	35	31	39	27	28	33	21	29	35	38	28	30	35	37	37	37	21	21	32	38	25	34	37	39	35	28	39	21	23	32	26	35	26	35	40	37	25	32	29	23	23	33	26	33	40	37	24	29	26	39	30	27	28	38	39	25	25	34	38	24	34	25	30	29	36	38	39	30	34	34	31	40	22	24	27	29	34	21	27	29	34	31	33	24	31	38	31	34	24	26	20	38	29	31	34	27	33	30	21	40	32	39	28	40	40	26	39	32	26	37	26	24	40	31	20	23	39	32	31	23	26	20	20	23	32	25	37	22	22	20	25	36	38	23	28	33	21	20	40	20	36	20	22	25	24	36	36	34	30	22	37	39	40	34	39	39	33	23	34	24	28	27	28	29	29	23	26	37	29	36	27	28	34	21	21	29	39	28	31	25	22	25	25	26	36	40	22	25	38	21	33	29	21	36	27	27	22	36	22	25	37	26	36	39	37	22	35	31	38	24	21	27	25	27	36	34	26	31	20	33	36	22	34	20	26	32	33	20	37	20	24	28	33	39	37	36	36	24	25	39	35	40	35	21	23	29	35	38	35	26	26	32	33	22	24	27	22	30	30	32	27	25	27	22	24	24	40	20	35	20	24	30	33	38	39	37	37	21	32	25	33	30	20	35	26	36	39	31	37	34	37	29	35	27	23	30	31	30	39	29	33	21	25	27	30	39	33	24	40	26	20	36	31	38	31	27	26	29	26	28	29	38	22	23	35	40	24	33	30	34	29	38	26	28	34	33	32	22	33	33	24	40	22	29	27	21	25	31	38	39	26	35	31	32	33	35	26	27	33	28	39	38	35	21	26	25	27	35	34	34	39	24	36	36	24	37	32	40	40	28	39	35	34	27	26	25	25	21	25	38	33	38	22	25	28	24	25	20	31	23	34	33	33	36	23	20	20	39	29	38	24	36	31	39	29	27	31	28	38	39	22	31	37	24	23	36	20	22	25	39	26	37	38	31	28	21	40	40	33	34	38	29	23	28	36	20	27	32	33	34	40	21	31	37	35	31	21	23	40	29	31	25	21	40	28	23	32	31	20	40	27	35	21	26	37	23	36	29	28	22	39	36	37	21	34	30	32	25	26	32	27	23	21	34	30	38	23	27	40	21	26	40	33	20	37	21	33	29	26	27	40	22	36	32	39	39	22	36	23	32	22	28	38	34	33	30	33	33	34	27	39	35	39	31	37	31	22	35	38	28	36	31	36	20	20	36	31	36	20	26	24	25	20	34	38	34	29	32	26	36	25	26	37	40	35	27	25	25	30	32	40	30	31	36	26	34	37	20	23	39	31	29	35	22	25	38	22	22	37	28	28	26	33	20	34	40	22	21	36	23	28	39	34	37	20	38	22	36	37	37	29	32	27	21	36	33	35	34	39	28	24	21	27	22	38	38	38	31	36	33	27	29	23	20	34	25	31	26	35	25	38	25	22	22	40	24	28	31	31	29	28	32	23	20	40	39	27	29	23	28	27	20	39	31	32	30	33	38	23	25	28	31	29	33	24	22	32	22	33	34	34	22	25	25	33	23	23	33	27	22	39	28	21	36	35	25	33	27	27	24	27	34	25	27	30	23	29	30	28	36	25	23	28	38	30	37	21	36	27	25	28	22	23	20	28	40	34	36	21	24	29	33	20	40	26	30	24	23	38	36	26	37	38	37	36	24	37	27	36	23	27	34	36	34	33	40	32	30	25	22	23	35	35	26	33	26	38	31	23	39	24	32	24	30	25	36	30	26	27	36	32	40	21	33	25	32	27	30	24	21	36	37	24	29	38	34	30	29	37	31	24	30	30	38	25	31	36	22	25	35	36	35	21	30	40	20	30	20	34	26	30	38	32	26	33	35	31	25	30	24	22	32	32	28	29	20	36	37	24	34	30	40	21	23	28	28	35	24	33	40	28	25	39	33	23	30	28	24	30	22	28	27	22	39	36	26	35	23	24	28	23	32	39	29	21	30	23	24	28	40	24	28	38	20	27	25	36	33	26	30	30	22	38	21	24	
47	13	15	37	27	14	21	16	20	23	45	31	14	11	44	22	30	39	27	18	12	39	35	29	47	24	19	17	22	45	34	47	49	33	49	32	36	33	28	33	34	43	13	24	37	28	36	34	10	40	47	20	40	25	12	30	31	23	20	36	42	31	30	27	47	33	16	32	31	46	33	42	42	21	33	45	27	19	37	23	30	10	37	49	42	21	31	49	11	18	26	25	17	48	45	33	45	18	30	49	28	12	18	36	39	13	35	26	42	32	36	35	45	29	28	46	23	25	41	32	48	49	18	46	35	10	28	18	32	43	23	49	25	50	47	10	33	40	17	13	36	38	45	11	20	13	24	16	23	35	23	11	43	42	41	23	11	22	34	16	32	22	24	21	17	10	49	18	10	50	26	37	49	35	15	29	33	33	23	15	38	31	40	33	34	48	12	12	24	16	10	21	34	37	15	45	11	21	16	35	28	31	50	46	36	21	40	30	19	37	49	14	42	43	32	37	18	34	26	34	48	37	20	26	42	35	19	20	14	30	50	33	41	33	31	30	11	16	36	28	15	23	23	28	32	38	12	11	33	21	23	36	30	20	36	16	13	45	15	23	21	37	20	25	48	26	30	35	14	29	50	28	49	21	35	30	46	35	20	37	12	49	34	10	27	25	48	25	44	17	26	38	30	21	10	18	21	26	21	34	49	39	30	44	24	11	39	16	49	33	28	20	34	32	31	50	25	11	37	15	41	29	33	45	16	20	11	25	32	44	42	41	33	35	29	49	41	41	33	18	37	21	16	34	23	24	46	30	40	38	26	33	11	40	50	33	47	25	46	18	44	39	26	19	44	24	48	16	42	18	41	32	27	29	49	41	49	41	17	15	19	23	35	30	31	19	33	32	17	24	21	13	33	49	34	25	14	27	49	32	14	13	43	49	47	14	25	47	45	14	40	17	18	47	46	32	35	16	37	49	35	14	33	23	17	13	49	31	15	33	21	28	47	15	11	24	21	38	48	34	49	30	23	10	34	15	31	32	20	18	12	15	35	27	20	12	22	10	10	19	10	49	38	29	23	13	49	12	28	27	26	16	26	38	20	32	32	40	30	33	25	25	42	16	15	18	46	43	34	40	29	17	48	46	21	39	12	14	32	27	42	41	13	30	14	18	30	31	41	21	15	10	45	15	45	36	11	10	20	32	11	41	39	16	11	30	50	22	37	30	48	42	18	38	31	18	19	19	16	45	44	13	50	48	23	20	34	37	30	41	35	42	16	20	19	29	50	33	17	42	38	27	45	21	37	16	29	33	29	28	50	16	20	30	32	49	20	45	41	44	38	17	33	45	29	29	34	13	18	34	25	22	29	35	13	29	22	28	20	49	27	26	31	38	26	36	25	16	43	31	36	10	30	20	11	48	25	36	31	31	33	40	13	17	47	43	38	37	11	40	35	30	42	11	13	26	16	12	19	46	23	15	42	33	45	38	48	32	40	20	34	15	21	40	46	41	18	49	27	42	10	41	46	31	39	23	36	13	47	39	27	22	31	29	50	21	17	50	18	33	41	29	13	11	10	23	31	26	29	33	45	26	16	29	43	17	24	49	31	34	16	22	30	15	32	28	30	42	14	33	26	35	23	42	33	41	14	10	30	18	27	25	31	44	44	26	47	18	35	29	20	31	20	34	19	14	32	26	14	48	11	30	13	10	35	18	50	21	41	17	49	40	26	41	48	28	40	28	32	31	28	11	25	19	24	30	46	49	29	37	24	33	47	15	31	45	40	27	29	14	36	15	45	47	25	43	44	15	12	25	28	29	50	26	36	33	25	41	20	45	18	43	42	22	35	11	31	30	28	17	31	34	48	42	39	30	20	47	25	37	47	47	16	26	25	11	16	24	29	16	36	14	15	40	38	27	14	14	33	22	44	26	16	45	41	16	14	26	17	33	30	17	19	10	18	46	32	15	46	30	24	33	43	45	17	10	44	46	50	15	10	43	23	36	28	20	11	48	23	17	21	31	40	42	16	26	15	33	36	19	25	31	25	41	13	27	31	31	42	28	38	43	44	38	33	12	15	22	16	36	46	40	31	39	18	44	35	11	20	29	34	19	39	42	30	30	28	26	43	21	11	18	36	45	14	41	41	16	42	49	43	28	43	45	11	46	44	46	41	28	32	21	32	46	46	18	43	28	49	45	28	49	47	23	39	21	44	15	10	46	47	32	47	45	17	37	40	41	19	12	30	32	14	41	36	48	27	33	30	35	17	49	15	15	26	23	13	41	22	14	21	49	13	35	13	12	39	30	41	22	37	29	10	22	47	13	34	33	36	40	20	38	13	21	28	47	44	16	38	20	45	13	37	16	42	31	41	23	42	28	13	19	47	48	27	10	21	22	41	11	22	22	19	36	41	14	47	45	39	32	27	22	28	25	48	26	35	15	25	43	24	47	43	21	21	13	37	12	40	42	13	22	39	26	42	10	18	26	44	46	25	37	37	44	26	46	35	27	12	12	11	22	38	18	13	26	30	39	37	49	43	14	29	32	36	23	36	38	31	46	26	50	11	35	25	42	21	25	29	48	38	26	27	30	26	37	36	14	48	49	33	28	13	25	22	13	27	37	48	29	36	31	22	35	31	48	27	39	42	10	34	48	19	39	40	15	41	36	44	24	32	16	31	30	21	49	21	43	50	24	34	20	38	43	39	33	44	42	50	31	22	14	17	47	11	15	13	16	40	20	43	13	27	27	36	42	39	48	41	30	28	37	10	42	36	48	49	49	14	29	19	50	22	41	46	11	35	50	36	22	38	12	11	11	23	23	38	13	16	46	29	22	33	18	44	44	43	17	32	24	29	16	11	11	33	34	15	42	39	34	14	31	15	49	15	48	41	50	42	23	47	48	32	32	46	14	20	13	40	47	12	27	44	33	24	16	28	29	42	17	38	15	43	14	42	40	10	31	23	40	22	20	31	27	24	24	48	46	26	30	50	30	19	26	26	28	33	24	36	16	12	47	11	15	40	28	43	13	34	31	22	39	39	34	40	39	34	29	20	20	27	44	20	10	16	40	12	32	24	32	31	34	43	39	32	30	50	11	16	50	10	14	37	29	35	22	14	14	27	36	25	19	11	10	46	12	10	19	40	49	45	19	42	23	19	31	39	10	22	36	23	15	19	33	39	24	39	46	48	40	41	26	44	28	34	33	27	39	39	50	10	13	21	35	11	28	11	14	47	33	20	27	38	22	25	22	11	29	15	23	50	49	41	13	17	39	43	18	35	25	27	24	27	50	29	50	31	24	41	49	44	39	22	37	41	26	33	34	15	17	12	31	42	14	33	10	48	17	12	14	42	14	13	28	20	12	45	29	11	24	17	29	45	44	13	23	21	50	33	26	41	35	26	10	36	32	14	24	36	47	20	11	39	31	33	44	21	43	46	45	15	42	25	47	47	43	11	33	34	26	39	28	11	31	13	49	33	33	30	27	12	30	33	28	46	47	21	36	43	27	16	44	22	41	32	30	15	18	42	38	28	41	16	38	46	34	29	46	36	23	39	33	30	22	46	33	36	18	15	27	45	18	26	26	15	46	24	30	19	24	43	36	24	18	33	45	38	35	30	31	35	16	46	23	39	17	16	45	40	50	22	45	29	20	39	11	46	20	18	22	33	33	37	25	46	30	16	38	17	30	12	43	11	26	48	27	11	39	40	13	30	32	28	17	36	49	21	37	33	17	18	17	14	11	14	34	24	31	43	15	37	10	24	31	27	27	10	44	50	21	24	27	37	21	49	35	30	44	11	13	31	44	46	24	15	12	28	13	29	37	15	47	47	12	21	32	23	31	20	11	23	16	24	24	11	20	32	35	40	44	13	27	10	41	42	22	19	41	19	32	35	29	33	41	18	50	50	36	30	44	25	18	34	30	37	35	36	45	43	27	16	29	25	49	12	12	46	50	46	48	10	48	40	44	23	27	24	24	35	23	11	39	40	46	14	37	19	27	21	17	18	11	44	15	45	38	48	14	12	24	38	29	38	18	15	32	31	12	36	12	14	41	47	39	21	18	26	49	17	10	20	11	23	15	42	47	45	32	18	19	30	46	15	38	20	36	16	30	21	49	12	37	25	38	28	32	15	29	28	31	28	34	32	21	37	39	12	24	23	10	36	41	22	25	42	18	42	27	41	11	33	13	29	31	41	35	16	16	19	45	24	48	27	45	29	21	43	39	45	26	27	22	31	43	19	49	25	46	21	21	20	39	22	25	12	40	11	39	35	29	30	47	45	21	41	33	34	26	21	26	14	33	43	46	27	50	34	16	20	22	35	47	18	28	35	42	49	37	22	40	33	44	22	40	23	15	36	29	35	48	34	50	39	20	46	41	12	16	16	46	47	42	25	23	15	42	45	35	15	37	48	16	32	34	33	46	37	26	18	29	37	21	30	16	11	22	34	27	42	13	28	48	16	20	13	19	32	13	33	11	37	11	27	48	45	14	19	13	19	37	25	24	39	39	15	38	35	32	43	10	14	39	10	10	20	28	44	15	20	37	13	41	23	47	24	11	12	28	27	22	23	19	22	42	13	18	37	30	17	13	49	22	10	34	16	44	10	32	12	27	32	28	23	23	35	45	27	49	46	18	13	28	48	10	47	41	22	29	41	15	21	19	38	42	26	34	45	33	39	36	27	17	48	50	36	14	24	10	41	46	46	30	24	12	16	43	24	43	16	29	43	39	19	16	26	35	27	32	28	32	14	22	21	42	19	35	33	26	34	38	24	23	25	37	25	13	49	39	32	12	47	39	49	43	43	25	43	24	19	32	27	47	32	36	25	41	39	38	37	16	14	11	31	11	14	45	13	21	37	45	46	11	15	34	47	14	31	44	20	46	31	48	17	26	40	50	11	12	47	23	35	14	35	34	50	15	35	43	26	23	43	44	11	39	42	17	44	43	38	21	37	10	45	34	43	39	21	39	10	25	35	45	35	18	30	30	46	48	19	19	38	18	48	39	16	42	41	44	12	26	14	36	10	27	34	33	13	36	36	16	27	21	24	36	42	17	20	13	25	35	46	46	37	36	42	45	26	11	20	39	13	36	20	29	25	12	27	31	31	46	18	27	35	15	35	50	12	41	36	47	34	47	40	38	38	26	38	36	29	24	25	32	30	28	29	45	48	38	16	50	37	35	37	13	15	19	42	12	23	47	50	46	19	32	31	28	38	25	26	15	49	30	35	12	11	43	40	18	27	11	44	15	35	23	44	11	30	31	34	26	10	15	42	24	29	29	50	42	25	23	19	47	33	19	50	50	42	50	17	42	25	10	21	30	42	42	41	43	38	40	23	15	42	34	45	45	37	18	19	40	23	50	39	15	19	19	33	30	39	26	39	42	22	26	17	17	12	16	20	43	26	44	10	25	11	43	39	33	22	39	10	50	20	14	35	22	22	30	15	46	17	31	29	39	43	47	37	42	26	39	11	15	49	41	39	47	36	31	37	32	49	38	13	13	31	43	20	24	39	48	27	32	47	15	28	49	24	20	40	18	38	35	17	23	24	43	17	36	34	46	20	34	33	14	41	26	44	27	25	36	27	13	33	32	10	47	47	26	31	27	37	50	24	27	39	31	37	15	18	47	10	27	27	35	44	38	34	19	15	46	31	47	31	38	21	20	45	13	27	42	44	14	11	19	20	21	38	43	46	30	45	12	10	45	23	49	14	17	14	30	50	26	19	45	17	46	14	11	49	46	31	13	44	13	23	23	25	38	15	43	15	35	46	36	24	25	29	49	33	31	12	50	14	18	43	13	23	18	34	17	37	41	50	33	21	21	23	34	43	26	31	44	22	19	13	33	34	20	44	49	47	19	41	43	27	21	11	13	46	35	21	45	16	49	13	45	20	26	34	33	41	32	10	42	34	21	31	17	19	37	31	22	21	30	40	15	22	34	27	33	10	34	47	34	13	29	25	11	48	19	17	50	14	29	40	28	15	39	16	11	34	24	29	14	43	33	42	28	28	44	31	33	12	24	35	32	44	18	36	29	21	29	14	34	43	23	36	39	34	44	24	20	46	11	44	39	37	45	27	15	19	41	45	39	31	24	23	19	33	39	16	21	16	21	45	39	18	44	36	24	35	43	44	17	42	28	24	38	32	37	49	13	33	23	10	43	50	33	34	25	42	47	29	50	49	50	43	22	11	39	23	13	36	24	47	48	28	32	41	48	42	16	48	45	35	12	28	42	48	41	31	48	11	42	33	41	27	40	37	46	26	40	49	37	13	28	16	13	18	12	17	10	25	44	14	44	13	45	40	16	50	35	13	44	11	43	24	47	45	20	50	42	30	44	15	10	44	34	13	40	34	39	32	20	18	37	10	22	23	39	27	12	42	15	43	28	16	18	49	43	10	13	14	17	27	40	42	46	43	40	27	29	17	20	10	34	36	35	17	17	21	15	11	44	31	50	12	12	15	18	31	41	20	24	40	25	47	16	10	18	27	26	41	16	36	44	31	41	26	48	16	20	13	13	23	13	14	48	31	12	21	11	43	48	29	44	29	48	24	13	34	30	32	49	26	26	26	50	35	47	44	11	20	36	37	20	35	36	47	49	32	31	23	25	23	36	35	11	42	40	35	19	43	39	16	39	12	22	15	27	25	16	36	18	19	29	49	35	28	14	36	40	46	12	36	42	35	27	45	13	20	17	47	23	38	35	25	35	23	27	50	14	43	12	10	35	35	23	23	47	33	35	37	11	13	40	16	35	11	19	22	32	18	42	46	13	21	14	23	26	30	46	13	32	19	31	21	10	16	21	37	46	22	38	38	34	28	49	43	50	30	33	46	24	33	37	49	30	34	40	41	50	22	43	26	15	25	23	16	46	50	38	17	19	17	20	13	23	41	10	48	19	15	35	42	18	39	18	10	21	38	44	10	16	23	41	12	49	42	34	33	27	44	47	32	47	49	46	33	10	31	11	20	47	38	37	46	46	15	39	19	16	34	24	20	35	45	13	50	25	32	28	46	16	20	21	47	28	17	46	29	32	21	26	47	48	49	23	16	23	26	31	39	21	24	11	49	23	45	46	22	47	46	28	20	50	50	48	36	20	16	26	31	29	33	35	45	13	18	29	47	19	10	33	19	50	50	42	38	42	29	31	18	31	46	39	15	37	24	17	28	24	36	42	13	41	48	45	27	43	50	36	14	34	31	35	45	18	42	17	27	49	36	23	34	39	22	34	16	48	46	34	38	16	17	24	13	23	38	18	32	33	45	10	38	37	39	42	43	46	21	23	11	42	37	27	26	28	37	27	19	49	15	13	13	17	13	28	37	39	44	20	16	34	23	13	41	46	45	26	17	40	11	32	39	10	47	25	40	37	21	24	21	11	44	18	41	17	14	28	41	35	36	13	26	46	16	43	30	40	41	35	48	23	41	28	25	15	23	22	43	14	48	46	19	14	23	14	46	12	42	18	22	19	46	22	19	15	37	39	35	48	29	41	49	10	44	47	15	22	18	41	31	21	16	17	28	25	24	13	34	42	37	31	36	13	37	41	40	23	27	17	37	29	18	25	37	13	49	21	17	13	24	37	50	24	29	33	45	13	19	39	34	38	21	32	30	13	49	13	14	16	15	22	16	21	13	26	39	30	30	14	26	35	44	24	17	12	27	26	25	18	38	47	20	46	16	33	20	18	13	32	20	26	15	35	29	35	34	25	22	49	48	31	41	18	35	25	19	47	31	42	17	38	14	19	21	24	44	40	33	41	34	22	15	49	18	13	30	39	32	35	31	29	13	44	26	10	12	13	12	13	24	22	17	12	18	11	11	25	45	36	44	46	18	39	12	35	44	27	26	21	27	22	24	40	27	28	27	41	46	24	42	13	36	12	40	29	22	26	37	16	42	15	50	24	20	13	41	13	25	25	24	19	34	49	46	30	23	28	43	50	26	42	35	45	30	26	33	28	25	29	37	25	14	10	48	44	30	42	26	12	33	46	10	47	50	30	23	28	30	26	37	44	26	39	19	16	45	28	11	48	31	11	35	42	34	18	44	23	20	47	24	32	50	38	33	37	39	19	23	43	31	27	17	11	17	20	50	38	14	50	44	29	30	50	28	24	33	19	44	24	21	12	12	19	46	23	24	12	24	50	21	45	47	35	11	24	29	40	10	27	40	38	14	17	44	38	13	34	33	19	45	11	47	13	47	46	12	14	13	42	43	27	47	41	49	43	24	30	45	40	12	13	22	24	11	43	45	37	37	27	15	33	12	39	45	43	12	27	12	27	48	42	29	22	41	19	38	46	32	18	36	16	20	26	32	13	31	46	32	12	15	43	10	41	15	40	38	14	27	35	34	24	10	44	43	42	25	43	16	17	21	36	32	32	39	23	50	11	48	33	18	50	26	21	40	31	38	36	48	32	49	16	42	21	20	36	17	50	21	37	16	11	31	14	16	11	27	34	50	39	41	25	25	10	12	10	36	45	26	17	15	21	50	11	27	31	35	15	33	27	10	31	17	42	44	41	50	49	30	39	12	30	34	20	24	30	34	20	20	27	27	11	34	34	19	39	50	26	27	13	20	21	46	45	11	41	47	24	23	37	45	13	49	21	15	49	25	31	25	18	23	10	38	26	14	46	44	27	11	22	35	17	43	45	46	47	41	24	39	25	18	39	45	50	19	44	30	17	22	19	23	34	26	40	24	34	25	28	50	26	14	13	16	27	49	30	23	16	26	27	33	50	38	42	11	25	16	13	46	46	46	26	25	17	42	41	32	40	31	28	32	13	50	33	15	22	44	33	40	32	18	41	19	49	40	37	48	50	32	33	18	43	46	48	46	45	20	34	50	35	22	17	38	48	48	44	30	40	25	17	37	33	41	30	11	10	39	38	30	41	47	27	34	38	35	18	33	17	23	25	20	47	29	20	24	40	31	21	27	40	15	46	45	37	33	39	37	36	47	41	26	28	42	50	50	20	44	39	42	13	32	38	44	25	15	31	38	17	22	50	10	10	28	33	27	14	27	11	32	20	21	28	12	50	30	34	22	37	45	26	20	23	19	26	15	50	21	33	43	20	50	21	18	11	43	12	23	35	35	32	32	15	17	45	34	37	50	34	47	19	19	43	23	43	24	45	10	27	17	41	37	45	15	41	49	11	11	19	46	33	46	34	36	19	24	32	38	46	26	23	39	24	38	22	48	22	19	46	36	29	26	49	17	33	44	31	34	30	25	26	13	13	34	31	17	30	13	37	32	16	38	47	47	12	42	19	10	40	17	14	17	11	38	50	30	21	23	39	45	33	35	17	33	31	28	37	44	28	49	32	30	18	49	29	17	41	44	28	38	28	17	23	23	36	25	47	42	41	36	45	13	34	14	37	50	26	43	15	43	10	30	31	11	50	17	43	46	50	33	32	47	41	32	29	28	30	18	47	48	39	24	15	50	38	41	17	41	28	26	22	18	17	27	48	39	19	36	10	49	37	33	45	11	19	34	12	20	12	30	30	46	15	19	44	49	36	40	46	32	34	42	39	50	28	23	38	22	37	48	18	32	32	15	40	41	34	31	28	23	22	43	44	10	38	41	22	37	48	31	23	50	35	20	21	21	41	30	33	47	20	33	40	23	24	10	23	29	32	19	42	16	50	45	19	20	17	31	47	30	39	15	35	21	19	34	32	50	13	28	38	38	39	13	17	48	44	40	47	45	21	36	25	14	42	18	11	30	30	11	40	35	41	44	13	22	25	22	45	22	38	18	17	32	42	18	27	12	47	45	45	22	22	14	33	15	39	16	35	47	27	36	17	29	42	50	14	28	41	49	23	14	50	44	34	37	18	22	11	35	23	47	31	30	25	16	31	14	28	29	12	36	27	12	40	37	30	24	10	28	17	13	14	43	29	13	21	40	15	14	15	50	11	27	10	43	35	32	40	27	40	38	40	26	48	12	34	48	37	36	46	26	23	17	49	14	45	22	15	23	45	48	21	13	41	48	47	49	24	34	25	10	24	25	49	33	50	41	44	34	28	10	15	30	25	35	42	14	48	19	48	17	33	32	34	44	11	50	22	22	40	12	42	42	26	10	14	20	10	46	10	25	14	25	
20
90
