3465
100
0	0	0	0	0	192	0	0	0	48	0	192	0	0	0	0	0	0	0	0	0	0	0	0	0	0	0	0	0	0	0	0	0	0	0	0	0	0	0	0	0	0	0	0	0	0	0	0	0	0	0	0	0	0	0	0	0	0	0	0	0	0	0	0	0	0	0	0	0	0	0	0	0	0	0	0	0	0	0	0	0	0	0	0	0	192	0	0	0	0	0	0	0	0	0	0	0	0	0	0	
0	0	0	0	0	0	0	0	0	0	0	0	0	0	0	0	0	0	0	0	0	0	0	0	0	0	0	0	0	0	0	500	0	0	0	0	0	0	0	0	0	0	0	0	0	0	0	0	0	0	0	0	0	0	0	0	0	0	0	0	0	0	0	0	0	0	0	0	0	0	0	0	0	0	0	0	0	0	0	0	0	0	0	0	0	0	0	0	0	0	0	500	500	0	0	0	0	0	0	0	
0	0	0	0	0	0	0	0	0	0	0	0	0	0	0	0	0	0	0	0	0	500	0	0	0	0	0	0	0	0	0	0	0	0	0	0	0	0	0	0	0	0	0	0	0	0	0	0	0	0	0	0	0	0	0	0	0	0	0	0	0	0	0	0	0	0	0	0	0	0	0	0	0	0	0	0	48	0	0	0	0	0	0	0	0	0	0	0	0	0	0	0	0	0	0	0	0	0	0	0	
0	0	0	0	0	0	0	0	0	0	0	0	0	0	0	0	0	0	0	0	0	0	0	0	0	0	0	0	0	0	0	0	0	0	0	0	0	0	0	0	0	0	0	0	0	0	0	0	0	0	0	0	0	0	0	0	0	0	0	0	0	0	0	0	0	0	0	0	0	0	0	0	0	0	0	48	0	0	0	0	48	0	0	0	0	0	0	0	0	0	0	0	0	0	0	0	0	0	0	0	
0	0	0	0	0	0	0	0	0	0	0	0	0	0	0	0	0	0	0	0	0	0	0	0	0	0	0	0	0	192	0	0	0	0	0	0	0	0	0	0	0	0	0	0	0	0	0	0	0	0	0	0	0	0	0	0	0	0	0	0	0	0	0	0	96	0	0	0	0	0	0	500	0	0	0	0	0	0	0	0	0	0	0	0	0	0	0	0	0	0	0	0	0	0	0	0	0	0	0	0	
192	0	0	0	0	0	0	0	0	0	0	0	0	0	0	0	0	0	0	0	0	0	0	0	0	0	0	0	192	0	0	0	0	0	0	0	0	0	0	0	0	0	0	0	0	0	0	0	0	0	0	0	0	0	0	0	0	0	0	0	0	0	0	0	0	0	0	0	0	0	0	0	0	0	0	0	0	0	0	0	0	0	0	0	0	0	0	0	0	0	0	0	0	0	0	0	500	0	0	0	
0	0	0	0	0	0	0	0	0	0	0	0	0	0	0	0	0	0	0	0	0	0	0	0	0	0	0	0	0	0	0	0	0	0	0	0	0	0	0	0	0	0	0	0	0	0	0	0	0	0	0	0	0	96	0	0	0	0	0	0	0	0	0	0	0	0	0	0	0	500	0	0	0	0	0	0	0	0	0	0	0	0	0	0	0	0	0	96	0	0	0	0	0	0	0	0	0	0	0	0	
0	0	0	0	0	0	0	0	0	0	0	0	0	0	0	0	0	0	0	0	0	0	0	0	0	0	0	48	0	0	96	0	0	0	0	0	0	0	0	0	0	0	0	0	0	0	0	0	0	0	0	0	0	0	0	0	0	0	0	0	0	0	0	0	0	0	0	0	0	0	0	0	0	0	0	0	0	0	0	0	0	0	0	0	0	0	0	0	0	0	0	0	0	0	0	0	0	0	96	0	
0	0	0	0	0	0	0	0	0	0	0	0	0	0	0	0	0	0	0	0	0	0	0	0	0	0	0	0	0	0	0	0	0	0	0	0	0	96	0	0	0	0	0	0	0	0	0	0	0	0	0	0	0	0	0	500	0	0	0	0	0	0	0	0	0	0	0	0	0	0	0	0	0	0	0	0	0	0	0	0	0	0	0	0	0	0	0	0	0	0	0	0	0	0	0	0	0	0	0	0	
48	0	0	0	0	0	0	0	0	0	500	0	0	0	0	0	0	0	0	0	0	0	0	0	0	0	0	0	0	0	0	0	0	0	0	0	0	0	0	0	0	0	0	0	0	0	0	0	0	0	0	0	0	0	0	0	0	0	0	0	0	0	0	0	0	0	0	0	0	0	0	0	0	0	0	0	0	0	0	0	0	0	192	0	0	0	0	0	0	0	0	0	0	0	0	0	0	0	0	0	
0	0	0	0	0	0	0	0	0	500	0	0	0	0	0	0	0	0	0	0	0	0	0	0	0	0	0	0	0	0	0	0	0	0	0	0	0	0	0	0	0	0	0	0	0	0	0	0	0	0	0	0	0	0	0	0	0	0	0	0	0	0	0	0	0	0	0	0	0	0	0	0	0	0	0	0	0	0	0	0	0	0	500	0	0	0	0	0	0	0	0	0	0	0	0	0	0	0	0	0	
192	0	0	0	0	0	0	0	0	0	0	0	0	0	0	0	0	0	0	0	0	0	0	0	0	0	0	0	0	0	0	0	0	0	0	0	0	0	0	0	0	0	0	0	0	0	0	0	0	96	0	0	0	0	0	0	0	0	0	0	0	0	0	0	0	0	0	0	0	0	0	0	0	500	0	0	0	0	0	0	0	0	0	0	0	0	0	0	0	0	0	0	0	0	0	0	0	0	0	0	
0	0	0	0	0	0	0	0	0	0	0	0	0	0	0	0	0	0	0	0	0	0	0	0	0	0	0	0	0	0	0	0	0	0	0	0	0	0	0	0	0	0	0	0	0	0	0	0	0	0	0	0	0	0	0	0	0	0	0	0	0	0	0	0	0	0	0	0	0	0	0	96	0	0	0	0	0	192	0	0	0	0	0	0	0	0	0	0	0	0	0	0	0	0	0	0	0	0	0	0	
0	0	0	0	0	0	0	0	0	0	0	0	0	0	0	0	0	0	0	0	0	0	0	0	0	0	0	0	0	0	0	0	0	0	0	0	0	0	0	0	192	0	0	0	0	48	0	0	0	0	0	0	0	0	0	0	0	0	0	0	0	0	0	0	0	0	0	0	0	0	0	0	0	0	0	0	0	0	0	0	0	0	0	0	0	0	0	0	0	0	0	0	0	0	0	0	0	0	0	0	
0	0	0	0	0	0	0	0	0	0	0	0	0	0	0	0	48	0	0	0	0	0	0	0	0	0	0	0	0	0	0	0	0	0	0	0	0	0	0	0	0	0	0	0	0	0	500	0	0	0	0	0	96	0	0	0	0	0	0	0	0	0	0	0	0	0	96	0	0	0	0	0	0	0	0	0	0	0	0	0	0	0	0	0	0	0	0	0	0	0	0	0	0	0	0	0	0	0	0	0	
0	0	0	0	0	0	0	0	0	0	0	0	0	0	0	0	0	0	0	0	0	0	0	500	0	0	0	0	0	0	0	0	0	0	0	0	96	0	0	0	0	0	0	0	0	0	0	0	0	0	0	0	0	0	0	0	0	0	0	0	0	0	0	0	0	0	0	0	0	0	0	0	0	0	0	0	0	0	0	0	0	0	0	0	0	0	0	0	0	0	0	0	0	0	0	0	0	0	0	0	
0	0	0	0	0	0	0	0	0	0	0	0	0	0	48	0	0	0	0	0	0	0	0	0	0	0	0	0	0	0	0	0	0	0	0	0	0	0	0	0	0	0	0	0	0	0	48	0	0	0	0	0	0	0	0	0	0	0	0	0	0	0	0	0	0	0	0	0	0	0	0	0	0	0	0	0	0	0	0	0	0	0	0	0	0	0	0	0	0	0	0	0	0	0	0	0	0	0	0	0	
0	0	0	0	0	0	0	0	0	0	0	0	0	0	0	0	0	0	0	0	0	0	0	0	0	0	0	0	0	0	0	0	0	0	0	0	0	0	0	0	0	0	0	0	0	0	0	0	0	0	0	0	0	0	0	0	0	0	0	0	0	0	0	0	0	0	0	0	0	0	0	0	0	0	0	0	0	0	0	0	0	0	0	0	0	0	0	0	96	0	0	0	0	0	48	0	0	0	0	0	
0	0	0	0	0	0	0	0	0	0	0	0	0	0	0	0	0	0	0	0	0	0	0	0	0	0	0	0	0	0	0	0	0	0	0	0	0	0	0	192	0	0	0	0	0	0	0	0	0	0	0	0	0	0	0	0	0	0	0	0	0	0	0	0	0	0	0	0	0	0	0	0	0	96	0	0	0	0	0	0	0	0	0	0	0	500	0	0	0	0	0	0	0	0	0	0	0	48	0	0	
0	0	0	0	0	0	0	0	0	0	0	0	0	0	0	0	0	0	0	0	0	0	0	0	0	0	0	0	0	0	0	0	0	0	0	0	0	0	0	0	0	0	0	0	0	0	0	0	0	0	500	0	0	0	0	0	0	0	0	0	0	0	0	0	0	0	0	0	0	0	500	0	0	0	0	0	0	0	192	0	0	0	0	0	0	0	0	0	0	96	0	0	0	0	0	0	0	0	0	0	
0	0	0	0	0	0	0	0	0	0	0	0	0	0	0	0	0	0	0	0	0	0	0	0	0	0	0	0	0	0	0	0	0	0	0	0	0	0	0	0	0	0	0	0	0	0	0	0	0	0	0	0	0	0	0	48	48	0	0	0	0	192	0	0	0	0	0	0	0	0	0	0	0	0	0	0	0	0	0	0	48	0	0	0	0	0	0	0	0	0	0	0	0	0	0	0	0	0	0	0	
0	0	500	0	0	0	0	0	0	0	0	0	0	0	0	0	0	0	0	0	0	0	0	0	0	0	0	0	0	0	0	0	500	0	0	0	0	0	0	0	0	0	0	0	0	0	0	0	0	0	0	0	0	0	0	0	0	0	0	0	0	0	0	0	0	0	0	0	0	0	0	0	0	0	0	0	0	0	0	0	0	0	0	0	0	0	0	0	0	0	0	0	0	0	0	0	0	0	0	0	
0	0	0	0	0	0	0	0	0	0	0	0	0	0	0	0	0	0	0	0	0	0	0	0	0	0	0	0	0	0	0	0	0	0	0	0	0	0	192	0	0	0	0	0	0	0	0	0	0	0	0	0	0	0	0	0	0	0	0	0	0	0	0	0	0	0	0	0	0	192	0	0	0	0	0	0	0	0	0	0	0	0	0	0	0	0	0	0	0	0	0	0	0	0	0	0	0	0	0	0	
0	0	0	0	0	0	0	0	0	0	0	0	0	0	0	500	0	0	0	0	0	0	0	0	0	0	0	0	0	0	0	0	0	0	0	0	48	0	0	0	0	0	0	0	0	0	0	0	0	0	0	0	0	0	0	0	0	0	0	0	0	0	0	0	0	0	96	0	0	0	0	0	0	0	0	0	0	0	0	0	0	0	0	0	0	0	0	0	0	0	0	0	0	0	0	0	0	0	0	0	
0	0	0	0	0	0	0	0	0	0	0	0	0	0	0	0	0	0	0	0	0	0	0	0	0	0	0	0	0	0	0	0	0	0	0	0	0	0	0	0	0	0	0	0	0	0	0	0	0	48	0	0	0	0	0	0	0	0	0	0	0	0	0	0	0	0	0	0	0	0	0	0	0	0	0	0	0	0	0	0	0	0	0	0	0	0	0	0	0	0	0	0	0	0	0	0	0	500	0	0	
0	0	0	0	0	0	0	0	0	0	0	0	0	0	0	0	0	0	0	0	0	0	0	0	0	0	0	0	0	0	0	48	0	0	0	0	0	0	0	0	0	0	0	0	0	0	0	0	0	0	0	0	0	0	0	0	0	0	0	0	0	0	0	0	0	0	0	0	0	0	0	0	0	0	0	0	0	0	0	0	0	0	0	0	0	0	0	0	0	0	0	192	0	0	0	0	0	0	0	0	
0	0	0	0	0	0	0	0	0	0	0	0	0	0	0	0	0	0	0	0	0	0	0	0	0	0	0	0	0	0	0	0	0	0	192	0	0	0	0	0	0	0	0	0	0	0	0	0	0	0	0	0	0	0	0	0	0	96	0	0	0	0	0	0	0	0	0	0	0	0	0	0	0	0	0	0	0	0	0	0	0	0	0	0	192	0	0	0	0	0	0	0	0	0	0	0	0	0	0	0	
0	0	0	0	0	0	0	48	0	0	0	0	0	0	0	0	0	0	0	0	0	0	0	0	0	0	0	0	0	0	0	0	0	0	0	0	0	0	0	0	0	0	0	0	0	0	0	0	0	0	0	0	0	0	0	0	0	0	0	0	0	0	0	0	0	0	0	0	0	0	0	0	0	0	0	0	0	0	0	0	0	0	0	0	0	0	0	0	0	0	0	0	0	0	0	0	0	0	48	0	
0	0	0	0	0	192	0	0	0	0	0	0	0	0	0	0	0	0	0	0	0	0	0	0	0	0	0	0	0	0	0	0	0	0	0	0	0	0	0	0	0	0	0	0	0	0	0	0	0	0	0	48	0	0	0	0	0	0	0	0	0	0	0	0	0	0	0	0	0	0	0	0	0	0	0	0	0	0	0	0	0	0	0	0	0	0	0	0	96	0	0	0	0	0	192	0	192	0	0	0	
0	0	0	0	192	0	0	0	0	0	0	0	0	0	0	0	0	0	0	0	0	0	0	0	0	0	0	0	0	0	0	0	0	0	0	0	0	0	0	0	0	0	0	0	0	0	0	0	0	0	0	0	0	0	0	0	0	0	0	0	0	0	0	0	96	0	0	0	0	0	0	0	0	0	0	0	0	0	0	0	0	0	0	0	0	0	0	0	0	0	0	0	0	0	0	0	0	0	0	0	
0	0	0	0	0	0	0	96	0	0	0	0	0	0	0	0	0	0	0	0	0	0	0	0	0	0	0	0	0	0	0	0	0	0	0	0	0	0	0	0	0	0	0	0	0	0	0	0	0	0	0	0	0	0	0	0	0	0	0	0	0	0	0	0	0	0	0	0	0	0	0	0	0	0	0	0	0	0	0	0	0	0	0	0	0	0	0	0	0	0	0	0	0	0	0	0	0	0	48	0	
0	500	0	0	0	0	0	0	0	0	0	0	0	0	0	0	0	0	0	0	0	0	0	0	0	48	0	0	0	0	0	0	0	0	0	0	0	0	0	0	0	0	0	0	0	0	0	0	0	0	0	0	0	0	0	0	0	0	0	0	0	0	0	0	0	0	0	0	0	0	0	0	0	0	0	0	0	0	0	0	0	0	0	0	0	0	0	0	0	0	0	0	0	0	0	0	0	0	0	0	
0	0	0	0	0	0	0	0	0	0	0	0	0	0	0	0	0	0	0	0	0	500	0	0	0	0	0	0	0	0	0	0	0	0	0	0	0	0	0	0	0	0	0	0	0	0	0	0	0	0	0	0	0	0	0	0	0	0	0	0	0	0	0	0	0	0	0	0	0	0	0	0	0	0	0	0	48	0	0	0	0	0	0	96	0	0	0	0	0	0	0	0	96	0	0	0	0	0	0	0	
0	0	0	0	0	0	0	0	0	0	0	0	0	0	0	0	0	0	0	0	0	0	0	0	0	0	0	0	0	0	0	0	0	0	0	0	0	0	0	0	0	0	0	0	0	0	0	0	0	0	0	0	0	48	0	0	0	0	0	0	0	0	0	0	0	0	0	0	0	0	0	0	0	0	0	500	0	0	0	0	0	0	0	0	0	0	0	0	0	0	0	0	0	0	0	0	0	0	0	0	
0	0	0	0	0	0	0	0	0	0	0	0	0	0	0	0	0	0	0	0	0	0	0	0	0	0	192	0	0	0	0	0	0	0	0	0	0	0	0	0	0	0	0	0	0	0	0	0	0	0	0	0	0	0	0	0	0	500	0	0	0	0	0	0	0	0	0	0	0	0	0	0	0	0	0	0	0	0	0	0	0	0	0	0	0	0	0	0	0	0	0	0	0	0	0	0	0	0	0	0	
0	0	0	0	0	0	0	0	0	0	0	0	0	0	0	0	0	0	0	0	0	0	0	0	0	0	0	0	0	0	0	0	0	0	0	0	0	0	0	0	0	0	0	0	0	0	0	0	96	0	0	0	0	0	0	0	0	0	0	96	0	0	0	0	0	0	0	96	0	0	0	0	0	0	0	0	0	0	0	0	0	0	0	0	0	0	0	0	0	0	0	0	0	0	0	0	0	0	0	0	
0	0	0	0	0	0	0	0	0	0	0	0	0	0	0	96	0	0	0	0	0	0	0	48	0	0	0	0	0	0	0	0	0	0	0	0	0	0	0	0	0	0	0	0	0	0	0	0	0	0	0	0	0	0	0	0	0	0	0	0	0	0	0	0	0	0	0	0	0	0	0	0	0	0	0	0	0	0	0	0	0	0	0	0	0	0	0	0	0	0	0	0	0	0	0	0	0	0	0	0	
0	0	0	0	0	0	0	0	96	0	0	0	0	0	0	0	0	0	0	0	0	0	0	0	0	0	0	0	0	0	0	0	0	0	0	0	0	0	0	0	0	0	0	0	0	0	0	0	0	0	0	0	0	0	0	500	0	0	0	0	0	0	0	0	0	0	0	0	0	0	0	0	0	0	0	0	0	0	0	0	0	0	0	0	0	0	0	0	0	0	0	0	0	0	0	0	0	0	0	0	
0	0	0	0	0	0	0	0	0	0	0	0	0	0	0	0	0	0	0	0	0	0	192	0	0	0	0	0	0	0	0	0	0	0	0	0	0	0	0	0	0	0	0	0	0	0	0	0	0	0	0	0	0	0	0	0	0	0	0	0	0	0	0	0	0	192	0	0	0	0	0	0	0	0	0	0	0	0	0	0	0	0	0	0	0	0	0	0	0	0	0	0	0	0	0	0	0	0	0	0	
0	0	0	0	0	0	0	0	0	0	0	0	0	0	0	0	0	0	192	0	0	0	0	0	0	0	0	0	0	0	0	0	0	0	0	0	0	0	0	0	0	0	0	0	0	0	0	0	48	0	0	0	0	0	0	0	0	0	0	0	0	0	0	0	0	0	0	192	0	0	0	0	0	0	0	0	0	0	0	0	0	96	0	0	0	48	0	0	0	0	0	0	0	0	0	0	0	0	0	0	
0	0	0	0	0	0	0	0	0	0	0	0	0	192	0	0	0	0	0	0	0	0	0	0	0	0	0	0	0	0	0	0	0	0	0	0	0	0	0	0	0	0	0	0	0	48	0	0	0	0	0	0	0	0	0	0	0	0	0	0	0	0	0	0	0	48	0	0	0	0	0	0	0	0	0	0	0	0	0	0	0	0	0	0	0	0	0	0	0	0	0	0	0	0	0	0	0	0	0	0	
0	0	0	0	0	0	0	0	0	0	0	0	0	0	0	0	0	0	0	0	0	0	0	0	0	0	0	0	0	0	0	0	0	0	0	0	0	0	0	0	0	0	192	0	0	0	0	0	0	0	0	0	0	0	0	0	0	0	0	0	500	0	0	0	0	0	0	0	0	0	0	0	0	0	0	0	0	0	0	0	0	0	0	0	0	0	192	0	0	0	0	0	0	0	0	0	0	0	0	0	
0	0	0	0	0	0	0	0	0	0	0	0	0	0	0	0	0	0	0	0	0	0	0	0	0	0	0	0	0	0	0	0	0	0	0	0	0	0	0	0	0	192	0	0	48	0	0	0	0	0	0	0	0	0	0	0	0	0	0	0	48	0	0	0	0	0	0	0	0	0	0	0	0	0	500	0	0	0	0	0	0	0	0	0	0	0	500	0	0	0	0	0	0	0	0	0	0	0	0	0	
0	0	0	0	0	0	0	0	0	0	0	0	0	0	0	0	0	0	0	0	0	0	0	0	0	0	0	0	0	0	0	0	0	0	0	0	0	0	0	0	0	0	0	0	0	0	0	0	0	0	0	0	0	0	0	0	0	0	0	0	0	0	0	500	96	0	0	0	0	0	0	0	0	0	0	0	0	0	0	0	0	0	0	0	0	0	0	0	0	0	0	0	0	0	0	0	0	0	0	0	
0	0	0	0	0	0	0	0	0	0	0	0	0	0	0	0	0	0	0	0	0	0	0	0	0	0	0	0	0	0	0	0	0	0	0	0	0	0	0	0	0	0	48	0	0	0	0	0	0	0	0	0	0	0	0	0	0	0	0	0	0	0	0	0	0	0	0	0	0	0	0	0	0	0	0	0	0	0	0	0	0	0	0	0	0	0	96	0	0	0	0	0	0	0	0	0	0	0	0	0	
0	0	0	0	0	0	0	0	0	0	0	0	0	48	0	0	0	0	0	0	0	0	0	0	0	0	0	0	0	0	0	0	0	0	0	0	0	0	0	0	48	0	0	0	0	0	0	0	0	0	0	0	0	0	0	0	0	0	0	0	0	0	0	0	0	192	0	0	0	0	0	0	0	0	0	0	0	0	0	48	0	0	0	0	0	0	0	0	0	0	0	0	0	0	0	0	0	0	0	0	
0	0	0	0	0	0	0	0	0	0	0	0	0	0	500	0	48	0	0	0	0	0	0	0	0	0	0	0	0	0	0	0	0	0	0	0	0	0	0	0	0	0	0	0	0	0	0	0	0	0	0	0	0	0	0	0	0	0	0	0	0	0	0	0	0	0	0	0	0	0	0	0	0	0	0	0	0	0	0	0	0	0	0	0	0	0	0	0	0	0	0	0	0	0	0	0	0	0	0	0	
0	0	0	0	0	0	0	0	0	0	0	0	0	0	0	0	0	0	0	0	0	0	0	0	0	0	0	0	0	0	0	0	0	0	0	0	0	0	0	0	0	0	0	0	0	0	0	0	0	0	0	0	0	0	0	0	48	0	0	0	0	0	0	0	0	0	0	0	0	0	0	0	0	0	0	0	0	0	0	0	0	0	0	0	0	0	0	0	0	0	192	0	0	500	0	96	0	0	0	0	
0	0	0	0	0	0	0	0	0	0	0	0	0	0	0	0	0	0	0	0	0	0	0	0	0	0	0	0	0	0	0	0	0	0	0	96	0	0	0	48	0	0	0	0	0	0	0	0	0	0	0	0	0	0	0	0	0	0	0	96	0	0	0	0	0	0	0	0	0	0	0	0	0	0	0	0	0	0	0	0	0	0	0	0	0	0	0	0	0	0	0	0	0	0	0	0	0	0	0	0	
0	0	0	0	0	0	0	0	0	0	0	96	0	0	0	0	0	0	0	0	0	0	0	0	48	0	0	0	0	0	0	0	0	0	0	0	0	0	0	0	0	0	0	0	0	0	0	0	0	0	0	0	0	0	0	0	0	0	0	0	0	0	0	0	0	0	0	0	0	0	0	0	0	0	0	0	0	0	0	0	0	0	0	0	0	0	0	0	0	0	0	0	0	0	0	0	0	0	0	0	
0	0	0	0	0	0	0	0	0	0	0	0	0	0	0	0	0	0	0	500	0	0	0	0	0	0	0	0	0	0	0	0	0	0	0	0	0	0	0	0	0	0	0	0	0	0	0	0	0	0	0	0	0	0	0	0	0	0	0	0	0	0	0	0	0	0	0	0	0	0	500	0	0	0	0	0	0	0	192	0	0	0	0	0	0	0	0	0	0	0	0	0	0	0	0	0	0	0	0	0	
0	0	0	0	0	0	0	0	0	0	0	0	0	0	0	0	0	0	0	0	0	0	0	0	0	0	0	0	48	0	0	0	0	0	0	0	0	0	0	0	0	0	0	0	0	0	0	0	0	0	0	0	0	0	0	0	0	0	0	0	0	0	0	0	0	0	0	0	0	0	0	0	0	0	0	0	0	0	0	0	0	0	0	0	0	0	0	0	0	0	0	0	0	0	0	0	500	0	0	0	
0	0	0	0	0	0	0	0	0	0	0	0	0	0	96	0	0	0	0	0	0	0	0	0	0	0	0	0	0	0	0	0	0	0	0	0	0	0	0	0	0	0	0	0	0	0	0	0	0	0	0	0	0	0	0	0	0	0	0	0	0	0	0	500	0	0	0	0	0	0	0	0	0	0	0	0	0	0	0	0	0	0	0	0	0	0	0	0	0	0	0	0	0	0	0	0	0	0	0	0	
0	0	0	0	0	0	96	0	0	0	0	0	0	0	0	0	0	0	0	0	0	0	0	0	0	0	0	0	0	0	0	0	0	48	0	0	0	0	0	0	0	0	0	0	0	0	0	0	0	0	0	0	0	0	0	0	0	0	0	0	0	0	0	0	0	0	0	0	0	0	0	0	0	0	0	0	0	0	0	0	0	0	0	0	0	0	0	0	0	0	0	0	0	0	0	0	0	0	0	0	
0	0	0	0	0	0	0	0	0	0	0	0	0	0	0	0	0	0	0	0	0	0	0	0	0	0	0	0	0	0	0	0	0	0	0	0	0	0	0	0	0	0	0	0	0	0	0	0	0	0	0	0	0	0	0	0	0	0	192	0	0	0	48	0	0	0	0	0	500	0	0	0	0	0	0	0	0	0	96	0	0	0	0	0	0	0	0	0	0	0	0	0	0	0	0	0	0	0	0	96	
0	0	0	0	0	0	0	0	500	0	0	0	0	0	0	0	0	0	0	0	48	0	0	0	0	0	0	0	0	0	0	0	0	0	0	0	0	500	0	0	0	0	0	0	0	0	0	0	0	0	0	0	0	0	0	0	0	0	0	0	0	0	0	0	0	0	0	0	0	0	0	0	0	0	0	0	0	0	0	0	0	0	0	0	0	0	0	0	0	0	0	0	0	0	0	0	0	0	0	0	
0	0	0	0	0	0	0	0	0	0	0	0	0	0	0	0	0	0	0	0	48	0	0	0	0	0	0	0	0	0	0	0	0	0	0	0	0	0	0	0	0	0	0	0	0	0	0	48	0	0	0	0	0	0	0	0	0	0	0	0	0	0	0	0	0	0	0	0	0	0	0	0	0	0	0	0	0	0	0	0	0	0	0	0	0	0	0	0	0	0	0	0	0	0	0	0	0	0	0	0	
0	0	0	0	0	0	0	0	0	0	0	0	0	0	0	0	0	0	0	0	0	0	0	0	0	0	96	0	0	0	0	0	0	0	500	0	0	0	0	0	0	0	0	0	0	0	0	0	0	0	0	0	0	0	0	0	0	0	0	0	0	96	0	0	0	0	0	0	0	0	0	0	0	0	0	0	0	0	0	0	500	0	0	0	500	0	0	0	0	0	0	0	0	0	0	0	0	0	0	0	
0	0	0	0	0	0	0	0	0	0	0	0	0	0	0	0	0	0	0	0	0	0	0	0	0	0	0	0	0	0	0	0	0	0	0	0	0	0	0	0	0	0	0	0	0	0	0	0	0	0	0	0	0	0	192	0	0	0	0	0	0	0	500	0	0	0	0	0	96	0	0	0	0	0	0	0	0	0	0	0	0	0	0	0	0	0	48	0	0	0	0	0	0	0	0	0	0	0	0	500	
0	0	0	0	0	0	0	0	0	0	0	0	0	0	0	0	0	0	0	0	0	0	0	0	0	0	0	0	0	0	0	0	0	0	0	96	0	0	0	0	0	0	0	0	0	0	0	0	96	0	0	0	0	0	0	0	0	0	0	0	0	0	0	0	0	0	0	96	0	0	0	0	0	0	0	0	0	0	0	0	0	0	0	0	0	0	0	0	0	0	0	0	0	0	0	0	0	0	0	0	
0	0	0	0	0	0	0	0	0	0	0	0	0	0	0	0	0	0	0	0	0	0	0	0	0	0	0	0	0	0	0	0	0	0	0	0	0	0	0	0	0	500	48	0	0	0	0	0	0	0	0	0	0	0	0	0	0	0	0	0	0	0	0	0	0	0	0	0	0	0	0	0	0	0	0	0	0	0	0	0	0	0	0	0	0	0	0	0	0	0	0	0	0	0	0	0	0	0	0	0	
0	0	0	0	0	0	0	0	0	0	0	0	0	0	0	0	0	0	0	0	192	0	0	0	0	0	0	0	0	0	0	0	0	0	0	0	0	0	0	0	0	0	0	0	0	0	0	0	0	0	0	0	0	0	0	0	0	96	0	0	0	0	0	0	0	0	0	0	0	0	0	0	0	0	0	0	0	0	0	0	96	0	0	0	0	0	0	0	0	0	0	0	0	0	0	0	0	0	0	0	
0	0	0	0	0	0	0	0	0	0	0	0	0	0	0	0	0	0	0	0	0	0	0	0	0	0	0	0	0	0	0	0	0	0	0	0	0	0	0	0	0	0	0	0	0	0	0	0	0	0	0	0	0	0	48	0	0	0	500	0	0	0	0	0	0	0	0	96	0	0	0	0	0	0	0	0	0	0	0	0	0	0	0	0	0	0	0	0	0	0	0	0	0	0	0	0	0	0	0	0	
0	0	0	0	0	0	0	0	0	0	0	0	0	0	0	0	0	0	0	0	0	0	0	0	0	0	0	0	0	0	0	0	0	0	0	0	0	0	0	0	0	0	0	500	0	0	0	0	0	0	0	0	500	0	0	0	0	0	0	0	0	0	0	0	0	0	0	0	0	0	0	0	0	0	0	0	0	0	0	96	0	0	0	0	0	0	0	0	0	0	0	0	0	0	0	0	0	0	0	0	
0	0	0	0	96	0	0	0	0	0	0	0	0	0	0	0	0	0	0	0	0	0	0	0	0	0	0	0	0	96	0	0	0	0	0	0	0	0	0	0	0	0	0	96	0	0	0	0	0	0	0	0	0	0	0	0	0	0	0	0	0	0	0	0	0	0	0	0	0	0	0	0	0	0	0	0	0	0	0	0	0	0	0	0	0	0	0	0	0	0	0	0	0	0	0	0	0	0	0	0	
0	0	0	0	0	0	0	0	0	0	0	0	0	0	0	0	0	0	0	0	0	0	0	0	0	0	0	0	0	0	0	0	0	0	0	0	0	0	192	0	48	0	0	0	0	192	0	0	0	0	0	0	0	0	0	0	0	0	0	0	0	0	0	0	0	0	0	192	0	0	0	0	0	0	0	0	0	0	0	500	0	0	0	0	0	0	0	0	0	0	0	0	0	0	0	0	0	0	0	0	
0	0	0	0	0	0	0	0	0	0	0	0	0	0	96	0	0	0	0	0	0	0	0	96	0	0	0	0	0	0	0	0	0	0	0	0	0	0	0	0	0	0	0	0	0	0	0	0	0	0	0	0	0	0	0	0	0	0	0	0	0	0	0	0	0	0	0	0	0	0	0	0	0	0	0	0	0	0	0	0	0	0	0	0	0	0	0	0	0	0	0	0	0	0	0	0	0	0	0	0	
0	0	0	0	0	0	0	0	0	0	0	0	0	0	0	0	0	0	0	0	0	0	0	0	0	0	0	0	0	0	0	0	0	0	0	96	0	0	0	192	0	0	0	0	0	0	0	0	0	0	0	0	0	0	0	0	0	0	0	96	0	0	96	0	0	192	0	0	0	0	0	0	0	0	0	0	0	0	0	0	0	0	0	0	0	0	0	0	0	0	0	0	0	0	0	0	0	0	0	0	
0	0	0	0	0	0	0	0	0	0	0	0	0	0	0	0	0	0	0	0	0	0	0	0	0	0	0	0	0	0	0	0	0	0	0	0	0	0	0	0	0	0	0	0	0	0	0	0	0	0	0	0	0	0	500	0	0	0	96	0	0	0	0	0	0	0	0	0	0	0	0	0	0	0	0	0	0	0	0	0	0	0	0	0	0	0	0	0	0	0	0	0	0	0	0	0	0	0	0	0	
0	0	0	0	0	0	500	0	0	0	0	0	0	0	0	0	0	0	0	0	0	0	192	0	0	0	0	0	0	0	0	0	0	0	0	0	0	0	0	0	0	0	0	0	0	0	0	0	0	0	0	0	0	0	0	0	0	0	0	0	0	0	0	0	0	0	0	0	0	0	0	0	0	0	0	0	0	0	0	0	0	0	0	0	0	0	0	500	0	0	0	0	0	0	0	0	0	0	0	0	
0	0	0	0	0	0	0	0	0	0	0	0	0	0	0	0	0	0	0	500	0	0	0	0	0	0	0	0	0	0	0	0	0	0	0	0	0	0	0	0	0	0	0	0	0	0	0	0	0	0	500	0	0	0	0	0	0	0	0	0	0	0	0	0	0	0	0	0	0	0	0	0	0	0	0	0	0	0	0	0	0	0	0	0	0	0	0	0	0	0	0	0	0	0	0	0	0	0	0	0	
0	0	0	0	500	0	0	0	0	0	0	0	96	0	0	0	0	0	0	0	0	0	0	0	0	0	0	0	0	0	0	0	0	0	0	0	0	0	0	0	0	0	0	0	0	0	0	0	0	0	0	0	0	0	0	0	0	0	0	0	0	0	0	0	0	0	0	0	0	0	0	0	0	0	0	0	0	0	0	0	0	0	0	0	0	0	0	0	0	0	0	0	0	0	0	0	0	0	0	0	
0	0	0	0	0	0	0	0	0	0	0	0	0	0	0	0	0	0	0	0	0	0	0	0	0	0	0	0	0	0	0	0	0	0	0	0	0	0	0	0	0	0	0	0	0	0	0	0	0	0	0	0	0	0	0	0	0	0	0	0	0	0	0	0	0	0	0	0	0	0	0	0	0	0	0	0	0	0	0	0	0	48	0	500	0	0	0	0	0	96	0	0	192	0	0	0	0	0	0	0	
0	0	0	0	0	0	0	0	0	0	0	500	0	0	0	0	0	0	96	0	0	0	0	0	0	0	0	0	0	0	0	0	0	0	0	0	0	0	0	0	0	0	0	0	0	0	0	0	0	0	0	0	0	0	0	0	0	0	0	0	0	0	0	0	0	0	0	0	0	0	0	0	0	0	0	0	0	0	0	0	0	0	0	0	0	0	0	0	0	0	0	0	0	0	0	0	0	0	0	0	
0	0	0	0	0	0	0	0	0	0	0	0	0	0	0	0	0	0	0	0	0	0	0	0	0	0	0	0	0	0	0	0	0	0	0	0	0	0	0	0	0	0	500	0	0	0	0	0	0	0	0	0	0	0	0	0	0	0	0	0	0	0	0	0	0	0	0	0	0	0	0	0	0	0	0	0	0	0	0	0	192	0	0	0	0	0	48	500	0	0	0	0	0	0	0	0	0	0	0	0	
0	0	0	48	0	0	0	0	0	0	0	0	0	0	0	0	0	0	0	0	0	0	0	0	0	0	0	0	0	0	0	0	0	500	0	0	0	0	0	0	0	0	0	0	0	0	0	0	0	0	0	0	0	0	0	0	0	0	0	0	0	0	0	0	0	0	0	0	0	0	0	0	0	0	0	0	0	0	0	0	0	0	0	0	0	0	0	0	0	0	0	0	0	0	0	0	0	0	0	0	
0	0	48	0	0	0	0	0	0	0	0	0	0	0	0	0	0	0	0	0	0	0	0	0	0	0	0	0	0	0	0	0	48	0	0	0	0	0	0	0	0	0	0	0	0	0	0	0	0	0	0	0	0	0	0	0	0	0	0	0	0	0	0	0	0	0	0	0	0	0	0	0	0	0	0	0	0	0	0	0	0	0	0	0	0	0	0	0	0	0	0	0	0	0	0	0	0	0	0	0	
0	0	0	0	0	0	0	0	0	0	0	0	192	0	0	0	0	0	0	0	0	0	0	0	0	0	0	0	0	0	0	0	0	0	0	0	0	0	0	0	0	0	0	0	0	0	0	0	0	0	0	0	0	0	0	0	0	0	0	0	0	0	0	0	0	0	0	0	0	0	0	0	0	0	0	0	0	0	0	0	0	500	0	0	96	0	0	0	0	0	0	0	0	0	0	0	0	0	0	0	
0	0	0	0	0	0	0	0	0	0	0	0	0	0	0	0	0	0	0	192	0	0	0	0	0	0	0	0	0	0	0	0	0	0	0	0	0	0	0	0	0	0	0	0	0	0	0	0	0	0	192	0	0	0	96	0	0	0	0	0	0	0	0	0	0	0	0	0	0	0	0	0	0	0	0	0	0	0	0	0	0	0	0	0	0	0	0	0	0	0	0	0	0	0	0	0	0	0	0	0	
0	0	0	0	0	0	0	0	0	0	0	0	0	0	0	0	0	0	0	0	0	0	0	0	0	0	0	0	0	0	0	0	0	0	0	0	0	0	0	0	0	0	0	0	0	48	0	0	0	0	0	0	0	0	0	0	0	0	0	0	0	0	0	96	0	500	0	0	0	0	0	0	0	0	0	0	0	0	0	0	0	0	0	0	0	0	0	0	0	0	0	0	0	0	0	0	0	0	0	0	
0	0	0	48	0	0	0	0	0	0	0	0	0	0	0	0	0	0	0	0	48	0	0	0	0	0	0	0	0	0	0	0	0	0	0	0	0	0	0	0	0	0	0	0	0	0	0	0	0	0	0	0	0	0	0	0	0	500	0	0	0	96	0	0	0	0	0	0	0	0	0	0	0	0	192	0	0	0	0	0	0	0	0	0	0	0	0	0	0	0	0	0	0	0	0	0	0	0	0	0	
0	0	0	0	0	0	0	0	0	0	0	0	0	0	0	0	0	0	0	0	0	0	0	0	0	0	0	0	0	0	0	0	0	0	0	0	0	0	0	96	0	0	0	0	0	0	0	0	0	0	0	0	0	0	0	0	0	0	0	0	0	0	0	0	0	0	0	0	0	0	0	0	48	0	0	0	0	500	0	0	0	0	0	96	0	0	0	0	0	0	0	0	0	96	0	0	0	0	0	0	
0	0	0	0	0	0	0	0	0	192	500	0	0	0	0	0	0	0	0	0	0	0	0	0	0	0	0	0	0	0	0	0	0	0	0	0	0	0	0	0	0	0	0	0	0	0	0	0	0	0	0	0	0	0	0	0	0	0	0	0	0	0	0	0	0	0	0	0	0	0	0	0	0	0	0	0	0	0	0	0	0	0	0	0	0	0	0	0	0	0	0	0	0	0	0	0	0	0	0	0	
0	0	0	0	0	0	0	0	0	0	0	0	0	0	0	0	0	0	0	0	0	0	0	0	0	0	0	0	0	0	0	0	96	0	0	0	0	0	0	0	0	0	0	0	0	0	0	0	0	0	0	0	0	0	0	0	0	0	0	0	0	0	0	0	0	0	0	0	0	0	0	0	500	0	0	0	0	0	0	0	0	96	0	0	0	0	0	0	0	96	500	0	0	0	0	0	0	0	0	0	
0	0	0	0	0	0	0	0	0	0	0	0	0	0	0	0	0	0	0	0	0	0	0	0	0	0	192	0	0	0	0	0	0	0	0	0	0	0	0	0	0	0	0	0	0	0	0	0	0	0	0	0	0	0	0	0	0	500	0	0	0	0	0	0	0	0	0	0	0	0	0	0	0	0	0	0	0	96	0	0	0	0	0	0	0	0	0	0	0	0	0	0	0	0	0	0	0	0	0	0	
192	0	0	0	0	0	0	0	0	0	0	0	0	0	0	0	0	0	500	0	0	0	0	0	0	0	0	0	0	0	0	0	0	0	0	0	0	0	0	48	0	0	0	0	0	0	0	0	0	0	0	0	0	0	0	0	0	0	0	0	0	0	0	0	0	0	0	0	0	0	0	0	0	0	0	0	0	0	0	0	0	0	0	0	0	0	0	0	0	0	0	0	0	0	0	0	0	0	0	0	
0	0	0	0	0	0	0	0	0	0	0	0	0	0	0	0	0	0	0	0	0	0	0	0	0	0	0	0	0	0	0	0	0	0	0	0	0	0	0	0	0	192	500	0	96	0	0	0	0	0	0	0	0	0	0	0	0	0	48	0	0	0	0	0	0	0	0	0	0	0	0	0	0	0	48	0	0	0	0	0	0	0	0	0	0	0	0	0	0	0	0	0	0	0	0	0	0	0	0	0	
0	0	0	0	0	0	96	0	0	0	0	0	0	0	0	0	0	0	0	0	0	0	0	0	0	0	0	0	0	0	0	0	0	0	0	0	0	0	0	0	0	0	0	0	0	0	0	0	0	0	0	0	0	0	0	0	0	0	0	0	0	0	0	0	0	0	0	0	0	500	0	0	0	0	500	0	0	0	0	0	0	0	0	0	0	0	0	0	0	0	0	0	0	0	0	0	0	0	0	0	
0	0	0	0	0	0	0	0	0	0	0	0	0	0	0	0	0	96	0	0	0	0	0	0	0	0	0	0	96	0	0	0	0	0	0	0	0	0	0	0	0	0	0	0	0	0	0	0	0	0	0	0	0	0	0	0	0	0	0	0	0	0	0	0	0	0	0	0	0	0	0	0	0	0	0	0	0	0	0	0	0	0	0	0	0	0	0	0	0	0	0	0	0	0	0	0	0	0	0	0	
0	0	0	0	0	0	0	0	0	0	0	0	0	0	0	0	0	0	0	96	0	0	0	0	0	0	0	0	0	0	0	0	0	0	0	0	0	0	0	0	0	0	0	0	0	0	0	0	0	0	0	0	0	0	0	0	0	0	0	0	0	0	0	0	0	0	0	0	0	0	0	0	96	0	0	0	0	0	0	0	0	0	0	96	0	0	0	0	0	0	0	0	0	0	0	0	0	0	0	0	
0	0	0	0	0	0	0	0	0	0	0	0	0	0	0	0	0	0	0	0	0	0	0	0	0	0	0	0	0	0	0	0	0	0	0	0	0	0	0	0	0	0	0	0	0	0	0	192	0	0	0	0	0	0	0	0	0	0	0	0	0	0	0	0	0	0	0	0	0	0	0	0	0	0	0	0	0	0	0	0	0	0	0	500	0	0	0	0	0	0	0	0	0	48	0	192	0	0	96	0	
0	500	0	0	0	0	0	0	0	0	0	0	0	0	0	0	0	0	0	0	0	0	0	0	0	192	0	0	0	0	0	0	0	0	0	0	0	0	0	0	0	0	0	0	0	0	0	0	0	0	0	0	0	0	0	0	0	0	0	0	0	0	0	0	0	0	0	0	0	0	0	0	0	0	0	0	0	0	0	0	0	0	0	0	0	0	0	0	0	0	0	0	0	0	0	0	0	0	0	0	
0	500	0	0	0	0	0	0	0	0	0	0	0	0	0	0	0	0	0	0	0	0	0	0	0	0	0	0	0	0	0	0	96	0	0	0	0	0	0	0	0	0	0	0	0	0	0	0	0	0	0	0	0	0	0	0	0	0	0	0	0	0	0	0	0	0	0	0	0	0	0	0	192	0	0	0	0	0	0	0	0	0	0	0	0	0	0	0	0	0	0	0	0	0	0	0	0	0	0	0	
0	0	0	0	0	0	0	0	0	0	0	0	0	0	0	0	0	0	0	0	0	0	0	0	0	0	0	0	0	0	0	0	0	0	0	0	0	0	0	0	0	0	0	0	0	0	0	500	0	0	0	0	0	0	0	0	0	0	0	0	0	0	0	0	0	0	0	0	0	0	0	0	0	0	0	0	0	0	0	0	0	96	0	0	0	0	0	0	0	0	48	0	0	0	0	0	0	0	0	0	
0	0	0	0	0	0	0	0	0	0	0	0	0	0	0	0	0	48	0	0	0	0	0	0	0	0	0	0	192	0	0	0	0	0	0	0	0	0	0	0	0	0	0	0	0	0	0	0	0	0	0	0	0	0	0	0	0	0	0	0	0	0	0	0	0	0	0	0	0	0	0	0	0	0	0	0	0	0	0	0	0	0	0	0	0	0	0	0	0	0	0	0	0	0	0	0	0	0	0	0	
0	0	0	0	0	0	0	0	0	0	0	0	0	0	0	0	0	0	0	0	0	0	0	0	0	0	0	0	0	0	0	0	0	0	0	0	0	0	0	0	0	0	0	0	0	0	0	96	0	0	0	0	0	0	0	0	0	0	0	0	0	0	0	0	0	0	0	0	0	0	0	0	0	0	0	0	0	0	0	0	0	0	0	0	0	0	0	0	0	0	192	0	0	0	0	0	0	0	96	0	
0	0	0	0	0	500	0	0	0	0	0	0	0	0	0	0	0	0	0	0	0	0	0	0	0	0	0	0	192	0	0	0	0	0	0	0	0	0	0	0	0	0	0	0	0	0	0	0	0	0	0	500	0	0	0	0	0	0	0	0	0	0	0	0	0	0	0	0	0	0	0	0	0	0	0	0	0	0	0	0	0	0	0	0	0	0	0	0	0	0	0	0	0	0	0	0	0	0	0	0	
0	0	0	0	0	0	0	0	0	0	0	0	0	0	0	0	0	0	48	0	0	0	0	0	500	0	0	0	0	0	0	0	0	0	0	0	0	0	0	0	0	0	0	0	0	0	0	0	0	0	0	0	0	0	0	0	0	0	0	0	0	0	0	0	0	0	0	0	0	0	0	0	0	0	0	0	0	0	0	0	0	0	0	0	0	0	0	0	0	0	0	0	0	0	0	0	0	0	0	0	
0	0	0	0	0	0	0	96	0	0	0	0	0	0	0	0	0	0	0	0	0	0	0	0	0	0	0	48	0	0	48	0	0	0	0	0	0	0	0	0	0	0	0	0	0	0	0	0	0	0	0	0	0	0	0	0	0	0	0	0	0	0	0	0	0	0	0	0	0	0	0	0	0	0	0	0	0	0	0	0	0	0	0	0	0	0	0	0	0	0	96	0	0	0	0	96	0	0	0	0	
0	0	0	0	0	0	0	0	0	0	0	0	0	0	0	0	0	0	0	0	0	0	0	0	0	0	0	0	0	0	0	0	0	0	0	0	0	0	0	0	0	0	0	0	0	0	0	0	0	0	0	0	0	0	96	0	0	0	500	0	0	0	0	0	0	0	0	0	0	0	0	0	0	0	0	0	0	0	0	0	0	0	0	0	0	0	0	0	0	0	0	0	0	0	0	0	0	0	0	0	
6	66	45	50	59	78	38	55	55	27	22	72	45	50	16	28	24	24	31	75	49	86	75	20	19	37	69	12	81	26	27	53	81	30	97	12	44	62	48	0	51	19	9	21	14	31	50	82	99	65	63	36	95	51	73	1	31	46	17	34	55	59	93	11	50	23	97	10	35	8	82	47	23	5	58	3	97	64	12	24	20	82	87	7	46	76	56	76	40	64	6	29	15	77	16	50	15	5	2	57	66	14	62	78	45	79	91	31	32	14	28	4	58	5	93	3	10	27	48	24	50	87	24	77	27	44	20	50	85	76	33	37	78	41	78	6	87	42	66	51	25	46	17	68	53	32	72	3	91	99	69	61	69	46	27	90	68	56	94	91	64	0	80	94	80	57	52	79	59	23	37	12	15	22	71	98	76	93	76	89	29	23	43	66	69	7	72	51	42	13	24	21	93	73	64	12	6	90	6	78	63	52	26	95	41	76	77	40	1	86	97	7	64	65	58	21	22	97	45	42	89	11	35	20	74	60	10	3	66	40	29	17	41	62	24	46	9	34	25	76	67	41	55	7	0	56	38	73	0	84	71	74	13	14	83	36	16	59	4	15	30	36	78	77	95	49	50	46	26	97	70	84	46	56	41	36	8	23	2	2	75	96	38	63	54	86	56	17	91	99	3	28	3	8	75	70	35	10	30	44	27	62	67	82	9	29	77	5	98	0	44	55	87	64	2	89	52	58	11	11	4	44	64	90	94	89	42	81	63	11	50	18	90	91	42	16	98	23	18	64	73	50	83	82	8	86	19	0	80	28	2	62	61	26	41	50	5	7	33	52	21	13	36	85	50	18	14	32	16	1	20	59	73	36	75	62	78	61	45	76	8	59	18	54	67	77	91	86	77	62	74	68	11	17	74	90	46	37	6	44	71	97	7	72	70	24	44	42	69	17	68	64	41	15	83	67	62	25	3	47	51	82	51	41	11	17	54	15	20	14	8	70	66	5	99	18	36	45	78	4	85	85	44	46	55	96	85	81	19	2	31	45	61	68	22	19	55	78	99	42	74	79	75	52	43	59	19	8	11	94	65	27	34	31	29	69	86	62	49	44	76	4	32	64	85	14	41	83	17	33	96	81	50	29	63	40	73	85	57	24	67	37	97	27	20	18	79	13	42	13	93	4	38	31	62	16	57	53	97	47	71	76	71	17	87	97	27	48	28	53	68	48	8	37	26	83	83	10	82	26	27	13	74	73	46	79	10	49	86	81	15	24	87	40	42	95	56	45	57	58	48	89	8	26	9	25	44	77	63	71	62	56	82	58	16	67	70	12	98	43	77	62	13	62	40	89	3	29	63	71	76	48	36	27	33	41	8	99	39	56	64	64	8	82	77	80	75	66	51	94	47	46	68	28	85	10	65	20	72	68	15	5	71	68	2	61	30	36	44	90	67	0	58	23	74	54	85	43	72	50	61	57	50	38	1	76	49	46	72	63	7	25	15	44	32	96	17	25	25	29	89	93	16	56	53	75	17	83	14	11	29	35	73	29	25	36	78	36	31	19	31	15	63	14	5	89	50	81	85	81	5	67	83	42	10	74	53	20	25	85	0	79	3	1	57	10	97	50	40	5	17	77	16	77	63	16	56	66	44	72	45	27	58	61	98	32	37	33	98	54	22	8	83	49	82	60	22	96	23	29	60	15	33	32	97	75	29	12	7	77	72	79	39	62	76	29	74	94	53	80	60	8	96	64	3	48	22	96	4	51	21	21	8	62	97	33	16	42	83	16	64	48	89	20	38	13	79	81	47	94	14	97	11	80	3	69	33	8	80	53	44	7	16	6	25	46	34	94	43	42	15	41	65	13	18	73	46	14	22	3	93	27	8	63	91	33	31	34	43	93	10	15	48	28	65	32	84	96	33	28	52	40	79	36	52	34	81	88	70	27	63	38	15	92	59	94	4	99	4	77	6	67	69	94	53	42	22	79	55	42	16	83	13	98	33	79	28	76	33	43	16	86	25	33	87	19	54	69	58	42	78	77	62	62	45	37	99	17	76	95	80	49	5	8	68	81	32	55	0	72	98	88	23	17	28	6	48	39	51	70	57	57	41	14	83	6	94	26	27	81	16	60	29	81	90	81	55	54	31	41	6	16	95	1	31	22	28	35	70	15	37	44	41	10	81	4	9	99	41	76	7	66	32	91	75	34	93	83	12	47	20	87	53	6	18	32	43	27	49	2	93	13	4	39	82	0	90	59	44	37	4	99	44	69	13	30	91	8	36	30	13	89	53	39	44	8	86	27	33	34	78	86	21	96	4	66	52	55	20	27	28	84	40	11	14	20	48	62	15	0	9	3	96	80	88	43	89	83	22	0	8	37	73	2	26	27	29	43	91	6	32	55	2	72	73	24	54	84	91	67	21	72	66	80	67	17	79	16	91	32	16	65	72	70	21	32	84	72	67	17	71	51	76	25	68	96	59	86	2	25	99	57	47	89	65	10	0	30	16	71	89	49	91	36	64	60	46	54	62	62	74	31	64	89	77	84	67	90	18	45	31	39	29	16	98	15	60	73	97	16	54	54	57	68	66	95	58	6	36	18	38	24	38	39	10	48	91	12	71	49	75	49	81	26	35	88	15	82	40	17	0	40	16	46	65	83	99	88	25	74	46	71	47	60	15	16	13	28	74	25	52	37	16	10	25	14	74	57	36	86	62	91	47	32	92	64	55	28	13	29	37	58	2	24	97	33	29	14	81	56	14	67	50	86	66	44	33	3	67	67	66	91	48	73	12	89	68	86	98	97	64	68	1	92	55	63	60	70	68	76	18	34	67	22	37	60	13	63	46	21	4	2	46	62	20	12	65	44	70	25	97	23	71	15	55	70	65	30	8	73	20	52	64	89	89	1	54	55	13	51	68	68	74	75	46	29	0	20	80	91	84	66	30	71	28	20	6	26	84	43	13	5	9	89	23	21	68	54	3	3	55	52	40	40	66	64	40	57	78	82	27	31	68	19	32	35	54	97	26	22	4	81	47	61	23	35	71	26	28	28	25	68	29	82	0	1	2	54	34	42	76	40	16	92	77	33	42	17	4	92	87	56	44	91	18	7	86	69	76	67	25	3	92	14	88	89	21	15	3	89	65	48	84	79	49	39	66	89	34	43	4	87	60	58	30	23	61	74	18	41	14	10	79	27	44	37	24	17	8	14	61	85	74	75	88	11	68	70	93	33	47	46	73	96	19	94	17	87	86	25	43	62	89	86	82	80	85	37	25	18	67	94	65	90	67	84	13	85	75	14	76	14	52	91	2	65	71	26	93	1	64	26	17	16	73	59	54	42	23	41	80	36	3	87	69	48	82	41	16	79	80	72	9	13	91	40	13	43	20	20	14	44	67	72	27	46	6	57	20	96	62	51	11	19	24	21	62	11	57	75	83	42	85	70	78	76	66	59	29	11	5	71	67	95	35	94	31	38	28	79	98	88	43	94	7	15	67	64	1	55	33	18	72	22	32	41	73	17	51	10	38	15	32	78	46	4	72	58	84	35	75	91	81	65	36	70	24	72	38	44	40	32	83	2	69	99	91	49	17	18	53	59	27	69	40	39	70	17	18	59	42	20	23	88	57	43	14	7	86	70	10	25	36	87	77	87	0	54	36	27	97	92	75	68	90	55	69	16	95	16	45	96	93	7	8	2	82	34	49	5	14	89	55	39	46	34	88	42	19	1	5	1	71	20	27	2	46	87	22	75	77	48	93	67	61	43	38	97	44	86	49	60	62	45	46	50	56	86	57	61	16	53	72	72	93	16	44	94	18	11	9	78	72	92	33	67	66	8	17	68	99	47	18	4	55	50	53	54	23	59	54	9	45	26	7	37	21	61	65	38	96	9	33	59	67	98	71	95	0	49	85	49	71	96	28	65	81	52	85	51	72	33	53	50	63	1	84	58	41	36	32	68	35	27	66	12	88	44	82	49	83	16	14	3	80	15	20	11	96	99	46	69	21	56	92	48	59	56	41	68	79	87	15	10	90	15	15	3	22	80	2	92	39	56	44	26	50	19	64	2	89	71	77	41	95	8	44	35	55	72	20	63	22	63	88	33	51	51	18	94	25	85	71	87	56	13	48	17	69	88	33	38	82	84	80	29	83	37	82	40	41	33	23	8	57	45	90	98	41	17	82	19	53	74	61	0	90	38	28	6	61	2	67	82	32	82	96	98	39	23	44	61	71	83	24	33	10	79	24	71	48	59	79	41	62	61	80	62	65	77	93	92	14	9	38	32	59	81	65	44	88	47	36	95	3	39	29	3	35	78	0	82	59	95	80	55	39	92	64	68	33	77	15	3	16	56	86	51	55	29	60	67	51	91	96	74	23	79	44	47	54	27	21	93	68	67	59	27	42	17	52	52	54	85	98	39	92	25	15	39	41	6	51	63	50	0	65	94	57	52	7	31	57	36	26	38	94	93	55	55	26	15	86	9	80	51	50	95	96	95	98	24	71	60	11	96	74	22	48	19	23	38	24	84	34	87	89	79	60	19	40	1	47	65	69	2	3	86	43	37	17	14	41	38	70	3	80	98	80	5	51	82	14	18	1	38	72	94	81	81	56	27	85	31	93	85	9	65	43	6	81	28	11	30	49	77	26	19	63	97	90	97	11	45	19	6	44	58	94	38	73	9	37	27	32	75	87	53	10	61	92	90	4	32	34	23	30	41	27	52	66	93	25	78	5	5	24	83	91	38	90	68	75	57	90	5	52	31	19	51	12	85	1	88	52	81	74	41	20	58	66	18	94	50	10	96	67	26	55	29	16	79	14	94	89	59	41	39	17	29	12	26	87	71	64	79	97	70	55	63	59	60	61	65	56	96	31	31	39	8	98	93	89	10	24	33	89	45	45	43	99	31	18	57	7	14	68	11	43	33	65	39	87	79	69	5	86	31	45	31	59	79	43	21	52	61	6	66	14	44	89	31	37	39	97	62	12	13	69	63	98	65	60	16	76	43	46	54	25	19	9	77	32	72	80	26	44	97	86	39	35	89	63	52	5	47	69	51	73	98	23	17	34	30	96	6	67	83	48	92	81	56	77	47	67	49	31	92	0	51	51	33	94	10	58	19	42	21	89	74	64	0	18	88	55	28	29	25	94	33	32	99	91	6	6	58	66	75	50	63	30	49	56	97	94	37	94	78	52	24	15	78	56	82	10	55	69	18	79	53	34	20	84	23	61	69	85	90	3	46	63	56	4	24	59	9	74	68	26	79	74	19	34	74	89	10	55	68	80	70	6	70	91	44	61	12	96	5	68	91	84	62	88	49	96	8	14	18	8	1	12	68	82	40	38	48	3	47	9	38	96	11	62	91	37	69	87	45	36	82	12	73	14	19	18	91	76	98	11	5	35	98	75	59	15	13	79	10	34	56	28	81	53	73	72	30	12	23	82	72	22	28	73	52	66	14	6	62	86	56	4	84	26	92	34	66	45	40	49	10	58	3	0	76	91	52	22	34	88	6	71	4	56	43	8	76	78	45	42	11	64	47	51	0	55	80	15	71	43	15	35	27	11	51	49	73	18	47	37	51	38	14	40	25	11	55	35	89	23	9	84	84	48	4	7	38	60	92	5	52	83	72	27	8	1	63	95	51	70	88	73	29	0	79	14	47	95	28	47	75	42	38	50	62	12	21	27	76	47	26	59	59	4	5	48	3	31	73	30	90	55	6	50	80	79	97	81	18	13	62	33	15	37	60	66	25	94	31	1	28	55	44	35	38	78	80	54	23	43	76	74	5	77	65	92	20	83	0	29	18	3	54	47	87	18	75	18	22	0	30	83	8	23	79	88	39	76	27	65	83	76	35	83	78	76	96	87	28	84	84	83	95	38	66	78	40	87	80	32	31	36	51	31	65	57	96	6	72	40	12	72	33	66	84	81	88	24	29	59	86	86	80	97	97	90	63	83	54	17	5	94	69	40	88	99	12	96	89	12	87	41	29	97	15	89	18	88	82	61	63	96	41	29	54	92	4	32	9	84	77	49	47	61	16	86	74	45	95	79	92	96	30	51	12	63	83	49	0	96	42	59	26	54	41	53	1	60	96	70	68	2	57	21	38	22	84	44	6	88	31	12	67	45	83	9	56	58	12	18	64	24	83	22	18	89	66	63	21	89	21	41	72	30	74	39	74	99	58	56	82	87	65	66	80	50	60	21	60	38	53	68	73	30	17	58	34	57	64	97	42	68	95	53	17	18	8	41	19	50	48	92	31	96	79	48	25	65	75	94	54	59	52	6	22	37	91	39	8	78	15	96	96	51	62	79	67	59	7	32	74	93	35	94	85	69	86	32	35	49	74	32	68	76	55	38	45	33	87	37	67	44	66	64	79	63	38	89	86	10	20	89	65	22	3	64	9	0	3	20	43	53	39	6	0	79	12	35	5	6	20	24	79	44	99	41	91	92	71	56	6	89	93	46	57	55	97	44	97	39	40	54	75	3	16	26	48	91	70	37	97	80	70	72	4	32	93	67	28	94	73	20	23	21	39	44	50	50	63	72	50	80	46	5	65	54	23	95	10	32	8	84	55	11	16	89	41	97	32	78	54	58	60	54	69	95	6	56	72	29	18	54	65	10	2	12	43	94	2	85	48	94	8	12	42	19	8	11	56	63	60	51	33	38	12	28	8	33	42	20	23	81	74	60	4	84	22	49	38	46	70	36	28	96	84	97	21	96	25	14	44	18	93	20	28	59	9	15	36	56	95	10	32	63	47	0	32	92	87	87	51	0	76	87	44	64	50	75	58	30	14	66	37	50	11	94	5	9	67	24	17	57	77	96	29	61	50	76	14	88	78	65	76	11	30	44	66	85	21	54	16	9	25	43	99	51	93	45	95	76	98	89	51	54	4	51	79	1	29	30	12	98	41	57	79	66	50	46	53	15	8	5	58	89	69	49	25	41	57	77	94	85	50	19	66	72	56	16	46	37	33	32	59	40	26	66	90	91	46	65	4	78	29	34	50	26	62	24	49	76	14	98	66	90	71	86	94	0	81	29	94	91	10	56	51	8	43	99	6	73	36	72	49	26	94	48	55	44	51	40	34	80	80	12	43	12	41	95	31	92	60	28	55	85	73	40	53	21	9	30	92	67	98	9	54	18	21	51	36	63	50	69	44	73	67	59	21	43	8	52	77	5	71	19	26	77	36	90	27	34	5	61	78	31	82	47	81	8	89	83	27	7	6	51	74	79	91	12	32	3	52	30	28	96	31	43	1	53	80	12	6	5	77	2	30	20	66	58	96	87	77	16	23	64	67	90	26	54	31	9	72	17	21	33	80	51	20	37	49	38	53	80	55	88	38	24	74	21	32	81	61	75	35	90	87	58	12	94	95	87	69	55	5	39	63	70	33	95	50	7	30	21	68	96	68	41	73	30	80	92	94	22	74	96	9	9	85	9	91	67	45	32	52	58	31	90	90	43	15	49	5	26	44	88	39	2	78	18	92	30	74	56	66	88	1	6	81	13	48	40	51	81	72	46	60	22	78	62	86	93	27	3	97	67	87	65	47	68	81	41	76	27	89	33	62	83	4	92	98	41	39	9	3	44	75	17	9	19	9	75	95	60	63	78	74	68	92	6	40	4	10	1	42	60	90	46	64	46	81	12	39	99	88	3	65	60	20	37	11	89	26	86	33	81	88	30	84	35	21	1	66	44	27	85	68	35	71	85	50	51	62	21	54	26	62	78	16	69	34	58	82	73	56	17	80	62	66	84	39	6	71	4	38	30	29	83	35	27	66	73	70	69	45	7	21	94	88	90	36	75	17	72	33	73	31	25	16	76	29	26	24	22	6	5	2	0	
40	57	99	95	19	95	73	6	63	85	29	26	20	93	98	5	28	60	47	79	76	92	80	2	37	28	59	34	55	30	7	16	56	51	71	22	61	64	75	92	26	18	60	96	1	6	75	26	91	29	42	60	20	88	44	30	95	11	32	74	31	57	14	40	85	6	20	14	51	55	93	12	50	12	60	79	67	68	21	85	43	46	81	86	2	9	10	20	54	44	43	39	15	5	7	65	11	30	82	62	3	74	97	88	48	11	97	99	66	86	68	41	31	53	98	46	4	63	76	63	30	2	23	86	25	79	16	15	51	95	21	56	68	99	18	77	38	87	4	12	14	2	48	49	73	88	91	30	11	58	43	15	39	56	72	73	75	21	43	14	51	77	37	55	62	0	55	40	70	49	79	78	64	23	61	3	20	60	30	99	4	70	75	68	29	52	89	58	83	40	18	54	64	51	62	82	1	23	42	99	58	71	55	21	94	57	7	93	52	46	9	9	33	71	8	13	51	29	8	31	32	8	42	59	70	91	64	63	1	38	78	79	20	62	65	33	89	79	18	77	20	84	66	84	16	37	38	76	23	26	60	86	69	70	48	53	53	72	75	57	10	23	94	5	38	94	43	2	65	63	61	45	6	83	31	17	99	8	33	80	92	53	13	77	80	96	2	29	98	34	27	51	79	84	60	67	62	43	86	56	38	84	34	91	61	52	38	30	67	60	94	49	74	84	31	66	79	63	38	41	83	85	20	39	58	63	39	90	6	17	62	51	92	50	72	70	32	97	17	16	69	1	83	75	53	29	49	7	16	11	86	18	61	1	54	80	30	66	98	66	24	24	72	79	75	0	7	41	5	60	6	99	55	3	37	82	77	59	65	93	74	17	48	48	48	22	29	62	75	3	3	52	94	4	46	96	3	44	71	62	27	15	0	71	6	10	52	61	98	49	46	49	36	19	22	23	93	56	9	12	13	48	21	6	2	66	17	61	60	57	64	23	82	3	66	88	75	94	64	38	96	9	92	97	84	26	41	35	78	42	62	52	24	75	51	53	62	84	85	0	62	11	18	50	85	1	38	43	8	31	37	36	23	46	66	99	68	46	6	8	20	58	20	77	91	90	59	50	92	99	51	36	25	49	1	65	86	79	82	58	22	29	4	79	59	99	38	41	38	88	47	66	35	11	15	6	64	39	44	55	6	19	13	93	98	45	77	30	36	82	64	26	34	28	99	27	56	46	39	53	76	58	34	33	39	41	83	69	94	24	73	25	90	52	36	63	31	74	14	99	14	83	82	39	94	4	87	35	30	25	37	21	32	97	29	69	49	56	20	21	29	91	12	21	90	38	89	70	5	76	44	98	74	56	38	85	83	97	68	97	29	46	28	6	89	13	1	62	79	64	26	53	85	78	60	97	24	53	70	6	72	26	98	86	31	43	62	93	18	47	74	36	69	16	47	65	62	83	15	40	14	73	69	91	46	95	16	78	74	37	44	27	80	66	46	18	65	18	56	17	49	98	73	76	34	42	60	88	1	45	37	91	2	91	81	58	60	48	82	25	25	67	79	93	13	3	51	20	27	22	18	50	57	90	30	9	40	66	66	69	56	8	1	75	28	25	26	45	42	47	89	92	90	13	40	60	19	45	81	50	35	64	82	48	95	63	11	58	3	63	33	62	77	12	5	16	38	17	40	78	78	30	68	72	87	20	61	88	82	31	68	66	4	50	46	71	9	25	81	17	39	72	25	29	79	2	50	39	17	74	56	80	83	7	21	58	66	60	39	65	18	7	12	90	82	21	44	76	16	52	8	9	64	71	41	24	77	48	1	66	49	72	4	11	73	52	14	4	9	77	11	51	43	76	45	84	20	22	42	53	1	84	92	90	94	98	15	41	57	59	24	90	14	51	85	58	64	7	13	35	98	75	39	38	74	82	67	71	0	23	6	95	10	29	97	88	13	63	14	2	65	11	53	35	97	19	31	83	4	78	17	12	83	98	24	14	25	32	10	6	73	34	35	26	28	63	23	91	69	5	70	0	87	45	86	93	80	16	42	9	44	75	57	57	82	54	66	7	13	0	42	51	86	29	28	2	4	90	39	58	46	67	14	60	38	67	56	20	12	18	18	59	2	36	3	95	41	16	98	4	54	61	27	60	25	81	19	83	88	22	7	15	60	23	16	4	33	18	64	76	9	32	91	27	25	39	86	50	46	26	18	67	32	23	64	27	37	35	74	94	61	31	28	17	59	80	39	58	90	42	8	85	56	0	61	36	29	90	5	15	43	57	27	19	63	93	23	74	38	61	59	57	76	25	70	24	27	13	83	80	23	44	22	3	67	97	28	9	98	63	26	44	86	85	58	84	95	13	67	95	79	37	40	97	11	80	29	60	80	96	16	28	50	34	4	90	59	95	56	40	48	0	84	66	21	18	41	54	12	90	96	13	42	69	51	74	19	36	41	80	2	72	1	92	86	85	88	70	80	70	81	52	27	43	74	70	66	96	45	85	62	0	10	19	10	98	22	76	17	33	71	46	73	80	40	30	14	38	40	67	82	98	67	68	86	98	34	46	35	27	2	37	97	83	41	71	66	33	55	64	51	15	85	49	45	62	32	0	52	35	25	5	14	51	46	82	75	7	27	87	14	87	13	66	65	46	89	59	92	80	48	60	39	54	48	77	34	92	77	27	46	17	44	76	22	37	86	85	9	12	52	50	49	49	40	64	83	31	54	77	39	16	35	57	31	58	28	90	88	12	39	4	82	24	63	4	27	31	87	64	4	19	79	93	25	87	20	23	33	81	68	47	55	14	82	11	8	3	57	44	91	97	85	17	75	33	48	13	41	75	13	49	76	70	3	73	59	10	18	99	64	0	31	95	23	80	55	14	55	29	35	98	91	18	49	96	40	50	29	64	85	76	64	95	9	7	59	51	97	26	32	52	92	31	75	43	93	60	52	59	54	12	95	78	71	21	30	95	27	48	43	43	37	42	8	26	18	36	13	13	25	75	95	70	1	84	99	85	48	24	7	0	86	24	35	39	17	45	28	40	54	71	55	11	14	81	9	1	21	67	32	88	25	33	75	81	7	30	5	12	3	81	55	98	4	41	56	41	8	29	6	21	35	60	63	92	68	1	67	10	65	38	79	65	79	72	5	41	26	13	24	79	76	40	91	9	54	3	90	8	96	51	2	31	21	21	69	78	47	42	82	80	34	95	24	2	37	36	15	74	74	4	56	80	82	7	85	57	21	54	69	63	29	49	11	27	59	63	35	25	68	80	54	98	12	40	98	56	17	98	6	72	67	81	1	37	37	91	67	3	54	98	61	32	91	1	69	67	35	26	98	25	45	54	47	26	79	19	32	87	65	32	79	58	21	83	23	44	24	1	39	69	35	79	99	6	30	46	72	9	63	87	55	2	95	74	29	19	87	70	96	52	99	47	64	26	53	86	90	23	93	75	31	12	81	37	13	9	30	91	55	75	61	84	40	16	2	47	0	68	83	71	53	41	1	83	30	99	45	29	2	68	59	23	45	92	9	80	72	65	39	46	52	27	44	26	19	55	15	81	24	67	53	92	38	79	89	16	73	1	46	22	23	34	6	19	47	65	33	16	40	33	9	50	94	19	59	21	58	79	16	84	69	39	44	11	49	59	77	86	30	24	40	40	21	80	81	72	35	91	70	85	85	71	20	78	81	45	60	78	22	44	22	96	67	7	40	66	53	35	83	33	63	24	43	55	28	64	38	55	75	59	37	63	39	2	24	40	44	27	61	3	80	10	81	93	50	65	57	35	81	68	21	1	41	29	71	74	43	76	56	42	69	95	16	58	34	18	69	74	53	58	44	37	62	33	45	15	86	68	11	56	35	83	77	63	97	59	72	75	0	42	86	74	47	88	56	42	39	43	71	90	71	95	28	56	2	5	63	69	8	76	17	7	14	34	97	93	61	42	98	65	98	84	10	28	43	98	42	59	16	37	46	95	66	96	24	69	66	19	49	65	46	44	93	58	49	82	98	0	2	2	97	84	69	64	79	10	23	49	20	49	34	87	78	96	70	87	54	46	87	29	20	10	1	66	54	55	42	84	65	24	84	95	85	39	81	36	41	62	21	98	43	52	25	87	83	3	14	22	96	32	98	28	60	12	41	33	84	68	24	98	44	73	76	13	78	40	66	26	79	90	68	71	92	12	89	96	77	55	0	63	4	99	97	40	18	11	62	0	31	75	94	81	89	55	40	48	61	94	56	93	43	3	31	57	17	1	58	2	8	27	95	64	57	24	86	57	76	83	32	61	79	14	54	58	78	78	13	24	48	41	83	92	84	10	76	48	99	27	33	65	60	29	95	87	6	13	95	3	51	68	51	7	44	63	67	87	97	51	92	65	56	24	83	49	13	17	1	36	91	98	44	8	17	31	36	86	1	75	26	70	91	74	19	93	73	60	68	25	28	12	43	63	33	49	20	22	52	33	76	46	39	90	60	89	59	79	81	54	56	82	9	14	48	9	32	81	52	15	23	33	21	38	67	73	63	59	26	69	48	31	63	68	29	43	45	35	38	44	0	16	57	79	13	27	3	80	94	26	64	34	30	97	90	69	96	57	62	94	68	80	17	21	64	59	7	97	67	34	70	1	56	94	18	4	3	1	6	97	1	19	89	59	91	78	21	13	63	38	14	61	80	81	74	9	45	43	58	96	90	46	3	60	17	82	89	66	45	60	6	67	21	86	79	32	37	0	60	46	34	72	67	70	61	63	5	69	4	48	99	12	51	26	53	60	14	70	53	73	73	28	87	30	86	50	82	27	67	88	93	40	42	19	37	60	43	81	57	10	75	62	76	53	44	68	4	76	49	16	25	66	17	29	98	94	96	70	13	50	15	32	66	39	19	3	40	75	58	97	45	41	24	78	42	27	38	95	40	50	53	10	23	19	46	55	21	67	83	4	58	11	48	57	33	48	66	48	29	18	42	65	23	68	49	86	46	10	65	99	41	88	58	77	61	73	25	98	5	25	15	75	32	84	29	88	40	77	81	78	82	35	91	79	70	32	20	43	2	42	93	72	91	0	0	78	25	4	20	14	34	40	56	43	51	43	60	15	37	31	97	53	16	65	73	29	70	42	99	9	27	31	86	2	6	93	74	99	62	85	97	64	92	87	6	63	63	62	40	63	74	54	15	61	83	16	20	73	38	72	20	40	6	17	44	16	70	6	50	34	87	58	22	34	60	76	33	61	20	51	68	25	68	86	65	62	31	95	0	70	92	64	18	29	53	76	68	4	31	17	27	73	86	96	96	53	20	46	33	96	70	16	78	55	0	35	16	80	76	12	9	7	47	56	56	98	17	48	88	25	5	65	69	42	73	75	84	9	57	73	42	23	28	99	69	14	88	9	0	39	34	6	82	14	87	25	68	40	83	9	73	3	43	25	43	31	98	4	52	62	19	29	92	36	12	6	72	59	14	16	82	31	89	53	53	45	59	80	88	79	65	99	87	62	27	71	83	66	12	21	34	36	90	58	47	58	5	47	89	80	60	29	96	80	89	92	53	26	49	27	14	39	80	26	30	93	72	45	88	1	94	35	60	55	19	0	43	12	55	28	51	2	76	58	75	10	18	33	82	47	4	39	12	13	45	98	70	54	30	21	90	97	98	54	99	43	88	95	44	60	46	59	25	50	12	8	84	13	24	83	40	34	7	61	16	23	74	55	4	4	49	74	89	47	70	87	16	92	14	18	18	89	94	46	77	82	18	23	89	12	92	50	91	9	76	31	92	62	52	73	66	67	45	11	84	37	28	40	77	94	13	79	29	26	46	31	74	55	8	43	91	33	36	41	71	34	26	59	6	86	28	60	89	99	34	6	9	29	55	22	16	5	2	17	45	61	56	20	47	61	0	8	22	67	41	66	44	64	41	51	56	87	16	56	37	60	0	70	63	45	98	73	31	17	95	40	30	85	71	91	30	25	76	94	15	6	87	64	10	22	0	48	44	58	1	69	46	5	91	6	78	11	43	70	24	54	9	56	52	89	7	82	90	69	54	9	36	38	58	43	1	70	57	27	0	53	0	7	80	96	23	92	22	17	4	51	57	8	28	41	44	67	80	3	90	86	80	94	50	91	38	78	85	62	59	26	26	33	27	78	8	88	48	34	58	88	99	25	31	3	0	99	4	6	74	60	0	1	40	55	26	21	43	43	93	24	89	22	20	22	99	90	92	73	46	42	88	17	43	0	15	32	10	42	33	34	37	95	51	4	80	1	94	20	21	81	59	14	97	88	16	76	33	51	33	75	1	55	11	58	51	85	39	49	4	41	95	38	20	82	42	52	54	8	55	44	88	64	82	90	66	66	13	55	11	33	99	85	29	48	59	5	41	18	69	47	35	74	58	80	37	63	7	6	8	48	41	53	96	67	62	43	12	30	42	16	15	48	54	61	14	63	99	48	95	76	39	18	83	12	22	83	7	12	45	20	59	97	85	3	26	32	31	96	50	54	5	49	95	0	98	62	36	7	97	13	63	67	82	86	33	99	51	70	78	71	87	87	24	95	21	54	28	34	89	43	98	79	0	47	68	33	31	44	15	87	20	54	60	32	63	7	67	75	13	67	98	46	35	32	85	18	46	62	83	13	68	38	39	82	61	66	83	19	86	67	63	13	32	1	69	77	16	9	66	80	72	65	19	79	88	45	92	7	29	51	43	8	36	43	53	1	86	66	22	2	29	18	32	24	69	40	8	11	7	80	82	58	64	55	56	12	45	51	27	36	0	81	56	65	57	12	91	46	77	4	2	86	25	59	38	63	26	32	91	74	66	12	31	13	85	95	91	19	72	43	8	78	28	8	6	23	99	39	71	23	64	2	40	83	74	81	29	36	73	34	36	11	30	65	62	56	71	44	43	6	36	75	81	9	77	23	41	22	25	47	40	41	81	21	50	65	76	72	57	85	41	4	58	92	64	27	57	93	86	89	92	83	68	40	0	37	48	52	45	37	5	95	81	9	94	85	49	40	63	60	70	52	30	32	40	26	98	90	65	99	30	60	54	24	2	63	43	2	39	86	66	10	70	73	12	65	69	50	54	16	4	33	16	44	40	44	64	89	2	46	38	50	3	44	81	71	5	2	64	80	83	49	56	16	20	71	48	18	72	77	47	1	61	50	47	68	2	30	80	22	6	87	25	18	37	1	53	30	8	46	9	11	81	97	96	27	55	83	37	45	37	20	45	35	35	37	11	66	18	48	6	31	11	1	72	79	32	86	21	43	13	55	64	4	31	58	36	86	39	99	30	84	62	72	97	62	94	17	92	13	19	24	89	25	50	16	32	73	88	61	35	84	51	54	75	65	66	20	25	67	40	77	45	45	49	57	85	54	2	82	38	16	5	12	80	44	21	21	53	76	37	81	10	95	53	65	60	71	18	43	79	45	90	39	29	66	61	67	58	19	59	88	33	17	75	41	61	33	58	74	19	27	11	37	62	50	89	81	69	26	56	51	14	60	89	47	97	24	65	27	69	33	98	94	93	22	63	0	46	94	27	0	47	4	78	23	75	91	89	27	84	42	78	0	14	87	69	24	35	28	95	27	96	68	85	26	34	41	0	47	57	72	93	23	83	78	70	26	65	24	55	25	87	91	81	50	95	68	30	25	90	84	49	24	92	68	53	39	72	81	22	40	5	7	25	35	44	25	87	73	79	59	50	0	95	81	70	25	73	10	71	44	14	65	61	78	74	5	34	93	55	81	25	69	73	8	85	60	82	53	61	22	71	34	9	13	93	20	71	49	96	21	94	39	86	16	29	77	20	55	96	44	3	19	76	60	15	81	43	22	46	2	24	64	20	27	98	18	27	
37	29	35	34	28	25	30	39	37	31	22	20	23	34	39	31	32	33	28	33	31	34	40	29	33	31	21	27	33	35	21	24	26	20	39	29	36	28	27	21	34	39	37	30	40	40	33	30	31	25	25	34	34	31	40	30	23	24	32	39	29	20	34	30	24	27	27	34	26	25	27	34	30	30	38	37	24	40	24	38	38	33	37	35	36	27	20	39	32	22	21	40	30	30	21	22	28	32	23	32	30	38	21	38	23	27	22	27	36	36	37	31	20	40	29	35	20	35	32	37	36	38	24	28	28	40	34	40	28	36	22	40	20	39	22	30	24	20	30	34	40	40	31	21	34	25	24	27	20	26	28	22	27	30	35	40	25	40	31	32	38	40	24	33	20	26	26	27	31	40	39	38	27	22	34	31	20	30	37	39	32	29	31	30	30	40	35	37	21	23	28	20	39	21	38	27	36	35	33	25	29	28	37	22	27	21	26	21	27	26	20	34	34	28	35	38	29	26	39	38	29	23	33	29	39	35	22	28	37	30	39	20	37	25	20	32	34	33	32	30	30	33	24	30	25	39	34	28	23	22	29	30	22	28	27	20	27	20	29	36	20	26	23	37	37	20	23	35	38	32	24	21	20	32	37	21	22	25	30	29	30	28	39	24	37	36	26	25	30	29	38	29	35	21	23	30	23	37	26	36	37	22	38	22	38	35	39	26	38	20	38	26	20	36	22	31	29	32	22	26	38	29	36	29	37	30	31	29	25	36	25	29	21	34	33	30	25	21	24	26	22	40	39	34	40	34	22	25	21	32	26	32	28	26	26	40	29	30	30	25	34	23	33	32	39	30	34	36	35	32	36	31	21	27	27	30	40	33	20	30	29	33	24	33	26	26	29	24	25	23	33	27	22	26	20	20	24	38	39	29	25	26	27	25	39	23	38	37	22	26	23	23	21	23	40	32	37	22	32	24	28	20	23	31	21	31	34	31	30	31	24	24	33	28	33	23	25	20	32	24	36	34	33	20	36	21	24	40	32	23	38	39	31	23	21	20	21	29	34	27	34	37	24	39	37	35	22	23	28	34	32	35	36	36	31	37	24	28	21	24	35	24	34	28	37	38	28	32	28	22	24	25	21	40	27	37	36	22	21	40	36	20	32	26	22	32	20	30	40	28	25	30	39	21	28	28	39	21	39	21	40	21	30	22	32	39	21	25	26	26	34	29	28	28	39	25	24	35	39	23	24	29	31	32	25	28	29	32	40	23	21	38	26	28	35	25	26	36	34	37	27	39	33	24	29	29	29	25	29	24	36	24	23	24	26	28	22	22	37	27	25	29	37	32	34	21	40	26	39	30	33	32	29	32	20	24	23	22	22	33	25	20	34	39	37	40	39	34	27	38	26	30	26	38	28	20	33	33	38	34	40	20	27	23	39	25	23	35	22	30	28	34	33	36	40	21	34	20	22	25	30	27	20	24	28	22	20	32	21	24	25	32	40	34	25	38	32	20	39	30	38	31	33	35	37	30	22	36	32	27	28	25	37	24	40	26	21	38	38	30	25	21	23	37	32	37	26	40	20	29	25	27	20	38	26	29	26	36	29	24	39	20	28	24	37	35	31	24	32	34	32	23	27	23	25	38	20	20	26	25	23	31	32	31	22	22	22	36	21	21	21	24	23	39	38	25	38	32	38	30	21	33	35	23	20	24	35	24	37	35	34	24	24	34	27	28	28	33	36	28	39	38	34	31	31	22	31	24	29	21	40	24	25	25	23	26	36	36	24	26	37	23	22	26	35	35	40	24	34	21	20	33	38	38	29	22	26	37	31	24	29	24	25	39	20	28	37	33	31	32	38	40	21	26	21	33	34	28	36	21	35	28	26	28	35	29	27	26	21	29	30	36	36	34	22	29	30	37	40	22	37	31	28	28	34	30	37	24	38	28	38	21	32	25	32	37	30	24	36	20	26	20	39	34	26	20	26	23	40	20	28	36	27	35	21	28	33	21	40	40	25	26	27	37	25	33	35	21	32	36	37	20	33	34	36	22	20	25	24	35	27	38	30	37	23	21	37	28	22	27	28	36	36	22	39	34	31	31	21	25	28	31	24	29	26	25	31	38	36	37	32	23	31	21	34	21	24	38	40	20	34	31	39	24	25	37	26	39	36	40	34	30	36	35	28	37	23	32	40	27	30	38	29	20	21	25	32	34	36	38	23	32	25	30	32	27	33	29	23	38	31	31	39	21	24	35	35	34	24	29	21	32	34	29	26	35	24	35	23	22	36	25	40	27	22	20	24	34	29	32	21	23	33	38	25	34	34	31	39	20	39	22	24	24	32	40	36	22	38	32	38	31	35	22	33	35	28	38	35	21	20	37	34	25	21	27	36	38	28	36	30	30	31	38	38	36	24	32	33	35	32	40	34	36	31	27	27	39	29	33	32	39	36	33	27	38	33	40	29	35	40	22	21	30	34	28	29	21	20	27	33	33	33	40	24	33	30	21	36	35	29	20	32	30	21	40	31	26	27	40	35	23	32	37	20	36	32	34	26	40	26	34	23	20	31	38	25	31	35	29	40	40	32	40	36	30	29	21	40	38	20	27	35	25	30	32	37	20	35	27	37	38	32	35	20	21	24	28	29	29	39	24	35	30	23	29	30	36	22	26	27	24	32	30	36	31	38	20	24	24	22	29	22	27	36	39	29	23	38	21	32	28	24	34	21	28	34	23	36	32	33	26	28	28	33	20	40	22	22	30	38	30	32	38	39	24	35	31	40	32	36	40	29	24	25	36	36	31	30	21	37	38	32	33	31	31	40	31	28	30	26	33	31	23	21	34	33	37	29	25	40	22	31	20	34	29	24	40	31	27	28	23	26	33	31	23	24	39	40	21	28	23	34	21	34	32	28	22	25	22	23	28	37	23	26	26	21	23	27	20	28	28	40	28	39	39	21	34	37	25	29	32	29	25	25	23	21	39	32	32	33	32	20	30	26	26	27	27	28	40	32	36	23	35	22	30	35	27	22	40	27	20	20	22	25	25	29	31	39	34	30	20	36	34	26	27	36	40	40	37	39	24	29	37	38	40	35	20	39	25	22	25	33	29	30	25	31	34	33	24	36	40	32	21	21	23	38	25	20	27	39	31	24	35	24	22	24	37	22	26	36	30	36	31	33	25	37	33	20	33	25	36	27	21	33	35	25	26	35	22	21	38	25	25	30	22	29	40	27	36	37	21	36	38	25	36	24	35	40	20	36	20	34	26	27	27	27	33	21	30	27	32	39	35	22	29	27	28	27	21	31	20	34	25	24	33	30	21	25	24	22	24	39	31	27	34	30	32	35	37	33	39	20	30	35	35	28	20	28	23	30	35	27	27	33	30	25	38	34	40	27	31	30	21	23	22	25	32	25	21	33	24	32	28	25	32	25	33	28	21	21	29	36	26	29	32	32	22	32	34	36	22	36	40	26	36	24	30	25	28	40	23	34	37	21	34	26	26	30	27	33	35	35	37	22	40	30	39	21	29	26	26	27	25	28	32	31	27	36	37	32	27	35	28	35	26	36	34	36	26	24	28	28	22	24	22	28	24	34	37	28	37	29	37	24	33	36	31	20	36	27	20	30	29	34	26	20	25	30	31	31	38	31	29	37	30	22	22	39	31	26	28	28	37	29	35	26	37	36	39	26	21	25	28	31	21	21	33	23	22	24	34	38	26	35	29	32	32	33	25	37	21	23	30	20	31	27	32	40	34	22	40	35	37	32	33	40	37	20	23	25	28	21	25	39	20	27	29	36	39	28	35	28	35	26	39	28	31	25	30	25	20	22	31	35	21	29	34	40	27	33	31	21	31	28	31	39	23	33	20	23	40	32	35	23	22	35	38	32	24	37	31	30	32	24	40	34	36	23	24	31	33	20	36	34	28	27	31	25	31	22	32	37	25	29	21	28	26	33	28	27	35	38	32	40	33	24	39	20	24	24	39	22	34	22	20	27	36	39	37	20	29	23	27	29	29	39	23	20	24	21	29	28	32	29	38	38	23	23	27	35	22	39	27	21	22	36	23	21	24	38	37	30	36	36	22	23	32	38	37	39	31	26	22	23	27	25	35	28	30	20	38	33	35	36	32	38	40	40	27	26	27	26	34	32	32	22	25	38	40	30	33	25	24	23	30	40	40	27	28	22	40	33	40	34	29	35	39	36	31	32	40	34	24	32	26	36	39	31	21	38	39	36	20	34	39	28	29	40	23	31	34	27	31	35	35	24	38	33	26	28	35	38	39	21	36	35	29	29	39	21	34	21	27	31	36	22	20	21	36	29	25	30	37	39	24	33	21	25	33	37	28	31	26	32	35	21	22	25	39	21	28	24	31	32	27	36	22	34	21	32	34	27	38	26	36	28	40	37	26	24	35	28	39	24	38	37	36	24	35	22	38	31	33	40	37	30	37	39	29	21	36	25	32	30	32	20	23	35	37	40	21	38	31	21	28	32	21	34	40	35	34	37	37	23	31	35	40	31	30	27	40	37	29	25	35	29	30	21	36	35	40	38	37	25	26	39	39	39	25	30	20	38	40	20	31	28	23	26	31	20	33	38	30	28	36	33	24	30	31	38	22	35	38	32	34	36	28	26	28	28	34	35	24	25	37	29	32	33	23	26	32	24	32	22	37	30	35	21	22	31	34	36	25	26	22	29	31	36	21	34	39	20	35	35	39	27	21	24	20	40	37	38	34	33	25	24	23	25	30	27	33	22	33	37	29	25	21	39	35	37	34	36	20	33	33	40	34	36	37	21	27	34	29	36	25	37	35	31	39	40	39	38	27	23	27	37	23	23	40	22	30	35	25	26	29	22	23	37	33	23	31	20	30	34	29	20	29	20	39	38	26	23	31	34	39	38	37	37	22	34	37	40	21	38	20	27	27	21	32	26	26	32	29	37	29	25	27	27	36	24	31	25	22	30	21	24	26	37	33	39	31	20	33	39	28	34	27	33	20	34	24	23	21	29	40	24	23	22	24	31	36	25	30	34	23	35	29	22	32	39	30	28	25	27	27	23	31	23	25	25	28	32	26	30	24	32	33	33	20	28	21	40	30	34	37	35	25	31	25	32	25	21	22	37	35	33	21	40	29	30	40	39	23	32	25	28	30	30	30	22	31	24	29	34	30	36	24	25	24	37	40	39	36	32	26	30	29	29	40	29	27	39	38	27	33	21	34	24	26	31	31	28	25	29	28	29	24	29	39	37	24	35	30	31	27	31	39	29	25	40	37	26	22	33	39	25	22	29	32	20	26	24	28	30	32	28	32	25	37	37	26	21	21	39	36	25	28	25	23	30	24	36	30	20	29	32	29	22	39	35	40	31	38	27	22	38	34	39	39	33	23	32	25	23	24	39	38	26	22	33	28	34	26	24	35	31	33	27	23	33	35	36	29	26	36	40	32	26	29	25	37	24	20	25	38	27	24	33	35	33	35	24	37	35	30	34	35	35	20	30	39	31	38	29	33	31	26	26	30	36	33	20	24	22	24	22	21	24	30	32	34	23	24	25	39	34	28	36	40	30	37	25	30	31	25	35	26	20	37	37	37	21	34	35	22	35	30	26	39	27	38	29	26	26	23	35	33	35	22	24	20	28	39	29	30	35	32	29	26	24	38	23	24	30	23	26	29	29	23	22	40	24	31	27	21	38	20	21	23	36	22	28	38	22	20	29	23	24	23	24	21	29	40	39	21	40	37	32	25	33	40	29	39	23	26	40	22	30	40	24	40	34	25	26	23	35	20	34	25	26	21	24	30	37	38	24	39	27	24	32	37	37	27	24	21	20	32	22	39	27	37	29	33	27	40	37	38	32	20	30	28	30	29	29	33	29	27	36	29	31	29	36	37	25	30	25	35	36	20	35	34	22	28	26	31	35	30	39	40	23	30	21	24	22	28	28	35	20	34	35	20	30	27	37	26	22	32	32	32	38	39	33	22	37	31	35	38	22	39	20	23	36	34	40	34	25	24	26	23	26	33	40	25	27	34	38	28	20	21	26	39	34	23	30	31	39	27	31	35	24	27	29	36	31	26	37	37	20	24	36	31	39	40	35	37	22	27	36	39	22	35	29	36	33	39	24	38	37	26	34	21	21	28	36	21	30	25	29	25	35	34	33	38	28	40	20	20	39	30	39	23	23	36	23	21	22	20	39	24	24	32	21	37	38	28	24	28	29	33	37	27	37	20	25	36	21	32	39	30	22	39	23	28	23	20	27	30	23	25	26	22	38	33	32	22	26	40	26	28	21	39	28	27	22	35	34	33	20	30	29	25	24	21	20	39	25	24	26	40	31	29	38	39	37	20	23	22	21	23	20	33	29	40	30	33	38	27	34	21	27	29	29	40	21	29	28	23	29	25	23	32	34	28	31	40	30	31	27	24	24	24	31	32	26	38	21	29	40	40	34	21	28	37	23	31	32	24	23	20	30	26	32	25	32	26	24	31	34	26	27	27	31	37	29	37	35	39	39	31	27	22	26	25	33	26	37	33	22	38	26	36	29	36	22	26	29	32	28	40	26	36	35	38	35	25	34	35	21	21	34	23	22	30	36	26	28	38	34	33	36	25	21	38	21	38	33	28	22	29	36	39	39	37	36	22	38	26	21	23	22	39	23	26	35	36	40	38	37	29	27	23	24	35	32	24	35	28	21	38	31	34	30	35	37	25	20	20	20	29	31	38	39	40	35	40	31	26	38	25	39	36	39	25	31	32	31	21	24	23	39	33	40	30	29	35	29	38	36	39	40	23	33	21	31	26	37	36	25	32	39	21	29	28	36	29	22	32	20	38	38	40	30	36	40	39	39	22	24	38	22	31	28	31	21	24	21	37	28	22	27	30	30	21	22	29	28	36	29	31	20	23	35	20	34	37	28	31	37	40	22	35	35	22	20	24	38	38	32	25	28	24	23	23	20	30	20	21	28	25	23	33	23	27	34	35	40	24	37	23	34	32	27	23	23	24	25	30	20	21	29	29	20	29	36	26	30	40	38	28	33	38	28	25	32	35	40	25	35	24	25	32	29	34	32	28	26	34	31	33	24	36	35	25	30	29	39	32	22	25	36	32	35	39	30	34	24	24	35	30	37	22	22	25	26	37	30	33	34	35	39	21	22	33	23	36	20	24	34	27	30	32	21	31	31	34	32	34	26	24	35	24	28	33	28	35	29	27	38	39	20	26	22	28	29	24	36	31	32	26	23	30	22	40	25	33	34	24	34	21	27	20	32	24	22	34	39	37	31	32	22	37	27	30	23	40	23	40	36	20	20	24	34	35	32	20	40	20	20	22	23	32	35	31	30	34	30	40	34	32	22	37	20	36	20	38	25	33	26	38	29	26	38	22	27	35	31	23	27	32	28	21	30	31	31	24	29	21	29	28	38	40	34	36	38	20	39	37	34	32	32	23	38	20	30	28	38	21	36	39	35	30	37	27	29	26	29	26	24	39	25	29	35	20	39	20	22	25	32	31	31	26	24	37	23	30	26	34	35	36	39	27	24	35	23	33	33	21	32	22	31	26	21	25	29	26	40	25	31	27	40	22	30	38	35	25	33	33	34	40	38	24	31	21	38	27	26	39	24	33	32	39	21	28	23	39	20	38	22	29	37	35	25	38	35	23	35	21	23	31	21	38	23	33	30	21	21	26	35	37	38	36	21	31	26	28	29	27	25	26	38	25	33	27	20	20	26	28	35	24	26	29	29	36	31	21	35	27	25	38	24	36	36	28	30	22	33	34	29	25	36	28	31	20	31	25	23	20	39	31	21	20	25	29	33	39	38	28	30	31	23	24	37	39	23	33	23	26	21	23	29	39	36	32	33	
29	40	29	36	45	11	44	44	18	14	46	29	12	18	31	36	38	21	43	23	36	23	39	29	34	17	34	46	35	10	31	35	12	45	21	10	48	39	46	16	48	17	41	15	31	26	11	32	39	22	10	17	10	18	22	12	43	38	14	48	16	21	13	50	38	38	33	33	41	22	44	10	28	28	17	49	30	44	32	43	23	45	36	35	22	11	24	50	25	21	22	36	17	10	26	33	10	39	50	16	20	23	29	21	44	45	18	14	39	42	32	24	50	30	40	42	49	31	34	34	18	36	28	44	16	31	10	37	17	36	20	14	14	10	34	21	35	20	16	26	11	17	16	18	25	27	36	41	48	16	46	42	39	43	28	13	18	38	39	47	26	31	28	23	17	14	32	37	37	42	30	50	17	11	45	21	35	17	34	27	46	27	49	35	12	41	42	43	42	43	44	28	35	21	36	36	40	13	33	41	37	29	14	48	42	23	31	37	26	36	38	44	20	34	29	42	30	40	40	24	43	17	47	15	39	49	14	26	47	17	10	19	31	11	30	46	33	13	36	29	49	47	20	39	18	25	46	33	14	19	36	24	40	28	49	11	24	30	17	12	34	16	46	16	29	40	31	50	19	10	21	15	36	27	31	24	17	12	40	37	25	38	23	24	38	15	13	22	20	16	15	46	12	28	41	27	44	23	47	12	35	34	50	18	47	48	35	44	13	31	37	15	19	37	21	42	15	40	42	42	44	27	20	10	25	25	28	24	47	10	31	29	29	23	34	31	20	46	10	35	33	35	26	22	31	26	35	41	40	39	17	24	30	42	35	13	11	35	30	33	42	31	46	12	27	38	26	50	49	34	42	18	34	30	10	36	31	42	43	25	27	33	30	47	19	40	22	19	48	27	48	19	48	15	11	31	27	16	46	29	22	30	21	31	25	50	42	36	25	16	50	39	45	34	12	50	24	41	43	30	41	32	14	17	20	32	12	24	46	11	17	22	17	24	30	18	19	19	43	42	39	49	17	28	49	37	48	50	25	24	28	10	28	19	21	40	27	12	38	11	41	10	32	16	21	34	42	24	28	21	25	24	20	38	46	46	17	46	28	12	48	50	21	28	26	16	39	33	46	23	33	45	38	33	12	13	30	32	35	21	15	35	41	29	47	43	28	47	18	47	35	21	41	16	33	45	32	45	32	32	11	45	27	38	26	18	50	18	31	36	45	35	39	49	21	41	46	45	38	26	16	11	18	39	39	15	28	25	24	33	42	18	45	39	14	28	40	26	46	17	43	35	12	31	48	43	50	24	32	22	46	28	30	18	12	13	40	44	26	46	48	43	19	50	39	44	16	26	27	27	25	32	21	50	19	44	46	26	17	24	16	35	34	39	47	27	30	37	12	32	21	28	10	21	37	50	12	37	34	20	16	50	26	40	43	40	38	46	43	19	16	34	42	12	13	40	22	18	32	14	50	31	43	49	50	18	28	31	33	30	49	12	33	23	34	14	14	45	32	14	43	10	18	19	48	34	17	17	15	30	40	41	34	38	45	22	42	24	11	20	47	43	46	49	35	27	37	20	35	42	20	10	26	10	26	13	22	20	19	15	30	22	26	21	17	14	39	43	23	48	23	12	11	24	23	33	39	22	31	31	20	44	16	22	28	48	11	12	49	40	39	30	47	24	23	39	20	29	37	14	44	39	33	20	43	14	47	20	43	28	27	10	48	28	44	44	44	12	26	21	17	31	38	14	20	48	12	28	37	21	19	22	38	48	14	38	30	20	25	44	41	33	37	16	13	16	21	48	45	45	33	42	14	15	30	22	18	39	37	46	48	10	11	31	13	12	26	22	18	35	34	20	13	16	40	30	35	35	24	29	35	12	44	31	25	43	16	40	19	18	38	23	48	48	42	34	16	44	24	16	35	16	43	33	26	38	23	30	19	16	22	22	42	48	39	31	29	30	19	40	28	38	16	38	23	40	35	27	16	30	18	15	26	13	33	45	46	27	24	36	43	18	29	24	43	16	12	30	32	18	41	49	32	44	16	12	44	49	33	15	27	42	22	23	12	15	48	44	49	46	28	35	35	31	46	47	45	10	25	39	42	38	43	30	50	49	50	21	32	12	16	41	19	40	46	35	47	24	50	41	23	41	46	31	50	23	13	45	34	50	40	13	33	27	48	28	37	39	17	21	40	31	28	19	27	20	22	46	50	37	10	33	38	32	28	28	16	16	16	13	28	33	28	39	16	36	17	38	30	35	41	24	22	35	40	26	48	45	33	28	35	25	31	13	15	30	40	12	20	28	15	36	16	29	33	19	26	14	43	23	48	49	44	15	46	12	14	26	19	34	11	17	21	15	26	19	16	23	30	29	40	40	33	20	43	49	35	50	10	21	49	10	37	17	39	41	28	23	12	21	18	24	48	49	35	10	14	21	26	22	33	40	31	38	30	27	13	31	37	43	47	27	14	12	43	10	45	14	26	38	37	39	24	28	26	37	34	48	40	16	34	14	28	50	21	35	19	34	29	36	10	36	31	19	31	33	44	49	16	28	47	45	50	12	40	23	46	35	45	50	34	38	34	12	11	45	30	40	13	13	45	12	39	31	50	19	14	50	27	11	14	30	26	14	42	15	13	40	22	29	46	11	49	11	24	44	11	29	20	11	13	49	48	41	22	24	33	37	15	44	20	26	43	23	34	24	38	44	44	39	23	22	42	25	47	11	12	39	22	16	20	48	33	48	24	39	44	20	24	20	13	42	28	47	40	10	25	36	27	13	48	16	36	20	20	30	49	41	46	17	23	22	17	32	10	13	12	26	26	21	11	28	13	48	29	37	32	29	26	29	44	24	19	25	48	17	39	15	50	16	29	48	19	20	30	31	21	21	30	45	30	15	14	33	25	16	10	32	17	33	35	32	28	14	50	43	23	17	15	21	37	11	32	20	12	46	23	35	38	44	41	43	27	13	36	22	22	41	49	27	22	25	19	15	23	28	23	10	44	47	25	37	37	41	40	43	32	22	24	44	30	26	25	49	11	44	15	47	38	18	42	34	34	43	35	16	41	30	16	27	11	38	47	10	39	49	41	48	22	25	11	16	10	14	50	24	44	37	21	13	20	10	35	42	48	49	50	28	12	13	40	40	49	35	27	25	37	50	32	13	46	19	21	33	32	11	30	47	15	20	16	15	46	45	37	19	35	47	21	48	20	23	16	12	37	15	10	36	20	28	39	49	42	38	41	12	15	44	33	48	50	48	11	40	13	43	23	27	17	22	25	14	38	24	46	20	39	41	17	46	14	30	10	35	36	37	26	35	14	12	48	36	38	23	12	17	46	41	43	14	36	30	39	19	36	41	44	27	24	17	34	43	49	18	12	18	16	29	45	19	39	14	29	50	23	42	36	15	45	43	11	21	14	24	20	10	26	38	38	29	29	29	16	15	38	27	43	32	28	41	35	46	12	15	35	19	26	48	39	47	35	12	37	46	46	30	35	39	20	20	16	27	41	31	23	47	41	22	47	32	42	36	43	24	37	27	23	45	50	46	41	50	13	16	35	28	28	31	41	44	12	21	13	20	47	36	19	43	30	28	13	31	20	19	45	21	24	27	29	25	25	50	45	20	48	18	24	49	37	12	47	13	23	46	49	18	43	21	22	24	40	19	49	48	15	24	38	41	46	37	21	11	36	35	39	34	37	31	41	26	12	17	25	39	24	49	47	31	16	48	21	10	10	29	30	21	47	47	50	29	45	42	47	41	22	16	43	47	32	32	41	50	39	43	37	28	18	26	26	17	17	23	20	22	34	23	14	20	21	10	27	48	11	48	11	44	27	27	10	29	38	34	43	19	46	11	27	32	16	29	15	17	28	31	29	37	24	26	48	15	16	40	38	34	30	17	32	41	13	24	19	49	24	41	34	45	46	38	25	30	32	45	49	21	18	26	12	35	11	12	20	26	17	41	29	40	21	17	37	41	10	18	40	38	13	39	10	46	10	39	25	10	27	38	25	48	24	12	29	27	37	15	24	32	44	27	46	23	48	11	33	33	44	37	44	15	30	32	49	20	15	26	16	24	22	10	30	44	24	25	34	11	15	41	31	11	29	32	17	24	30	11	47	46	22	45	42	41	22	24	38	20	48	34	25	19	11	39	10	13	23	28	16	28	16	34	26	26	15	20	29	42	12	37	15	41	20	44	31	21	35	19	32	14	22	10	47	38	24	39	26	14	40	25	43	26	43	47	16	23	14	18	28	27	25	28	26	47	18	31	46	18	39	35	41	41	40	16	21	37	46	21	22	46	30	43	29	16	26	27	27	45	37	39	33	28	11	43	25	43	19	40	25	33	36	12	20	31	24	28	23	27	25	13	45	37	12	45	34	37	50	26	39	48	48	29	41	13	43	13	31	40	26	45	47	22	49	27	38	11	16	20	42	37	46	19	32	38	32	35	13	48	46	41	46	34	26	40	37	36	31	23	39	35	28	30	15	36	30	25	50	25	47	27	32	37	30	35	20	39	18	17	43	38	24	24	37	41	15	27	18	42	38	20	38	31	19	32	40	15	40	28	43	21	21	11	11	47	38	22	38	17	25	18	13	18	29	22	38	38	18	26	44	44	36	16	23	14	12	24	37	19	11	14	36	17	48	10	18	46	34	26	21	26	22	41	18	27	41	28	46	38	14	41	38	37	17	38	12	46	17	49	23	36	27	35	34	35	50	18	38	13	29	43	16	21	14	10	27	24	22	48	49	37	49	26	10	25	45	49	44	15	47	45	45	26	17	46	14	11	30	47	19	50	35	25	42	44	43	42	36	30	16	35	32	46	11	27	47	26	39	11	23	41	23	32	32	29	27	42	15	16	42	35	37	22	46	18	13	44	18	18	41	42	44	33	25	35	35	37	13	39	21	44	26	44	39	30	28	14	35	27	23	12	23	44	31	22	10	17	40	31	13	47	19	21	28	48	22	42	41	20	50	23	27	28	33	44	25	18	21	41	37	46	25	26	50	27	46	29	12	27	35	42	42	28	50	29	28	23	44	28	43	12	40	41	35	40	39	29	34	24	40	18	21	12	49	38	21	13	50	22	14	50	50	31	34	20	38	11	39	46	12	30	11	17	43	38	17	34	31	19	28	12	20	28	21	43	50	28	22	14	50	21	28	32	49	43	41	36	11	29	32	37	20	11	30	30	46	36	50	22	36	35	10	16	17	18	19	20	15	46	22	15	31	46	33	28	28	41	27	30	38	12	28	34	30	40	38	15	45	44	39	24	11	45	10	42	33	16	49	29	45	49	25	40	23	35	25	22	39	12	43	47	42	31	21	39	31	14	40	47	28	11	21	29	24	38	22	42	39	26	17	24	22	40	11	24	11	49	15	28	44	48	21	41	32	22	32	49	49	35	47	40	30	37	47	46	11	25	26	22	14	44	33	41	15	14	25	11	25	35	24	33	22	16	12	48	15	38	33	16	31	41	21	48	30	12	16	15	20	44	16	16	28	31	44	34	43	16	45	48	19	36	14	48	10	16	21	31	50	17	16	37	47	11	24	16	24	36	46	44	28	47	13	29	25	24	20	25	29	32	16	15	11	40	29	28	37	20	17	34	42	30	12	15	50	37	17	39	31	17	33	16	30	31	20	25	43	36	30	32	24	42	10	20	49	35	49	41	15	15	14	45	37	45	15	44	29	27	46	22	15	46	23	48	15	16	17	20	38	36	30	18	42	17	37	37	27	23	36	28	46	11	22	35	13	10	37	30	42	41	49	49	45	31	26	30	10	13	39	47	18	21	45	28	11	34	10	19	25	33	34	46	35	30	46	40	38	27	17	16	23	17	29	34	17	31	14	21	11	11	34	31	30	33	16	25	41	14	23	42	20	44	31	27	28	26	46	23	19	17	31	40	12	48	38	31	50	50	32	42	36	19	28	36	20	21	35	36	14	19	16	21	16	35	14	17	45	35	13	11	42	25	19	31	25	40	40	26	49	42	17	40	42	26	10	17	17	13	34	24	40	44	31	50	34	26	12	41	39	12	21	17	35	45	23	18	38	13	14	24	42	29	47	18	15	43	15	40	47	10	47	43	15	10	40	41	18	37	28	22	30	17	43	27	44	33	15	44	31	27	45	27	25	20	18	21	23	49	23	47	16	43	21	30	17	29	46	32	48	47	24	47	14	22	48	13	47	50	39	24	16	13	30	22	27	37	25	35	23	32	46	13	44	49	34	37	33	37	30	26	27	26	12	18	28	46	50	11	48	17	34	10	45	40	38	22	33	25	31	22	33	12	37	35	34	39	15	28	50	47	25	17	26	12	13	40	42	35	50	16	18	11	12	31	33	37	16	31	31	38	37	38	17	32	17	24	15	50	16	30	22	45	21	43	31	48	21	49	27	43	30	32	34	12	49	49	47	42	49	26	17	12	25	18	34	16	39	26	16	45	10	47	20	43	44	34	46	40	48	18	35	15	23	13	10	22	44	17	44	48	25	21	19	10	46	25	32	40	24	28	31	20	49	42	30	30	43	17	42	49	33	22	21	46	11	44	15	39	39	23	41	20	40	18	24	18	13	45	15	17	25	50	48	18	12	10	39	24	19	45	13	45	19	25	22	32	36	40	27	31	15	28	45	42	46	13	19	48	39	31	33	41	13	30	14	17	36	37	43	37	17	24	39	25	11	23	26	42	30	45	50	28	48	20	23	10	32	42	32	48	34	39	43	18	32	11	37	16	41	27	20	17	18	39	14	32	29	50	50	48	44	22	23	41	36	10	23	46	42	27	18	18	12	13	40	32	12	49	32	16	15	43	16	14	23	11	18	13	35	29	50	27	10	30	23	50	23	36	21	19	37	45	46	39	24	48	42	39	47	46	19	46	27	21	50	17	45	19	37	20	41	38	13	42	11	18	28	32	21	41	24	49	31	19	21	38	42	48	15	18	26	48	33	43	14	15	27	47	46	16	25	50	50	38	17	39	20	36	43	49	11	49	40	33	35	24	21	46	38	25	50	12	43	19	30	20	31	20	25	31	48	14	44	23	42	34	50	28	47	24	45	48	17	45	34	23	20	24	24	22	45	49	29	18	10	25	30	46	39	40	22	31	43	42	38	41	20	21	15	31	15	18	32	32	29	32	26	48	29	23	36	47	12	41	20	48	30	40	27	18	17	29	23	36	21	21	14	19	37	36	23	34	17	13	22	37	50	48	10	36	44	48	24	39	16	46	44	47	33	48	50	28	43	23	15	14	17	36	31	31	13	40	29	41	32	45	20	34	10	13	16	18	17	21	35	38	35	18	14	18	22	23	46	25	14	26	17	37	44	34	43	44	12	29	11	48	15	36	45	43	35	47	29	36	10	29	47	12	33	42	48	40	18	40	41	19	14	42	25	32	39	27	30	18	36	49	48	24	26	40	43	11	14	29	47	14	25	24	15	24	20	33	44	42	15	13	32	38	25	16	26	29	38	50	27	23	47	20	43	32	20	33	50	23	10	38	46	36	44	11	49	10	41	26	47	44	25	29	48	22	40	43	48	40	13	18	23	29	25	11	34	18	25	21	14	24	15	26	33	40	19	35	22	42	36	34	26	25	28	40	33	22	38	37	46	42	24	25	12	24	14	36	40	24	37	16	12	44	42	49	25	46	12	32	35	38	47	34	17	46	27	11	16	26	24	32	48	24	34	15	24	28	26	38	16	49	34	45	13	44	21	18	11	41	26	25	43	29	38	47	18	45	25	26	35	12	49	33	32	39	46	26	36	43	32	31	41	11	12	39	31	22	14	44	17	47	31	48	33	42	37	29	47	43	43	32	25	25	36	44	44	23	41	29	43	34	35	42	41	32	40	16	35	
0.5
70
