3960
100
0	0	0	0	0	48	0	0	0	500	0	0	0	0	0	0	48	192	0	0	0	0	0	0	0	0	0	0	0	0	0	0	0	0	0	0	0	0	0	0	0	0	0	0	0	0	0	0	0	0	0	0	0	0	0	0	0	0	0	0	0	0	0	0	0	0	0	0	0	0	0	0	0	0	0	0	0	0	0	0	0	0	0	0	0	0	0	0	0	0	0	0	0	0	0	0	0	0	0	0	
0	0	0	0	0	0	0	48	96	0	0	0	0	0	0	0	0	0	0	0	0	0	0	0	0	0	0	0	0	0	0	0	0	0	0	0	0	0	0	0	0	0	0	0	0	0	0	0	0	0	0	0	0	0	0	0	0	0	0	0	0	0	0	0	0	0	0	0	0	0	0	0	0	0	0	0	0	0	0	0	0	0	0	0	0	0	0	0	0	0	0	0	0	0	0	0	0	0	0	0	
0	0	0	0	0	0	0	0	0	0	96	0	0	0	0	0	0	0	0	0	0	0	0	0	0	0	0	0	0	0	0	0	0	0	0	0	0	0	0	0	0	0	0	0	0	0	0	0	0	0	0	0	0	0	0	0	0	0	0	0	0	0	0	0	0	0	0	0	0	48	0	0	0	0	0	0	0	0	0	0	0	0	0	0	0	0	0	0	0	0	0	0	0	0	0	0	0	0	0	0	
0	0	0	0	0	0	0	0	0	0	0	0	0	0	0	0	0	0	0	0	48	0	0	0	0	0	0	0	0	0	0	0	0	192	0	0	0	0	0	0	0	0	0	0	0	0	0	0	0	0	0	0	0	0	0	0	0	0	0	0	0	0	0	0	0	0	0	0	0	0	0	0	0	0	0	0	0	0	0	0	0	0	0	0	0	0	0	96	0	0	0	0	0	0	0	0	0	0	0	0	
0	0	0	0	0	0	0	0	0	0	0	0	0	0	0	0	0	0	0	0	0	0	0	0	0	0	0	0	0	0	192	0	0	0	192	0	0	0	0	0	0	0	0	0	0	0	0	0	0	0	0	0	0	0	0	0	0	0	0	0	0	0	0	0	0	0	0	0	0	0	0	0	0	0	0	0	0	0	0	0	0	0	0	0	0	0	0	0	0	0	0	0	0	0	0	0	0	0	96	0	
48	0	0	0	0	0	0	0	0	0	0	0	0	500	0	0	0	0	0	0	0	0	0	0	0	0	0	0	0	0	0	0	0	0	0	0	96	0	0	0	0	0	0	0	0	0	0	0	0	0	0	0	0	0	0	0	0	0	0	0	0	0	0	0	0	0	0	0	0	0	0	0	0	0	0	0	0	0	0	0	0	0	0	0	0	0	500	0	0	0	0	0	0	0	0	0	0	0	0	0	
0	0	0	0	0	0	0	0	0	0	0	0	0	0	48	0	0	0	0	0	0	0	0	0	0	0	0	0	0	0	0	0	0	0	0	0	0	0	0	0	0	0	192	0	0	0	0	0	0	0	0	0	0	0	0	0	0	0	192	0	0	0	0	0	0	0	0	0	0	0	0	0	0	0	0	0	0	0	0	0	0	0	0	0	0	0	0	0	500	0	0	0	0	0	0	0	0	0	0	0	
0	48	0	0	0	0	0	0	0	0	0	0	0	0	0	0	0	0	0	0	0	0	0	0	0	0	0	0	0	0	0	0	0	0	0	0	0	192	0	0	0	0	0	0	0	0	0	0	0	0	0	0	0	0	0	0	0	0	0	0	0	0	0	0	0	0	0	0	0	0	0	0	0	0	0	0	0	0	0	0	0	0	0	0	0	0	0	0	0	0	0	0	0	0	0	0	0	0	0	0	
0	96	0	0	0	0	0	0	0	0	0	0	0	0	0	0	0	0	0	0	0	0	0	0	48	0	0	0	0	0	0	0	0	0	0	0	0	0	0	0	0	0	0	0	0	0	0	0	0	0	0	0	0	0	0	0	0	0	0	0	0	0	0	0	0	0	0	0	0	0	0	0	0	0	0	0	0	0	0	0	0	0	0	0	0	0	0	0	0	0	0	0	0	0	0	0	0	0	0	0	
500	0	0	0	0	0	0	0	0	0	0	0	0	0	0	0	0	0	0	0	0	0	0	0	0	0	0	0	0	0	0	0	0	0	0	0	0	0	0	0	0	0	0	0	0	0	0	0	0	0	0	0	0	48	0	0	0	0	0	0	0	0	0	0	0	0	0	96	0	0	0	0	0	0	0	0	0	0	0	0	0	0	0	0	0	0	0	0	0	0	0	0	0	0	0	0	0	0	0	0	
0	0	96	0	0	0	0	0	0	0	0	0	500	0	0	0	0	0	0	0	0	0	0	0	0	0	0	0	0	0	0	0	0	0	0	0	0	0	0	0	0	0	0	0	0	0	0	0	0	0	0	0	0	0	0	0	0	0	0	0	0	0	0	0	0	0	0	0	0	0	0	0	0	0	0	0	0	0	0	0	0	0	0	0	0	0	0	0	0	0	0	0	0	0	0	0	0	0	0	0	
0	0	0	0	0	0	0	0	0	0	0	0	0	0	0	0	0	0	0	0	0	0	0	0	0	0	0	0	0	0	0	0	0	0	0	0	0	0	192	0	0	0	0	0	0	0	0	0	192	0	0	0	0	0	0	0	0	0	0	0	0	0	0	0	0	0	0	0	0	0	0	0	0	0	48	0	0	0	0	0	0	0	0	0	0	0	0	0	0	0	0	0	0	0	0	0	0	0	0	0	
0	0	0	0	0	0	0	0	0	0	500	0	0	0	0	0	0	0	0	0	0	0	0	0	0	0	0	0	0	0	0	0	0	0	0	0	0	0	0	0	0	0	0	0	0	0	0	0	0	0	0	0	0	0	0	0	0	0	0	0	0	0	0	0	0	500	0	0	0	0	0	0	0	0	0	0	0	0	0	0	0	0	0	0	96	0	0	0	0	0	0	0	0	0	0	0	0	0	0	0	
0	0	0	0	0	500	0	0	0	0	0	0	0	0	0	0	0	0	0	0	0	0	0	0	0	0	0	0	0	0	0	0	0	0	0	0	192	0	0	0	0	0	0	0	0	0	0	0	0	0	0	0	0	0	0	0	0	0	0	0	0	0	0	0	0	0	0	0	0	0	0	0	0	0	0	0	0	0	0	0	0	0	0	0	0	0	192	0	0	0	0	0	0	0	0	0	0	0	0	0	
0	0	0	0	0	0	48	0	0	0	0	0	0	0	0	0	0	0	0	0	0	0	0	0	0	0	0	0	0	0	0	0	0	0	0	0	0	0	0	0	0	0	0	0	0	0	0	0	0	0	0	0	0	0	0	0	0	0	0	0	0	0	0	0	0	0	0	0	0	0	0	0	0	0	0	0	0	0	0	0	0	0	0	0	0	0	0	0	192	0	0	0	0	0	0	0	0	0	0	0	
0	0	0	0	0	0	0	0	0	0	0	0	0	0	0	0	0	0	0	0	0	0	0	0	0	0	0	0	0	0	0	0	0	0	0	0	0	0	0	0	0	0	0	0	0	0	0	0	0	0	0	0	500	0	0	0	48	0	0	0	0	0	0	0	0	0	0	0	0	0	0	0	0	0	0	0	0	0	0	0	96	0	0	0	0	0	0	0	0	0	0	0	0	0	0	0	0	48	0	0	
48	0	0	0	0	0	0	0	0	0	0	0	0	0	0	0	0	500	0	0	0	0	0	0	0	0	0	0	0	0	0	0	0	0	0	0	0	0	0	0	0	0	0	0	0	0	0	0	0	0	0	0	0	0	0	0	0	0	0	0	0	0	0	0	0	0	0	0	0	0	0	0	0	0	0	0	0	0	0	0	0	0	0	0	0	0	0	0	0	0	0	0	0	0	0	0	0	0	0	0	
192	0	0	0	0	0	0	0	0	0	0	0	0	0	0	0	500	0	0	0	500	0	0	0	0	0	0	0	0	0	0	0	0	192	0	48	0	0	0	0	0	0	0	0	0	0	0	0	0	0	0	0	0	0	0	0	0	0	0	0	0	0	0	0	0	0	0	0	0	0	0	0	0	0	0	0	0	0	0	0	0	0	0	0	0	0	0	0	0	0	0	0	0	0	0	0	0	0	0	0	
0	0	0	0	0	0	0	0	0	0	0	0	0	0	0	0	0	0	0	0	0	0	0	0	0	0	0	0	0	0	0	0	48	0	0	0	0	0	0	0	0	0	0	0	0	0	0	0	0	0	0	0	0	0	0	0	0	0	0	0	0	192	0	0	0	0	0	0	0	0	0	0	0	0	0	0	0	0	0	0	0	0	0	0	0	0	0	0	0	0	0	0	0	48	0	0	0	0	0	0	
0	0	0	0	0	0	0	0	0	0	0	0	0	0	0	0	0	0	0	0	0	0	0	0	0	0	0	0	0	0	0	0	0	0	0	0	0	0	0	0	0	0	0	192	0	0	0	0	0	0	0	0	0	0	0	0	0	0	0	0	0	0	0	0	0	0	0	0	96	0	0	0	0	192	0	0	0	0	0	0	0	0	0	0	0	0	0	0	0	0	0	0	48	0	0	0	0	0	0	0	
0	0	0	48	0	0	0	0	0	0	0	0	0	0	0	0	0	500	0	0	0	0	0	0	0	0	0	192	0	0	0	0	0	0	0	500	0	0	0	0	0	0	0	0	0	0	0	0	0	0	0	0	0	0	0	0	0	0	0	0	0	0	0	0	0	0	0	0	0	0	0	0	0	0	0	0	0	0	0	0	0	0	0	0	0	0	0	0	0	0	0	0	0	0	0	0	0	0	0	0	
0	0	0	0	0	0	0	0	0	0	0	0	0	0	0	0	0	0	0	0	0	0	0	0	0	0	0	0	0	0	0	0	0	0	192	0	0	0	0	0	0	0	0	0	0	0	0	0	0	0	0	0	0	0	0	0	96	0	0	0	0	0	0	0	0	0	0	0	0	0	0	0	0	0	0	0	0	0	0	0	0	0	0	0	0	0	0	0	0	0	0	0	0	0	0	0	0	0	96	0	
0	0	0	0	0	0	0	0	0	0	0	0	0	0	0	0	0	0	0	0	0	0	0	48	0	0	0	0	0	0	0	0	0	0	0	0	0	0	0	0	0	0	0	0	0	0	0	0	0	0	0	0	0	0	0	0	0	500	0	0	0	0	0	0	0	0	0	0	0	0	0	0	0	0	0	0	0	0	0	0	0	0	0	0	0	0	0	0	0	0	0	0	0	0	0	0	0	0	0	0	
0	0	0	0	0	0	0	0	0	0	0	0	0	0	0	0	0	0	0	0	0	0	48	0	0	0	0	0	0	0	0	0	0	0	0	0	0	192	0	0	0	0	0	0	0	0	0	0	0	0	192	0	0	0	0	0	0	500	0	0	0	0	0	0	0	0	0	0	0	0	0	0	0	0	0	0	0	0	0	0	0	0	0	0	0	192	0	0	0	0	0	0	0	0	0	0	0	0	0	0	
0	0	0	0	0	0	0	0	48	0	0	0	0	0	0	0	0	0	0	0	0	0	0	0	0	0	0	0	0	0	0	0	0	0	0	0	0	0	0	0	0	0	0	0	0	0	0	0	0	0	0	0	0	0	0	0	0	0	0	0	0	0	0	96	0	0	0	0	0	0	0	0	0	0	0	0	0	0	0	0	0	500	0	0	0	0	0	0	0	0	0	0	0	0	0	0	500	0	0	0	
0	0	0	0	0	0	0	0	0	0	0	0	0	0	0	0	0	0	0	0	0	0	0	0	0	0	0	0	0	0	0	0	0	0	0	0	0	0	0	0	0	0	0	0	0	0	0	0	0	0	0	96	0	0	0	0	0	0	192	0	0	0	0	0	48	0	0	0	0	0	0	0	0	0	192	0	0	0	0	0	0	0	0	0	0	0	0	0	48	0	0	0	0	0	0	0	0	0	0	0	
0	0	0	0	0	0	0	0	0	0	0	0	0	0	0	0	0	0	0	0	0	0	0	0	0	0	0	0	0	96	0	0	0	0	0	0	0	0	0	0	0	0	0	0	0	0	0	0	0	0	0	0	0	0	0	0	0	0	0	0	0	0	0	96	0	0	0	0	192	0	0	0	0	0	0	0	0	0	0	0	0	96	0	0	0	0	0	0	0	500	0	0	0	0	0	0	0	0	0	0	
0	0	0	0	0	0	0	0	0	0	0	0	0	0	0	0	0	0	0	0	192	0	0	0	0	0	0	0	0	0	0	0	0	0	0	0	0	0	0	0	0	0	0	0	0	0	0	0	0	0	0	0	0	0	0	0	0	0	0	0	0	0	0	0	0	0	0	0	0	0	0	0	0	0	0	0	0	0	0	0	0	0	0	0	0	0	0	0	0	0	0	0	0	0	0	0	0	0	0	500	
0	0	0	0	0	0	0	0	0	0	0	0	0	0	0	0	0	0	0	0	0	0	0	0	0	0	0	0	0	0	0	500	0	0	0	0	0	0	0	0	0	0	0	0	0	0	0	0	0	0	0	0	0	0	0	0	0	0	0	0	0	0	0	0	0	0	0	0	0	0	0	0	0	0	0	0	96	0	0	0	0	0	0	0	0	0	0	0	0	0	0	192	0	0	0	0	0	0	0	0	
0	0	0	0	0	0	0	0	0	0	0	0	0	0	0	0	0	0	0	0	0	0	0	0	0	0	96	0	0	0	0	0	0	0	0	0	0	0	0	0	0	0	0	0	0	0	0	0	0	0	0	0	0	0	0	0	0	0	0	0	0	0	192	0	0	0	0	0	0	0	0	0	0	0	0	0	0	0	0	0	0	0	0	0	0	0	0	0	0	192	0	0	0	0	0	0	0	0	0	0	
0	0	0	0	192	0	0	0	0	0	0	0	0	0	0	0	0	0	0	0	0	0	0	0	0	0	0	0	0	0	0	0	0	0	192	0	0	0	0	0	0	0	0	0	0	0	0	0	0	0	0	0	0	0	0	0	0	0	0	0	0	0	0	0	0	0	0	0	0	0	0	0	0	0	0	0	0	0	0	0	0	0	0	0	0	0	0	0	0	0	0	0	0	0	0	0	0	0	0	0	
0	0	0	0	0	0	0	0	0	0	0	0	0	0	0	0	0	0	0	0	0	0	0	0	0	0	0	0	500	0	0	0	0	0	0	0	0	0	0	0	0	0	0	0	0	0	0	0	0	0	0	0	0	0	0	0	0	0	0	0	0	0	0	0	0	0	0	0	0	0	0	0	0	0	0	0	0	0	0	0	0	0	0	0	0	0	0	0	0	0	0	96	0	0	0	0	0	0	0	0	
0	0	0	0	0	0	0	0	0	0	0	0	0	0	0	0	0	0	48	0	0	0	0	0	0	0	0	0	0	0	0	0	0	0	0	0	0	0	0	0	0	0	0	0	0	0	0	0	0	0	0	0	0	0	0	0	0	0	0	0	0	0	0	0	0	0	0	0	0	0	0	0	0	0	0	0	0	0	0	0	0	0	0	0	0	0	0	0	0	0	0	0	0	500	0	0	0	0	0	0	
0	0	0	192	0	0	0	0	0	0	0	0	0	0	0	0	0	192	0	0	0	0	0	0	0	0	0	0	0	0	0	0	0	0	0	0	0	0	0	0	0	0	0	0	0	0	0	0	0	0	0	0	0	0	0	0	0	0	0	0	0	0	0	0	0	0	0	0	0	0	0	0	0	0	0	0	0	0	0	0	0	0	0	0	0	0	0	0	0	0	0	0	0	0	0	0	0	0	0	0	
0	0	0	0	192	0	0	0	0	0	0	0	0	0	0	0	0	0	0	0	0	192	0	0	0	0	0	0	0	0	192	0	0	0	0	0	0	0	0	192	0	0	0	0	0	0	0	0	0	0	0	0	0	0	0	0	0	0	0	500	0	0	0	0	0	0	0	0	0	0	0	0	0	0	0	0	0	0	0	0	0	0	0	0	0	0	0	0	0	0	0	0	0	0	0	0	0	0	0	0	
0	0	0	0	0	0	0	0	0	0	0	0	0	0	0	0	0	48	0	0	500	0	0	0	0	0	0	0	0	0	0	0	0	0	0	0	0	0	0	0	0	0	0	0	0	0	0	0	0	0	0	0	0	0	0	0	0	0	0	0	0	0	0	0	0	0	0	0	0	0	0	0	0	0	0	0	0	0	0	0	0	0	0	0	0	0	0	0	0	0	0	0	0	0	0	0	0	0	0	0	
0	0	0	0	0	96	0	0	0	0	0	0	0	192	0	0	0	0	0	0	0	0	0	0	0	0	0	0	0	0	0	0	0	0	0	0	0	0	0	0	0	0	0	0	0	0	0	0	0	0	0	0	0	0	0	0	0	0	0	0	0	0	0	0	0	0	0	0	0	0	0	0	0	0	0	0	0	0	0	0	0	0	0	0	0	0	0	0	0	0	0	0	0	0	0	0	0	0	0	0	
0	0	0	0	0	0	0	192	0	0	0	0	0	0	0	0	0	0	0	0	0	0	0	192	0	0	0	0	0	0	0	0	0	0	0	0	0	0	0	0	0	0	0	0	0	0	0	0	0	0	0	0	0	0	0	0	0	0	0	0	0	0	0	0	0	0	0	0	0	0	0	0	0	0	0	0	0	0	0	0	0	0	0	0	0	0	0	0	0	0	0	0	0	0	0	0	0	0	0	0	
0	0	0	0	0	0	0	0	0	0	0	192	0	0	0	0	0	0	0	0	0	0	0	0	0	0	0	0	0	0	0	0	0	0	0	0	0	0	0	0	0	0	0	0	0	0	0	0	192	0	0	0	0	0	0	0	0	0	0	0	0	0	0	0	0	0	0	0	0	0	0	0	0	0	0	0	0	0	0	0	0	0	0	0	0	0	0	0	0	0	0	0	0	0	0	0	0	0	0	0	
0	0	0	0	0	0	0	0	0	0	0	0	0	0	0	0	0	0	0	0	0	0	0	0	0	0	0	0	0	0	0	0	0	0	192	0	0	0	0	0	0	0	0	0	0	0	0	0	0	0	0	0	0	0	0	0	0	0	0	192	0	0	0	0	96	0	0	0	0	0	0	0	0	0	0	0	0	0	0	0	0	0	0	0	0	0	0	0	0	0	0	0	0	0	0	0	0	0	0	0	
0	0	0	0	0	0	0	0	0	0	0	0	0	0	0	0	0	0	0	0	0	0	0	0	0	0	0	0	0	0	0	0	0	0	0	0	0	0	0	0	0	0	0	0	0	0	0	0	0	500	0	0	0	0	0	0	0	0	0	0	0	0	0	0	0	0	0	0	0	0	0	0	0	0	0	0	0	0	192	0	0	0	0	0	0	0	0	0	0	0	0	0	0	0	0	0	0	0	0	0	
0	0	0	0	0	0	0	0	0	0	0	0	0	0	0	0	0	0	0	0	0	0	0	0	0	0	0	0	0	0	0	0	0	0	0	0	0	0	0	0	0	0	0	0	0	0	0	0	0	0	0	0	0	0	0	0	0	0	0	0	0	0	0	0	0	0	0	0	0	0	0	0	0	0	0	0	0	0	0	0	0	0	0	0	0	0	0	0	0	0	96	0	96	0	0	0	0	0	0	0	
0	0	0	0	0	0	192	0	0	0	0	0	0	0	0	0	0	0	0	0	0	0	0	0	0	0	0	0	0	0	0	0	0	0	0	0	0	0	0	0	0	0	0	0	0	0	0	0	0	0	0	0	0	0	0	0	0	0	48	0	0	0	0	0	0	0	0	0	0	0	0	0	0	0	0	0	0	0	0	0	0	0	0	0	0	0	0	0	0	0	0	0	0	0	0	0	0	0	0	0	
0	0	0	0	0	0	0	0	0	0	0	0	0	0	0	0	0	0	0	192	0	0	0	0	0	0	0	0	0	0	0	0	0	0	0	0	0	0	0	0	0	0	0	0	0	0	0	0	0	0	0	0	0	0	0	0	0	0	0	0	0	0	0	0	0	0	0	0	0	0	0	0	0	96	0	0	0	0	0	0	0	0	0	0	0	0	0	0	0	0	0	0	0	0	0	0	0	0	0	0	
0	0	0	0	0	0	0	0	0	0	0	0	0	0	0	0	0	0	0	0	0	0	0	0	0	0	0	0	0	0	0	0	0	0	0	0	0	0	0	0	0	0	0	0	0	0	0	0	0	0	0	0	0	0	0	0	0	0	0	0	0	0	0	0	0	0	48	0	0	0	0	0	192	0	0	0	0	0	0	0	0	0	48	0	0	0	0	0	0	0	0	0	0	0	0	0	0	0	0	0	
0	0	0	0	0	0	0	0	0	0	0	0	0	0	0	0	0	0	0	0	0	0	0	0	0	0	0	0	0	0	0	0	0	0	0	0	0	0	0	0	0	0	0	0	0	0	0	0	0	0	0	0	0	0	0	0	0	0	0	0	0	96	0	0	0	0	0	0	0	0	0	0	0	0	0	0	0	0	0	0	0	0	0	0	0	0	0	0	0	0	0	0	0	500	0	0	0	0	0	0	
0	0	0	0	0	0	0	0	0	0	0	0	0	0	0	0	0	0	0	0	0	0	0	0	0	0	0	0	0	0	0	0	0	0	0	0	0	0	0	0	0	0	0	0	0	0	0	0	0	0	0	0	96	0	0	0	0	0	0	192	0	0	0	0	0	0	0	0	0	0	0	0	0	0	0	0	0	0	0	0	0	0	0	0	0	0	0	0	0	0	0	0	0	0	0	0	0	0	0	0	
0	0	0	0	0	0	0	0	0	0	0	0	0	0	0	0	0	0	0	0	0	0	0	0	0	0	0	0	0	0	0	0	0	0	0	0	0	0	0	0	0	0	0	0	0	0	0	0	0	0	0	0	0	0	0	0	0	0	0	0	0	0	0	0	0	500	0	0	0	0	0	0	0	0	0	0	0	0	0	0	0	0	0	0	0	0	0	0	0	0	0	0	0	0	0	0	0	500	0	0	
0	0	0	0	0	0	0	0	0	0	0	192	0	0	0	0	0	0	0	0	0	0	0	0	0	0	0	0	0	0	0	0	0	0	0	0	0	0	192	0	0	0	0	0	0	0	0	0	0	0	0	0	0	0	0	0	0	0	0	0	0	0	0	0	0	0	0	0	0	0	0	0	0	0	0	0	0	0	0	0	0	0	0	0	0	0	0	0	0	0	0	0	0	0	0	0	0	0	0	0	
0	0	0	0	0	0	0	0	0	0	0	0	0	0	0	0	0	0	0	0	0	0	0	0	0	0	0	0	0	0	0	0	0	0	0	0	0	0	0	0	500	0	0	0	0	0	0	0	0	0	0	0	0	0	0	0	0	0	0	0	0	0	0	0	0	0	0	0	0	0	0	0	0	0	0	0	192	0	96	0	0	0	0	0	0	0	0	0	0	0	0	0	0	0	0	0	0	0	0	0	
0	0	0	0	0	0	0	0	0	0	0	0	0	0	0	0	0	0	0	0	0	0	0	192	0	0	0	0	0	0	0	0	0	0	0	0	0	0	0	0	0	0	0	0	0	0	0	0	0	0	0	0	0	0	0	0	0	0	0	0	0	0	0	0	0	0	0	0	0	0	0	0	0	0	0	0	0	0	0	0	0	0	0	0	96	0	0	0	0	0	0	0	0	0	96	0	0	0	0	0	
0	0	0	0	0	0	0	0	0	0	0	0	0	0	0	0	0	0	0	0	0	0	0	0	0	96	0	0	0	0	0	0	0	0	0	0	0	0	0	0	0	0	0	0	0	0	0	0	0	0	0	0	0	0	0	0	0	0	0	192	0	0	0	0	0	0	0	0	0	0	0	0	0	0	0	0	0	0	0	0	500	0	48	0	0	0	0	0	0	0	0	0	0	0	0	0	0	48	0	0	
0	0	0	0	0	0	0	0	0	0	0	0	0	0	0	500	0	0	0	0	0	0	0	0	0	0	0	0	0	0	0	0	0	0	0	0	0	0	0	0	0	0	0	0	0	0	96	0	0	0	0	0	0	0	0	0	0	0	0	0	0	0	0	0	0	0	0	0	0	0	0	0	0	0	0	0	0	0	0	0	0	0	0	0	0	0	0	0	0	0	0	0	0	0	0	0	0	0	0	0	
0	0	0	0	0	0	0	0	0	48	0	0	0	0	0	0	0	0	0	0	0	0	0	0	0	0	0	0	0	0	0	0	0	0	0	0	0	0	0	0	0	0	0	0	0	0	0	0	0	0	0	0	0	0	0	0	0	0	0	0	0	0	0	0	0	0	0	192	0	0	0	0	0	0	0	0	0	0	0	0	0	0	0	0	0	0	0	0	0	0	0	0	0	0	0	0	0	0	0	0	
0	0	0	0	0	0	0	0	0	0	0	0	0	0	0	0	0	0	0	0	0	0	0	0	0	0	0	0	0	0	0	0	0	0	0	0	0	0	0	0	0	0	0	0	0	0	0	0	0	0	0	0	0	0	0	0	0	0	0	0	0	500	0	0	0	0	0	0	0	0	0	0	0	0	0	0	0	96	96	500	0	0	0	0	0	0	0	0	0	0	0	0	0	96	0	0	0	0	0	0	
0	0	0	0	0	0	0	0	0	0	0	0	0	0	0	0	0	0	0	0	0	0	0	0	0	0	0	0	0	0	0	0	0	0	0	0	0	0	0	0	0	0	0	0	0	0	0	0	0	0	0	0	0	0	0	0	0	0	0	0	96	0	0	0	0	0	0	0	0	0	0	0	0	0	0	0	0	0	0	0	0	0	0	0	0	0	0	0	0	0	0	0	0	0	0	0	500	0	0	0	
0	0	0	0	0	0	0	0	0	0	0	0	0	0	0	48	0	0	0	0	0	96	0	0	0	0	0	0	0	0	0	0	0	0	0	0	0	0	0	0	0	0	0	0	0	0	0	0	0	0	0	0	0	0	0	0	0	0	0	0	0	0	0	0	0	0	0	0	0	0	0	0	0	0	0	0	0	0	0	0	0	0	0	0	0	0	0	0	0	0	0	0	0	0	0	0	0	0	0	0	
0	0	0	0	0	0	0	0	0	0	0	0	0	0	0	0	0	0	0	0	0	0	500	500	0	0	0	0	0	0	0	0	0	0	0	0	0	0	0	0	0	0	0	0	0	0	0	0	0	0	0	0	0	0	0	0	0	0	0	0	0	0	0	0	0	0	0	0	0	0	0	0	0	0	0	0	0	0	0	0	0	0	0	0	0	0	0	0	0	0	0	0	0	0	0	0	0	0	0	0	
0	0	0	0	0	0	192	0	0	0	0	0	0	0	0	0	0	0	0	0	0	0	0	0	0	192	0	0	0	0	0	0	0	0	0	0	0	0	0	0	0	0	48	0	0	0	0	0	0	0	0	0	0	0	0	0	0	0	0	0	0	0	0	0	0	0	0	0	0	0	0	0	0	0	0	0	0	0	0	0	0	0	0	0	0	0	0	0	0	0	0	0	0	0	0	0	0	0	0	0	
0	0	0	0	0	0	0	0	0	0	0	0	0	0	0	0	0	0	0	0	0	0	0	0	0	0	0	0	0	0	0	0	0	0	500	0	0	0	0	192	0	0	0	0	0	0	192	0	0	0	0	192	0	0	0	0	0	0	0	0	0	0	0	0	0	0	0	0	0	0	0	0	0	0	0	0	0	0	0	0	0	0	0	0	0	0	0	0	0	0	0	0	0	0	0	0	0	0	0	0	
0	0	0	0	0	0	0	0	0	0	0	0	0	0	0	0	0	0	0	0	0	0	0	0	0	0	0	0	0	0	0	0	0	0	0	0	0	0	0	0	0	0	0	0	0	0	0	0	0	0	0	0	0	0	0	96	0	0	0	0	0	0	0	0	0	0	0	0	0	0	0	0	0	0	0	96	0	0	0	0	0	500	0	0	0	0	0	0	0	0	0	0	0	0	0	0	0	0	0	0	
0	0	0	0	0	0	0	0	0	0	0	0	0	0	0	0	0	0	192	0	0	0	0	0	0	0	0	0	0	0	0	0	0	0	0	0	0	0	0	0	0	0	0	0	0	96	0	0	0	0	0	0	0	0	500	0	0	0	0	0	0	0	0	0	0	0	0	0	0	0	0	0	0	0	0	0	0	0	0	0	0	0	0	0	0	0	0	0	0	0	0	0	0	0	0	0	0	0	0	0	
0	0	0	0	0	0	0	0	0	0	0	0	0	0	0	0	0	0	0	0	0	0	0	0	0	0	0	0	0	192	0	0	0	0	0	0	0	0	0	0	0	0	0	0	0	0	0	0	0	0	0	0	0	0	0	0	0	0	0	0	0	0	0	0	0	0	0	0	0	0	96	0	0	96	0	0	0	0	0	0	0	0	0	0	0	0	0	0	0	0	0	0	0	0	0	0	0	0	0	0	
0	0	0	0	0	0	0	0	0	0	0	0	0	0	0	0	0	0	0	0	0	0	0	0	96	0	96	0	0	0	0	0	0	0	0	0	0	0	0	0	0	0	0	0	0	0	0	0	0	0	0	0	0	0	0	0	0	0	0	0	0	0	0	0	0	0	0	0	0	0	0	0	0	0	0	0	0	0	0	0	0	0	0	0	0	0	0	0	0	0	0	0	0	0	0	0	0	0	0	0	
0	0	0	0	0	0	0	0	0	0	0	0	0	0	0	0	0	0	0	0	0	0	0	0	0	48	0	0	0	0	0	0	0	0	0	0	0	0	0	96	0	0	0	0	0	0	0	0	0	0	0	0	0	0	0	0	0	0	0	0	0	0	0	0	0	0	0	0	0	0	0	0	0	0	0	0	0	0	0	0	0	0	0	0	0	0	0	0	0	0	0	0	0	0	0	0	0	0	0	0	
0	0	0	0	0	0	0	0	0	0	0	0	500	0	0	0	0	0	0	0	0	0	0	0	0	0	0	0	0	0	0	0	0	0	0	0	0	0	0	0	0	0	0	0	0	0	0	500	0	0	0	0	0	0	0	0	0	0	0	0	0	0	0	0	0	0	0	0	0	0	0	0	0	0	0	0	0	0	0	0	0	0	0	0	0	0	0	0	0	0	0	0	0	0	0	0	0	0	0	0	
0	0	0	0	0	0	0	0	0	0	0	0	0	0	0	0	0	0	0	0	0	0	0	0	0	0	0	0	0	0	0	0	0	0	0	0	0	0	0	0	0	0	0	0	48	0	0	0	0	0	0	0	0	0	0	0	0	0	0	0	0	0	0	0	0	0	0	0	0	0	0	0	192	0	0	0	0	0	0	0	0	0	0	0	0	0	0	0	0	0	0	0	0	0	0	48	0	0	0	0	
0	0	0	0	0	0	0	0	0	96	0	0	0	0	0	0	0	0	0	0	0	0	0	0	0	0	0	0	0	0	0	0	0	0	0	0	0	0	0	0	0	0	0	0	0	0	0	0	0	0	0	0	0	192	0	0	0	0	0	0	0	0	0	0	0	0	0	0	0	0	0	0	0	0	0	0	0	0	0	0	0	0	0	0	0	0	0	0	0	0	0	0	0	0	0	0	0	0	0	0	
0	0	0	0	0	0	0	0	0	0	0	0	0	0	0	0	0	0	0	96	0	0	0	0	0	0	192	0	0	0	0	0	0	0	0	0	0	0	0	0	0	0	0	0	0	0	0	0	0	0	0	0	0	0	0	0	0	0	0	0	0	0	0	0	0	0	0	0	0	0	0	0	0	0	0	0	0	0	0	0	0	0	0	0	0	0	0	0	0	0	0	0	0	0	0	0	0	0	0	0	
0	0	48	0	0	0	0	0	0	0	0	0	0	0	0	0	0	0	0	0	0	0	0	0	0	0	0	0	0	0	0	0	0	0	0	0	0	0	0	0	0	0	0	0	0	0	0	0	0	0	0	0	0	0	0	0	0	0	0	0	0	0	0	0	0	0	0	0	0	0	0	192	0	0	0	0	0	0	0	0	0	0	0	0	0	0	0	0	0	0	0	0	0	0	0	0	0	0	0	500	
0	0	0	0	0	0	0	0	0	0	0	0	0	0	0	0	0	0	0	0	0	0	0	0	0	0	0	0	0	0	0	0	0	0	0	0	0	0	0	0	0	0	0	0	0	0	0	0	0	0	0	0	0	0	0	0	0	0	0	0	0	0	96	0	0	0	0	0	0	0	0	0	0	0	0	192	0	0	0	0	0	0	0	0	0	0	0	0	0	0	0	0	0	0	0	0	0	0	0	0	
0	0	0	0	0	0	0	0	0	0	0	0	0	0	0	0	0	0	0	0	0	0	0	0	0	0	0	0	0	0	0	0	0	0	0	0	0	0	0	0	0	0	0	0	0	0	0	0	0	0	0	0	0	0	0	0	0	0	0	0	0	0	0	0	0	0	0	0	0	192	0	0	0	0	0	0	0	0	0	96	0	0	0	0	0	0	0	0	0	0	0	0	0	0	0	0	0	0	0	0	
0	0	0	0	0	0	0	0	0	0	0	0	0	0	0	0	0	0	0	0	0	0	0	0	0	0	0	0	0	0	0	0	0	0	0	0	0	0	0	0	0	0	0	0	192	0	0	0	0	0	0	0	0	0	0	0	0	0	0	0	0	0	0	0	0	0	192	0	0	0	0	0	0	0	0	0	0	0	0	0	0	0	0	0	0	0	0	0	0	0	0	0	0	0	0	500	0	0	0	0	
0	0	0	0	0	0	0	0	0	0	0	0	0	0	0	0	0	0	0	192	0	0	0	0	0	0	0	0	0	0	0	0	0	0	0	0	0	0	0	0	0	0	0	96	0	0	0	0	0	0	0	0	0	0	0	0	0	0	0	0	0	0	96	0	0	0	0	0	0	0	0	0	0	0	0	0	0	0	0	0	0	0	0	0	0	0	0	0	0	0	0	0	0	0	0	0	0	0	0	0	
0	0	0	0	0	0	0	0	0	0	0	48	0	0	0	0	0	0	0	0	0	0	0	0	0	192	0	0	0	0	0	0	0	0	0	0	0	0	0	0	0	0	0	0	0	0	0	0	0	0	0	0	0	0	0	0	0	0	0	0	0	0	0	0	0	0	0	0	0	0	0	0	0	0	0	0	0	0	0	0	0	0	0	0	0	0	0	0	0	0	0	0	0	0	0	0	0	0	0	0	
0	0	0	0	0	0	0	0	0	0	0	0	0	0	0	0	0	0	0	0	0	0	0	0	0	0	0	0	0	0	0	0	0	0	0	0	0	0	0	0	0	0	0	0	0	0	0	0	0	0	0	0	0	0	0	0	0	0	0	0	96	0	0	0	0	0	0	0	0	0	192	0	0	0	0	0	0	0	0	0	0	0	0	0	0	0	0	96	0	96	0	0	0	0	0	0	0	0	0	0	
0	0	0	0	0	0	0	0	0	0	0	0	0	0	0	0	0	0	0	0	0	0	0	0	0	0	0	0	96	0	0	0	0	0	0	0	0	0	0	0	0	0	0	0	0	0	0	0	0	192	0	0	0	0	0	0	0	0	0	0	0	0	0	0	0	0	0	0	0	0	0	0	0	0	0	0	0	0	0	0	0	0	0	0	0	0	0	0	0	0	0	0	0	0	0	0	0	0	0	0	
0	0	0	0	0	0	0	0	0	0	0	0	0	0	0	0	0	0	0	0	0	0	0	0	0	0	0	0	0	0	0	0	0	0	0	0	0	0	0	0	0	0	0	0	0	0	0	0	0	0	0	0	0	0	96	0	0	0	0	0	0	0	0	0	0	0	0	0	0	0	0	0	0	0	0	0	0	0	0	0	0	0	0	0	0	0	0	0	0	0	0	0	0	500	0	0	0	0	0	0	
0	0	0	0	0	0	0	0	0	0	0	0	0	0	0	0	0	0	0	0	0	0	0	0	0	0	0	0	0	0	0	0	0	0	0	0	0	0	0	0	192	0	0	0	0	0	0	0	0	96	0	0	0	0	96	0	0	0	0	0	0	0	0	0	0	0	0	0	0	0	0	0	0	0	0	0	0	0	0	0	0	0	0	96	0	0	0	0	0	0	0	96	0	0	0	0	0	0	0	0	
0	0	0	0	0	0	0	0	0	0	0	0	0	0	0	0	0	0	0	0	0	0	0	0	0	0	0	0	0	0	0	0	0	0	0	0	0	0	0	0	0	0	0	0	0	0	0	0	0	0	0	0	0	0	500	0	0	0	0	0	0	0	0	0	0	0	0	0	0	0	0	96	0	0	0	0	0	0	0	0	0	0	0	0	500	0	0	0	0	0	0	0	0	0	0	0	0	0	0	0	
0	0	0	0	0	0	0	0	0	0	0	0	0	0	0	96	0	0	0	0	0	0	0	0	0	0	0	0	0	0	0	0	0	0	0	0	0	0	0	0	0	0	0	0	0	0	0	0	0	0	0	500	0	0	0	0	0	0	0	0	0	0	0	0	0	0	0	0	0	0	0	0	0	0	0	0	0	0	0	0	0	0	0	0	0	0	0	0	0	0	0	0	0	0	0	0	0	0	0	0	
0	0	0	0	0	0	0	0	0	0	0	0	0	0	0	0	0	0	0	0	0	0	0	0	500	0	96	0	0	0	0	0	0	0	0	0	0	0	0	0	0	0	0	0	0	0	0	0	0	0	0	0	0	0	0	0	0	0	0	0	500	0	0	0	0	0	0	0	0	0	0	0	0	0	0	0	0	0	0	0	0	0	0	0	0	0	0	0	0	0	0	0	0	0	0	0	0	0	0	0	
0	0	0	0	0	0	0	0	0	0	0	0	0	0	0	0	0	0	0	0	0	0	0	0	0	0	0	0	0	0	0	0	0	0	0	0	0	0	0	0	0	0	0	0	48	0	0	0	0	0	0	48	0	0	0	0	0	0	0	0	0	0	0	0	0	0	0	0	0	0	0	0	0	0	0	0	0	0	0	0	0	0	0	0	0	0	0	0	0	0	0	0	0	0	0	0	0	0	0	0	
0	0	0	0	0	0	0	0	0	0	0	0	0	0	0	0	0	0	0	0	0	0	0	0	0	0	0	0	0	0	0	0	0	0	0	0	0	0	0	0	0	0	0	0	0	0	0	0	0	0	0	0	0	0	0	0	0	0	0	0	0	0	0	0	0	0	0	0	0	0	0	0	0	0	0	0	0	0	96	0	0	0	0	0	0	0	0	500	0	0	48	0	0	0	0	0	0	0	0	0	
0	0	0	0	0	0	0	0	0	0	0	0	96	0	0	0	0	0	0	0	0	0	0	0	0	0	0	0	0	0	0	0	0	0	0	0	0	0	0	0	0	0	0	0	0	0	0	0	0	0	96	0	0	0	0	0	0	0	0	0	0	0	0	0	0	0	0	0	0	0	0	0	0	0	0	0	0	0	0	500	0	0	0	0	0	0	0	0	0	0	0	0	0	0	0	0	0	0	0	0	
0	0	0	0	0	0	0	0	0	0	0	0	0	0	0	0	0	0	0	0	0	0	0	192	0	0	0	0	0	0	0	0	0	0	0	0	0	0	0	0	0	0	0	0	0	0	0	0	0	0	0	0	0	0	0	0	0	0	0	0	0	0	0	0	0	0	0	0	0	0	0	0	0	0	0	0	0	0	0	0	0	0	0	0	0	0	0	0	0	0	0	0	0	0	192	0	0	0	0	0	
0	0	0	0	0	500	0	0	0	0	0	0	0	192	0	0	0	0	0	0	0	0	0	0	0	0	0	0	0	0	0	0	0	0	0	0	0	0	0	0	0	0	0	0	0	0	0	0	0	0	0	0	0	0	0	0	0	0	0	0	0	0	0	0	0	0	0	0	0	0	0	0	0	0	0	0	0	0	0	0	0	0	0	0	0	0	0	0	0	0	0	0	0	0	0	0	0	0	0	0	
0	0	0	96	0	0	0	0	0	0	0	0	0	0	0	0	0	0	0	0	0	0	0	0	0	0	0	0	0	0	0	0	0	0	0	0	0	0	0	0	0	0	0	0	0	0	0	0	0	0	0	0	0	0	0	0	0	0	0	0	0	0	0	0	0	0	0	0	0	0	0	0	0	0	0	96	0	0	0	0	0	0	0	500	0	0	0	0	0	500	0	48	0	0	0	0	0	0	0	0	
0	0	0	0	0	0	500	0	0	0	0	0	0	0	192	0	0	0	0	0	0	0	0	0	0	48	0	0	0	0	0	0	0	0	0	0	0	0	0	0	0	0	0	0	0	0	0	0	0	0	0	0	0	0	0	0	0	0	0	0	0	0	0	0	0	0	0	0	0	0	0	0	0	0	0	0	0	0	0	0	0	0	0	0	0	0	0	0	0	0	0	0	0	0	0	0	0	0	0	0	
0	0	0	0	0	0	0	0	0	0	0	0	0	0	0	0	0	0	0	0	0	0	0	0	0	0	500	0	0	192	0	0	0	0	0	0	0	0	0	0	0	0	0	0	0	0	0	0	0	0	0	0	0	0	0	0	0	0	0	0	0	0	0	0	0	0	0	0	0	0	0	0	0	0	0	96	0	0	0	0	0	0	0	0	0	0	0	500	0	0	0	0	0	0	0	0	96	0	0	0	
0	0	0	0	0	0	0	0	0	0	0	0	0	0	0	0	0	0	0	0	0	0	0	0	0	0	0	0	0	0	0	0	0	0	0	0	0	0	0	0	0	96	0	0	0	0	0	0	0	0	0	0	0	0	0	0	0	0	0	0	0	0	0	0	0	0	0	0	0	0	0	0	0	0	0	0	0	0	0	0	0	0	0	48	0	0	0	0	0	0	0	0	0	0	0	0	0	0	0	0	
0	0	0	0	0	0	0	0	0	0	0	0	0	0	0	0	0	0	0	0	0	0	0	0	0	0	0	0	192	0	0	96	0	0	0	0	0	0	0	0	0	0	0	0	0	0	0	0	0	0	0	0	0	0	0	0	0	0	0	0	0	0	0	0	0	0	0	0	0	0	0	0	0	0	0	0	0	0	96	0	0	0	0	0	0	0	0	48	0	0	0	0	0	0	0	0	0	0	0	0	
0	0	0	0	0	0	0	0	0	0	0	0	0	0	0	0	0	0	0	48	0	0	0	0	0	0	0	0	0	0	0	0	0	0	0	0	0	0	0	0	0	96	0	0	0	0	0	0	0	0	0	0	0	0	0	0	0	0	0	0	0	0	0	0	0	0	0	0	0	0	0	0	0	0	0	0	0	0	0	0	0	0	0	0	0	0	0	0	0	0	0	0	0	0	0	0	0	0	0	0	
0	0	0	0	0	0	0	0	0	0	0	0	0	0	0	0	0	0	48	0	0	0	0	0	0	0	0	0	0	0	0	0	500	0	0	0	0	0	0	0	0	0	0	0	0	500	0	0	0	0	0	0	0	0	96	0	0	0	0	0	0	0	0	0	0	0	0	0	0	0	0	0	0	0	0	0	0	500	0	0	0	0	0	0	0	0	0	0	0	0	0	0	0	0	0	0	0	0	0	0	
0	0	0	0	0	0	0	0	0	0	0	0	0	0	0	0	0	0	0	0	0	0	0	0	0	0	0	0	0	0	0	0	0	0	0	0	0	0	0	0	0	0	0	0	0	0	0	0	0	0	96	0	0	0	0	0	0	0	0	0	0	0	0	0	0	0	0	0	0	0	0	0	0	0	0	0	0	0	0	0	0	0	0	0	0	192	0	0	0	0	0	0	0	0	0	0	0	0	0	0	
0	0	0	0	0	0	0	0	0	0	0	0	0	0	0	0	0	0	0	0	0	0	0	0	0	0	0	0	0	0	0	0	0	0	0	0	0	0	0	0	0	0	0	0	0	0	0	0	0	0	0	0	0	0	0	0	0	0	0	0	0	0	0	0	0	0	48	0	0	0	0	0	500	0	0	0	0	0	0	0	0	0	0	0	0	0	0	0	0	0	0	0	0	0	0	0	0	0	0	0	
0	0	0	0	0	0	0	0	0	0	0	0	0	0	0	0	0	0	0	0	0	0	0	0	500	0	0	0	0	0	0	0	0	0	0	0	0	0	0	0	0	0	0	0	0	0	0	0	0	0	0	0	0	0	0	500	0	0	0	0	0	0	0	0	0	0	0	0	0	0	0	0	0	0	0	0	0	0	0	0	0	0	0	0	0	0	0	0	0	96	0	0	0	0	0	0	0	0	0	0	
0	0	0	0	0	0	0	0	0	0	0	0	0	0	0	48	0	0	0	0	0	0	0	0	0	0	0	0	0	0	0	0	0	0	0	0	0	0	0	0	0	0	0	0	0	0	0	500	0	0	0	48	0	0	0	0	0	0	0	0	0	0	0	0	0	0	0	0	0	0	0	0	0	0	0	0	0	0	0	0	0	0	0	0	0	0	0	0	0	0	0	0	0	0	0	0	0	0	0	0	
0	0	0	0	96	0	0	0	0	0	0	0	0	0	0	0	0	0	0	0	0	96	0	0	0	0	0	0	0	0	0	0	0	0	0	0	0	0	0	0	0	0	0	0	0	0	0	0	0	0	0	0	0	0	0	0	0	0	0	0	0	0	0	0	0	0	0	0	0	0	0	0	0	0	0	0	0	0	0	0	0	0	0	0	0	0	0	0	0	0	0	0	0	0	0	0	0	0	0	0	
0	0	0	0	0	0	0	0	0	0	0	0	0	0	0	0	0	0	0	0	0	0	0	0	0	0	0	500	0	0	0	0	0	0	0	0	0	0	0	0	0	0	0	0	0	0	0	0	0	0	0	0	0	0	0	0	0	0	0	0	0	0	0	0	0	0	0	0	0	500	0	0	0	0	0	0	0	0	0	0	0	0	0	0	0	0	0	0	0	0	0	0	0	0	0	0	0	0	0	0	
46	17	23	85	16	54	71	26	19	2	23	92	67	49	26	73	14	42	47	9	48	75	72	61	63	1	2	35	39	0	47	78	85	78	54	77	99	92	73	16	58	46	17	76	49	23	59	67	4	77	60	12	90	0	33	94	4	15	70	1	44	36	10	98	58	40	93	59	87	47	28	83	85	67	87	41	17	17	5	89	23	86	2	72	80	66	18	56	98	15	72	80	14	85	59	31	55	83	49	29	5	36	12	31	26	17	11	87	61	81	40	72	95	51	48	21	12	89	69	46	33	19	78	9	72	27	1	9	34	58	31	57	75	5	97	57	4	12	28	46	75	97	73	53	44	57	40	59	45	85	92	98	70	41	65	82	12	15	8	32	85	15	77	37	58	7	27	27	79	0	77	17	13	51	42	26	62	52	85	18	66	37	97	11	31	99	73	36	89	95	23	32	34	37	97	7	42	23	42	74	75	65	4	70	37	22	56	61	41	21	91	30	37	95	90	84	41	75	10	35	63	52	88	41	72	72	65	97	87	35	50	30	47	23	80	0	1	93	23	88	69	10	66	63	81	42	81	51	93	19	52	80	58	34	10	95	90	3	22	41	85	28	91	31	57	90	48	75	99	82	52	40	74	4	50	17	21	26	8	43	41	13	71	69	98	93	97	90	46	48	77	69	25	83	41	73	60	82	14	94	53	71	49	86	44	87	51	56	83	31	49	27	46	7	11	35	7	9	56	93	62	22	36	51	65	18	40	24	48	15	20	91	88	10	55	24	7	39	45	80	58	41	42	69	65	51	45	79	9	98	29	6	0	40	8	85	98	46	64	17	45	5	8	65	65	82	46	20	51	45	71	90	38	35	97	36	88	59	47	99	64	80	91	92	82	20	34	69	80	20	53	50	43	36	85	48	70	34	63	72	69	19	39	84	78	99	88	27	8	48	26	28	96	67	14	19	66	77	20	5	35	54	47	56	33	24	58	40	33	52	12	81	51	46	56	27	72	16	89	8	82	71	54	66	61	43	41	19	10	95	44	91	24	65	90	3	5	17	37	40	40	50	70	80	22	74	30	55	11	34	74	78	68	6	75	46	51	92	14	92	40	21	44	94	1	70	54	55	18	99	61	82	53	46	9	35	6	88	1	32	50	37	53	4	23	39	29	66	58	31	40	38	11	41	29	45	59	83	15	12	64	86	5	97	26	87	6	12	95	34	45	58	83	73	64	52	72	16	24	59	38	6	27	21	82	2	8	78	90	21	13	43	31	26	11	53	21	92	67	9	13	97	2	65	33	26	85	21	73	91	69	94	51	2	14	9	11	87	87	59	82	1	56	42	46	71	85	82	92	75	33	96	84	93	80	53	59	11	54	10	83	10	2	1	21	67	11	34	56	82	7	22	64	37	20	46	67	69	5	83	64	86	80	35	0	38	87	90	51	78	81	21	95	91	0	13	3	53	93	96	75	66	45	65	90	83	45	87	17	4	42	90	98	75	49	27	53	49	30	72	68	78	4	16	99	16	3	30	59	8	0	26	58	23	39	54	53	49	71	97	88	56	71	2	16	24	46	73	31	40	19	35	33	59	69	65	52	35	19	53	12	48	39	94	31	36	99	23	77	88	74	76	72	45	2	51	76	51	80	3	62	96	93	43	72	37	46	67	78	62	24	12	18	89	52	63	17	55	31	38	86	85	62	57	24	51	74	36	68	3	91	19	2	65	28	64	8	96	13	85	38	51	90	8	37	47	82	33	75	95	12	97	72	18	75	6	38	90	62	59	86	63	24	19	75	64	64	62	0	83	8	89	54	80	93	41	93	6	1	4	95	39	47	2	60	72	89	56	37	14	8	19	52	17	81	36	73	75	9	5	6	16	41	10	51	35	42	76	10	83	16	76	35	5	46	15	40	64	76	71	13	3	18	80	59	11	7	3	88	15	39	25	49	78	86	79	54	30	75	79	12	24	5	81	89	40	82	74	69	76	80	87	90	9	34	10	96	95	10	86	76	0	26	22	21	85	17	66	53	83	69	51	91	82	7	51	43	96	64	41	7	89	73	36	60	80	99	72	89	88	63	19	30	78	45	60	13	53	8	2	73	8	64	57	71	37	30	54	59	52	66	86	10	24	99	82	78	32	84	4	64	69	8	0	40	2	6	75	51	98	69	18	39	90	68	63	44	73	81	54	28	62	62	72	71	59	30	62	38	81	67	69	75	56	18	62	63	18	48	31	90	36	6	16	9	78	21	70	34	6	2	87	37	5	94	98	12	11	74	38	31	11	87	67	16	31	69	38	59	43	79	28	89	50	93	95	72	54	67	74	65	20	36	48	16	1	35	66	26	33	7	43	81	37	19	29	77	12	2	62	16	61	75	66	74	22	72	54	89	36	78	80	29	63	87	7	51	61	62	6	37	3	1	13	12	9	37	57	16	14	91	32	62	20	8	77	68	71	85	59	82	70	31	82	50	19	98	95	4	39	13	88	69	6	0	12	15	10	15	18	91	52	77	14	53	37	22	29	94	9	38	77	76	42	32	49	52	36	11	80	97	50	65	42	15	27	44	72	48	56	31	8	59	44	68	41	13	62	89	18	14	56	41	39	64	66	54	14	59	98	33	26	56	9	91	34	97	44	73	30	70	31	56	63	13	4	73	14	34	76	84	80	15	92	0	47	0	60	41	7	30	54	40	33	71	66	33	98	40	10	63	80	37	15	97	46	75	18	98	63	8	63	17	47	56	0	57	32	45	6	65	97	91	54	35	1	0	72	33	68	36	42	22	91	41	92	32	27	39	33	52	58	91	8	27	51	63	98	18	93	23	54	2	84	97	79	32	62	2	7	97	6	9	86	90	95	74	46	0	69	27	32	75	61	7	89	22	24	27	1	61	32	59	18	60	65	40	81	2	84	0	22	66	82	52	59	75	92	59	93	8	40	65	65	44	74	84	59	10	2	3	93	24	80	75	84	47	74	12	8	53	31	52	67	17	94	19	14	85	82	54	81	66	4	43	82	97	63	10	66	99	50	85	54	17	36	64	98	4	44	69	76	92	3	16	25	88	8	71	29	28	30	18	94	80	96	86	65	43	93	77	26	97	98	64	4	78	34	51	46	37	8	71	69	97	99	50	43	88	58	64	57	12	70	75	48	60	14	19	97	22	65	10	92	12	15	96	55	53	41	58	42	55	32	74	35	39	53	12	7	94	42	58	79	77	67	49	91	45	93	32	93	79	77	99	42	83	33	72	26	44	20	78	72	34	81	38	26	94	32	60	64	76	27	41	45	99	21	31	75	10	97	51	39	52	63	69	93	20	84	86	99	65	73	4	14	46	55	19	54	69	0	17	66	12	12	74	5	18	64	79	48	29	25	66	81	82	89	12	97	98	36	61	57	18	99	90	53	67	55	41	40	6	57	42	92	8	31	47	73	42	64	52	26	45	11	3	37	77	52	84	3	89	21	52	16	49	97	29	74	37	79	96	30	80	71	61	28	5	14	49	34	47	85	6	25	97	90	16	90	14	57	45	57	37	71	89	92	96	33	46	23	32	60	76	41	31	6	28	57	80	31	8	5	5	96	33	29	95	90	35	55	31	30	51	80	14	86	59	69	1	42	31	86	93	31	5	89	98	62	5	27	71	44	12	32	92	27	56	86	46	15	46	82	37	77	62	84	96	66	21	26	38	87	9	9	26	58	39	58	27	71	46	21	88	23	22	0	16	11	37	48	89	60	10	21	72	92	66	21	91	43	33	85	17	2	5	78	40	74	38	96	57	1	45	89	37	98	92	94	85	16	63	95	34	63	84	54	81	44	23	8	38	17	86	57	44	22	9	7	43	11	25	19	28	83	25	46	27	71	83	92	71	6	26	11	55	19	58	32	34	66	57	91	47	20	71	62	93	42	46	14	43	70	26	11	15	19	77	43	99	72	51	47	18	49	86	44	94	64	26	34	40	56	92	55	93	20	46	80	6	32	9	13	80	17	32	88	60	72	27	62	27	3	56	40	66	78	31	14	58	62	42	14	75	48	20	16	48	81	2	95	57	23	52	22	30	49	99	66	70	78	65	86	52	94	87	89	23	23	20	33	86	80	0	86	80	8	33	91	88	3	31	55	88	82	68	23	33	3	87	62	53	33	49	31	51	15	2	75	97	53	79	53	24	84	90	0	93	1	19	94	21	54	88	11	73	75	49	66	98	41	20	90	84	73	69	80	62	28	26	15	28	0	31	22	43	73	38	39	59	28	6	42	87	98	35	81	86	1	20	65	31	64	54	67	37	62	19	83	27	3	83	91	92	96	0	56	50	15	98	50	18	55	83	19	62	35	27	44	69	59	3	6	41	72	49	77	87	68	21	55	88	71	65	20	29	9	46	7	23	73	99	19	11	80	8	73	85	65	55	52	96	83	91	3	36	66	61	68	74	55	33	11	18	63	97	19	47	4	56	55	0	49	30	28	44	37	6	89	66	88	45	53	9	39	9	6	56	76	50	56	73	91	82	5	94	81	69	2	22	79	60	84	91	10	81	59	94	59	1	13	12	68	88	99	14	93	11	65	77	35	4	93	58	8	55	16	54	91	38	54	94	35	45	10	3	52	46	63	1	79	85	30	31	73	7	1	53	44	26	29	39	44	51	59	72	37	46	28	75	91	96	56	3	72	71	17	75	11	47	87	74	95	14	56	31	35	28	81	68	91	11	15	50	69	47	70	55	48	45	88	30	15	35	58	25	22	94	85	85	50	10	17	19	41	48	76	52	54	74	86	33	68	88	37	19	7	16	78	14	4	78	50	61	29	79	77	0	85	74	66	40	39	25	99	77	83	11	68	70	30	4	64	54	42	82	13	52	94	50	31	59	73	35	61	42	99	53	62	4	93	98	7	79	9	17	51	92	87	59	17	25	27	76	67	9	76	54	25	58	63	41	46	29	87	74	4	47	91	79	95	77	47	96	94	12	92	79	23	69	19	52	7	24	13	81	43	36	40	58	91	45	44	45	5	32	46	86	29	85	71	50	25	95	45	23	74	45	87	65	97	50	12	14	86	77	20	42	76	45	97	55	57	85	38	53	57	43	82	94	51	97	5	58	5	30	52	3	99	88	28	69	56	76	99	69	39	91	48	85	13	42	14	34	9	90	78	91	18	36	95	60	54	89	27	59	81	58	4	28	49	48	50	81	15	23	46	41	80	6	98	1	40	69	25	53	29	64	62	50	72	54	17	70	85	38	3	46	70	87	65	89	8	64	49	59	60	64	19	22	58	98	0	14	4	68	29	37	99	51	91	54	35	69	48	86	98	17	63	9	89	57	35	44	92	14	25	61	37	73	84	36	57	75	87	15	89	45	57	11	1	24	65	27	23	24	56	30	72	68	77	5	52	44	15	84	85	37	45	45	64	91	74	76	94	77	27	30	11	10	11	97	21	57	49	61	84	25	36	28	91	65	76	26	13	20	35	33	67	40	75	69	24	94	22	96	83	12	52	82	54	69	22	56	5	59	9	80	70	83	26	70	38	14	59	64	82	97	96	83	58	33	82	22	64	23	94	57	9	87	94	94	97	96	57	44	71	70	78	8	29	2	89	14	63	60	28	76	80	79	30	57	70	22	98	65	70	52	24	83	52	12	53	28	94	1	50	86	1	98	57	37	78	25	25	19	81	8	45	20	88	74	37	81	23	17	55	20	24	22	42	30	64	26	29	39	92	90	64	40	13	19	76	59	99	26	34	40	75	32	12	53	88	26	17	46	97	25	20	81	40	73	49	58	62	73	54	50	7	73	34	63	21	73	4	30	41	48	16	39	95	9	95	67	97	7	3	76	76	85	59	2	5	82	46	23	60	57	28	23	23	88	94	48	74	0	5	42	88	63	35	70	24	12	28	54	32	93	61	63	76	75	39	77	30	55	63	85	7	22	51	13	56	13	7	17	25	45	80	19	88	78	59	59	78	83	41	2	75	24	88	63	13	66	92	96	1	1	2	0	87	8	55	11	22	18	8	63	20	78	27	53	25	71	20	64	4	28	36	40	75	8	20	35	71	1	49	17	0	92	93	60	17	23	40	43	68	49	63	43	77	8	79	0	83	49	18	43	56	57	43	22	17	53	89	37	30	54	80	30	45	73	5	21	11	75	38	32	48	44	3	15	10	11	36	20	42	84	53	87	81	75	32	41	47	99	59	60	42	67	16	96	83	82	3	11	86	71	49	70	9	45	63	36	5	27	99	36	54	19	88	19	94	27	33	21	82	90	66	28	23	14	89	36	97	28	53	18	58	21	73	48	67	26	9	99	8	64	66	74	67	28	93	33	81	51	80	86	75	98	43	33	21	2	99	44	37	19	89	34	11	96	42	24	38	97	72	94	5	30	2	57	97	86	67	83	89	88	71	29	4	99	52	98	20	6	77	42	53	64	41	51	62	8	56	89	6	96	19	78	10	34	76	77	61	1	74	31	34	83	40	72	22	33	62	49	36	68	93	56	27	1	79	93	57	61	47	66	18	33	84	44	41	82	50	58	9	12	82	31	99	6	54	40	78	8	73	77	85	95	78	44	10	39	65	85	81	31	83	49	28	82	66	14	12	15	61	24	22	97	23	77	2	67	44	93	18	32	17	6	83	62	32	28	49	86	68	17	50	26	28	93	15	17	96	49	41	41	73	67	84	27	29	60	58	40	44	19	63	13	26	60	46	75	18	69	30	19	53	14	13	54	82	25	95	12	76	37	42	36	19	79	11	46	68	35	83	66	52	79	26	91	1	31	90	44	74	24	99	8	86	0	20	22	45	35	20	77	5	39	33	40	65	16	51	25	72	64	92	54	70	95	25	10	8	42	99	43	95	83	74	98	69	67	20	72	17	14	38	50	14	9	96	93	12	70	56	42	73	33	71	10	28	92	41	74	44	87	21	79	17	72	6	61	64	39	29	79	62	85	32	41	37	8	49	39	25	65	42	4	39	72	99	43	28	62	59	27	45	89	40	27	4	13	74	6	40	40	31	15	16	42	84	24	41	93	38	51	2	93	89	19	33	67	27	94	68	29	25	9	43	4	72	29	55	0	64	7	30	62	75	24	75	76	45	41	57	54	48	35	12	78	17	58	57	80	73	37	82	18	92	96	2	60	65	24	72	55	90	73	64	97	43	46	75	74	31	98	19	84	96	68	19	44	39	67	78	33	84	14	0	19	9	60	59	44	3	55	86	72	70	76	12	33	84	21	80	66	90	5	25	40	96	90	24	83	73	85	60	52	12	31	92	89	90	9	76	18	70	96	65	73	87	93	36	98	82	25	58	7	6	0	77	12	66	77	25	19	0	52	3	28	36	65	88	56	53	87	54	37	13	21	73	83	20	30	5	48	22	65	74	89	95	61	74	25	20	1	55	44	4	11	7	84	42	89	22	8	80	66	93	93	82	72	9	27	91	96	20	75	82	15	26	67	72	26	47	72	44	38	83	13	69	36	72	46	45	77	92	37	88	54	25	78	96	56	75	63	78	31	75	35	15	86	15	3	55	73	30	75	84	96	71	88	75	34	62	36	60	38	0	36	26	59	50	47	35	48	2	49	99	12	76	88	1	82	41	20	27	40	22	59	58	16	20	24	74	81	45	16	73	13	45	59	76	57	0	94	15	22	58	7	5	77	17	91	92	79	36	73	68	69	22	85	16	72	30	45	14	16	53	72	31	76	58	67	87	20	44	10	20	53	6	99	75	35	99	2	5	85	0	24	98	2	32	39	40	5	34	11	11	49	86	34	50	1	73	16	12	24	44	19	66	48	48	79	95	94	91	78	86	40	33	96	29	13	83	82	12	23	98	46	49	87	43	57	81	30	88	98	97	77	69	45	69	17	83	40	47	63	23	11	20	20	99	12	80	76	6	71	50	34	87	74	44	38	58	64	6	4	5	6	59	19	51	12	45	30	11	7	81	80	29	57	23	32	66	98	33	33	71	64	0	46	70	51	45	41	62	81	8	32	22	94	15	26	22	11	10	1	64	2	11	90	39	44	11	50	66	45	71	58	41	86	84	99	9	5	2	74	23	66	2	52	73	55	47	38	82	68	80	33	73	87	55	97	91	60	33	17	99	76	10	25	83	93	12	69	73	92	96	44	5	45	6	41	88	13	72	63	32	74	39	1	8	48	96	46	79	97	39	73	65	85	66	76	31	78	38	65	94	36	79	23	76	72	35	40	37	28	39	41	70	53	35	15	0	47	49	75	40	47	78	58	28	95	55	85	84	99	76	25	73	61	99	86	68	9	73	23	82	89	30	16	29	97	52	82	81	6	32	93	39	66	34	48	24	30	61	26	73	45	75	58	40	27	72	11	81	11	67	64	93	54	94	60	41	61	38	41	50	51	91	8	74	14	56	51	49	81	31	9	0	9	20	72	96	90	82	69	47	69	35	5	0	80	84	49	6	39	45	70	9	72	80	61	79	15	58	7	39	6	83	72	64	49	57	7	74	42	77	36	66	77	60	19	5	27	46	23	92	54	53	8	89	94	46	26	20	93	93	23	58	64	0	93	96	54	40	7	40	75	41	52	70	89	58	83	38	51	97	90	96	98	46	62	58	42	36	12	62	72	41	9	6	78	98	42	30	85	15	44	59	44	22	92	26	99	44	35	1	44	54	58	52	63	40	42	80	6	72	60	74	76	86	40	15	6	93	65	33	64	0	26	99	75	73	98	68	29	36	53	24	99	99	3	93	36	19	54	54	12	64	76	86	65	45	88	53	75	1	32	68	48	9	30	93	27	72	77	59	41	81	75	77	70	81	97	83	47	31	8	82	50	34	69	0	96	32	29	52	4	37	21	73	66	28	94	71	24	72	37	35	21	30	78	23	50	85	48	58	51	92	43	95	78	93	47	46	59	64	3	12	91	19	38	43	4	3	27	2	22	21	17	28	31	1	35	29	63	57	0	82	72	86	34	93	54	60	51	25	79	25	86	65	55	30	25	13	
92	34	43	19	57	46	85	47	1	87	64	39	84	32	9	49	80	37	13	62	82	78	18	46	54	13	55	34	42	43	95	31	55	74	58	31	69	13	29	58	86	97	1	86	3	61	87	39	96	21	37	87	27	21	74	74	1	8	21	13	66	49	2	53	63	74	58	69	47	93	58	95	17	65	83	82	11	23	2	70	37	78	81	37	1	2	36	43	72	3	71	77	38	48	1	1	45	24	50	67	13	37	80	56	52	77	54	30	63	71	63	10	31	25	26	16	60	71	46	89	60	52	83	94	87	24	34	41	91	39	48	26	65	63	39	43	17	50	90	0	57	55	12	27	38	12	13	23	68	50	82	44	93	6	64	32	73	28	12	42	30	3	27	83	25	90	11	27	7	4	35	91	84	60	94	20	49	24	20	96	81	21	18	12	95	80	57	59	56	14	43	73	55	4	31	4	91	2	40	71	45	87	97	6	71	6	53	63	26	50	88	66	95	38	0	93	62	28	8	12	29	33	38	68	92	90	68	59	17	51	2	49	29	55	89	79	12	9	30	19	28	36	30	5	2	15	2	91	18	68	92	57	18	68	7	28	66	48	82	14	68	21	41	91	49	56	17	13	98	90	3	92	83	3	52	45	94	42	38	38	59	86	84	63	84	5	61	89	74	96	17	6	69	32	65	35	99	78	94	7	24	31	13	49	83	36	68	90	66	33	46	70	9	33	98	98	19	63	8	20	6	85	49	36	46	68	86	47	73	69	28	99	84	85	40	28	87	53	52	72	12	42	40	23	96	92	72	30	51	94	91	87	55	67	53	6	93	13	80	65	97	17	31	56	37	36	93	60	89	71	81	95	91	87	94	97	12	17	88	27	72	13	56	59	17	94	75	50	68	87	23	55	29	6	11	45	74	5	46	81	84	11	32	27	95	85	86	60	85	90	85	25	43	74	10	5	17	50	58	2	33	6	91	19	99	20	44	36	25	6	44	27	96	55	47	68	20	89	26	16	75	33	74	93	22	96	97	27	81	54	10	31	14	90	96	91	66	12	42	96	49	60	31	65	53	56	71	53	22	49	56	97	74	60	1	97	38	62	60	58	70	56	75	74	36	91	46	41	21	32	82	60	37	51	16	65	46	99	81	52	65	19	86	7	42	61	4	6	15	58	77	66	77	43	97	97	96	25	85	35	26	33	38	98	19	31	9	26	5	2	51	0	5	81	62	46	7	83	65	88	49	3	91	56	28	67	52	70	84	12	89	11	7	31	55	9	86	53	87	52	89	82	58	97	6	89	90	82	61	13	91	11	65	13	78	94	16	76	16	91	94	36	2	67	90	14	41	96	66	99	58	10	90	60	15	11	24	93	16	19	64	69	57	79	89	7	45	13	70	58	32	65	52	17	68	41	69	98	8	61	50	54	35	34	68	18	28	78	55	79	14	21	77	69	77	25	82	71	74	85	80	64	78	93	20	71	27	99	38	35	32	70	0	38	60	95	82	41	43	66	23	97	30	60	90	31	58	15	36	56	72	43	7	44	97	41	56	50	59	11	87	77	89	93	75	3	74	25	62	50	2	11	24	1	38	4	0	42	43	22	79	13	15	21	12	85	65	47	53	6	40	43	14	76	23	33	34	66	89	28	99	95	14	45	50	73	83	85	99	49	78	10	3	28	46	88	53	71	26	45	72	91	78	33	42	48	42	21	71	45	50	35	85	93	24	72	61	67	42	7	79	42	69	83	37	84	11	81	91	54	88	68	39	89	17	80	98	81	27	95	81	93	63	52	16	65	42	91	48	65	57	38	68	35	30	41	71	69	85	98	86	18	63	53	48	52	69	19	76	92	16	90	55	26	73	46	16	93	9	8	9	89	38	78	58	50	68	88	66	30	44	76	31	83	58	66	57	32	74	20	2	31	22	5	87	97	24	17	12	30	70	54	67	21	95	31	77	70	94	57	50	57	63	15	20	96	87	13	96	81	44	49	70	51	53	10	4	24	24	68	66	61	35	65	82	14	6	97	85	78	50	50	47	65	56	20	78	15	57	24	87	15	55	44	6	4	21	8	97	92	86	33	69	4	14	77	50	53	77	44	6	96	15	68	54	5	30	89	66	87	12	68	28	54	83	3	4	74	34	30	96	53	84	15	49	76	81	90	27	88	90	40	36	6	96	79	93	99	28	91	10	32	96	50	41	81	72	96	22	13	36	14	60	91	95	14	98	98	49	40	9	73	83	89	67	62	39	19	61	62	96	94	71	34	85	68	55	50	98	25	90	5	71	95	12	59	95	97	43	52	95	95	88	90	70	23	59	46	18	56	82	46	41	3	42	13	55	60	31	80	5	24	31	70	16	72	50	39	97	70	78	91	25	55	92	93	25	46	72	12	79	59	16	2	75	48	81	84	82	24	27	19	69	95	72	24	45	15	65	52	7	64	62	68	52	24	45	32	26	90	66	43	97	94	59	84	5	66	49	69	77	29	37	87	34	72	43	87	3	27	16	14	2	83	55	65	85	1	43	93	47	59	1	26	47	98	36	75	45	26	7	83	18	80	87	4	8	25	66	43	66	39	65	13	94	27	17	35	34	24	10	94	2	21	37	11	75	71	5	26	34	62	13	14	12	75	71	18	3	88	3	13	10	57	71	98	60	63	7	63	76	92	42	53	65	44	66	16	23	81	95	91	52	75	28	78	71	84	47	17	95	95	48	43	47	80	25	55	74	29	87	67	88	41	63	20	46	28	17	27	1	32	98	53	6	1	12	27	3	73	44	17	60	16	27	22	85	75	25	1	13	24	16	32	44	39	0	17	55	10	48	63	52	24	74	64	42	9	26	44	20	79	55	38	74	17	99	34	68	80	94	56	89	52	54	43	90	54	15	58	70	24	52	39	19	26	84	75	35	65	28	19	98	71	38	64	49	68	91	31	73	62	60	36	11	12	93	50	68	22	99	64	65	71	89	77	80	4	54	72	29	6	11	99	45	15	55	47	93	3	65	97	42	20	14	30	53	74	60	74	87	43	80	52	18	87	87	59	10	95	9	6	31	65	36	4	72	81	32	71	82	92	43	84	52	60	86	84	28	73	49	32	60	53	50	8	39	40	38	71	52	67	77	28	23	12	97	18	57	35	95	88	27	34	23	76	79	48	67	87	12	9	87	74	93	20	37	50	38	30	2	0	84	20	18	24	44	80	51	61	43	14	2	50	6	32	95	93	35	18	16	55	14	18	66	53	99	11	65	28	57	61	39	93	48	58	92	13	38	37	95	48	38	19	50	9	94	88	21	51	28	41	63	9	44	35	14	22	19	96	30	96	74	33	9	72	22	81	60	43	48	88	19	1	86	84	64	81	35	68	59	38	34	48	99	31	79	94	54	31	31	42	24	36	99	14	72	19	49	58	12	69	52	99	84	3	31	79	70	86	37	42	3	2	65	77	83	6	63	98	84	97	45	85	75	70	74	40	88	56	36	23	77	41	93	3	51	6	49	70	62	76	12	12	48	32	97	63	9	54	5	47	95	41	3	93	7	12	9	79	17	97	97	45	47	78	79	72	78	94	83	94	66	35	36	12	17	42	39	5	72	59	47	76	79	45	82	66	48	84	82	99	51	64	7	92	82	63	21	39	26	87	43	52	76	15	85	44	40	53	1	73	95	6	34	55	32	62	27	8	90	68	35	68	18	8	41	32	11	18	97	38	55	0	40	78	50	0	3	10	7	81	28	2	76	13	42	51	77	45	12	19	29	50	78	22	10	76	45	33	24	58	82	38	26	55	50	74	49	42	66	76	48	46	60	59	38	65	48	32	44	76	14	35	89	48	21	61	55	26	25	32	82	35	20	76	29	35	81	42	2	93	50	12	21	0	9	14	40	14	62	66	92	8	78	56	97	15	42	53	13	4	95	27	45	68	86	50	93	92	45	15	99	5	99	20	52	27	51	2	12	44	25	88	13	94	78	49	47	68	47	2	9	0	30	55	73	75	58	29	79	10	86	66	34	62	57	34	35	11	30	54	45	8	49	68	35	16	59	20	66	57	50	40	37	29	5	84	26	75	47	17	77	41	44	57	33	48	32	56	64	4	22	76	66	56	79	73	50	27	98	68	78	4	93	71	90	42	66	82	65	51	93	47	48	4	98	94	26	82	36	88	66	26	72	35	69	41	21	3	85	80	37	61	47	91	18	95	28	93	87	85	80	57	75	21	21	17	90	11	35	18	77	96	64	93	86	98	13	79	20	61	66	25	86	67	29	4	3	80	11	32	14	93	68	76	35	40	18	31	99	41	21	71	99	18	88	26	9	35	25	59	52	17	88	79	55	90	52	93	58	30	99	77	22	75	85	60	52	72	36	98	65	21	13	93	46	20	96	7	53	13	31	27	62	70	43	63	21	62	44	12	57	77	84	15	86	33	95	60	66	54	68	2	0	85	69	4	94	4	50	21	58	67	58	72	92	88	91	59	61	51	29	11	14	57	62	61	52	0	55	62	88	52	72	63	80	35	83	88	19	72	40	88	36	99	34	78	51	75	91	88	17	29	3	76	35	38	57	37	95	80	59	85	28	35	9	97	49	5	13	29	65	26	96	92	63	43	82	29	83	30	5	67	66	60	90	57	66	56	29	57	58	73	68	44	97	72	39	91	15	64	89	47	8	1	76	85	15	69	64	78	33	23	24	46	85	47	50	40	81	79	6	43	87	15	6	61	71	97	55	95	21	49	33	58	24	96	74	51	4	44	75	75	75	21	76	46	84	92	79	43	26	7	48	77	20	6	69	51	25	11	83	28	13	90	42	82	25	49	17	42	71	3	38	5	86	28	21	84	5	98	1	83	43	76	47	13	39	83	81	2	37	82	84	42	34	93	9	3	51	26	28	10	26	48	15	88	10	7	18	78	26	97	75	81	42	54	63	2	51	80	39	29	18	15	51	21	24	56	92	73	82	97	5	39	46	46	33	40	24	32	61	13	88	93	31	19	65	9	24	59	31	30	65	54	8	8	10	17	63	16	85	44	26	96	6	81	75	32	83	82	2	2	9	42	72	86	60	51	90	77	54	74	93	37	88	92	86	30	86	81	59	42	82	32	27	25	57	88	89	76	95	96	57	53	22	47	16	44	22	27	27	26	49	29	12	1	68	94	62	49	44	99	88	0	9	25	61	18	84	13	64	13	92	35	97	17	28	82	33	3	45	33	86	56	33	42	63	58	65	82	79	2	38	22	61	60	24	39	4	45	17	38	76	42	69	83	66	65	18	97	32	31	21	19	41	3	3	0	24	45	72	39	44	87	65	34	88	56	24	94	68	4	78	48	37	33	20	61	9	31	54	77	23	96	42	71	6	35	81	18	37	92	15	49	39	9	50	55	80	57	66	6	93	1	29	63	24	21	4	83	32	50	95	43	84	65	4	7	87	88	96	50	80	36	87	63	3	1	87	69	77	64	44	63	59	34	65	67	11	5	12	70	80	58	1	9	89	76	31	45	98	62	40	14	64	13	48	35	80	65	1	59	59	11	20	13	74	41	9	12	75	91	42	6	97	54	32	96	15	28	51	71	77	25	9	28	28	23	26	16	81	70	20	79	34	68	16	76	14	88	91	82	60	78	17	43	60	8	79	89	7	57	24	35	6	82	59	43	86	2	45	89	48	48	5	48	46	69	30	4	91	77	1	29	42	33	96	34	43	55	40	70	7	63	42	23	91	63	86	78	12	18	2	8	92	72	46	82	3	15	52	81	45	10	1	5	65	94	77	93	59	63	70	60	92	50	33	53	78	73	50	51	84	40	87	56	89	40	40	1	84	43	44	59	56	21	17	62	5	60	15	9	48	99	33	12	39	18	57	75	73	12	75	12	13	2	61	84	82	53	44	21	31	51	64	90	0	12	43	84	6	66	5	98	23	33	53	40	22	3	6	42	58	48	57	15	38	5	16	14	49	16	52	61	55	45	5	58	85	53	37	24	45	50	9	12	58	32	89	97	54	5	39	7	71	17	88	10	73	17	48	61	65	95	25	75	64	23	96	15	55	43	29	64	96	42	18	72	98	32	3	4	44	92	18	20	58	87	28	83	61	42	82	77	6	91	88	78	70	54	95	12	86	85	42	57	4	48	24	24	19	1	22	43	34	67	2	99	29	26	37	53	9	12	44	13	83	40	35	90	81	7	64	35	90	13	3	55	45	35	22	57	98	38	38	99	70	32	19	62	94	2	75	67	63	63	27	55	74	43	59	63	9	84	93	35	75	29	74	10	63	2	6	55	77	49	11	25	58	54	61	95	27	83	34	83	97	32	59	22	86	2	20	13	93	19	12	64	85	35	45	6	34	87	35	71	33	33	1	71	43	1	20	48	74	5	10	47	57	17	32	97	31	86	11	27	15	46	11	6	64	65	14	27	34	57	68	87	42	58	99	90	70	9	24	75	77	36	27	81	18	55	74	34	84	27	26	55	50	34	51	13	20	21	3	93	75	79	99	88	17	59	3	67	81	46	33	26	14	76	45	68	23	14	10	48	23	98	58	84	6	20	61	69	97	5	74	56	65	91	23	94	32	38	36	52	17	80	7	19	59	29	93	27	18	62	34	27	23	29	0	30	27	2	63	94	39	19	53	32	49	92	95	57	96	98	26	30	59	79	38	72	58	95	61	76	42	99	39	86	96	57	78	13	89	18	55	72	54	29	34	41	33	85	81	94	53	39	33	54	13	11	54	71	85	42	78	65	74	98	85	79	17	19	85	49	4	34	27	55	22	5	44	68	98	4	36	23	16	61	48	42	57	12	47	66	86	6	36	16	24	21	32	25	96	13	50	25	80	19	73	27	83	81	74	63	52	84	23	97	23	35	33	11	1	81	45	10	35	87	95	44	66	41	41	39	44	8	63	59	28	42	19	40	81	27	86	11	71	92	0	32	87	95	15	14	54	24	40	56	10	21	15	68	14	90	2	75	69	40	53	34	90	37	94	46	60	9	38	32	99	66	62	48	84	8	54	1	29	72	92	18	53	44	56	6	43	4	44	84	82	78	45	38	77	6	55	29	28	97	92	10	12	73	0	30	59	78	74	57	64	61	60	18	42	88	78	44	60	19	27	18	93	88	33	87	65	15	64	9	65	57	38	29	54	12	76	28	18	4	2	3	40	27	6	6	19	57	41	0	79	35	43	60	13	39	10	33	98	69	47	2	11	27	74	41	2	21	81	95	74	56	68	21	66	70	57	68	30	19	5	56	74	21	20	64	50	99	36	28	52	69	62	60	78	5	22	66	98	67	10	15	35	1	63	96	84	26	37	86	81	74	30	2	23	11	51	81	79	5	72	55	3	81	39	35	74	29	12	52	19	85	57	8	14	75	79	49	3	95	74	82	50	26	8	53	69	74	62	94	82	23	76	68	95	43	68	47	11	34	3	55	41	77	13	23	17	46	44	94	4	81	60	70	47	7	99	60	87	78	78	57	98	22	9	86	71	53	10	44	97	51	86	23	8	77	5	14	89	81	17	52	25	84	91	40	50	21	31	77	55	91	95	21	71	3	64	57	41	48	26	14	44	86	23	8	96	55	95	30	6	50	60	76	12	71	91	6	1	68	64	54	84	49	5	70	76	68	67	69	48	97	74	73	92	5	40	31	17	10	74	23	13	20	64	80	75	80	20	22	10	16	22	9	81	52	69	55	27	86	11	38	68	66	84	41	21	10	31	74	11	45	70	82	52	27	89	85	55	10	6	38	19	69	1	29	92	37	45	30	31	57	25	83	13	25	78	2	39	35	22	90	23	62	74	53	32	38	31	76	33	65	41	39	5	27	62	61	91	70	26	78	0	50	67	90	91	8	86	8	90	50	39	63	63	96	48	57	97	55	45	3	47	77	53	78	81	90	27	95	56	20	40	18	73	67	62	10	46	16	98	43	50	21	8	45	40	46	19	78	92	81	29	19	10	50	66	73	85	62	25	13	98	23	47	68	64	9	7	27	85	86	11	59	95	86	59	20	98	50	78	68	23	48	74	9	99	84	76	74	99	43	16	1	92	11	7	79	48	45	92	93	90	84	50	7	69	43	15	8	13	75	19	80	3	60	40	23	88	47	74	67	29	69	60	10	48	56	13	3	68	41	78	28	0	80	73	41	16	30	3	93	29	88	37	96	8	84	87	14	23	43	22	70	53	8	17	91	9	91	91	91	2	34	25	79	27	8	10	44	12	13	85	59	22	27	23	37	14	22	6	67	78	4	11	1	81	28	79	98	86	50	66	29	25	92	94	36	47	69	51	0	33	62	51	26	68	91	71	19	98	9	95	32	30	65	37	46	23	97	74	13	89	2	2	36	81	84	75	82	4	0	26	29	55	43	31	10	79	15	8	94	70	13	45	62	92	64	24	55	53	51	94	22	92	83	55	27	45	76	65	1	6	67	57	15	90	26	83	0	96	69	93	83	39	1	48	42	70	0	0	82	53	22	67	43	41	93	54	24	63	37	89	45	97	72	41	10	46	45	1	42	97	20	20	0	49	11	32	22	9	41	57	41	93	83	53	30	79	0	25	42	10	35	73	34	52	17	71	98	67	70	43	25	23	35	16	66	77	42	57	55	86	91	23	22	55	64	76	98	81	8	93	69	30	75	10	15	85	3	37	99	97	67	71	33	86	52	40	97	65	30	14	26	43	82	90	39	13	70	32	98	25	50	54	52	30	87	29	78	3	67	37	29	44	6	12	82	62	70	18	82	90	42	65	85	57	50	86	45	45	33	13	52	85	60	32	81	24	8	20	6	50	7	93	8	20	21	57	60	95	56	45	35	28	48	37	85	73	31	3	93	25	57	79	42	75	75	55	39	19	7	44	83	2	61	35	20	33	46	68	51	61	16	12	9	92	15	22	11	65	25	1	65	31	10	90	54	70	63	84	9	27	18	30	29	3	63	21	17	27	52	35	71	68	48	49	56	88	11	80	13	11	68	40	15	41	92	
40	29	38	37	34	26	33	40	38	35	27	24	39	21	38	22	34	35	33	31	24	34	27	38	35	32	20	35	39	22	35	26	40	24	33	28	32	20	38	28	29	35	28	39	38	34	21	34	20	32	21	25	33	31	27	26	22	33	34	26	33	28	23	29	40	21	39	28	25	21	31	20	36	25	40	33	26	22	20	22	33	29	27	27	40	30	25	33	30	20	22	35	20	37	36	29	37	21	28	36	25	37	26	39	27	25	34	36	24	40	23	28	21	23	25	20	26	21	36	33	29	40	21	25	27	40	35	27	22	30	31	23	35	39	37	32	37	39	38	26	36	31	20	34	24	30	36	40	33	39	33	30	36	23	39	20	28	37	20	22	28	33	33	21	40	24	25	22	31	40	28	38	24	30	36	38	32	20	34	34	24	28	23	24	29	38	22	20	29	40	40	20	30	37	23	28	30	37	24	40	25	35	24	39	21	35	30	40	22	27	40	33	35	21	24	35	33	28	31	23	40	36	29	34	36	25	28	36	38	25	37	33	21	28	20	20	31	31	29	22	34	30	28	34	32	25	27	21	39	40	28	23	33	29	28	29	32	33	37	31	39	30	35	24	24	34	39	40	24	40	22	23	21	34	40	31	24	25	26	36	21	27	34	38	23	35	24	22	39	25	35	26	31	31	34	31	40	31	33	29	25	31	23	25	26	26	21	34	40	27	31	25	22	28	37	36	32	37	25	25	40	28	24	32	33	28	29	35	21	39	23	20	25	26	33	23	23	31	29	31	24	38	27	21	37	23	35	40	28	34	26	26	39	27	26	39	22	32	34	25	39	28	37	29	28	31	40	33	31	23	22	34	39	28	24	37	23	31	24	40	22	28	40	40	27	36	34	26	23	35	21	32	38	21	30	31	25	23	29	23	27	40	29	31	27	25	29	38	26	37	33	36	40	23	28	29	38	40	23	34	40	32	20	29	39	35	35	22	20	24	30	33	30	35	24	37	32	35	28	37	29	33	29	26	38	40	31	23	32	37	20	21	21	28	39	21	26	30	21	24	25	32	39	21	35	34	28	36	33	30	23	25	23	27	39	20	27	28	38	34	35	28	35	40	22	28	23	23	22	39	34	28	36	32	25	32	35	29	28	30	27	30	36	39	33	24	30	33	31	37	35	27	38	40	32	31	38	40	22	32	28	40	37	22	39	38	34	21	20	20	40	34	24	26	40	33	21	38	23	33	22	37	30	40	24	29	34	31	39	35	36	29	38	32	29	28	22	22	25	33	35	27	22	32	29	25	29	23	28	33	35	25	31	28	31	22	27	31	34	23	37	32	26	24	24	30	39	24	34	37	38	34	31	21	24	26	20	33	31	34	37	28	30	38	35	22	25	29	36	37	21	36	35	23	26	27	30	38	40	32	21	21	35	27	32	23	33	26	36	22	35	40	31	36	38	25	31	27	28	24	27	25	22	31	26	24	32	40	35	29	34	32	24	22	38	31	20	30	23	33	24	33	26	37	22	31	38	31	25	34	31	30	20	22	39	40	34	32	21	40	28	23	28	23	27	25	32	25	38	37	36	38	31	23	27	20	34	39	26	32	40	21	31	27	40	29	23	29	29	31	39	40	35	24	30	27	32	36	27	20	39	27	38	29	36	33	32	35	31	37	21	30	40	24	22	27	20	23	26	31	36	37	36	38	33	34	26	24	39	39	29	39	34	29	37	37	25	35	27	27	32	39	27	35	23	26	38	39	31	31	25	33	37	21	28	36	32	31	34	21	23	29	39	38	29	34	20	22	27	27	35	21	33	38	36	28	34	35	32	31	25	38	38	38	33	35	36	23	25	40	32	31	38	32	40	38	22	29	37	36	38	24	29	33	33	31	35	20	37	21	20	25	28	24	29	28	27	27	21	30	27	34	40	24	25	33	30	21	29	32	20	39	29	30	37	33	28	34	28	27	21	26	36	33	39	29	21	27	36	28	38	25	38	20	21	30	25	38	31	26	22	22	32	36	23	39	27	35	30	39	39	23	34	28	32	22	20	38	28	22	38	31	32	31	34	23	37	29	34	40	26	35	25	20	31	34	33	28	39	35	30	36	38	39	36	27	39	23	30	36	31	40	36	28	20	37	33	29	33	20	22	24	26	35	28	38	20	37	22	40	28	37	24	26	38	30	28	27	22	37	35	37	23	39	23	40	29	32	20	32	24	38	35	38	35	37	24	21	20	20	21	24	35	36	40	28	27	40	25	23	23	34	21	35	35	23	36	30	26	39	39	28	25	24	22	25	25	22	37	36	39	21	22	21	33	28	24	21	40	29	28	40	24	23	38	26	23	29	40	40	32	34	33	40	30	37	37	20	31	22	28	36	22	21	22	30	32	29	38	26	23	37	31	22	38	35	32	38	39	31	23	28	21	32	20	25	26	23	34	29	21	32	32	39	40	22	31	31	30	22	23	27	39	35	27	39	26	30	23	22	34	35	25	20	35	30	26	37	20	33	33	29	35	39	31	29	38	29	20	36	24	36	24	30	21	29	27	40	21	30	36	39	39	33	23	29	27	38	35	20	30	37	38	21	35	36	36	30	24	36	22	23	34	20	34	36	30	34	34	33	33	21	34	35	31	37	36	21	39	37	28	36	26	23	32	24	35	28	40	25	27	32	34	33	33	24	22	22	33	26	20	22	22	38	35	34	20	34	26	30	24	29	27	21	24	26	40	31	28	34	38	35	26	27	24	38	23	31	34	35	25	20	29	23	22	28	36	37	20	35	26	25	25	40	26	37	31	32	40	27	23	22	28	23	24	22	26	23	39	28	32	28	36	21	25	32	28	21	36	29	20	30	31	27	35	35	25	35	36	33	36	26	21	37	29	31	21	37	24	37	28	27	28	27	22	24	39	36	27	29	23	24	39	32	21	23	34	40	21	22	25	20	40	39	36	24	39	38	25	31	20	29	23	28	26	30	34	37	22	34	27	32	26	33	24	27	20	39	38	36	32	23	26	31	40	25	35	36	32	27	36	35	35	40	34	22	38	38	25	29	39	26	27	40	26	36	23	28	32	25	26	25	35	24	20	25	31	32	27	20	30	35	28	30	32	21	26	38	34	36	29	31	33	37	24	28	20	27	33	33	27	23	35	25	40	27	30	27	33	32	31	34	28	24	38	34	26	28	22	25	31	21	37	24	35	27	38	26	28	36	31	24	29	25	23	30	32	20	27	25	33	36	23	39	24	31	37	20	38	39	29	33	28	30	39	26	30	29	30	25	25	36	35	22	31	37	40	24	29	39	34	36	35	23	22	30	37	24	20	27	30	37	28	37	29	34	23	31	37	34	34	32	31	20	22	34	36	22	39	35	28	28	24	35	22	22	24	25	36	32	29	23	36	24	25	40	30	31	39	37	30	37	37	22	30	36	23	23	35	30	21	34	21	20	25	39	27	38	38	27	33	26	25	31	37	32	30	38	37	35	33	31	23	21	34	20	32	27	31	37	40	40	21	28	39	22	40	28	25	22	20	23	31	39	21	39	38	20	37	39	27	23	40	29	39	28	33	22	34	20	26	37	25	20	40	35	25	20	39	35	23	35	29	24	23	24	33	38	31	37	32	21	32	37	40	36	29	36	33	30	35	21	38	23	25	36	23	36	23	39	27	27	30	20	32	33	33	27	27	29	26	37	30	39	27	35	28	25	24	24	31	33	31	31	31	28	30	35	20	20	34	31	29	26	24	20	27	37	30	27	24	22	20	22	32	29	40	30	39	27	22	38	26	32	21	40	36	39	31	25	26	26	23	24	35	23	30	33	31	26	33	37	27	27	21	24	40	33	25	28	32	39	33	39	34	26	31	20	25	25	24	27	20	27	40	35	36	34	39	23	24	23	40	28	28	25	36	23	27	21	28	35	29	35	37	36	34	29	21	27	21	39	20	38	31	33	40	24	29	34	34	25	33	26	33	21	35	34	36	26	26	22	27	35	38	31	21	31	21	38	25	25	30	39	33	38	33	20	33	32	21	32	40	24	33	35	26	28	30	22	33	37	21	40	39	23	34	30	33	31	37	33	26	34	20	36	24	32	40	24	33	29	33	24	27	26	33	40	22	36	39	38	40	29	31	29	34	25	28	21	29	32	34	34	28	32	26	33	39	20	32	21	34	22	38	27	28	24	31	22	24	29	30	31	38	34	32	24	24	26	24	35	32	29	35	34	30	39	21	25	35	23	39	21	29	39	25	24	26	37	37	34	25	33	39	39	32	32	36	32	21	32	22	32	22	26	34	38	37	40	27	37	28	38	32	39	36	29	35	21	25	37	23	29	36	30	39	29	27	38	24	37	34	28	30	22	35	39	31	31	30	28	25	35	40	31	27	30	31	33	20	25	37	30	32	23	39	29	30	24	28	40	32	25	27	27	36	24	30	30	34	20	22	38	34	30	24	23	40	25	40	24	24	29	32	30	39	35	40	33	28	21	24	40	20	38	40	24	25	30	22	28	38	40	38	39	38	25	34	25	29	26	39	27	20	29	36	35	21	36	29	38	20	22	28	36	29	38	29	29	27	38	33	29	22	25	40	40	35	28	32	29	23	22	34	36	37	29	30	30	29	32	30	31	27	24	29	29	35	20	32	22	29	21	36	23	22	40	28	31	35	30	37	30	22	23	27	29	32	37	40	37	38	25	36	33	23	21	32	31	28	30	40	30	40	26	24	40	40	39	38	39	23	31	26	33	30	31	32	31	36	23	31	20	25	39	37	33	29	23	28	20	26	34	36	30	24	26	29	24	20	39	20	31	30	29	31	22	32	35	30	23	22	30	33	32	20	40	28	34	32	39	22	37	36	36	32	22	32	39	33	40	20	28	28	31	20	40	22	39	21	24	26	25	40	33	37	40	40	31	31	40	35	26	24	33	31	31	40	27	30	39	21	29	32	24	24	28	24	25	37	29	34	29	20	28	26	28	34	33	20	38	28	30	22	40	39	22	26	36	22	37	27	29	32	25	38	28	20	31	27	22	32	23	37	39	35	31	32	40	36	35	33	35	22	38	38	28	38	37	22	33	24	29	29	25	22	35	25	23	21	21	39	39	34	29	38	27	35	36	31	33	39	22	30	30	27	35	28	29	23	35	34	39	37	25	24	37	22	38	26	26	29	30	24	32	25	26	24	40	22	31	23	35	21	29	25	26	25	21	26	37	28	23	22	20	31	23	20	33	25	38	25	39	36	25	26	30	38	20	32	30	30	39	23	26	20	33	22	28	27	29	22	28	37	20	40	30	23	36	26	23	33	30	21	37	33	38	25	23	22	21	33	28	38	25	33	28	35	35	40	23	39	25	21	25	31	28	22	35	32	22	27	38	31	31	22	29	24	28	36	20	35	40	23	31	32	35	26	40	28	33	33	35	22	34	26	25	31	30	24	39	22	23	24	31	29	36	23	40	34	35	39	24	36	32	29	33	34	34	36	21	37	20	36	38	37	30	24	22	33	25	40	29	38	29	20	26	20	36	37	30	34	23	28	30	28	23	39	31	25	29	31	35	40	23	29	30	27	31	36	25	29	40	22	25	29	28	29	26	20	30	25	30	34	35	38	28	36	29	32	27	32	32	39	39	28	27	26	32	37	29	28	33	29	21	40	40	20	31	23	25	27	33	28	28	31	40	37	34	22	26	32	32	31	21	20	20	39	38	31	26	36	40	29	26	38	35	20	23	23	30	32	28	26	28	35	28	24	39	31	23	26	28	39	33	40	40	36	37	22	20	21	38	22	39	34	27	40	39	24	32	21	33	35	37	27	36	32	39	38	30	22	32	33	27	32	33	30	22	34	23	31	37	27	21	22	34	22	33	24	40	33	21	26	24	35	20	28	22	27	29	35	28	24	30	25	23	27	29	32	24	29	29	36	37	21	25	23	24	22	25	24	23	20	27	21	25	25	22	26	20	28	20	36	29	26	33	35	29	32	36	23	24	21	38	25	21	38	40	26	22	21	21	24	36	20	33	39	26	40	30	40	21	22	24	27	22	34	36	25	21	35	30	29	21	38	38	27	29	32	34	34	28	35	28	26	31	22	26	21	20	26	26	25	33	25	37	29	31	29	29	27	23	21	21	40	35	35	38	36	33	30	31	37	39	22	30	30	33	33	39	21	20	25	36	21	39	29	32	33	36	25	36	26	40	33	32	24	31	24	21	31	39	28	39	20	29	32	28	24	28	39	39	22	26	33	25	26	34	28	26	35	22	31	23	25	40	24	23	36	21	29	38	29	40	40	27	28	23	31	21	37	35	21	27	35	30	35	40	22	35	32	23	35	24	35	36	23	34	23	20	26	33	28	35	21	26	38	39	38	37	35	36	21	21	35	36	37	25	32	20	36	23	35	24	27	32	35	28	37	40	38	30	38	32	31	24	40	40	39	31	27	26	36	36	31	40	28	24	34	22	40	31	36	39	29	34	32	34	28	31	23	22	27	37	36	30	24	27	40	25	36	24	27	24	37	23	30	20	20	32	35	22	26	39	28	32	30	26	33	20	33	40	21	35	27	22	30	26	23	32	20	36	22	29	20	31	38	28	28	39	26	26	26	30	30	34	35	23	25	30	26	25	26	29	21	24	25	29	26	35	40	30	26	23	28	28	20	25	26	32	30	24	35	23	37	33	27	26	37	24	22	29	39	21	34	23	35	36	22	26	34	40	38	29	28	36	39	29	38	35	30	32	36	26	24	39	25	23	25	38	36	30	28	27	40	28	38	30	25	34	32	31	25	35	29	33	22	23	22	22	36	36	37	22	32	36	32	36	36	32	25	25	38	37	32	39	34	37	31	40	36	26	35	38	38	40	37	30	28	40	28	38	38	23	34	27	26	24	24	22	32	27	33	23	24	40	20	24	31	34	36	22	27	25	34	36	28	25	40	29	21	30	34	38	37	22	37	35	27	26	20	38	33	40	32	30	37	35	34	31	30	25	25	39	35	36	34	22	35	26	27	34	29	28	23	38	23	38	38	29	22	27	38	26	35	29	27	33	30	25	35	32	35	24	21	27	30	33	25	40	35	34	39	20	40	40	30	33	33	24	32	32	39	25	35	22	29	36	21	27	35	27	36	24	37	37	38	20	37	34	20	37	25	27	36	22	24	30	27	28	26	26	27	33	23	35	26	31	40	24	23	38	24	35	32	21	20	20	23	29	25	24	27	36	39	33	20	39	35	25	23	31	39	31	39	34	26	27	21	31	37	36	31	39	20	35	30	22	36	37	37	31	29	24	20	26	32	38	40	38	22	39	27	24	28	30	39	24	32	21	39	22	34	28	20	40	37	23	32	36	40	23	27	26	31	26	29	38	36	25	20	20	23	28	37	23	20	23	22	34	30	31	27	24	34	27	32	38	35	23	32	23	31	34	28	39	35	30	31	40	27	22	22	39	37	27	28	25	39	23	38	24	20	21	29	37	20	38	34	28	20	39	38	34	21	26	21	23	40	20	35	34	32	31	30	33	40	29	30	33	33	27	32	33	33	40	28	31	25	22	40	39	23	37	37	31	40	21	20	31	33	25	36	30	40	40	35	40	29	24	28	21	29	38	33	20	24	37	29	27	40	31	38	27	37	34	37	31	33	25	27	37	23	21	21	38	35	22	40	22	22	21	24	26	30	39	28	39	26	32	38	37	40	24	20	36	23	33	38	36	36	29	27	36	39	30	32	26	30	34	36	29	39	31	32	38	34	30	25	28	23	26	28	27	24	28	40	34	26	30	34	35	20	40	38	32	25	36	35	38	40	38	20	23	34	34	40	31	26	24	24	26	33	30	30	30	38	40	38	23	39	20	27	29	39	36	37	33	40	39	25	21	32	33	20	21	27	20	28	29	30	34	28	27	32	25	27	25	36	34	39	34	30	28	32	38	34	23	34	29	32	31	23	27	34	21	23	24	35	40	31	34	36	31	29	36	20	36	24	32	25	36	22	23	39	40	36	21	31	36	22	31	28	25	25	37	26	40	36	36	28	21	37	23	21	22	22	26	33	20	27	22	22	39	38	37	21	29	26	30	40	31	24	39	39	21	21	27	31	34	40	40	26	40	26	25	33	20	36	28	21	20	38	36	39	28	38	27	24	33	23	24	24	22	33	30	27	32	23	33	33	39	29	21	38	26	33	35	38	24	29	31	30	27	22	40	38	22	23	21	29	26	35	23	37	23	22	20	25	21	36	39	32	25	32	20	21	21	38	21	24	34	25	36	39	27	28	30	30	21	22	37	29	20	36	20	28	32	34	38	36	38	21	31	22	25	35	25	21	38	37	31	20	34	37	21	21	32	32	23	21	25	30	22	34	28	33	20	35	21	29	20	32	25	20	35	38	20	40	24	21	20	36	28	24	24	39	37	31	22	33	28	35	26	40	20	21	36	28	29	37	38	34	29	37	38	28	32	40	35	20	21	20	36	37	31	21	38	31	36	32	29	25	28	29	30	32	29	30	36	36	33	28	26	25	34	21	40	37	24	21	35	24	25	35	37	25	29	35	33	37	28	34	34	23	31	28	35	28	20	35	40	23	33	29	21	21	38	30	39	29	29	33	35	20	37	36	21	38	25	22	30	28	31	29	20	28	28	36	21	36	25	37	22	23	39	23	40	32	36	25	27	34	28	39	23	28	35	35	23	22	27	22	21	33	34	22	36	21	40	36	35	31	20	30	20	26	32	35	35	22	24	28	22	21	31	23	22	22	40	36	28	38	25	25	32	26	31	36	33	30	24	27	22	32	28	36	28	37	29	27	33	21	39	21	40	36	27	37	26	30	35	22	29	32	22	21	29	36	32	34	22	28	35	26	21	40	38	36	32	37	26	20	40	38	21	21	23	37	31	24	23	33	24	34	32	21	34	29	24	29	33	23	26	38	30	24	33	37	31	28	36	36	40	37	28	24	31	27	27	32	27	36	36	25	21	39	35	24	35	26	25	26	38	34	36	37	38	
32	20	30	29	27	10	45	46	40	30	39	50	39	21	11	25	42	26	39	30	31	27	47	29	29	44	42	21	20	38	18	18	25	14	33	50	23	40	18	45	13	10	18	37	12	35	15	43	40	18	46	32	27	47	26	15	12	28	44	34	22	26	12	32	50	22	12	32	33	10	13	18	31	15	14	25	15	24	26	44	31	21	14	10	25	20	40	32	12	26	26	29	14	44	34	26	29	41	28	30	33	49	45	38	50	43	49	28	45	27	42	16	21	34	15	26	31	37	27	45	15	38	34	22	21	19	22	16	10	28	23	40	19	46	21	50	34	42	31	11	16	33	28	39	16	46	12	45	42	35	42	25	37	10	15	34	38	20	41	47	32	44	18	43	28	49	44	47	41	42	13	36	18	50	23	28	45	47	13	50	23	45	34	38	25	33	42	22	23	29	29	10	17	48	25	14	27	47	15	24	49	32	28	18	15	47	31	38	41	33	22	44	12	34	25	37	17	35	37	40	12	43	10	50	37	19	45	48	20	20	37	13	40	10	47	21	45	32	10	33	42	26	20	33	25	12	37	47	38	25	32	28	21	18	13	42	32	14	48	18	47	16	49	42	45	47	19	27	23	26	14	46	45	24	38	50	39	28	11	30	33	22	15	25	39	27	43	49	33	44	17	38	31	24	25	29	28	50	39	23	37	27	24	30	15	26	16	39	38	22	49	43	41	26	41	20	38	49	18	34	44	27	13	22	50	23	45	43	27	17	23	41	11	24	30	41	49	10	17	33	10	40	10	25	36	33	10	11	16	49	31	13	23	33	28	33	30	13	39	25	15	10	18	45	23	15	36	20	44	16	13	38	43	23	39	14	16	25	24	19	21	18	33	49	15	19	32	46	48	32	31	30	23	36	45	49	31	22	50	45	15	42	35	25	20	40	35	34	17	39	33	10	39	16	26	14	28	14	49	15	30	28	42	22	15	34	21	17	49	50	26	17	41	28	24	41	20	17	29	47	37	25	50	38	45	11	19	15	16	50	26	13	22	22	11	24	38	12	40	13	33	39	45	30	46	11	41	28	49	49	26	37	18	11	16	34	37	23	17	15	19	42	19	36	11	21	44	41	47	21	35	42	21	19	46	49	36	22	27	30	22	18	23	39	21	47	42	14	10	49	40	37	50	11	49	25	14	14	48	37	50	19	45	45	28	38	44	47	40	50	45	21	19	38	34	46	21	20	19	22	21	48	39	35	17	36	23	34	26	22	35	44	43	45	33	18	32	35	28	29	32	12	35	48	12	14	49	43	13	12	20	33	27	31	25	34	15	35	47	29	14	10	38	49	40	47	39	17	18	40	11	28	50	27	19	18	40	18	40	32	45	19	24	18	23	13	40	47	34	37	50	14	15	10	28	11	22	23	34	31	14	20	24	38	18	26	19	42	27	49	29	39	32	32	45	43	49	49	45	37	46	22	24	21	34	42	26	40	12	35	42	48	26	26	48	33	47	16	16	30	43	12	48	47	13	47	32	12	36	13	22	29	41	37	30	46	29	22	24	36	39	40	43	50	19	25	14	36	38	37	41	26	21	20	35	39	42	37	49	47	23	34	12	18	32	23	42	20	36	30	43	13	26	18	18	19	31	38	44	43	11	17	25	45	49	31	45	41	35	16	34	14	17	44	17	26	18	27	48	50	31	46	13	16	22	26	39	33	27	31	19	37	22	46	31	11	24	32	27	14	30	39	42	25	45	39	38	28	35	20	31	17	10	36	49	20	23	35	36	24	12	25	20	21	36	32	49	27	11	46	35	25	43	29	23	37	41	19	36	28	18	50	11	49	19	12	49	47	35	43	42	15	17	18	10	19	41	35	10	17	48	46	18	17	10	18	38	30	44	45	43	39	35	14	12	46	48	31	25	11	13	48	28	43	47	31	20	36	11	31	18	37	10	45	49	43	38	35	37	20	17	41	50	36	11	44	13	13	28	22	10	17	38	30	25	17	26	31	39	36	25	23	31	49	24	42	39	37	33	18	25	43	40	30	18	32	35	37	38	13	49	26	25	38	42	28	46	15	42	37	32	43	39	28	44	36	47	24	38	43	42	26	31	48	38	50	30	41	29	32	26	44	48	40	50	38	21	31	39	10	10	16	38	28	18	33	15	13	44	32	18	36	31	28	46	42	47	39	47	26	24	49	39	14	48	12	27	22	24	37	19	25	18	21	29	38	50	10	48	24	12	12	42	28	45	33	33	28	33	47	38	44	24	15	28	33	48	13	18	22	38	26	16	24	12	18	27	46	49	16	42	34	48	45	41	34	32	19	33	22	35	21	37	17	46	41	36	19	43	32	44	34	37	46	11	13	50	28	22	25	23	32	10	34	17	30	15	19	39	27	16	45	25	22	44	17	35	25	23	41	41	26	47	40	17	36	26	13	14	49	27	22	50	45	33	21	48	36	16	36	32	44	14	22	33	18	32	42	31	46	41	39	38	25	48	45	27	35	32	39	15	39	23	17	13	22	33	48	24	30	26	28	15	20	32	39	16	28	21	32	15	22	41	29	39	18	36	22	22	32	21	14	27	17	41	16	32	16	32	48	24	34	26	39	18	33	35	36	37	43	44	32	50	14	34	24	11	43	26	26	40	16	23	25	38	32	12	42	22	26	29	45	14	44	47	35	15	24	19	29	36	28	39	49	26	29	12	29	23	50	39	30	13	26	42	22	22	14	49	50	48	16	38	33	30	10	20	37	45	39	24	12	35	44	20	32	33	46	27	17	48	27	14	39	22	10	26	42	16	11	42	14	48	40	38	36	38	42	50	20	30	28	32	19	14	50	10	50	16	15	21	42	12	45	25	26	22	30	49	17	19	12	21	37	37	23	11	19	35	16	43	19	50	10	13	44	30	34	47	20	24	24	23	29	24	20	43	46	18	20	32	11	36	47	10	11	44	28	20	35	27	45	13	26	20	35	40	39	46	25	14	13	20	44	16	50	10	23	48	31	18	33	15	29	32	23	21	14	11	10	14	17	20	34	23	38	37	40	13	31	10	14	22	10	12	49	21	10	16	11	32	26	50	26	11	35	45	21	44	28	40	41	38	12	43	24	31	26	17	25	25	10	20	48	45	24	27	44	50	23	38	46	16	15	47	38	41	11	40	28	28	27	23	28	50	50	38	34	32	15	37	18	35	15	30	15	39	21	41	12	13	12	43	43	12	11	46	49	47	44	14	34	50	14	48	20	22	37	25	22	35	49	13	10	47	26	38	47	50	23	49	38	12	22	26	34	12	10	14	16	18	34	13	28	36	45	21	27	26	47	20	28	42	21	10	29	11	18	10	49	37	34	50	46	30	37	45	16	37	35	29	19	49	19	36	17	40	11	39	16	34	42	27	39	35	25	49	43	20	44	32	44	43	29	16	27	46	20	37	19	17	50	15	38	48	20	47	22	43	49	49	49	27	28	35	36	13	27	11	30	33	20	20	38	19	12	19	19	34	26	25	32	35	37	50	30	27	11	43	32	26	10	25	43	36	29	50	27	21	39	35	22	23	50	22	19	35	47	22	43	32	28	49	44	12	10	10	25	19	38	30	46	11	20	46	35	33	48	37	40	17	35	27	15	10	24	33	10	23	15	41	15	14	39	13	12	19	47	41	12	36	42	14	10	19	21	27	47	49	18	43	16	47	39	43	50	17	40	19	17	38	23	15	46	41	34	25	48	30	48	39	39	27	19	33	37	42	50	24	37	24	45	15	33	17	45	31	14	26	19	19	19	36	25	39	45	14	49	22	27	43	18	12	36	14	33	10	43	42	48	25	33	12	32	50	49	32	28	36	48	16	18	37	16	41	43	39	18	45	34	18	10	29	21	15	10	50	48	17	17	18	21	36	34	44	21	31	13	32	50	33	39	19	49	40	37	14	43	10	18	14	35	21	38	12	21	36	23	45	46	36	39	33	31	22	20	19	41	19	35	48	36	42	37	48	46	14	38	37	47	33	10	45	16	26	17	13	32	39	41	20	32	46	39	50	11	21	31	41	40	39	24	43	39	47	20	44	13	16	42	10	50	30	17	26	40	23	27	21	27	32	35	38	20	30	33	27	39	39	13	50	24	45	17	17	25	34	29	36	13	44	45	26	45	50	45	31	32	35	48	42	20	20	12	38	24	49	43	27	15	32	15	18	40	26	45	22	15	10	19	38	12	20	47	27	27	38	24	30	46	49	46	33	16	32	43	35	49	44	15	22	27	47	49	26	27	47	16	40	15	13	13	32	22	15	27	42	18	20	10	15	14	41	42	47	20	32	35	27	28	46	30	43	14	49	32	37	32	14	40	20	40	50	39	47	50	13	23	45	25	23	17	38	32	38	34	35	23	28	27	27	23	19	36	21	23	35	42	50	29	47	43	16	20	11	24	24	35	41	26	33	20	46	42	50	23	48	43	50	29	25	40	16	40	10	22	28	27	43	19	38	30	47	38	50	12	40	28	17	25	15	24	43	49	20	42	21	41	35	34	31	45	10	31	15	43	48	27	44	31	38	11	21	41	34	30	31	19	29	10	17	42	33	23	43	20	17	37	34	29	36	39	11	11	41	39	48	14	34	40	11	27	26	40	22	44	14	10	11	25	16	30	44	40	49	37	35	13	50	27	41	23	18	46	43	46	32	44	13	40	29	10	23	41	45	20	22	13	43	47	22	24	49	15	39	44	20	31	20	41	36	50	11	46	17	35	34	18	30	44	23	12	47	15	29	24	19	14	11	24	28	49	45	41	50	34	16	25	35	25	41	35	20	13	38	21	41	22	49	46	22	28	50	26	14	36	10	22	27	29	43	19	23	15	11	47	49	28	45	22	16	19	48	11	33	18	11	11	45	19	27	30	34	35	42	14	40	30	29	40	34	14	17	13	17	14	33	16	20	43	26	24	43	50	23	23	15	33	45	23	43	24	21	25	44	13	14	22	17	36	26	19	37	29	46	50	16	37	11	27	43	20	22	38	41	18	27	34	29	37	46	20	25	26	23	27	35	33	28	23	15	43	23	47	42	41	29	31	26	30	38	28	31	37	15	36	37	43	43	19	47	28	20	34	36	22	45	18	35	43	33	40	49	31	10	13	14	30	20	44	12	33	32	17	41	35	25	22	16	40	18	41	27	35	37	11	34	44	44	12	43	32	10	37	34	49	32	23	23	36	41	10	44	45	38	15	20	19	34	12	37	23	40	14	14	49	48	24	33	48	26	23	32	48	12	19	16	43	38	32	11	46	41	35	14	44	46	38	16	21	33	18	43	48	24	33	47	26	14	36	20	46	30	15	40	30	31	42	26	35	18	13	39	50	42	11	42	20	46	39	33	28	24	15	23	44	25	50	10	46	18	22	12	13	27	34	31	17	38	45	46	32	25	31	40	46	25	14	44	22	43	11	28	31	48	16	22	20	25	10	30	39	30	27	45	11	32	30	36	39	23	34	14	14	10	48	11	24	44	36	24	28	25	30	16	17	36	34	38	36	44	26	15	11	33	33	36	38	43	49	28	35	49	23	27	11	17	38	40	12	48	42	30	29	24	48	17	36	11	26	37	10	33	14	19	35	16	45	22	33	31	14	12	12	14	26	50	30	13	47	42	50	18	35	27	30	12	50	15	17	43	22	23	21	12	37	50	26	32	36	26	35	20	21	19	41	24	48	30	19	34	16	22	37	17	30	35	44	11	28	28	48	23	20	35	48	36	17	44	37	32	19	29	32	31	11	13	38	18	21	22	32	38	42	20	19	26	10	46	38	43	20	40	38	24	50	30	50	46	11	27	42	27	42	35	24	12	20	41	15	18	41	16	42	47	37	41	18	26	19	39	40	49	15	48	47	16	19	21	15	30	41	35	14	41	45	20	49	19	32	17	20	45	49	26	30	42	34	50	32	39	22	20	41	17	11	50	43	31	40	47	13	12	21	26	41	21	33	21	37	32	19	31	42	32	32	49	35	36	29	44	10	46	11	36	28	11	20	41	45	42	35	15	44	44	14	36	30	32	20	25	36	40	27	47	29	27	31	50	46	10	36	20	21	28	12	11	41	44	26	28	21	37	20	29	14	36	27	41	10	44	19	17	26	17	29	21	20	25	33	26	43	45	38	34	23	48	17	16	29	15	32	17	22	39	39	37	43	49	32	36	13	49	37	15	14	34	30	31	45	16	29	15	33	22	38	33	46	14	32	32	20	37	45	14	25	29	35	46	22	24	42	20	27	26	14	45	30	30	21	44	11	30	15	31	47	12	42	23	39	22	19	39	13	42	45	49	31	21	11	10	47	16	32	38	50	40	37	12	45	20	39	24	30	41	15	23	31	39	41	10	30	10	43	11	39	27	38	12	17	44	33	28	18	22	15	16	38	29	38	35	33	34	16	49	18	29	41	46	25	42	31	41	27	10	37	27	44	29	48	24	11	39	14	45	14	48	36	31	14	49	31	49	26	43	48	45	46	25	49	47	41	43	27	22	42	35	45	11	19	15	28	41	36	29	49	27	14	50	29	50	16	16	20	17	44	39	26	49	21	10	30	41	13	23	41	41	42	25	32	42	42	30	12	29	47	34	40	22	27	33	48	18	24	15	30	43	35	43	46	26	23	28	30	25	44	45	47	31	14	11	30	44	21	32	26	33	35	36	31	25	32	38	25	43	12	38	24	27	47	35	31	13	41	48	13	37	50	49	18	21	21	15	36	14	37	26	31	10	37	16	47	34	17	26	14	20	26	32	16	38	28	39	45	18	32	32	34	41	11	16	41	17	29	50	21	40	27	41	12	39	44	38	41	24	23	39	22	16	40	12	11	11	40	35	43	37	49	11	34	45	17	18	49	25	28	24	50	47	32	18	35	13	43	40	29	31	47	15	21	49	34	39	31	15	49	44	16	44	26	39	18	45	46	27	22	42	37	41	38	30	39	20	30	50	25	13	42	12	27	42	15	21	46	14	10	23	25	49	42	26	16	23	41	47	15	24	39	24	14	32	47	28	47	28	12	25	27	12	25	24	13	35	38	44	17	39	34	34	27	30	12	32	26	28	26	48	27	31	41	27	39	28	10	47	46	32	28	17	49	16	44	44	15	49	44	40	35	24	26	34	25	49	31	26	45	34	28	13	48	37	33	39	20	10	15	11	14	37	49	50	19	16	29	15	42	34	14	17	39	21	18	49	26	48	21	45	21	13	29	20	26	25	39	34	26	41	33	49	50	40	50	22	37	25	37	49	32	42	28	11	17	13	38	34	10	16	30	47	25	46	34	27	23	48	21	50	15	20	47	17	44	14	34	19	31	25	30	36	32	15	35	21	19	30	44	17	25	47	48	46	14	13	17	16	47	46	26	43	41	10	13	30	33	22	26	16	42	45	24	47	24	32	30	19	24	11	25	15	42	42	21	39	50	38	22	48	35	50	36	19	36	33	25	26	49	13	38	42	25	17	41	16	37	16	38	36	30	12	44	23	27	22	22	22	17	42	23	15	27	41	24	16	31	29	25	12	47	41	36	31	12	14	35	11	36	31	22	44	17	21	33	40	42	17	15	44	18	24	43	28	12	32	28	49	38	20	19	42	17	47	23	10	31	15	22	40	44	24	46	33	32	12	47	39	11	10	14	28	10	37	46	29	29	13	37	24	33	28	19	23	31	19	23	27	32	43	23	25	49	19	23	16	16	14	50	16	39	13	24	44	23	23	37	37	17	47	16	29	35	43	31	34	35	12	10	47	20	30	45	14	48	36	19	33	48	10	14	11	41	47	27	24	14	12	39	28	15	33	11	29	34	37	47	17	38	25	28	36	50	46	27	46	32	17	38	38	44	11	37	19	38	22	28	49	45	49	25	48	21	25	36	30	28	32	11	42	50	12	20	21	36	23	49	34	38	14	20	39	15	18	50	16	37	41	41	42	32	10	32	44	16	22	33	20	48	50	38	24	38	22	21	18	19	42	42	26	48	27	13	40	11	33	17	39	27	43	30	40	14	39	10	22	37	27	46	46	40	41	43	10	33	19	47	15	27	35	28	29	27	20	21	40	29	48	34	11	29	43	27	10	12	28	37	38	33	41	49	32	44	25	47	15	13	32	46	27	19	13	14	38	27	31	34	34	40	10	41	13	41	30	19	30	15	39	13	30	34	26	47	25	49	48	24	18	27	43	48	20	46	17	12	19	25	25	41	39	18	48	36	40	20	25	38	24	39	21	25	21	38	22	13	22	13	36	21	35	24	24	42	21	44	11	29	11	32	40	41	41	18	28	50	18	36	11	48	29	46	37	14	10	43	42	12	20	28	34	50	29	23	15	35	37	32	33	13	18	13	49	21	16	37	21	29	34	39	50	22	12	43	17	18	25	20	26	47	25	29	32	44	39	24	20	30	24	42	15	35	38	23	34	44	41	32	42	46	43	17	31	47	19	29	35	17	40	27	37	42	43	37	43	18	21	23	39	10	39	29	20	44	37	36	15	44	33	23	20	24	12	41	37	23	47	14	21	26	11	33	24	20	30	42	16	16	31	10	33	22	36	16	30	44	10	31	25	25	37	19	47	17	18	36	39	36	10	47	15	50	26	46	41	36	33	40	14	12	48	16	43	37	13	17	33	42	46	40	34	50	10	40	34	41	28	14	17	11	48	44	21	21	41	46	28	46	49	12	18	30	14	28	41	30	17	37	43	18	29	18	34	35	50	34	23	18	47	32	36	20	25	17	28	35	20	22	16	39	34	15	41	23	49	46	49	45	13	49	42	20	36	38	36	11	20	48	25	12	30	20	44	18	28	14	19	15	44	31	18	12	12	12	41	24	27	16	48	25	31	35	18	28	34	15	22	14	10	23	32	19	17	17	12	28	24	24	15	34	36	35	23	29	44	17	31	20	36	10	29	23	43	23	26	40	18	42	24	28	24	29	14	21	12	11	46	46	50	36	38	38	34	42	46	22	13	11	24	44	33	27	44	37	
20
80
