2970
100
0	192	0	0	0	0	0	0	0	0	0	0	0	0	48	0	0	0	0	0	0	0	0	0	0	0	0	0	0	0	0	0	0	0	0	0	0	0	0	0	0	0	0	0	0	0	0	0	0	0	0	0	0	0	0	0	0	0	0	0	0	0	0	0	0	0	0	0	0	0	0	0	0	0	500	0	0	0	0	0	0	0	0	0	500	0	0	0	0	0	0	0	0	0	0	0	0	0	0	0	
192	0	0	0	0	0	0	0	0	0	0	0	0	0	0	0	0	0	0	0	0	0	0	0	0	0	0	0	0	0	0	0	0	0	0	0	0	0	0	0	0	0	0	0	0	0	0	0	0	0	0	0	0	0	0	0	0	0	0	0	0	0	0	0	0	0	0	0	0	0	0	0	0	0	96	0	0	0	0	0	0	0	0	0	0	0	0	0	0	0	0	0	0	0	0	0	0	0	0	0	
0	0	0	0	0	0	0	0	0	0	0	0	0	0	0	96	48	0	0	0	0	0	0	0	0	0	0	0	0	0	0	0	0	0	0	500	0	0	0	0	0	0	0	0	0	0	0	0	0	0	0	0	48	0	500	0	0	0	0	0	0	0	0	0	0	0	0	0	0	0	0	0	0	0	0	0	0	0	0	0	0	0	0	0	0	0	0	0	0	0	0	0	0	0	0	0	0	0	0	0	
0	0	0	0	0	0	0	0	0	0	0	0	0	0	0	0	0	0	0	0	0	0	0	0	96	0	0	0	48	0	0	0	0	0	0	0	0	0	0	0	0	0	0	0	0	0	0	0	0	0	0	0	0	0	0	0	0	0	0	0	0	0	0	0	0	0	0	0	0	0	0	0	0	96	0	0	0	0	0	0	0	0	0	0	0	0	0	0	0	0	0	0	0	0	0	0	0	0	0	0	
0	0	0	0	0	0	0	0	0	0	0	0	0	0	0	0	0	0	0	0	192	0	0	0	0	0	0	0	0	0	0	0	96	0	0	0	0	0	0	0	0	0	0	0	0	0	0	0	0	0	0	0	0	0	0	0	0	0	0	0	0	0	0	0	0	0	0	0	0	0	0	0	0	0	0	0	0	0	0	0	0	0	0	0	0	0	0	0	0	0	0	0	0	0	0	0	0	0	0	0	
0	0	0	0	0	0	0	0	0	0	0	0	0	0	0	0	0	0	0	0	0	0	0	0	0	0	0	0	0	0	0	0	0	0	0	0	0	0	0	0	0	0	0	0	0	0	0	0	0	0	0	96	0	0	0	0	0	0	0	0	0	0	0	0	0	0	0	0	0	0	0	0	0	0	0	0	0	0	0	0	0	0	0	0	0	0	0	96	0	0	0	0	0	0	0	0	0	0	0	0	
0	0	0	0	0	0	0	0	0	0	0	0	0	0	0	0	0	0	0	0	0	0	0	0	0	0	192	0	0	0	0	0	0	0	0	0	0	0	0	0	0	0	0	0	0	0	0	0	0	0	0	0	0	0	0	0	0	0	0	0	0	0	0	0	0	0	0	0	0	0	0	0	0	0	0	0	0	0	0	0	0	0	0	0	0	0	0	0	0	0	0	500	0	0	0	0	0	0	0	96	
0	0	0	0	0	0	0	0	0	0	0	0	0	0	0	0	0	0	0	192	0	0	192	0	0	0	0	0	0	0	0	0	0	0	0	0	0	0	0	0	0	0	0	0	0	0	0	0	0	0	0	0	0	0	0	0	0	0	0	0	0	0	0	0	0	0	0	0	0	0	0	0	0	0	0	0	0	0	0	0	0	0	0	0	0	0	0	0	0	48	0	0	0	192	0	0	0	0	0	0	
0	0	0	0	0	0	0	0	0	0	0	0	0	0	0	0	0	0	0	0	0	0	0	0	0	0	0	0	0	0	0	0	0	0	0	0	0	0	0	500	0	0	0	0	0	0	0	0	0	0	0	0	0	0	0	0	0	0	0	0	0	0	0	0	0	0	0	0	0	0	0	0	0	0	0	0	0	0	0	0	0	0	0	48	0	0	0	0	0	0	0	0	0	0	0	0	0	500	0	0	
0	0	0	0	0	0	0	0	0	0	0	0	0	0	0	0	0	0	0	0	0	0	0	0	0	0	96	0	0	0	0	0	0	0	192	0	0	0	0	0	0	0	0	0	0	0	0	0	0	0	0	0	96	0	192	0	0	0	0	0	0	0	0	0	0	0	0	0	0	0	0	0	0	0	0	0	0	0	0	0	0	0	0	0	0	0	0	0	192	0	0	0	0	0	0	0	0	0	0	0	
0	0	0	0	0	0	0	0	0	0	0	0	0	0	0	0	0	0	0	0	0	0	0	0	0	0	0	0	0	0	0	0	96	0	0	0	48	0	0	0	0	0	0	0	0	0	0	0	0	0	0	0	0	0	0	0	0	0	0	0	0	0	0	0	0	0	0	0	0	0	0	0	0	0	0	0	0	0	0	0	0	0	0	0	0	0	0	0	0	0	0	0	0	0	0	0	0	0	0	0	
0	0	0	0	0	0	0	0	0	0	0	0	0	0	0	0	0	0	0	0	0	0	0	0	0	0	0	0	0	0	0	0	0	0	0	0	0	0	0	0	0	0	0	0	0	0	0	0	0	0	0	0	0	0	0	0	0	0	0	0	0	0	0	0	0	0	500	0	0	0	0	0	0	0	0	0	0	0	0	0	0	0	96	0	0	0	0	0	0	0	0	0	0	0	0	0	0	0	0	0	
0	0	0	0	0	0	0	0	0	0	0	0	0	0	0	0	0	0	0	0	0	0	0	0	0	500	0	0	0	0	0	0	0	0	0	0	0	0	0	0	0	0	0	0	0	0	0	0	0	0	0	0	0	0	0	0	0	0	0	0	0	0	0	0	0	0	0	0	0	192	0	0	0	0	0	0	0	0	0	0	0	0	0	0	0	0	0	0	0	0	0	0	0	0	0	0	0	0	0	0	
0	0	0	0	0	0	0	0	0	0	0	0	0	0	0	0	0	0	0	0	500	0	0	0	0	0	0	0	0	0	0	0	0	0	0	0	0	0	0	0	0	0	0	0	0	0	0	0	0	0	0	0	0	48	0	0	0	0	0	0	0	0	192	0	0	0	0	0	0	0	0	0	0	0	0	0	0	0	0	0	0	0	0	0	0	0	0	0	0	0	0	0	0	0	0	0	0	0	0	0	
48	0	0	0	0	0	0	0	0	0	0	0	0	0	0	0	0	0	0	0	0	0	0	0	0	0	0	0	0	48	0	0	0	0	0	0	0	0	0	0	0	0	0	0	0	0	0	0	0	0	0	0	0	0	0	0	0	0	0	0	0	0	0	0	0	0	0	0	0	0	0	0	0	0	0	0	0	0	0	0	96	0	0	0	0	0	0	0	0	0	0	0	0	0	0	0	0	0	0	0	
0	0	96	0	0	0	0	0	0	0	0	0	0	0	0	0	48	0	0	0	0	0	0	0	0	0	0	0	0	0	0	0	0	0	0	0	0	0	0	0	0	0	0	0	0	0	0	0	0	0	0	0	0	0	0	0	0	0	0	0	0	0	0	0	0	0	0	0	0	0	0	0	0	0	0	0	0	0	0	0	0	0	0	0	0	0	0	0	0	0	0	0	0	0	0	0	0	0	0	0	
0	0	48	0	0	0	0	0	0	0	0	0	0	0	0	48	0	0	0	0	0	0	0	0	0	0	0	0	0	0	0	0	0	0	0	0	0	0	0	0	0	0	0	0	0	0	0	0	0	0	0	0	0	0	0	0	0	0	0	0	0	0	0	0	0	0	0	0	0	0	0	0	0	0	0	0	0	0	0	0	0	0	0	0	0	0	0	0	0	0	0	0	0	0	0	0	0	0	0	0	
0	0	0	0	0	0	0	0	0	0	0	0	0	0	0	0	0	0	0	0	0	0	0	48	0	48	0	0	192	0	0	0	0	0	0	0	0	0	0	0	0	0	0	0	0	0	0	0	0	0	0	0	0	0	0	0	0	0	0	0	0	0	0	0	0	0	0	0	0	0	0	0	0	0	0	0	0	0	0	0	0	0	0	0	96	0	0	0	0	0	0	0	0	0	0	0	0	0	0	0	
0	0	0	0	0	0	0	0	0	0	0	0	0	0	0	0	0	0	0	0	0	0	0	0	0	0	0	0	0	0	0	0	0	0	0	0	0	0	0	0	0	0	0	0	0	0	0	0	0	0	0	0	0	0	0	0	0	0	0	0	0	0	0	0	0	0	0	0	0	0	0	0	0	0	0	0	0	0	0	96	0	0	0	0	0	0	0	0	0	0	0	0	192	0	0	0	0	0	0	0	
0	0	0	0	0	0	0	192	0	0	0	0	0	0	0	0	0	0	0	0	0	0	0	0	0	0	0	0	0	0	0	0	0	0	0	0	0	0	0	0	0	0	0	0	0	0	0	0	0	0	0	0	0	0	0	500	0	0	0	0	0	0	0	0	0	0	0	0	0	0	0	0	0	0	0	0	0	0	0	0	0	0	0	0	0	0	0	0	0	0	0	0	0	96	0	0	500	0	0	0	
0	0	0	0	192	0	0	0	0	0	0	0	0	500	0	0	0	0	0	0	0	0	0	0	0	0	0	0	0	0	0	0	0	0	0	0	0	0	0	0	0	0	0	0	0	0	0	0	0	0	0	0	0	500	0	0	0	0	0	0	0	0	0	0	0	0	0	0	0	0	0	0	0	0	0	0	0	0	0	0	0	0	0	0	0	0	0	0	0	0	0	0	0	0	0	0	0	0	0	0	
0	0	0	0	0	0	0	0	0	0	0	0	0	0	0	0	0	0	0	0	0	0	0	0	0	0	0	0	0	0	0	0	0	0	0	0	0	0	0	0	0	0	0	0	0	0	0	0	0	0	0	0	0	0	0	0	0	0	96	0	0	0	0	0	0	0	0	0	0	0	0	0	0	0	0	0	0	0	0	0	0	0	0	0	0	0	0	0	0	0	0	0	0	0	0	96	0	0	0	0	
0	0	0	0	0	0	0	192	0	0	0	0	0	0	0	0	0	0	0	0	0	0	0	0	0	0	0	0	0	0	0	0	0	0	0	0	0	96	0	0	0	0	0	0	0	0	0	0	0	0	192	0	0	0	0	96	0	0	0	0	0	0	0	96	0	0	0	0	0	0	0	0	0	0	0	0	0	0	0	0	0	0	0	0	0	0	0	0	0	0	0	0	0	0	0	0	0	0	0	0	
0	0	0	0	0	0	0	0	0	0	0	0	0	0	0	0	0	48	0	0	0	0	0	0	0	48	0	0	0	0	0	0	0	0	0	0	0	0	0	0	0	0	0	0	0	0	0	0	0	0	0	0	0	0	0	0	0	0	0	0	0	0	0	0	0	0	0	0	0	0	0	0	0	0	0	0	0	0	0	0	0	0	0	0	48	0	0	0	0	0	0	0	0	0	0	0	0	0	0	0	
0	0	0	96	0	0	0	0	0	0	0	0	0	0	0	0	0	0	0	0	0	0	0	0	0	0	0	0	0	0	0	0	0	0	0	0	0	0	0	0	0	0	0	0	0	0	0	0	0	0	0	0	0	0	0	0	0	0	0	0	0	0	96	0	0	0	0	0	0	0	0	0	500	96	0	0	0	0	0	0	0	0	0	0	0	0	0	0	0	0	0	0	0	0	500	0	0	0	0	0	
0	0	0	0	0	0	0	0	0	0	0	0	500	0	0	0	0	48	0	0	0	0	0	48	0	0	0	0	0	0	0	0	0	0	0	0	0	0	0	0	0	0	0	0	0	0	0	0	0	0	0	0	0	0	0	0	0	0	0	0	0	0	0	0	0	0	0	0	0	0	0	0	0	0	0	0	0	0	0	0	0	0	0	0	0	0	0	0	0	0	0	0	0	0	0	0	0	0	0	0	
0	0	0	0	0	0	192	0	0	96	0	0	0	0	0	0	0	0	0	0	0	0	0	0	0	0	0	0	0	0	0	0	0	0	0	0	0	0	0	0	0	0	0	0	0	0	0	0	500	0	0	0	0	0	0	0	0	0	0	0	0	0	0	0	0	0	0	0	0	0	0	0	0	0	0	0	0	0	0	0	0	0	0	0	0	0	0	0	0	0	0	0	0	0	0	0	0	0	0	0	
0	0	0	0	0	0	0	0	0	0	0	0	0	0	0	0	0	0	0	0	0	0	0	0	0	0	0	0	0	0	0	0	0	0	0	0	0	0	48	0	0	0	0	0	0	0	0	0	0	0	0	0	0	0	0	0	0	0	0	0	0	0	0	0	0	0	0	0	0	0	192	0	192	0	0	0	0	0	0	0	0	0	0	0	0	0	0	0	0	0	0	0	0	0	0	0	0	0	0	0	
0	0	0	48	0	0	0	0	0	0	0	0	0	0	0	0	0	192	0	0	0	0	0	0	0	0	0	0	0	0	0	0	0	0	0	0	0	0	0	0	0	0	0	0	0	0	0	0	0	0	0	0	0	0	0	0	0	0	0	0	0	0	0	0	0	0	0	0	0	0	0	0	0	0	0	0	0	0	0	0	0	0	0	0	0	0	0	0	0	0	0	0	0	0	0	0	0	0	0	0	
0	0	0	0	0	0	0	0	0	0	0	0	0	0	48	0	0	0	0	0	0	0	0	0	0	0	0	0	0	0	0	0	0	0	0	0	0	0	0	0	0	0	0	0	0	0	0	0	0	0	0	0	0	0	0	0	0	0	0	0	0	0	0	0	0	0	0	0	0	0	0	0	0	0	0	0	0	0	0	0	500	0	0	0	0	0	0	0	0	0	0	0	0	0	0	0	0	0	0	0	
0	0	0	0	0	0	0	0	0	0	0	0	0	0	0	0	0	0	0	0	0	0	0	0	0	0	0	0	0	0	0	0	0	0	0	0	0	0	0	0	0	0	0	0	0	0	0	0	0	0	0	0	0	0	0	0	0	0	0	0	0	0	0	0	0	0	0	0	0	500	0	0	0	0	0	0	0	0	500	0	0	0	0	0	0	0	0	0	0	0	0	0	0	0	0	0	0	0	0	0	
0	0	0	0	0	0	0	0	0	0	0	0	0	0	0	0	0	0	0	0	0	0	0	0	0	0	0	0	0	0	0	0	0	0	0	0	0	0	0	0	0	0	0	0	0	0	0	0	0	0	0	0	0	0	0	0	0	0	0	0	0	0	0	0	0	0	0	0	0	0	0	0	0	0	0	0	0	0	0	0	0	0	0	0	0	0	0	0	0	96	96	0	0	0	0	0	0	0	0	0	
0	0	0	0	96	0	0	0	0	0	96	0	0	0	0	0	0	0	0	0	0	0	0	0	0	0	0	0	0	0	0	0	0	0	0	0	500	0	0	0	0	0	500	0	0	0	0	0	0	0	0	0	0	0	0	0	0	0	0	500	0	0	0	0	0	0	0	0	0	0	0	0	0	0	0	0	0	0	0	0	0	0	0	0	0	0	0	0	0	0	0	0	0	0	0	0	0	0	0	0	
0	0	0	0	0	0	0	0	0	0	0	0	0	0	0	0	0	0	0	0	0	0	0	0	0	0	0	0	0	0	0	0	0	0	0	0	0	0	0	0	0	0	0	0	0	0	0	0	0	0	0	0	0	0	0	0	0	0	0	0	0	0	0	0	0	0	0	0	0	0	0	0	0	0	0	0	0	0	0	0	0	0	0	500	0	0	0	0	0	0	0	0	0	0	0	0	0	96	0	0	
0	0	0	0	0	0	0	0	0	192	0	0	0	0	0	0	0	0	0	0	0	0	0	0	0	0	0	0	0	0	0	0	0	0	0	96	0	0	0	0	0	0	0	0	0	0	0	0	0	0	0	0	0	0	0	0	0	0	0	0	0	0	0	0	0	0	0	0	0	0	0	0	0	0	0	0	0	0	0	0	0	0	0	0	0	0	0	0	0	0	0	0	0	0	0	0	0	0	0	0	
0	0	500	0	0	0	0	0	0	0	0	0	0	0	0	0	0	0	0	0	0	0	0	0	0	0	0	0	0	0	0	0	0	0	96	0	0	0	0	0	0	0	0	0	0	0	0	0	0	0	0	0	0	0	0	0	0	0	0	0	0	0	0	0	0	0	0	0	0	0	0	0	0	0	0	0	0	0	0	0	0	0	0	0	0	0	0	0	0	0	0	0	0	0	0	0	0	0	48	0	
0	0	0	0	0	0	0	0	0	0	48	0	0	0	0	0	0	0	0	0	0	0	0	0	0	0	0	0	0	0	0	0	500	0	0	0	0	0	0	0	0	0	0	0	0	0	0	0	0	0	0	0	0	0	0	0	0	0	0	96	0	0	0	0	0	0	0	0	0	0	0	0	0	0	0	0	0	0	0	0	0	0	0	0	0	0	0	0	0	0	0	0	0	0	0	0	0	0	0	0	
0	0	0	0	0	0	0	0	0	0	0	0	0	0	0	0	0	0	0	0	0	0	96	0	0	0	0	0	0	0	0	0	0	0	0	0	0	0	0	0	0	0	0	0	0	0	0	0	0	0	192	0	0	0	0	0	0	0	0	0	0	0	0	0	0	0	0	0	0	0	0	0	0	0	0	0	0	0	0	0	0	0	0	0	0	0	0	0	0	0	0	0	0	0	0	0	0	0	0	0	
0	0	0	0	0	0	0	0	0	0	0	0	0	0	0	0	0	0	0	0	0	0	0	0	0	0	0	48	0	0	0	0	0	0	0	0	0	0	0	0	0	0	0	0	0	0	0	0	0	0	0	0	0	0	0	0	0	0	0	0	0	0	0	0	0	0	0	0	192	0	48	0	0	0	0	48	0	0	0	0	0	0	0	0	0	0	0	0	0	0	0	0	0	0	48	0	0	0	0	0	
0	0	0	0	0	0	0	0	500	0	0	0	0	0	0	0	0	0	0	0	0	0	0	0	0	0	0	0	0	0	0	0	0	0	0	0	0	0	0	0	0	0	0	0	0	0	0	0	0	0	0	0	0	0	0	0	0	0	0	0	0	0	0	0	0	0	0	0	0	0	0	0	0	0	0	0	0	0	0	0	0	0	0	500	0	0	0	0	0	0	0	0	0	0	0	0	0	0	0	0	
0	0	0	0	0	0	0	0	0	0	0	0	0	0	0	0	0	0	0	0	0	0	0	0	0	0	0	0	0	0	0	0	0	0	0	0	0	0	0	0	0	0	0	0	0	500	0	500	0	0	0	0	0	0	0	0	0	0	0	0	0	0	0	0	0	0	0	0	0	0	0	0	0	0	0	0	0	0	0	192	0	0	0	0	0	500	0	0	0	0	0	0	96	0	0	0	0	0	0	0	
0	0	0	0	0	0	0	0	0	0	0	0	0	0	0	0	0	0	0	0	0	0	0	0	0	0	0	0	0	0	0	0	0	0	0	0	0	0	0	0	0	0	0	0	0	0	0	0	0	0	0	0	0	0	0	0	0	0	0	0	0	0	0	0	192	0	0	0	0	0	0	0	0	0	0	0	0	0	0	0	0	0	0	0	0	0	0	0	96	0	0	0	0	0	0	0	0	0	0	0	
0	0	0	0	0	0	0	0	0	0	0	0	0	0	0	0	0	0	0	0	0	0	0	0	0	0	0	0	0	0	0	0	500	0	0	0	0	0	0	0	0	0	0	0	192	0	0	0	0	0	0	0	0	0	0	0	48	0	0	0	0	0	0	0	0	0	48	0	0	0	0	0	0	0	0	0	0	0	0	0	0	0	0	0	0	0	0	0	0	0	0	0	0	0	0	0	0	0	0	0	
0	0	0	0	0	0	0	0	0	0	0	0	0	0	0	0	0	0	0	0	0	0	0	0	0	0	0	0	0	0	0	0	0	0	0	0	0	0	0	0	0	0	0	0	0	0	0	0	0	0	0	0	0	0	0	0	0	0	0	0	0	0	0	0	0	0	0	0	0	0	0	0	0	0	0	0	0	0	0	0	0	0	0	48	0	48	0	0	0	0	0	0	0	0	0	0	0	48	0	0	
0	0	0	0	0	0	0	0	0	0	0	0	0	0	0	0	0	0	0	0	0	0	0	0	0	0	0	0	0	0	0	0	0	0	0	0	0	0	0	0	0	0	192	0	0	0	0	0	0	0	96	0	0	0	0	0	0	0	0	0	0	0	0	0	0	0	0	0	0	0	0	0	0	0	0	0	0	0	0	0	0	0	0	0	0	0	0	192	0	0	0	0	0	0	0	0	0	0	0	0	
0	0	0	0	0	0	0	0	0	0	0	0	0	0	0	0	0	0	0	0	0	0	0	0	0	0	0	0	0	0	0	0	0	0	0	0	0	0	0	0	500	0	0	0	0	0	0	96	0	0	0	0	0	0	0	0	0	0	0	0	0	0	0	0	0	0	0	0	0	0	0	0	0	0	0	0	0	0	0	96	0	0	0	0	0	0	0	0	0	0	0	0	0	0	0	0	0	0	0	0	
0	0	0	0	0	0	0	0	0	0	0	0	0	0	0	0	0	0	0	0	0	0	0	0	0	0	0	0	0	0	0	0	0	0	0	0	0	0	0	0	0	0	0	0	0	0	0	0	0	0	0	0	0	0	0	0	0	0	500	0	0	0	0	0	0	192	0	0	0	0	0	0	0	0	0	0	0	0	0	0	0	0	0	0	0	0	0	0	0	0	0	0	0	0	0	0	0	0	0	0	
0	0	0	0	0	0	0	0	0	0	0	0	0	0	0	0	0	0	0	0	0	0	0	0	0	0	0	0	0	0	0	0	0	0	0	0	0	0	0	0	500	0	0	0	0	96	0	0	0	0	0	0	0	0	0	0	0	0	0	0	0	0	0	0	0	0	0	0	0	0	0	0	0	0	0	0	0	0	0	0	0	0	0	0	0	0	0	0	0	0	0	0	0	0	0	0	0	0	0	0	
0	0	0	0	0	0	0	0	0	0	0	0	0	0	0	0	0	0	0	0	0	0	0	0	0	0	500	0	0	0	0	0	0	0	0	0	0	0	0	0	0	0	0	0	0	0	0	0	0	0	0	0	0	0	0	0	500	0	0	0	0	0	0	0	0	0	0	0	0	0	0	0	0	0	0	0	96	0	0	0	0	0	0	0	0	0	192	0	0	0	0	0	0	0	0	0	0	0	0	192	
0	0	0	0	0	0	0	0	0	0	0	0	0	0	0	0	0	0	0	0	0	0	0	0	0	0	0	0	0	0	0	0	0	0	0	0	0	0	0	0	0	0	0	0	0	0	0	0	0	0	0	0	0	0	0	0	0	96	0	0	0	0	0	0	0	0	0	0	0	0	0	0	0	0	0	0	0	0	0	0	0	0	0	0	0	0	0	0	0	0	0	192	0	0	0	0	0	0	0	0	
0	0	0	0	0	0	0	0	0	0	0	0	0	0	0	0	0	0	0	0	0	0	192	0	0	0	0	0	0	0	0	0	0	0	0	0	0	192	0	0	0	0	0	0	96	0	0	0	0	0	0	0	0	0	0	0	0	0	0	0	0	0	0	0	0	0	0	0	0	0	0	0	0	0	0	0	0	0	0	0	0	0	0	0	0	0	0	48	0	0	0	0	0	0	0	0	0	0	0	0	
0	0	0	0	0	96	0	0	0	0	0	0	0	0	0	0	0	0	0	0	0	0	0	0	0	0	0	0	0	0	0	0	0	0	0	0	0	0	0	0	0	0	0	0	0	0	0	0	0	0	0	0	0	0	0	0	0	96	0	0	0	0	0	0	0	0	0	0	0	0	0	0	0	0	0	0	0	0	0	0	0	0	0	0	0	0	0	0	0	0	0	0	0	0	0	0	0	0	0	0	
0	0	48	0	0	0	0	0	0	96	0	0	0	0	0	0	0	0	0	0	0	0	0	0	0	0	0	0	0	0	0	0	0	0	0	0	0	0	0	0	0	0	0	0	0	0	0	0	0	0	0	0	0	0	0	0	0	0	0	0	0	0	0	0	0	0	0	0	0	0	0	0	0	0	0	0	0	0	0	0	0	0	0	0	0	0	0	0	0	0	0	0	0	0	0	0	0	0	0	0	
0	0	0	0	0	0	0	0	0	0	0	0	0	48	0	0	0	0	0	0	500	0	0	0	0	0	0	0	0	0	0	0	0	0	0	0	0	0	0	0	0	0	0	0	0	0	0	0	0	0	0	0	0	0	0	0	0	0	0	0	0	0	0	0	0	0	0	0	0	0	0	0	0	0	0	0	0	0	0	0	0	0	0	0	0	0	0	0	0	0	0	0	0	0	0	0	0	0	0	0	
0	0	500	0	0	0	0	0	0	192	0	0	0	0	0	0	0	0	0	0	0	0	0	0	0	0	0	0	0	0	0	0	0	0	0	0	0	0	0	0	0	0	0	0	0	0	0	0	0	0	0	0	0	0	0	0	0	0	0	0	0	0	0	0	0	0	0	192	0	0	0	0	0	0	0	0	0	0	0	0	0	0	0	0	0	0	0	0	0	0	0	0	0	0	0	0	0	0	0	0	
0	0	0	0	0	0	0	0	0	0	0	0	0	0	0	0	0	0	0	500	0	0	96	0	0	0	0	0	0	0	0	0	0	0	0	0	0	0	0	0	0	0	0	0	0	0	0	0	0	0	0	0	0	0	0	0	0	0	0	0	0	0	0	0	0	0	0	0	0	0	0	0	0	0	0	0	0	0	0	0	0	0	0	0	0	0	0	0	0	0	0	0	0	0	0	0	192	0	0	0	
0	0	0	0	0	0	0	0	0	0	0	0	0	0	0	0	0	0	0	0	0	0	0	0	0	0	0	0	0	0	0	0	0	0	0	0	0	0	0	0	0	0	48	0	0	0	0	0	500	0	0	0	0	0	0	0	0	0	0	0	0	0	0	0	0	0	0	0	0	0	0	0	0	0	0	0	0	0	0	0	0	0	0	0	0	0	0	0	0	0	0	0	0	0	0	0	0	0	0	0	
0	0	0	0	0	0	0	0	0	0	0	0	0	0	0	0	0	0	0	0	0	0	0	0	0	0	0	0	0	0	0	0	0	0	0	0	0	0	0	0	0	0	0	0	0	0	0	0	0	96	0	96	0	0	0	0	0	0	0	0	0	0	0	0	0	0	0	0	0	0	0	0	0	0	0	0	0	0	0	0	0	0	0	0	0	0	0	0	0	0	0	96	0	0	0	0	0	0	0	0	
0	0	0	0	0	0	0	0	0	0	0	0	0	0	0	0	0	0	0	0	0	96	0	0	0	0	0	0	0	0	0	0	0	0	0	0	0	0	0	0	0	0	0	0	0	0	500	0	0	0	0	0	0	0	0	0	0	0	0	0	0	0	0	0	0	0	0	0	0	0	0	0	0	0	0	0	0	0	0	0	0	0	0	0	0	0	0	0	0	0	0	0	0	0	0	500	0	0	0	0	
0	0	0	0	0	0	0	0	0	0	0	0	0	0	0	0	0	0	0	0	0	0	0	0	0	0	0	0	0	0	0	0	500	0	0	0	96	0	0	0	0	0	0	0	0	0	0	0	0	0	0	0	0	0	0	0	0	0	0	0	0	0	0	0	0	0	0	0	0	0	0	0	0	0	0	0	0	0	0	0	0	0	0	0	0	0	0	0	0	0	0	0	0	0	0	0	0	0	0	0	
0	0	0	0	0	0	0	0	0	0	0	0	0	0	0	0	0	0	0	0	0	0	0	0	0	0	0	0	0	0	0	0	0	0	0	0	0	0	0	0	0	0	0	0	0	0	0	0	0	0	0	0	0	0	0	0	0	0	0	0	0	0	0	0	0	48	0	96	0	0	0	0	0	0	0	0	0	0	0	0	0	0	0	0	0	0	0	0	0	0	0	0	0	0	0	500	0	0	0	0	
0	0	0	0	0	0	0	0	0	0	0	0	0	0	0	0	0	0	0	0	0	0	0	0	0	0	0	0	0	0	0	0	0	0	0	0	0	0	0	0	0	0	0	0	0	0	0	0	0	0	0	0	0	0	0	0	0	0	0	0	0	0	0	0	0	0	0	0	0	0	0	0	0	0	0	0	0	0	0	0	0	0	0	0	0	0	0	0	0	48	0	0	0	0	0	0	96	0	0	0	
0	0	0	0	0	0	0	0	0	0	0	0	0	192	0	0	0	0	0	0	0	0	0	0	96	0	0	0	0	0	0	0	0	0	0	0	0	0	0	0	0	0	0	0	0	0	0	0	0	0	0	0	0	0	0	0	0	0	0	0	0	0	0	0	0	0	0	0	0	0	0	192	0	0	0	0	0	0	0	0	0	0	0	0	0	0	0	0	0	0	0	0	0	0	0	0	0	0	0	0	
0	0	0	0	0	0	0	0	0	0	0	0	0	0	0	0	0	0	0	0	0	0	96	0	0	0	0	0	0	0	0	0	0	0	0	0	0	0	0	0	0	0	0	0	0	0	0	0	0	0	0	0	0	0	0	0	0	0	0	0	0	0	0	0	0	0	0	0	0	0	0	0	0	0	0	0	0	0	0	0	0	0	0	0	0	0	0	192	0	0	48	0	0	0	0	0	0	0	0	0	
0	0	0	0	0	0	0	0	0	0	0	0	0	0	0	0	0	0	0	0	0	0	0	0	0	0	0	0	0	0	0	0	0	0	0	0	0	0	0	0	0	192	0	0	0	0	0	0	0	0	0	0	0	0	0	0	0	0	0	0	0	0	0	0	0	0	0	48	48	0	0	0	0	0	0	0	0	0	0	0	0	0	0	0	0	0	0	0	0	0	0	0	0	0	0	0	0	0	0	0	
0	0	0	0	0	0	0	0	0	0	0	0	0	0	0	0	0	0	0	0	0	0	0	0	0	0	0	0	0	0	0	0	0	0	0	0	0	0	0	0	0	0	0	0	0	0	192	0	0	0	0	0	0	0	0	0	0	0	0	0	48	0	0	0	0	0	0	500	192	0	0	0	0	0	0	0	0	0	0	0	0	0	0	0	0	0	0	0	0	0	0	0	0	0	0	0	0	0	96	0	
0	0	0	0	0	0	0	0	0	0	0	500	0	0	0	0	0	0	0	0	0	0	0	0	0	0	0	0	0	0	0	0	0	0	0	0	0	0	0	0	0	0	48	0	0	0	0	0	0	0	0	0	0	0	0	0	0	0	0	0	0	0	0	0	0	0	0	0	0	0	0	0	0	0	0	0	0	0	0	0	0	0	0	0	0	0	0	0	0	0	0	0	0	0	0	0	0	0	0	0	
0	0	0	0	0	0	0	0	0	0	0	0	0	0	0	0	0	0	0	0	0	0	0	0	0	0	0	0	0	0	0	0	0	0	0	0	0	0	0	0	0	0	0	0	0	0	0	0	0	0	0	0	0	0	192	0	0	0	0	0	96	0	0	0	48	500	0	0	0	0	0	0	0	0	0	0	0	0	0	0	0	0	0	0	0	0	0	0	0	0	0	0	0	0	0	0	0	0	0	0	
0	0	0	0	0	0	0	0	0	0	0	0	0	0	0	0	0	0	0	0	0	0	0	0	0	0	0	0	0	0	0	0	0	0	0	0	0	0	192	0	0	0	0	0	0	0	0	0	0	0	0	0	0	0	0	0	0	0	0	0	0	0	0	0	48	192	0	0	0	0	48	0	0	0	0	0	0	0	0	0	0	0	0	0	0	0	0	0	0	0	0	0	0	0	0	0	0	0	0	0	
0	0	0	0	0	0	0	0	0	0	0	0	192	0	0	0	0	0	0	0	0	0	0	0	0	0	0	0	0	0	500	0	0	0	0	0	0	0	0	0	0	0	0	0	0	0	0	0	0	0	0	0	0	0	0	0	0	0	0	0	0	0	0	0	0	0	0	0	0	0	0	0	0	0	0	0	0	0	0	0	0	0	0	0	0	0	0	0	0	0	0	0	0	0	0	0	0	0	0	0	
0	0	0	0	0	0	0	0	0	0	0	0	0	0	0	0	0	0	0	0	0	0	0	0	0	0	0	192	0	0	0	0	0	0	0	0	0	0	48	0	0	0	0	0	0	0	0	0	0	0	0	0	0	0	0	0	0	0	0	0	0	0	0	0	0	0	0	0	48	0	0	0	0	0	0	0	0	0	0	0	0	0	0	0	0	0	0	0	0	0	0	0	0	0	0	0	0	0	0	0	
0	0	0	0	0	0	0	0	0	0	0	0	0	0	0	0	0	0	0	0	0	0	0	0	0	0	0	0	0	0	0	0	0	0	0	0	0	0	0	0	0	0	0	0	0	0	0	0	0	0	0	0	0	0	0	0	0	0	0	0	0	0	192	0	0	0	0	0	0	0	0	0	0	0	0	0	0	0	192	0	0	0	0	0	0	0	0	0	0	0	0	0	0	0	0	0	0	0	0	0	
0	0	0	0	0	0	0	0	0	0	0	0	0	0	0	0	0	0	0	0	0	0	0	0	500	0	0	192	0	0	0	0	0	0	0	0	0	0	0	0	0	0	0	0	0	0	0	0	0	0	0	0	0	0	0	0	0	0	0	0	0	0	0	0	0	0	0	0	0	0	0	0	0	0	0	0	0	0	0	0	0	0	0	0	0	0	0	0	0	0	0	0	0	0	0	0	0	0	0	0	
0	0	0	96	0	0	0	0	0	0	0	0	0	0	0	0	0	0	0	0	0	0	0	0	96	0	0	0	0	0	0	0	0	0	0	0	0	0	0	0	0	0	0	0	0	0	0	0	0	0	0	0	0	0	0	0	0	0	0	0	0	0	0	0	0	0	0	0	0	0	0	0	0	0	0	0	0	0	0	0	0	0	0	0	0	0	0	0	0	0	0	0	0	0	0	0	0	0	0	0	
500	96	0	0	0	0	0	0	0	0	0	0	0	0	0	0	0	0	0	0	0	0	0	0	0	0	0	0	0	0	0	0	0	0	0	0	0	0	0	0	0	0	0	0	0	0	0	0	0	0	0	0	0	0	0	0	0	0	0	0	0	0	0	0	0	0	0	0	0	0	0	0	0	0	0	0	0	0	0	0	0	0	0	0	0	0	0	0	0	0	0	0	0	0	0	0	0	0	0	0	
0	0	0	0	0	0	0	0	0	0	0	0	0	0	0	0	0	0	0	0	0	0	0	0	0	0	0	0	0	0	0	0	0	0	0	0	0	0	48	0	0	0	0	0	0	0	0	0	0	0	0	0	0	0	0	0	0	0	0	0	0	0	0	0	0	0	0	0	0	0	0	0	0	0	0	0	0	0	0	0	0	0	0	0	0	0	0	0	0	0	0	0	0	0	48	0	0	0	0	0	
0	0	0	0	0	0	0	0	0	0	0	0	0	0	0	0	0	0	0	0	0	0	0	0	0	0	0	0	0	0	0	0	0	0	0	0	0	0	0	0	0	0	0	0	0	0	0	0	96	0	0	0	0	0	0	0	0	0	0	0	0	0	0	0	0	0	0	0	0	0	0	0	0	0	0	0	0	96	0	0	0	0	500	0	0	0	500	0	0	0	0	500	0	0	0	0	0	0	0	0	
0	0	0	0	0	0	0	0	0	0	0	0	0	0	0	0	0	0	0	0	0	0	0	0	0	0	0	0	0	0	0	0	0	0	0	0	0	0	0	0	0	0	0	0	0	0	0	0	0	0	0	0	0	0	0	0	0	0	0	0	0	0	0	0	0	0	0	0	0	0	0	0	0	0	0	0	96	0	0	0	0	0	0	0	0	0	48	0	0	0	0	0	0	0	0	0	0	0	0	0	
0	0	0	0	0	0	0	0	0	0	0	0	0	0	0	0	0	0	0	0	0	0	0	0	0	0	0	0	0	0	500	0	0	0	0	0	0	0	0	0	0	0	0	0	0	0	0	0	0	0	0	0	0	0	0	0	0	0	0	0	0	0	0	0	0	0	0	0	0	0	0	192	0	0	0	0	0	0	0	0	0	0	0	0	0	0	0	0	0	0	0	0	0	0	0	0	0	0	0	0	
0	0	0	0	0	0	0	0	0	0	0	0	0	0	0	0	0	0	96	0	0	0	0	0	0	0	0	0	0	0	0	0	0	0	0	0	0	0	0	0	192	0	0	0	0	96	0	0	0	0	0	0	0	0	0	0	0	0	0	0	0	0	0	0	0	0	0	0	0	0	0	0	0	0	0	0	0	0	0	0	0	0	0	0	0	0	0	0	0	0	0	0	0	0	0	0	0	0	0	0	
0	0	0	0	0	0	0	0	0	0	0	0	0	0	96	0	0	0	0	0	0	0	0	0	0	0	0	0	0	500	0	0	0	0	0	0	0	0	0	0	0	0	0	0	0	0	0	0	0	0	0	0	0	0	0	0	0	0	0	0	0	0	0	0	0	0	0	0	0	0	0	0	0	0	0	0	0	0	0	0	0	0	0	0	0	0	0	0	0	0	0	0	0	0	0	0	0	0	0	0	
0	0	0	0	0	0	0	0	0	0	0	0	0	0	0	0	0	0	0	0	0	0	0	0	0	0	0	0	0	0	0	0	0	0	0	0	0	0	0	0	0	0	0	0	0	0	0	0	0	0	0	0	0	0	0	0	0	0	0	0	0	0	0	0	0	0	0	0	0	0	0	0	0	0	0	0	0	0	0	0	0	0	48	0	0	48	0	0	0	0	48	0	0	0	0	0	500	0	500	0	
0	0	0	0	0	0	0	0	0	0	0	96	0	0	0	0	0	0	0	0	0	0	0	0	0	0	0	0	0	0	0	0	0	0	0	0	0	0	0	0	0	0	0	0	0	0	0	0	0	0	0	0	0	0	0	0	0	0	0	0	0	0	0	0	0	0	0	0	0	0	0	0	0	0	0	0	500	0	0	0	0	48	0	0	0	0	500	0	0	0	0	0	0	0	0	0	500	0	0	0	
0	0	0	0	0	0	0	0	48	0	0	0	0	0	0	0	0	0	0	0	0	0	0	0	0	0	0	0	0	0	0	0	0	500	0	0	0	0	0	500	0	0	0	48	0	0	0	0	0	0	0	0	0	0	0	0	0	0	0	0	0	0	0	0	0	0	0	0	0	0	0	0	0	0	0	0	0	0	0	0	0	0	0	0	0	0	0	0	0	0	0	0	0	0	0	0	0	0	0	0	
500	0	0	0	0	0	0	0	0	0	0	0	0	0	0	0	0	96	0	0	0	0	0	48	0	0	0	0	0	0	0	0	0	0	0	0	0	0	0	0	0	0	0	0	0	0	0	0	0	0	0	0	0	0	0	0	0	0	0	0	0	0	0	0	0	0	0	0	0	0	0	0	0	0	0	0	0	0	0	0	0	0	0	0	0	0	0	0	0	0	0	0	0	0	0	0	0	0	0	0	
0	0	0	0	0	0	0	0	0	0	0	0	0	0	0	0	0	0	0	0	0	0	0	0	0	0	0	0	0	0	0	0	0	0	0	0	0	0	0	0	500	0	0	48	0	0	0	0	0	0	0	0	0	0	0	0	0	0	0	0	0	0	0	0	0	0	0	0	0	0	0	0	0	0	0	0	0	0	0	0	0	48	0	0	0	0	0	0	0	0	0	0	0	0	0	0	0	0	0	0	
0	0	0	0	0	0	0	0	0	0	0	0	0	0	0	0	0	0	0	0	0	0	0	0	0	0	0	0	0	0	0	0	0	0	0	0	0	0	0	0	0	0	0	0	0	0	0	0	192	0	0	0	0	0	0	0	0	0	0	0	0	0	0	0	0	0	0	0	0	0	0	0	0	0	0	0	500	48	0	0	0	0	500	0	0	0	0	0	0	0	0	0	0	0	0	0	0	0	0	0	
0	0	0	0	0	96	0	0	0	0	0	0	0	0	0	0	0	0	0	0	0	0	0	0	0	0	0	0	0	0	0	0	0	0	0	0	0	0	0	0	0	0	0	0	192	0	0	0	0	0	48	0	0	0	0	0	0	0	0	0	0	0	0	192	0	0	0	0	0	0	0	0	0	0	0	0	0	0	0	0	0	0	0	0	0	0	0	0	0	0	0	0	0	0	0	0	0	0	0	0	
0	0	0	0	0	0	0	0	0	192	0	0	0	0	0	0	0	0	0	0	0	0	0	0	0	0	0	0	0	0	0	0	0	0	0	0	0	0	0	0	0	96	0	0	0	0	0	0	0	0	0	0	0	0	0	0	0	0	0	0	0	0	0	0	0	0	0	0	0	0	0	0	0	0	0	0	0	0	0	0	0	0	0	0	0	0	0	0	0	0	0	0	0	0	0	0	0	0	0	0	
0	0	0	0	0	0	0	48	0	0	0	0	0	0	0	0	0	0	0	0	0	0	0	0	0	0	0	0	0	0	0	96	0	0	0	0	0	0	0	0	0	0	0	0	0	0	0	0	0	0	0	0	0	0	0	0	0	0	0	0	0	48	0	0	0	0	0	0	0	0	0	0	0	0	0	0	0	0	0	0	0	0	0	0	0	0	0	0	0	0	0	0	0	0	0	0	0	0	0	0	
0	0	0	0	0	0	0	0	0	0	0	0	0	0	0	0	0	0	0	0	0	0	0	0	0	0	0	0	0	0	0	96	0	0	0	0	0	0	0	0	0	0	0	0	0	0	0	0	0	0	0	0	0	0	0	0	0	0	0	0	0	0	0	48	0	0	0	0	0	0	0	0	0	0	0	0	0	0	0	0	0	48	0	0	0	0	0	0	0	0	0	0	0	0	0	0	0	0	0	0	
0	0	0	0	0	0	500	0	0	0	0	0	0	0	0	0	0	0	0	0	0	0	0	0	0	0	0	0	0	0	0	0	0	0	0	0	0	0	0	0	0	0	0	0	0	0	0	0	0	192	0	0	0	0	0	0	0	96	0	0	0	0	0	0	0	0	0	0	0	0	0	0	0	0	0	0	500	0	0	0	0	0	0	0	0	0	0	0	0	0	0	0	0	0	0	0	0	0	0	0	
0	0	0	0	0	0	0	0	0	0	0	0	0	0	0	0	0	0	192	0	0	0	0	0	0	0	0	0	0	0	0	0	0	0	0	0	0	0	0	0	96	0	0	0	0	0	0	0	0	0	0	0	0	0	0	0	0	0	0	0	0	0	0	0	0	0	0	0	0	0	0	0	0	0	0	0	0	0	0	0	0	0	0	0	0	0	0	0	0	0	0	0	0	0	0	0	0	0	0	0	
0	0	0	0	0	0	0	192	0	0	0	0	0	0	0	0	0	0	0	96	0	0	0	0	0	0	0	0	0	0	0	0	0	0	0	0	0	0	0	0	0	0	0	0	0	0	0	0	0	0	0	0	0	0	0	0	0	0	0	0	0	0	0	0	0	0	0	0	0	0	0	0	0	0	0	0	0	0	0	0	0	0	0	0	0	0	0	0	0	0	0	0	0	0	0	0	0	0	0	0	
0	0	0	0	0	0	0	0	0	0	0	0	0	0	0	0	0	0	0	0	0	0	0	0	500	0	0	0	0	0	0	0	0	0	0	0	0	0	48	0	0	0	0	0	0	0	0	0	0	0	0	0	0	0	0	0	0	0	0	0	0	0	0	0	0	0	0	0	0	0	0	0	0	0	0	48	0	0	0	0	0	0	0	0	0	0	0	0	0	0	0	0	0	0	0	0	0	0	0	0	
0	0	0	0	0	0	0	0	0	0	0	0	0	0	0	0	0	0	0	0	0	96	0	0	0	0	0	0	0	0	0	0	0	0	0	0	0	0	0	0	0	0	0	0	0	0	0	0	0	0	0	0	0	0	0	0	0	0	500	0	500	0	0	0	0	0	0	0	0	0	0	0	0	0	0	0	0	0	0	0	0	0	0	0	0	0	0	0	0	0	0	0	0	0	0	0	0	0	0	0	
0	0	0	0	0	0	0	0	0	0	0	0	0	0	0	0	0	0	0	500	0	0	0	0	0	0	0	0	0	0	0	0	0	0	0	0	0	0	0	0	0	0	0	0	0	0	0	0	0	0	0	0	0	0	0	192	0	0	0	0	0	96	0	0	0	0	0	0	0	0	0	0	0	0	0	0	0	0	0	0	0	500	500	0	0	0	0	0	0	0	0	0	0	0	0	0	0	0	0	0	
0	0	0	0	0	0	0	0	500	0	0	0	0	0	0	0	0	0	0	0	0	0	0	0	0	0	0	0	0	0	0	0	0	96	0	0	0	0	0	0	0	0	0	48	0	0	0	0	0	0	0	0	0	0	0	0	0	0	0	0	0	0	0	0	0	0	0	0	0	0	0	0	0	0	0	0	0	0	0	0	0	0	0	0	0	0	0	0	0	0	0	0	0	0	0	0	0	0	0	0	
0	0	0	0	0	0	0	0	0	0	0	0	0	0	0	0	0	0	0	0	0	0	0	0	0	0	0	0	0	0	0	0	0	0	0	48	0	0	0	0	0	0	0	0	0	0	0	0	0	0	0	0	0	0	0	0	0	0	0	0	0	0	0	0	0	96	0	0	0	0	0	0	0	0	0	0	0	0	0	0	0	500	0	0	0	0	0	0	0	0	0	0	0	0	0	0	0	0	0	0	
0	0	0	0	0	0	96	0	0	0	0	0	0	0	0	0	0	0	0	0	0	0	0	0	0	0	0	0	0	0	0	0	0	0	0	0	0	0	0	0	0	0	0	0	0	0	0	0	192	0	0	0	0	0	0	0	0	0	0	0	0	0	0	0	0	0	0	0	0	0	0	0	0	0	0	0	0	0	0	0	0	0	0	0	0	0	0	0	0	0	0	0	0	0	0	0	0	0	0	0	
19	3	94	86	98	28	44	53	89	24	9	45	51	28	31	32	11	42	58	2	48	58	48	78	73	57	97	22	73	68	31	91	54	36	38	69	61	47	31	2	47	20	76	15	33	82	22	84	4	86	29	95	1	39	98	9	25	76	99	55	25	44	36	57	66	6	43	69	21	99	72	4	3	62	69	22	24	6	90	69	63	98	40	98	56	37	29	70	27	72	5	17	23	70	14	65	31	78	33	2	54	84	25	43	63	81	78	51	96	94	26	3	95	12	49	90	19	85	1	75	54	45	73	56	73	45	90	29	57	18	0	84	99	1	48	2	0	8	28	48	93	47	20	2	7	27	14	90	99	81	38	41	82	27	62	23	17	36	18	67	17	91	68	63	34	84	64	63	59	45	11	30	87	33	99	82	41	11	24	12	4	59	64	84	15	18	96	0	97	9	59	61	53	66	28	92	30	32	32	9	78	90	51	82	54	84	51	27	72	60	8	6	43	85	39	20	97	18	98	38	19	63	38	61	6	41	6	49	95	45	10	55	67	77	72	18	34	32	36	53	7	41	20	90	54	92	51	66	36	91	94	85	25	97	77	49	16	81	25	87	72	55	88	87	32	4	99	87	3	78	77	8	88	56	86	79	82	13	92	4	4	73	75	57	25	45	69	74	59	86	77	22	67	62	24	52	14	5	90	74	33	20	0	8	53	4	96	88	31	46	23	51	44	60	64	38	89	6	71	21	43	57	18	34	91	30	44	34	90	46	2	61	68	91	96	5	48	81	76	67	46	93	98	87	98	88	55	76	63	79	41	4	8	92	8	43	48	95	38	48	98	93	59	29	48	91	21	47	12	90	48	66	65	84	42	33	5	21	3	54	17	30	36	41	62	24	71	29	13	89	97	44	15	12	21	31	13	52	35	82	84	29	73	35	29	21	47	67	41	59	67	90	29	94	48	46	14	54	31	76	96	76	12	5	14	69	45	13	39	42	94	62	74	65	40	57	82	34	37	42	14	2	5	31	37	34	70	5	38	12	12	0	4	91	9	46	37	98	21	60	66	26	57	35	25	30	75	79	97	92	4	38	64	82	76	29	19	52	56	64	7	67	6	17	45	0	10	53	58	97	74	21	70	2	82	85	40	24	68	87	48	60	4	7	99	99	67	32	13	47	99	41	97	83	5	44	58	2	9	5	51	32	28	10	91	39	92	92	97	78	77	27	76	4	65	98	27	53	8	56	97	82	92	50	48	61	97	95	53	29	28	54	57	5	75	80	37	1	47	76	70	94	60	85	57	90	7	25	55	76	86	16	41	95	89	45	36	99	10	55	5	49	93	47	85	79	8	12	16	88	3	17	33	71	7	76	64	84	58	73	93	68	61	98	23	49	51	4	1	30	0	72	86	26	94	70	9	21	81	56	36	32	51	99	61	9	12	15	39	87	74	90	48	61	88	49	49	43	35	13	51	22	91	62	39	28	57	70	70	65	87	93	37	1	17	38	93	72	97	20	55	96	47	61	60	23	29	53	61	79	31	86	95	40	75	77	38	87	5	99	77	77	50	76	95	96	92	50	7	59	87	5	88	13	1	0	37	18	39	26	33	88	64	41	39	82	44	97	58	3	29	36	36	55	62	51	50	11	32	19	42	40	7	56	47	36	28	24	55	46	9	84	7	69	27	60	24	49	53	6	39	8	55	67	89	33	47	3	10	83	97	25	73	78	47	20	70	31	84	49	86	7	65	75	89	56	74	25	26	42	64	20	56	2	73	7	10	77	30	81	83	44	42	20	74	41	33	80	66	31	29	91	74	33	30	50	89	16	66	86	53	91	64	55	51	16	9	71	40	85	1	99	45	26	61	52	19	60	55	54	11	37	20	67	58	92	63	59	13	12	28	60	45	97	81	95	31	20	85	45	56	27	85	11	68	29	45	5	18	69	39	88	78	79	47	59	80	48	22	17	3	14	14	96	10	92	3	89	4	77	27	76	28	65	74	95	60	86	50	95	10	67	7	68	9	59	35	16	47	1	30	8	1	85	85	76	56	77	58	51	77	87	94	48	2	33	24	36	65	63	68	70	70	54	85	9	77	75	76	22	35	52	78	80	13	92	66	18	24	82	66	66	92	18	73	8	48	65	96	19	87	93	91	82	40	62	31	94	90	60	94	26	52	99	60	17	81	69	11	36	56	76	55	82	24	34	94	42	43	27	44	22	70	8	42	10	27	90	2	5	93	15	13	10	70	75	31	34	47	14	81	48	25	24	49	51	13	35	43	65	96	17	61	98	54	8	79	8	38	40	91	92	88	38	25	59	65	80	50	81	17	61	0	68	39	92	72	53	35	21	82	92	77	69	71	64	47	93	61	55	83	43	20	5	52	95	54	53	13	46	75	9	1	9	93	14	74	45	80	72	61	24	65	41	99	50	98	66	89	96	12	3	69	99	15	27	62	52	24	76	17	73	97	98	5	57	50	68	70	51	1	24	37	44	54	27	67	23	3	21	56	15	56	68	35	39	66	73	88	10	95	13	91	93	72	0	71	39	28	48	35	11	23	93	34	81	4	34	55	58	40	14	56	83	84	98	59	65	99	93	7	34	55	42	6	74	27	63	73	86	88	0	77	87	6	27	28	66	6	41	73	17	2	27	29	68	54	77	79	76	4	69	27	90	64	84	70	80	52	3	53	33	84	42	37	48	6	43	58	1	86	70	27	70	13	41	51	34	25	21	5	4	6	19	89	12	78	19	91	79	38	3	17	78	9	24	89	27	83	23	2	17	34	0	58	47	97	41	94	49	53	78	44	49	62	26	67	30	57	64	77	3	76	81	75	20	56	28	42	54	24	84	99	14	8	15	43	18	47	41	2	45	98	0	3	42	98	69	34	14	25	69	36	84	92	84	33	26	79	4	36	98	59	74	57	92	66	62	20	77	85	26	47	55	16	67	92	85	4	2	34	94	38	15	76	22	9	64	1	30	71	2	79	23	43	77	83	83	66	95	98	94	36	45	5	77	30	31	18	77	38	71	40	71	57	86	36	85	18	1	85	63	25	36	79	98	0	9	87	87	66	93	86	35	60	12	16	12	2	8	52	18	58	62	94	10	36	66	94	37	45	79	59	92	95	23	44	53	22	86	76	36	56	7	90	98	45	80	56	92	87	78	8	72	22	90	69	45	36	36	21	10	13	13	33	83	74	48	14	89	1	92	90	98	63	87	20	49	51	62	65	17	9	61	88	38	88	2	73	42	45	46	29	40	13	89	13	35	55	25	66	39	93	75	4	37	74	48	14	90	3	76	51	87	28	69	70	86	78	84	83	31	91	13	22	23	71	54	73	47	60	4	6	33	22	51	92	21	51	74	81	83	23	71	23	35	67	22	61	47	53	50	69	49	30	85	8	95	78	92	91	21	14	67	75	8	16	36	97	13	16	80	98	66	4	64	87	59	84	68	68	85	70	18	76	93	86	79	31	20	89	51	37	88	41	32	81	60	95	83	59	83	95	16	3	34	70	69	52	60	70	55	1	35	19	2	44	97	51	45	63	98	66	15	21	79	2	81	32	26	87	70	85	62	10	65	5	22	45	3	58	2	17	35	99	63	26	88	82	59	49	64	79	29	64	0	85	64	83	96	4	0	48	82	17	50	55	42	13	96	22	51	81	53	49	56	69	36	81	23	28	13	4	20	21	45	75	21	35	74	13	59	1	19	70	35	30	79	21	65	33	54	23	59	93	45	57	34	89	18	10	90	59	92	76	97	96	46	22	28	13	40	81	56	35	48	77	45	64	49	95	17	7	98	41	45	38	79	99	53	29	9	35	39	47	61	53	76	12	64	99	72	61	64	77	1	79	85	61	28	94	92	7	78	9	58	32	59	56	53	66	61	35	76	81	52	5	54	63	7	77	67	29	1	17	13	62	44	39	31	78	68	62	76	11	99	80	36	56	82	55	32	82	42	78	85	9	47	35	37	94	7	31	19	35	99	27	82	25	99	24	18	20	13	7	33	1	30	29	62	2	99	43	84	39	12	33	35	73	39	14	8	6	56	18	88	43	14	61	9	24	20	10	15	78	79	73	95	99	54	62	6	96	92	60	9	61	19	42	26	99	75	50	68	56	74	42	6	12	29	29	57	16	85	69	84	78	50	31	94	31	86	88	98	95	42	14	71	39	15	80	89	45	77	52	50	34	42	46	5	65	94	5	25	62	48	45	26	43	43	59	65	88	76	48	4	91	2	81	38	99	80	86	94	69	55	58	52	33	10	72	86	60	92	31	15	16	55	42	42	65	72	96	74	93	75	84	58	40	18	1	43	96	66	70	4	61	63	77	76	77	59	95	15	88	7	13	26	71	23	73	30	0	86	18	52	40	63	70	94	2	7	82	84	90	21	38	19	47	48	85	84	22	73	87	89	72	19	61	89	52	69	40	55	8	37	64	67	83	91	12	74	2	54	64	94	5	61	0	39	49	93	55	14	28	69	56	44	74	12	81	38	49	75	88	85	13	73	76	51	16	9	19	36	94	73	91	73	32	70	95	63	28	48	29	28	19	29	46	44	81	70	83	72	87	91	57	21	39	10	97	4	29	32	0	75	39	81	35	21	29	64	98	57	73	63	80	59	87	2	29	89	21	40	5	58	91	99	55	25	10	64	99	58	48	44	61	26	61	27	4	70	87	58	51	56	42	20	84	44	20	72	13	79	81	40	57	62	51	17	90	66	18	19	57	45	95	92	11	23	16	61	74	53	30	2	61	56	29	70	50	77	46	87	6	14	55	53	13	15	24	91	2	77	87	91	13	1	64	62	59	28	65	32	85	36	50	79	3	93	20	92	16	28	21	32	83	26	34	95	15	52	70	75	67	88	41	28	42	22	10	1	43	79	30	57	45	52	71	5	51	30	77	40	91	95	37	21	18	47	41	14	1	39	14	15	26	68	72	82	16	76	92	60	73	38	4	50	62	33	16	64	79	69	22	60	83	43	50	71	86	45	70	62	17	75	78	29	85	49	72	34	78	62	36	89	23	7	75	96	76	47	47	4	97	9	49	38	69	9	20	98	95	84	76	18	33	91	87	99	21	64	97	66	70	46	64	35	66	84	71	44	31	26	51	41	44	82	12	89	19	87	71	19	85	32	50	36	59	89	34	75	6	79	39	95	31	95	2	50	47	3	49	76	31	3	88	59	95	87	4	60	42	47	27	48	64	21	86	63	69	35	9	71	16	59	21	5	37	73	72	49	36	62	31	9	20	76	14	6	92	26	18	37	14	87	13	70	8	51	39	15	73	27	69	73	59	73	37	44	95	16	36	82	10	95	78	60	38	78	88	66	42	30	76	66	44	40	19	1	57	54	68	8	41	0	39	95	43	83	10	28	79	88	17	64	10	68	46	75	93	77	36	55	52	99	36	1	70	39	70	89	50	30	31	94	51	17	77	55	40	58	64	41	32	89	70	78	10	47	59	7	93	5	13	89	32	65	24	89	1	50	58	51	33	79	19	85	9	80	8	67	95	98	91	99	94	19	57	42	84	98	78	73	46	94	79	84	20	59	30	13	45	7	39	37	77	65	55	0	25	88	57	48	46	68	15	18	72	42	32	3	74	55	57	51	92	12	90	56	94	19	44	55	43	40	73	28	90	24	33	89	5	72	78	15	70	66	28	46	76	94	21	13	21	49	21	94	7	24	37	21	93	8	59	65	37	50	84	76	48	52	8	99	23	34	0	50	71	61	86	36	45	39	50	19	34	79	30	51	31	28	14	63	92	58	0	61	0	38	28	62	91	85	40	82	21	73	80	3	61	17	81	34	87	76	9	39	51	47	8	72	40	25	76	30	33	37	57	58	40	34	65	36	95	55	52	86	41	20	40	88	12	35	5	89	77	39	20	88	49	51	11	71	6	15	83	6	55	44	88	3	34	40	51	15	32	26	70	27	57	77	5	91	32	13	82	21	25	95	13	49	69	57	32	66	5	30	91	39	1	77	83	82	20	54	78	79	77	66	17	88	75	43	36	26	97	52	36	10	2	76	7	40	85	31	61	6	45	2	24	81	45	71	68	9	39	41	38	48	72	75	84	19	5	81	55	11	48	85	91	72	84	14	29	8	71	7	23	8	34	0	41	12	61	58	1	70	35	38	55	3	92	85	97	3	21	61	19	60	91	42	7	91	78	9	5	69	1	83	42	86	12	54	68	16	91	69	72	44	81	7	85	26	45	28	47	56	97	82	20	91	35	92	40	83	26	61	89	74	52	61	10	25	55	65	60	77	42	74	39	82	51	50	88	34	3	72	89	26	75	7	51	18	20	99	14	64	3	2	75	73	29	71	52	74	35	97	77	43	89	36	27	34	86	97	89	43	10	81	17	65	61	6	34	59	22	32	89	82	17	32	53	13	42	47	90	47	96	86	75	30	6	55	93	82	62	18	10	70	6	24	22	52	65	10	94	96	81	21	20	89	39	83	49	46	96	87	17	29	78	96	45	54	36	31	63	44	52	75	44	29	31	31	27	41	25	50	24	47	73	67	1	34	15	23	86	19	36	61	57	37	21	28	13	67	50	63	27	67	98	37	15	5	60	3	26	79	87	96	46	58	70	3	87	99	84	15	87	18	0	63	2	85	1	12	70	81	58	85	43	2	73	37	79	46	3	72	6	50	21	79	85	15	17	27	6	33	86	29	14	90	98	31	9	90	26	17	40	16	35	96	69	31	53	5	64	36	99	70	
32	79	75	76	33	33	85	10	54	16	89	33	43	32	36	38	61	27	75	85	89	4	30	85	76	72	51	5	84	86	22	19	96	33	45	21	7	74	13	30	25	21	26	48	87	55	38	28	6	66	1	62	51	6	46	53	24	24	55	97	40	26	20	98	6	9	76	42	34	76	89	83	85	22	63	12	84	72	88	15	32	62	53	77	18	85	90	62	32	74	57	65	74	11	79	82	36	73	96	29	21	8	10	20	9	89	62	45	46	85	80	83	19	78	22	48	71	77	92	33	9	89	84	27	92	77	27	22	32	94	29	97	14	4	1	27	43	20	49	31	49	28	73	16	75	88	35	92	16	17	11	48	68	5	28	33	40	24	88	4	1	8	72	66	56	97	20	55	94	52	50	22	37	3	94	34	76	22	54	29	98	39	39	60	83	22	17	4	28	20	58	78	54	15	15	51	23	23	96	56	74	22	91	2	18	80	37	21	34	18	70	11	93	46	4	54	63	76	11	57	98	69	97	30	69	51	51	74	90	87	89	14	27	60	33	91	4	25	60	61	58	11	43	55	78	6	97	48	89	67	34	42	92	3	29	47	53	16	8	18	3	51	24	49	93	72	37	37	3	8	25	6	90	0	32	79	63	18	80	59	99	99	82	81	24	58	82	76	85	15	46	2	37	88	95	76	84	56	93	95	27	27	90	8	7	23	67	68	57	88	80	76	6	4	47	88	0	3	84	39	7	78	58	44	36	98	63	17	76	49	31	15	16	88	17	19	53	47	71	42	36	47	89	45	19	86	89	17	98	72	59	18	29	78	70	95	75	50	53	87	12	20	9	16	50	57	64	24	4	71	39	50	13	99	99	87	48	12	68	86	28	34	36	35	29	79	43	7	32	10	91	74	70	3	21	50	37	36	25	73	4	1	97	46	62	11	6	55	71	84	44	13	0	89	5	5	82	53	69	31	50	15	38	26	25	32	25	33	21	59	95	51	29	36	40	79	60	17	1	31	94	37	9	16	56	73	63	47	31	32	8	53	73	66	55	31	21	9	51	85	78	64	29	78	55	43	91	69	51	88	78	68	30	39	59	81	42	54	66	79	54	53	20	24	8	65	0	73	34	35	89	58	52	82	93	70	27	60	80	0	44	24	64	19	24	58	18	58	64	68	78	87	25	50	34	95	69	45	66	35	8	47	0	36	19	16	41	15	19	54	98	25	49	93	19	66	14	30	45	33	36	15	55	89	58	24	72	52	63	10	82	71	19	79	45	3	55	68	71	61	76	92	72	94	75	62	35	62	13	55	70	56	64	63	93	35	92	11	31	46	34	61	6	32	11	65	82	79	4	72	41	96	74	44	96	92	34	69	39	92	66	1	52	81	61	48	84	79	6	11	35	29	25	32	31	70	91	39	73	48	10	30	77	36	57	45	97	71	3	13	25	74	79	72	83	90	36	6	56	4	10	60	12	52	46	24	85	1	73	38	8	62	81	44	73	33	1	94	66	83	88	30	20	94	66	68	23	36	31	69	33	61	47	26	23	33	8	41	93	45	64	31	85	5	61	16	55	7	82	61	65	13	70	87	16	34	65	56	32	40	24	41	43	72	24	46	26	91	87	16	49	53	76	84	26	29	94	80	18	75	76	49	53	79	89	22	73	15	57	6	38	48	57	22	14	83	23	18	14	9	90	51	46	11	85	99	92	54	56	38	85	87	95	89	57	98	90	66	50	54	51	53	65	50	8	48	70	84	82	79	15	41	99	47	13	70	99	78	12	28	23	24	54	96	16	87	3	22	15	91	9	37	89	97	9	28	19	87	39	58	15	29	21	38	53	41	72	14	30	22	44	39	39	40	47	54	13	41	18	4	41	29	9	13	48	42	94	68	68	39	13	88	29	72	60	52	95	99	52	63	53	0	82	3	80	88	26	45	63	21	29	62	12	47	10	71	5	88	48	20	29	8	20	28	67	40	57	98	39	22	14	33	46	46	84	40	90	70	17	89	10	62	94	45	4	51	72	25	70	35	31	38	48	94	20	28	43	37	74	66	24	14	48	43	52	30	12	34	45	52	82	2	98	31	76	41	62	40	54	96	53	55	35	4	67	33	6	42	96	64	68	3	30	76	51	11	47	18	92	37	89	72	11	36	35	66	98	66	92	50	50	1	96	80	88	40	96	25	4	53	37	55	67	96	96	42	47	24	75	79	49	1	30	96	66	43	33	98	22	41	7	80	87	26	76	78	50	60	45	6	39	44	76	79	31	63	36	13	97	98	44	82	12	42	80	94	74	75	0	30	75	48	15	68	57	20	38	52	12	86	24	12	7	5	23	36	21	23	25	25	27	53	66	61	7	48	15	32	26	16	81	64	17	72	29	13	20	72	56	36	36	0	75	75	0	82	56	30	95	60	39	47	30	5	17	86	60	35	11	80	84	86	50	35	71	33	55	19	3	96	75	33	49	55	76	99	46	97	50	61	14	25	21	45	35	73	72	23	29	55	12	5	6	2	20	10	35	15	38	86	68	13	4	11	75	4	69	84	69	0	80	66	70	4	49	88	32	43	77	73	12	60	26	42	54	14	99	59	0	71	54	81	38	8	53	70	10	61	0	66	97	77	92	43	91	48	66	13	14	66	7	41	31	33	65	61	18	43	63	17	25	83	48	42	41	63	99	46	46	16	75	13	90	79	28	29	69	8	48	86	78	26	6	25	47	96	5	28	96	5	24	83	72	72	62	36	5	99	19	7	43	83	8	93	40	89	66	60	33	70	70	8	14	43	82	63	89	32	22	13	10	52	90	27	0	54	5	31	53	1	55	21	93	16	37	74	43	29	81	68	73	53	78	15	83	1	47	53	47	25	60	50	90	4	5	84	68	82	21	94	15	19	17	56	92	65	44	92	55	13	48	57	50	73	15	44	46	83	9	0	83	27	62	73	27	77	46	21	70	74	55	95	50	38	83	48	64	84	35	47	40	63	81	27	92	49	89	93	93	43	79	37	23	90	70	52	48	91	23	8	33	15	81	1	18	11	94	96	37	55	56	75	22	30	55	15	91	67	11	99	53	32	35	66	61	66	63	21	47	30	77	80	48	89	76	48	11	88	95	38	3	64	49	44	61	29	77	87	40	78	23	63	86	2	84	89	87	39	49	82	50	78	88	36	13	48	84	4	57	54	96	41	90	97	56	22	17	82	93	12	33	65	4	19	85	37	38	40	98	93	40	69	51	55	96	46	83	45	82	36	15	62	38	41	90	4	55	77	18	71	13	58	95	82	30	36	8	89	73	20	19	16	76	84	8	46	13	12	53	62	12	14	11	62	34	38	62	3	24	77	56	50	79	93	22	48	8	50	84	10	65	34	44	56	69	29	83	1	15	68	17	20	83	73	40	7	26	0	36	47	69	26	24	2	70	53	38	10	84	94	74	83	58	12	31	1	95	38	34	5	78	17	34	35	75	45	62	14	56	63	3	89	4	88	16	46	25	6	3	58	69	38	0	94	28	60	42	67	98	81	23	78	46	90	63	27	29	1	1	69	2	95	23	43	35	36	25	68	58	21	14	75	3	15	91	30	18	76	3	6	86	24	41	36	96	61	34	81	87	75	52	89	73	64	56	31	8	68	43	50	44	96	25	45	97	61	76	39	6	97	40	38	71	37	83	31	70	61	70	47	94	2	41	59	46	38	62	35	33	21	98	14	58	36	33	19	61	45	77	9	67	24	46	79	29	54	75	83	77	57	98	78	94	18	95	65	31	84	33	9	52	27	50	74	46	9	98	19	6	33	91	56	45	59	82	81	36	77	43	8	97	55	80	90	96	23	42	24	37	40	65	35	7	58	59	20	82	15	12	92	8	62	43	99	84	4	6	96	36	40	49	26	70	54	75	72	42	84	6	57	9	73	82	35	12	46	49	99	44	22	68	25	42	33	59	56	92	25	48	76	5	45	15	21	40	89	75	38	9	39	46	78	89	83	12	91	5	27	84	98	43	35	60	4	54	48	32	46	13	91	98	5	19	95	7	45	51	94	7	41	41	55	60	40	54	74	47	89	68	37	20	35	86	52	81	12	19	40	90	21	91	39	50	35	22	89	79	50	47	40	65	33	83	0	71	64	13	46	15	47	39	8	53	60	19	42	91	69	13	45	94	97	33	35	98	50	58	97	29	53	37	58	76	66	41	41	39	32	44	67	8	51	32	44	75	95	16	41	50	90	79	32	34	94	53	49	68	70	35	53	48	72	95	54	31	25	60	48	24	29	89	73	86	83	21	13	14	55	23	49	18	97	63	35	71	63	26	47	86	79	97	27	95	60	2	59	92	60	84	56	53	8	58	32	77	96	52	83	94	91	15	2	88	41	72	23	34	22	28	66	13	61	88	85	32	1	98	44	86	56	22	33	88	19	28	44	72	11	31	54	43	25	35	68	86	37	50	96	45	90	3	7	10	36	84	29	49	47	27	75	36	65	52	78	52	15	44	12	33	42	72	30	21	71	93	16	5	39	40	59	1	19	27	36	67	88	29	61	44	82	33	55	40	7	47	97	73	13	12	38	19	11	81	11	88	83	0	12	73	66	20	42	95	25	76	59	46	68	31	51	7	26	60	19	21	99	55	89	79	99	77	89	22	32	4	33	37	80	31	93	82	2	65	50	85	28	61	6	73	94	2	97	32	95	48	1	74	91	49	22	93	90	84	1	38	95	83	64	94	77	64	59	61	98	87	84	32	79	24	82	42	53	50	37	77	9	77	35	25	4	7	32	45	39	7	42	91	46	28	4	20	96	41	14	0	72	25	78	29	96	44	88	79	29	87	69	72	52	56	59	1	86	6	18	94	96	92	80	9	75	49	89	7	51	40	90	60	11	61	1	2	66	61	58	9	6	21	99	76	76	27	40	93	25	54	86	32	14	45	83	52	96	24	55	83	64	36	23	1	30	34	21	12	37	87	94	29	68	96	25	80	34	67	77	31	6	95	35	87	78	79	19	12	31	27	34	40	85	72	50	83	51	55	39	51	97	66	30	61	3	88	85	46	8	20	8	6	79	42	65	18	38	71	56	17	94	36	98	38	0	94	37	66	89	2	25	48	62	38	3	35	27	41	77	0	83	94	68	45	29	33	47	19	79	27	98	59	75	61	79	37	92	9	85	11	64	50	12	93	51	83	46	77	92	99	39	36	79	69	88	42	8	81	15	49	22	28	76	98	20	12	13	65	80	60	30	8	27	43	69	15	50	8	61	13	82	70	37	44	48	85	74	56	1	62	36	36	81	15	28	94	19	31	68	46	50	93	72	86	96	56	30	7	42	91	18	1	17	98	9	22	6	86	93	14	26	21	14	72	77	98	21	75	54	96	80	8	52	50	83	5	90	35	32	27	47	43	15	38	49	27	86	92	73	17	44	42	68	64	49	17	95	86	23	32	42	49	81	11	72	73	28	25	92	55	7	36	49	72	89	81	26	65	71	52	33	20	65	35	11	4	8	30	53	92	70	59	72	68	43	15	61	41	9	39	56	60	60	95	0	22	9	24	4	24	34	25	38	4	91	17	75	49	61	73	0	90	30	51	26	27	98	80	70	61	95	5	33	57	57	94	83	37	9	29	31	80	41	70	40	13	21	83	45	12	43	5	25	90	71	32	90	40	82	98	85	11	86	84	7	60	99	30	52	25	91	86	27	9	94	85	55	23	25	59	3	99	22	18	10	2	93	30	14	13	63	97	56	1	86	4	97	76	22	96	58	98	21	57	76	55	95	92	72	78	38	4	70	55	65	8	8	71	0	5	52	92	77	69	37	41	95	57	53	17	63	82	53	31	36	0	98	26	46	53	73	22	27	13	30	56	42	98	4	38	92	49	86	51	56	42	79	74	81	3	30	90	52	17	21	34	73	76	9	34	81	26	75	63	94	44	67	15	20	50	80	13	4	90	38	68	72	9	65	43	81	3	75	41	94	93	46	18	62	46	29	55	2	41	66	14	42	60	2	70	35	59	25	41	38	20	22	53	57	28	81	58	61	15	10	13	90	39	48	59	9	68	74	33	43	88	62	13	70	16	49	34	55	81	88	31	29	67	92	16	47	28	45	30	90	32	18	82	42	45	10	33	12	4	32	76	42	29	83	41	16	10	97	51	79	12	55	25	13	55	66	67	78	33	43	66	68	50	51	23	83	40	18	84	40	12	19	28	29	23	45	74	47	33	94	62	13	43	43	69	22	80	30	48	82	71	25	80	99	93	60	14	49	17	59	56	98	86	87	65	10	97	68	20	62	12	29	45	88	4	73	37	60	34	98	37	31	70	77	78	83	22	31	66	9	34	81	56	16	52	88	99	51	77	4	23	99	73	84	9	8	18	59	6	27	45	27	76	89	54	18	6	57	31	83	87	97	52	4	30	0	3	6	38	54	21	69	27	92	43	44	98	40	13	90	21	27	37	98	75	29	51	63	39	87	77	31	88	82	32	80	53	48	68	61	26	53	27	83	8	75	81	61	89	86	17	15	88	92	37	65	80	49	53	34	20	42	56	29	11	64	64	24	69	98	37	68	39	18	17	98	42	19	49	19	56	81	53	20	88	58	7	78	29	50	56	13	27	90	60	96	35	80	45	26	22	48	72	49	21	15	21	31	42	55	6	39	12	93	51	23	30	92	38	55	4	4	16	54	3	99	17	48	68	64	68	1	20	35	31	87	48	82	29	0	14	21	11	3	65	90	70	74	88	32	
29	39	32	30	31	37	29	29	28	27	27	29	31	37	28	25	22	30	39	35	31	34	27	26	27	40	21	35	21	26	25	31	33	25	31	23	24	27	36	39	37	40	33	31	20	24	27	40	39	38	37	40	27	28	20	20	24	24	38	35	33	34	28	26	35	38	20	29	25	33	32	28	26	32	29	23	20	23	37	39	26	20	36	22	35	27	37	29	29	25	34	32	40	35	34	38	22	30	34	26	20	39	27	36	35	40	26	23	39	31	34	29	27	35	40	37	40	26	39	27	34	34	22	38	27	32	39	36	37	20	33	27	38	39	34	27	40	30	38	34	35	29	23	29	21	32	40	20	30	28	37	23	34	31	38	39	38	29	29	21	31	37	31	23	24	29	36	28	26	22	26	32	37	27	30	20	36	20	33	27	35	23	29	28	23	26	40	26	25	26	33	32	26	34	30	30	20	21	24	40	37	29	23	23	27	35	23	27	40	34	37	22	32	32	34	31	37	21	25	34	29	35	31	22	38	37	36	31	29	29	23	32	37	28	25	28	39	34	29	36	40	31	36	40	25	32	26	32	36	34	32	36	26	22	26	38	33	40	26	34	22	37	25	26	31	30	30	39	26	21	37	25	22	33	34	37	28	33	35	31	20	25	37	36	22	33	30	23	33	40	37	35	35	38	24	20	22	27	23	27	31	40	32	35	25	36	22	40	34	30	40	32	31	25	40	33	40	21	26	25	23	39	28	37	36	23	28	28	23	38	36	26	26	30	24	31	40	23	33	29	32	31	34	38	30	23	22	20	32	32	39	37	20	40	35	23	32	22	25	36	37	32	23	23	33	30	39	33	20	36	21	23	28	21	28	37	30	20	22	32	39	32	39	22	32	25	30	21	31	24	22	27	35	30	25	36	26	21	27	32	35	32	27	36	23	28	33	32	34	36	26	26	37	25	30	30	39	23	23	30	33	30	28	37	20	23	24	24	26	34	32	22	32	33	26	23	34	29	26	28	34	22	23	35	32	27	32	32	26	39	33	28	33	39	35	22	39	40	34	26	28	29	39	23	39	27	38	21	25	32	39	22	33	30	31	24	26	34	33	26	31	25	23	23	39	23	40	25	35	21	29	29	32	24	24	26	22	26	38	22	26	40	28	30	23	23	21	20	26	28	40	26	33	20	25	32	37	21	40	36	31	40	21	33	33	21	35	38	30	31	25	37	25	22	25	22	28	29	32	29	26	39	28	37	28	26	36	37	29	22	34	35	33	29	30	27	40	30	24	37	31	30	24	33	20	28	28	40	40	24	32	32	28	28	30	25	35	33	20	34	30	27	39	20	38	26	30	35	22	33	33	30	24	35	31	21	28	40	35	25	33	31	34	38	26	20	28	24	21	28	22	31	27	40	38	26	23	39	35	20	33	25	33	29	33	34	32	36	29	26	20	22	36	26	22	20	40	23	23	40	23	22	32	40	20	36	39	38	40	24	27	21	36	22	31	28	28	28	23	29	37	26	26	28	28	31	40	34	38	20	23	29	21	30	22	27	25	25	28	28	40	39	39	33	34	29	36	31	27	29	29	27	20	32	27	27	33	29	25	23	34	40	27	34	29	36	36	38	29	29	39	36	25	37	33	27	27	40	29	24	37	25	20	28	26	21	34	35	22	37	36	28	38	32	26	39	40	34	38	38	31	31	29	34	30	30	20	22	31	23	28	22	24	38	37	25	35	37	40	35	40	23	23	27	20	25	37	23	36	34	38	29	28	27	36	29	28	31	27	31	25	30	33	29	29	25	26	32	35	28	35	35	29	23	30	40	24	23	38	20	26	34	21	20	40	40	23	25	20	25	23	33	25	29	33	23	36	20	29	26	27	36	27	40	21	34	36	31	39	35	25	36	21	26	39	27	20	24	37	29	37	20	33	28	24	30	39	27	36	22	27	34	38	38	25	21	37	37	38	35	34	28	39	35	25	29	22	20	39	38	25	21	27	27	27	21	23	27	35	24	36	40	33	36	38	36	32	28	35	21	25	25	35	27	34	39	38	32	27	20	34	28	20	33	37	34	29	33	31	25	32	34	20	33	22	30	38	20	23	23	31	25	23	31	20	27	30	37	26	29	34	39	21	33	34	24	23	36	32	35	40	39	35	38	21	34	22	30	26	32	38	35	25	21	31	21	25	32	23	24	27	25	38	22	20	33	37	26	37	36	39	33	32	24	28	24	34	31	21	34	40	28	20	34	20	21	38	40	23	29	25	34	31	27	37	23	20	32	26	27	22	32	20	32	28	37	29	23	24	25	39	35	36	32	22	20	29	34	28	34	36	22	26	23	21	20	37	21	36	26	32	25	30	37	21	35	36	20	35	39	35	28	38	26	31	23	26	35	39	28	40	23	24	40	32	26	39	33	32	28	34	38	34	39	33	28	24	31	30	30	23	37	40	28	22	39	26	20	38	26	24	34	24	40	23	32	33	28	31	32	31	30	35	36	20	28	32	37	30	33	23	22	32	37	39	26	32	20	35	33	27	25	34	33	32	21	24	27	33	34	24	30	28	34	26	21	31	40	28	22	34	28	40	32	26	25	26	21	35	21	39	36	25	20	35	35	40	30	32	29	36	39	35	34	29	31	23	34	37	32	22	37	27	29	37	36	28	34	32	35	38	37	31	24	38	27	27	29	40	36	25	33	20	27	35	28	31	21	33	34	35	37	37	40	21	33	31	23	30	29	35	35	37	39	33	29	27	29	26	38	29	20	31	35	23	38	20	27	32	37	29	31	35	28	37	29	40	22	35	37	37	38	30	33	31	25	33	24	24	34	32	38	38	20	39	30	36	31	25	21	30	32	34	26	29	32	32	20	35	35	23	33	38	23	24	21	29	30	24	36	35	34	40	22	32	30	34	30	29	25	22	26	20	23	27	39	21	26	36	37	22	36	32	39	39	20	40	27	38	39	28	36	29	34	29	39	21	22	26	27	40	33	35	24	24	39	24	29	23	24	22	34	21	25	33	26	29	36	22	23	25	24	33	22	38	21	36	32	31	28	30	28	26	21	23	38	28	37	25	40	39	32	25	27	36	36	29	22	35	25	28	26	39	25	32	38	39	28	40	27	30	37	37	38	33	36	26	36	28	30	38	26	32	22	34	32	28	40	20	32	25	31	36	40	34	27	26	32	30	34	36	26	39	37	31	30	31	29	27	36	23	38	37	20	20	34	34	34	40	29	28	29	25	40	22	32	22	31	24	25	35	31	24	31	26	22	23	30	23	40	39	32	22	26	21	36	21	27	35	38	38	24	33	23	27	27	35	32	28	35	32	36	39	24	20	39	30	40	39	37	36	20	23	22	40	35	21	29	26	33	22	30	29	38	36	32	33	28	24	23	23	24	26	26	24	21	24	31	30	22	28	30	31	37	35	35	28	22	23	22	26	32	26	31	30	21	24	37	28	37	23	22	30	33	25	37	30	34	23	30	20	35	34	29	36	36	26	24	38	29	22	24	26	30	32	31	31	28	39	40	30	29	36	22	20	26	38	25	21	21	33	32	34	36	30	34	39	30	26	28	34	39	39	34	28	26	29	33	25	25	21	30	24	32	24	22	26	30	40	21	21	23	20	28	21	26	30	28	31	25	30	36	40	26	40	24	24	40	23	32	28	23	25	25	25	27	36	23	23	30	21	20	20	40	39	32	20	32	31	27	32	27	31	21	33	36	33	25	26	29	37	24	39	35	33	40	33	23	24	34	23	40	27	38	24	35	30	28	36	32	24	35	30	21	35	30	32	35	25	33	30	20	22	25	33	35	37	30	32	22	40	25	38	24	38	23	23	21	22	31	37	30	24	39	32	33	25	37	39	35	34	23	22	35	38	38	29	20	20	26	32	31	26	25	30	30	39	40	20	27	28	30	31	28	20	30	34	37	35	37	34	23	30	33	33	22	33	32	25	37	35	22	39	33	26	38	32	30	39	37	21	36	30	35	25	32	40	30	27	25	27	33	40	37	37	31	31	24	38	36	40	26	36	36	34	27	21	31	27	22	26	35	24	35	36	27	32	40	28	27	28	29	33	35	29	37	34	31	29	39	33	20	36	26	31	28	38	36	39	34	40	33	35	32	24	37	38	32	31	25	28	33	23	29	28	32	37	22	29	32	39	39	33	26	38	30	28	37	27	22	33	30	28	22	39	30	22	26	39	35	37	33	20	35	28	31	33	26	23	38	30	22	23	30	39	23	28	35	27	23	24	26	23	28	29	28	39	40	34	31	39	35	29	29	40	37	36	32	31	27	32	25	23	24	27	39	37	22	28	36	31	30	38	21	40	24	21	38	28	20	29	35	33	20	37	27	40	26	29	35	33	38	38	21	39	40	35	38	36	31	20	38	32	34	34	40	28	35	21	23	31	31	21	33	34	21	27	25	27	27	32	37	27	20	29	34	22	32	31	26	30	24	29	33	25	37	34	40	37	28	20	39	38	34	34	29	24	32	35	25	24	22	23	31	37	31	20	26	22	38	38	36	33	28	38	29	32	20	32	36	40	20	30	34	32	37	29	31	24	29	32	23	32	20	40	36	34	31	25	21	26	25	29	20	34	35	24	23	33	30	36	24	39	36	26	30	35	22	20	23	21	22	23	26	24	24	40	32	35	25	25	28	21	32	34	31	31	23	27	28	21	40	27	27	20	35	28	25	24	28	39	31	23	34	39	27	28	30	40	37	38	28	34	29	36	23	23	36	21	34	37	39	33	31	39	31	32	34	40	20	24	37	26	37	25	20	30	40	25	33	31	38	39	29	33	20	36	34	30	25	31	37	24	32	27	29	20	32	22	37	33	26	28	28	37	29	40	37	35	35	30	29	25	27	25	39	36	37	31	29	36	33	21	22	34	21	40	28	30	24	26	23	30	23	37	20	25	31	29	31	30	32	36	21	26	39	26	24	24	24	28	26	33	32	26	31	36	32	38	25	25	35	36	33	36	30	23	36	30	39	34	22	20	30	24	34	25	22	32	37	32	27	35	34	25	20	27	34	36	39	29	35	23	27	33	34	21	27	24	32	29	40	21	32	30	22	30	26	26	39	34	30	34	20	31	36	24	32	38	39	37	39	34	21	21	23	40	40	31	25	25	34	28	34	40	29	23	22	40	30	33	35	24	21	36	20	40	20	35	32	26	36	30	37	28	40	40	35	35	37	23	25	36	35	35	31	28	36	38	21	35	25	36	36	40	28	36	30	33	38	39	34	34	20	27	36	30	39	32	33	21	31	27	25	21	21	22	34	30	21	38	26	30	39	28	27	38	37	36	38	25	37	36	36	26	36	31	33	36	28	40	24	39	34	29	39	23	32	21	26	25	36	28	28	24	22	25	35	27	33	37	26	26	39	22	24	28	25	27	34	25	30	24	23	36	34	25	31	25	34	23	36	21	28	39	20	22	28	34	32	23	29	33	40	22	35	38	39	22	29	26	31	21	30	24	26	32	40	27	28	38	38	31	40	26	20	34	37	27	36	22	23	35	23	38	38	21	26	38	38	34	25	40	32	29	33	24	35	30	35	39	23	37	39	30	38	27	21	26	36	23	24	22	37	40	38	33	32	23	30	35	27	28	37	31	21	31	37	34	28	29	28	31	35	23	32	23	38	32	30	30	29	38	21	33	37	34	29	40	37	23	27	31	20	27	23	23	32	35	31	20	30	31	36	28	23	39	28	29	36	27	32	33	23	29	23	30	37	30	32	40	31	29	37	26	36	37	24	30	23	20	38	31	22	38	26	21	40	36	37	33	27	22	40	31	24	27	33	25	22	40	23	31	34	28	24	37	34	34	40	34	28	37	34	26	37	21	31	35	23	31	33	38	23	37	40	29	38	25	39	22	40	33	26	32	38	40	22	34	20	37	40	34	31	37	34	36	24	37	22	40	22	30	32	34	24	33	29	37	25	33	24	33	33	39	28	25	34	20	37	29	34	22	27	39	40	29	35	30	40	20	40	40	21	35	37	27	22	23	30	26	36	29	31	20	38	24	32	37	38	30	26	27	40	29	38	34	26	34	39	34	21	24	31	26	39	39	24	20	22	23	40	30	23	20	30	24	31	25	35	36	33	31	40	30	39	26	35	38	37	39	35	32	21	22	25	31	35	30	38	32	32	20	40	35	21	24	21	32	34	22	26	36	27	36	39	30	29	40	26	33	36	39	33	21	26	37	39	30	36	30	37	27	35	22	39	28	37	40	37	32	37	29	20	39	37	32	40	31	25	26	22	39	31	34	22	27	30	29	27	35	40	32	40	29	26	37	20	27	25	20	23	32	28	26	35	30	32	22	39	32	31	32	26	39	27	32	38	40	29	32	40	30	27	37	29	20	31	23	34	29	29	21	25	39	38	21	32	40	21	31	32	29	25	31	25	36	24	28	23	28	38	40	40	33	37	20	33	35	34	25	28	23	26	31	38	28	33	23	27	33	40	30	21	27	29	24	30	23	35	23	34	33	30	21	28	28	34	29	21	30	30	35	33	37	22	36	24	24	21	25	36	20	33	31	37	23	20	34	23	24	31	31	26	31	35	24	29	32	32	23	37	34	36	27	38	34	32	38	33	26	26	28	35	33	25	21	39	22	33	25	20	30	26	24	22	32	34	28	39	23	37	40	29	27	26	22	37	29	26	36	35	30	28	40	26	28	32	37	26	28	32	36	25	24	25	26	32	29	34	27	25	34	34	36	26	33	25	36	27	
42	37	46	25	35	44	44	23	30	48	39	11	28	14	25	27	33	40	50	29	11	39	38	43	31	17	22	36	45	48	34	35	48	40	24	34	13	31	37	29	19	22	13	50	32	19	39	44	38	38	11	27	47	40	37	15	25	47	50	33	17	44	28	16	47	25	50	49	42	30	32	28	36	43	16	41	22	44	28	17	24	41	48	14	12	19	42	12	34	25	42	30	26	24	42	17	21	46	46	35	19	13	28	34	46	34	44	14	10	20	23	17	21	22	25	18	28	32	50	14	30	45	37	23	13	13	23	43	34	19	42	44	49	28	29	12	46	50	29	39	38	11	29	33	10	27	39	38	16	41	17	20	44	31	18	11	41	14	19	44	24	15	22	12	32	24	34	24	42	22	43	34	27	31	11	45	44	38	46	22	18	29	40	26	48	48	37	16	41	43	34	39	14	32	13	40	38	28	38	35	31	48	49	19	48	35	15	28	24	29	11	32	46	10	16	13	32	17	45	34	12	30	25	37	27	18	14	28	32	33	17	18	28	18	14	42	11	46	40	35	30	35	13	34	40	21	19	20	50	35	21	23	41	32	30	16	10	44	38	32	11	43	48	20	12	19	25	33	42	37	41	23	25	39	48	17	31	45	19	37	19	26	21	46	43	11	32	49	18	18	42	22	39	30	15	30	48	24	28	49	16	22	23	31	31	46	10	12	32	12	40	19	25	11	42	49	32	32	11	18	32	17	33	48	39	42	30	45	42	46	40	29	21	38	35	39	46	38	50	47	24	10	38	29	18	46	49	41	30	19	12	28	34	34	38	39	17	10	24	38	50	19	47	35	14	35	41	45	44	20	19	39	38	21	10	24	18	14	40	50	18	25	42	34	12	22	32	10	11	39	37	15	19	29	25	42	48	50	29	47	37	15	28	50	14	41	44	44	48	41	19	16	18	16	25	27	30	38	13	25	18	42	32	15	46	49	11	20	24	24	45	25	24	19	10	46	47	11	13	35	48	37	25	20	21	13	41	35	11	21	26	30	21	44	40	50	29	20	10	19	13	12	15	27	50	46	44	16	36	28	48	28	40	31	23	49	38	32	12	17	43	19	28	25	31	17	42	12	39	29	12	18	27	19	17	24	31	37	12	22	12	22	31	45	46	21	10	21	19	26	50	33	49	36	26	30	39	47	28	38	18	39	39	47	17	50	16	23	23	38	27	21	37	31	41	18	47	36	33	46	18	29	15	10	19	12	24	10	27	27	34	43	18	34	31	31	36	14	17	45	47	22	21	44	12	46	34	42	24	18	16	41	16	35	10	49	49	36	11	29	47	11	36	25	31	27	11	32	23	30	19	15	43	44	41	14	31	22	25	33	49	20	29	19	44	18	48	27	45	47	35	11	18	12	29	13	36	14	39	48	11	39	18	36	33	27	25	26	43	24	43	31	44	16	14	35	43	43	13	45	30	43	27	49	24	37	21	39	16	18	18	27	21	45	29	24	47	36	47	46	29	23	21	23	49	11	33	20	24	31	25	39	27	13	17	29	15	26	39	50	23	12	16	40	24	14	39	50	18	33	45	13	11	16	29	31	45	20	17	23	19	39	40	10	47	37	12	12	14	16	18	44	49	50	32	34	12	18	15	21	49	33	24	48	11	35	41	21	45	46	46	31	41	38	24	17	49	46	48	45	41	38	35	50	41	16	48	18	47	12	44	17	48	50	33	17	10	44	45	24	30	40	44	35	48	35	13	38	46	12	19	28	38	49	16	18	46	46	42	44	18	19	40	18	36	48	27	33	30	49	15	27	31	40	49	22	44	10	14	23	11	33	34	30	25	30	38	27	11	31	31	37	49	35	11	31	28	50	21	19	11	21	30	11	29	17	35	23	20	43	42	50	23	48	27	19	26	26	27	16	42	17	10	27	20	10	44	36	45	11	44	29	25	25	46	33	37	36	22	46	37	41	36	37	46	46	37	47	29	12	19	32	46	26	28	44	43	31	45	31	36	45	20	29	35	16	37	24	36	12	34	19	36	42	50	44	39	16	50	38	39	42	22	25	35	33	40	36	28	21	28	46	23	34	36	40	39	26	32	21	25	48	18	33	39	20	41	21	13	47	50	24	15	47	31	15	24	33	42	42	19	35	33	29	27	24	50	28	11	11	37	23	49	36	21	34	27	37	15	46	41	29	26	34	50	34	13	41	19	49	10	41	46	14	24	19	22	29	17	14	22	24	17	19	16	23	41	12	31	18	20	37	46	16	23	15	13	16	13	50	17	13	21	42	19	45	30	46	38	22	34	28	35	39	10	31	21	21	50	39	15	16	42	13	25	15	48	17	38	16	20	10	15	21	33	24	32	10	33	17	15	26	16	28	17	38	22	23	22	36	37	29	49	38	15	24	42	47	17	10	25	29	18	14	28	36	19	35	15	14	14	44	16	37	33	42	45	17	18	17	32	19	17	13	42	23	50	39	28	37	48	32	47	39	25	19	44	33	39	46	19	30	28	11	21	29	27	28	45	41	27	11	24	46	28	31	48	28	39	26	47	29	25	42	42	18	17	22	37	16	37	23	38	13	39	12	13	23	35	48	12	31	23	45	36	50	17	11	16	47	30	45	46	16	46	27	25	43	30	14	36	17	50	28	29	36	37	13	13	25	47	18	36	43	35	15	32	46	49	12	41	22	50	23	39	34	47	19	25	25	31	24	15	32	24	18	48	13	36	44	43	49	36	18	39	18	46	43	11	46	30	12	23	50	24	20	17	14	44	47	16	50	24	50	45	33	17	32	43	49	33	12	11	27	31	28	11	34	35	37	27	24	48	42	32	11	40	36	41	13	44	26	36	40	40	31	15	36	33	49	26	25	24	29	43	46	15	47	15	24	17	25	20	36	27	19	41	12	14	17	43	11	33	38	49	20	10	46	49	13	21	28	30	39	26	11	17	47	17	30	22	50	30	47	12	35	38	12	40	47	32	36	22	47	28	12	46	35	47	13	26	19	36	48	35	22	17	20	27	26	34	40	24	36	39	10	34	13	12	12	42	18	10	40	24	10	24	45	38	16	41	34	20	18	24	48	12	29	21	22	13	15	39	34	42	37	41	27	17	49	38	15	37	19	36	35	37	48	28	28	26	20	32	25	10	24	43	17	26	33	34	38	47	10	22	33	25	26	42	12	33	41	22	11	48	25	34	35	34	42	29	40	21	10	24	15	20	18	47	44	34	30	14	34	18	34	38	12	18	50	39	37	45	45	11	31	13	30	34	45	15	37	40	46	37	50	16	45	20	39	35	27	39	11	48	22	41	10	43	24	11	48	38	50	20	17	11	30	28	27	17	15	32	26	27	10	33	21	44	21	11	27	21	46	33	22	50	41	46	34	34	26	26	17	45	41	44	28	19	30	42	19	45	14	26	44	20	37	20	30	43	14	45	28	33	49	37	36	28	16	23	39	17	49	12	30	16	47	16	43	50	39	45	12	10	33	19	25	23	50	22	31	40	12	23	24	38	24	31	17	19	41	25	37	39	48	14	42	30	17	49	26	10	35	41	21	33	27	34	22	43	14	18	37	11	15	47	11	40	44	39	20	29	41	44	34	46	45	31	36	11	31	42	42	20	50	21	26	36	28	50	19	46	49	41	32	33	11	18	20	38	24	41	27	22	37	19	44	23	47	44	15	47	29	17	12	11	48	46	34	17	23	17	43	18	46	20	29	23	30	48	49	37	44	17	34	38	27	45	49	30	43	16	35	12	48	28	33	31	10	16	48	23	44	22	11	16	11	19	23	26	28	26	29	33	43	32	23	32	41	39	45	50	13	27	37	35	46	24	29	27	17	44	20	11	46	21	35	38	23	20	39	50	37	17	24	34	19	25	49	19	36	45	14	21	37	10	17	40	44	27	30	46	47	11	17	26	29	37	22	47	14	11	40	40	45	41	39	44	43	26	35	27	33	14	43	49	32	36	31	15	41	18	33	12	27	39	32	34	12	42	11	32	31	16	17	21	41	49	37	21	22	41	36	32	39	49	32	40	17	36	18	48	24	19	12	45	17	19	27	32	27	18	32	18	21	46	38	14	31	20	11	43	35	27	25	21	34	49	27	31	32	41	16	22	24	11	20	28	16	21	49	17	38	35	33	23	16	10	46	32	29	10	29	33	23	46	16	49	48	36	42	48	34	32	16	25	39	16	22	40	14	18	40	37	27	34	45	23	44	45	13	42	41	39	41	40	33	31	13	24	47	31	41	28	44	22	14	13	18	15	10	46	48	32	12	23	22	29	31	22	23	16	34	30	47	26	11	18	13	44	32	42	11	17	47	27	19	42	34	24	39	31	10	12	17	12	13	37	32	40	48	50	23	29	34	45	12	46	26	16	25	24	13	18	11	24	24	42	30	23	38	31	42	43	14	47	43	12	46	12	26	26	17	41	32	13	26	18	32	27	26	30	35	13	34	39	45	24	28	29	35	46	41	24	25	42	28	44	31	23	22	28	13	33	45	22	50	42	23	12	40	13	27	24	23	46	36	13	29	39	21	44	12	33	16	49	19	41	23	50	22	15	17	48	21	49	12	50	24	22	41	49	48	43	24	38	19	48	33	45	16	49	36	33	42	15	18	30	20	21	14	44	44	20	47	38	41	15	16	41	24	40	43	46	13	41	49	35	30	25	21	32	22	46	28	13	41	13	12	14	18	13	39	50	46	19	10	27	28	35	29	40	41	46	11	30	14	36	25	14	35	48	32	29	27	42	11	21	30	10	19	30	44	30	46	24	18	25	35	31	46	41	23	45	31	19	31	18	33	11	39	30	25	15	30	35	20	18	40	13	48	27	36	11	44	12	41	45	47	28	46	45	50	30	46	13	32	24	37	46	35	18	22	29	47	23	20	14	31	46	47	36	11	45	13	27	49	31	39	37	24	19	23	35	31	16	28	39	17	40	42	40	41	17	40	19	31	20	25	12	26	24	46	46	22	45	28	11	25	27	43	39	36	41	14	39	26	22	26	30	41	49	50	36	39	19	47	45	25	36	50	19	17	49	42	16	39	17	14	10	35	13	27	14	23	44	31	13	26	27	12	43	36	42	45	42	38	16	25	24	18	36	27	49	11	28	49	18	49	15	33	44	34	20	15	10	25	41	17	14	18	13	40	32	49	30	31	21	17	10	29	43	40	50	11	17	38	24	40	16	42	20	50	14	12	29	10	24	29	31	48	28	34	43	35	36	18	37	12	45	47	43	22	16	48	17	16	42	14	49	29	16	16	13	29	40	40	12	18	12	34	27	17	30	38	26	50	12	25	42	22	45	43	44	29	33	22	43	47	50	33	13	30	15	42	16	43	28	26	41	22	21	30	20	27	49	44	14	19	23	17	37	15	11	37	37	45	48	41	35	36	14	20	19	48	19	36	19	39	43	48	15	34	16	45	12	43	19	48	30	36	50	32	33	46	38	26	43	11	37	23	46	47	36	14	48	16	25	19	44	47	32	14	38	10	35	38	44	39	17	18	24	35	24	11	21	14	11	40	10	23	19	20	18	35	48	27	40	37	38	31	21	32	42	45	50	24	43	28	38	27	50	46	48	20	25	41	15	40	39	17	44	45	17	48	13	22	49	34	48	26	25	18	15	49	29	40	32	29	37	14	34	23	24	50	43	45	19	22	44	23	47	48	33	49	21	46	11	15	44	47	32	38	14	11	24	30	40	36	47	40	24	27	13	21	36	26	49	12	42	24	50	17	42	30	42	10	44	12	45	27	29	23	45	14	20	17	43	13	31	32	35	48	49	22	30	14	43	47	21	38	19	44	44	29	19	11	27	23	35	49	13	40	21	43	27	50	40	48	39	37	17	49	18	41	19	31	23	46	49	18	47	16	30	41	17	31	27	43	26	11	40	32	41	50	48	44	41	19	30	29	16	49	27	45	18	40	31	50	24	42	11	21	50	49	38	35	24	36	20	12	45	38	23	40	16	39	25	34	35	26	46	31	46	22	35	48	25	19	41	10	46	23	17	34	21	21	50	23	21	19	15	29	49	17	24	14	23	12	16	34	15	35	34	34	28	29	29	48	44	25	46	10	38	37	24	16	12	27	14	37	14	25	30	42	26	23	47	42	42	33	43	42	20	28	11	46	25	26	15	43	40	38	20	19	22	14	36	45	23	39	25	33	32	26	50	39	41	10	18	13	24	16	38	38	31	10	46	45	50	25	40	32	50	14	33	13	12	10	19	21	18	32	40	31	16	47	20	20	32	42	15	16	31	34	48	29	11	36	31	39	20	41	19	25	32	27	50	37	37	40	11	22	35	41	25	40	30	10	39	23	23	10	25	40	43	42	19	45	40	38	36	40	20	47	49	39	40	39	36	23	38	34	10	39	38	18	48	29	12	43	11	19	35	33	33	33	34	13	41	25	19	21	35	14	10	16	27	45	23	47	39	35	37	31	20	27	17	48	12	48	36	45	26	15	39	10	34	34	43	43	37	17	42	50	25	32	43	26	18	42	44	11	45	28	47	20	39	18	45	24	17	12	22	23	47	40	36	39	27	23	32	32	12	42	17	46	11	33	18	28	10	26	34	39	29	24	26	49	41	31	42	32	47	14	44	31	32	44	37	42	49	38	34	17	38	48	38	24	24	25	39	34	18	28	15	32	29	31	20	39	23	34	49	12	41	22	49	41	35	15	25	42	32	38	29	21	47	42	15	30	37	36	46	32	30	38	27	46	
10
60
