3960
100
0	0	0	0	0	0	0	0	0	0	0	0	192	0	0	0	0	0	0	0	0	0	0	0	0	0	0	0	0	0	0	0	0	0	0	0	0	0	0	0	0	0	0	0	0	0	0	0	0	0	0	0	0	0	0	0	0	0	0	0	0	0	0	0	0	0	0	0	0	0	0	0	0	0	0	500	0	0	0	0	0	96	0	0	0	0	0	0	0	0	0	0	0	0	0	0	0	0	0	0	
0	0	0	0	0	0	0	0	0	0	0	96	0	0	0	0	0	0	0	0	0	0	0	0	0	0	0	0	0	0	0	0	0	0	0	0	0	0	0	0	0	0	0	0	0	0	0	0	0	0	0	0	0	0	0	0	0	0	0	0	0	0	0	0	0	0	0	0	0	0	0	0	0	0	500	48	0	0	0	0	0	0	0	0	0	0	0	0	0	0	0	0	0	0	0	0	0	0	0	0	
0	0	0	0	0	0	0	0	0	0	0	0	0	0	0	0	0	0	0	0	0	0	0	0	0	0	0	0	0	500	0	0	0	0	0	0	0	0	0	0	0	0	0	0	0	0	0	0	0	0	0	0	0	0	0	0	0	0	0	0	0	0	0	0	0	0	0	0	192	0	0	0	0	0	0	0	0	0	0	0	0	0	0	0	0	0	0	0	0	0	0	0	0	0	0	0	0	0	0	0	
0	0	0	0	0	0	0	0	0	0	0	0	0	0	0	0	0	0	0	0	0	0	0	0	0	0	0	0	0	0	0	0	0	0	0	0	0	0	0	0	0	0	0	0	0	0	0	96	0	0	0	0	0	0	0	0	0	0	0	0	0	0	0	0	0	0	0	0	0	0	0	500	0	0	0	0	0	0	0	0	0	0	0	0	0	0	0	0	0	0	0	0	0	0	0	0	0	0	0	0	
0	0	0	0	0	0	0	0	0	0	0	0	0	0	0	96	0	0	0	0	0	0	0	0	0	0	0	0	500	0	0	0	0	0	500	0	0	0	0	0	0	0	0	0	0	0	0	0	0	0	0	0	0	0	0	0	0	0	0	0	0	0	0	0	0	0	0	0	0	0	0	0	0	0	0	0	0	0	0	0	0	0	0	0	0	0	0	0	0	0	0	0	0	0	0	0	0	0	0	0	
0	0	0	0	0	0	0	0	0	0	0	0	0	0	0	0	0	0	0	0	0	0	0	0	0	0	0	0	192	0	0	0	0	0	0	0	192	0	0	0	0	0	0	0	0	0	0	0	0	0	0	0	0	0	0	0	0	0	0	0	0	0	0	0	0	192	0	0	0	0	0	0	0	0	0	0	0	0	0	0	0	0	0	0	0	0	0	0	0	0	500	0	192	0	0	0	0	0	0	0	
0	0	0	0	0	0	0	0	0	0	0	0	0	0	0	0	0	96	0	192	0	0	0	0	0	0	0	0	0	0	0	0	0	0	0	0	0	0	0	0	0	0	0	0	0	0	0	0	0	0	0	0	0	0	0	0	0	0	0	0	0	0	0	0	0	0	0	0	0	0	0	0	0	0	0	0	0	0	0	0	0	0	0	0	0	0	0	0	0	0	0	0	0	0	0	0	0	0	0	0	
0	0	0	0	0	0	0	0	0	0	0	0	0	0	0	0	0	0	0	0	0	0	0	0	0	0	0	0	0	0	0	0	0	0	0	0	0	0	0	0	0	0	0	0	0	0	0	0	48	0	0	0	0	0	0	500	0	0	0	0	0	0	0	0	0	0	0	0	0	0	0	0	0	0	0	0	0	0	0	0	0	0	0	0	0	0	0	0	0	0	0	0	0	0	0	0	0	0	0	0	
0	0	0	0	0	0	0	0	0	96	0	0	0	0	0	0	0	0	0	0	0	0	0	0	0	0	0	0	0	96	0	0	0	0	0	0	0	0	500	0	0	0	0	0	0	0	0	0	0	0	0	0	0	0	0	0	0	0	0	0	0	0	0	0	0	0	0	0	0	0	0	0	0	0	0	0	0	0	0	0	0	0	0	0	192	0	0	0	0	0	0	0	0	0	0	0	0	0	0	0	
0	0	0	0	0	0	0	0	96	0	0	0	0	0	0	0	0	0	0	0	0	0	0	0	0	0	0	0	0	0	0	0	0	0	0	0	0	0	0	0	0	0	0	0	0	0	0	0	0	0	0	0	0	0	0	0	0	0	0	0	0	0	0	0	0	0	0	0	0	0	0	0	0	0	0	0	0	0	0	0	0	0	0	0	48	0	0	0	0	0	0	0	0	0	0	0	0	0	0	0	
0	0	0	0	0	0	0	0	0	0	0	0	0	0	0	0	0	0	48	0	0	0	0	0	0	0	0	0	0	0	0	0	0	0	0	0	0	0	0	0	0	0	0	0	0	0	0	0	0	0	0	0	0	0	0	0	0	0	0	0	0	0	0	0	0	0	0	0	0	0	0	0	0	0	0	0	0	0	0	500	0	192	0	0	0	0	0	0	0	0	0	96	0	0	0	0	0	0	0	0	
0	96	0	0	0	0	0	0	0	0	0	0	0	0	0	0	0	0	0	0	0	0	0	0	0	0	0	0	0	0	0	0	0	0	0	0	0	0	0	0	0	0	0	0	0	0	0	0	0	0	0	0	0	0	0	0	0	0	0	0	0	0	0	0	0	0	0	0	0	0	0	0	0	0	0	192	0	0	0	0	0	0	0	0	0	0	0	0	0	0	0	0	0	0	0	0	0	0	0	0	
192	0	0	0	0	0	0	0	0	0	0	0	0	0	0	0	0	0	0	0	0	0	0	0	0	0	96	0	0	0	0	500	0	0	0	0	0	0	0	0	0	0	0	0	0	0	0	0	0	0	0	0	0	0	0	0	0	0	0	0	0	0	0	0	0	0	0	0	0	0	0	0	0	0	0	0	0	0	0	0	0	0	0	0	0	0	0	0	0	0	0	0	0	0	0	0	0	0	0	0	
0	0	0	0	0	0	0	0	0	0	0	0	0	0	0	0	0	0	0	0	0	0	0	0	0	500	0	0	0	0	0	0	0	0	0	0	0	0	0	96	0	0	0	0	0	0	0	0	0	0	0	0	0	0	0	0	0	0	0	0	0	0	0	0	0	0	0	0	0	0	0	0	0	0	0	0	0	0	0	0	0	0	0	0	0	0	0	0	0	0	0	0	0	0	0	0	0	0	96	0	
0	0	0	0	0	0	0	0	0	0	0	0	0	0	0	0	0	0	0	0	0	0	0	0	0	0	0	48	0	0	0	0	0	0	0	0	0	0	0	0	0	0	0	0	0	0	0	0	0	0	0	0	0	0	0	0	0	0	0	0	0	0	0	96	0	0	0	0	0	0	0	0	0	0	0	0	0	0	0	0	0	0	0	0	0	0	0	0	0	0	0	0	0	0	0	0	0	0	0	0	
0	0	0	0	96	0	0	0	0	0	0	0	0	0	0	0	0	0	0	0	0	0	0	0	0	0	0	0	0	0	0	0	0	0	192	0	0	0	0	0	0	0	0	0	0	0	0	0	0	0	0	0	0	0	0	0	0	0	0	0	0	0	0	0	0	0	0	0	0	0	0	0	0	0	0	0	0	0	0	0	0	0	0	0	0	0	0	0	0	0	0	0	0	0	0	0	0	0	0	0	
0	0	0	0	0	0	0	0	0	0	0	0	0	0	0	0	0	0	0	0	0	0	0	0	0	0	0	0	0	0	0	0	0	0	0	0	0	0	0	0	0	0	0	0	48	0	0	0	48	0	0	0	0	0	0	192	500	0	0	0	0	0	0	0	0	0	0	0	0	0	0	0	0	0	0	0	0	0	0	0	0	0	0	0	0	0	0	0	0	0	0	0	0	0	0	0	0	0	0	0	
0	0	0	0	0	0	96	0	0	0	0	0	0	0	0	0	0	0	0	0	0	0	0	0	0	0	0	0	0	0	0	0	0	0	0	0	0	0	0	0	0	0	0	0	0	0	0	0	0	0	0	0	0	0	0	0	0	0	0	0	0	48	0	0	0	0	0	0	0	0	0	0	0	0	0	0	0	0	0	0	0	0	0	0	0	0	0	0	0	0	0	0	0	0	0	0	0	0	0	0	
0	0	0	0	0	0	0	0	0	0	48	0	0	0	0	0	0	0	0	0	0	0	0	0	0	0	0	0	0	0	0	0	0	0	0	0	0	0	0	0	0	0	0	0	0	0	0	0	0	0	0	0	0	0	0	0	0	0	0	0	0	0	0	0	0	0	0	0	0	0	0	0	0	0	0	0	0	0	0	500	0	96	0	0	0	0	0	0	0	0	0	0	0	0	0	0	0	0	0	0	
0	0	0	0	0	0	192	0	0	0	0	0	0	0	0	0	0	0	0	0	0	0	0	0	0	0	0	0	0	0	0	0	0	0	0	0	0	96	0	0	0	0	0	0	0	0	0	0	0	0	0	0	0	0	0	0	0	0	0	0	0	0	0	0	0	0	0	0	0	0	0	0	0	0	0	0	0	0	0	0	0	0	0	0	0	0	0	0	0	0	0	0	0	0	0	0	0	0	0	0	
0	0	0	0	0	0	0	0	0	0	0	0	0	0	0	0	0	0	0	0	0	0	0	0	0	0	0	0	0	0	0	0	0	0	0	0	0	0	0	0	0	0	0	0	0	0	0	0	0	0	0	0	0	0	0	0	48	0	0	0	0	0	0	0	0	0	0	0	0	0	0	0	192	48	0	0	0	0	0	0	0	0	0	0	0	0	0	0	0	0	0	0	0	0	0	0	0	0	0	0	
0	0	0	0	0	0	0	0	0	0	0	0	0	0	0	0	0	0	0	0	0	0	0	0	0	0	0	0	0	0	0	0	0	0	0	0	0	0	0	0	0	0	0	0	0	0	48	0	0	0	0	0	0	0	0	0	0	0	0	0	0	0	0	0	0	0	0	0	0	0	0	0	0	0	0	0	0	0	0	0	0	0	0	0	0	0	0	0	0	0	0	0	0	0	0	500	0	0	0	0	
0	0	0	0	0	0	0	0	0	0	0	0	0	0	0	0	0	0	0	0	0	0	0	0	0	0	0	0	0	0	96	0	0	0	0	500	0	0	0	0	0	0	0	0	0	0	0	0	0	0	0	0	0	0	0	0	0	0	0	0	0	0	0	0	0	0	0	0	0	0	0	0	0	0	0	0	48	0	0	0	0	0	0	0	0	0	0	0	0	0	0	0	0	0	0	0	0	0	0	0	
0	0	0	0	0	0	0	0	0	0	0	0	0	0	0	0	0	0	0	0	0	0	0	0	0	0	0	0	0	0	0	0	0	0	0	0	0	0	0	0	0	0	0	0	0	96	0	0	0	0	0	0	0	0	0	0	0	0	0	0	0	0	0	0	0	0	0	0	0	0	0	0	0	0	0	0	0	0	0	0	0	0	0	96	0	0	0	0	0	0	0	0	0	0	0	0	0	0	0	0	
0	0	0	0	0	0	0	0	0	0	0	0	0	0	0	0	0	0	0	0	0	0	0	0	0	0	0	0	0	0	0	0	0	0	0	0	0	0	0	0	0	0	0	0	0	0	0	0	0	0	0	0	0	0	0	0	0	0	48	0	0	0	0	0	0	0	0	0	0	0	0	0	0	0	0	0	0	0	0	0	0	0	0	0	0	0	0	0	0	48	0	0	0	0	0	0	0	0	0	0	
0	0	0	0	0	0	0	0	0	0	0	0	0	500	0	0	0	0	0	0	0	0	0	0	0	0	0	0	0	0	0	0	0	0	0	0	0	0	0	500	0	0	0	0	0	0	0	0	0	0	0	0	0	0	0	0	0	0	0	0	0	0	0	0	0	0	0	0	0	0	0	0	0	0	0	0	0	0	0	0	0	0	0	0	0	0	0	0	0	0	0	0	0	0	0	0	0	0	0	0	
0	0	0	0	0	0	0	0	0	0	0	0	96	0	0	0	0	0	0	0	0	0	0	0	0	0	0	0	0	0	0	500	0	0	0	0	0	0	0	0	0	0	0	0	0	0	0	0	0	0	0	0	0	0	0	0	0	0	0	0	0	0	0	0	0	0	0	0	0	0	0	0	0	0	0	0	0	0	0	0	0	0	0	0	0	0	0	0	500	0	0	0	0	0	0	0	0	0	0	0	
0	0	0	0	0	0	0	0	0	0	0	0	0	0	48	0	0	0	0	0	0	0	0	0	0	0	0	0	0	0	0	0	0	0	0	0	0	0	0	0	0	0	0	0	0	0	0	0	0	0	0	0	0	0	0	0	0	0	0	0	0	0	0	96	0	0	0	0	0	0	0	0	0	0	0	0	0	0	0	0	0	0	0	0	0	0	0	0	0	0	0	0	0	0	0	0	192	0	0	0	
0	0	0	0	500	192	0	0	0	0	0	0	0	0	0	0	0	0	0	0	0	0	0	0	0	0	0	0	0	0	0	0	0	0	0	0	0	0	0	0	0	0	0	0	0	0	0	0	0	0	0	0	0	0	0	0	0	0	0	0	0	0	0	0	0	0	0	0	0	0	0	0	0	0	0	0	0	0	0	0	0	0	0	0	0	0	0	0	0	0	0	0	0	0	0	0	0	0	0	0	
0	0	500	0	0	0	0	0	96	0	0	0	0	0	0	0	0	0	0	0	0	0	0	0	0	0	0	0	0	0	0	0	0	0	0	0	0	0	0	0	0	0	0	0	0	0	0	0	0	0	0	0	0	0	0	0	0	0	0	0	0	0	0	0	0	0	0	0	0	0	0	0	0	0	0	0	0	0	0	0	0	0	0	0	0	0	0	0	0	0	0	0	0	0	0	0	0	0	0	0	
0	0	0	0	0	0	0	0	0	0	0	0	0	0	0	0	0	0	0	0	0	0	96	0	0	0	0	0	0	0	0	0	0	0	0	0	0	0	0	0	0	0	0	0	0	0	0	0	0	0	0	0	0	0	192	0	0	0	0	0	0	0	0	0	0	0	0	0	0	0	0	0	0	0	0	0	0	0	0	0	0	0	0	0	0	0	0	0	0	0	0	0	0	0	0	0	0	0	0	0	
0	0	0	0	0	0	0	0	0	0	0	0	500	0	0	0	0	0	0	0	0	0	0	0	0	0	500	0	0	0	0	0	0	0	0	0	0	0	0	0	0	0	0	0	0	0	0	0	0	0	0	0	0	0	0	0	0	0	0	0	0	0	0	0	0	0	0	0	0	0	0	0	0	0	0	0	0	0	0	0	0	0	0	0	0	0	0	0	96	0	0	0	0	0	0	0	0	0	0	0	
0	0	0	0	0	0	0	0	0	0	0	0	0	0	0	0	0	0	0	0	0	0	0	0	0	0	0	0	0	0	0	0	0	0	0	0	0	0	0	0	0	0	0	0	0	0	0	0	0	0	0	0	0	0	0	0	0	0	48	0	0	0	0	0	0	0	0	0	0	0	0	0	0	0	0	0	0	48	0	0	0	0	0	0	0	0	0	0	0	0	0	0	0	0	0	0	0	0	0	0	
0	0	0	0	0	0	0	0	0	0	0	0	0	0	0	0	0	0	0	0	0	0	0	0	0	0	0	0	0	0	0	0	0	0	0	0	0	0	0	0	0	48	0	0	0	0	0	0	0	0	0	0	0	0	0	0	0	0	0	0	0	0	0	0	0	0	0	0	0	0	0	0	0	0	0	0	192	0	0	0	0	0	0	0	0	0	0	0	0	0	0	0	0	0	0	0	0	0	0	0	
0	0	0	0	500	0	0	0	0	0	0	0	0	0	0	192	0	0	0	0	0	0	0	0	0	0	0	0	0	0	0	0	0	0	0	0	0	0	0	0	0	0	0	0	0	0	0	0	0	0	96	0	0	0	0	0	0	0	0	0	0	0	0	0	0	96	0	0	0	0	0	0	0	0	0	0	0	0	0	0	0	0	192	0	0	0	0	0	0	0	0	0	0	0	0	0	0	0	0	0	
0	0	0	0	0	0	0	0	0	0	0	0	0	0	0	0	0	0	0	0	0	0	500	0	0	0	0	0	0	0	0	0	0	0	0	0	0	0	0	0	0	0	0	0	0	0	0	0	0	0	0	0	0	0	0	0	0	0	0	0	0	0	96	0	0	0	0	0	0	0	0	0	0	0	0	0	0	0	0	0	0	0	0	0	0	0	0	0	0	0	0	0	0	0	0	0	0	0	0	0	
0	0	0	0	0	192	0	0	0	0	0	0	0	0	0	0	0	0	0	0	0	0	0	0	0	0	0	0	0	0	0	0	0	0	0	0	0	0	0	0	0	0	0	0	0	0	0	0	0	0	0	0	0	0	0	0	0	0	0	0	0	0	0	0	0	192	0	0	0	0	0	0	0	0	0	0	0	0	0	0	0	0	0	0	0	0	0	0	0	0	0	0	0	0	0	0	0	0	0	0	
0	0	0	0	0	0	0	0	0	0	0	0	0	0	0	0	0	0	0	96	0	0	0	0	0	0	0	0	0	0	0	0	0	0	0	0	0	0	0	0	0	0	0	0	0	0	0	0	0	0	0	0	0	0	0	0	0	0	0	0	0	0	0	0	0	0	0	0	0	0	0	0	0	0	500	0	0	0	0	0	0	0	0	0	0	0	0	0	0	0	0	0	0	0	0	0	0	0	0	0	
0	0	0	0	0	0	0	0	500	0	0	0	0	0	0	0	0	0	0	0	0	0	0	0	0	0	0	0	0	0	0	0	0	0	0	0	0	0	0	0	0	0	0	0	0	0	0	0	0	0	0	0	0	0	0	0	0	0	0	0	0	0	0	0	0	0	0	0	0	0	0	192	0	0	0	0	0	0	0	0	0	0	0	0	0	0	0	0	0	0	0	0	0	0	0	0	0	0	0	0	
0	0	0	0	0	0	0	0	0	0	0	0	0	96	0	0	0	0	0	0	0	0	0	0	0	500	0	0	0	0	0	0	0	0	0	0	0	0	0	0	0	0	0	0	0	0	0	0	0	0	0	0	0	0	0	0	0	0	0	0	0	0	0	0	0	0	0	48	0	0	0	0	0	0	0	0	0	0	0	0	0	0	0	0	0	0	0	0	0	0	0	0	0	0	48	0	0	0	0	0	
0	0	0	0	0	0	0	0	0	0	0	0	0	0	0	0	0	0	0	0	0	0	0	0	0	0	0	0	0	0	0	0	0	0	0	0	0	0	0	0	0	0	0	500	0	0	0	48	0	0	0	48	0	0	0	0	0	0	0	0	0	0	0	0	0	0	0	0	0	0	0	0	0	0	0	0	0	0	0	0	0	0	0	0	0	0	0	0	0	0	0	0	0	0	0	0	0	0	0	0	
0	0	0	0	0	0	0	0	0	0	0	0	0	0	0	0	0	0	0	0	0	0	0	0	0	0	0	0	0	0	0	0	0	48	0	0	0	0	0	0	0	0	0	0	0	0	0	0	0	0	0	0	0	0	0	0	0	0	0	0	0	0	0	0	0	0	0	0	0	0	0	0	0	0	0	0	0	0	0	0	500	0	0	0	0	96	0	0	0	0	0	0	0	0	0	0	0	0	0	0	
0	0	0	0	0	0	0	0	0	0	0	0	0	0	0	0	0	0	0	0	0	0	0	0	0	0	0	0	0	0	0	0	0	0	0	0	0	0	0	0	0	0	0	0	0	0	0	0	0	0	500	0	0	0	0	0	0	0	0	0	0	0	0	0	48	48	0	0	0	0	0	0	0	0	0	0	0	0	0	0	0	0	192	0	0	0	0	500	0	0	0	0	0	0	0	0	0	0	0	0	
0	0	0	0	0	0	0	0	0	0	0	0	0	0	0	0	0	0	0	0	0	0	0	0	0	0	0	0	0	0	0	0	0	0	0	0	0	0	0	0	500	0	0	0	0	0	0	0	0	0	0	500	0	0	0	0	0	0	0	0	0	0	0	0	0	0	500	0	0	0	0	0	0	0	0	0	0	0	0	0	0	0	0	0	0	0	96	0	0	0	0	0	0	500	0	0	0	0	0	0	
0	0	0	0	0	0	0	0	0	0	0	0	0	0	0	0	48	0	0	0	0	0	0	0	0	0	0	0	0	0	0	0	0	0	0	0	0	0	0	0	0	0	0	0	0	0	0	0	0	0	0	0	0	0	0	0	48	0	0	0	0	0	0	0	0	0	0	0	0	0	0	0	0	0	0	0	0	0	0	0	0	0	0	0	0	0	0	0	0	0	0	0	0	0	0	0	96	0	0	0	
0	0	0	0	0	0	0	0	0	0	0	0	0	0	0	0	0	0	0	0	0	0	0	96	0	0	0	0	0	0	0	0	0	0	0	0	0	0	0	0	0	0	0	0	0	0	0	0	0	0	0	0	0	0	0	0	0	0	0	0	0	0	0	0	0	0	0	0	0	0	0	0	0	0	0	0	0	0	192	0	0	0	0	0	0	0	0	0	0	0	0	0	0	0	0	0	0	0	0	0	
0	0	0	0	0	0	0	0	0	0	0	0	0	0	0	0	0	0	0	0	0	48	0	0	0	0	0	0	0	0	0	0	0	0	0	0	0	0	0	0	0	0	0	0	0	0	0	0	0	0	0	0	192	0	0	0	0	0	0	0	0	0	0	0	0	0	0	0	0	0	0	0	0	0	0	0	0	0	0	0	0	0	0	0	0	0	0	0	0	0	0	0	0	0	0	192	0	96	0	0	
0	0	0	96	0	0	0	0	0	0	0	0	0	0	0	0	0	0	0	0	0	0	0	0	0	0	0	0	0	0	0	0	0	0	0	0	0	0	0	0	48	0	0	0	0	0	0	0	0	0	0	0	0	0	0	0	0	0	0	0	0	0	0	0	0	0	0	0	0	0	0	0	0	0	0	0	0	0	0	0	0	0	0	0	0	0	0	0	0	0	0	0	0	0	0	0	0	0	0	0	
0	0	0	0	0	0	0	48	0	0	0	0	0	0	0	0	48	0	0	0	0	0	0	0	0	0	0	0	0	0	0	0	0	0	0	0	0	0	0	0	0	0	0	0	0	0	0	0	0	0	0	0	0	0	0	0	0	0	0	0	0	0	0	0	0	0	0	0	0	0	0	0	0	0	0	0	0	0	0	0	0	0	0	0	0	0	0	0	0	0	0	0	0	0	0	0	0	0	0	0	
0	0	0	0	0	0	0	0	0	0	0	0	0	0	0	0	0	0	0	0	0	0	0	0	0	0	0	0	0	0	0	0	0	0	0	0	0	0	0	0	0	0	0	0	0	0	0	0	0	0	0	0	0	0	0	0	0	0	0	0	0	0	0	0	0	0	0	0	0	0	0	0	0	0	0	0	0	0	192	0	0	0	0	0	0	0	0	0	0	0	0	0	0	0	0	0	500	0	0	0	
0	0	0	0	0	0	0	0	0	0	0	0	0	0	0	0	0	0	0	0	0	0	0	0	0	0	0	0	0	0	0	0	0	0	96	0	0	0	0	0	0	0	500	0	0	0	0	0	0	0	0	0	0	0	0	0	0	0	0	0	0	0	0	0	0	0	0	0	0	0	0	0	0	0	0	0	0	0	0	0	0	0	0	0	0	0	0	96	0	0	0	192	0	0	0	0	0	0	0	0	
0	0	0	0	0	0	0	0	0	0	0	0	0	0	0	0	0	0	0	0	0	0	0	0	0	0	0	0	0	0	0	0	0	0	0	0	0	0	0	0	48	0	0	500	0	0	0	0	0	0	0	0	0	0	0	0	0	0	0	0	0	0	0	0	0	0	500	0	0	0	0	0	0	0	0	0	0	0	0	0	0	0	0	0	0	0	0	0	0	0	0	0	0	0	0	0	0	0	0	0	
0	0	0	0	0	0	0	0	0	0	0	0	0	0	0	0	0	0	0	0	0	0	0	0	0	0	0	0	0	0	0	0	0	0	0	0	0	0	0	0	0	0	0	0	0	0	192	0	0	0	0	0	0	0	0	0	0	0	0	0	0	0	0	0	0	0	0	0	0	0	0	0	0	0	0	0	0	0	0	0	0	0	0	0	0	0	0	0	0	500	0	0	0	0	0	192	0	500	0	0	
0	0	0	0	0	0	0	0	0	0	0	0	0	0	0	0	0	0	0	0	0	0	0	0	0	0	0	0	0	0	0	0	0	0	0	0	0	0	0	0	0	0	0	0	0	0	0	0	0	0	0	0	0	0	0	0	0	0	0	0	0	0	0	0	0	0	0	0	0	0	0	0	0	0	0	0	0	0	0	0	0	0	0	0	500	0	0	0	0	0	0	0	0	0	0	0	0	0	0	500	
0	0	0	0	0	0	0	0	0	0	0	0	0	0	0	0	0	0	0	0	0	0	0	0	0	0	0	0	0	0	192	0	0	0	0	0	0	0	0	0	0	0	0	0	0	0	0	0	0	0	0	0	0	0	0	0	0	0	0	0	0	0	500	0	0	0	0	0	0	0	0	0	0	0	0	0	0	0	0	0	0	0	0	0	0	0	0	0	0	0	500	0	0	0	0	0	0	0	0	0	
0	0	0	0	0	0	0	500	0	0	0	0	0	0	0	0	192	0	0	0	0	0	0	0	0	0	0	0	0	0	0	0	0	0	0	0	0	0	0	0	0	0	0	0	0	0	0	0	0	0	0	0	0	0	0	0	0	0	0	0	0	0	0	0	0	0	0	0	0	0	0	0	0	0	0	0	0	0	0	0	0	0	0	0	0	0	0	0	0	0	0	0	0	0	0	0	0	0	0	0	
0	0	0	0	0	0	0	0	0	0	0	0	0	0	0	0	500	0	0	0	48	0	0	0	0	0	0	0	0	0	0	0	0	0	0	0	0	0	0	0	0	0	0	0	48	0	0	0	0	0	0	0	0	0	0	0	0	0	0	0	0	0	0	0	0	0	0	0	0	0	0	0	0	500	0	0	0	0	0	0	0	0	0	0	0	0	0	0	0	0	0	0	0	0	0	0	0	0	0	0	
0	0	0	0	0	0	0	0	0	0	0	0	0	0	0	0	0	0	0	0	0	0	0	0	0	0	0	0	0	0	0	0	0	0	0	0	0	0	0	0	0	0	0	0	0	0	0	0	0	0	0	0	0	0	0	0	0	0	192	0	0	0	0	0	0	0	0	0	0	0	0	0	0	0	0	0	0	0	0	0	0	0	0	0	0	0	0	0	0	192	0	0	0	96	0	0	0	0	0	0	
0	0	0	0	0	0	0	0	0	0	0	0	0	0	0	0	0	0	0	0	0	0	0	0	48	0	0	0	0	0	0	0	48	0	0	0	0	0	0	0	0	0	0	0	0	0	0	0	0	0	0	0	0	0	0	0	0	192	0	0	0	0	0	0	0	0	0	0	0	0	0	0	0	0	0	0	0	0	0	0	0	0	0	0	0	0	0	0	0	48	0	0	0	0	0	0	0	0	0	0	
0	0	0	0	0	0	0	0	0	0	0	0	0	0	0	0	0	0	0	0	0	0	0	0	0	0	0	0	0	0	0	0	0	0	0	0	0	0	0	0	0	0	0	0	0	0	0	0	0	0	0	0	0	0	0	0	0	0	0	0	0	0	0	0	0	0	0	500	0	0	0	0	0	0	0	0	0	0	0	0	0	0	0	0	0	0	0	0	0	0	0	0	0	0	192	0	96	0	0	0	
0	0	0	0	0	0	0	0	0	0	0	0	0	0	0	0	0	0	0	0	0	0	0	0	0	0	0	0	0	0	0	0	0	0	0	0	0	0	0	0	0	0	0	0	0	0	0	0	0	0	0	0	0	0	0	0	0	0	0	0	0	0	0	0	0	0	0	0	0	0	96	0	0	0	0	0	0	0	0	0	0	0	0	500	0	0	0	0	0	0	0	0	0	0	0	0	48	0	0	48	
0	0	0	0	0	0	0	0	0	0	0	0	0	0	0	0	0	48	0	0	0	0	0	0	0	0	0	0	0	0	0	0	0	0	0	0	0	0	0	0	0	0	0	0	0	0	0	0	0	0	0	0	0	0	0	0	0	0	0	0	0	0	0	0	0	0	0	0	0	0	0	0	0	0	0	0	0	500	0	0	0	0	0	0	0	0	0	0	0	0	0	0	0	0	0	0	0	0	0	0	
0	0	0	0	0	0	0	0	0	0	0	0	0	0	0	0	0	0	0	0	0	0	0	0	0	0	0	0	0	0	0	0	0	0	0	96	0	0	0	0	0	0	0	0	0	0	0	0	0	0	0	0	0	0	500	0	0	0	0	0	0	0	0	0	0	0	0	0	0	0	0	0	0	0	0	0	0	0	0	0	0	0	0	0	0	0	0	0	0	0	0	0	0	0	0	0	0	0	0	0	
0	0	0	0	0	0	0	0	0	0	0	0	0	0	96	0	0	0	0	0	0	0	0	0	0	0	0	96	0	0	0	0	0	0	0	0	0	0	0	0	0	0	0	0	0	0	0	0	0	0	0	0	0	0	0	0	0	0	0	0	0	0	0	0	0	0	0	0	0	0	0	0	0	0	0	0	0	0	0	0	0	0	0	0	0	0	0	0	0	0	0	0	0	0	0	0	0	0	0	0	
0	0	0	0	0	0	0	0	0	0	0	0	0	0	0	0	0	0	0	0	0	0	0	0	0	0	0	0	0	0	0	0	0	0	0	0	0	0	0	0	0	0	48	0	0	0	0	0	0	0	0	0	0	0	0	0	0	0	0	0	0	0	0	0	0	192	0	0	0	0	0	0	0	0	0	0	0	0	0	96	0	0	0	0	0	0	0	500	0	0	0	500	0	0	0	0	0	0	0	0	
0	0	0	0	0	192	0	0	0	0	0	0	0	0	0	0	0	0	0	0	0	0	0	0	0	0	0	0	0	0	0	0	0	0	96	0	192	0	0	0	0	0	48	0	0	0	0	0	0	0	0	0	0	0	0	0	0	0	0	0	0	0	0	0	192	0	0	0	0	0	0	0	0	0	0	0	0	0	0	0	0	0	0	0	0	0	0	0	0	0	0	0	0	0	0	0	0	0	0	0	
0	0	0	0	0	0	0	0	0	0	0	0	0	0	0	0	0	0	0	0	0	0	0	0	0	0	0	0	0	0	0	0	0	0	0	0	0	0	0	0	0	0	0	500	0	0	0	0	0	0	0	500	0	0	0	0	0	0	0	0	0	0	0	0	0	0	0	0	0	0	0	0	0	0	0	0	0	0	0	0	0	0	0	0	0	0	0	0	0	0	0	0	0	0	0	0	0	0	0	0	
0	0	0	0	0	0	0	0	0	0	0	0	0	0	0	0	0	0	0	0	0	0	0	0	0	0	0	0	0	0	0	0	0	0	0	0	0	0	0	48	0	0	0	0	0	0	0	0	0	0	0	0	0	0	0	0	0	0	0	500	0	0	0	0	0	0	0	0	0	0	0	0	0	0	0	0	0	0	0	0	0	0	0	0	0	0	0	0	0	0	0	0	0	0	0	0	0	0	0	0	
0	0	192	0	0	0	0	0	0	0	0	0	0	0	0	0	0	0	0	0	0	0	0	0	0	0	0	0	0	0	0	0	0	0	0	0	0	0	0	0	0	0	0	0	0	0	0	0	0	0	0	0	0	0	0	0	0	0	0	0	0	0	0	0	0	0	0	0	0	0	96	0	0	0	0	0	0	0	0	0	0	0	0	0	0	0	48	0	0	0	0	0	0	48	0	0	0	0	0	0	
0	0	0	0	0	0	0	0	0	0	0	0	0	0	0	0	0	0	0	0	0	0	0	0	0	0	0	0	0	0	0	0	0	0	0	0	0	0	0	0	0	0	0	0	0	0	0	0	0	0	0	0	0	0	0	0	0	0	0	0	0	0	0	0	0	0	0	0	0	0	0	0	0	0	0	0	0	0	0	0	0	0	0	96	0	0	0	0	0	0	0	0	0	0	0	0	0	0	0	96	
0	0	0	0	0	0	0	0	0	0	0	0	0	0	0	0	0	0	0	0	0	0	0	0	0	0	0	0	0	0	0	0	0	0	0	0	0	0	0	0	0	0	0	0	0	0	0	0	0	0	0	0	0	0	0	0	0	0	0	0	96	0	0	0	0	0	0	0	96	0	0	0	0	0	0	0	0	0	0	0	0	0	0	0	0	0	0	0	0	0	0	0	0	0	0	0	0	0	0	0	
0	0	0	500	0	0	0	0	0	0	0	0	0	0	0	0	0	0	0	0	0	0	0	0	0	0	0	0	0	0	0	0	0	0	0	0	0	0	192	0	0	0	0	0	0	0	0	0	0	0	0	0	0	0	0	0	0	0	0	0	0	0	0	0	0	0	0	0	0	0	0	0	0	0	0	0	0	0	0	0	0	0	0	0	0	0	0	0	0	0	0	0	0	0	0	0	0	0	0	0	
0	0	0	0	0	0	0	0	0	0	0	0	0	0	0	0	0	0	0	0	192	0	0	0	0	0	0	0	0	0	0	0	0	0	0	0	0	0	0	0	0	0	0	0	0	0	0	0	0	0	0	0	0	0	0	0	0	0	0	0	0	0	0	0	0	0	0	0	0	0	0	0	0	48	0	0	0	0	0	0	0	0	0	0	0	0	0	0	0	0	0	0	0	0	0	0	0	0	96	0	
0	0	0	0	0	0	0	0	0	0	0	0	0	0	0	0	0	0	0	0	48	0	0	0	0	0	0	0	0	0	0	0	0	0	0	0	0	0	0	0	0	0	0	0	0	0	0	0	0	0	0	0	0	0	0	0	500	0	0	0	0	0	0	0	0	0	0	0	0	0	0	0	48	0	192	0	0	0	0	0	0	0	0	0	0	0	0	0	0	0	0	0	0	0	0	0	0	0	0	0	
0	500	0	0	0	0	0	0	0	0	0	0	0	0	0	0	0	0	0	0	0	0	0	0	0	0	0	0	0	0	0	0	0	0	0	0	0	500	0	0	0	0	0	0	0	0	0	0	0	0	0	0	0	0	0	0	0	0	0	0	0	0	0	0	0	0	0	0	0	0	0	0	0	192	0	0	0	0	0	0	0	0	0	0	0	0	0	0	0	0	0	0	0	0	0	0	0	0	0	0	
500	48	0	0	0	0	0	0	0	0	0	192	0	0	0	0	0	0	0	0	0	0	0	0	0	0	0	0	0	0	0	0	0	0	0	0	0	0	0	0	0	0	0	0	0	0	0	0	0	0	0	0	0	0	0	0	0	0	0	0	0	0	0	0	0	0	0	0	0	0	0	0	0	0	0	0	0	0	0	0	0	0	0	0	0	0	0	0	0	0	0	0	0	0	0	0	0	0	0	0	
0	0	0	0	0	0	0	0	0	0	0	0	0	0	0	0	0	0	0	0	0	0	48	0	0	0	0	0	0	0	0	0	0	192	0	0	0	0	0	0	0	0	0	0	0	0	0	0	0	0	0	0	0	0	0	0	0	0	0	0	0	0	0	0	0	0	0	0	0	0	0	0	0	0	0	0	0	0	0	0	0	0	0	0	0	0	0	0	0	0	0	0	0	0	0	0	0	0	0	0	
0	0	0	0	0	0	0	0	0	0	0	0	0	0	0	0	0	0	0	0	0	0	0	0	0	0	0	0	0	0	0	0	48	0	0	0	0	0	0	0	0	0	0	0	0	0	0	0	0	0	0	0	0	0	0	0	0	0	0	0	0	500	0	0	0	0	0	0	0	0	0	0	0	0	0	0	0	0	0	0	0	0	0	0	0	0	0	0	0	0	0	0	0	0	0	0	0	0	0	0	
0	0	0	0	0	0	0	0	0	0	0	0	0	0	0	0	0	0	0	0	0	0	0	0	0	0	0	0	0	0	0	0	0	0	0	0	0	0	0	0	0	0	0	0	0	192	0	0	0	192	0	0	0	0	0	0	0	0	0	0	0	0	0	0	0	0	0	0	0	0	0	0	0	0	0	0	0	0	0	0	0	0	0	0	0	0	0	0	0	0	0	0	0	0	0	0	0	0	0	0	
0	0	0	0	0	0	0	0	0	0	500	0	0	0	0	0	0	0	500	0	0	0	0	0	0	0	0	0	0	0	0	0	0	0	0	0	0	0	0	0	0	0	0	0	0	0	0	0	0	0	0	0	0	0	0	0	0	0	0	0	0	0	0	0	96	0	0	0	0	0	0	0	0	0	0	0	0	0	0	0	0	0	0	0	0	0	0	48	0	0	0	0	500	0	0	0	0	0	0	0	
0	0	0	0	0	0	0	0	0	0	0	0	0	0	0	0	0	0	0	0	0	0	0	0	0	0	0	0	0	0	0	0	0	0	0	0	0	0	0	0	0	500	0	0	0	0	0	0	0	0	0	0	0	0	0	0	0	0	0	0	0	0	0	0	0	0	0	0	0	0	0	0	0	0	0	0	0	0	0	0	0	0	0	0	0	0	0	0	0	0	0	0	48	0	0	0	0	0	0	0	
96	0	0	0	0	0	0	0	0	0	192	0	0	0	0	0	0	0	96	0	0	0	0	0	0	0	0	0	0	0	0	0	0	0	0	0	0	0	0	0	0	0	0	0	0	0	0	0	0	0	0	0	0	0	0	0	0	0	0	0	0	0	0	0	0	0	0	0	0	0	0	0	0	0	0	0	0	0	0	0	0	0	0	0	0	0	0	0	0	0	0	0	0	0	0	0	0	0	0	0	
0	0	0	0	0	0	0	0	0	0	0	0	0	0	0	0	0	0	0	0	0	0	0	0	0	0	0	0	0	0	0	0	0	0	192	0	0	0	0	0	0	0	192	0	0	0	0	0	0	0	0	0	0	0	0	0	0	0	0	0	0	0	0	0	0	0	0	0	0	0	0	0	0	0	0	0	0	0	0	0	0	0	0	0	0	0	0	0	0	0	0	0	0	0	0	0	0	0	0	0	
0	0	0	0	0	0	0	0	0	0	0	0	0	0	0	0	0	0	0	0	0	0	0	96	0	0	0	0	0	0	0	0	0	0	0	0	0	0	0	0	0	0	0	0	0	0	0	0	0	0	0	0	0	0	0	0	0	0	0	0	500	0	0	0	0	0	0	0	0	96	0	0	0	0	0	0	0	0	0	0	0	0	0	0	0	0	0	48	0	0	0	0	0	0	0	0	0	0	0	500	
0	0	0	0	0	0	0	0	192	48	0	0	0	0	0	0	0	0	0	0	0	0	0	0	0	0	0	0	0	0	0	0	0	0	0	0	0	0	0	0	0	0	0	0	0	0	0	0	0	0	0	0	0	500	0	0	0	0	0	0	0	0	0	0	0	0	0	0	0	0	0	0	0	0	0	0	0	0	0	0	0	0	0	0	0	0	0	0	0	0	0	0	0	0	0	0	0	0	0	0	
0	0	0	0	0	0	0	0	0	0	0	0	0	0	0	0	0	0	0	0	0	0	0	0	0	0	0	0	0	0	0	0	0	0	0	0	0	0	0	0	0	96	0	0	0	0	0	0	0	0	0	0	0	0	0	0	0	0	0	0	0	0	0	0	0	0	0	0	0	0	0	0	0	0	0	0	0	0	0	0	0	0	0	0	0	0	0	0	0	0	0	0	0	0	0	192	0	0	0	0	
0	0	0	0	0	0	0	0	0	0	0	0	0	0	0	0	0	0	0	0	0	0	0	0	0	0	0	0	0	0	0	0	0	0	0	0	0	0	0	0	0	0	0	96	0	0	0	0	0	0	0	0	0	0	0	0	0	0	0	0	0	0	0	0	0	0	0	0	48	0	0	0	0	0	0	0	0	0	0	0	0	0	0	0	0	0	0	0	0	0	0	0	0	0	0	0	0	0	0	0	
0	0	0	0	0	0	0	0	0	0	0	0	0	0	0	0	0	0	0	0	0	0	0	0	0	0	0	0	0	0	0	0	0	0	0	0	0	0	0	0	0	0	500	0	0	0	0	0	0	0	96	0	0	0	0	0	0	0	0	0	0	0	0	0	500	0	0	0	0	0	0	0	0	0	0	0	0	0	0	48	0	0	0	48	0	0	0	0	0	0	0	0	0	0	0	0	0	0	0	0	
0	0	0	0	0	0	0	0	0	0	0	0	0	0	0	0	0	0	0	0	0	0	0	0	0	0	500	0	0	0	0	96	0	0	0	0	0	0	0	0	0	0	0	0	0	0	0	0	0	0	0	0	0	0	0	0	0	0	0	0	0	0	0	0	0	0	0	0	0	0	0	0	0	0	0	0	0	0	0	0	0	0	0	0	0	0	0	0	0	0	0	0	0	0	0	0	0	0	0	0	
0	0	0	0	0	0	0	0	0	0	0	0	0	0	0	0	0	0	0	0	0	0	0	0	48	0	0	0	0	0	0	0	0	0	0	0	0	0	0	0	0	0	0	0	0	0	0	0	0	0	0	0	500	0	0	0	0	192	48	0	0	0	0	0	0	0	0	0	0	0	0	0	0	0	0	0	0	0	0	0	0	0	0	0	0	0	0	0	0	0	0	0	0	0	0	0	0	0	0	0	
0	0	0	0	0	500	0	0	0	0	0	0	0	0	0	0	0	0	0	0	0	0	0	0	0	0	0	0	0	0	0	0	0	0	0	0	0	0	0	0	0	0	0	0	0	0	0	0	0	0	0	0	0	0	500	0	0	0	0	0	0	0	0	0	0	0	0	0	0	0	0	0	0	0	0	0	0	0	0	0	0	0	0	0	0	0	0	0	0	0	0	0	0	0	0	0	0	0	0	0	
0	0	0	0	0	0	0	0	0	0	96	0	0	0	0	0	0	0	0	0	0	0	0	0	0	0	0	0	0	0	0	0	0	0	0	0	0	0	0	0	0	0	0	0	0	0	0	0	0	0	192	0	0	0	0	0	0	0	0	0	0	0	0	0	500	0	0	0	0	0	0	0	0	0	0	0	0	0	0	0	0	0	0	0	0	0	0	0	0	0	0	0	0	0	0	0	0	0	0	0	
0	0	0	0	0	192	0	0	0	0	0	0	0	0	0	0	0	0	0	0	0	0	0	0	0	0	0	0	0	0	0	0	0	0	0	0	0	0	0	0	0	0	0	0	0	0	0	0	0	0	0	0	0	0	0	0	0	0	0	0	0	0	0	0	0	0	0	0	0	0	0	0	0	0	0	0	0	0	0	500	48	0	0	0	0	0	0	0	0	0	0	0	0	0	0	192	0	0	0	0	
0	0	0	0	0	0	0	0	0	0	0	0	0	0	0	0	0	0	0	0	0	0	0	0	0	0	0	0	0	0	0	0	0	0	0	0	0	0	0	0	0	0	0	500	0	0	0	0	0	0	0	0	0	0	0	0	0	96	0	0	0	0	0	0	0	0	0	0	48	0	0	0	0	0	0	0	0	0	0	0	0	0	0	0	0	0	0	0	0	0	0	0	0	0	0	0	0	0	0	0	
0	0	0	0	0	0	0	0	0	0	0	0	0	0	0	0	0	0	0	0	0	0	0	0	0	0	0	0	0	0	0	0	0	0	0	0	0	0	0	48	0	0	0	0	0	0	0	0	0	0	0	0	0	0	0	0	0	0	0	192	0	0	0	0	0	0	0	0	0	0	0	0	0	0	0	0	0	0	0	0	0	0	0	0	0	0	0	0	0	0	0	0	0	0	0	0	0	0	0	0	
0	0	0	0	0	0	0	0	0	0	0	0	0	0	0	0	0	0	0	0	0	500	0	0	0	0	0	0	0	0	0	0	0	0	0	0	0	0	0	0	0	0	0	0	0	0	192	0	0	0	0	0	192	0	0	0	0	0	0	0	0	0	0	0	0	0	0	0	0	0	0	0	0	0	0	0	0	0	0	0	0	0	0	0	0	192	0	0	0	0	0	0	192	0	0	0	0	0	0	0	
0	0	0	0	0	0	0	0	0	0	0	0	0	0	0	0	0	0	0	0	0	0	0	0	0	0	0	192	0	0	0	0	0	0	0	0	0	0	0	0	0	0	0	0	96	0	0	0	0	500	0	0	0	0	0	0	0	0	0	96	48	0	0	0	0	0	0	0	0	0	0	0	0	0	0	0	0	0	0	0	0	0	0	0	0	0	0	0	0	0	0	0	0	0	0	0	0	0	0	0	
0	0	0	0	0	0	0	0	0	0	0	0	0	0	0	0	0	0	0	0	0	0	0	0	0	0	0	0	0	0	0	0	0	0	0	0	0	0	0	0	0	0	0	0	0	0	96	0	0	0	0	0	500	0	0	0	0	0	0	0	0	0	0	0	0	0	0	0	0	0	0	0	0	0	0	0	0	0	0	0	0	0	0	0	0	0	0	0	0	0	0	0	0	0	0	0	0	0	0	0	
0	0	0	0	0	0	0	0	0	0	0	0	0	96	0	0	0	0	0	0	0	0	0	0	0	0	0	0	0	0	0	0	0	0	0	0	0	0	0	0	0	0	0	0	0	0	0	0	0	0	0	0	0	0	0	0	0	0	0	0	0	0	0	0	0	0	0	0	0	0	0	0	96	0	0	0	0	0	0	0	0	0	0	0	0	0	0	0	0	0	0	0	0	0	0	0	0	0	0	0	
0	0	0	0	0	0	0	0	0	0	0	0	0	0	0	0	0	0	0	0	0	0	0	0	0	0	0	0	0	0	0	0	0	0	0	0	0	0	0	0	0	0	0	0	0	0	0	0	0	0	0	0	0	500	0	0	0	0	0	0	48	0	0	0	0	0	0	0	0	96	0	0	0	0	0	0	0	0	0	0	0	0	0	500	0	0	0	0	0	0	0	0	0	0	0	0	0	0	0	0	
27	92	65	55	73	62	95	88	4	68	19	75	35	17	62	40	43	80	93	25	71	96	42	98	77	59	8	4	49	58	10	41	78	94	60	37	78	88	47	38	25	64	48	40	10	93	76	48	39	6	53	48	32	73	26	88	48	48	54	25	44	50	37	1	51	41	44	93	52	38	84	52	92	25	54	25	65	5	20	29	20	70	89	60	74	16	36	79	91	61	97	20	69	87	65	71	4	49	29	21	18	61	82	68	96	4	46	36	98	38	68	87	10	54	83	97	89	76	11	3	3	84	81	55	82	20	38	17	30	6	91	91	6	45	53	53	28	51	34	72	32	45	33	22	5	12	73	59	5	72	30	64	40	68	49	67	44	3	32	9	58	60	6	37	74	74	73	74	86	51	27	69	63	8	92	70	29	26	41	82	82	22	35	30	98	65	79	57	16	87	90	81	78	99	18	29	84	0	51	1	93	56	69	27	15	48	19	98	78	17	25	66	80	44	4	70	70	58	46	91	56	88	22	34	52	7	3	33	26	7	97	69	45	50	5	81	15	50	60	76	8	38	71	15	91	56	47	50	82	1	94	74	57	26	39	37	38	68	37	19	62	79	88	45	97	54	9	33	25	96	21	71	83	35	89	29	43	45	39	39	59	77	98	6	15	53	49	24	66	33	32	53	18	4	0	31	15	50	26	86	4	39	15	19	27	66	89	44	28	26	23	5	97	5	4	56	55	52	96	65	26	56	96	73	56	30	77	62	22	91	64	8	44	0	51	20	68	77	45	60	6	53	45	84	88	71	87	90	35	9	24	26	11	20	73	77	99	45	95	73	77	61	68	98	73	93	39	10	98	90	3	13	37	76	12	44	24	26	23	45	84	43	9	44	18	77	7	71	42	65	30	66	10	13	80	26	82	71	56	89	45	55	5	71	49	81	35	54	34	53	55	89	95	38	26	20	69	79	6	85	79	11	94	7	12	97	77	95	1	55	11	61	0	58	29	2	34	87	24	12	76	6	61	23	94	46	53	20	94	78	14	25	68	97	27	34	10	98	3	37	53	91	14	26	57	81	49	42	52	9	89	91	11	36	84	49	74	19	1	50	51	90	75	89	71	44	10	14	30	68	67	55	34	36	43	52	79	46	11	91	95	69	40	55	99	27	0	68	96	72	46	40	34	3	65	15	46	36	49	14	67	59	79	83	36	39	72	75	22	35	57	17	59	49	20	8	32	30	52	49	18	27	64	95	1	33	60	2	55	93	21	4	44	56	16	92	18	18	46	94	14	2	29	24	69	3	4	18	71	99	18	26	1	35	31	16	50	32	4	53	88	31	38	51	59	9	54	14	42	58	10	15	15	29	5	44	51	13	38	53	42	17	73	68	6	80	91	69	35	52	73	2	75	2	8	90	35	71	69	85	67	12	2	69	17	37	63	13	98	33	97	82	70	35	60	43	91	14	88	92	53	77	11	51	7	58	75	91	99	26	74	72	53	30	3	60	16	43	9	67	38	14	24	71	19	75	57	20	49	21	29	51	97	59	94	2	11	51	15	53	45	94	75	45	92	97	90	88	36	65	57	74	31	7	97	57	45	84	39	65	8	21	60	15	25	18	66	89	49	33	72	79	0	92	49	39	11	66	69	89	5	89	13	34	69	98	58	40	76	82	18	15	29	29	24	53	99	2	3	14	11	20	23	71	23	70	8	54	72	87	85	31	15	65	23	83	12	37	17	56	41	88	69	70	70	67	97	31	77	99	81	11	59	33	10	96	8	49	29	25	66	45	83	14	26	79	29	21	20	10	85	73	62	52	2	67	56	18	55	87	21	93	76	18	51	54	10	89	82	45	86	22	53	93	37	42	66	81	9	20	21	68	69	59	68	61	28	72	84	34	42	87	21	68	0	33	49	4	99	52	36	78	24	12	61	81	93	15	27	93	5	44	39	30	83	51	51	98	55	54	12	99	34	32	74	44	29	26	11	99	21	88	64	33	51	63	82	62	25	0	36	61	27	97	70	46	33	47	7	81	94	50	65	33	43	27	5	37	71	31	67	91	20	28	29	60	80	11	75	53	10	35	19	75	17	47	38	2	65	84	61	65	55	58	40	51	8	2	72	67	38	50	40	0	4	78	87	44	85	55	70	72	93	87	71	17	89	94	39	84	22	62	71	30	49	15	27	75	75	63	5	18	6	85	57	42	17	37	65	37	43	33	90	5	16	56	16	73	81	42	97	42	11	85	66	31	16	21	87	88	55	76	62	74	19	38	12	37	4	40	25	92	98	12	63	70	88	46	82	61	7	92	72	94	46	53	38	18	35	81	81	42	56	10	69	23	85	75	31	1	39	57	58	91	59	60	49	84	54	25	29	98	41	10	92	27	34	35	15	10	16	93	99	89	22	66	20	13	48	66	76	22	99	86	59	55	4	44	7	68	88	25	17	5	61	33	17	56	86	65	89	58	2	26	70	13	29	78	76	32	52	45	37	48	28	33	54	0	74	2	99	36	4	18	38	64	9	61	40	35	12	44	53	80	69	16	54	65	21	84	62	96	5	82	44	68	70	97	70	46	81	33	16	77	40	36	20	29	63	98	87	82	54	8	1	63	92	64	12	31	73	82	4	56	87	43	87	64	33	45	98	78	34	73	86	40	77	15	23	50	65	44	51	47	90	93	26	23	85	72	34	30	63	9	64	66	38	66	28	21	61	15	0	46	43	90	1	11	24	22	71	13	93	99	92	85	63	31	88	11	87	73	81	78	34	66	0	77	2	82	26	91	30	74	3	35	17	51	88	75	55	95	60	68	21	35	70	43	16	26	79	81	78	72	82	95	62	87	74	73	23	94	8	26	52	89	98	65	0	94	73	17	83	33	50	1	95	84	45	75	59	79	28	84	65	67	27	33	59	10	44	6	77	72	0	10	36	30	15	52	37	18	19	87	49	72	65	62	57	14	77	99	35	92	93	35	94	27	77	7	65	65	3	60	8	82	96	95	24	64	77	49	34	91	82	38	31	80	1	73	17	29	26	1	19	98	67	24	72	88	93	39	92	57	80	55	92	26	22	1	25	26	79	74	4	16	90	55	39	25	81	48	85	61	52	64	25	33	78	66	79	87	1	12	16	55	65	7	5	6	4	76	19	18	47	12	23	27	70	56	15	75	3	41	71	14	47	7	59	65	18	13	54	54	26	46	12	25	20	4	23	24	36	8	46	75	8	47	68	27	48	58	36	98	90	70	17	56	7	16	99	30	15	16	43	26	96	89	94	69	71	94	58	14	44	81	18	32	89	0	13	16	51	82	47	30	70	84	69	87	88	73	56	96	62	29	57	40	72	29	1	89	12	65	86	78	90	79	11	23	48	85	71	62	39	10	54	39	3	40	33	43	54	0	37	64	17	67	36	62	12	17	13	86	69	33	83	18	65	55	1	51	48	23	82	68	72	27	70	24	81	84	23	92	61	11	56	68	41	17	59	93	9	3	70	29	67	50	25	68	96	59	33	15	12	98	27	68	41	22	72	91	32	70	45	2	5	28	19	77	94	97	68	69	92	74	84	52	35	68	56	30	77	76	81	53	2	62	12	97	8	41	34	39	16	16	13	41	46	2	4	27	36	58	74	27	19	14	31	25	31	39	20	6	66	26	90	32	45	68	82	23	68	5	33	36	25	8	33	45	8	16	22	18	28	20	85	97	83	75	87	14	17	47	25	62	25	25	36	19	33	30	13	81	77	67	82	18	19	96	51	14	87	56	48	18	60	98	12	52	45	41	95	88	51	44	15	4	80	93	95	84	93	37	82	73	31	41	55	85	58	66	41	52	8	72	60	32	29	46	33	56	63	63	1	16	95	82	34	62	57	14	11	93	51	5	31	34	21	16	62	41	2	68	49	91	65	86	33	90	59	47	23	82	66	27	12	32	39	45	58	42	82	40	60	84	2	86	5	64	9	9	45	18	79	88	17	35	83	13	10	29	10	88	58	60	47	52	72	6	12	53	31	74	17	55	86	24	69	1	12	67	54	70	17	20	13	44	54	16	90	4	37	85	10	87	49	95	96	22	25	36	7	54	61	64	21	79	65	80	50	96	65	42	84	20	87	47	0	22	5	6	46	81	88	58	20	27	6	88	10	89	79	27	82	36	60	79	85	28	74	54	68	28	70	27	23	8	29	34	63	4	12	37	11	58	73	84	62	96	4	5	81	37	46	12	67	51	36	18	39	23	23	49	18	45	72	21	99	20	88	51	32	12	85	45	77	57	71	31	33	41	55	51	2	18	1	61	52	47	1	87	41	46	53	32	26	0	15	92	3	41	9	65	66	28	34	98	4	93	21	68	25	52	34	58	99	83	54	40	99	12	63	16	85	50	44	5	51	11	75	43	33	56	66	76	57	5	37	64	20	53	37	61	66	44	19	63	33	18	84	51	66	98	66	11	29	87	4	35	20	63	29	76	12	15	37	56	33	28	68	11	17	87	94	79	81	68	85	32	97	74	31	63	15	53	86	38	3	41	9	25	95	40	19	58	0	39	96	69	86	47	73	43	23	81	35	58	96	78	43	34	49	3	7	13	4	32	67	99	97	96	71	77	67	62	22	57	25	45	56	19	76	48	58	24	30	21	70	98	72	25	35	5	86	57	88	31	94	85	53	60	73	40	98	58	95	14	14	8	78	83	94	74	31	49	37	26	30	89	41	3	69	93	40	14	65	52	50	23	46	31	52	27	90	21	35	35	41	78	8	81	89	6	16	2	43	36	84	49	19	39	94	6	79	33	66	59	80	7	37	87	50	54	8	98	7	59	56	46	32	75	10	43	81	99	35	71	40	59	77	61	89	54	4	9	30	99	88	45	56	76	24	28	36	74	65	43	86	6	6	58	91	21	65	62	50	80	28	16	46	4	58	98	32	53	46	45	15	74	20	73	90	74	89	79	94	7	31	96	85	46	61	38	16	4	49	6	88	34	69	39	89	89	5	60	44	22	66	86	60	9	69	9	72	21	43	74	54	5	18	59	98	0	65	56	98	73	7	10	54	46	3	7	29	32	60	15	49	11	6	64	26	58	11	90	63	69	94	83	6	88	2	34	51	14	26	79	28	14	13	76	10	34	7	24	26	83	33	67	8	74	76	15	37	4	25	16	23	2	18	40	11	72	59	55	6	77	56	42	36	44	44	39	47	15	55	22	39	96	34	17	15	26	87	7	89	99	53	24	45	71	27	46	98	77	33	56	54	73	31	47	81	15	12	67	61	78	61	5	62	89	41	31	27	86	78	77	75	94	38	48	55	62	97	6	57	87	32	75	54	86	96	29	55	47	26	95	76	69	63	73	22	11	28	46	40	8	31	55	53	75	24	21	14	26	4	50	50	86	68	78	36	36	57	55	85	57	28	57	51	9	42	62	11	51	41	62	14	74	21	14	84	93	18	48	15	15	23	16	67	94	17	67	58	7	59	63	33	95	95	56	16	51	7	72	57	23	86	15	73	70	55	86	28	31	2	95	84	13	0	38	6	95	22	77	46	83	78	83	22	82	3	60	62	77	32	39	52	49	45	73	13	15	79	7	45	11	15	63	14	40	78	17	89	41	93	75	94	84	26	21	47	34	65	37	17	8	30	30	24	11	56	4	26	92	3	45	95	16	1	56	66	11	65	22	13	16	73	31	28	26	11	44	70	72	87	86	73	93	10	83	97	63	65	76	4	55	69	68	71	98	3	7	66	48	73	55	35	40	38	11	42	97	77	19	14	10	14	13	57	86	14	97	67	87	82	25	43	54	88	13	99	40	67	18	7	34	10	50	17	29	0	53	62	45	0	16	6	37	90	17	95	36	20	40	26	5	49	51	35	7	67	78	72	96	32	90	50	53	20	9	85	3	67	23	15	59	24	2	76	1	24	34	14	96	70	48	34	31	44	58	72	0	20	68	18	17	78	59	53	25	46	33	97	46	83	91	60	53	58	44	47	90	26	63	74	84	41	89	83	19	9	78	82	83	22	15	29	86	12	26	9	2	98	91	83	42	24	23	91	80	80	80	46	89	5	42	3	85	78	31	69	87	54	15	57	43	48	55	66	25	80	93	14	99	87	17	33	11	34	89	2	60	31	9	35	12	5	38	24	52	55	10	16	21	89	1	25	63	44	24	55	49	25	93	93	38	89	81	8	37	89	23	51	9	55	34	73	48	3	87	99	67	49	58	52	3	24	8	46	97	84	23	21	10	55	31	72	34	12	49	69	72	65	27	32	79	64	89	51	81	9	89	23	83	5	47	68	86	37	68	12	59	46	18	60	27	13	5	12	75	36	90	74	68	74	35	39	90	98	77	31	95	64	11	20	53	97	8	94	23	2	49	84	71	73	14	64	18	77	52	6	77	1	41	85	9	24	49	98	58	69	97	40	43	48	91	50	59	38	79	21	96	97	55	88	84	40	43	25	2	58	40	80	60	19	0	60	79	91	71	3	35	53	19	37	75	2	96	41	54	69	27	77	27	64	86	49	81	93	9	40	94	96	38	59	39	65	5	61	97	87	71	13	41	95	46	16	76	4	62	84	91	0	88	86	30	49	78	63	16	74	12	31	84	70	12	8	36	49	54	46	49	20	79	19	92	1	9	68	66	95	20	41	52	41	62	44	27	26	31	54	39	93	20	27	87	90	31	81	34	50	52	8	86	2	69	19	9	84	46	88	62	19	76	39	90	70	17	43	68	73	13	18	68	25	70	20	55	31	31	75	85	76	0	76	60	41	71	3	6	52	92	70	14	89	29	2	58	28	57	11	71	64	28	79	90	49	28	38	39	5	81	15	73	3	64	40	55	81	23	65	72	17	46	73	43	43	15	26	6	60	14	72	86	13	76	65	20	7	63	74	25	19	79	95	18	75	14	62	55	98	91	31	55	87	46	57	33	94	2	34	51	8	24	54	35	26	57	36	12	42	43	54	64	51	62	40	36	36	52	68	80	36	45	63	43	6	90	81	68	86	57	24	14	49	23	49	0	49	43	84	84	97	4	71	75	12	67	46	46	94	11	52	82	71	20	51	20	50	16	39	1	28	18	19	77	60	10	53	67	24	98	37	86	18	46	85	8	78	92	38	34	92	96	40	77	79	83	25	70	31	59	58	14	62	84	47	61	51	23	90	86	61	94	87	4	43	37	56	50	24	6	74	19	44	37	57	85	72	36	76	45	90	50	97	96	65	23	0	83	32	29	20	78	70	63	62	24	54	82	12	17	96	45	51	49	89	8	0	90	58	81	31	29	5	63	50	95	81	38	5	61	77	96	70	92	61	9	86	97	58	79	78	96	1	78	26	12	39	71	91	44	81	20	84	42	17	29	76	99	87	63	24	80	99	92	2	82	76	32	23	38	98	29	80	37	51	71	61	92	2	99	60	31	17	19	25	36	38	15	2	57	25	33	48	25	7	85	39	98	61	0	29	37	52	4	79	59	21	61	13	40	90	25	65	71	10	48	52	27	44	27	22	55	72	84	37	14	11	11	77	90	22	49	32	8	63	68	67	45	89	80	79	42	79	51	68	80	36	41	55	68	11	64	63	78	4	16	51	33	20	70	76	80	73	79	92	73	6	93	72	17	98	1	49	81	44	11	59	78	39	68	96	77	83	93	48	10	65	64	17	32	11	66	60	50	88	94	70	47	59	12	55	90	23	54	84	45	63	75	67	17	27	95	33	71	36	84	7	72	0	98	29	96	94	31	57	86	45	26	24	49	64	27	6	84	42	76	45	82	47	8	53	13	12	60	60	70	47	72	67	78	15	17	78	46	47	68	27	6	18	79	15	33	67	39	54	50	98	36	90	80	4	83	39	86	70	93	72	58	26	24	51	49	55	25	60	96	44	79	30	28	21	21	35	13	75	16	91	6	35	0	80	54	10	98	23	20	9	0	24	19	82	78	89	69	32	21	99	99	30	31	26	70	60	52	12	11	99	26	77	3	60	37	75	58	45	55	63	35	9	47	82	73	59	65	40	22	87	43	22	76	14	60	7	86	81	9	38	10	49	73	40	60	87	51	36	11	81	56	85	79	78	4	0	72	1	20	95	97	62	90	91	9	6	34	69	90	58	58	41	61	67	89	5	63	23	75	53	29	98	70	15	8	92	37	76	32	16	81	84	40	2	66	65	83	83	89	68	4	69	0	13	18	99	79	66	95	80	43	55	64	71	98	83	70	95	16	68	5	48	15	98	40	51	2	36	51	22	57	0	10	24	7	14	63	52	41	48	7	65	24	35	36	10	74	11	17	63	75	70	11	41	89	64	13	18	36	64	63	97	42	25	61	1	11	4	18	37	44	79	53	56	87	19	60	26	68	28	69	40	16	72	35	72	73	76	11	45	3	76	4	21	44	66	10	6	80	11	29	64	24	87	84	64	66	0	90	27	46	95	10	2	74	72	59	15	33	93	87	77	3	66	95	3	99	21	39	53	50	27	54	44	49	29	84	65	62	39	45	25	77	70	91	93	48	61	36	83	39	43	91	90	40	93	18	53	74	81	70	48	89	44	40	84	19	67	4	34	79	94	41	96	98	47	98	89	44	98	18	16	26	17	8	61	77	85	58	13	7	74	49	5	33	58	6	30	38	26	98	17	50	94	30	48	75	52	82	34	60	77	89	26	93	9	90	32	56	66	68	61	29	24	34	98	82	93	38	56	7	66	49	21	9	63	64	92	78	79	27	36	34	92	69	89	46	14	22	48	40	32	98	38	44	59	71	37	4	77	86	8	60	15	40	58	93	98	94	6	5	54	53	39	64	69	42	49	16	55	22	17	65	6	33	25	52	39	82	32	35	2	4	29	98	65	93	3	2	21	74	33	61	70	44	87	88	66	92	82	6	62	7	16	34	86	94	60	57	56	49	61	43	96	75	26	57	77	59	34	73	61	19	81	47	88	84	24	72	13	71	64	18	94	97	23	81	95	63	56	91	6	26	66	96	20	50	45	5	
67	59	88	80	6	94	73	71	94	49	84	26	80	48	86	89	10	4	71	27	23	83	89	15	78	89	77	75	87	75	51	36	6	95	41	90	70	1	15	68	15	42	15	21	46	92	9	59	0	11	95	43	70	76	98	14	5	45	58	93	39	14	64	68	51	16	87	70	63	52	33	18	69	20	82	34	97	9	41	55	3	22	15	73	6	22	35	63	10	9	11	72	68	29	75	58	53	30	66	42	6	61	65	81	44	32	22	56	52	11	54	3	75	19	69	80	19	97	69	56	11	27	6	44	30	70	50	33	31	53	46	40	85	39	46	53	28	52	7	18	33	10	84	68	1	13	60	92	29	14	72	23	98	78	82	38	9	47	95	21	43	61	63	90	21	98	79	30	73	62	6	82	58	18	3	79	3	47	23	37	55	51	48	91	89	74	7	80	61	6	12	18	40	66	57	22	3	49	38	72	67	72	57	75	17	79	78	62	66	35	32	79	19	53	65	23	74	27	84	99	6	57	6	51	41	48	64	30	81	6	58	75	30	95	29	28	60	41	83	46	78	55	53	78	8	0	95	81	3	49	19	91	64	81	82	86	36	20	20	75	76	12	74	35	82	76	94	67	45	48	21	96	59	53	28	62	42	37	43	59	65	84	47	52	87	23	6	82	76	24	29	90	45	15	60	48	43	93	21	23	23	44	60	70	98	8	23	95	41	74	43	87	49	12	40	42	31	61	19	67	17	73	27	65	38	58	51	74	1	59	48	23	13	77	72	65	45	31	44	5	25	92	0	27	37	76	2	94	16	41	90	73	10	47	54	34	76	87	50	77	76	19	76	97	5	23	61	77	57	68	25	20	81	35	50	41	87	58	0	98	62	73	89	23	45	90	10	87	48	81	95	17	87	51	46	40	17	30	63	35	18	29	8	36	31	84	65	23	49	69	8	19	21	39	54	19	73	82	35	89	72	52	57	91	24	68	60	79	39	74	82	33	84	28	59	49	26	81	49	3	81	21	61	17	50	81	87	52	49	67	65	69	1	11	71	93	38	83	19	12	53	35	22	0	76	44	84	18	22	39	70	75	33	58	63	56	67	81	25	18	59	57	36	53	60	72	75	52	17	38	63	98	85	57	19	65	44	88	85	9	71	38	1	37	27	60	17	64	25	13	41	13	58	32	52	39	63	46	7	64	81	46	97	68	18	88	44	22	45	38	68	81	61	55	76	16	49	71	61	38	12	27	1	32	66	37	17	21	35	77	69	57	50	88	87	16	39	3	67	68	31	40	67	98	11	4	0	39	21	70	66	36	16	33	47	37	2	50	35	29	29	44	32	27	44	74	6	73	38	84	59	32	90	8	88	20	43	94	45	4	93	71	68	55	89	9	45	23	88	48	10	57	63	61	99	2	19	18	58	30	65	42	24	40	75	85	33	43	76	73	11	37	90	17	2	59	51	1	68	54	11	79	10	66	58	39	76	10	59	94	12	53	78	21	98	89	40	14	8	31	66	17	6	36	97	88	42	8	58	55	85	22	22	55	75	21	71	21	98	47	20	19	38	69	60	69	17	75	70	13	79	76	97	43	30	27	32	28	91	30	62	81	66	90	11	52	73	48	84	89	0	9	54	70	41	5	98	94	53	59	89	89	88	42	57	57	56	76	53	17	17	90	83	61	17	88	97	18	76	77	86	54	24	24	49	57	58	27	50	12	10	3	81	89	69	57	65	40	18	73	78	99	92	14	9	69	72	11	67	97	52	70	66	60	69	88	25	61	59	94	30	99	24	36	35	59	60	17	11	72	89	84	93	53	51	31	60	55	68	87	75	69	41	21	42	86	74	29	2	95	13	1	64	35	30	55	69	9	63	50	14	98	5	3	20	25	68	69	57	61	46	12	8	11	11	60	35	46	77	75	0	33	24	46	2	32	2	18	72	21	84	52	94	60	70	92	45	26	10	92	18	1	72	13	54	69	34	80	98	83	13	22	7	92	65	56	34	34	75	22	96	70	25	50	71	7	20	14	22	36	49	29	32	85	52	20	96	88	78	14	53	77	53	98	43	49	70	58	11	21	21	32	98	3	92	74	33	51	59	28	5	67	88	6	19	27	88	96	92	80	83	20	17	39	35	67	28	14	44	50	88	37	8	38	60	66	51	87	31	69	92	32	80	63	97	20	99	5	85	1	61	57	49	96	15	15	61	89	82	1	23	59	51	62	40	73	39	69	44	49	23	39	21	20	69	36	47	31	92	97	12	31	22	99	84	68	97	84	69	60	93	88	12	48	54	8	89	97	87	26	37	56	60	74	51	90	90	97	42	71	86	81	75	13	97	82	88	34	84	90	62	8	81	20	13	11	19	19	91	39	60	48	36	36	62	54	50	0	32	28	17	32	33	39	7	13	5	54	33	20	65	12	11	29	66	78	31	79	96	7	82	61	43	14	12	53	17	56	90	48	48	72	46	47	89	45	17	90	2	91	55	23	90	96	86	20	67	4	2	12	75	20	33	92	90	2	32	67	76	26	75	60	24	9	96	6	38	49	71	40	71	42	58	72	16	21	90	39	6	11	99	5	43	66	82	93	22	58	70	74	97	41	9	2	50	83	71	74	4	25	7	59	2	49	14	61	96	31	94	51	38	80	88	88	19	93	32	94	91	60	60	70	99	81	60	33	8	6	42	79	3	23	63	6	82	25	91	20	48	5	36	16	47	85	42	24	57	13	87	56	85	55	8	15	34	26	1	16	56	58	47	49	59	17	8	47	30	14	61	43	61	89	19	98	21	75	98	4	43	70	83	8	93	18	16	73	90	53	34	13	12	14	21	48	25	57	47	9	0	64	92	59	56	94	78	25	48	63	58	94	67	76	24	12	65	99	90	72	19	40	96	18	66	24	36	37	19	17	50	88	47	19	24	97	19	99	19	25	48	23	95	89	80	11	14	29	90	73	64	40	44	0	91	61	0	31	28	10	30	79	87	44	54	91	25	19	35	18	45	94	73	5	9	48	69	19	89	55	20	87	76	72	51	45	23	4	72	15	0	64	78	53	60	40	47	92	67	87	29	94	91	60	79	51	41	69	56	80	21	87	11	19	64	66	59	88	28	9	0	52	90	27	83	53	42	38	9	66	18	63	83	39	31	51	18	74	25	15	59	38	45	51	84	15	98	81	24	39	78	70	37	90	69	27	33	89	2	1	28	62	18	9	54	32	99	31	78	87	66	77	68	73	99	44	89	53	80	81	98	11	42	17	40	73	73	60	80	74	10	89	91	54	35	19	95	51	1	28	11	68	0	21	33	61	54	95	15	12	16	26	1	48	90	12	27	13	5	23	44	53	72	66	52	91	73	90	24	11	72	70	73	62	32	42	44	50	14	30	82	3	8	80	20	31	27	17	52	21	71	74	81	4	54	59	98	49	36	83	98	20	83	85	16	14	64	99	88	52	47	46	10	40	94	71	45	70	89	59	1	11	6	78	43	9	97	98	48	8	28	28	2	25	72	37	60	70	1	90	16	43	25	40	56	33	76	27	59	78	12	1	96	62	46	63	18	42	70	78	24	80	53	19	90	72	74	86	61	75	47	10	50	71	52	38	2	96	60	76	18	67	36	41	23	50	30	57	58	17	75	27	13	77	79	18	15	40	60	28	3	42	71	86	76	80	96	37	37	72	80	82	74	82	61	69	36	23	28	57	20	80	18	41	67	11	46	55	34	5	36	59	42	81	11	48	84	50	97	97	81	8	10	73	83	69	28	51	21	25	11	89	86	9	69	47	41	26	22	56	29	14	69	75	30	5	36	59	57	25	23	83	22	82	84	9	28	37	71	81	68	0	47	18	13	82	29	43	21	3	79	18	89	13	30	68	55	95	51	78	18	17	45	21	81	72	8	22	67	2	27	21	59	95	8	36	21	45	39	56	62	52	54	38	3	81	57	71	69	25	26	3	53	38	33	40	76	24	16	71	19	41	0	33	19	56	97	7	62	44	33	14	15	86	49	74	89	94	21	42	28	77	30	29	48	0	26	37	28	85	82	86	36	32	62	79	33	26	84	27	92	57	17	81	38	17	1	92	68	99	89	46	51	61	35	83	25	15	92	6	57	30	72	30	74	88	81	22	87	53	8	57	63	94	25	84	14	89	82	18	93	42	35	43	92	90	78	95	70	63	35	8	51	73	60	63	17	53	29	89	3	13	37	59	63	5	62	85	98	82	28	50	86	34	93	61	38	77	61	60	5	88	27	7	99	61	48	81	88	7	43	10	67	54	42	62	12	64	33	47	12	40	75	46	32	86	37	32	9	32	89	73	49	2	36	64	83	69	74	80	73	63	25	11	1	20	61	26	30	85	40	66	7	11	63	3	20	12	34	48	25	68	66	64	21	17	34	41	60	79	41	88	59	63	12	58	55	54	97	83	37	46	20	34	71	3	92	86	68	23	55	73	42	98	29	60	43	45	57	67	82	33	84	33	34	88	44	9	87	38	86	25	53	61	46	82	91	33	2	85	97	99	6	35	76	32	12	24	1	98	8	71	5	81	77	79	82	82	21	30	47	83	99	17	34	72	84	40	21	75	61	34	96	15	54	62	51	15	56	50	17	88	93	47	14	30	54	86	27	26	15	79	25	1	74	53	65	61	8	67	48	10	41	23	83	21	70	50	87	96	61	69	9	27	47	24	63	95	21	50	20	62	30	54	39	4	46	94	0	38	52	27	23	82	78	86	79	92	92	27	36	49	68	40	99	27	42	99	73	54	80	67	15	71	3	17	78	4	87	36	92	81	21	48	4	71	76	81	5	76	91	89	18	56	11	93	42	68	46	66	96	17	1	65	35	65	4	62	27	13	33	75	29	4	20	25	10	89	39	37	47	16	2	32	89	27	95	91	21	26	31	86	89	66	22	71	64	89	2	84	40	74	55	71	31	85	51	20	92	80	3	19	58	58	31	84	1	75	89	61	26	81	1	55	34	12	81	83	22	53	1	46	39	69	23	57	18	34	52	96	40	24	40	85	95	49	13	5	74	13	31	1	75	13	92	70	88	98	12	28	65	38	41	78	42	9	40	23	78	33	25	81	73	65	18	1	8	65	51	27	96	83	58	70	58	98	40	57	39	6	89	70	44	88	22	38	39	6	78	34	63	24	7	71	79	84	9	25	18	53	51	10	87	66	74	63	26	16	16	45	71	78	78	69	49	84	16	92	80	4	72	86	61	89	71	25	9	23	49	54	13	91	15	50	35	75	48	78	34	79	58	99	73	96	53	21	99	68	60	66	87	83	60	71	60	70	51	41	53	95	42	85	14	58	81	75	24	52	18	10	36	99	37	45	31	3	16	54	14	21	24	58	14	55	13	22	44	49	21	82	30	48	60	12	39	65	52	13	78	78	53	18	18	88	21	44	98	10	5	64	14	87	45	26	15	31	67	97	37	0	79	8	27	90	3	29	77	26	31	29	81	66	25	68	34	90	82	29	62	99	22	79	19	78	59	36	76	57	25	93	24	41	34	15	98	69	79	66	81	52	24	49	21	26	39	19	70	53	56	90	11	81	73	95	84	75	38	14	50	12	25	6	91	78	87	30	30	29	88	53	37	55	66	2	86	4	61	66	48	53	47	92	98	99	24	8	95	20	18	58	26	40	38	96	27	61	8	83	43	50	2	48	66	78	60	84	27	78	64	7	55	70	59	63	9	67	85	78	7	26	3	27	90	21	0	27	84	0	3	5	56	76	57	16	57	71	12	55	34	93	84	69	10	84	96	32	97	95	54	69	72	73	98	84	96	67	46	28	82	73	6	88	59	88	25	86	60	9	57	47	26	98	94	48	67	3	26	61	18	65	37	40	78	6	37	59	30	90	50	25	77	26	90	28	3	28	42	52	64	72	66	52	91	99	60	71	12	43	88	11	24	88	4	57	77	35	25	78	46	34	15	15	89	4	24	20	43	9	44	44	90	71	9	34	81	45	23	36	35	80	52	79	36	39	93	47	24	73	66	39	98	10	9	94	2	20	78	94	65	43	3	88	56	52	25	89	16	49	84	2	54	94	21	91	8	68	6	70	41	0	64	68	40	0	72	22	40	52	22	45	24	10	55	82	51	94	81	77	52	21	81	0	23	97	67	12	25	17	49	58	79	61	55	63	90	15	3	63	87	46	94	1	39	54	4	20	96	9	83	94	41	6	83	24	29	1	26	3	43	68	88	3	26	66	43	50	6	99	44	78	31	12	31	58	32	55	86	63	41	8	33	68	3	17	62	37	59	50	34	58	14	96	65	37	2	28	65	95	38	32	30	29	60	64	70	43	54	89	73	76	43	37	69	63	26	32	23	66	67	24	63	6	27	48	46	52	26	27	59	89	7	58	65	45	94	80	81	54	61	4	69	85	23	75	62	39	30	96	32	9	39	35	81	43	0	38	5	12	88	8	94	95	34	89	84	54	86	38	33	50	72	45	42	20	31	34	15	92	3	90	62	25	97	27	28	66	22	40	45	45	7	13	6	11	5	72	93	84	90	84	99	63	9	22	96	75	56	57	98	50	29	56	17	77	28	79	71	33	77	4	33	47	35	91	35	95	10	17	95	99	59	64	81	85	23	16	3	48	19	26	14	77	64	76	34	95	15	37	16	9	89	5	43	46	28	86	81	13	31	71	94	28	13	88	49	47	69	3	99	97	38	84	34	33	96	92	15	74	84	48	66	23	43	90	9	38	6	78	52	23	26	78	25	29	8	70	41	43	69	31	88	19	70	78	96	14	9	85	65	73	17	20	93	33	93	5	37	82	20	44	49	23	13	18	94	35	28	20	26	36	74	44	6	79	0	18	3	16	91	0	21	58	72	69	97	72	92	29	97	44	28	62	74	75	46	35	4	6	29	52	77	86	72	54	25	35	14	51	58	0	98	47	53	56	99	3	18	1	60	37	59	19	13	13	0	73	79	9	59	70	63	76	60	25	50	73	13	17	33	89	31	28	46	7	30	94	20	38	92	14	85	79	25	99	31	73	31	79	34	83	27	24	18	74	17	44	62	81	10	87	46	43	60	61	59	25	24	70	90	50	55	40	56	29	1	16	2	91	35	23	61	71	47	62	14	20	14	9	95	55	16	75	71	91	83	63	57	11	40	79	60	51	79	75	23	37	57	30	46	41	84	32	49	52	57	81	39	96	56	47	68	73	71	39	29	48	35	62	24	46	44	80	52	21	99	48	7	78	63	37	14	72	14	69	51	2	92	73	77	80	48	86	35	16	11	12	41	90	19	54	84	75	77	39	84	72	21	53	96	99	21	33	32	60	30	64	89	69	24	70	53	50	92	90	19	60	40	55	93	28	41	99	20	8	7	15	14	80	48	19	78	46	37	46	83	86	34	75	49	65	20	0	49	84	94	18	3	53	94	94	6	44	4	93	90	27	39	71	25	61	16	43	38	29	13	4	87	28	63	68	17	34	54	24	22	96	88	0	77	71	77	95	33	81	43	32	45	74	43	37	72	91	29	51	30	62	87	3	0	63	89	69	47	19	29	4	24	96	79	99	60	62	93	16	28	19	64	12	73	62	88	40	9	82	91	72	75	88	29	71	74	71	48	76	61	38	13	69	43	98	4	43	72	2	46	54	44	1	38	93	94	4	46	7	22	46	6	71	93	54	77	4	96	65	44	47	77	98	45	15	31	12	33	28	0	39	72	6	70	41	32	39	28	10	54	4	33	63	42	6	5	6	65	97	20	55	13	48	17	79	95	70	44	52	4	13	66	50	75	98	24	18	52	10	95	61	14	58	60	45	39	74	29	86	67	80	1	54	60	5	67	61	34	62	34	28	19	64	89	81	91	28	59	76	1	2	83	2	31	96	93	36	33	71	54	44	17	12	91	74	87	16	81	88	98	88	21	86	83	40	88	9	60	22	0	94	82	11	12	43	42	48	83	48	59	26	0	55	21	25	10	28	99	40	12	72	23	74	93	72	33	5	85	14	82	10	29	50	1	33	2	97	49	77	85	93	23	33	87	98	81	79	46	58	0	40	49	24	80	85	38	64	71	19	35	8	98	54	67	59	92	28	73	77	25	42	85	51	96	53	4	55	67	70	18	45	58	46	10	58	75	13	8	40	3	45	22	3	42	15	71	28	61	92	13	93	38	9	37	66	46	19	1	1	85	26	48	1	13	84	17	53	75	90	23	14	31	13	1	43	83	22	91	7	11	21	74	27	61	37	63	50	77	21	67	15	69	43	23	38	33	52	88	85	20	76	72	28	92	50	26	76	29	5	16	39	77	43	12	53	60	21	13	15	61	56	22	43	25	49	95	1	23	44	13	2	9	68	73	64	91	84	84	78	80	58	67	36	33	86	79	20	76	59	45	41	34	89	54	31	23	72	20	36	53	22	10	80	52	92	47	32	62	79	94	30	40	43	94	9	46	15	95	5	77	78	10	72	32	78	48	57	65	76	82	20	92	80	1	67	48	45	14	46	46	62	78	42	49	90	54	40	87	88	48	54	36	73	27	20	27	20	26	0	89	89	36	65	12	84	72	7	1	23	30	16	44	95	55	27	7	93	0	72	62	2	58	12	87	74	86	65	86	11	41	71	34	39	36	20	17	93	77	43	50	86	79	87	26	9	12	97	86	13	86	17	6	53	45	24	67	8	73	51	51	12	13	84	99	53	37	59	75	34	34	25	97	99	49	40	66	96	71	96	90	47	97	86	22	69	97	36	48	70	74	22	89	85	30	81	58	97	23	95	58	73	0	28	13	20	28	17	62	20	51	4	55	57	22	61	48	78	66	25	67	58	44	26	72	59	45	44	81	30	50	76	3	68	28	0	2	14	36	0	55	76	72	65	53	5	79	17	55	44	8	40	94	31	2	7	68	63	44	84	70	16	70	79	80	85	4	85	68	41	25	99	82	26	21	27	52	85	25	2	10	27	6	55	98	20	70	45	17	91	48	44	63	15	70	14	26	50	
24	31	35	37	21	40	37	26	26	35	21	27	34	31	37	40	22	23	34	36	21	40	24	33	27	28	40	31	37	39	36	22	21	32	40	37	40	40	28	38	37	23	20	36	29	33	29	35	32	37	25	21	38	38	22	28	37	28	20	40	40	26	25	36	23	31	28	38	34	24	34	26	40	31	24	28	34	23	38	37	33	28	30	26	33	31	36	38	39	27	21	28	34	34	29	21	20	23	27	26	29	29	39	28	40	34	38	31	34	25	40	33	35	29	20	40	28	24	32	30	40	38	21	30	22	36	25	26	25	32	20	26	28	24	39	38	27	35	30	36	38	22	32	33	39	25	27	35	37	23	29	20	27	33	28	23	37	37	30	20	38	24	37	32	31	38	33	26	27	29	26	22	39	20	32	29	30	34	25	24	33	33	33	30	20	30	40	40	32	31	34	33	25	23	35	27	31	32	25	33	28	32	36	20	30	36	37	36	30	23	33	33	36	26	39	37	34	23	21	32	27	21	36	34	35	24	31	31	36	35	38	29	23	39	23	25	25	32	23	38	40	22	35	20	40	28	37	25	37	35	29	26	33	36	23	22	21	21	29	30	25	37	35	21	34	33	39	20	20	30	29	40	40	35	28	32	33	33	24	37	20	34	34	28	25	36	36	38	25	27	20	36	35	25	33	22	24	36	26	25	34	39	31	26	23	26	35	33	30	35	27	28	40	30	39	20	35	39	23	30	39	20	29	40	22	23	31	21	25	28	23	40	34	20	26	33	24	29	36	28	35	31	20	33	36	38	21	40	20	26	30	20	37	32	23	28	23	26	33	34	29	28	27	20	21	32	40	21	24	29	23	39	24	30	22	29	28	26	33	28	37	34	39	35	35	29	30	20	33	37	28	23	37	36	26	20	22	34	20	40	35	30	39	34	24	34	23	22	23	25	23	32	38	28	20	37	22	22	38	28	36	22	34	37	21	21	35	26	38	22	26	40	25	36	23	35	28	23	34	39	31	34	37	24	22	21	27	20	25	32	38	30	27	26	34	38	24	33	34	29	28	25	34	39	21	24	35	39	25	23	37	35	22	32	36	23	34	28	40	22	40	28	26	38	27	23	40	20	39	34	28	29	27	34	28	37	32	27	25	38	27	27	37	40	32	25	40	27	36	23	24	36	36	26	22	38	23	37	27	29	24	38	35	23	36	34	26	34	22	28	38	27	36	32	32	22	29	31	31	37	26	21	24	21	39	20	27	29	37	21	21	30	37	28	39	32	35	37	38	40	21	25	35	21	24	39	38	24	38	23	33	22	21	27	23	22	23	36	35	22	32	33	40	22	23	20	21	26	29	30	40	34	22	31	35	37	27	24	32	23	27	32	39	23	40	27	24	25	30	39	26	31	40	26	30	30	30	22	36	25	29	30	37	24	39	39	35	35	23	35	33	30	24	39	28	25	37	32	34	21	25	40	25	28	24	32	32	40	38	24	23	29	27	38	26	20	32	32	32	24	22	22	23	33	36	33	36	34	31	28	32	30	24	39	31	38	35	30	37	38	40	34	37	35	24	29	39	35	34	32	36	22	22	20	26	21	37	29	29	22	26	20	33	37	35	34	40	39	23	23	26	20	24	21	33	35	34	40	37	35	26	35	40	35	33	26	34	37	39	24	34	26	25	23	32	35	34	25	27	38	33	22	24	23	37	36	34	36	37	20	39	30	30	22	31	34	33	33	37	28	23	20	20	21	40	32	33	35	32	36	33	26	36	27	22	36	27	30	39	29	26	30	21	20	26	23	28	33	29	25	38	24	25	24	24	39	32	28	27	23	28	27	20	36	24	20	32	25	28	28	23	34	36	40	22	26	33	34	36	29	30	29	27	23	31	20	32	36	21	29	23	32	38	37	31	33	29	25	22	28	25	25	40	22	34	37	31	24	26	22	36	27	29	37	23	28	27	30	31	26	23	37	28	39	33	39	39	29	35	37	23	26	35	24	24	27	34	25	40	27	40	38	20	30	20	34	29	27	36	22	28	36	37	31	29	24	34	28	40	31	30	30	39	36	22	33	27	25	29	39	30	35	26	28	40	32	31	25	35	25	23	40	31	23	37	29	33	40	23	28	35	22	27	20	35	31	29	21	33	31	28	20	35	32	35	25	39	21	27	24	26	20	29	36	25	32	35	20	27	31	33	34	39	30	21	31	20	23	35	39	31	36	37	26	23	23	24	27	25	36	30	36	39	25	22	28	29	30	21	40	39	38	38	20	27	33	33	24	25	24	35	38	26	32	36	32	33	37	21	26	25	28	21	25	22	33	22	26	38	36	28	29	22	23	25	31	29	22	35	20	21	20	21	22	36	24	39	31	20	29	28	28	28	36	33	38	22	21	36	29	22	40	38	24	30	34	28	20	31	25	27	30	25	23	23	36	37	33	34	27	23	25	38	24	31	27	26	26	37	29	32	29	26	22	34	27	24	30	21	23	21	25	33	28	20	40	26	25	39	21	35	37	26	40	31	23	39	24	22	36	20	29	22	33	27	30	40	27	24	30	24	37	24	29	32	30	39	33	39	34	34	37	27	33	39	24	21	39	29	35	28	40	24	26	21	22	23	25	21	26	25	38	32	30	31	28	22	39	29	30	26	37	23	26	27	32	25	29	22	22	38	31	30	35	34	26	31	22	30	37	26	40	26	27	24	23	25	28	27	21	37	23	37	29	21	24	20	24	28	21	22	33	35	38	22	35	32	21	38	39	26	22	23	29	23	21	21	27	23	22	39	29	30	38	38	35	29	26	28	39	27	34	27	29	33	28	39	24	21	38	21	36	27	26	37	24	25	37	39	29	24	29	40	29	36	25	37	27	39	31	23	28	24	23	25	32	34	32	40	37	27	33	29	28	32	21	29	35	26	28	27	32	24	40	27	37	22	25	27	30	40	22	27	37	37	30	31	22	22	38	27	37	35	33	35	38	23	34	27	28	34	30	38	39	40	20	24	22	35	29	30	31	21	20	20	40	29	26	36	37	37	22	20	30	24	31	20	34	24	29	31	26	27	34	35	37	21	31	39	34	30	23	39	25	24	38	37	33	39	37	21	26	24	40	26	21	29	24	25	26	28	25	27	26	29	31	26	28	21	35	36	34	37	40	26	23	22	31	37	38	22	34	29	29	39	39	25	24	40	34	36	34	22	36	39	22	23	35	40	30	28	26	36	30	21	37	20	20	28	35	34	30	30	38	24	38	29	35	40	23	31	29	21	37	34	31	37	38	20	23	21	24	20	29	34	33	20	34	29	25	31	20	21	33	26	25	23	38	20	33	28	32	29	31	34	33	22	24	37	39	32	30	40	39	35	22	38	30	23	30	32	39	36	20	28	27	29	37	24	33	35	38	38	27	23	38	27	35	29	21	25	38	20	26	21	36	27	33	33	38	21	37	38	24	32	40	27	29	34	24	36	40	25	35	37	22	40	35	23	29	37	28	22	21	38	31	40	39	37	32	27	24	26	20	24	38	36	30	32	27	39	25	39	39	40	37	39	22	25	28	29	30	20	28	22	20	40	36	37	22	27	39	28	26	26	25	28	26	34	31	23	37	20	40	40	27	36	37	38	20	39	35	23	30	27	35	20	34	30	26	24	35	27	32	23	31	34	38	34	20	22	21	35	21	37	27	25	31	31	24	20	34	25	36	36	23	24	34	28	26	28	36	38	38	23	23	25	34	31	38	24	28	31	21	35	35	24	25	22	21	30	20	34	23	20	36	38	37	26	31	28	27	21	22	37	23	24	32	29	33	29	22	40	33	32	20	29	33	20	26	40	35	30	30	39	39	35	28	40	35	33	24	32	37	37	25	21	23	26	24	35	20	40	24	33	28	40	26	39	39	30	30	30	24	21	25	24	28	33	23	38	32	22	27	22	37	29	36	35	23	36	24	23	35	26	35	38	38	34	30	24	28	35	34	35	26	40	39	27	29	33	40	29	30	28	30	39	40	30	40	20	36	29	39	27	23	31	28	22	29	24	23	40	35	27	38	27	37	38	35	37	27	22	25	20	26	30	26	28	37	22	30	29	31	35	38	21	21	26	28	33	25	20	34	38	22	24	21	20	24	30	27	34	27	35	30	31	34	22	21	38	34	33	25	25	24	40	30	26	32	20	21	37	29	27	39	35	27	28	35	36	31	37	20	33	30	33	27	35	38	25	34	22	23	21	37	37	39	40	26	30	22	20	40	29	36	29	30	21	35	31	38	34	25	40	20	25	33	40	29	21	24	24	21	21	22	27	39	39	21	23	25	30	31	35	34	22	33	28	27	21	37	30	30	37	23	24	40	33	22	33	34	35	36	25	33	29	33	20	27	30	35	38	39	37	38	20	39	38	24	28	29	33	28	35	29	28	21	26	23	37	28	39	35	24	37	28	31	40	24	33	36	39	36	39	33	30	38	30	38	28	31	36	28	24	38	30	27	38	33	23	29	30	40	37	22	37	21	27	22	40	24	20	38	40	26	22	40	35	21	37	38	35	29	40	29	29	34	25	32	31	22	33	38	27	38	33	38	39	37	30	38	24	22	27	23	30	21	28	38	21	24	22	30	39	34	37	32	20	33	25	33	37	23	24	26	35	40	32	30	37	35	36	38	25	20	37	40	20	29	32	26	22	34	28	34	32	28	24	20	39	30	40	30	28	32	30	35	40	26	24	28	20	22	40	20	25	28	40	25	30	40	30	24	39	20	39	29	38	40	40	21	34	34	20	35	26	24	20	23	30	35	25	21	21	21	27	24	36	20	27	24	26	28	21	23	35	32	23	25	28	31	27	35	23	33	30	22	24	29	31	21	20	31	33	31	34	37	29	30	40	32	35	30	37	30	30	22	29	23	34	30	24	26	24	30	36	23	33	27	36	27	40	30	22	27	33	35	40	26	28	28	36	27	29	28	26	20	37	20	39	25	34	35	40	31	33	27	32	20	26	24	29	30	23	26	38	37	33	23	38	30	36	29	40	33	38	24	33	34	36	37	32	25	35	39	35	29	33	33	38	28	27	26	31	31	27	31	27	29	39	25	23	27	27	29	30	40	40	30	34	22	36	30	21	39	39	20	23	36	39	31	21	32	34	22	20	27	20	34	38	33	40	30	36	27	28	39	22	26	38	24	29	25	33	32	38	36	29	32	33	34	30	29	37	36	21	20	27	32	21	23	23	25	21	39	29	27	37	29	28	33	31	33	29	33	34	29	38	24	33	40	23	31	28	37	37	35	28	33	37	21	33	21	23	32	32	28	25	34	20	26	38	39	27	21	25	20	27	25	37	40	31	35	30	38	40	21	22	33	31	24	22	27	25	23	26	38	37	32	36	37	26	36	22	26	33	28	25	23	37	27	22	24	36	37	26	21	33	27	35	23	27	40	20	35	36	34	25	23	34	36	22	25	29	31	38	38	37	40	24	37	34	33	35	26	37	37	38	39	33	28	27	22	21	26	29	21	29	38	22	39	31	30	40	21	28	35	22	30	30	27	40	23	35	36	27	23	30	29	33	38	37	21	20	25	23	34	37	28	22	28	37	32	21	28	26	27	31	28	32	30	37	30	29	38	31	21	27	36	35	30	33	27	21	27	28	36	30	30	37	31	34	30	35	33	27	22	24	24	31	37	25	36	40	39	37	37	26	34	22	26	35	34	22	22	24	22	23	27	39	27	23	34	31	29	25	35	26	39	28	29	31	39	25	26	38	29	25	22	37	27	20	30	40	33	32	34	22	21	35	23	34	22	23	22	32	30	35	30	29	21	37	23	21	40	23	26	39	37	27	22	34	25	27	30	34	37	26	21	33	28	36	32	33	36	23	28	29	26	30	37	26	37	37	37	26	38	22	30	37	36	30	27	21	27	22	21	26	33	34	36	33	30	27	37	38	40	32	32	24	22	33	35	36	38	38	36	28	40	34	33	40	30	21	24	23	32	37	40	23	20	28	33	40	24	35	31	28	31	22	22	30	23	21	35	33	27	39	25	33	23	40	25	26	25	20	37	36	26	27	40	34	23	22	26	29	36	27	39	26	38	28	24	29	24	32	24	36	34	26	27	31	35	34	34	32	22	22	40	38	34	29	24	22	36	25	32	28	39	38	36	37	24	30	36	24	27	39	34	22	27	30	28	38	27	36	36	36	32	35	28	25	21	30	29	26	21	21	33	38	37	27	36	29	23	29	20	34	20	33	36	28	36	34	33	32	23	20	33	34	33	30	24	35	20	30	37	34	27	34	24	30	38	21	35	28	32	39	30	35	34	37	23	39	21	28	28	37	32	27	28	30	24	23	25	25	30	30	35	32	24	22	21	22	31	37	36	31	25	32	30	32	28	23	21	23	33	24	31	22	36	31	20	36	38	34	25	33	37	22	26	37	32	20	40	37	24	31	35	35	33	31	30	27	20	35	36	20	28	24	23	27	28	39	22	26	39	24	40	34	24	22	26	25	29	29	29	33	21	20	25	37	35	35	26	34	32	22	31	33	38	35	26	34	22	38	36	28	28	40	31	35	40	38	38	34	35	21	31	25	29	31	31	26	23	38	27	40	32	36	20	31	22	30	37	21	37	35	20	29	29	27	22	24	34	21	36	21	28	38	34	26	27	36	27	36	23	20	21	22	20	20	29	33	40	29	37	38	21	38	26	36	28	22	21	39	26	39	36	37	34	20	34	33	25	31	30	27	35	24	25	27	25	39	22	29	30	21	33	21	38	25	30	36	24	37	23	24	36	27	33	32	24	35	26	35	23	35	33	33	22	35	40	23	28	21	25	35	23	39	38	36	23	20	26	36	37	20	39	22	20	32	30	37	32	37	26	37	20	28	40	23	31	20	28	28	38	39	39	30	20	22	38	39	38	35	30	23	28	39	26	32	34	33	22	27	36	24	29	35	36	40	33	34	20	27	32	27	23	23	40	38	27	35	35	28	39	31	23	33	35	39	26	37	21	33	25	22	27	26	25	28	29	22	21	22	22	23	28	28	34	29	34	33	34	40	34	32	40	28	31	37	27	28	38	33	35	37	21	26	25	28	23	25	30	22	39	26	24	30	22	37	39	30	34	29	34	26	34	24	39	34	32	37	37	34	31	24	33	33	26	20	29	25	37	31	39	36	36	30	36	26	26	30	31	33	25	29	32	29	24	25	21	35	37	21	30	23	34	30	35	34	35	25	25	25	29	22	34	20	33	23	29	26	36	38	23	32	33	36	21	40	30	20	34	26	27	40	38	24	21	39	32	22	30	34	38	28	36	24	27	33	29	23	32	24	37	24	33	20	38	27	40	40	29	28	21	27	25	38	20	29	24	34	23	39	40	20	25	27	40	39	25	31	22	35	21	34	21	28	35	28	21	20	27	31	34	23	22	33	20	39	29	20	30	35	36	20	34	34	35	23	28	30	28	31	37	35	30	28	36	24	39	39	20	34	22	25	39	25	22	35	28	26	38	22	20	38	33	31	33	39	38	38	32	36	38	39	35	33	30	36	23	23	38	34	24	30	36	25	38	29	35	23	35	23	30	25	33	39	29	30	35	32	33	36	32	33	29	35	33	26	34	30	28	38	24	27	39	32	36	30	28	21	23	22	20	37	25	21	21	29	20	38	27	22	32	25	24	26	26	20	24	40	26	32	28	29	24	28	23	25	24	26	32	30	34	21	24	26	21	31	29	20	29	22	38	37	22	21	30	25	36	29	25	30	35	27	35	22	27	28	37	33	38	36	23	25	27	35	29	26	40	37	23	34	31	29	24	23	34	24	32	26	30	34	31	35	29	25	32	36	29	34	31	38	39	38	27	28	26	34	30	24	38	22	35	23	33	20	27	35	34	27	33	28	26	23	33	23	29	38	38	32	40	21	32	40	25	34	29	31	24	21	29	40	27	31	31	38	34	37	37	33	26	31	20	35	24	23	37	20	35	39	32	34	40	37	24	34	26	39	34	28	27	37	23	36	27	22	35	33	25	22	20	21	30	29	25	36	23	22	39	23	36	37	33	34	31	21	30	31	31	23	36	35	28	27	27	21	37	37	21	28	34	36	34	40	40	35	35	36	22	25	30	29	40	38	24	21	29	35	28	21	20	38	37	21	22	40	36	23	34	29	25	40	23	21	27	36	31	23	33	24	26	22	29	35	39	30	30	34	26	23	39	31	24	28	34	26	26	37	31	29	40	31	31	31	27	33	28	22	39	35	25	26	27	26	27	38	30	40	23	37	40	36	40	27	31	34	34	32	22	22	38	38	24	25	33	34	31	38	40	28	26	29	23	31	30	30	40	35	34	35	34	38	22	26	23	28	39	37	26	38	25	40	35	32	35	32	26	24	20	31	37	32	20	35	35	23	29	35	35	23	30	29	30	35	40	34	36	27	30	31	28	31	38	27	20	31	35	31	34	26	27	25	35	30	20	38	30	20	20	21	21	20	20	36	28	33	24	33	21	24	34	36	34	39	20	28	34	30	30	22	23	39	30	21	37	40	38	39	29	32	27	23	36	23	20	37	24	29	34	24	34	25	27	33	38	36	40	26	27	20	21	28	25	22	36	40	30	25	31	39	22	30	23	21	33	37	30	31	32	33	21	21	38	40	23	29	24	20	38	32	27	25	40	20	27	37	20	35	25	36	32	30	26	36	37	29	21	31	23	33	27	22	40	39	26	33	40	31	27	23	31	37	37	36	23	22	32	25	39	40	30	30	36	36	34	36	39	40	38	21	23	36	21	20	25	30	37	28	24	34	23	35	22	36	38	22	32	31	26	32	29	34	27	24	37	28	21	26	36	21	22	34	27	28	33	25	34	35	22	28	20	37	27	39	30	28	32	29	24	37	22	25	36	28	24	23	30	28	24	24	28	28	39	38	27	36	34	34	35	21	28	39	34	26	20	25	35	37	37	27	39	23	35	40	33	40	40	37	27	37	33	27	38	33	30	38	36	27	38	36	21	37	40	27	38	
17	13	39	24	32	28	44	13	49	34	45	14	39	30	14	43	50	24	44	25	17	19	19	32	42	19	43	36	22	26	46	34	20	16	20	13	33	33	26	41	45	31	37	38	31	42	22	47	22	11	49	34	45	25	13	34	15	45	25	25	43	46	45	17	50	10	38	37	30	36	45	42	18	35	15	43	43	50	48	42	28	36	36	26	43	31	36	11	22	24	33	14	12	24	44	27	39	38	36	13	45	20	43	23	10	37	25	26	16	29	49	27	17	41	42	22	36	31	23	13	12	30	41	34	23	34	10	30	46	34	39	31	39	41	38	24	42	13	43	19	41	10	17	10	32	41	12	47	39	47	38	39	28	46	33	20	37	17	10	27	45	20	45	17	43	18	36	11	25	17	44	49	36	18	34	22	31	27	33	20	44	23	39	48	19	14	47	12	11	40	40	24	43	21	29	44	25	48	20	35	48	20	45	22	15	36	33	39	36	25	50	21	17	31	19	23	26	41	28	18	20	44	44	22	32	30	16	13	40	32	49	12	22	17	10	30	28	47	39	28	49	17	36	16	32	38	26	28	31	17	32	46	21	43	39	36	35	19	22	29	46	35	46	23	18	20	47	38	16	35	18	29	28	27	41	15	40	11	26	31	43	26	25	45	30	40	39	17	29	22	45	36	45	49	29	12	28	34	40	46	38	31	27	41	36	38	38	16	30	31	44	47	44	42	31	31	23	17	12	21	29	23	37	24	27	48	45	41	44	41	15	22	17	42	41	31	34	33	36	26	44	24	46	35	25	48	18	14	22	21	22	49	33	35	46	42	33	33	45	47	32	44	18	13	12	37	35	16	12	45	26	46	33	38	49	35	45	36	33	24	29	20	36	16	42	19	38	17	45	10	29	28	17	15	25	20	46	14	15	18	19	15	17	42	36	25	35	24	27	30	28	28	33	22	21	23	38	32	38	28	30	12	21	33	38	21	43	40	37	22	49	22	30	42	46	21	36	48	44	31	30	45	41	43	27	50	50	26	39	14	12	43	13	22	36	20	47	44	16	50	27	27	29	19	12	35	35	25	43	10	19	24	36	32	17	18	18	23	49	17	10	31	26	29	34	23	33	46	33	25	40	50	28	30	35	15	29	18	21	19	37	15	17	12	36	47	12	11	22	28	26	20	49	35	46	26	43	48	44	21	48	40	50	37	18	37	19	28	48	15	13	13	19	16	13	42	39	10	33	12	47	27	45	36	16	39	47	42	40	21	28	34	22	29	44	30	11	50	29	48	21	50	43	37	31	26	14	32	27	16	13	38	33	34	33	22	34	36	45	35	16	34	18	20	47	50	16	17	16	32	31	33	11	23	38	25	12	30	36	22	41	17	11	47	32	31	45	26	12	10	15	14	43	11	11	50	33	12	44	16	24	26	50	50	26	10	44	28	45	27	23	30	30	19	42	47	33	12	25	49	23	15	46	26	41	17	34	11	19	20	40	27	35	15	19	48	50	16	47	44	39	25	12	12	28	23	40	36	20	32	13	15	27	12	40	21	41	12	11	33	30	18	43	15	22	15	29	26	41	10	11	30	36	14	29	50	34	12	20	24	41	42	32	16	13	49	45	25	34	43	48	33	23	28	38	13	44	16	13	10	30	39	45	37	34	11	49	30	48	42	32	18	39	15	18	49	23	43	45	37	20	20	22	19	32	35	30	45	10	43	28	22	28	13	31	31	48	15	47	40	43	23	50	17	22	36	26	42	48	10	38	47	30	17	48	30	14	30	45	21	25	29	49	38	48	38	19	10	15	43	21	48	37	20	17	20	12	28	23	42	38	25	17	32	25	49	41	44	44	27	41	29	48	16	10	16	16	46	41	25	29	44	14	12	12	16	13	44	43	23	26	50	26	19	21	30	27	17	28	18	38	11	50	37	29	20	50	46	39	40	15	42	18	35	15	14	50	35	30	47	40	15	49	31	19	27	34	50	45	27	23	33	20	22	39	45	50	22	21	13	43	34	46	18	15	38	50	19	19	20	36	28	28	18	27	18	41	21	22	18	20	30	35	15	41	27	15	18	29	47	43	39	50	11	29	45	50	46	10	36	33	43	37	45	46	15	18	35	42	44	10	47	34	50	47	12	40	17	45	39	30	46	29	50	21	45	42	39	42	43	35	33	42	38	49	47	46	38	36	42	31	21	46	40	36	29	15	16	19	15	11	41	45	35	26	45	28	28	39	48	24	42	18	39	14	29	14	10	26	31	49	27	32	24	23	20	28	22	16	11	49	47	21	15	40	13	50	32	30	33	25	41	26	46	48	31	13	17	23	14	11	49	30	18	43	46	39	11	41	32	47	28	41	12	32	20	48	19	35	19	17	45	18	16	49	18	18	17	39	49	18	19	50	42	46	45	47	21	28	45	25	32	50	33	43	18	38	44	10	22	38	46	23	37	23	21	35	43	26	29	42	26	38	41	10	36	23	33	21	12	47	16	21	37	43	36	38	15	44	24	17	37	25	30	38	10	26	25	32	11	15	41	22	31	25	38	39	13	16	24	20	12	21	37	19	16	40	35	27	26	17	39	10	48	21	29	29	11	41	17	32	39	25	12	43	38	38	50	21	38	42	33	45	37	48	34	21	48	41	38	40	27	23	16	39	36	23	10	21	41	36	13	26	17	38	24	31	30	42	44	22	20	36	11	12	45	30	16	49	20	38	12	29	49	38	46	45	26	26	36	13	33	25	14	15	12	30	10	11	41	21	28	49	17	44	14	36	43	15	30	30	11	37	28	33	36	26	35	19	10	36	10	36	10	26	36	20	14	49	11	23	43	22	42	45	11	43	43	26	15	19	44	28	31	47	32	45	11	45	43	11	13	28	13	42	48	12	18	42	49	29	26	26	20	22	12	50	35	15	22	14	10	49	48	33	13	19	45	13	38	29	26	44	48	18	12	30	38	33	29	41	25	36	32	43	46	36	19	45	30	50	34	50	26	16	50	15	13	32	11	21	20	36	34	36	26	13	38	31	13	39	26	47	32	36	17	33	22	39	39	50	13	42	44	35	15	32	26	46	32	22	42	26	20	30	35	19	12	29	26	47	38	30	48	20	19	36	31	28	13	37	20	36	25	46	12	49	49	17	48	35	44	12	25	11	32	46	17	34	21	50	25	27	14	20	23	16	12	21	42	28	43	16	22	46	30	29	26	43	21	42	43	46	32	11	49	18	29	41	40	22	14	41	26	44	46	27	31	10	42	46	15	33	45	32	34	37	31	26	23	49	47	18	17	15	29	34	31	36	43	32	28	34	45	20	44	15	46	33	47	26	11	46	41	16	20	10	41	43	42	24	23	26	26	25	20	37	50	14	29	26	18	33	13	50	25	43	38	47	19	38	22	24	17	19	19	36	33	38	24	12	14	18	45	48	15	15	42	41	46	42	32	18	49	29	45	39	10	35	16	25	48	24	13	34	41	40	26	34	49	29	41	28	34	13	14	31	16	27	27	17	32	28	50	46	16	18	16	15	25	30	18	21	25	50	50	48	45	34	41	42	29	30	18	40	32	26	10	40	33	45	38	38	50	10	49	26	15	26	50	37	19	17	11	19	24	39	38	26	33	17	41	19	36	16	27	38	13	33	43	43	27	35	20	13	24	47	28	33	19	26	12	37	17	30	35	27	28	50	39	39	49	47	26	38	13	34	44	24	50	39	37	31	14	13	43	23	37	30	36	15	31	26	12	24	34	35	25	35	10	24	28	47	24	47	43	17	16	20	27	28	46	38	25	28	16	45	34	20	22	18	39	14	32	42	38	30	30	48	12	36	46	11	15	42	16	34	10	28	46	39	34	11	24	20	13	32	27	47	42	44	44	35	38	31	39	18	17	37	21	43	13	20	45	25	38	45	33	42	26	32	27	48	45	35	49	17	20	12	19	12	25	45	45	37	40	37	33	41	40	13	29	38	27	36	13	34	16	34	33	19	41	10	42	39	47	20	21	38	43	23	26	20	32	14	17	42	12	11	17	46	31	40	38	39	21	18	33	20	47	23	24	31	20	44	15	21	29	47	16	24	42	33	32	14	31	23	25	42	25	15	37	40	23	50	31	30	35	15	38	42	38	22	14	12	13	43	38	41	49	24	48	15	32	24	18	42	19	33	43	25	16	42	43	17	31	11	10	18	27	17	19	23	49	11	34	28	28	48	26	42	15	26	26	37	37	47	50	38	37	43	22	27	33	17	20	46	14	28	11	19	14	17	34	31	37	32	19	28	15	50	31	39	26	10	49	13	40	41	30	27	20	44	36	12	25	46	40	48	22	28	45	17	36	14	33	21	50	45	50	44	39	49	16	41	40	10	26	10	42	39	21	16	17	18	50	39	50	39	29	12	11	43	36	10	19	40	40	20	48	30	21	11	50	36	15	22	15	15	22	36	49	50	48	12	50	15	15	32	24	35	28	46	32	24	26	22	44	44	38	42	38	29	36	18	48	34	11	30	50	18	19	32	12	24	31	40	22	25	46	15	39	36	19	50	50	42	22	21	37	28	42	23	18	43	38	40	48	20	28	16	21	27	11	39	29	26	47	34	15	41	35	47	11	31	19	23	24	48	23	31	38	23	12	50	48	20	20	11	18	49	49	30	18	23	44	39	25	22	16	42	26	12	15	11	30	45	18	31	45	10	45	27	14	19	44	27	35	34	45	20	30	48	16	37	30	49	37	17	33	36	45	48	23	29	41	13	12	44	33	41	28	33	30	48	23	27	50	41	27	36	48	10	11	40	44	21	35	12	45	45	27	36	33	18	46	24	25	12	17	21	23	35	33	44	11	46	46	19	35	28	43	33	19	39	17	25	25	20	40	37	21	41	49	36	46	41	30	46	31	31	43	47	43	21	48	16	45	28	18	44	50	43	31	40	25	30	39	35	33	38	44	22	20	36	23	46	36	28	15	47	42	15	39	41	28	15	41	31	40	42	29	13	19	22	39	26	47	50	45	38	42	22	46	10	42	24	32	23	48	18	10	17	41	34	31	27	18	34	21	16	21	30	37	39	16	11	36	21	29	15	41	47	13	38	13	40	13	10	32	23	43	36	44	38	11	48	17	12	39	10	35	35	12	42	50	30	23	37	29	26	34	41	27	32	32	10	35	23	47	12	10	23	37	16	12	19	17	16	30	21	23	42	43	38	38	20	26	38	16	32	48	23	47	44	11	15	10	15	38	40	45	35	36	46	20	47	45	33	10	35	13	20	34	14	42	34	39	12	14	44	36	37	30	13	17	49	43	46	21	50	12	31	39	23	29	43	49	22	10	38	46	38	38	25	25	25	10	37	49	34	22	38	25	43	23	35	11	31	47	25	30	49	24	30	46	34	45	12	35	39	47	27	35	43	31	11	18	16	26	24	33	20	50	31	30	18	16	31	42	30	14	34	38	27	14	12	48	32	44	27	41	32	33	31	33	23	31	34	39	36	49	50	42	27	13	45	11	17	19	43	22	46	35	32	28	43	39	34	36	34	23	47	10	49	15	18	41	28	16	22	29	19	47	43	42	30	20	30	24	49	48	28	14	28	43	33	15	39	27	12	27	25	42	22	49	42	34	43	24	41	25	37	11	14	26	33	14	35	11	35	28	14	10	19	35	42	29	14	32	13	17	21	21	42	49	25	25	50	16	32	15	36	16	49	11	12	37	44	42	19	35	44	22	44	47	49	43	22	42	39	12	30	49	19	24	30	19	48	28	48	42	19	47	22	37	38	19	12	27	44	50	47	27	24	15	30	25	34	13	25	18	26	39	17	17	46	27	44	35	16	25	11	47	35	12	14	16	47	11	30	14	24	31	35	27	29	22	40	42	39	20	17	27	48	35	30	34	36	15	10	21	35	14	37	30	39	16	27	33	24	19	10	48	16	16	17	34	29	26	38	17	33	36	23	37	14	43	12	35	46	11	36	10	23	47	28	32	13	42	29	14	12	16	39	35	20	21	32	24	46	10	33	30	37	46	10	48	47	37	10	19	19	48	45	26	44	46	23	18	47	50	12	49	41	37	43	26	27	29	23	28	47	38	48	15	11	40	33	34	15	41	42	35	35	17	14	20	35	45	47	29	11	46	14	13	21	22	15	36	28	32	47	13	25	22	19	14	38	44	27	36	41	47	32	50	37	35	39	48	49	28	25	41	50	13	12	30	35	38	36	15	14	46	28	28	11	26	33	25	25	30	49	21	24	29	46	12	33	34	46	11	46	17	23	12	50	34	29	34	22	35	47	13	35	20	25	40	36	24	35	23	37	42	33	21	16	20	17	13	13	46	29	24	26	37	39	23	43	33	33	24	34	18	24	36	23	11	12	39	11	40	30	41	43	11	27	19	39	35	36	28	43	15	25	29	12	40	25	42	20	11	39	40	19	31	47	12	37	20	14	10	26	34	27	13	32	45	15	47	11	34	36	15	48	46	10	41	14	39	29	34	12	24	12	16	11	46	28	11	18	22	29	25	22	21	17	19	37	43	45	23	46	33	42	14	21	40	10	11	21	18	26	40	30	23	29	26	40	16	13	19	39	39	41	42	39	15	41	19	49	31	11	12	21	45	10	33	24	20	21	45	16	11	23	27	46	23	46	45	26	37	19	18	50	14	16	46	29	19	40	20	28	49	50	37	50	31	49	30	36	21	38	12	49	40	45	35	28	48	37	31	40	18	12	32	20	12	20	18	32	47	23	29	13	14	15	42	42	15	10	22	28	16	16	42	29	48	17	40	49	49	29	23	42	26	18	12	20	25	18	16	29	50	45	15	28	16	36	50	38	44	23	40	43	28	31	10	21	19	37	33	17	50	27	40	24	10	10	46	33	28	28	48	31	43	10	48	33	22	24	44	29	37	21	19	39	10	32	17	32	48	48	20	16	34	49	30	16	19	28	20	27	11	24	22	19	18	46	33	17	31	50	24	47	18	31	40	38	26	10	10	13	14	48	19	36	25	19	10	11	44	24	16	25	40	22	46	33	30	48	32	22	50	25	22	10	11	18	28	10	50	23	49	28	24	30	20	27	47	11	20	48	35	47	40	27	16	29	19	34	41	21	20	40	31	38	21	32	40	39	25	26	41	29	49	13	41	33	31	30	42	25	26	47	50	29	20	24	46	29	40	44	15	33	48	28	46	33	12	31	38	27	29	29	16	19	11	23	35	32	19	27	34	35	20	38	38	28	35	16	29	38	35	21	26	48	32	10	30	47	44	39	47	32	16	26	30	34	32	18	45	11	24	35	14	24	27	45	16	10	45	35	31	22	35	40	25	11	11	28	14	15	44	47	42	37	35	42	42	15	22	37	38	18	14	29	49	42	37	37	15	33	24	40	44	37	25	27	27	50	45	39	24	12	50	46	45	49	26	44	37	20	37	22	21	28	36	49	30	21	25	35	20	38	13	13	33	19	27	36	15	19	50	35	32	36	30	35	40	10	24	13	29	16	37	23	37	16	49	13	31	20	24	50	13	33	21	36	50	24	26	37	21	14	24	40	32	21	25	16	19	11	10	33	42	17	28	31	49	39	20	35	35	13	41	21	17	43	45	27	17	18	45	11	21	44	18	29	37	24	50	11	47	17	33	11	35	49	11	38	18	31	30	14	25	47	43	32	17	26	45	50	50	26	26	49	47	18	39	17	50	29	14	29	25	21	28	22	16	29	33	33	42	40	14	11	25	26	38	31	44	46	36	32	50	23	10	50	41	50	44	46	43	35	16	43	50	20	35	23	17	21	13	49	20	50	45	39	18	38	24	20	33	29	18	38	42	16	37	16	27	49	43	32	10	24	47	30	32	41	43	16	21	11	40	13	28	27	47	25	28	16	11	29	48	41	41	25	48	21	33	28	29	33	43	17	37	13	40	45	45	49	39	22	10	27	48	30	38	28	29	33	47	19	38	50	48	49	20	26	11	44	38	26	29	39	42	15	13	50	45	15	22	19	12	43	19	22	20	19	43	28	31	30	17	20	31	34	32	35	47	41	37	39	19	12	12	12	50	36	15	28	12	13	20	16	20	28	21	13	12	10	27	43	29	32	35	37	30	29	49	39	37	20	36	12	34	17	10	48	24	28	14	13	29	30	47	40	12	17	39	37	34	45	12	39	13	15	11	44	10	19	34	13	40	36	24	11	23	40	38	42	12	33	14	44	32	16	28	42	46	44	26	47	42	24	23	41	33	34	42	47	13	34	10	38	24	48	41	20	12	33	47	40	15	34	49	32	11	12	28	20	30	16	46	42	46	38	44	24	22	16	47	23	37	44	41	14	36	47	44	46	32	36	20	19	49	38	30	17	16	18	39	30	22	17	32	45	43	28	15	36	12	34	41	37	49	29	30	31	27	33	43	23	50	30	13	43	30	28	43	22	12	16	44	17	30	36	25	33	43	45	11	11	11	37	48	45	47	32	40	32	12	29	13	49	33	17	17	30	41	46	50	23	49	47	26	37	44	34	33	11	11	19	48	47	18	27	10	42	50	42	33	25	23	35	49	17	21	37	26	12	48	40	23	27	44	29	50	47	40	33	15	37	30	42	34	28	18	26	42	24	15	10	46	24	46	10	30	15	31	40	45	39	17	43	29	50	38	25	26	39	48	41	17	14	24	32	26	29	33	43	36	18	23	28	47	46	28	27	21	38	12	16	34	34	31	24	17	26	37	37	42	13	14	42	10	29	35	44	17	48	31	19	25	39	41	26	44	16	20	27	28	42	13	40	49	15	47	45	13	12	18	23	17	34	41	34	31	49	28	15	38	19	27	44	33	11	35	15	27	10	19	28	21	43	42	38	41	46	49	16	39	25	13	47	49	36	32	10	49	27	13	39	14	49	12	11	43	34	15	25	31	24	44	44	36	16	16	23	24	13	20	29	30	29	28	27	14	25	18	50	19	41	29	44	20	22	44	19	29	41	11	17	20	34	10	44	43	18	34	15	33	21	17	23	26	50	22	
0.5
80
