3465
100
0	0	0	0	0	0	0	0	0	0	0	0	192	0	0	0	0	0	0	0	0	0	0	0	0	0	0	0	0	0	0	0	0	0	0	0	0	0	0	0	0	0	0	0	0	0	0	0	0	0	0	0	0	0	0	0	0	0	0	0	0	0	0	0	0	0	0	0	0	0	0	0	0	0	0	500	0	0	0	0	0	96	0	0	0	0	0	0	0	0	0	0	0	0	0	0	0	0	0	0	
0	0	0	0	0	0	0	0	0	0	0	96	0	0	0	0	0	0	0	0	0	0	0	0	0	0	0	0	0	0	0	0	0	0	0	0	0	0	0	0	0	0	0	0	0	0	0	0	0	0	0	0	0	0	0	0	0	0	0	0	0	0	0	0	0	0	0	0	0	0	0	0	0	0	500	48	0	0	0	0	0	0	0	0	0	0	0	0	0	0	0	0	0	0	0	0	0	0	0	0	
0	0	0	0	0	0	0	0	0	0	0	0	0	0	0	0	0	0	0	0	0	0	0	0	0	0	0	0	0	500	0	0	0	0	0	0	0	0	0	0	0	0	0	0	0	0	0	0	0	0	0	0	0	0	0	0	0	0	0	0	0	0	0	0	0	0	0	0	192	0	0	0	0	0	0	0	0	0	0	0	0	0	0	0	0	0	0	0	0	0	0	0	0	0	0	0	0	0	0	0	
0	0	0	0	0	0	0	0	0	0	0	0	0	0	0	0	0	0	0	0	0	0	0	0	0	0	0	0	0	0	0	0	0	0	0	0	0	0	0	0	0	0	0	0	0	0	0	96	0	0	0	0	0	0	0	0	0	0	0	0	0	0	0	0	0	0	0	0	0	0	0	500	0	0	0	0	0	0	0	0	0	0	0	0	0	0	0	0	0	0	0	0	0	0	0	0	0	0	0	0	
0	0	0	0	0	0	0	0	0	0	0	0	0	0	0	96	0	0	0	0	0	0	0	0	0	0	0	0	500	0	0	0	0	0	500	0	0	0	0	0	0	0	0	0	0	0	0	0	0	0	0	0	0	0	0	0	0	0	0	0	0	0	0	0	0	0	0	0	0	0	0	0	0	0	0	0	0	0	0	0	0	0	0	0	0	0	0	0	0	0	0	0	0	0	0	0	0	0	0	0	
0	0	0	0	0	0	0	0	0	0	0	0	0	0	0	0	0	0	0	0	0	0	0	0	0	0	0	0	192	0	0	0	0	0	0	0	192	0	0	0	0	0	0	0	0	0	0	0	0	0	0	0	0	0	0	0	0	0	0	0	0	0	0	0	0	192	0	0	0	0	0	0	0	0	0	0	0	0	0	0	0	0	0	0	0	0	0	0	0	0	500	0	192	0	0	0	0	0	0	0	
0	0	0	0	0	0	0	0	0	0	0	0	0	0	0	0	0	96	0	192	0	0	0	0	0	0	0	0	0	0	0	0	0	0	0	0	0	0	0	0	0	0	0	0	0	0	0	0	0	0	0	0	0	0	0	0	0	0	0	0	0	0	0	0	0	0	0	0	0	0	0	0	0	0	0	0	0	0	0	0	0	0	0	0	0	0	0	0	0	0	0	0	0	0	0	0	0	0	0	0	
0	0	0	0	0	0	0	0	0	0	0	0	0	0	0	0	0	0	0	0	0	0	0	0	0	0	0	0	0	0	0	0	0	0	0	0	0	0	0	0	0	0	0	0	0	0	0	0	48	0	0	0	0	0	0	500	0	0	0	0	0	0	0	0	0	0	0	0	0	0	0	0	0	0	0	0	0	0	0	0	0	0	0	0	0	0	0	0	0	0	0	0	0	0	0	0	0	0	0	0	
0	0	0	0	0	0	0	0	0	96	0	0	0	0	0	0	0	0	0	0	0	0	0	0	0	0	0	0	0	96	0	0	0	0	0	0	0	0	500	0	0	0	0	0	0	0	0	0	0	0	0	0	0	0	0	0	0	0	0	0	0	0	0	0	0	0	0	0	0	0	0	0	0	0	0	0	0	0	0	0	0	0	0	0	192	0	0	0	0	0	0	0	0	0	0	0	0	0	0	0	
0	0	0	0	0	0	0	0	96	0	0	0	0	0	0	0	0	0	0	0	0	0	0	0	0	0	0	0	0	0	0	0	0	0	0	0	0	0	0	0	0	0	0	0	0	0	0	0	0	0	0	0	0	0	0	0	0	0	0	0	0	0	0	0	0	0	0	0	0	0	0	0	0	0	0	0	0	0	0	0	0	0	0	0	48	0	0	0	0	0	0	0	0	0	0	0	0	0	0	0	
0	0	0	0	0	0	0	0	0	0	0	0	0	0	0	0	0	0	48	0	0	0	0	0	0	0	0	0	0	0	0	0	0	0	0	0	0	0	0	0	0	0	0	0	0	0	0	0	0	0	0	0	0	0	0	0	0	0	0	0	0	0	0	0	0	0	0	0	0	0	0	0	0	0	0	0	0	0	0	500	0	192	0	0	0	0	0	0	0	0	0	96	0	0	0	0	0	0	0	0	
0	96	0	0	0	0	0	0	0	0	0	0	0	0	0	0	0	0	0	0	0	0	0	0	0	0	0	0	0	0	0	0	0	0	0	0	0	0	0	0	0	0	0	0	0	0	0	0	0	0	0	0	0	0	0	0	0	0	0	0	0	0	0	0	0	0	0	0	0	0	0	0	0	0	0	192	0	0	0	0	0	0	0	0	0	0	0	0	0	0	0	0	0	0	0	0	0	0	0	0	
192	0	0	0	0	0	0	0	0	0	0	0	0	0	0	0	0	0	0	0	0	0	0	0	0	0	96	0	0	0	0	500	0	0	0	0	0	0	0	0	0	0	0	0	0	0	0	0	0	0	0	0	0	0	0	0	0	0	0	0	0	0	0	0	0	0	0	0	0	0	0	0	0	0	0	0	0	0	0	0	0	0	0	0	0	0	0	0	0	0	0	0	0	0	0	0	0	0	0	0	
0	0	0	0	0	0	0	0	0	0	0	0	0	0	0	0	0	0	0	0	0	0	0	0	0	500	0	0	0	0	0	0	0	0	0	0	0	0	0	96	0	0	0	0	0	0	0	0	0	0	0	0	0	0	0	0	0	0	0	0	0	0	0	0	0	0	0	0	0	0	0	0	0	0	0	0	0	0	0	0	0	0	0	0	0	0	0	0	0	0	0	0	0	0	0	0	0	0	96	0	
0	0	0	0	0	0	0	0	0	0	0	0	0	0	0	0	0	0	0	0	0	0	0	0	0	0	0	48	0	0	0	0	0	0	0	0	0	0	0	0	0	0	0	0	0	0	0	0	0	0	0	0	0	0	0	0	0	0	0	0	0	0	0	96	0	0	0	0	0	0	0	0	0	0	0	0	0	0	0	0	0	0	0	0	0	0	0	0	0	0	0	0	0	0	0	0	0	0	0	0	
0	0	0	0	96	0	0	0	0	0	0	0	0	0	0	0	0	0	0	0	0	0	0	0	0	0	0	0	0	0	0	0	0	0	192	0	0	0	0	0	0	0	0	0	0	0	0	0	0	0	0	0	0	0	0	0	0	0	0	0	0	0	0	0	0	0	0	0	0	0	0	0	0	0	0	0	0	0	0	0	0	0	0	0	0	0	0	0	0	0	0	0	0	0	0	0	0	0	0	0	
0	0	0	0	0	0	0	0	0	0	0	0	0	0	0	0	0	0	0	0	0	0	0	0	0	0	0	0	0	0	0	0	0	0	0	0	0	0	0	0	0	0	0	0	48	0	0	0	48	0	0	0	0	0	0	192	500	0	0	0	0	0	0	0	0	0	0	0	0	0	0	0	0	0	0	0	0	0	0	0	0	0	0	0	0	0	0	0	0	0	0	0	0	0	0	0	0	0	0	0	
0	0	0	0	0	0	96	0	0	0	0	0	0	0	0	0	0	0	0	0	0	0	0	0	0	0	0	0	0	0	0	0	0	0	0	0	0	0	0	0	0	0	0	0	0	0	0	0	0	0	0	0	0	0	0	0	0	0	0	0	0	48	0	0	0	0	0	0	0	0	0	0	0	0	0	0	0	0	0	0	0	0	0	0	0	0	0	0	0	0	0	0	0	0	0	0	0	0	0	0	
0	0	0	0	0	0	0	0	0	0	48	0	0	0	0	0	0	0	0	0	0	0	0	0	0	0	0	0	0	0	0	0	0	0	0	0	0	0	0	0	0	0	0	0	0	0	0	0	0	0	0	0	0	0	0	0	0	0	0	0	0	0	0	0	0	0	0	0	0	0	0	0	0	0	0	0	0	0	0	500	0	96	0	0	0	0	0	0	0	0	0	0	0	0	0	0	0	0	0	0	
0	0	0	0	0	0	192	0	0	0	0	0	0	0	0	0	0	0	0	0	0	0	0	0	0	0	0	0	0	0	0	0	0	0	0	0	0	96	0	0	0	0	0	0	0	0	0	0	0	0	0	0	0	0	0	0	0	0	0	0	0	0	0	0	0	0	0	0	0	0	0	0	0	0	0	0	0	0	0	0	0	0	0	0	0	0	0	0	0	0	0	0	0	0	0	0	0	0	0	0	
0	0	0	0	0	0	0	0	0	0	0	0	0	0	0	0	0	0	0	0	0	0	0	0	0	0	0	0	0	0	0	0	0	0	0	0	0	0	0	0	0	0	0	0	0	0	0	0	0	0	0	0	0	0	0	0	48	0	0	0	0	0	0	0	0	0	0	0	0	0	0	0	192	48	0	0	0	0	0	0	0	0	0	0	0	0	0	0	0	0	0	0	0	0	0	0	0	0	0	0	
0	0	0	0	0	0	0	0	0	0	0	0	0	0	0	0	0	0	0	0	0	0	0	0	0	0	0	0	0	0	0	0	0	0	0	0	0	0	0	0	0	0	0	0	0	0	48	0	0	0	0	0	0	0	0	0	0	0	0	0	0	0	0	0	0	0	0	0	0	0	0	0	0	0	0	0	0	0	0	0	0	0	0	0	0	0	0	0	0	0	0	0	0	0	0	500	0	0	0	0	
0	0	0	0	0	0	0	0	0	0	0	0	0	0	0	0	0	0	0	0	0	0	0	0	0	0	0	0	0	0	96	0	0	0	0	500	0	0	0	0	0	0	0	0	0	0	0	0	0	0	0	0	0	0	0	0	0	0	0	0	0	0	0	0	0	0	0	0	0	0	0	0	0	0	0	0	48	0	0	0	0	0	0	0	0	0	0	0	0	0	0	0	0	0	0	0	0	0	0	0	
0	0	0	0	0	0	0	0	0	0	0	0	0	0	0	0	0	0	0	0	0	0	0	0	0	0	0	0	0	0	0	0	0	0	0	0	0	0	0	0	0	0	0	0	0	96	0	0	0	0	0	0	0	0	0	0	0	0	0	0	0	0	0	0	0	0	0	0	0	0	0	0	0	0	0	0	0	0	0	0	0	0	0	96	0	0	0	0	0	0	0	0	0	0	0	0	0	0	0	0	
0	0	0	0	0	0	0	0	0	0	0	0	0	0	0	0	0	0	0	0	0	0	0	0	0	0	0	0	0	0	0	0	0	0	0	0	0	0	0	0	0	0	0	0	0	0	0	0	0	0	0	0	0	0	0	0	0	0	48	0	0	0	0	0	0	0	0	0	0	0	0	0	0	0	0	0	0	0	0	0	0	0	0	0	0	0	0	0	0	48	0	0	0	0	0	0	0	0	0	0	
0	0	0	0	0	0	0	0	0	0	0	0	0	500	0	0	0	0	0	0	0	0	0	0	0	0	0	0	0	0	0	0	0	0	0	0	0	0	0	500	0	0	0	0	0	0	0	0	0	0	0	0	0	0	0	0	0	0	0	0	0	0	0	0	0	0	0	0	0	0	0	0	0	0	0	0	0	0	0	0	0	0	0	0	0	0	0	0	0	0	0	0	0	0	0	0	0	0	0	0	
0	0	0	0	0	0	0	0	0	0	0	0	96	0	0	0	0	0	0	0	0	0	0	0	0	0	0	0	0	0	0	500	0	0	0	0	0	0	0	0	0	0	0	0	0	0	0	0	0	0	0	0	0	0	0	0	0	0	0	0	0	0	0	0	0	0	0	0	0	0	0	0	0	0	0	0	0	0	0	0	0	0	0	0	0	0	0	0	500	0	0	0	0	0	0	0	0	0	0	0	
0	0	0	0	0	0	0	0	0	0	0	0	0	0	48	0	0	0	0	0	0	0	0	0	0	0	0	0	0	0	0	0	0	0	0	0	0	0	0	0	0	0	0	0	0	0	0	0	0	0	0	0	0	0	0	0	0	0	0	0	0	0	0	96	0	0	0	0	0	0	0	0	0	0	0	0	0	0	0	0	0	0	0	0	0	0	0	0	0	0	0	0	0	0	0	0	192	0	0	0	
0	0	0	0	500	192	0	0	0	0	0	0	0	0	0	0	0	0	0	0	0	0	0	0	0	0	0	0	0	0	0	0	0	0	0	0	0	0	0	0	0	0	0	0	0	0	0	0	0	0	0	0	0	0	0	0	0	0	0	0	0	0	0	0	0	0	0	0	0	0	0	0	0	0	0	0	0	0	0	0	0	0	0	0	0	0	0	0	0	0	0	0	0	0	0	0	0	0	0	0	
0	0	500	0	0	0	0	0	96	0	0	0	0	0	0	0	0	0	0	0	0	0	0	0	0	0	0	0	0	0	0	0	0	0	0	0	0	0	0	0	0	0	0	0	0	0	0	0	0	0	0	0	0	0	0	0	0	0	0	0	0	0	0	0	0	0	0	0	0	0	0	0	0	0	0	0	0	0	0	0	0	0	0	0	0	0	0	0	0	0	0	0	0	0	0	0	0	0	0	0	
0	0	0	0	0	0	0	0	0	0	0	0	0	0	0	0	0	0	0	0	0	0	96	0	0	0	0	0	0	0	0	0	0	0	0	0	0	0	0	0	0	0	0	0	0	0	0	0	0	0	0	0	0	0	192	0	0	0	0	0	0	0	0	0	0	0	0	0	0	0	0	0	0	0	0	0	0	0	0	0	0	0	0	0	0	0	0	0	0	0	0	0	0	0	0	0	0	0	0	0	
0	0	0	0	0	0	0	0	0	0	0	0	500	0	0	0	0	0	0	0	0	0	0	0	0	0	500	0	0	0	0	0	0	0	0	0	0	0	0	0	0	0	0	0	0	0	0	0	0	0	0	0	0	0	0	0	0	0	0	0	0	0	0	0	0	0	0	0	0	0	0	0	0	0	0	0	0	0	0	0	0	0	0	0	0	0	0	0	96	0	0	0	0	0	0	0	0	0	0	0	
0	0	0	0	0	0	0	0	0	0	0	0	0	0	0	0	0	0	0	0	0	0	0	0	0	0	0	0	0	0	0	0	0	0	0	0	0	0	0	0	0	0	0	0	0	0	0	0	0	0	0	0	0	0	0	0	0	0	48	0	0	0	0	0	0	0	0	0	0	0	0	0	0	0	0	0	0	48	0	0	0	0	0	0	0	0	0	0	0	0	0	0	0	0	0	0	0	0	0	0	
0	0	0	0	0	0	0	0	0	0	0	0	0	0	0	0	0	0	0	0	0	0	0	0	0	0	0	0	0	0	0	0	0	0	0	0	0	0	0	0	0	48	0	0	0	0	0	0	0	0	0	0	0	0	0	0	0	0	0	0	0	0	0	0	0	0	0	0	0	0	0	0	0	0	0	0	192	0	0	0	0	0	0	0	0	0	0	0	0	0	0	0	0	0	0	0	0	0	0	0	
0	0	0	0	500	0	0	0	0	0	0	0	0	0	0	192	0	0	0	0	0	0	0	0	0	0	0	0	0	0	0	0	0	0	0	0	0	0	0	0	0	0	0	0	0	0	0	0	0	0	96	0	0	0	0	0	0	0	0	0	0	0	0	0	0	96	0	0	0	0	0	0	0	0	0	0	0	0	0	0	0	0	192	0	0	0	0	0	0	0	0	0	0	0	0	0	0	0	0	0	
0	0	0	0	0	0	0	0	0	0	0	0	0	0	0	0	0	0	0	0	0	0	500	0	0	0	0	0	0	0	0	0	0	0	0	0	0	0	0	0	0	0	0	0	0	0	0	0	0	0	0	0	0	0	0	0	0	0	0	0	0	0	96	0	0	0	0	0	0	0	0	0	0	0	0	0	0	0	0	0	0	0	0	0	0	0	0	0	0	0	0	0	0	0	0	0	0	0	0	0	
0	0	0	0	0	192	0	0	0	0	0	0	0	0	0	0	0	0	0	0	0	0	0	0	0	0	0	0	0	0	0	0	0	0	0	0	0	0	0	0	0	0	0	0	0	0	0	0	0	0	0	0	0	0	0	0	0	0	0	0	0	0	0	0	0	192	0	0	0	0	0	0	0	0	0	0	0	0	0	0	0	0	0	0	0	0	0	0	0	0	0	0	0	0	0	0	0	0	0	0	
0	0	0	0	0	0	0	0	0	0	0	0	0	0	0	0	0	0	0	96	0	0	0	0	0	0	0	0	0	0	0	0	0	0	0	0	0	0	0	0	0	0	0	0	0	0	0	0	0	0	0	0	0	0	0	0	0	0	0	0	0	0	0	0	0	0	0	0	0	0	0	0	0	0	500	0	0	0	0	0	0	0	0	0	0	0	0	0	0	0	0	0	0	0	0	0	0	0	0	0	
0	0	0	0	0	0	0	0	500	0	0	0	0	0	0	0	0	0	0	0	0	0	0	0	0	0	0	0	0	0	0	0	0	0	0	0	0	0	0	0	0	0	0	0	0	0	0	0	0	0	0	0	0	0	0	0	0	0	0	0	0	0	0	0	0	0	0	0	0	0	0	192	0	0	0	0	0	0	0	0	0	0	0	0	0	0	0	0	0	0	0	0	0	0	0	0	0	0	0	0	
0	0	0	0	0	0	0	0	0	0	0	0	0	96	0	0	0	0	0	0	0	0	0	0	0	500	0	0	0	0	0	0	0	0	0	0	0	0	0	0	0	0	0	0	0	0	0	0	0	0	0	0	0	0	0	0	0	0	0	0	0	0	0	0	0	0	0	48	0	0	0	0	0	0	0	0	0	0	0	0	0	0	0	0	0	0	0	0	0	0	0	0	0	0	48	0	0	0	0	0	
0	0	0	0	0	0	0	0	0	0	0	0	0	0	0	0	0	0	0	0	0	0	0	0	0	0	0	0	0	0	0	0	0	0	0	0	0	0	0	0	0	0	0	500	0	0	0	48	0	0	0	48	0	0	0	0	0	0	0	0	0	0	0	0	0	0	0	0	0	0	0	0	0	0	0	0	0	0	0	0	0	0	0	0	0	0	0	0	0	0	0	0	0	0	0	0	0	0	0	0	
0	0	0	0	0	0	0	0	0	0	0	0	0	0	0	0	0	0	0	0	0	0	0	0	0	0	0	0	0	0	0	0	0	48	0	0	0	0	0	0	0	0	0	0	0	0	0	0	0	0	0	0	0	0	0	0	0	0	0	0	0	0	0	0	0	0	0	0	0	0	0	0	0	0	0	0	0	0	0	0	500	0	0	0	0	96	0	0	0	0	0	0	0	0	0	0	0	0	0	0	
0	0	0	0	0	0	0	0	0	0	0	0	0	0	0	0	0	0	0	0	0	0	0	0	0	0	0	0	0	0	0	0	0	0	0	0	0	0	0	0	0	0	0	0	0	0	0	0	0	0	500	0	0	0	0	0	0	0	0	0	0	0	0	0	48	48	0	0	0	0	0	0	0	0	0	0	0	0	0	0	0	0	192	0	0	0	0	500	0	0	0	0	0	0	0	0	0	0	0	0	
0	0	0	0	0	0	0	0	0	0	0	0	0	0	0	0	0	0	0	0	0	0	0	0	0	0	0	0	0	0	0	0	0	0	0	0	0	0	0	0	500	0	0	0	0	0	0	0	0	0	0	500	0	0	0	0	0	0	0	0	0	0	0	0	0	0	500	0	0	0	0	0	0	0	0	0	0	0	0	0	0	0	0	0	0	0	96	0	0	0	0	0	0	500	0	0	0	0	0	0	
0	0	0	0	0	0	0	0	0	0	0	0	0	0	0	0	48	0	0	0	0	0	0	0	0	0	0	0	0	0	0	0	0	0	0	0	0	0	0	0	0	0	0	0	0	0	0	0	0	0	0	0	0	0	0	0	48	0	0	0	0	0	0	0	0	0	0	0	0	0	0	0	0	0	0	0	0	0	0	0	0	0	0	0	0	0	0	0	0	0	0	0	0	0	0	0	96	0	0	0	
0	0	0	0	0	0	0	0	0	0	0	0	0	0	0	0	0	0	0	0	0	0	0	96	0	0	0	0	0	0	0	0	0	0	0	0	0	0	0	0	0	0	0	0	0	0	0	0	0	0	0	0	0	0	0	0	0	0	0	0	0	0	0	0	0	0	0	0	0	0	0	0	0	0	0	0	0	0	192	0	0	0	0	0	0	0	0	0	0	0	0	0	0	0	0	0	0	0	0	0	
0	0	0	0	0	0	0	0	0	0	0	0	0	0	0	0	0	0	0	0	0	48	0	0	0	0	0	0	0	0	0	0	0	0	0	0	0	0	0	0	0	0	0	0	0	0	0	0	0	0	0	0	192	0	0	0	0	0	0	0	0	0	0	0	0	0	0	0	0	0	0	0	0	0	0	0	0	0	0	0	0	0	0	0	0	0	0	0	0	0	0	0	0	0	0	192	0	96	0	0	
0	0	0	96	0	0	0	0	0	0	0	0	0	0	0	0	0	0	0	0	0	0	0	0	0	0	0	0	0	0	0	0	0	0	0	0	0	0	0	0	48	0	0	0	0	0	0	0	0	0	0	0	0	0	0	0	0	0	0	0	0	0	0	0	0	0	0	0	0	0	0	0	0	0	0	0	0	0	0	0	0	0	0	0	0	0	0	0	0	0	0	0	0	0	0	0	0	0	0	0	
0	0	0	0	0	0	0	48	0	0	0	0	0	0	0	0	48	0	0	0	0	0	0	0	0	0	0	0	0	0	0	0	0	0	0	0	0	0	0	0	0	0	0	0	0	0	0	0	0	0	0	0	0	0	0	0	0	0	0	0	0	0	0	0	0	0	0	0	0	0	0	0	0	0	0	0	0	0	0	0	0	0	0	0	0	0	0	0	0	0	0	0	0	0	0	0	0	0	0	0	
0	0	0	0	0	0	0	0	0	0	0	0	0	0	0	0	0	0	0	0	0	0	0	0	0	0	0	0	0	0	0	0	0	0	0	0	0	0	0	0	0	0	0	0	0	0	0	0	0	0	0	0	0	0	0	0	0	0	0	0	0	0	0	0	0	0	0	0	0	0	0	0	0	0	0	0	0	0	192	0	0	0	0	0	0	0	0	0	0	0	0	0	0	0	0	0	500	0	0	0	
0	0	0	0	0	0	0	0	0	0	0	0	0	0	0	0	0	0	0	0	0	0	0	0	0	0	0	0	0	0	0	0	0	0	96	0	0	0	0	0	0	0	500	0	0	0	0	0	0	0	0	0	0	0	0	0	0	0	0	0	0	0	0	0	0	0	0	0	0	0	0	0	0	0	0	0	0	0	0	0	0	0	0	0	0	0	0	96	0	0	0	192	0	0	0	0	0	0	0	0	
0	0	0	0	0	0	0	0	0	0	0	0	0	0	0	0	0	0	0	0	0	0	0	0	0	0	0	0	0	0	0	0	0	0	0	0	0	0	0	0	48	0	0	500	0	0	0	0	0	0	0	0	0	0	0	0	0	0	0	0	0	0	0	0	0	0	500	0	0	0	0	0	0	0	0	0	0	0	0	0	0	0	0	0	0	0	0	0	0	0	0	0	0	0	0	0	0	0	0	0	
0	0	0	0	0	0	0	0	0	0	0	0	0	0	0	0	0	0	0	0	0	0	0	0	0	0	0	0	0	0	0	0	0	0	0	0	0	0	0	0	0	0	0	0	0	0	192	0	0	0	0	0	0	0	0	0	0	0	0	0	0	0	0	0	0	0	0	0	0	0	0	0	0	0	0	0	0	0	0	0	0	0	0	0	0	0	0	0	0	500	0	0	0	0	0	192	0	500	0	0	
0	0	0	0	0	0	0	0	0	0	0	0	0	0	0	0	0	0	0	0	0	0	0	0	0	0	0	0	0	0	0	0	0	0	0	0	0	0	0	0	0	0	0	0	0	0	0	0	0	0	0	0	0	0	0	0	0	0	0	0	0	0	0	0	0	0	0	0	0	0	0	0	0	0	0	0	0	0	0	0	0	0	0	0	500	0	0	0	0	0	0	0	0	0	0	0	0	0	0	500	
0	0	0	0	0	0	0	0	0	0	0	0	0	0	0	0	0	0	0	0	0	0	0	0	0	0	0	0	0	0	192	0	0	0	0	0	0	0	0	0	0	0	0	0	0	0	0	0	0	0	0	0	0	0	0	0	0	0	0	0	0	0	500	0	0	0	0	0	0	0	0	0	0	0	0	0	0	0	0	0	0	0	0	0	0	0	0	0	0	0	500	0	0	0	0	0	0	0	0	0	
0	0	0	0	0	0	0	500	0	0	0	0	0	0	0	0	192	0	0	0	0	0	0	0	0	0	0	0	0	0	0	0	0	0	0	0	0	0	0	0	0	0	0	0	0	0	0	0	0	0	0	0	0	0	0	0	0	0	0	0	0	0	0	0	0	0	0	0	0	0	0	0	0	0	0	0	0	0	0	0	0	0	0	0	0	0	0	0	0	0	0	0	0	0	0	0	0	0	0	0	
0	0	0	0	0	0	0	0	0	0	0	0	0	0	0	0	500	0	0	0	48	0	0	0	0	0	0	0	0	0	0	0	0	0	0	0	0	0	0	0	0	0	0	0	48	0	0	0	0	0	0	0	0	0	0	0	0	0	0	0	0	0	0	0	0	0	0	0	0	0	0	0	0	500	0	0	0	0	0	0	0	0	0	0	0	0	0	0	0	0	0	0	0	0	0	0	0	0	0	0	
0	0	0	0	0	0	0	0	0	0	0	0	0	0	0	0	0	0	0	0	0	0	0	0	0	0	0	0	0	0	0	0	0	0	0	0	0	0	0	0	0	0	0	0	0	0	0	0	0	0	0	0	0	0	0	0	0	0	192	0	0	0	0	0	0	0	0	0	0	0	0	0	0	0	0	0	0	0	0	0	0	0	0	0	0	0	0	0	0	192	0	0	0	96	0	0	0	0	0	0	
0	0	0	0	0	0	0	0	0	0	0	0	0	0	0	0	0	0	0	0	0	0	0	0	48	0	0	0	0	0	0	0	48	0	0	0	0	0	0	0	0	0	0	0	0	0	0	0	0	0	0	0	0	0	0	0	0	192	0	0	0	0	0	0	0	0	0	0	0	0	0	0	0	0	0	0	0	0	0	0	0	0	0	0	0	0	0	0	0	48	0	0	0	0	0	0	0	0	0	0	
0	0	0	0	0	0	0	0	0	0	0	0	0	0	0	0	0	0	0	0	0	0	0	0	0	0	0	0	0	0	0	0	0	0	0	0	0	0	0	0	0	0	0	0	0	0	0	0	0	0	0	0	0	0	0	0	0	0	0	0	0	0	0	0	0	0	0	500	0	0	0	0	0	0	0	0	0	0	0	0	0	0	0	0	0	0	0	0	0	0	0	0	0	0	192	0	96	0	0	0	
0	0	0	0	0	0	0	0	0	0	0	0	0	0	0	0	0	0	0	0	0	0	0	0	0	0	0	0	0	0	0	0	0	0	0	0	0	0	0	0	0	0	0	0	0	0	0	0	0	0	0	0	0	0	0	0	0	0	0	0	0	0	0	0	0	0	0	0	0	0	96	0	0	0	0	0	0	0	0	0	0	0	0	500	0	0	0	0	0	0	0	0	0	0	0	0	48	0	0	48	
0	0	0	0	0	0	0	0	0	0	0	0	0	0	0	0	0	48	0	0	0	0	0	0	0	0	0	0	0	0	0	0	0	0	0	0	0	0	0	0	0	0	0	0	0	0	0	0	0	0	0	0	0	0	0	0	0	0	0	0	0	0	0	0	0	0	0	0	0	0	0	0	0	0	0	0	0	500	0	0	0	0	0	0	0	0	0	0	0	0	0	0	0	0	0	0	0	0	0	0	
0	0	0	0	0	0	0	0	0	0	0	0	0	0	0	0	0	0	0	0	0	0	0	0	0	0	0	0	0	0	0	0	0	0	0	96	0	0	0	0	0	0	0	0	0	0	0	0	0	0	0	0	0	0	500	0	0	0	0	0	0	0	0	0	0	0	0	0	0	0	0	0	0	0	0	0	0	0	0	0	0	0	0	0	0	0	0	0	0	0	0	0	0	0	0	0	0	0	0	0	
0	0	0	0	0	0	0	0	0	0	0	0	0	0	96	0	0	0	0	0	0	0	0	0	0	0	0	96	0	0	0	0	0	0	0	0	0	0	0	0	0	0	0	0	0	0	0	0	0	0	0	0	0	0	0	0	0	0	0	0	0	0	0	0	0	0	0	0	0	0	0	0	0	0	0	0	0	0	0	0	0	0	0	0	0	0	0	0	0	0	0	0	0	0	0	0	0	0	0	0	
0	0	0	0	0	0	0	0	0	0	0	0	0	0	0	0	0	0	0	0	0	0	0	0	0	0	0	0	0	0	0	0	0	0	0	0	0	0	0	0	0	0	48	0	0	0	0	0	0	0	0	0	0	0	0	0	0	0	0	0	0	0	0	0	0	192	0	0	0	0	0	0	0	0	0	0	0	0	0	96	0	0	0	0	0	0	0	500	0	0	0	500	0	0	0	0	0	0	0	0	
0	0	0	0	0	192	0	0	0	0	0	0	0	0	0	0	0	0	0	0	0	0	0	0	0	0	0	0	0	0	0	0	0	0	96	0	192	0	0	0	0	0	48	0	0	0	0	0	0	0	0	0	0	0	0	0	0	0	0	0	0	0	0	0	192	0	0	0	0	0	0	0	0	0	0	0	0	0	0	0	0	0	0	0	0	0	0	0	0	0	0	0	0	0	0	0	0	0	0	0	
0	0	0	0	0	0	0	0	0	0	0	0	0	0	0	0	0	0	0	0	0	0	0	0	0	0	0	0	0	0	0	0	0	0	0	0	0	0	0	0	0	0	0	500	0	0	0	0	0	0	0	500	0	0	0	0	0	0	0	0	0	0	0	0	0	0	0	0	0	0	0	0	0	0	0	0	0	0	0	0	0	0	0	0	0	0	0	0	0	0	0	0	0	0	0	0	0	0	0	0	
0	0	0	0	0	0	0	0	0	0	0	0	0	0	0	0	0	0	0	0	0	0	0	0	0	0	0	0	0	0	0	0	0	0	0	0	0	0	0	48	0	0	0	0	0	0	0	0	0	0	0	0	0	0	0	0	0	0	0	500	0	0	0	0	0	0	0	0	0	0	0	0	0	0	0	0	0	0	0	0	0	0	0	0	0	0	0	0	0	0	0	0	0	0	0	0	0	0	0	0	
0	0	192	0	0	0	0	0	0	0	0	0	0	0	0	0	0	0	0	0	0	0	0	0	0	0	0	0	0	0	0	0	0	0	0	0	0	0	0	0	0	0	0	0	0	0	0	0	0	0	0	0	0	0	0	0	0	0	0	0	0	0	0	0	0	0	0	0	0	0	96	0	0	0	0	0	0	0	0	0	0	0	0	0	0	0	48	0	0	0	0	0	0	48	0	0	0	0	0	0	
0	0	0	0	0	0	0	0	0	0	0	0	0	0	0	0	0	0	0	0	0	0	0	0	0	0	0	0	0	0	0	0	0	0	0	0	0	0	0	0	0	0	0	0	0	0	0	0	0	0	0	0	0	0	0	0	0	0	0	0	0	0	0	0	0	0	0	0	0	0	0	0	0	0	0	0	0	0	0	0	0	0	0	96	0	0	0	0	0	0	0	0	0	0	0	0	0	0	0	96	
0	0	0	0	0	0	0	0	0	0	0	0	0	0	0	0	0	0	0	0	0	0	0	0	0	0	0	0	0	0	0	0	0	0	0	0	0	0	0	0	0	0	0	0	0	0	0	0	0	0	0	0	0	0	0	0	0	0	0	0	96	0	0	0	0	0	0	0	96	0	0	0	0	0	0	0	0	0	0	0	0	0	0	0	0	0	0	0	0	0	0	0	0	0	0	0	0	0	0	0	
0	0	0	500	0	0	0	0	0	0	0	0	0	0	0	0	0	0	0	0	0	0	0	0	0	0	0	0	0	0	0	0	0	0	0	0	0	0	192	0	0	0	0	0	0	0	0	0	0	0	0	0	0	0	0	0	0	0	0	0	0	0	0	0	0	0	0	0	0	0	0	0	0	0	0	0	0	0	0	0	0	0	0	0	0	0	0	0	0	0	0	0	0	0	0	0	0	0	0	0	
0	0	0	0	0	0	0	0	0	0	0	0	0	0	0	0	0	0	0	0	192	0	0	0	0	0	0	0	0	0	0	0	0	0	0	0	0	0	0	0	0	0	0	0	0	0	0	0	0	0	0	0	0	0	0	0	0	0	0	0	0	0	0	0	0	0	0	0	0	0	0	0	0	48	0	0	0	0	0	0	0	0	0	0	0	0	0	0	0	0	0	0	0	0	0	0	0	0	96	0	
0	0	0	0	0	0	0	0	0	0	0	0	0	0	0	0	0	0	0	0	48	0	0	0	0	0	0	0	0	0	0	0	0	0	0	0	0	0	0	0	0	0	0	0	0	0	0	0	0	0	0	0	0	0	0	0	500	0	0	0	0	0	0	0	0	0	0	0	0	0	0	0	48	0	192	0	0	0	0	0	0	0	0	0	0	0	0	0	0	0	0	0	0	0	0	0	0	0	0	0	
0	500	0	0	0	0	0	0	0	0	0	0	0	0	0	0	0	0	0	0	0	0	0	0	0	0	0	0	0	0	0	0	0	0	0	0	0	500	0	0	0	0	0	0	0	0	0	0	0	0	0	0	0	0	0	0	0	0	0	0	0	0	0	0	0	0	0	0	0	0	0	0	0	192	0	0	0	0	0	0	0	0	0	0	0	0	0	0	0	0	0	0	0	0	0	0	0	0	0	0	
500	48	0	0	0	0	0	0	0	0	0	192	0	0	0	0	0	0	0	0	0	0	0	0	0	0	0	0	0	0	0	0	0	0	0	0	0	0	0	0	0	0	0	0	0	0	0	0	0	0	0	0	0	0	0	0	0	0	0	0	0	0	0	0	0	0	0	0	0	0	0	0	0	0	0	0	0	0	0	0	0	0	0	0	0	0	0	0	0	0	0	0	0	0	0	0	0	0	0	0	
0	0	0	0	0	0	0	0	0	0	0	0	0	0	0	0	0	0	0	0	0	0	48	0	0	0	0	0	0	0	0	0	0	192	0	0	0	0	0	0	0	0	0	0	0	0	0	0	0	0	0	0	0	0	0	0	0	0	0	0	0	0	0	0	0	0	0	0	0	0	0	0	0	0	0	0	0	0	0	0	0	0	0	0	0	0	0	0	0	0	0	0	0	0	0	0	0	0	0	0	
0	0	0	0	0	0	0	0	0	0	0	0	0	0	0	0	0	0	0	0	0	0	0	0	0	0	0	0	0	0	0	0	48	0	0	0	0	0	0	0	0	0	0	0	0	0	0	0	0	0	0	0	0	0	0	0	0	0	0	0	0	500	0	0	0	0	0	0	0	0	0	0	0	0	0	0	0	0	0	0	0	0	0	0	0	0	0	0	0	0	0	0	0	0	0	0	0	0	0	0	
0	0	0	0	0	0	0	0	0	0	0	0	0	0	0	0	0	0	0	0	0	0	0	0	0	0	0	0	0	0	0	0	0	0	0	0	0	0	0	0	0	0	0	0	0	192	0	0	0	192	0	0	0	0	0	0	0	0	0	0	0	0	0	0	0	0	0	0	0	0	0	0	0	0	0	0	0	0	0	0	0	0	0	0	0	0	0	0	0	0	0	0	0	0	0	0	0	0	0	0	
0	0	0	0	0	0	0	0	0	0	500	0	0	0	0	0	0	0	500	0	0	0	0	0	0	0	0	0	0	0	0	0	0	0	0	0	0	0	0	0	0	0	0	0	0	0	0	0	0	0	0	0	0	0	0	0	0	0	0	0	0	0	0	0	96	0	0	0	0	0	0	0	0	0	0	0	0	0	0	0	0	0	0	0	0	0	0	48	0	0	0	0	500	0	0	0	0	0	0	0	
0	0	0	0	0	0	0	0	0	0	0	0	0	0	0	0	0	0	0	0	0	0	0	0	0	0	0	0	0	0	0	0	0	0	0	0	0	0	0	0	0	500	0	0	0	0	0	0	0	0	0	0	0	0	0	0	0	0	0	0	0	0	0	0	0	0	0	0	0	0	0	0	0	0	0	0	0	0	0	0	0	0	0	0	0	0	0	0	0	0	0	0	48	0	0	0	0	0	0	0	
96	0	0	0	0	0	0	0	0	0	192	0	0	0	0	0	0	0	96	0	0	0	0	0	0	0	0	0	0	0	0	0	0	0	0	0	0	0	0	0	0	0	0	0	0	0	0	0	0	0	0	0	0	0	0	0	0	0	0	0	0	0	0	0	0	0	0	0	0	0	0	0	0	0	0	0	0	0	0	0	0	0	0	0	0	0	0	0	0	0	0	0	0	0	0	0	0	0	0	0	
0	0	0	0	0	0	0	0	0	0	0	0	0	0	0	0	0	0	0	0	0	0	0	0	0	0	0	0	0	0	0	0	0	0	192	0	0	0	0	0	0	0	192	0	0	0	0	0	0	0	0	0	0	0	0	0	0	0	0	0	0	0	0	0	0	0	0	0	0	0	0	0	0	0	0	0	0	0	0	0	0	0	0	0	0	0	0	0	0	0	0	0	0	0	0	0	0	0	0	0	
0	0	0	0	0	0	0	0	0	0	0	0	0	0	0	0	0	0	0	0	0	0	0	96	0	0	0	0	0	0	0	0	0	0	0	0	0	0	0	0	0	0	0	0	0	0	0	0	0	0	0	0	0	0	0	0	0	0	0	0	500	0	0	0	0	0	0	0	0	96	0	0	0	0	0	0	0	0	0	0	0	0	0	0	0	0	0	48	0	0	0	0	0	0	0	0	0	0	0	500	
0	0	0	0	0	0	0	0	192	48	0	0	0	0	0	0	0	0	0	0	0	0	0	0	0	0	0	0	0	0	0	0	0	0	0	0	0	0	0	0	0	0	0	0	0	0	0	0	0	0	0	0	0	500	0	0	0	0	0	0	0	0	0	0	0	0	0	0	0	0	0	0	0	0	0	0	0	0	0	0	0	0	0	0	0	0	0	0	0	0	0	0	0	0	0	0	0	0	0	0	
0	0	0	0	0	0	0	0	0	0	0	0	0	0	0	0	0	0	0	0	0	0	0	0	0	0	0	0	0	0	0	0	0	0	0	0	0	0	0	0	0	96	0	0	0	0	0	0	0	0	0	0	0	0	0	0	0	0	0	0	0	0	0	0	0	0	0	0	0	0	0	0	0	0	0	0	0	0	0	0	0	0	0	0	0	0	0	0	0	0	0	0	0	0	0	192	0	0	0	0	
0	0	0	0	0	0	0	0	0	0	0	0	0	0	0	0	0	0	0	0	0	0	0	0	0	0	0	0	0	0	0	0	0	0	0	0	0	0	0	0	0	0	0	96	0	0	0	0	0	0	0	0	0	0	0	0	0	0	0	0	0	0	0	0	0	0	0	0	48	0	0	0	0	0	0	0	0	0	0	0	0	0	0	0	0	0	0	0	0	0	0	0	0	0	0	0	0	0	0	0	
0	0	0	0	0	0	0	0	0	0	0	0	0	0	0	0	0	0	0	0	0	0	0	0	0	0	0	0	0	0	0	0	0	0	0	0	0	0	0	0	0	0	500	0	0	0	0	0	0	0	96	0	0	0	0	0	0	0	0	0	0	0	0	0	500	0	0	0	0	0	0	0	0	0	0	0	0	0	0	48	0	0	0	48	0	0	0	0	0	0	0	0	0	0	0	0	0	0	0	0	
0	0	0	0	0	0	0	0	0	0	0	0	0	0	0	0	0	0	0	0	0	0	0	0	0	0	500	0	0	0	0	96	0	0	0	0	0	0	0	0	0	0	0	0	0	0	0	0	0	0	0	0	0	0	0	0	0	0	0	0	0	0	0	0	0	0	0	0	0	0	0	0	0	0	0	0	0	0	0	0	0	0	0	0	0	0	0	0	0	0	0	0	0	0	0	0	0	0	0	0	
0	0	0	0	0	0	0	0	0	0	0	0	0	0	0	0	0	0	0	0	0	0	0	0	48	0	0	0	0	0	0	0	0	0	0	0	0	0	0	0	0	0	0	0	0	0	0	0	0	0	0	0	500	0	0	0	0	192	48	0	0	0	0	0	0	0	0	0	0	0	0	0	0	0	0	0	0	0	0	0	0	0	0	0	0	0	0	0	0	0	0	0	0	0	0	0	0	0	0	0	
0	0	0	0	0	500	0	0	0	0	0	0	0	0	0	0	0	0	0	0	0	0	0	0	0	0	0	0	0	0	0	0	0	0	0	0	0	0	0	0	0	0	0	0	0	0	0	0	0	0	0	0	0	0	500	0	0	0	0	0	0	0	0	0	0	0	0	0	0	0	0	0	0	0	0	0	0	0	0	0	0	0	0	0	0	0	0	0	0	0	0	0	0	0	0	0	0	0	0	0	
0	0	0	0	0	0	0	0	0	0	96	0	0	0	0	0	0	0	0	0	0	0	0	0	0	0	0	0	0	0	0	0	0	0	0	0	0	0	0	0	0	0	0	0	0	0	0	0	0	0	192	0	0	0	0	0	0	0	0	0	0	0	0	0	500	0	0	0	0	0	0	0	0	0	0	0	0	0	0	0	0	0	0	0	0	0	0	0	0	0	0	0	0	0	0	0	0	0	0	0	
0	0	0	0	0	192	0	0	0	0	0	0	0	0	0	0	0	0	0	0	0	0	0	0	0	0	0	0	0	0	0	0	0	0	0	0	0	0	0	0	0	0	0	0	0	0	0	0	0	0	0	0	0	0	0	0	0	0	0	0	0	0	0	0	0	0	0	0	0	0	0	0	0	0	0	0	0	0	0	500	48	0	0	0	0	0	0	0	0	0	0	0	0	0	0	192	0	0	0	0	
0	0	0	0	0	0	0	0	0	0	0	0	0	0	0	0	0	0	0	0	0	0	0	0	0	0	0	0	0	0	0	0	0	0	0	0	0	0	0	0	0	0	0	500	0	0	0	0	0	0	0	0	0	0	0	0	0	96	0	0	0	0	0	0	0	0	0	0	48	0	0	0	0	0	0	0	0	0	0	0	0	0	0	0	0	0	0	0	0	0	0	0	0	0	0	0	0	0	0	0	
0	0	0	0	0	0	0	0	0	0	0	0	0	0	0	0	0	0	0	0	0	0	0	0	0	0	0	0	0	0	0	0	0	0	0	0	0	0	0	48	0	0	0	0	0	0	0	0	0	0	0	0	0	0	0	0	0	0	0	192	0	0	0	0	0	0	0	0	0	0	0	0	0	0	0	0	0	0	0	0	0	0	0	0	0	0	0	0	0	0	0	0	0	0	0	0	0	0	0	0	
0	0	0	0	0	0	0	0	0	0	0	0	0	0	0	0	0	0	0	0	0	500	0	0	0	0	0	0	0	0	0	0	0	0	0	0	0	0	0	0	0	0	0	0	0	0	192	0	0	0	0	0	192	0	0	0	0	0	0	0	0	0	0	0	0	0	0	0	0	0	0	0	0	0	0	0	0	0	0	0	0	0	0	0	0	192	0	0	0	0	0	0	192	0	0	0	0	0	0	0	
0	0	0	0	0	0	0	0	0	0	0	0	0	0	0	0	0	0	0	0	0	0	0	0	0	0	0	192	0	0	0	0	0	0	0	0	0	0	0	0	0	0	0	0	96	0	0	0	0	500	0	0	0	0	0	0	0	0	0	96	48	0	0	0	0	0	0	0	0	0	0	0	0	0	0	0	0	0	0	0	0	0	0	0	0	0	0	0	0	0	0	0	0	0	0	0	0	0	0	0	
0	0	0	0	0	0	0	0	0	0	0	0	0	0	0	0	0	0	0	0	0	0	0	0	0	0	0	0	0	0	0	0	0	0	0	0	0	0	0	0	0	0	0	0	0	0	96	0	0	0	0	0	500	0	0	0	0	0	0	0	0	0	0	0	0	0	0	0	0	0	0	0	0	0	0	0	0	0	0	0	0	0	0	0	0	0	0	0	0	0	0	0	0	0	0	0	0	0	0	0	
0	0	0	0	0	0	0	0	0	0	0	0	0	96	0	0	0	0	0	0	0	0	0	0	0	0	0	0	0	0	0	0	0	0	0	0	0	0	0	0	0	0	0	0	0	0	0	0	0	0	0	0	0	0	0	0	0	0	0	0	0	0	0	0	0	0	0	0	0	0	0	0	96	0	0	0	0	0	0	0	0	0	0	0	0	0	0	0	0	0	0	0	0	0	0	0	0	0	0	0	
0	0	0	0	0	0	0	0	0	0	0	0	0	0	0	0	0	0	0	0	0	0	0	0	0	0	0	0	0	0	0	0	0	0	0	0	0	0	0	0	0	0	0	0	0	0	0	0	0	0	0	0	0	500	0	0	0	0	0	0	48	0	0	0	0	0	0	0	0	96	0	0	0	0	0	0	0	0	0	0	0	0	0	500	0	0	0	0	0	0	0	0	0	0	0	0	0	0	0	0	
86	35	80	5	32	64	31	40	60	82	30	20	96	39	11	84	76	80	43	30	61	98	7	56	49	5	44	70	88	50	2	41	51	68	48	42	24	50	41	30	44	62	92	59	46	88	92	56	13	46	7	72	18	64	78	23	69	93	46	73	27	20	16	46	46	14	53	32	54	69	45	9	0	58	63	87	34	1	94	77	48	52	0	86	28	44	19	50	62	98	82	54	87	2	95	71	5	97	46	50	20	17	58	21	29	67	27	80	58	8	69	59	48	28	75	85	26	65	44	82	96	76	70	19	36	89	54	62	29	45	49	74	59	51	0	42	0	82	36	14	24	0	69	10	48	33	50	45	82	87	6	28	70	90	64	50	42	41	15	93	22	87	9	47	39	65	23	16	47	93	42	33	62	36	78	43	50	91	42	43	95	2	26	30	22	98	46	85	73	86	28	10	16	45	14	45	29	20	43	51	72	30	97	13	78	78	48	64	89	97	71	53	69	69	18	33	87	95	1	38	65	48	11	88	15	48	79	79	27	9	11	90	77	51	85	98	39	84	32	50	32	45	21	20	36	50	35	14	65	73	18	15	18	23	14	70	88	88	26	91	6	90	49	79	95	18	58	64	44	16	12	13	81	94	77	88	99	72	98	47	92	92	43	30	68	35	59	66	33	61	38	92	31	24	40	61	31	21	99	87	63	32	41	29	7	71	57	34	28	59	21	77	36	12	98	89	83	12	61	86	87	23	66	58	72	72	68	76	83	89	62	79	98	94	71	74	73	2	14	64	90	7	25	49	97	93	33	6	63	14	7	8	18	71	96	32	62	92	85	4	21	15	66	80	51	60	54	24	85	14	96	59	85	7	27	69	79	95	34	87	12	1	47	75	94	63	47	24	37	13	11	53	79	25	27	2	88	24	6	91	10	66	60	59	16	53	13	83	82	78	51	78	98	65	99	26	83	24	35	45	34	92	61	67	94	45	97	88	47	45	47	84	15	52	52	77	85	40	0	65	42	34	70	21	21	34	17	11	21	50	11	71	83	91	89	21	99	69	28	48	26	50	29	77	70	67	61	87	59	92	73	28	58	91	9	26	49	0	84	1	77	33	97	9	57	35	46	61	28	91	4	25	63	1	68	83	42	34	35	34	74	69	18	81	68	9	54	3	86	23	51	75	17	34	76	73	89	52	16	62	19	69	45	63	24	88	84	78	66	15	62	26	98	99	52	98	39	80	87	62	32	31	72	43	42	11	31	6	13	3	19	0	38	64	67	70	79	73	29	70	44	37	27	8	30	41	28	92	39	64	62	45	87	16	29	79	56	25	16	48	98	78	39	19	86	37	58	90	62	14	88	71	78	91	12	22	76	89	96	72	4	88	29	30	23	38	8	97	59	68	82	78	12	38	60	63	0	78	66	35	75	73	11	57	2	39	38	45	35	2	41	48	34	46	41	27	72	58	96	72	87	36	12	6	24	44	1	40	46	17	11	45	52	76	83	72	51	8	21	21	43	8	84	30	97	97	83	46	70	34	40	11	8	53	28	7	36	22	48	94	62	12	45	32	63	49	56	24	60	21	81	59	99	99	39	60	97	1	5	29	18	27	30	28	23	80	45	25	13	65	84	68	46	57	52	72	6	19	82	58	31	76	3	69	41	66	59	15	34	86	93	86	18	29	80	66	34	43	83	3	27	66	61	40	67	78	84	41	87	45	45	84	31	96	69	28	36	7	65	40	76	76	65	95	71	36	44	64	74	35	25	19	79	19	99	53	30	68	93	83	72	21	97	43	63	76	68	44	52	13	39	9	90	99	7	98	13	72	40	36	15	84	25	16	35	17	14	15	65	56	63	42	95	41	58	79	29	42	48	30	25	76	66	99	14	15	1	5	44	65	86	56	21	82	34	2	32	53	57	38	78	32	46	26	26	63	76	4	28	21	30	28	54	92	99	23	47	16	69	94	0	7	33	70	64	90	35	20	71	53	82	30	99	58	26	79	99	81	39	58	63	73	64	79	77	84	88	87	25	30	25	39	49	58	32	53	77	34	14	16	86	78	40	3	1	92	23	77	17	57	31	21	4	89	35	63	93	14	18	68	84	17	59	18	59	46	37	80	62	39	90	65	46	20	15	65	17	28	21	32	79	81	36	33	50	31	95	21	6	9	42	47	24	69	17	41	98	63	98	65	20	33	15	11	19	8	27	59	13	60	4	52	55	15	7	7	4	26	28	31	15	29	78	94	13	46	89	86	2	37	33	46	19	76	4	61	74	0	24	63	95	82	92	13	79	18	94	85	0	33	55	34	90	66	43	91	19	76	89	59	39	92	61	37	95	28	79	29	45	21	61	20	61	52	69	27	53	49	50	8	73	78	58	42	66	79	90	44	46	51	70	74	9	24	65	81	16	82	23	90	33	68	88	6	80	63	19	2	79	70	59	56	58	56	22	32	43	98	1	66	26	30	85	37	16	57	99	85	50	32	87	52	74	31	24	33	89	76	62	82	91	39	5	69	57	58	99	46	24	46	65	98	62	75	84	62	92	19	13	27	98	35	57	26	37	71	53	41	86	85	14	11	91	18	76	27	73	46	41	93	43	19	31	18	88	45	21	55	41	38	93	86	30	87	52	58	88	49	27	74	77	16	94	65	81	65	20	70	37	11	1	17	3	41	85	35	7	0	10	30	31	71	58	1	11	48	88	87	64	23	98	43	92	27	56	20	95	74	57	10	87	48	61	63	4	7	44	26	87	0	73	93	62	80	23	18	45	11	52	93	66	54	49	58	68	80	83	52	35	71	39	23	89	83	74	73	14	43	61	33	96	5	92	90	70	90	42	79	68	34	94	83	28	3	2	94	42	1	59	73	3	18	50	54	81	43	92	88	36	76	86	2	34	7	89	95	23	61	65	62	12	78	1	35	51	60	72	63	80	15	36	91	1	6	74	9	62	87	99	88	4	66	4	7	5	34	78	54	89	21	46	10	13	71	88	60	39	22	11	41	84	19	34	18	27	94	0	33	67	9	48	81	53	5	36	25	9	78	13	41	4	62	35	30	8	37	9	65	93	45	71	36	88	3	69	94	55	12	74	70	66	36	21	44	19	20	96	1	14	67	12	2	68	12	50	36	95	4	15	96	79	26	72	60	61	29	61	99	15	82	85	96	26	59	39	87	1	73	5	9	56	61	93	11	17	95	10	3	43	33	58	96	66	23	61	89	72	87	94	41	45	2	81	55	14	40	18	19	37	87	16	26	2	84	6	46	19	7	66	38	56	82	21	73	59	29	28	98	55	7	52	96	11	62	18	55	68	6	47	52	26	58	43	65	22	32	73	49	42	40	4	23	34	12	58	38	88	5	88	33	12	47	55	76	83	24	44	8	87	48	72	95	72	78	7	32	83	97	8	98	54	86	6	96	45	15	20	1	90	9	61	69	77	68	87	89	28	46	11	23	74	28	82	22	7	75	93	4	53	38	32	3	91	41	94	71	58	51	90	5	33	2	31	82	19	63	0	11	81	90	39	10	63	37	93	46	34	72	51	62	68	49	62	6	53	29	51	23	7	17	22	94	54	45	82	84	7	90	78	22	44	47	12	78	89	71	57	43	55	99	66	76	28	25	84	17	76	78	60	27	93	67	67	43	51	64	33	83	7	79	73	62	19	44	14	71	87	21	95	90	5	15	59	28	37	58	16	14	60	80	11	29	20	98	41	30	61	84	70	23	57	20	69	75	40	75	65	33	59	81	21	61	52	80	12	92	27	40	8	71	9	63	50	3	20	2	31	30	52	34	44	80	55	43	54	5	9	34	50	40	72	78	56	1	95	54	10	77	2	99	46	34	91	87	99	27	97	39	23	55	93	4	39	29	38	70	76	28	28	79	51	0	29	3	16	54	40	28	74	96	94	95	48	77	38	44	41	12	51	69	0	80	18	23	75	84	75	30	55	20	63	4	21	93	64	54	21	97	86	32	18	23	74	20	0	46	22	95	27	65	19	53	13	15	60	51	68	52	32	52	75	25	52	3	80	28	80	86	24	36	69	25	63	67	76	34	52	15	75	66	79	64	99	17	16	71	24	81	70	45	47	58	56	87	61	34	44	79	76	94	39	52	89	99	62	9	35	65	58	30	33	82	43	20	28	86	92	24	76	39	0	3	18	78	14	14	60	27	65	91	90	72	87	85	49	14	29	87	19	5	32	97	64	39	9	8	42	20	93	17	85	50	44	6	14	70	69	18	83	5	95	40	21	47	20	48	83	29	85	15	96	14	96	30	36	29	59	6	41	15	2	92	19	11	17	94	40	28	5	39	64	63	86	38	4	42	55	15	26	74	83	67	2	20	0	3	85	44	79	88	93	96	9	96	15	80	75	78	26	46	74	57	5	27	90	25	9	55	78	63	14	40	37	88	37	47	29	94	79	80	20	0	67	21	61	1	3	82	66	4	10	81	60	48	76	23	23	81	2	9	38	36	46	19	68	87	37	91	36	77	19	61	33	85	65	19	77	86	56	46	42	11	26	30	15	20	43	13	5	46	21	99	23	79	60	7	61	6	70	75	3	66	7	15	72	50	20	82	43	61	6	30	22	79	76	83	90	17	76	87	20	32	65	51	17	98	23	95	34	90	4	29	84	67	76	34	19	9	36	38	10	1	90	95	24	16	94	70	39	51	41	75	21	48	69	92	37	70	3	77	37	16	6	12	29	26	30	46	60	69	13	11	30	86	74	2	67	98	49	81	77	62	76	35	58	4	35	81	69	75	68	80	24	58	14	16	24	17	69	11	14	73	19	98	86	87	27	41	35	37	10	78	92	62	80	61	16	77	66	12	98	54	85	64	44	62	27	69	87	86	29	21	32	67	90	89	0	86	86	41	80	9	43	51	0	59	88	12	47	43	61	12	8	49	92	21	18	70	81	31	36	7	78	36	32	57	95	45	87	90	17	62	86	21	18	97	53	65	70	47	3	46	58	72	51	73	56	78	28	91	44	94	89	58	84	16	64	57	0	26	66	11	21	97	72	87	69	9	3	56	92	96	68	94	88	22	80	66	45	29	95	70	84	18	0	49	83	21	50	42	74	24	23	88	2	4	56	14	65	77	34	8	92	49	94	99	22	85	77	41	58	1	36	49	69	63	83	90	7	79	73	87	85	36	41	3	93	12	57	14	7	99	66	65	0	0	33	37	62	57	95	72	1	18	1	5	35	57	92	23	60	14	16	70	69	84	40	95	96	14	59	63	29	29	15	3	90	43	37	53	7	97	54	36	41	76	43	15	50	92	45	26	10	23	33	1	26	29	3	76	80	68	14	37	69	33	1	98	92	72	22	53	60	31	3	77	78	66	83	21	14	60	59	41	57	28	74	90	60	99	84	89	45	35	74	12	25	33	76	94	44	78	8	82	91	86	28	40	80	50	67	0	62	57	55	46	5	58	93	12	4	54	66	76	28	76	22	32	34	90	56	67	12	88	48	16	99	21	46	31	50	87	84	97	64	75	83	83	54	5	72	78	92	86	0	16	95	49	12	40	97	33	93	29	34	64	56	67	19	98	77	95	90	37	51	86	55	6	61	61	72	65	65	66	61	56	40	17	15	47	27	46	48	84	7	20	8	96	53	43	53	8	5	76	67	60	86	13	35	77	39	93	95	94	23	51	79	22	37	54	57	66	19	61	25	41	82	52	72	46	91	88	4	78	83	83	49	48	6	84	40	50	39	53	91	56	61	8	46	45	75	41	55	31	8	93	58	62	2	1	24	8	54	78	71	70	93	26	71	28	0	12	70	16	43	51	60	7	69	83	98	53	37	85	78	68	10	86	52	73	87	43	70	40	26	57	92	75	56	82	3	94	82	74	29	3	37	65	6	43	61	18	36	70	45	98	94	70	76	84	76	0	53	22	8	36	27	2	65	20	88	27	12	73	5	76	17	3	39	37	29	56	59	23	30	25	50	19	4	98	60	63	28	5	20	82	8	22	41	87	28	99	9	5	66	57	54	99	2	76	67	77	97	6	78	9	45	76	67	30	10	78	13	98	46	78	72	31	36	93	20	57	48	71	4	25	0	74	15	84	20	50	39	63	46	53	37	83	85	84	50	38	81	71	19	67	96	16	61	13	98	40	48	56	92	63	55	97	48	15	37	41	70	17	9	37	44	57	22	59	18	41	18	18	50	2	30	81	15	44	39	72	24	25	77	92	30	1	51	98	81	42	41	48	90	37	91	9	59	78	83	44	12	75	87	84	87	65	98	16	4	20	90	84	52	38	60	77	97	80	40	72	31	14	9	79	47	70	6	21	91	76	74	13	35	46	76	43	25	85	38	80	97	74	98	25	49	77	47	19	60	23	42	28	34	91	62	79	77	8	39	51	44	43	78	80	56	79	71	39	68	59	40	85	96	96	51	39	50	64	55	30	21	28	10	8	25	33	17	25	12	47	40	9	86	7	46	19	41	36	23	15	17	9	87	7	3	16	65	2	57	29	72	51	83	18	26	57	38	99	92	91	24	11	95	5	17	29	32	8	95	74	83	81	38	64	95	22	51	24	23	58	4	62	14	60	77	20	43	51	44	83	72	90	45	96	22	81	73	99	18	90	82	89	37	80	68	84	52	73	45	81	15	83	61	25	33	66	9	28	45	67	75	80	10	31	11	57	7	83	22	46	58	40	74	5	68	56	75	30	74	38	83	48	88	53	94	13	13	13	46	69	53	47	66	14	88	56	90	60	0	17	32	62	34	36	71	19	96	52	60	92	81	92	3	83	30	80	73	81	42	9	87	3	81	68	19	45	27	42	50	60	19	29	71	7	68	20	41	21	72	10	25	99	88	47	71	48	57	4	32	59	68	34	70	21	50	74	37	0	44	66	26	53	50	61	75	41	43	70	21	4	14	9	71	44	85	11	56	1	21	5	73	73	11	28	62	85	44	42	88	73	57	38	20	99	11	23	12	92	10	29	9	96	41	57	67	85	19	60	27	4	42	23	30	17	23	3	30	54	15	14	72	91	51	36	67	22	20	25	82	84	55	72	42	57	36	29	47	51	78	6	50	47	36	70	73	49	88	36	12	55	16	67	56	78	11	66	35	18	63	45	21	13	28	77	88	47	53	39	80	35	78	25	63	59	55	22	68	63	59	1	7	82	29	77	46	30	23	41	92	79	22	57	65	3	15	55	15	59	75	94	34	27	39	24	32	1	51	23	85	53	18	75	50	94	7	89	41	38	36	70	6	65	51	7	14	82	35	13	59	51	22	6	78	24	76	17	58	63	76	49	58	45	18	70	11	82	34	77	41	64	71	63	13	36	68	69	37	10	71	97	21	52	9	82	78	19	79	47	78	7	82	8	89	66	79	94	56	44	30	18	17	67	78	29	13	84	90	21	68	47	9	81	67	22	26	0	71	70	95	54	26	91	85	80	12	7	49	91	55	3	12	24	3	39	42	13	42	37	38	73	76	85	67	11	2	85	20	71	57	38	12	50	4	45	5	5	97	66	84	5	75	86	98	4	66	76	16	57	68	55	94	67	29	84	31	94	58	38	78	71	41	15	46	11	78	59	94	63	10	97	64	44	51	55	41	0	10	1	82	39	26	98	44	81	63	72	52	9	39	71	18	7	53	30	17	81	53	94	68	94	21	98	45	20	53	1	57	57	67	44	61	33	50	58	6	57	10	41	13	98	45	77	91	61	30	73	8	35	62	11	47	42	65	59	75	42	48	83	67	83	40	96	70	84	43	62	98	5	74	19	68	4	44	52	49	72	9	73	5	19	39	68	15	19	9	42	42	52	3	31	53	23	31	17	27	69	73	4	6	3	23	31	67	38	73	88	43	52	88	23	27	40	54	
79	96	55	4	69	13	3	30	8	20	89	60	8	44	64	38	48	45	80	45	63	24	43	96	15	38	80	30	81	76	71	12	85	79	38	92	34	72	45	3	67	60	93	21	63	56	51	31	93	50	17	20	95	57	43	71	25	96	7	33	26	42	32	8	53	26	90	21	40	28	91	40	28	9	86	51	22	6	23	74	63	60	79	3	15	48	56	30	0	7	78	6	24	70	51	73	42	23	90	94	15	1	91	46	50	55	48	50	50	44	92	70	86	99	79	67	53	83	94	75	69	27	75	51	39	15	38	75	47	24	84	49	56	11	87	90	65	85	55	58	76	91	1	54	58	51	95	49	36	84	69	77	94	40	72	6	98	29	74	19	34	83	51	57	89	14	93	10	65	53	55	11	26	36	32	32	7	4	40	51	27	2	25	8	68	35	19	73	31	0	35	7	93	86	35	54	11	62	19	75	13	46	60	45	66	97	28	7	61	46	59	10	88	92	42	36	24	98	59	26	65	16	70	44	90	54	16	44	50	75	46	58	7	83	46	32	86	95	69	82	16	97	62	98	46	76	32	65	20	82	3	31	64	60	21	34	19	8	38	30	2	41	51	93	38	54	94	40	20	51	66	95	0	8	31	84	32	4	39	99	53	75	65	94	88	90	1	45	42	34	13	50	95	13	80	86	38	10	82	9	58	51	65	49	77	37	8	38	40	66	75	42	52	65	24	85	33	25	22	17	53	54	20	7	26	45	11	39	35	38	55	7	33	16	45	47	39	35	74	65	33	80	88	98	11	5	23	74	95	17	97	18	50	18	73	5	21	90	90	21	88	92	25	38	6	67	18	95	18	22	74	1	70	36	54	35	59	13	8	99	2	22	36	21	60	84	47	47	77	68	63	73	63	27	4	74	3	90	27	27	74	86	18	51	17	85	85	92	92	46	25	62	82	60	52	60	78	2	90	3	54	67	72	29	55	63	4	83	90	38	54	81	71	15	87	49	1	14	61	39	7	88	20	1	31	82	57	40	34	94	46	12	84	7	67	95	56	51	37	69	93	0	42	96	1	93	26	68	49	45	26	47	62	95	4	86	45	78	32	97	22	14	95	10	59	76	90	37	98	49	83	4	74	26	3	39	28	76	45	44	27	64	60	52	54	88	88	87	52	67	51	3	72	16	81	32	12	26	55	96	40	40	18	56	63	41	16	16	48	84	25	82	26	25	75	58	80	17	86	10	80	37	95	26	10	18	16	84	33	77	72	41	80	79	23	65	21	62	95	30	89	37	43	84	9	15	15	1	66	71	8	21	24	40	76	6	34	9	79	37	87	85	87	42	45	20	76	31	77	11	83	84	11	55	13	87	74	53	92	53	9	38	36	94	82	64	6	12	38	42	16	59	34	2	46	37	99	18	54	94	93	73	91	84	47	58	45	28	80	29	86	50	38	71	45	31	13	28	98	14	52	71	38	54	6	48	95	96	34	56	37	90	31	5	1	97	55	34	85	45	90	93	41	96	47	56	14	70	81	22	62	81	70	50	57	93	96	11	76	20	81	92	5	55	53	57	24	62	32	3	10	7	34	67	37	26	97	46	57	13	14	97	11	85	54	97	85	14	66	44	39	18	2	45	34	61	21	50	36	49	6	85	69	86	71	5	18	14	20	97	84	66	40	41	57	30	67	70	2	52	45	1	58	88	92	67	4	44	29	41	84	61	5	68	72	19	32	61	96	95	9	29	9	63	55	74	45	52	36	51	52	11	61	35	15	72	79	45	95	40	74	80	82	1	93	4	96	40	11	54	51	5	94	95	43	10	55	16	21	55	59	30	46	62	78	34	20	36	27	69	83	21	85	88	5	43	98	81	90	22	39	71	27	16	68	81	97	9	0	54	62	76	94	93	98	43	88	50	87	85	27	90	49	91	88	54	69	85	48	19	28	1	7	34	36	64	96	8	17	66	86	42	48	85	7	62	19	89	24	39	26	24	45	95	35	18	81	28	81	69	71	6	59	82	49	29	58	21	36	64	50	16	77	35	92	19	56	55	89	4	44	53	83	23	76	6	90	74	58	67	91	98	31	94	28	99	56	42	37	87	21	1	71	62	65	17	4	50	75	25	84	59	45	12	36	52	80	42	58	63	48	24	42	71	88	71	45	25	91	28	85	70	44	8	62	10	82	44	29	78	54	29	52	24	23	4	99	13	21	91	83	21	48	85	46	98	38	57	24	96	84	6	82	69	67	3	1	62	19	36	15	43	91	85	69	70	38	49	82	11	58	4	45	84	16	3	14	46	77	71	75	85	30	66	4	26	19	7	98	56	42	12	39	81	81	15	82	33	86	35	99	51	89	39	56	92	18	35	28	50	33	35	79	90	56	90	99	8	28	8	68	94	46	94	11	97	19	37	37	17	32	46	92	35	77	79	28	13	80	31	31	84	2	4	13	52	92	36	79	19	91	26	86	82	91	1	80	93	67	73	45	25	34	7	43	0	14	79	73	51	0	12	35	51	12	62	55	8	33	22	20	31	2	82	2	22	41	21	22	6	87	9	50	95	21	0	62	51	64	61	36	10	36	67	19	86	91	65	18	60	42	70	70	12	90	94	90	84	56	6	17	40	41	99	0	30	57	82	95	22	54	76	95	26	53	14	61	95	35	97	83	13	13	99	73	2	84	51	64	6	32	12	10	31	91	97	39	2	70	5	20	87	82	79	63	71	12	74	8	13	40	82	24	3	41	96	73	1	10	5	71	58	65	90	79	51	99	57	11	78	20	89	51	80	75	56	84	81	75	68	3	11	34	72	22	35	89	15	86	81	1	44	86	10	83	30	37	4	27	97	63	64	40	90	30	6	29	30	6	60	72	50	60	27	46	19	90	43	19	10	20	14	50	57	91	0	14	83	96	59	5	6	41	31	88	92	39	70	72	85	5	12	29	5	90	63	70	79	38	0	26	35	55	99	51	26	28	30	22	5	1	86	91	73	88	47	93	51	20	6	31	8	93	5	44	22	5	57	3	72	79	10	37	8	3	78	69	76	79	6	67	80	62	90	19	80	52	83	19	87	55	88	4	89	50	79	11	87	16	80	73	50	26	42	18	51	44	86	96	91	55	62	13	31	60	7	80	85	9	77	94	52	54	82	86	79	88	70	91	53	37	99	8	69	89	66	60	19	54	27	65	27	99	4	52	76	7	73	5	38	39	0	79	34	62	93	5	65	52	14	81	9	47	56	4	81	14	19	94	63	81	37	66	37	93	34	15	38	48	60	88	97	54	20	36	53	60	62	57	69	20	15	75	73	22	18	89	6	47	73	82	5	69	88	32	39	48	58	32	69	61	72	91	44	65	41	62	97	90	87	1	10	5	77	71	34	41	88	59	32	65	97	19	31	62	48	56	90	7	10	62	57	91	46	44	37	18	34	17	87	34	42	3	8	51	4	27	45	86	72	10	79	49	29	1	63	8	89	68	74	84	96	69	54	18	16	41	94	60	37	97	41	34	61	90	50	38	33	41	92	32	73	70	35	9	70	87	20	83	47	61	47	25	50	81	47	87	23	12	37	67	53	30	80	72	17	90	58	10	34	75	28	27	94	99	52	90	61	75	21	35	93	68	62	40	14	26	58	76	67	83	16	19	18	81	24	90	79	67	19	47	76	22	10	46	5	29	50	41	68	28	88	40	97	79	5	44	86	0	74	30	88	52	88	28	3	76	61	2	85	80	16	93	31	47	56	71	45	20	85	36	64	37	75	45	30	59	97	44	8	99	47	29	54	13	74	38	78	76	11	54	5	59	75	28	3	76	19	13	81	0	9	56	53	36	68	28	28	4	26	58	46	83	65	18	37	96	24	29	14	45	94	56	41	67	79	97	60	7	56	84	19	33	41	46	4	16	21	36	63	75	76	92	74	16	48	7	74	96	28	12	47	11	98	54	98	32	15	78	42	66	49	95	29	47	71	52	87	8	88	45	3	66	72	64	27	26	15	77	67	72	72	1	48	2	75	94	81	50	73	16	17	83	55	60	81	70	50	52	7	6	56	35	20	6	96	81	8	41	56	72	21	90	10	39	87	15	13	54	24	80	4	23	89	20	27	90	46	98	34	56	0	41	44	18	50	60	5	90	23	57	90	72	72	76	28	6	35	44	32	80	33	20	96	79	62	38	19	28	27	59	75	45	3	4	74	38	97	86	51	37	6	1	69	54	92	28	48	14	96	18	52	82	10	33	0	96	40	34	16	24	94	81	61	32	54	61	32	43	96	49	23	1	63	71	49	32	49	4	88	7	37	65	62	74	60	11	42	50	27	2	75	53	86	28	12	27	22	7	72	9	89	10	71	25	64	62	50	15	15	70	70	65	0	81	80	34	20	86	37	89	59	72	46	95	2	61	80	75	12	1	81	16	75	63	52	91	11	34	23	51	27	84	80	99	84	94	59	8	92	49	8	25	72	70	86	61	84	42	21	57	26	41	46	76	26	37	18	41	42	83	58	85	55	12	39	55	29	69	55	74	81	34	41	3	6	93	80	97	35	32	55	15	69	22	53	1	14	96	89	89	63	5	74	27	36	81	68	44	39	96	88	78	92	32	91	33	29	38	82	50	54	27	34	30	77	71	56	3	39	1	22	46	40	96	59	58	6	18	53	46	81	8	10	30	59	75	10	28	45	31	45	96	51	23	46	15	23	18	77	26	41	46	99	91	79	16	65	54	69	21	48	73	61	65	9	44	88	55	85	68	58	2	58	46	25	48	79	12	73	26	2	50	88	60	77	70	50	61	80	64	29	84	39	69	50	95	5	30	13	3	70	97	72	13	39	50	47	30	85	35	0	54	17	19	52	40	8	61	91	27	23	98	58	69	48	14	16	63	86	70	7	13	20	27	23	58	9	83	23	33	84	62	40	0	77	13	37	80	80	42	4	42	84	33	57	38	61	51	30	95	4	38	75	48	86	70	83	67	89	25	55	17	32	6	98	59	1	44	10	9	14	60	27	2	14	49	64	53	32	62	98	20	47	84	83	4	58	6	20	1	33	19	13	78	13	12	76	58	11	24	13	56	96	58	62	35	1	27	84	8	47	90	55	34	3	50	5	73	55	79	38	89	26	47	36	44	51	90	11	27	25	97	13	15	11	50	15	36	65	9	17	69	60	15	5	65	56	18	75	86	28	2	77	61	57	20	91	79	62	21	75	61	65	43	14	15	83	46	88	67	26	8	71	26	25	81	83	9	31	62	66	73	35	85	37	11	12	49	84	43	70	50	37	55	17	74	20	52	96	28	87	91	71	36	46	45	63	0	63	95	10	64	47	61	95	41	90	33	12	12	86	32	27	55	35	39	3	34	35	55	7	39	78	4	22	5	14	21	27	52	12	17	82	2	88	78	60	50	72	25	10	24	64	74	53	81	38	40	10	35	63	86	66	90	3	66	98	28	48	13	3	80	70	4	35	54	95	20	17	56	55	81	92	61	92	33	67	41	51	53	89	25	72	38	94	27	28	73	51	15	46	19	81	66	5	84	21	66	34	82	56	3	7	62	47	2	5	69	27	13	76	8	62	12	2	44	47	65	59	53	5	47	49	33	11	53	88	21	28	16	46	94	28	39	68	65	96	93	6	10	16	42	18	68	15	12	88	94	9	11	66	2	44	0	25	85	15	53	89	75	8	50	0	83	20	8	6	52	89	13	1	20	90	41	13	24	38	33	0	53	37	47	19	16	55	55	46	1	47	46	47	43	17	13	98	13	54	22	25	17	15	6	25	27	69	88	66	10	14	91	77	17	81	83	88	23	60	90	16	47	93	76	62	19	75	50	46	44	81	94	29	22	94	83	49	60	5	29	79	85	66	94	55	47	98	1	79	19	78	82	71	81	7	55	73	0	34	7	46	3	25	34	22	65	15	94	11	13	86	42	57	76	80	58	38	5	72	76	58	64	97	11	48	69	43	62	18	78	82	30	35	24	69	55	40	4	96	46	45	83	32	4	36	49	42	91	62	52	59	87	99	22	37	90	17	70	55	75	0	85	7	61	86	98	3	69	87	36	58	87	57	30	63	64	21	31	42	41	31	85	12	16	5	52	18	97	15	79	28	41	55	81	94	50	33	21	46	56	67	58	22	28	18	50	35	64	14	49	30	20	49	98	49	37	11	88	27	9	46	26	19	4	54	31	65	71	14	57	17	92	84	96	6	15	63	39	32	85	52	1	96	72	52	20	27	32	55	53	18	6	14	73	78	44	67	25	5	6	99	65	6	57	74	48	99	59	30	93	10	4	7	14	91	9	11	48	98	12	75	47	10	33	23	82	95	37	65	96	70	65	25	75	32	63	41	40	22	72	90	72	53	67	16	83	70	11	96	8	50	56	41	62	59	36	9	47	88	31	84	4	44	62	97	50	14	22	89	1	61	33	78	40	85	19	13	38	55	22	46	29	36	42	55	62	17	60	9	98	79	70	96	13	51	7	17	18	74	79	22	96	1	56	32	57	90	73	71	74	96	54	29	75	42	48	23	7	72	49	61	97	54	65	68	16	75	14	22	75	99	80	76	83	99	16	23	19	24	39	27	18	83	87	49	7	89	88	47	61	75	83	66	38	67	30	74	43	4	25	17	80	41	70	87	60	73	60	54	22	71	31	83	0	34	65	78	19	97	5	65	84	16	75	64	51	72	44	49	55	58	90	4	31	87	93	95	53	12	2	95	94	55	59	44	83	39	0	84	40	22	46	79	40	82	35	91	98	55	83	97	48	25	83	21	23	27	29	68	28	1	17	17	31	60	4	46	94	49	72	71	35	49	89	95	89	25	76	51	74	70	95	21	50	25	86	38	84	12	90	10	43	94	53	23	61	74	11	62	95	19	25	11	62	64	81	15	95	33	42	80	74	38	56	59	57	78	41	92	10	29	88	25	95	12	53	51	12	17	22	58	49	35	71	72	18	88	97	77	18	57	14	83	60	12	14	82	66	4	98	20	96	0	35	17	81	76	99	3	48	77	86	7	84	51	22	25	0	9	19	83	21	55	2	94	94	46	12	26	35	24	31	92	4	44	43	90	27	4	66	17	29	5	48	45	95	21	58	76	66	48	89	39	66	78	51	54	38	26	96	26	29	24	22	14	29	80	57	12	63	17	2	64	51	59	50	77	12	32	23	92	81	23	57	79	16	14	9	63	54	74	13	56	8	25	13	52	67	98	55	23	83	72	50	47	10	90	41	73	30	3	29	13	73	55	98	77	31	15	85	61	4	76	7	51	36	47	86	79	46	17	50	91	17	51	24	36	34	18	66	34	8	56	88	7	71	64	91	99	75	37	93	16	50	86	90	15	73	78	51	0	93	57	86	20	59	43	35	34	52	31	67	0	12	77	12	78	37	38	82	87	8	31	10	0	54	90	6	51	84	70	54	49	74	5	43	14	6	37	63	80	58	49	94	8	69	88	13	98	64	66	17	39	26	19	16	18	78	42	3	97	95	11	41	64	48	47	33	45	19	51	83	76	49	24	89	60	6	39	71	35	17	30	74	97	57	88	24	36	52	64	56	56	67	21	22	15	79	6	68	13	60	38	45	93	53	80	97	93	89	88	30	61	90	87	64	95	65	26	76	27	35	74	15	32	32	88	11	7	26	33	92	27	59	55	24	66	98	33	99	80	77	86	34	11	12	89	34	39	78	17	85	27	58	93	55	29	82	64	18	77	87	50	85	85	42	52	68	69	80	7	73	87	97	20	31	91	12	92	62	63	56	17	31	8	15	10	56	82	49	37	57	27	57	44	92	60	7	18	20	37	95	54	96	55	83	12	65	4	16	81	58	73	63	45	27	38	36	75	30	97	26	59	6	95	64	
26	22	33	34	22	34	21	40	20	27	36	37	33	37	36	35	26	39	25	23	23	38	38	29	21	21	20	36	32	39	28	21	38	31	31	33	39	23	29	36	35	27	23	39	34	25	28	34	26	24	27	36	37	30	40	39	21	24	37	23	35	38	34	26	37	28	20	27	26	34	24	35	28	30	27	23	26	34	28	24	39	26	40	24	33	35	28	35	34	38	20	30	25	26	25	36	34	28	20	32	26	36	38	24	32	31	26	35	29	35	34	38	30	37	38	33	34	33	31	35	36	36	36	38	29	26	40	20	35	30	20	31	29	25	36	31	25	29	25	37	21	37	25	38	32	24	24	31	35	38	32	36	32	25	26	32	39	21	38	36	20	36	38	35	34	40	23	22	40	40	26	20	22	24	33	29	23	22	36	36	27	30	24	35	30	20	25	36	40	21	37	40	20	32	39	21	39	25	35	38	33	22	24	35	31	28	24	34	36	24	38	32	30	31	32	21	35	27	21	40	29	40	22	37	23	33	33	21	24	29	25	32	34	38	35	39	39	33	22	36	24	31	29	29	23	26	30	29	23	21	26	20	36	29	35	38	31	38	38	30	21	39	29	40	25	20	33	36	24	26	22	34	23	35	22	32	29	24	35	38	23	21	25	36	29	32	32	25	32	23	39	21	28	33	31	33	34	23	21	35	27	36	27	24	28	39	36	30	22	39	40	20	27	23	23	30	21	27	39	30	37	26	28	28	25	35	33	34	31	34	36	35	39	29	24	24	22	22	24	36	35	22	36	27	24	33	21	34	28	29	36	25	31	36	33	32	31	23	22	23	22	40	31	40	33	40	37	31	33	40	28	23	38	37	24	35	30	31	20	30	23	39	33	23	28	34	27	33	23	26	22	38	21	27	29	38	25	40	27	20	39	23	26	33	39	22	34	20	29	39	40	29	23	30	31	25	25	24	23	37	23	22	40	31	39	24	40	36	32	40	23	40	31	22	24	33	35	33	33	21	39	22	37	36	25	22	35	33	36	38	28	21	34	22	34	23	20	31	32	22	23	24	28	37	29	30	26	35	31	29	32	22	39	37	24	27	27	38	31	32	24	25	23	22	28	30	37	21	26	35	21	21	31	35	24	37	32	31	40	22	21	24	40	33	29	20	36	33	29	21	21	38	32	29	26	39	32	28	26	20	27	23	36	32	21	23	32	21	39	23	27	33	30	40	29	38	40	22	40	39	37	35	23	28	21	36	31	38	31	36	29	40	21	36	38	30	34	20	29	30	20	32	32	31	24	36	24	26	38	36	27	32	27	27	38	21	39	40	40	33	24	28	22	26	30	27	30	24	32	39	23	39	24	30	29	39	34	39	28	36	23	29	24	26	21	22	34	33	24	40	21	35	35	37	36	35	23	25	20	21	30	30	30	39	21	26	26	20	39	37	29	31	39	20	35	23	37	30	33	33	36	25	25	39	39	32	29	33	28	35	32	38	32	38	32	27	24	21	35	21	38	36	20	21	31	39	35	28	33	36	40	34	39	36	20	23	39	38	32	40	36	39	26	29	37	34	24	20	38	34	20	23	30	32	34	40	40	24	25	25	22	21	40	26	25	38	29	24	28	24	34	30	33	36	33	35	31	27	22	30	21	39	35	39	36	23	37	40	37	32	36	38	22	26	25	33	29	33	38	28	25	23	24	23	35	21	34	31	26	22	29	32	27	31	38	37	37	39	33	21	27	33	27	28	21	24	35	37	20	28	26	22	23	30	31	23	25	36	24	34	21	35	32	39	34	36	40	22	28	31	36	27	36	37	23	35	21	37	20	31	25	30	26	25	33	23	28	39	27	31	40	22	36	40	21	32	20	29	36	24	21	21	21	21	30	21	33	22	23	38	36	23	37	20	35	35	27	26	20	28	40	38	30	33	20	22	25	23	39	29	34	21	28	23	25	21	27	31	37	33	40	26	38	40	32	31	21	34	32	30	30	35	29	32	36	29	22	36	26	37	35	32	33	38	36	38	31	24	27	36	32	39	28	24	40	29	40	31	20	21	26	29	24	30	39	32	27	35	25	22	40	36	28	23	23	22	34	25	40	27	35	40	40	30	34	25	26	30	34	27	21	25	20	25	25	29	29	22	31	21	23	30	28	38	22	23	24	20	30	32	40	27	22	33	28	30	37	22	39	25	31	26	26	31	36	25	30	39	26	23	32	25	20	36	40	40	24	27	23	29	28	26	34	21	35	40	29	29	37	25	39	33	29	36	23	29	22	29	33	34	29	38	32	38	22	38	37	38	33	35	23	38	35	21	31	27	40	38	28	24	23	38	35	23	31	35	22	22	26	23	37	26	21	37	39	35	22	20	35	31	40	27	32	31	22	31	40	22	26	37	21	20	38	21	24	40	25	33	33	30	28	31	36	39	30	23	35	20	39	25	37	23	31	38	40	39	36	22	36	30	22	20	20	27	24	38	20	32	29	29	21	40	39	36	27	30	33	30	36	26	30	32	38	24	32	40	35	33	40	23	35	33	33	39	31	30	29	20	28	26	23	38	25	25	28	28	33	29	23	37	37	36	28	28	33	31	35	21	39	36	28	34	25	23	22	32	30	37	29	37	33	38	30	25	26	27	33	40	20	40	40	39	20	38	40	21	38	40	24	36	27	32	25	35	23	39	31	39	26	33	33	25	27	24	25	34	26	31	36	25	20	20	20	35	22	39	36	33	35	37	40	38	36	38	39	27	30	20	39	22	20	36	30	22	37	23	40	22	35	35	36	32	27	27	25	28	24	35	23	27	40	31	27	40	27	32	38	37	29	21	27	34	24	22	20	35	39	33	23	25	34	34	39	27	30	39	33	31	36	22	26	27	35	40	31	30	29	31	22	32	21	39	24	29	31	22	24	21	21	20	38	37	30	27	30	30	31	30	34	36	39	33	31	33	28	35	25	22	32	40	32	26	36	21	38	21	38	21	39	37	35	40	27	23	23	38	36	23	25	20	29	25	28	38	29	24	22	30	34	38	31	40	25	33	22	35	21	33	38	35	29	29	32	20	25	32	32	28	34	39	35	25	37	39	27	38	27	29	33	40	23	20	35	36	35	33	22	28	31	27	35	20	28	32	25	39	22	32	20	32	38	39	37	31	36	31	23	40	37	35	22	40	38	29	32	33	38	27	24	26	26	26	25	36	29	32	33	32	24	35	23	29	33	35	33	38	38	22	27	40	29	35	39	27	31	20	31	20	34	29	32	26	29	39	22	38	29	23	27	38	32	35	35	21	22	38	31	40	28	25	26	21	31	21	32	31	35	23	27	36	22	32	25	38	27	30	22	23	21	25	21	21	35	34	27	21	35	23	25	24	20	22	36	29	21	25	30	25	20	31	31	23	22	24	36	25	33	29	29	31	23	34	33	31	34	23	27	23	28	30	28	31	33	25	25	34	32	31	36	31	35	24	30	33	26	32	29	26	31	21	23	23	22	36	35	24	39	26	29	35	26	21	26	36	37	24	24	37	21	40	24	25	22	37	40	29	39	23	37	38	34	28	35	23	31	30	32	27	38	29	38	21	22	28	22	22	39	37	27	32	21	31	31	20	36	28	31	20	24	32	26	37	21	30	37	23	39	31	30	27	29	31	26	34	30	34	31	30	38	38	24	28	25	20	39	25	27	34	30	26	38	31	21	20	31	20	20	33	34	27	21	30	23	21	32	35	27	20	37	26	37	35	36	29	31	28	35	39	28	21	33	30	22	21	36	26	35	21	35	37	26	24	40	25	34	32	37	36	24	30	26	38	32	35	32	26	32	34	30	37	25	37	22	29	39	24	25	31	40	24	20	25	37	24	34	39	33	24	35	27	30	34	35	32	26	25	28	36	40	25	33	37	22	20	34	20	31	33	25	32	38	39	27	34	22	26	33	38	26	33	23	24	27	35	32	36	26	26	40	21	33	30	24	36	34	26	22	34	24	20	27	26	39	22	23	28	24	24	26	36	39	37	24	28	29	24	35	37	23	38	20	22	31	21	28	30	23	22	31	34	33	28	29	39	38	32	38	38	40	40	27	36	36	30	32	26	21	33	30	29	23	22	36	27	38	32	24	26	38	34	35	38	20	37	22	40	32	20	34	27	34	26	28	33	31	22	36	30	30	24	28	33	32	24	40	32	35	32	23	33	36	31	38	35	27	27	22	24	21	34	25	34	40	23	35	20	27	38	25	22	25	34	36	35	35	26	27	23	39	26	28	27	21	39	38	38	38	25	25	31	23	28	36	28	29	33	32	21	33	38	35	21	28	36	30	22	23	36	21	38	28	36	39	34	29	25	34	36	37	32	24	24	25	21	34	33	35	28	25	39	25	37	21	25	37	30	20	30	24	38	30	31	38	20	25	21	22	37	34	38	39	36	23	21	24	22	28	26	21	23	27	38	30	21	39	29	30	23	35	26	29	35	23	35	31	23	23	37	28	21	20	38	27	35	38	32	20	33	20	25	22	38	31	20	40	40	31	40	39	39	28	27	28	39	29	20	27	29	28	28	39	33	21	24	21	25	23	33	39	37	40	40	22	25	26	33	40	38	33	37	31	40	30	32	38	40	22	29	25	25	22	20	39	31	40	35	29	33	34	29	31	23	21	21	27	35	34	38	28	22	39	35	30	29	22	36	20	30	33	27	24	40	34	22	33	23	39	26	32	26	20	38	30	26	22	34	21	40	39	25	39	23	25	34	29	26	35	38	36	35	30	31	36	40	25	28	28	25	24	36	25	31	24	28	28	39	23	27	39	34	27	34	29	32	35	27	34	34	22	33	22	32	36	24	26	39	40	31	23	35	20	28	33	28	34	25	30	21	34	24	23	29	21	39	24	22	21	33	30	36	40	28	27	39	25	31	27	37	24	31	30	20	30	33	34	31	25	26	28	36	22	38	20	35	26	38	25	37	30	39	28	22	23	31	25	30	34	35	38	29	30	38	27	36	20	35	36	36	26	28	30	35	38	29	25	24	27	36	21	34	27	23	29	25	36	20	20	34	37	40	28	28	37	40	34	21	27	23	20	33	28	28	38	40	36	31	40	40	29	23	21	20	22	22	31	27	32	40	28	29	37	37	27	22	35	23	21	38	20	36	36	26	24	36	39	37	25	21	32	24	33	23	36	34	25	29	25	40	26	40	22	31	37	22	33	37	40	25	24	32	37	37	20	34	23	23	25	20	35	20	32	28	28	26	22	30	29	39	38	38	23	24	35	27	37	33	37	21	26	30	39	32	21	35	26	37	36	20	22	38	20	21	20	24	28	30	35	39	39	29	21	20	30	22	36	22	34	35	38	21	38	40	39	23	39	37	20	23	30	37	35	29	23	34	35	27	25	25	38	21	28	37	22	38	37	20	34	40	30	36	27	25	21	38	36	22	31	39	25	40	27	24	38	28	20	22	28	23	25	27	32	22	40	40	23	36	30	26	40	38	35	22	32	25	20	31	21	27	26	38	28	26	23	33	33	36	33	37	25	40	25	36	40	23	22	29	33	26	35	34	32	32	36	23	23	37	30	28	23	26	27	23	20	24	21	40	28	33	37	22	39	24	34	34	37	34	26	33	21	40	25	36	30	22	23	22	28	27	20	26	31	32	29	20	29	27	30	21	36	33	20	27	36	23	20	24	26	38	38	37	27	27	37	34	25	29	38	31	30	21	32	22	24	27	35	26	26	28	30	23	33	29	33	37	39	26	26	25	26	38	21	39	39	24	31	36	23	40	29	33	23	22	27	33	22	24	33	38	29	35	25	35	32	30	31	20	36	24	20	35	25	25	24	34	39	38	25	33	25	33	33	24	24	30	29	24	24	24	32	32	38	22	23	21	28	22	20	23	37	32	24	20	33	30	36	34	34	35	34	28	34	40	36	37	27	38	25	33	21	20	20	26	23	23	28	31	23	33	33	30	22	30	22	36	30	39	33	29	22	35	40	28	36	24	38	34	31	38	26	28	20	34	21	38	33	39	33	21	38	28	37	36	38	20	28	23	34	30	21	30	30	20	29	33	30	27	30	32	40	20	40	27	33	24	30	23	31	29	34	38	30	37	33	39	28	35	39	34	38	26	26	35	30	23	35	29	28	31	31	30	40	39	28	34	30	27	21	40	30	20	21	29	20	24	38	29	39	35	27	38	40	21	29	39	25	26	23	20	36	27	28	24	22	33	40	27	26	35	31	25	35	21	37	28	26	40	35	37	21	26	39	24	38	22	24	28	32	20	30	28	39	31	24	31	35	28	24	36	38	28	30	37	32	33	28	29	40	36	30	34	37	25	39	35	20	28	21	23	25	29	24	26	30	30	27	21	20	35	38	24	39	28	24	39	33	33	24	32	20	26	28	22	29	31	40	21	30	28	30	39	39	23	36	22	26	37	27	27	33	25	35	29	28	28	30	20	25	38	37	39	26	40	30	36	24	38	35	30	27	21	24	29	25	34	39	23	29	26	32	37	38	40	23	29	30	29	30	27	31	20	23	34	37	21	24	21	27	32	34	26	37	22	34	38	36	24	23	29	34	38	23	29	20	25	34	33	24	23	40	28	38	35	36	35	32	21	35	38	39	35	38	25	32	33	28	25	36	38	38	34	37	26	39	28	20	38	21	25	36	34	34	20	37	21	29	39	21	23	35	21	20	20	31	30	23	37	34	24	26	25	36	33	20	40	32	35	21	35	21	31	24	33	23	29	35	34	40	22	33	29	29	38	29	28	27	33	37	23	36	37	38	38	22	38	32	22	26	23	30	32	37	31	34	21	28	31	24	33	28	23	31	40	23	28	26	40	36	32	33	35	27	35	21	39	32	23	30	38	37	30	25	29	35	32	31	20	32	36	35	40	23	39	20	28	29	34	20	28	25	35	21	35	33	40	31	39	40	24	39	37	39	36	39	21	39	38	35	23	36	28	21	27	36	25	21	23	35	27	21	36	25	27	23	26	40	34	32	29	27	34	31	30	27	35	37	35	23	30	24	23	36	37	20	29	26	20	26	31	21	21	37	34	24	27	36	36	29	20	22	24	32	31	33	22	33	23	31	29	32	21	23	20	40	28	26	26	31	29	32	24	38	34	31	37	24	22	40	22	26	31	28	39	36	40	30	21	36	30	33	27	32	20	26	38	25	39	39	40	31	33	26	40	35	34	29	33	34	39	25	23	38	36	22	39	26	22	21	22	25	21	37	34	34	26	37	35	33	25	40	30	29	24	34	36	26	26	32	36	30	33	31	22	25	39	36	27	25	31	31	37	39	26	39	24	25	22	21	38	25	25	29	23	29	20	40	40	21	21	29	40	26	36	38	21	34	22	34	20	30	36	32	40	22	28	33	39	29	39	40	27	26	36	21	20	24	23	36	25	29	30	29	23	27	38	22	22	21	33	38	37	35	28	30	26	27	26	39	24	20	32	22	24	21	34	33	22	31	25	22	34	38	27	34	29	39	21	26	29	28	33	30	40	22	36	31	34	28	37	32	22	22	26	29	30	35	29	39	22	32	23	37	26	31	33	32	22	25	20	39	39	20	25	25	40	27	25	26	33	20	28	35	38	22	20	32	29	21	34	20	29	36	27	39	28	35	37	20	20	20	35	20	30	33	29	26	20	34	40	22	35	32	27	31	33	23	36	36	32	24	38	26	28	23	22	28	20	29	28	32	40	29	38	38	38	22	27	21	33	29	22	23	35	33	30	27	36	20	32	20	31	31	38	35	20	31	37	35	32	24	33	26	29	37	39	33	20	39	30	21	20	23	24	22	20	38	33	26	32	29	31	38	40	32	31	30	40	21	36	39	20	40	34	20	22	36	36	27	36	28	36	24	34	36	37	38	
16	16	20	23	33	33	38	12	19	14	18	15	15	23	22	37	11	10	11	12	31	44	35	42	30	13	17	15	49	15	31	26	32	17	29	27	32	31	30	15	44	36	27	32	44	18	37	12	25	24	14	22	19	10	47	26	35	31	32	12	28	39	50	34	30	17	14	47	29	22	43	17	20	42	12	28	32	38	24	40	26	11	29	14	25	43	21	25	27	40	41	27	19	23	43	12	10	25	49	25	23	31	39	49	30	30	27	10	19	18	38	13	44	22	41	14	26	11	20	14	24	16	35	37	46	32	45	41	22	32	35	50	31	24	23	32	48	33	15	26	22	15	23	28	16	49	31	27	10	37	19	18	16	13	40	15	10	25	19	14	22	20	37	15	43	17	36	44	16	42	10	28	31	37	43	21	31	40	34	38	19	30	19	35	11	42	38	20	18	26	50	38	19	39	29	26	26	26	45	20	41	16	34	14	23	34	49	39	38	29	23	46	36	22	35	48	17	43	12	16	18	10	28	38	21	30	12	42	38	26	41	18	39	29	12	18	27	38	15	33	12	14	30	33	11	13	42	25	42	25	27	30	20	33	29	21	28	43	42	46	28	25	16	11	11	20	37	29	20	39	47	35	27	29	40	16	35	44	48	31	44	10	25	35	31	23	25	21	37	10	20	13	12	13	34	17	45	49	40	40	42	48	14	36	17	31	25	11	23	47	19	32	31	41	39	40	17	42	10	46	34	22	21	31	23	24	21	50	19	16	37	26	19	37	31	45	31	44	29	26	26	40	20	44	43	35	10	18	11	50	47	19	42	38	17	45	36	15	27	36	30	35	30	26	32	24	13	36	18	37	16	34	50	46	44	42	47	14	37	28	29	39	39	39	26	39	42	20	41	11	17	42	38	25	23	24	48	23	11	24	35	31	27	20	23	15	31	42	10	12	20	43	37	48	49	49	45	18	38	13	14	19	23	23	31	16	18	36	26	43	49	27	33	37	47	32	15	29	38	10	13	46	42	40	27	37	30	15	16	24	20	39	45	23	30	14	37	41	40	37	22	24	10	10	37	26	39	37	44	48	25	11	23	38	36	24	15	21	27	26	30	39	30	34	42	21	20	23	12	18	20	34	27	50	50	38	37	18	47	17	28	11	48	22	39	49	17	22	31	48	42	34	34	22	33	45	22	15	16	23	39	29	33	11	17	38	47	38	32	25	12	30	14	10	50	49	28	19	26	39	21	37	50	46	46	46	30	15	25	27	44	32	33	15	13	16	32	20	39	24	38	17	39	42	44	18	12	26	39	29	39	11	47	44	41	29	25	29	36	41	18	24	13	14	13	50	32	24	30	28	36	23	15	15	22	38	42	12	50	10	30	31	47	43	11	44	41	38	27	44	43	41	41	22	29	27	17	27	33	11	20	11	44	32	11	29	42	23	17	47	24	49	50	24	24	12	28	20	22	17	43	41	25	48	10	37	15	15	14	34	41	32	17	12	14	34	25	42	25	46	10	50	32	13	25	30	35	23	23	45	28	14	31	20	16	28	35	12	24	24	43	48	46	22	44	30	11	38	23	11	11	18	27	12	14	23	27	10	40	44	44	38	31	13	18	45	29	37	14	18	29	30	29	10	14	29	45	47	18	27	15	11	17	20	28	47	13	12	32	45	45	16	10	38	48	12	33	43	25	43	46	16	44	50	14	44	29	28	19	13	18	48	40	40	34	43	19	23	44	48	48	44	41	39	19	28	37	27	44	46	10	29	16	37	31	48	13	16	31	44	38	27	44	46	15	41	35	36	50	31	49	14	24	38	13	27	10	50	24	10	19	45	26	43	37	39	36	10	18	50	37	43	47	23	29	17	39	21	46	33	39	44	12	49	18	29	34	16	11	20	13	42	28	31	38	18	44	15	19	32	35	46	37	41	25	32	38	38	28	45	25	42	33	39	37	46	29	48	28	11	20	44	16	14	16	13	47	22	36	36	35	40	42	45	15	45	40	31	31	24	24	41	21	36	33	30	35	21	24	44	37	21	35	41	37	25	46	46	36	20	21	22	37	10	27	48	28	48	50	34	14	40	43	30	25	32	13	17	21	22	43	10	44	28	25	50	29	18	22	15	11	19	48	35	48	38	41	35	34	48	13	41	20	13	34	46	28	46	46	10	28	24	12	36	22	41	29	13	14	32	23	36	23	43	25	45	41	18	49	16	49	20	19	42	23	49	13	14	38	13	27	21	40	10	21	21	47	42	22	22	18	10	40	17	38	28	50	42	10	40	11	23	16	30	26	48	24	22	22	41	13	11	26	19	29	30	20	49	10	40	46	16	22	50	18	31	46	21	42	16	10	45	15	38	39	44	11	31	47	50	18	43	11	43	21	27	38	17	33	28	35	49	17	37	10	37	27	46	31	47	49	42	42	10	30	29	29	28	44	41	16	15	18	45	23	16	50	13	32	28	10	39	46	46	24	36	16	26	35	44	17	21	29	45	38	22	12	20	11	16	11	28	14	17	21	22	22	47	41	41	13	38	41	25	44	45	27	11	12	43	41	16	37	20	40	41	24	16	12	18	39	47	11	32	15	21	25	30	43	50	32	29	35	13	43	26	44	14	42	27	33	13	22	12	15	41	31	37	32	50	28	47	24	23	34	37	20	42	40	38	26	19	32	50	50	19	33	10	28	17	26	12	10	34	16	14	34	27	10	26	36	24	26	16	32	42	47	33	25	34	32	26	38	34	50	13	32	22	10	31	31	31	21	37	19	31	23	13	27	34	26	29	27	10	16	16	44	20	18	38	42	26	41	37	11	30	42	50	14	38	14	50	35	11	34	44	41	38	11	18	27	30	46	25	22	11	36	30	44	32	26	25	44	42	34	19	27	30	50	20	12	50	12	25	14	34	31	42	29	44	27	20	17	39	28	36	12	23	14	15	16	44	48	26	46	18	50	15	30	42	48	37	25	17	12	28	42	14	22	23	28	43	30	42	21	18	12	43	20	23	38	45	32	31	24	17	49	50	26	14	24	41	45	28	19	45	13	11	20	28	37	17	32	49	37	43	14	41	14	25	31	25	18	29	26	41	30	14	27	33	33	50	21	44	23	16	27	18	23	14	44	31	10	16	31	20	30	23	36	35	26	44	27	14	19	17	32	17	47	16	13	14	38	48	17	24	47	33	42	43	41	27	35	41	15	21	10	22	33	14	21	47	32	11	41	30	24	33	22	16	43	23	22	17	16	23	21	39	36	47	27	13	34	11	16	40	35	21	14	30	46	47	34	20	13	38	37	14	48	25	39	45	24	17	46	10	41	17	41	14	28	41	34	49	19	29	34	37	21	17	14	19	28	42	17	42	27	13	27	24	19	35	49	38	40	47	18	49	38	37	26	16	32	13	19	21	18	48	49	46	21	42	14	37	26	30	44	17	41	40	48	27	16	22	42	11	17	24	21	26	15	26	11	41	16	37	33	17	48	11	44	12	33	44	17	27	40	43	16	33	45	45	27	46	49	18	43	21	27	11	20	32	21	14	42	42	18	31	42	46	35	40	34	13	35	15	27	38	46	40	30	15	15	44	13	49	33	47	45	34	37	49	48	17	45	44	37	26	48	18	36	50	28	43	10	26	16	47	37	43	44	12	37	37	32	44	38	41	19	34	20	34	23	24	15	22	24	23	13	10	21	48	40	36	49	13	39	42	33	29	40	18	22	32	20	26	22	38	44	16	14	12	34	37	26	31	50	21	38	34	33	40	37	21	28	29	10	40	21	11	46	21	49	20	48	18	45	29	25	15	13	23	48	45	39	50	34	31	40	29	13	28	18	19	46	28	43	36	15	24	21	47	12	38	49	15	39	43	11	21	16	18	21	26	26	28	16	48	33	32	23	32	39	35	46	36	22	42	25	32	31	46	22	36	20	46	30	28	36	25	25	26	28	27	41	10	18	16	23	15	13	48	41	27	23	16	44	35	39	31	31	33	34	49	16	33	48	37	18	34	36	37	38	12	27	12	14	24	34	10	50	31	23	47	36	47	25	42	29	12	30	36	44	13	23	41	17	15	44	44	26	31	16	29	24	35	21	45	16	41	30	49	40	39	30	11	32	10	11	33	14	43	45	30	15	31	38	12	19	37	15	15	48	13	17	33	16	29	50	34	20	38	25	43	27	46	43	30	12	21	12	10	43	44	25	31	42	43	46	37	36	26	44	33	33	26	45	17	29	50	49	13	18	38	48	24	15	36	50	15	41	48	44	16	48	41	44	12	33	10	14	33	19	37	24	16	30	37	18	45	14	34	49	21	33	40	36	33	47	25	28	29	20	24	17	49	11	48	44	23	22	44	23	22	33	15	35	20	29	30	26	26	45	28	26	19	50	20	27	12	16	11	17	31	14	46	38	19	49	32	40	15	15	15	40	47	20	47	37	20	24	21	37	42	46	48	11	19	10	10	31	18	35	28	25	21	47	18	15	32	11	18	33	18	14	12	24	25	44	28	37	40	37	17	39	10	50	27	21	41	28	41	45	16	47	42	10	30	29	19	29	22	14	46	29	33	23	42	31	28	49	45	42	40	35	43	50	46	50	33	14	25	27	25	29	24	27	19	22	10	25	32	23	46	40	25	28	42	44	47	11	49	26	11	12	50	26	24	38	17	18	22	29	43	19	49	48	33	47	25	26	42	50	25	21	29	30	36	39	13	19	45	13	46	31	45	36	21	18	50	32	37	20	28	44	24	41	49	44	26	50	35	22	35	14	22	39	37	10	22	27	10	45	42	45	10	15	42	39	36	42	30	50	24	48	48	16	21	11	39	33	42	29	47	18	30	23	29	35	27	43	41	34	42	33	13	33	13	34	25	22	34	41	45	18	10	35	18	35	13	37	27	13	41	29	13	22	49	19	32	25	42	32	16	25	41	46	15	17	48	39	44	24	34	40	29	50	36	23	44	50	12	19	39	35	14	11	31	24	12	35	27	42	21	40	46	50	25	18	23	37	41	12	31	20	10	29	16	29	43	18	10	46	29	22	39	23	34	32	17	41	41	36	41	11	15	20	33	18	49	32	12	28	23	11	45	11	42	16	36	46	40	12	13	45	45	28	13	19	20	41	37	41	45	23	48	22	48	27	17	26	40	22	39	30	19	36	50	45	49	41	41	28	50	38	30	32	27	22	48	29	34	13	16	12	47	10	22	33	27	20	30	43	30	42	37	42	28	20	32	29	23	48	29	13	41	20	35	38	41	27	29	13	45	23	20	13	24	32	13	10	45	39	30	16	42	21	47	40	40	37	46	32	26	50	35	10	36	42	35	39	44	34	32	50	44	11	24	43	30	30	36	45	50	10	42	45	12	47	20	14	25	11	10	43	36	41	14	18	26	44	13	25	29	28	12	45	13	43	26	19	35	19	24	13	26	32	33	48	36	21	45	13	46	33	38	28	26	43	33	14	20	42	19	12	35	14	36	27	43	21	19	40	20	32	36	45	12	46	17	22	32	18	15	13	11	29	16	29	47	32	17	27	41	19	36	42	46	43	30	38	44	49	10	24	26	11	13	26	50	34	20	27	42	19	28	45	45	22	40	21	38	48	23	25	39	49	30	31	28	47	49	11	46	38	47	50	44	30	37	27	50	22	49	19	14	49	18	44	24	13	46	34	50	26	35	17	23	42	48	37	47	43	38	29	41	36	32	45	32	13	41	26	10	41	30	48	22	41	33	41	11	49	39	46	25	29	10	50	24	45	44	50	29	31	34	48	29	10	22	26	33	43	49	30	37	35	36	23	25	38	47	12	49	49	46	14	34	10	23	33	26	50	15	46	28	17	31	46	10	50	24	15	19	21	29	29	47	18	16	50	14	12	46	29	14	28	31	27	46	23	32	33	28	49	27	24	23	42	28	21	49	23	13	38	49	44	46	39	33	13	13	39	21	38	36	36	11	50	12	45	44	21	19	32	30	16	45	33	26	50	39	12	12	27	14	45	14	13	15	20	34	23	26	28	46	49	33	14	48	18	44	33	26	17	42	13	23	16	46	31	48	14	49	29	41	23	25	42	14	11	13	11	11	20	19	45	39	28	12	30	27	46	22	42	25	13	17	49	48	42	45	26	37	39	25	28	18	15	30	47	21	44	36	29	17	21	27	28	41	50	30	24	20	35	43	20	42	16	19	26	37	25	26	17	18	37	31	28	43	46	45	41	37	22	29	32	30	26	16	45	34	14	12	22	35	41	31	24	16	16	14	32	49	40	27	20	49	31	26	26	17	50	45	50	20	19	39	18	33	49	44	46	27	27	15	23	24	15	13	23	39	48	18	26	34	29	34	27	20	45	42	23	20	49	37	23	34	41	40	47	15	43	34	28	43	22	22	26	50	21	44	47	21	43	38	16	15	16	12	13	15	20	37	34	44	36	37	50	47	48	18	26	19	21	12	19	41	42	42	39	30	44	42	39	24	27	18	11	33	25	27	50	32	32	28	10	39	36	20	26	49	23	20	13	43	18	26	48	12	18	49	20	16	25	39	23	17	22	13	49	38	48	44	32	23	45	38	48	46	21	43	12	33	13	20	38	30	16	11	33	38	25	18	27	21	38	35	15	24	31	31	48	39	50	49	40	18	18	43	17	15	25	40	35	30	28	27	38	19	29	22	33	29	28	38	50	44	16	12	13	11	17	47	26	50	32	39	41	19	50	42	14	29	32	27	12	40	33	23	20	11	10	35	45	15	37	11	25	46	24	29	27	43	47	36	21	39	18	39	43	15	50	26	40	36	23	20	15	13	29	26	15	30	31	25	38	38	18	35	22	17	13	50	23	38	38	14	42	38	24	23	36	40	42	36	19	28	32	17	29	21	22	33	31	33	18	50	50	39	34	35	18	39	47	20	40	20	48	38	47	37	40	41	37	11	40	13	34	37	25	11	45	25	45	36	43	22	12	33	49	36	46	27	12	11	20	26	47	46	49	43	45	38	41	35	44	41	38	15	10	22	42	18	37	24	40	12	43	18	36	32	44	43	28	26	12	26	14	45	10	49	12	34	33	31	28	12	35	41	27	50	36	25	17	36	37	41	40	40	38	32	25	31	32	19	37	50	26	24	35	50	41	30	14	28	20	48	16	28	31	50	12	18	31	26	25	49	12	26	19	12	45	44	42	38	14	37	31	32	44	45	43	50	36	28	17	41	15	48	29	19	49	29	37	41	42	35	47	32	11	29	10	46	45	15	40	17	46	24	26	20	42	41	12	36	34	35	34	16	15	13	50	41	24	31	34	31	29	25	17	33	42	40	28	15	22	16	42	44	37	44	14	39	28	43	47	49	42	11	26	33	29	43	30	28	19	35	36	25	39	14	19	36	23	11	33	19	18	48	30	35	14	47	10	14	33	18	19	21	29	18	41	44	15	29	25	36	10	22	16	18	41	17	16	48	42	14	31	41	31	21	30	16	38	33	48	43	24	23	24	11	34	16	28	47	32	12	18	24	46	32	50	47	32	41	10	44	17	40	46	37	19	47	23	33	46	34	18	19	18	34	13	42	14	38	13	18	27	24	11	34	44	17	29	47	22	37	49	40	38	16	38	43	39	37	44	21	44	18	45	48	46	23	10	32	29	41	18	21	50	33	49	14	12	39	36	44	17	37	18	11	31	46	30	15	19	39	25	37	32	40	12	48	43	42	39	45	27	17	28	23	37	12	43	29	22	36	44	43	50	41	39	14	36	50	30	18	30	37	30	16	10	18	34	34	40	31	42	17	24	49	33	40	17	11	26	15	17	29	29	20	13	32	29	15	20	18	38	29	39	29	12	13	25	35	22	31	13	39	42	44	21	35	50	47	40	21	45	28	30	11	32	33	39	
15
70
