4455
100
0	192	0	0	0	0	0	0	0	0	0	0	0	0	48	0	0	0	0	0	0	0	0	0	0	0	0	0	0	0	0	0	0	0	0	0	0	0	0	0	0	0	0	0	0	0	0	0	0	0	0	0	0	0	0	0	0	0	0	0	0	0	0	0	0	0	0	0	0	0	0	0	0	0	500	0	0	0	0	0	0	0	0	0	500	0	0	0	0	0	0	0	0	0	0	0	0	0	0	0	
192	0	0	0	0	0	0	0	0	0	0	0	0	0	0	0	0	0	0	0	0	0	0	0	0	0	0	0	0	0	0	0	0	0	0	0	0	0	0	0	0	0	0	0	0	0	0	0	0	0	0	0	0	0	0	0	0	0	0	0	0	0	0	0	0	0	0	0	0	0	0	0	0	0	96	0	0	0	0	0	0	0	0	0	0	0	0	0	0	0	0	0	0	0	0	0	0	0	0	0	
0	0	0	0	0	0	0	0	0	0	0	0	0	0	0	96	48	0	0	0	0	0	0	0	0	0	0	0	0	0	0	0	0	0	0	500	0	0	0	0	0	0	0	0	0	0	0	0	0	0	0	0	48	0	500	0	0	0	0	0	0	0	0	0	0	0	0	0	0	0	0	0	0	0	0	0	0	0	0	0	0	0	0	0	0	0	0	0	0	0	0	0	0	0	0	0	0	0	0	0	
0	0	0	0	0	0	0	0	0	0	0	0	0	0	0	0	0	0	0	0	0	0	0	0	96	0	0	0	48	0	0	0	0	0	0	0	0	0	0	0	0	0	0	0	0	0	0	0	0	0	0	0	0	0	0	0	0	0	0	0	0	0	0	0	0	0	0	0	0	0	0	0	0	96	0	0	0	0	0	0	0	0	0	0	0	0	0	0	0	0	0	0	0	0	0	0	0	0	0	0	
0	0	0	0	0	0	0	0	0	0	0	0	0	0	0	0	0	0	0	0	192	0	0	0	0	0	0	0	0	0	0	0	96	0	0	0	0	0	0	0	0	0	0	0	0	0	0	0	0	0	0	0	0	0	0	0	0	0	0	0	0	0	0	0	0	0	0	0	0	0	0	0	0	0	0	0	0	0	0	0	0	0	0	0	0	0	0	0	0	0	0	0	0	0	0	0	0	0	0	0	
0	0	0	0	0	0	0	0	0	0	0	0	0	0	0	0	0	0	0	0	0	0	0	0	0	0	0	0	0	0	0	0	0	0	0	0	0	0	0	0	0	0	0	0	0	0	0	0	0	0	0	96	0	0	0	0	0	0	0	0	0	0	0	0	0	0	0	0	0	0	0	0	0	0	0	0	0	0	0	0	0	0	0	0	0	0	0	96	0	0	0	0	0	0	0	0	0	0	0	0	
0	0	0	0	0	0	0	0	0	0	0	0	0	0	0	0	0	0	0	0	0	0	0	0	0	0	192	0	0	0	0	0	0	0	0	0	0	0	0	0	0	0	0	0	0	0	0	0	0	0	0	0	0	0	0	0	0	0	0	0	0	0	0	0	0	0	0	0	0	0	0	0	0	0	0	0	0	0	0	0	0	0	0	0	0	0	0	0	0	0	0	500	0	0	0	0	0	0	0	96	
0	0	0	0	0	0	0	0	0	0	0	0	0	0	0	0	0	0	0	192	0	0	192	0	0	0	0	0	0	0	0	0	0	0	0	0	0	0	0	0	0	0	0	0	0	0	0	0	0	0	0	0	0	0	0	0	0	0	0	0	0	0	0	0	0	0	0	0	0	0	0	0	0	0	0	0	0	0	0	0	0	0	0	0	0	0	0	0	0	48	0	0	0	192	0	0	0	0	0	0	
0	0	0	0	0	0	0	0	0	0	0	0	0	0	0	0	0	0	0	0	0	0	0	0	0	0	0	0	0	0	0	0	0	0	0	0	0	0	0	500	0	0	0	0	0	0	0	0	0	0	0	0	0	0	0	0	0	0	0	0	0	0	0	0	0	0	0	0	0	0	0	0	0	0	0	0	0	0	0	0	0	0	0	48	0	0	0	0	0	0	0	0	0	0	0	0	0	500	0	0	
0	0	0	0	0	0	0	0	0	0	0	0	0	0	0	0	0	0	0	0	0	0	0	0	0	0	96	0	0	0	0	0	0	0	192	0	0	0	0	0	0	0	0	0	0	0	0	0	0	0	0	0	96	0	192	0	0	0	0	0	0	0	0	0	0	0	0	0	0	0	0	0	0	0	0	0	0	0	0	0	0	0	0	0	0	0	0	0	192	0	0	0	0	0	0	0	0	0	0	0	
0	0	0	0	0	0	0	0	0	0	0	0	0	0	0	0	0	0	0	0	0	0	0	0	0	0	0	0	0	0	0	0	96	0	0	0	48	0	0	0	0	0	0	0	0	0	0	0	0	0	0	0	0	0	0	0	0	0	0	0	0	0	0	0	0	0	0	0	0	0	0	0	0	0	0	0	0	0	0	0	0	0	0	0	0	0	0	0	0	0	0	0	0	0	0	0	0	0	0	0	
0	0	0	0	0	0	0	0	0	0	0	0	0	0	0	0	0	0	0	0	0	0	0	0	0	0	0	0	0	0	0	0	0	0	0	0	0	0	0	0	0	0	0	0	0	0	0	0	0	0	0	0	0	0	0	0	0	0	0	0	0	0	0	0	0	0	500	0	0	0	0	0	0	0	0	0	0	0	0	0	0	0	96	0	0	0	0	0	0	0	0	0	0	0	0	0	0	0	0	0	
0	0	0	0	0	0	0	0	0	0	0	0	0	0	0	0	0	0	0	0	0	0	0	0	0	500	0	0	0	0	0	0	0	0	0	0	0	0	0	0	0	0	0	0	0	0	0	0	0	0	0	0	0	0	0	0	0	0	0	0	0	0	0	0	0	0	0	0	0	192	0	0	0	0	0	0	0	0	0	0	0	0	0	0	0	0	0	0	0	0	0	0	0	0	0	0	0	0	0	0	
0	0	0	0	0	0	0	0	0	0	0	0	0	0	0	0	0	0	0	0	500	0	0	0	0	0	0	0	0	0	0	0	0	0	0	0	0	0	0	0	0	0	0	0	0	0	0	0	0	0	0	0	0	48	0	0	0	0	0	0	0	0	192	0	0	0	0	0	0	0	0	0	0	0	0	0	0	0	0	0	0	0	0	0	0	0	0	0	0	0	0	0	0	0	0	0	0	0	0	0	
48	0	0	0	0	0	0	0	0	0	0	0	0	0	0	0	0	0	0	0	0	0	0	0	0	0	0	0	0	48	0	0	0	0	0	0	0	0	0	0	0	0	0	0	0	0	0	0	0	0	0	0	0	0	0	0	0	0	0	0	0	0	0	0	0	0	0	0	0	0	0	0	0	0	0	0	0	0	0	0	96	0	0	0	0	0	0	0	0	0	0	0	0	0	0	0	0	0	0	0	
0	0	96	0	0	0	0	0	0	0	0	0	0	0	0	0	48	0	0	0	0	0	0	0	0	0	0	0	0	0	0	0	0	0	0	0	0	0	0	0	0	0	0	0	0	0	0	0	0	0	0	0	0	0	0	0	0	0	0	0	0	0	0	0	0	0	0	0	0	0	0	0	0	0	0	0	0	0	0	0	0	0	0	0	0	0	0	0	0	0	0	0	0	0	0	0	0	0	0	0	
0	0	48	0	0	0	0	0	0	0	0	0	0	0	0	48	0	0	0	0	0	0	0	0	0	0	0	0	0	0	0	0	0	0	0	0	0	0	0	0	0	0	0	0	0	0	0	0	0	0	0	0	0	0	0	0	0	0	0	0	0	0	0	0	0	0	0	0	0	0	0	0	0	0	0	0	0	0	0	0	0	0	0	0	0	0	0	0	0	0	0	0	0	0	0	0	0	0	0	0	
0	0	0	0	0	0	0	0	0	0	0	0	0	0	0	0	0	0	0	0	0	0	0	48	0	48	0	0	192	0	0	0	0	0	0	0	0	0	0	0	0	0	0	0	0	0	0	0	0	0	0	0	0	0	0	0	0	0	0	0	0	0	0	0	0	0	0	0	0	0	0	0	0	0	0	0	0	0	0	0	0	0	0	0	96	0	0	0	0	0	0	0	0	0	0	0	0	0	0	0	
0	0	0	0	0	0	0	0	0	0	0	0	0	0	0	0	0	0	0	0	0	0	0	0	0	0	0	0	0	0	0	0	0	0	0	0	0	0	0	0	0	0	0	0	0	0	0	0	0	0	0	0	0	0	0	0	0	0	0	0	0	0	0	0	0	0	0	0	0	0	0	0	0	0	0	0	0	0	0	96	0	0	0	0	0	0	0	0	0	0	0	0	192	0	0	0	0	0	0	0	
0	0	0	0	0	0	0	192	0	0	0	0	0	0	0	0	0	0	0	0	0	0	0	0	0	0	0	0	0	0	0	0	0	0	0	0	0	0	0	0	0	0	0	0	0	0	0	0	0	0	0	0	0	0	0	500	0	0	0	0	0	0	0	0	0	0	0	0	0	0	0	0	0	0	0	0	0	0	0	0	0	0	0	0	0	0	0	0	0	0	0	0	0	96	0	0	500	0	0	0	
0	0	0	0	192	0	0	0	0	0	0	0	0	500	0	0	0	0	0	0	0	0	0	0	0	0	0	0	0	0	0	0	0	0	0	0	0	0	0	0	0	0	0	0	0	0	0	0	0	0	0	0	0	500	0	0	0	0	0	0	0	0	0	0	0	0	0	0	0	0	0	0	0	0	0	0	0	0	0	0	0	0	0	0	0	0	0	0	0	0	0	0	0	0	0	0	0	0	0	0	
0	0	0	0	0	0	0	0	0	0	0	0	0	0	0	0	0	0	0	0	0	0	0	0	0	0	0	0	0	0	0	0	0	0	0	0	0	0	0	0	0	0	0	0	0	0	0	0	0	0	0	0	0	0	0	0	0	0	96	0	0	0	0	0	0	0	0	0	0	0	0	0	0	0	0	0	0	0	0	0	0	0	0	0	0	0	0	0	0	0	0	0	0	0	0	96	0	0	0	0	
0	0	0	0	0	0	0	192	0	0	0	0	0	0	0	0	0	0	0	0	0	0	0	0	0	0	0	0	0	0	0	0	0	0	0	0	0	96	0	0	0	0	0	0	0	0	0	0	0	0	192	0	0	0	0	96	0	0	0	0	0	0	0	96	0	0	0	0	0	0	0	0	0	0	0	0	0	0	0	0	0	0	0	0	0	0	0	0	0	0	0	0	0	0	0	0	0	0	0	0	
0	0	0	0	0	0	0	0	0	0	0	0	0	0	0	0	0	48	0	0	0	0	0	0	0	48	0	0	0	0	0	0	0	0	0	0	0	0	0	0	0	0	0	0	0	0	0	0	0	0	0	0	0	0	0	0	0	0	0	0	0	0	0	0	0	0	0	0	0	0	0	0	0	0	0	0	0	0	0	0	0	0	0	0	48	0	0	0	0	0	0	0	0	0	0	0	0	0	0	0	
0	0	0	96	0	0	0	0	0	0	0	0	0	0	0	0	0	0	0	0	0	0	0	0	0	0	0	0	0	0	0	0	0	0	0	0	0	0	0	0	0	0	0	0	0	0	0	0	0	0	0	0	0	0	0	0	0	0	0	0	0	0	96	0	0	0	0	0	0	0	0	0	500	96	0	0	0	0	0	0	0	0	0	0	0	0	0	0	0	0	0	0	0	0	500	0	0	0	0	0	
0	0	0	0	0	0	0	0	0	0	0	0	500	0	0	0	0	48	0	0	0	0	0	48	0	0	0	0	0	0	0	0	0	0	0	0	0	0	0	0	0	0	0	0	0	0	0	0	0	0	0	0	0	0	0	0	0	0	0	0	0	0	0	0	0	0	0	0	0	0	0	0	0	0	0	0	0	0	0	0	0	0	0	0	0	0	0	0	0	0	0	0	0	0	0	0	0	0	0	0	
0	0	0	0	0	0	192	0	0	96	0	0	0	0	0	0	0	0	0	0	0	0	0	0	0	0	0	0	0	0	0	0	0	0	0	0	0	0	0	0	0	0	0	0	0	0	0	0	500	0	0	0	0	0	0	0	0	0	0	0	0	0	0	0	0	0	0	0	0	0	0	0	0	0	0	0	0	0	0	0	0	0	0	0	0	0	0	0	0	0	0	0	0	0	0	0	0	0	0	0	
0	0	0	0	0	0	0	0	0	0	0	0	0	0	0	0	0	0	0	0	0	0	0	0	0	0	0	0	0	0	0	0	0	0	0	0	0	0	48	0	0	0	0	0	0	0	0	0	0	0	0	0	0	0	0	0	0	0	0	0	0	0	0	0	0	0	0	0	0	0	192	0	192	0	0	0	0	0	0	0	0	0	0	0	0	0	0	0	0	0	0	0	0	0	0	0	0	0	0	0	
0	0	0	48	0	0	0	0	0	0	0	0	0	0	0	0	0	192	0	0	0	0	0	0	0	0	0	0	0	0	0	0	0	0	0	0	0	0	0	0	0	0	0	0	0	0	0	0	0	0	0	0	0	0	0	0	0	0	0	0	0	0	0	0	0	0	0	0	0	0	0	0	0	0	0	0	0	0	0	0	0	0	0	0	0	0	0	0	0	0	0	0	0	0	0	0	0	0	0	0	
0	0	0	0	0	0	0	0	0	0	0	0	0	0	48	0	0	0	0	0	0	0	0	0	0	0	0	0	0	0	0	0	0	0	0	0	0	0	0	0	0	0	0	0	0	0	0	0	0	0	0	0	0	0	0	0	0	0	0	0	0	0	0	0	0	0	0	0	0	0	0	0	0	0	0	0	0	0	0	0	500	0	0	0	0	0	0	0	0	0	0	0	0	0	0	0	0	0	0	0	
0	0	0	0	0	0	0	0	0	0	0	0	0	0	0	0	0	0	0	0	0	0	0	0	0	0	0	0	0	0	0	0	0	0	0	0	0	0	0	0	0	0	0	0	0	0	0	0	0	0	0	0	0	0	0	0	0	0	0	0	0	0	0	0	0	0	0	0	0	500	0	0	0	0	0	0	0	0	500	0	0	0	0	0	0	0	0	0	0	0	0	0	0	0	0	0	0	0	0	0	
0	0	0	0	0	0	0	0	0	0	0	0	0	0	0	0	0	0	0	0	0	0	0	0	0	0	0	0	0	0	0	0	0	0	0	0	0	0	0	0	0	0	0	0	0	0	0	0	0	0	0	0	0	0	0	0	0	0	0	0	0	0	0	0	0	0	0	0	0	0	0	0	0	0	0	0	0	0	0	0	0	0	0	0	0	0	0	0	0	96	96	0	0	0	0	0	0	0	0	0	
0	0	0	0	96	0	0	0	0	0	96	0	0	0	0	0	0	0	0	0	0	0	0	0	0	0	0	0	0	0	0	0	0	0	0	0	500	0	0	0	0	0	500	0	0	0	0	0	0	0	0	0	0	0	0	0	0	0	0	500	0	0	0	0	0	0	0	0	0	0	0	0	0	0	0	0	0	0	0	0	0	0	0	0	0	0	0	0	0	0	0	0	0	0	0	0	0	0	0	0	
0	0	0	0	0	0	0	0	0	0	0	0	0	0	0	0	0	0	0	0	0	0	0	0	0	0	0	0	0	0	0	0	0	0	0	0	0	0	0	0	0	0	0	0	0	0	0	0	0	0	0	0	0	0	0	0	0	0	0	0	0	0	0	0	0	0	0	0	0	0	0	0	0	0	0	0	0	0	0	0	0	0	0	500	0	0	0	0	0	0	0	0	0	0	0	0	0	96	0	0	
0	0	0	0	0	0	0	0	0	192	0	0	0	0	0	0	0	0	0	0	0	0	0	0	0	0	0	0	0	0	0	0	0	0	0	96	0	0	0	0	0	0	0	0	0	0	0	0	0	0	0	0	0	0	0	0	0	0	0	0	0	0	0	0	0	0	0	0	0	0	0	0	0	0	0	0	0	0	0	0	0	0	0	0	0	0	0	0	0	0	0	0	0	0	0	0	0	0	0	0	
0	0	500	0	0	0	0	0	0	0	0	0	0	0	0	0	0	0	0	0	0	0	0	0	0	0	0	0	0	0	0	0	0	0	96	0	0	0	0	0	0	0	0	0	0	0	0	0	0	0	0	0	0	0	0	0	0	0	0	0	0	0	0	0	0	0	0	0	0	0	0	0	0	0	0	0	0	0	0	0	0	0	0	0	0	0	0	0	0	0	0	0	0	0	0	0	0	0	48	0	
0	0	0	0	0	0	0	0	0	0	48	0	0	0	0	0	0	0	0	0	0	0	0	0	0	0	0	0	0	0	0	0	500	0	0	0	0	0	0	0	0	0	0	0	0	0	0	0	0	0	0	0	0	0	0	0	0	0	0	96	0	0	0	0	0	0	0	0	0	0	0	0	0	0	0	0	0	0	0	0	0	0	0	0	0	0	0	0	0	0	0	0	0	0	0	0	0	0	0	0	
0	0	0	0	0	0	0	0	0	0	0	0	0	0	0	0	0	0	0	0	0	0	96	0	0	0	0	0	0	0	0	0	0	0	0	0	0	0	0	0	0	0	0	0	0	0	0	0	0	0	192	0	0	0	0	0	0	0	0	0	0	0	0	0	0	0	0	0	0	0	0	0	0	0	0	0	0	0	0	0	0	0	0	0	0	0	0	0	0	0	0	0	0	0	0	0	0	0	0	0	
0	0	0	0	0	0	0	0	0	0	0	0	0	0	0	0	0	0	0	0	0	0	0	0	0	0	0	48	0	0	0	0	0	0	0	0	0	0	0	0	0	0	0	0	0	0	0	0	0	0	0	0	0	0	0	0	0	0	0	0	0	0	0	0	0	0	0	0	192	0	48	0	0	0	0	48	0	0	0	0	0	0	0	0	0	0	0	0	0	0	0	0	0	0	48	0	0	0	0	0	
0	0	0	0	0	0	0	0	500	0	0	0	0	0	0	0	0	0	0	0	0	0	0	0	0	0	0	0	0	0	0	0	0	0	0	0	0	0	0	0	0	0	0	0	0	0	0	0	0	0	0	0	0	0	0	0	0	0	0	0	0	0	0	0	0	0	0	0	0	0	0	0	0	0	0	0	0	0	0	0	0	0	0	500	0	0	0	0	0	0	0	0	0	0	0	0	0	0	0	0	
0	0	0	0	0	0	0	0	0	0	0	0	0	0	0	0	0	0	0	0	0	0	0	0	0	0	0	0	0	0	0	0	0	0	0	0	0	0	0	0	0	0	0	0	0	500	0	500	0	0	0	0	0	0	0	0	0	0	0	0	0	0	0	0	0	0	0	0	0	0	0	0	0	0	0	0	0	0	0	192	0	0	0	0	0	500	0	0	0	0	0	0	96	0	0	0	0	0	0	0	
0	0	0	0	0	0	0	0	0	0	0	0	0	0	0	0	0	0	0	0	0	0	0	0	0	0	0	0	0	0	0	0	0	0	0	0	0	0	0	0	0	0	0	0	0	0	0	0	0	0	0	0	0	0	0	0	0	0	0	0	0	0	0	0	192	0	0	0	0	0	0	0	0	0	0	0	0	0	0	0	0	0	0	0	0	0	0	0	96	0	0	0	0	0	0	0	0	0	0	0	
0	0	0	0	0	0	0	0	0	0	0	0	0	0	0	0	0	0	0	0	0	0	0	0	0	0	0	0	0	0	0	0	500	0	0	0	0	0	0	0	0	0	0	0	192	0	0	0	0	0	0	0	0	0	0	0	48	0	0	0	0	0	0	0	0	0	48	0	0	0	0	0	0	0	0	0	0	0	0	0	0	0	0	0	0	0	0	0	0	0	0	0	0	0	0	0	0	0	0	0	
0	0	0	0	0	0	0	0	0	0	0	0	0	0	0	0	0	0	0	0	0	0	0	0	0	0	0	0	0	0	0	0	0	0	0	0	0	0	0	0	0	0	0	0	0	0	0	0	0	0	0	0	0	0	0	0	0	0	0	0	0	0	0	0	0	0	0	0	0	0	0	0	0	0	0	0	0	0	0	0	0	0	0	48	0	48	0	0	0	0	0	0	0	0	0	0	0	48	0	0	
0	0	0	0	0	0	0	0	0	0	0	0	0	0	0	0	0	0	0	0	0	0	0	0	0	0	0	0	0	0	0	0	0	0	0	0	0	0	0	0	0	0	192	0	0	0	0	0	0	0	96	0	0	0	0	0	0	0	0	0	0	0	0	0	0	0	0	0	0	0	0	0	0	0	0	0	0	0	0	0	0	0	0	0	0	0	0	192	0	0	0	0	0	0	0	0	0	0	0	0	
0	0	0	0	0	0	0	0	0	0	0	0	0	0	0	0	0	0	0	0	0	0	0	0	0	0	0	0	0	0	0	0	0	0	0	0	0	0	0	0	500	0	0	0	0	0	0	96	0	0	0	0	0	0	0	0	0	0	0	0	0	0	0	0	0	0	0	0	0	0	0	0	0	0	0	0	0	0	0	96	0	0	0	0	0	0	0	0	0	0	0	0	0	0	0	0	0	0	0	0	
0	0	0	0	0	0	0	0	0	0	0	0	0	0	0	0	0	0	0	0	0	0	0	0	0	0	0	0	0	0	0	0	0	0	0	0	0	0	0	0	0	0	0	0	0	0	0	0	0	0	0	0	0	0	0	0	0	0	500	0	0	0	0	0	0	192	0	0	0	0	0	0	0	0	0	0	0	0	0	0	0	0	0	0	0	0	0	0	0	0	0	0	0	0	0	0	0	0	0	0	
0	0	0	0	0	0	0	0	0	0	0	0	0	0	0	0	0	0	0	0	0	0	0	0	0	0	0	0	0	0	0	0	0	0	0	0	0	0	0	0	500	0	0	0	0	96	0	0	0	0	0	0	0	0	0	0	0	0	0	0	0	0	0	0	0	0	0	0	0	0	0	0	0	0	0	0	0	0	0	0	0	0	0	0	0	0	0	0	0	0	0	0	0	0	0	0	0	0	0	0	
0	0	0	0	0	0	0	0	0	0	0	0	0	0	0	0	0	0	0	0	0	0	0	0	0	0	500	0	0	0	0	0	0	0	0	0	0	0	0	0	0	0	0	0	0	0	0	0	0	0	0	0	0	0	0	0	500	0	0	0	0	0	0	0	0	0	0	0	0	0	0	0	0	0	0	0	96	0	0	0	0	0	0	0	0	0	192	0	0	0	0	0	0	0	0	0	0	0	0	192	
0	0	0	0	0	0	0	0	0	0	0	0	0	0	0	0	0	0	0	0	0	0	0	0	0	0	0	0	0	0	0	0	0	0	0	0	0	0	0	0	0	0	0	0	0	0	0	0	0	0	0	0	0	0	0	0	0	96	0	0	0	0	0	0	0	0	0	0	0	0	0	0	0	0	0	0	0	0	0	0	0	0	0	0	0	0	0	0	0	0	0	192	0	0	0	0	0	0	0	0	
0	0	0	0	0	0	0	0	0	0	0	0	0	0	0	0	0	0	0	0	0	0	192	0	0	0	0	0	0	0	0	0	0	0	0	0	0	192	0	0	0	0	0	0	96	0	0	0	0	0	0	0	0	0	0	0	0	0	0	0	0	0	0	0	0	0	0	0	0	0	0	0	0	0	0	0	0	0	0	0	0	0	0	0	0	0	0	48	0	0	0	0	0	0	0	0	0	0	0	0	
0	0	0	0	0	96	0	0	0	0	0	0	0	0	0	0	0	0	0	0	0	0	0	0	0	0	0	0	0	0	0	0	0	0	0	0	0	0	0	0	0	0	0	0	0	0	0	0	0	0	0	0	0	0	0	0	0	96	0	0	0	0	0	0	0	0	0	0	0	0	0	0	0	0	0	0	0	0	0	0	0	0	0	0	0	0	0	0	0	0	0	0	0	0	0	0	0	0	0	0	
0	0	48	0	0	0	0	0	0	96	0	0	0	0	0	0	0	0	0	0	0	0	0	0	0	0	0	0	0	0	0	0	0	0	0	0	0	0	0	0	0	0	0	0	0	0	0	0	0	0	0	0	0	0	0	0	0	0	0	0	0	0	0	0	0	0	0	0	0	0	0	0	0	0	0	0	0	0	0	0	0	0	0	0	0	0	0	0	0	0	0	0	0	0	0	0	0	0	0	0	
0	0	0	0	0	0	0	0	0	0	0	0	0	48	0	0	0	0	0	0	500	0	0	0	0	0	0	0	0	0	0	0	0	0	0	0	0	0	0	0	0	0	0	0	0	0	0	0	0	0	0	0	0	0	0	0	0	0	0	0	0	0	0	0	0	0	0	0	0	0	0	0	0	0	0	0	0	0	0	0	0	0	0	0	0	0	0	0	0	0	0	0	0	0	0	0	0	0	0	0	
0	0	500	0	0	0	0	0	0	192	0	0	0	0	0	0	0	0	0	0	0	0	0	0	0	0	0	0	0	0	0	0	0	0	0	0	0	0	0	0	0	0	0	0	0	0	0	0	0	0	0	0	0	0	0	0	0	0	0	0	0	0	0	0	0	0	0	192	0	0	0	0	0	0	0	0	0	0	0	0	0	0	0	0	0	0	0	0	0	0	0	0	0	0	0	0	0	0	0	0	
0	0	0	0	0	0	0	0	0	0	0	0	0	0	0	0	0	0	0	500	0	0	96	0	0	0	0	0	0	0	0	0	0	0	0	0	0	0	0	0	0	0	0	0	0	0	0	0	0	0	0	0	0	0	0	0	0	0	0	0	0	0	0	0	0	0	0	0	0	0	0	0	0	0	0	0	0	0	0	0	0	0	0	0	0	0	0	0	0	0	0	0	0	0	0	0	192	0	0	0	
0	0	0	0	0	0	0	0	0	0	0	0	0	0	0	0	0	0	0	0	0	0	0	0	0	0	0	0	0	0	0	0	0	0	0	0	0	0	0	0	0	0	48	0	0	0	0	0	500	0	0	0	0	0	0	0	0	0	0	0	0	0	0	0	0	0	0	0	0	0	0	0	0	0	0	0	0	0	0	0	0	0	0	0	0	0	0	0	0	0	0	0	0	0	0	0	0	0	0	0	
0	0	0	0	0	0	0	0	0	0	0	0	0	0	0	0	0	0	0	0	0	0	0	0	0	0	0	0	0	0	0	0	0	0	0	0	0	0	0	0	0	0	0	0	0	0	0	0	0	96	0	96	0	0	0	0	0	0	0	0	0	0	0	0	0	0	0	0	0	0	0	0	0	0	0	0	0	0	0	0	0	0	0	0	0	0	0	0	0	0	0	96	0	0	0	0	0	0	0	0	
0	0	0	0	0	0	0	0	0	0	0	0	0	0	0	0	0	0	0	0	0	96	0	0	0	0	0	0	0	0	0	0	0	0	0	0	0	0	0	0	0	0	0	0	0	0	500	0	0	0	0	0	0	0	0	0	0	0	0	0	0	0	0	0	0	0	0	0	0	0	0	0	0	0	0	0	0	0	0	0	0	0	0	0	0	0	0	0	0	0	0	0	0	0	0	500	0	0	0	0	
0	0	0	0	0	0	0	0	0	0	0	0	0	0	0	0	0	0	0	0	0	0	0	0	0	0	0	0	0	0	0	0	500	0	0	0	96	0	0	0	0	0	0	0	0	0	0	0	0	0	0	0	0	0	0	0	0	0	0	0	0	0	0	0	0	0	0	0	0	0	0	0	0	0	0	0	0	0	0	0	0	0	0	0	0	0	0	0	0	0	0	0	0	0	0	0	0	0	0	0	
0	0	0	0	0	0	0	0	0	0	0	0	0	0	0	0	0	0	0	0	0	0	0	0	0	0	0	0	0	0	0	0	0	0	0	0	0	0	0	0	0	0	0	0	0	0	0	0	0	0	0	0	0	0	0	0	0	0	0	0	0	0	0	0	0	48	0	96	0	0	0	0	0	0	0	0	0	0	0	0	0	0	0	0	0	0	0	0	0	0	0	0	0	0	0	500	0	0	0	0	
0	0	0	0	0	0	0	0	0	0	0	0	0	0	0	0	0	0	0	0	0	0	0	0	0	0	0	0	0	0	0	0	0	0	0	0	0	0	0	0	0	0	0	0	0	0	0	0	0	0	0	0	0	0	0	0	0	0	0	0	0	0	0	0	0	0	0	0	0	0	0	0	0	0	0	0	0	0	0	0	0	0	0	0	0	0	0	0	0	48	0	0	0	0	0	0	96	0	0	0	
0	0	0	0	0	0	0	0	0	0	0	0	0	192	0	0	0	0	0	0	0	0	0	0	96	0	0	0	0	0	0	0	0	0	0	0	0	0	0	0	0	0	0	0	0	0	0	0	0	0	0	0	0	0	0	0	0	0	0	0	0	0	0	0	0	0	0	0	0	0	0	192	0	0	0	0	0	0	0	0	0	0	0	0	0	0	0	0	0	0	0	0	0	0	0	0	0	0	0	0	
0	0	0	0	0	0	0	0	0	0	0	0	0	0	0	0	0	0	0	0	0	0	96	0	0	0	0	0	0	0	0	0	0	0	0	0	0	0	0	0	0	0	0	0	0	0	0	0	0	0	0	0	0	0	0	0	0	0	0	0	0	0	0	0	0	0	0	0	0	0	0	0	0	0	0	0	0	0	0	0	0	0	0	0	0	0	0	192	0	0	48	0	0	0	0	0	0	0	0	0	
0	0	0	0	0	0	0	0	0	0	0	0	0	0	0	0	0	0	0	0	0	0	0	0	0	0	0	0	0	0	0	0	0	0	0	0	0	0	0	0	0	192	0	0	0	0	0	0	0	0	0	0	0	0	0	0	0	0	0	0	0	0	0	0	0	0	0	48	48	0	0	0	0	0	0	0	0	0	0	0	0	0	0	0	0	0	0	0	0	0	0	0	0	0	0	0	0	0	0	0	
0	0	0	0	0	0	0	0	0	0	0	0	0	0	0	0	0	0	0	0	0	0	0	0	0	0	0	0	0	0	0	0	0	0	0	0	0	0	0	0	0	0	0	0	0	0	192	0	0	0	0	0	0	0	0	0	0	0	0	0	48	0	0	0	0	0	0	500	192	0	0	0	0	0	0	0	0	0	0	0	0	0	0	0	0	0	0	0	0	0	0	0	0	0	0	0	0	0	96	0	
0	0	0	0	0	0	0	0	0	0	0	500	0	0	0	0	0	0	0	0	0	0	0	0	0	0	0	0	0	0	0	0	0	0	0	0	0	0	0	0	0	0	48	0	0	0	0	0	0	0	0	0	0	0	0	0	0	0	0	0	0	0	0	0	0	0	0	0	0	0	0	0	0	0	0	0	0	0	0	0	0	0	0	0	0	0	0	0	0	0	0	0	0	0	0	0	0	0	0	0	
0	0	0	0	0	0	0	0	0	0	0	0	0	0	0	0	0	0	0	0	0	0	0	0	0	0	0	0	0	0	0	0	0	0	0	0	0	0	0	0	0	0	0	0	0	0	0	0	0	0	0	0	0	0	192	0	0	0	0	0	96	0	0	0	48	500	0	0	0	0	0	0	0	0	0	0	0	0	0	0	0	0	0	0	0	0	0	0	0	0	0	0	0	0	0	0	0	0	0	0	
0	0	0	0	0	0	0	0	0	0	0	0	0	0	0	0	0	0	0	0	0	0	0	0	0	0	0	0	0	0	0	0	0	0	0	0	0	0	192	0	0	0	0	0	0	0	0	0	0	0	0	0	0	0	0	0	0	0	0	0	0	0	0	0	48	192	0	0	0	0	48	0	0	0	0	0	0	0	0	0	0	0	0	0	0	0	0	0	0	0	0	0	0	0	0	0	0	0	0	0	
0	0	0	0	0	0	0	0	0	0	0	0	192	0	0	0	0	0	0	0	0	0	0	0	0	0	0	0	0	0	500	0	0	0	0	0	0	0	0	0	0	0	0	0	0	0	0	0	0	0	0	0	0	0	0	0	0	0	0	0	0	0	0	0	0	0	0	0	0	0	0	0	0	0	0	0	0	0	0	0	0	0	0	0	0	0	0	0	0	0	0	0	0	0	0	0	0	0	0	0	
0	0	0	0	0	0	0	0	0	0	0	0	0	0	0	0	0	0	0	0	0	0	0	0	0	0	0	192	0	0	0	0	0	0	0	0	0	0	48	0	0	0	0	0	0	0	0	0	0	0	0	0	0	0	0	0	0	0	0	0	0	0	0	0	0	0	0	0	48	0	0	0	0	0	0	0	0	0	0	0	0	0	0	0	0	0	0	0	0	0	0	0	0	0	0	0	0	0	0	0	
0	0	0	0	0	0	0	0	0	0	0	0	0	0	0	0	0	0	0	0	0	0	0	0	0	0	0	0	0	0	0	0	0	0	0	0	0	0	0	0	0	0	0	0	0	0	0	0	0	0	0	0	0	0	0	0	0	0	0	0	0	0	192	0	0	0	0	0	0	0	0	0	0	0	0	0	0	0	192	0	0	0	0	0	0	0	0	0	0	0	0	0	0	0	0	0	0	0	0	0	
0	0	0	0	0	0	0	0	0	0	0	0	0	0	0	0	0	0	0	0	0	0	0	0	500	0	0	192	0	0	0	0	0	0	0	0	0	0	0	0	0	0	0	0	0	0	0	0	0	0	0	0	0	0	0	0	0	0	0	0	0	0	0	0	0	0	0	0	0	0	0	0	0	0	0	0	0	0	0	0	0	0	0	0	0	0	0	0	0	0	0	0	0	0	0	0	0	0	0	0	
0	0	0	96	0	0	0	0	0	0	0	0	0	0	0	0	0	0	0	0	0	0	0	0	96	0	0	0	0	0	0	0	0	0	0	0	0	0	0	0	0	0	0	0	0	0	0	0	0	0	0	0	0	0	0	0	0	0	0	0	0	0	0	0	0	0	0	0	0	0	0	0	0	0	0	0	0	0	0	0	0	0	0	0	0	0	0	0	0	0	0	0	0	0	0	0	0	0	0	0	
500	96	0	0	0	0	0	0	0	0	0	0	0	0	0	0	0	0	0	0	0	0	0	0	0	0	0	0	0	0	0	0	0	0	0	0	0	0	0	0	0	0	0	0	0	0	0	0	0	0	0	0	0	0	0	0	0	0	0	0	0	0	0	0	0	0	0	0	0	0	0	0	0	0	0	0	0	0	0	0	0	0	0	0	0	0	0	0	0	0	0	0	0	0	0	0	0	0	0	0	
0	0	0	0	0	0	0	0	0	0	0	0	0	0	0	0	0	0	0	0	0	0	0	0	0	0	0	0	0	0	0	0	0	0	0	0	0	0	48	0	0	0	0	0	0	0	0	0	0	0	0	0	0	0	0	0	0	0	0	0	0	0	0	0	0	0	0	0	0	0	0	0	0	0	0	0	0	0	0	0	0	0	0	0	0	0	0	0	0	0	0	0	0	0	48	0	0	0	0	0	
0	0	0	0	0	0	0	0	0	0	0	0	0	0	0	0	0	0	0	0	0	0	0	0	0	0	0	0	0	0	0	0	0	0	0	0	0	0	0	0	0	0	0	0	0	0	0	0	96	0	0	0	0	0	0	0	0	0	0	0	0	0	0	0	0	0	0	0	0	0	0	0	0	0	0	0	0	96	0	0	0	0	500	0	0	0	500	0	0	0	0	500	0	0	0	0	0	0	0	0	
0	0	0	0	0	0	0	0	0	0	0	0	0	0	0	0	0	0	0	0	0	0	0	0	0	0	0	0	0	0	0	0	0	0	0	0	0	0	0	0	0	0	0	0	0	0	0	0	0	0	0	0	0	0	0	0	0	0	0	0	0	0	0	0	0	0	0	0	0	0	0	0	0	0	0	0	96	0	0	0	0	0	0	0	0	0	48	0	0	0	0	0	0	0	0	0	0	0	0	0	
0	0	0	0	0	0	0	0	0	0	0	0	0	0	0	0	0	0	0	0	0	0	0	0	0	0	0	0	0	0	500	0	0	0	0	0	0	0	0	0	0	0	0	0	0	0	0	0	0	0	0	0	0	0	0	0	0	0	0	0	0	0	0	0	0	0	0	0	0	0	0	192	0	0	0	0	0	0	0	0	0	0	0	0	0	0	0	0	0	0	0	0	0	0	0	0	0	0	0	0	
0	0	0	0	0	0	0	0	0	0	0	0	0	0	0	0	0	0	96	0	0	0	0	0	0	0	0	0	0	0	0	0	0	0	0	0	0	0	0	0	192	0	0	0	0	96	0	0	0	0	0	0	0	0	0	0	0	0	0	0	0	0	0	0	0	0	0	0	0	0	0	0	0	0	0	0	0	0	0	0	0	0	0	0	0	0	0	0	0	0	0	0	0	0	0	0	0	0	0	0	
0	0	0	0	0	0	0	0	0	0	0	0	0	0	96	0	0	0	0	0	0	0	0	0	0	0	0	0	0	500	0	0	0	0	0	0	0	0	0	0	0	0	0	0	0	0	0	0	0	0	0	0	0	0	0	0	0	0	0	0	0	0	0	0	0	0	0	0	0	0	0	0	0	0	0	0	0	0	0	0	0	0	0	0	0	0	0	0	0	0	0	0	0	0	0	0	0	0	0	0	
0	0	0	0	0	0	0	0	0	0	0	0	0	0	0	0	0	0	0	0	0	0	0	0	0	0	0	0	0	0	0	0	0	0	0	0	0	0	0	0	0	0	0	0	0	0	0	0	0	0	0	0	0	0	0	0	0	0	0	0	0	0	0	0	0	0	0	0	0	0	0	0	0	0	0	0	0	0	0	0	0	0	48	0	0	48	0	0	0	0	48	0	0	0	0	0	500	0	500	0	
0	0	0	0	0	0	0	0	0	0	0	96	0	0	0	0	0	0	0	0	0	0	0	0	0	0	0	0	0	0	0	0	0	0	0	0	0	0	0	0	0	0	0	0	0	0	0	0	0	0	0	0	0	0	0	0	0	0	0	0	0	0	0	0	0	0	0	0	0	0	0	0	0	0	0	0	500	0	0	0	0	48	0	0	0	0	500	0	0	0	0	0	0	0	0	0	500	0	0	0	
0	0	0	0	0	0	0	0	48	0	0	0	0	0	0	0	0	0	0	0	0	0	0	0	0	0	0	0	0	0	0	0	0	500	0	0	0	0	0	500	0	0	0	48	0	0	0	0	0	0	0	0	0	0	0	0	0	0	0	0	0	0	0	0	0	0	0	0	0	0	0	0	0	0	0	0	0	0	0	0	0	0	0	0	0	0	0	0	0	0	0	0	0	0	0	0	0	0	0	0	
500	0	0	0	0	0	0	0	0	0	0	0	0	0	0	0	0	96	0	0	0	0	0	48	0	0	0	0	0	0	0	0	0	0	0	0	0	0	0	0	0	0	0	0	0	0	0	0	0	0	0	0	0	0	0	0	0	0	0	0	0	0	0	0	0	0	0	0	0	0	0	0	0	0	0	0	0	0	0	0	0	0	0	0	0	0	0	0	0	0	0	0	0	0	0	0	0	0	0	0	
0	0	0	0	0	0	0	0	0	0	0	0	0	0	0	0	0	0	0	0	0	0	0	0	0	0	0	0	0	0	0	0	0	0	0	0	0	0	0	0	500	0	0	48	0	0	0	0	0	0	0	0	0	0	0	0	0	0	0	0	0	0	0	0	0	0	0	0	0	0	0	0	0	0	0	0	0	0	0	0	0	48	0	0	0	0	0	0	0	0	0	0	0	0	0	0	0	0	0	0	
0	0	0	0	0	0	0	0	0	0	0	0	0	0	0	0	0	0	0	0	0	0	0	0	0	0	0	0	0	0	0	0	0	0	0	0	0	0	0	0	0	0	0	0	0	0	0	0	192	0	0	0	0	0	0	0	0	0	0	0	0	0	0	0	0	0	0	0	0	0	0	0	0	0	0	0	500	48	0	0	0	0	500	0	0	0	0	0	0	0	0	0	0	0	0	0	0	0	0	0	
0	0	0	0	0	96	0	0	0	0	0	0	0	0	0	0	0	0	0	0	0	0	0	0	0	0	0	0	0	0	0	0	0	0	0	0	0	0	0	0	0	0	0	0	192	0	0	0	0	0	48	0	0	0	0	0	0	0	0	0	0	0	0	192	0	0	0	0	0	0	0	0	0	0	0	0	0	0	0	0	0	0	0	0	0	0	0	0	0	0	0	0	0	0	0	0	0	0	0	0	
0	0	0	0	0	0	0	0	0	192	0	0	0	0	0	0	0	0	0	0	0	0	0	0	0	0	0	0	0	0	0	0	0	0	0	0	0	0	0	0	0	96	0	0	0	0	0	0	0	0	0	0	0	0	0	0	0	0	0	0	0	0	0	0	0	0	0	0	0	0	0	0	0	0	0	0	0	0	0	0	0	0	0	0	0	0	0	0	0	0	0	0	0	0	0	0	0	0	0	0	
0	0	0	0	0	0	0	48	0	0	0	0	0	0	0	0	0	0	0	0	0	0	0	0	0	0	0	0	0	0	0	96	0	0	0	0	0	0	0	0	0	0	0	0	0	0	0	0	0	0	0	0	0	0	0	0	0	0	0	0	0	48	0	0	0	0	0	0	0	0	0	0	0	0	0	0	0	0	0	0	0	0	0	0	0	0	0	0	0	0	0	0	0	0	0	0	0	0	0	0	
0	0	0	0	0	0	0	0	0	0	0	0	0	0	0	0	0	0	0	0	0	0	0	0	0	0	0	0	0	0	0	96	0	0	0	0	0	0	0	0	0	0	0	0	0	0	0	0	0	0	0	0	0	0	0	0	0	0	0	0	0	0	0	48	0	0	0	0	0	0	0	0	0	0	0	0	0	0	0	0	0	48	0	0	0	0	0	0	0	0	0	0	0	0	0	0	0	0	0	0	
0	0	0	0	0	0	500	0	0	0	0	0	0	0	0	0	0	0	0	0	0	0	0	0	0	0	0	0	0	0	0	0	0	0	0	0	0	0	0	0	0	0	0	0	0	0	0	0	0	192	0	0	0	0	0	0	0	96	0	0	0	0	0	0	0	0	0	0	0	0	0	0	0	0	0	0	500	0	0	0	0	0	0	0	0	0	0	0	0	0	0	0	0	0	0	0	0	0	0	0	
0	0	0	0	0	0	0	0	0	0	0	0	0	0	0	0	0	0	192	0	0	0	0	0	0	0	0	0	0	0	0	0	0	0	0	0	0	0	0	0	96	0	0	0	0	0	0	0	0	0	0	0	0	0	0	0	0	0	0	0	0	0	0	0	0	0	0	0	0	0	0	0	0	0	0	0	0	0	0	0	0	0	0	0	0	0	0	0	0	0	0	0	0	0	0	0	0	0	0	0	
0	0	0	0	0	0	0	192	0	0	0	0	0	0	0	0	0	0	0	96	0	0	0	0	0	0	0	0	0	0	0	0	0	0	0	0	0	0	0	0	0	0	0	0	0	0	0	0	0	0	0	0	0	0	0	0	0	0	0	0	0	0	0	0	0	0	0	0	0	0	0	0	0	0	0	0	0	0	0	0	0	0	0	0	0	0	0	0	0	0	0	0	0	0	0	0	0	0	0	0	
0	0	0	0	0	0	0	0	0	0	0	0	0	0	0	0	0	0	0	0	0	0	0	0	500	0	0	0	0	0	0	0	0	0	0	0	0	0	48	0	0	0	0	0	0	0	0	0	0	0	0	0	0	0	0	0	0	0	0	0	0	0	0	0	0	0	0	0	0	0	0	0	0	0	0	48	0	0	0	0	0	0	0	0	0	0	0	0	0	0	0	0	0	0	0	0	0	0	0	0	
0	0	0	0	0	0	0	0	0	0	0	0	0	0	0	0	0	0	0	0	0	96	0	0	0	0	0	0	0	0	0	0	0	0	0	0	0	0	0	0	0	0	0	0	0	0	0	0	0	0	0	0	0	0	0	0	0	0	500	0	500	0	0	0	0	0	0	0	0	0	0	0	0	0	0	0	0	0	0	0	0	0	0	0	0	0	0	0	0	0	0	0	0	0	0	0	0	0	0	0	
0	0	0	0	0	0	0	0	0	0	0	0	0	0	0	0	0	0	0	500	0	0	0	0	0	0	0	0	0	0	0	0	0	0	0	0	0	0	0	0	0	0	0	0	0	0	0	0	0	0	0	0	0	0	0	192	0	0	0	0	0	96	0	0	0	0	0	0	0	0	0	0	0	0	0	0	0	0	0	0	0	500	500	0	0	0	0	0	0	0	0	0	0	0	0	0	0	0	0	0	
0	0	0	0	0	0	0	0	500	0	0	0	0	0	0	0	0	0	0	0	0	0	0	0	0	0	0	0	0	0	0	0	0	96	0	0	0	0	0	0	0	0	0	48	0	0	0	0	0	0	0	0	0	0	0	0	0	0	0	0	0	0	0	0	0	0	0	0	0	0	0	0	0	0	0	0	0	0	0	0	0	0	0	0	0	0	0	0	0	0	0	0	0	0	0	0	0	0	0	0	
0	0	0	0	0	0	0	0	0	0	0	0	0	0	0	0	0	0	0	0	0	0	0	0	0	0	0	0	0	0	0	0	0	0	0	48	0	0	0	0	0	0	0	0	0	0	0	0	0	0	0	0	0	0	0	0	0	0	0	0	0	0	0	0	0	96	0	0	0	0	0	0	0	0	0	0	0	0	0	0	0	500	0	0	0	0	0	0	0	0	0	0	0	0	0	0	0	0	0	0	
0	0	0	0	0	0	96	0	0	0	0	0	0	0	0	0	0	0	0	0	0	0	0	0	0	0	0	0	0	0	0	0	0	0	0	0	0	0	0	0	0	0	0	0	0	0	0	0	192	0	0	0	0	0	0	0	0	0	0	0	0	0	0	0	0	0	0	0	0	0	0	0	0	0	0	0	0	0	0	0	0	0	0	0	0	0	0	0	0	0	0	0	0	0	0	0	0	0	0	0	
6	5	51	43	37	49	6	44	70	83	95	80	86	99	15	92	17	56	96	32	13	78	29	65	34	81	97	69	79	4	40	20	83	70	12	92	44	17	48	93	22	91	91	49	67	75	21	44	84	91	19	75	54	56	30	52	37	79	88	60	3	25	16	19	53	11	21	46	55	34	23	91	71	67	84	94	86	87	67	45	37	7	7	52	8	40	64	37	29	19	59	56	68	4	33	11	32	38	12	94	88	77	32	98	33	21	74	73	54	9	55	51	22	12	24	86	91	68	63	6	57	7	44	49	27	80	23	87	3	89	16	62	93	52	73	38	92	28	61	76	23	15	15	54	24	46	38	1	87	50	95	21	75	84	41	95	94	93	55	41	16	74	64	39	52	68	11	35	97	28	44	97	8	46	17	47	28	49	81	89	12	93	91	72	61	26	51	54	18	87	59	60	54	31	94	17	47	97	15	13	62	96	89	91	59	79	23	84	12	65	22	74	82	4	17	17	69	6	7	82	83	34	36	71	33	6	1	89	96	83	15	96	40	6	63	17	59	52	35	26	29	66	55	79	13	25	8	46	46	98	7	3	37	78	50	32	1	69	20	9	13	34	12	44	11	33	98	33	23	74	19	61	28	28	17	30	89	31	96	85	7	79	85	45	33	23	69	34	42	98	17	6	15	22	6	13	59	53	94	29	1	54	41	17	91	91	72	86	90	29	44	24	38	21	7	28	49	12	93	32	72	99	23	1	87	23	62	95	0	69	51	99	44	30	0	83	67	31	88	3	68	93	90	88	53	33	38	81	38	87	54	88	74	46	73	20	75	78	46	82	18	27	33	97	68	48	95	85	41	88	97	5	71	65	97	2	2	89	47	58	48	55	84	25	30	81	65	88	65	61	91	61	93	34	8	17	52	10	28	12	59	70	32	51	82	87	65	56	68	30	96	84	64	92	83	98	91	78	34	62	3	81	66	62	77	30	8	50	50	29	61	56	74	17	91	99	19	98	26	76	98	64	55	19	32	2	19	69	73	79	75	32	75	10	65	40	86	54	33	51	9	10	64	9	67	73	75	40	97	73	47	84	46	68	54	19	69	97	88	61	56	58	26	91	95	92	25	19	69	52	83	14	80	27	67	28	88	10	16	98	64	22	62	74	58	12	94	76	27	49	26	98	60	89	18	96	81	67	10	91	40	63	21	29	45	57	72	71	86	4	82	65	4	84	2	68	52	5	76	14	86	34	97	3	64	14	82	5	47	43	21	48	52	27	17	54	19	73	9	63	78	95	37	64	1	34	35	59	11	91	62	57	31	23	69	70	22	39	52	75	11	60	24	46	85	51	70	47	54	49	48	60	78	91	82	53	3	46	24	4	82	43	22	97	76	62	6	22	13	42	95	99	55	95	84	45	91	13	44	66	97	27	51	22	71	0	15	59	26	62	71	61	51	67	86	26	38	90	76	50	21	93	10	67	29	86	2	33	50	52	7	2	66	81	20	73	74	30	69	70	54	56	75	88	64	72	87	0	33	47	11	80	30	70	95	36	15	10	76	38	14	76	91	78	76	52	21	38	1	89	44	46	35	3	36	75	7	66	62	43	45	9	43	35	20	47	52	99	63	7	39	48	31	92	96	88	10	49	52	39	1	85	40	43	21	10	86	16	95	58	5	83	91	84	40	38	11	30	79	78	55	17	91	23	85	10	54	54	86	78	47	69	27	58	89	20	24	19	56	65	43	54	86	40	49	12	34	51	14	61	43	66	41	84	65	87	24	37	97	2	51	49	40	20	57	84	92	67	64	37	16	16	69	95	35	42	40	1	57	29	51	50	7	55	71	80	27	64	32	13	61	54	21	0	94	80	45	35	79	11	89	71	97	59	87	57	53	45	44	26	9	63	1	67	9	34	94	81	42	46	58	45	10	72	47	8	44	78	37	55	19	8	15	99	31	51	83	81	73	42	14	61	90	11	48	58	12	29	27	28	79	89	52	11	75	10	11	82	56	68	50	84	76	82	58	92	86	85	4	73	61	55	28	81	32	32	8	93	15	29	52	95	68	52	95	82	26	62	64	60	96	75	69	62	50	24	2	25	25	51	33	42	83	9	39	94	3	49	97	50	52	95	51	23	42	93	39	2	26	51	54	83	30	59	8	65	41	60	95	8	18	7	20	96	37	96	27	8	67	88	98	35	90	49	42	52	69	3	32	42	11	0	96	96	56	8	16	1	49	13	53	79	96	11	47	44	93	40	44	63	24	40	93	90	92	84	7	26	14	74	90	48	77	71	76	37	44	51	78	10	7	43	28	48	91	21	32	24	45	33	7	67	6	61	33	21	28	57	60	17	43	30	97	23	92	50	41	48	56	74	8	0	13	6	0	90	70	95	90	13	30	31	62	28	81	10	34	6	29	90	55	1	89	27	1	11	56	99	6	3	94	38	23	47	32	26	53	76	99	23	36	51	81	94	94	53	49	45	44	15	94	44	70	18	85	25	86	51	1	40	25	43	56	67	8	23	0	62	3	84	45	63	56	47	28	78	51	52	6	57	47	94	89	44	59	45	97	80	0	21	59	99	77	45	76	85	9	4	49	72	66	21	40	40	28	7	73	43	86	32	89	37	59	13	49	12	0	20	58	52	96	92	98	67	46	79	52	17	43	98	43	79	58	94	84	79	6	8	46	77	77	33	28	43	27	50	37	73	47	84	0	97	52	40	82	67	15	90	86	53	27	45	51	43	63	45	8	70	5	22	16	40	77	31	56	66	5	43	55	20	14	81	24	7	21	72	78	25	66	51	76	18	11	21	71	20	29	48	46	39	72	58	48	24	34	66	73	29	40	70	2	75	51	51	28	74	51	30	20	63	50	36	88	4	76	66	68	1	40	77	33	8	93	90	8	17	64	46	79	26	48	69	9	31	72	34	45	54	58	89	7	43	14	55	21	35	39	88	10	12	44	75	65	71	82	59	30	47	84	79	6	48	13	82	78	44	63	38	75	71	58	89	71	19	76	46	42	35	50	95	97	76	25	13	10	50	57	41	44	3	44	72	54	50	83	52	40	7	6	39	51	53	35	37	12	85	87	86	17	29	58	95	93	53	99	37	99	38	33	9	19	43	57	67	55	58	41	18	62	10	82	78	39	20	5	43	62	31	27	48	44	75	80	28	99	31	82	50	2	92	25	5	20	92	43	7	77	31	37	22	10	78	76	61	4	0	16	46	89	47	11	74	93	30	30	70	81	69	90	63	82	70	19	2	13	74	51	96	84	25	22	70	83	4	2	97	15	48	20	90	57	60	93	37	26	18	93	29	4	93	7	82	39	30	61	76	32	13	27	78	76	31	76	40	48	74	78	26	2	58	97	46	34	57	20	14	45	99	18	45	36	94	12	49	4	62	69	68	7	1	24	93	21	43	83	70	71	17	86	24	98	53	32	92	84	68	7	11	80	30	87	26	41	28	59	6	47	60	25	52	7	30	22	49	83	16	27	70	51	90	44	99	3	25	7	99	75	79	72	70	1	1	49	12	87	87	63	60	99	78	47	69	65	56	41	54	62	41	56	46	87	83	98	91	18	30	71	11	38	84	98	65	38	37	57	47	6	95	72	50	60	10	82	27	11	71	94	15	90	44	85	8	13	21	66	8	41	60	40	67	75	41	33	69	93	30	89	3	31	11	70	22	62	78	81	67	47	67	31	74	35	16	0	62	96	29	98	27	37	7	98	77	85	40	92	27	28	36	31	56	28	25	73	79	4	75	94	31	71	0	69	6	29	80	48	50	99	65	76	18	43	95	93	80	32	72	29	9	13	16	65	14	30	96	97	64	20	26	35	92	17	62	56	51	72	62	13	78	24	18	50	58	53	48	9	52	84	28	23	60	46	24	40	49	69	80	58	19	9	21	22	26	83	45	45	17	96	21	11	56	70	49	2	87	36	58	62	0	73	2	58	85	61	21	73	5	45	37	72	18	3	18	70	74	2	5	14	12	33	44	90	58	68	12	82	49	92	81	68	98	99	48	49	94	89	95	78	22	58	22	23	35	69	75	62	42	43	2	48	44	51	93	1	58	20	68	40	48	86	77	43	89	62	92	14	93	97	6	40	8	41	97	59	45	41	50	16	7	68	92	31	21	82	23	94	98	25	74	58	28	52	70	4	13	26	92	36	24	51	46	76	3	60	49	96	87	50	65	78	41	47	0	11	51	26	93	84	52	82	88	86	62	87	16	33	77	27	6	62	28	17	4	0	83	80	38	18	39	64	82	2	21	10	84	5	5	47	29	55	26	57	99	6	92	28	75	11	23	61	25	10	14	61	38	29	88	1	88	41	8	47	23	67	53	90	69	95	97	81	86	55	98	48	35	35	91	37	71	58	26	95	40	63	20	17	41	12	94	55	23	81	65	98	13	56	78	56	79	98	30	92	24	0	6	25	85	90	35	15	27	54	26	31	9	69	23	83	69	99	41	10	2	54	56	19	77	55	4	70	70	62	80	80	98	74	60	51	7	17	32	94	37	15	98	0	22	79	32	93	14	39	37	67	15	8	19	9	37	42	8	34	70	72	23	45	2	92	66	93	58	70	22	43	56	93	84	34	5	75	17	13	33	49	90	20	53	95	96	32	55	71	28	14	67	42	31	19	27	72	34	17	31	95	13	92	76	68	91	1	48	40	92	41	52	11	40	6	8	31	62	24	85	57	73	75	21	89	80	2	28	29	2	90	16	10	13	42	89	92	27	33	77	57	59	11	60	42	63	57	72	96	24	48	53	47	51	86	56	29	10	27	67	47	48	11	38	97	99	58	19	45	31	62	14	76	95	89	17	91	67	5	0	42	24	38	17	27	3	9	28	46	28	92	99	6	78	78	22	74	41	74	90	79	81	56	21	12	41	9	79	40	24	18	86	85	69	29	34	11	3	14	97	89	12	66	47	58	66	94	90	87	48	87	94	11	84	79	85	81	39	1	39	6	78	92	85	41	66	17	97	49	92	31	87	40	1	45	73	50	54	54	3	22	96	33	55	19	80	31	65	66	62	35	87	38	69	32	25	58	93	69	96	92	46	93	22	48	35	97	32	68	84	28	50	93	93	77	97	24	76	80	19	85	19	74	80	86	5	32	94	20	20	87	21	87	38	69	94	97	58	22	15	59	94	47	57	50	79	85	12	6	82	89	5	85	16	85	10	67	94	93	51	43	57	2	98	52	10	21	59	36	42	52	16	7	30	42	13	43	62	22	24	49	5	60	81	18	31	34	69	62	76	83	22	11	47	46	85	69	35	19	78	15	95	87	90	28	94	83	11	22	82	89	25	69	53	92	5	63	34	87	14	21	27	66	62	72	93	19	4	88	89	93	5	83	93	59	28	38	0	1	41	69	84	52	71	14	65	85	67	74	2	78	3	61	87	42	31	42	41	88	17	24	81	44	33	88	43	68	56	21	50	95	96	34	38	76	54	4	19	3	26	30	44	5	93	31	64	80	85	5	30	51	78	60	49	5	54	82	19	14	65	56	90	99	64	31	21	29	66	51	54	14	5	82	98	2	76	13	66	42	84	9	67	43	12	14	2	42	24	82	96	29	79	97	90	12	6	45	73	76	31	39	78	50	98	48	41	35	76	24	69	29	83	38	62	28	80	0	16	53	35	34	82	13	89	91	28	65	12	93	70	83	72	53	66	79	59	75	14	70	85	81	77	41	76	8	53	73	36	36	64	72	79	23	17	98	53	22	10	60	39	89	52	83	15	7	92	97	50	47	23	5	60	98	2	10	86	67	18	44	6	37	20	33	12	97	77	84	62	38	46	96	80	51	59	9	19	18	31	40	57	11	78	42	59	93	16	36	37	66	64	8	48	86	93	98	94	41	70	71	7	91	74	4	57	93	35	27	40	34	91	72	10	53	85	11	7	80	27	20	21	55	62	97	88	33	23	4	13	69	36	91	46	60	4	86	95	33	53	70	2	39	11	60	95	56	85	82	60	44	11	92	29	49	58	11	80	92	87	84	97	98	14	76	38	31	10	41	55	85	19	70	65	49	69	70	42	99	55	17	78	2	8	53	19	32	91	81	17	49	23	0	2	44	50	62	38	19	66	32	91	35	10	28	85	80	36	69	38	36	33	18	86	0	58	35	82	52	68	9	92	51	8	90	20	91	83	45	40	8	46	29	28	29	34	42	86	48	56	89	74	14	29	84	6	23	5	38	10	93	31	26	27	81	14	16	7	88	53	93	35	78	60	31	59	53	63	45	28	37	68	30	44	49	17	14	63	88	21	62	59	3	55	0	48	57	18	11	23	49	68	38	78	81	14	69	74	21	41	38	67	63	14	24	70	24	38	42	49	41	14	39	20	66	79	95	45	61	26	12	24	59	72	80	63	33	50	77	98	83	40	19	95	6	69	71	78	89	33	98	88	35	60	2	87	98	81	78	44	75	79	81	3	34	69	19	13	49	74	54	88	89	36	21	36	87	41	71	58	95	76	52	73	19	99	85	15	15	31	15	67	82	54	52	50	23	35	87	20	79	96	99	2	89	38	44	82	84	70	88	68	21	76	34	58	75	39	85	64	1	75	73	8	65	89	91	22	76	45	16	7	6	90	46	65	97	84	21	57	82	63	58	35	53	6	78	4	52	88	70	90	36	84	52	89	74	61	31	79	74	73	74	68	46	30	94	2	31	83	50	85	97	98	45	46	6	76	82	35	67	54	72	17	72	1	15	3	91	42	73	9	1	94	93	58	15	90	42	35	5	43	64	90	13	46	80	95	96	92	48	7	2	45	91	4	57	0	64	7	34	9	47	40	41	48	5	36	29	12	24	25	4	40	31	31	10	83	1	4	6	28	74	81	74	1	28	77	75	88	66	91	49	68	55	28	43	11	78	60	3	70	39	60	45	46	84	66	40	16	3	67	86	93	26	11	32	30	45	91	42	72	85	49	22	60	27	97	89	23	77	21	23	74	18	1	42	37	53	18	51	87	22	74	19	96	70	58	26	8	79	6	6	30	21	3	68	61	32	39	28	92	0	42	4	94	63	70	45	21	39	47	27	3	22	83	53	75	40	10	5	7	26	78	51	0	41	79	70	80	35	78	44	94	16	49	94	76	73	60	36	39	43	9	84	40	35	85	71	7	34	95	18	71	22	66	61	24	43	99	10	87	2	6	85	0	89	1	77	90	79	28	33	97	95	96	71	37	97	3	91	33	86	69	15	40	31	60	16	45	62	25	38	59	99	47	4	20	87	53	1	14	83	64	18	72	28	32	70	4	72	31	60	59	63	57	13	54	22	87	68	34	62	11	4	72	92	25	79	97	74	31	17	54	15	61	41	36	78	41	98	48	92	91	29	95	28	49	61	89	57	35	65	1	10	50	91	99	83	32	63	35	50	94	75	52	45	76	16	33	42	15	71	9	25	9	48	47	83	70	41	85	37	64	23	21	72	99	46	14	34	92	4	78	83	97	90	14	36	99	29	35	86	46	73	62	2	75	0	24	26	12	2	50	62	98	26	33	15	16	23	58	46	30	19	66	37	66	78	18	87	23	26	18	43	90	52	49	25	15	65	67	91	31	29	92	32	92	90	79	71	27	0	39	20	36	90	7	80	60	55	2	68	73	93	22	82	39	24	45	25	51	94	50	44	88	4	87	47	76	63	1	40	54	63	34	54	35	66	9	76	35	5	8	74	3	44	56	97	17	5	90	2	77	5	14	51	5	9	7	71	37	29	41	53	23	27	13	82	19	31	79	93	82	44	78	40	42	97	94	25	16	47	23	56	16	13	68	78	39	26	28	5	67	72	38	12	24	7	21	2	44	33	59	63	95	19	86	0	79	98	77	98	60	30	90	51	59	65	18	91	50	40	90	47	58	72	99	16	50	89	30	15	2	25	24	86	61	84	38	85	72	1	45	49	73	39	62	23	64	47	74	56	62	0	69	98	33	81	2	97	90	19	17	86	85	53	14	94	7	18	12	94	78	20	42	76	47	88	15	68	89	74	42	7	0	88	5	58	18	47	86	87	70	15	88	81	17	66	37	19	91	5	46	61	90	36	40	12	73	94	88	22	92	30	63	74	86	53	74	91	4	86	26	53	48	28	16	2	22	16	1	97	36	29	50	53	30	2	47	26	41	73	91	49	31	62	46	27	13	80	48	65	15	82	96	29	14	69	45	11	92	52	14	24	1	70	30	33	91	32	39	80	78	41	99	49	96	88	65	96	5	15	3	45	43	51	2	46	94	60	16	9	51	56	16	68	76	79	28	71	65	44	57	43	72	82	84	89	14	23	29	15	86	11	47	65	43	40	90	4	10	47	35	65	23	77	50	29	88	74	86	30	41	84	7	47	83	12	21	67	72	19	11	51	16	17	20	22	9	35	31	70	56	48	11	9	0	99	22	71	24	2	78	77	45	38	98	25	35	79	20	18	64	87	85	67	84	47	98	52	64	51	32	10	86	78	84	7	38	70	75	30	46	47	10	14	66	20	38	75	20	67	88	6	48	49	93	33	48	18	21	19	68	72	3	55	29	52	31	93	65	75	17	2	77	25	92	4	65	16	67	66	26	24	65	31	14	52	77	79	1	47	97	23	9	78	19	41	74	56	90	32	1	96	20	55	41	84	30	14	64	4	61	63	81	2	58	93	20	43	10	39	31	16	34	65	47	21	51	64	11	36	38	25	43	14	60	21	61	76	2	78	88	38	60	64	41	82	45	92	92	76	1	11	98	42	40	75	5	49	77	59	34	78	47	70	9	81	45	68	31	48	78	27	30	32	41	2	98	14	97	92	85	98	56	65	27	74	23	54	77	46	3	92	97	97	62	69	28	46	15	60	74	18	36	60	12	36	74	45	76	47	58	61	26	93	84	95	8	94	23	2	50	60	39	62	62	40	53	84	88	23	46	97	81	1	14	47	59	32	4	26	99	65	99	99	5	40	94	39	98	19	16	51	52	75	56	69	83	93	97	84	49	97	77	79	78	81	90	51	96	70	3	75	59	16	30	70	12	61	92	59	57	66	42	33	39	7	97	45	54	38	34	2	35	84	86	38	88	74	2	71	81	0	47	93	80	16	26	41	41	35	88	25	73	17	9	16	2	72	4	21	65	57	41	36	38	32	44	43	2	28	60	9	71	4	76	81	54	17	95	46	14	45	20	99	75	53	93	33	67	86	84	35	73	1	56	20	14	26	27	56	78	26	70	96	59	32	66	69	36	99	8	84	25	9	97	51	17	27	66	82	25	33	44	82	39	85	88	52	55	80	11	46	75	86	74	63	99	33	89	58	88	46	11	87	28	42	96	11	24	85	4	96	32	93	26	98	49	91	45	34	85	11	0	77	16	23	14	48	20	24	90	48	65	74	75	55	17	60	87	81	56	12	47	7	80	18	4	78	33	37	36	96	96	3	38	17	27	53	64	46	10	19	7	72	59	68	76	20	15	78	15	92	1	57	71	83	61	56	20	60	77	5	99	39	80	37	33	98	31	92	30	92	62	72	49	60	62	6	21	50	81	14	53	43	20	70	16	56	30	91	49	7	43	78	11	96	25	63	24	52	87	24	90	84	66	61	24	81	30	41	52	9	5	19	75	68	35	33	90	27	49	39	62	19	53	3	80	33	59	98	53	47	85	97	14	57	79	4	4	68	55	89	44	97	45	4	23	65	39	28	69	26	73	16	5	96	32	34	79	16	70	90	63	15	84	26	48	74	62	51	1	19	61	98	37	82	27	23	71	36	88	40	25	54	62	70	49	69	5	17	50	43	19	23	94	88	40	65	62	37	37	84	19	99	40	84	70	28	5	91	60	79	74	50	34	43	4	53	69	40	62	38	34	15	28	14	86	34	12	93	34	45	61	53	2	44	84	99	89	2	9	24	99	60	89	8	4	61	58	13	7	8	97	76	71	33	22	9	47	17	26	94	70	97	95	8	23	51	81	23	65	70	26	37	94	45	90	31	75	72	18	66	37	73	64	82	38	27	93	61	53	5	37	84	12	59	93	63	24	54	59	8	74	31	15	48	54	36	35	68	55	77	71	28	1	98	57	74	41	31	65	18	44	62	4	79	66	97	16	4	78	86	
9	98	1	34	40	83	44	86	86	78	1	70	19	72	33	68	54	87	67	80	90	82	11	40	1	40	27	93	73	13	50	3	49	94	97	44	79	40	47	65	99	45	19	78	76	16	22	37	86	28	60	47	57	61	86	76	60	19	42	6	6	74	40	41	69	40	78	55	62	27	11	37	82	80	7	36	90	97	48	8	59	38	21	26	45	72	91	1	47	56	10	48	72	79	3	76	91	78	12	95	43	83	73	98	54	93	63	70	81	27	80	39	57	97	20	15	38	60	93	10	15	57	31	46	24	69	71	68	97	18	67	89	36	19	99	73	31	95	24	73	65	14	52	23	0	13	24	4	88	65	27	97	48	35	40	94	12	89	48	77	72	70	11	31	63	13	26	20	32	94	59	5	93	70	66	89	72	62	0	55	80	99	63	89	98	66	75	51	21	49	66	31	37	44	80	46	74	7	54	68	43	1	2	27	87	3	24	27	25	88	86	59	32	38	0	9	50	27	35	45	4	58	97	54	74	82	74	30	87	11	51	77	15	58	54	65	62	56	59	67	11	67	48	43	61	26	41	87	22	60	88	0	43	93	72	74	37	30	29	39	89	36	53	39	99	44	83	44	38	75	76	99	45	11	88	69	55	39	88	82	99	42	69	43	91	64	29	51	8	62	13	37	95	89	29	14	49	67	26	93	99	67	73	53	49	60	40	95	62	54	75	53	65	17	48	36	69	80	67	45	41	24	94	48	59	84	45	63	80	70	49	2	29	44	88	51	6	26	42	15	2	81	4	94	41	94	24	70	91	86	58	48	86	22	40	32	63	28	70	12	12	99	21	68	47	14	87	90	36	85	92	87	27	61	10	32	41	83	1	41	10	56	66	88	97	2	87	17	29	64	40	86	28	93	10	16	7	89	71	63	55	13	60	41	89	6	60	58	54	61	78	5	47	4	95	25	88	74	35	95	8	38	55	81	82	32	53	4	56	77	45	28	83	22	48	67	4	60	24	2	96	36	93	25	16	68	13	82	81	80	20	94	15	56	51	89	25	23	48	29	50	22	7	47	4	52	90	27	92	63	37	23	51	89	13	59	70	61	20	25	26	62	10	38	4	32	96	3	8	12	32	48	37	99	27	10	2	83	20	80	37	95	98	44	8	26	38	70	62	60	20	9	9	34	73	23	93	73	59	49	49	42	74	55	5	54	39	47	65	55	8	53	92	64	77	63	81	24	4	14	42	7	13	30	12	2	45	73	0	22	6	88	67	21	40	43	2	62	12	16	41	48	88	72	39	14	77	71	55	27	78	19	95	79	66	80	56	12	26	84	44	25	74	12	46	92	99	72	15	67	15	79	50	2	62	63	99	90	29	28	18	12	98	13	74	53	49	19	26	38	84	80	8	57	63	49	5	1	87	3	30	45	14	26	76	61	64	88	56	30	39	93	86	21	63	87	29	3	65	39	72	26	23	89	46	61	9	91	62	55	5	94	30	72	79	18	39	37	64	5	62	15	6	28	12	99	9	35	45	43	46	36	80	82	75	71	40	47	80	67	68	66	55	6	67	92	44	84	55	70	28	8	1	21	65	24	46	54	3	52	75	47	96	34	68	20	44	19	12	57	44	67	42	9	70	0	61	48	10	14	44	72	26	23	25	56	18	76	73	31	15	62	69	24	15	29	54	14	30	59	76	37	70	52	2	30	87	34	60	50	82	70	90	87	92	12	86	32	68	10	45	4	12	93	12	87	71	77	56	10	1	52	54	62	92	82	67	68	72	1	51	9	90	10	77	23	28	98	68	57	46	53	15	86	30	4	57	10	32	42	60	14	93	22	29	7	79	85	20	3	62	30	20	33	72	96	93	24	69	76	23	43	90	96	65	17	69	89	86	70	2	48	16	72	74	65	52	18	31	86	47	10	25	11	50	66	62	86	86	66	82	8	35	99	35	1	48	78	96	75	20	12	13	55	10	26	12	41	9	37	52	11	67	99	62	73	93	84	29	9	76	93	37	16	25	35	48	95	84	7	17	54	12	10	68	90	92	54	75	74	18	74	74	21	64	81	75	9	69	31	74	22	15	81	0	98	75	92	31	37	21	17	31	86	8	41	69	47	16	30	99	92	97	40	2	76	89	64	97	45	26	51	31	87	87	74	9	44	38	50	18	53	48	84	6	98	65	18	83	85	32	0	84	23	65	42	34	68	28	59	32	74	51	51	70	30	44	48	30	48	98	17	79	38	79	53	9	16	32	47	46	64	26	38	66	91	5	26	7	25	32	44	49	88	30	45	57	77	70	79	65	4	7	69	49	15	35	30	78	35	27	6	26	44	48	90	45	24	71	67	89	40	52	26	46	84	14	40	61	22	85	11	48	38	17	18	27	82	0	28	80	47	35	5	23	85	83	30	25	82	13	76	48	39	42	17	60	52	19	12	87	91	5	88	49	77	12	72	83	62	26	55	83	12	9	21	41	47	52	4	6	57	17	95	52	15	17	24	60	53	33	41	97	77	49	18	2	12	44	44	20	82	98	56	87	89	99	63	80	90	69	86	56	77	66	34	69	96	65	61	12	48	72	67	65	41	3	13	9	41	65	72	69	4	66	73	95	72	58	9	76	6	56	53	11	2	47	39	36	74	1	3	85	27	87	34	89	9	18	81	4	18	27	37	68	87	83	83	77	56	3	0	29	23	95	82	39	24	10	17	51	42	79	26	15	19	32	85	38	7	78	66	89	41	46	47	52	22	1	62	32	97	20	81	42	1	40	83	8	3	73	11	19	94	82	73	71	85	58	98	81	29	3	44	66	0	10	78	20	39	4	55	96	59	58	94	49	32	41	34	19	67	90	99	72	23	97	54	19	15	49	48	20	1	77	27	37	25	68	42	10	29	77	36	36	97	6	85	85	76	84	9	74	9	11	24	14	89	74	80	28	70	57	79	21	49	84	55	68	6	6	47	21	52	38	50	22	77	46	60	86	61	19	86	74	87	54	61	45	84	32	26	98	79	66	35	54	34	76	8	29	37	9	69	56	35	72	73	21	54	95	64	52	79	32	7	55	62	38	56	1	36	23	70	2	32	95	24	20	17	73	26	22	13	93	88	49	72	31	81	69	24	10	42	19	57	73	50	85	94	46	83	83	6	30	87	70	58	30	58	88	56	91	21	81	25	46	45	3	22	68	19	34	79	69	0	87	21	64	57	32	43	32	88	93	84	7	89	71	81	54	45	92	45	82	69	41	67	52	82	85	76	97	61	15	78	29	51	60	98	19	74	64	1	78	78	64	99	37	83	10	30	87	28	34	42	98	46	69	33	63	44	97	32	7	20	50	83	39	4	38	48	91	7	49	64	6	64	0	43	39	83	17	31	45	53	48	77	91	96	3	81	95	7	74	81	14	36	74	53	17	69	89	31	1	2	55	56	99	24	1	44	31	28	97	9	16	27	3	40	45	63	9	73	68	47	83	82	70	22	19	80	16	55	48	7	63	33	18	5	40	64	35	95	32	98	18	93	47	62	68	92	12	55	89	35	34	76	94	29	28	52	56	60	21	7	85	36	31	46	6	3	51	98	7	86	26	32	13	41	28	34	9	62	76	16	9	93	9	34	73	49	38	3	19	17	14	67	99	10	55	83	87	10	14	69	47	82	64	44	52	14	74	51	64	72	57	22	75	41	82	1	58	33	85	87	43	78	16	45	94	57	21	54	29	54	15	16	92	39	32	77	36	5	37	25	99	20	39	85	53	38	67	18	16	11	53	45	28	37	12	51	70	69	47	1	68	27	73	21	78	85	49	39	65	72	69	32	15	28	6	45	77	43	17	95	46	42	30	87	78	21	52	94	95	6	19	70	4	89	3	91	5	12	30	5	44	44	22	15	49	26	78	82	17	86	84	9	54	49	65	58	60	22	89	87	5	96	87	35	5	68	95	69	9	17	97	89	39	14	48	84	35	72	39	4	39	57	20	4	39	30	76	98	76	0	40	36	0	31	37	74	7	88	95	65	58	22	33	66	51	8	62	50	75	27	73	87	13	50	41	88	68	76	16	88	61	82	91	86	84	71	19	29	46	45	93	57	53	56	58	12	17	19	86	21	35	84	32	74	41	59	35	73	79	46	69	34	15	62	59	14	89	76	19	78	54	64	3	87	96	79	19	2	35	7	71	41	52	69	36	11	57	10	18	67	71	2	88	81	41	99	97	62	18	73	55	63	35	71	47	98	88	83	6	50	10	65	33	54	95	44	1	73	95	29	42	14	79	3	23	5	41	85	55	8	73	88	12	62	57	27	8	1	97	29	2	63	10	87	92	36	30	31	47	36	57	78	59	58	41	8	59	51	82	16	87	94	89	48	43	17	20	24	69	6	59	43	58	85	36	66	32	62	27	28	58	76	81	16	21	76	88	79	48	93	0	83	7	97	34	45	30	38	60	90	52	88	42	18	60	91	54	95	72	10	52	25	17	5	97	34	13	42	23	7	74	8	94	80	4	62	8	75	27	35	45	17	39	90	14	14	91	27	1	0	30	91	42	52	46	31	43	94	17	1	16	20	58	8	70	34	95	95	15	62	16	18	43	33	16	58	44	91	39	0	14	42	25	81	66	31	60	66	86	22	22	29	66	77	14	34	59	5	30	9	55	66	19	97	90	30	2	66	66	9	51	90	23	14	73	56	90	91	47	50	61	12	76	70	76	72	31	64	65	85	30	13	96	15	18	82	86	36	80	92	81	29	17	36	33	42	94	92	16	61	55	63	38	22	99	0	80	64	57	39	56	33	44	17	42	69	67	83	67	75	36	79	57	9	52	52	44	19	40	33	46	63	72	13	15	14	43	63	81	80	80	71	63	79	58	31	57	52	48	42	1	43	88	2	98	10	7	13	93	73	94	55	49	27	82	76	30	14	92	67	78	14	17	37	60	14	57	97	12	60	15	37	56	64	22	7	4	24	4	27	46	97	42	1	58	43	1	64	17	48	98	57	9	25	18	79	46	98	94	60	9	85	18	78	0	34	89	68	76	79	58	73	72	49	3	49	43	41	17	85	78	43	13	43	72	72	36	74	21	59	51	29	83	87	43	7	1	77	72	63	16	36	21	93	39	90	61	42	6	79	14	15	79	58	21	66	73	17	23	30	88	20	13	14	34	26	40	34	63	21	93	35	93	85	44	98	16	81	68	88	45	50	76	34	58	55	6	6	43	19	32	28	17	79	1	24	30	61	62	37	50	26	66	27	7	87	81	64	5	12	8	99	65	15	55	82	81	24	56	3	85	37	77	6	7	59	65	72	75	86	94	58	34	52	45	49	62	70	15	34	71	80	32	51	67	0	3	3	50	95	20	1	69	33	79	77	94	88	22	64	1	96	54	7	15	91	48	44	90	26	65	18	87	78	94	20	85	99	4	41	35	26	84	12	94	98	22	17	46	26	93	45	12	15	60	94	61	4	93	55	95	15	49	59	51	96	45	50	89	70	10	72	2	11	65	76	95	59	58	71	30	32	28	60	8	3	30	29	8	17	99	60	78	98	18	1	32	63	1	16	77	75	41	72	53	8	15	74	74	10	40	45	16	0	44	15	57	88	82	90	56	23	49	33	5	33	24	19	98	72	50	64	54	72	45	85	90	47	86	44	34	78	18	52	39	89	62	56	62	30	2	83	41	50	97	88	13	81	18	91	86	49	40	1	21	22	10	55	15	19	30	99	42	54	9	0	67	95	64	25	57	21	8	22	32	22	25	64	38	34	86	60	62	87	58	39	12	18	52	90	62	15	99	15	0	68	33	34	99	74	3	67	77	21	50	81	95	35	87	72	12	88	47	2	27	14	90	86	29	54	91	2	33	33	9	36	75	11	74	96	41	22	64	23	90	90	14	6	67	81	34	90	71	68	16	28	85	55	19	54	6	56	11	99	30	63	80	70	70	42	85	63	24	62	65	71	32	56	86	3	48	52	17	61	51	0	47	80	37	4	97	51	12	82	96	57	87	67	96	61	19	55	84	11	52	92	91	20	3	43	16	18	6	44	54	92	21	77	91	69	49	54	76	88	16	62	34	56	74	35	9	21	25	45	20	16	93	3	95	47	39	47	22	93	45	81	31	97	79	27	68	70	58	66	8	7	84	54	73	36	90	65	72	90	87	4	13	91	46	55	59	62	8	92	58	6	97	91	66	50	30	42	25	61	33	98	76	87	54	51	33	9	70	80	67	13	75	91	84	10	49	8	36	43	46	6	38	99	66	66	10	29	6	82	52	85	40	11	66	36	24	14	66	83	52	39	47	0	24	0	79	50	69	53	11	96	85	48	51	82	84	34	14	77	11	76	64	18	48	98	97	98	99	1	88	2	34	72	64	60	1	58	87	87	74	88	2	34	29	80	14	65	23	87	64	1	45	46	80	3	25	85	53	49	12	42	86	10	54	69	2	37	76	24	24	66	99	36	94	34	77	93	77	58	15	53	78	15	45	89	18	18	8	33	54	65	65	59	78	15	10	60	13	39	83	92	10	61	46	57	40	70	67	47	94	71	96	24	74	93	77	97	65	6	95	35	48	58	60	50	15	29	8	35	49	46	24	21	30	17	50	79	22	87	66	70	15	14	34	60	70	81	42	62	37	75	23	17	23	35	63	37	49	28	78	56	94	98	66	38	34	10	79	61	93	62	42	22	58	29	97	89	20	86	44	81	85	36	61	72	62	42	11	49	32	88	26	81	0	7	44	37	7	85	1	29	6	69	31	27	9	62	53	36	39	51	83	76	63	67	43	60	51	54	73	47	80	53	50	72	19	50	28	45	1	48	83	78	43	21	65	81	86	19	38	95	78	22	95	76	54	43	2	10	41	47	15	21	81	99	88	88	35	1	85	85	68	12	63	0	57	59	16	76	39	14	20	91	59	74	80	73	9	40	10	12	84	33	75	1	51	2	6	88	0	5	82	55	93	53	40	55	1	61	16	4	22	53	67	52	64	82	75	95	82	1	32	59	32	88	83	77	42	6	6	34	67	38	57	78	94	48	50	70	57	37	69	61	85	50	79	38	79	92	46	34	24	72	38	48	69	20	44	79	6	55	90	84	86	44	9	81	88	39	60	71	78	29	7	39	14	11	60	9	55	78	30	19	51	28	29	1	46	41	27	97	95	57	60	32	74	31	73	26	95	3	40	85	17	46	33	30	91	82	78	57	11	86	59	40	50	45	73	15	49	58	98	60	93	56	50	36	51	11	19	72	31	84	57	72	56	1	49	62	5	37	65	42	97	91	37	58	39	66	39	15	97	85	27	93	84	96	62	94	69	60	82	78	85	91	47	24	16	36	90	95	5	22	93	92	67	36	32	33	69	69	93	27	74	29	80	90	56	53	30	60	44	54	93	38	71	34	10	68	14	92	56	88	9	79	62	67	71	99	12	25	91	97	40	44	64	2	94	45	57	3	24	32	64	38	58	79	42	22	81	66	0	82	51	67	71	18	72	59	60	55	46	95	91	58	13	95	19	44	70	48	75	58	11	1	45	18	76	24	50	67	30	9	95	48	75	27	73	81	27	60	53	47	0	1	20	63	14	70	90	35	42	97	26	58	26	26	71	7	50	39	48	78	92	57	16	0	96	28	69	46	27	66	36	53	43	4	98	90	76	98	31	83	80	14	62	15	71	69	30	49	14	79	18	65	99	38	81	80	50	62	9	23	8	37	91	47	11	64	72	14	3	71	93	31	50	29	35	5	80	56	38	84	71	40	45	37	54	43	75	65	37	89	79	54	38	97	40	43	72	73	32	79	64	50	92	57	21	0	97	72	55	13	48	92	52	13	49	70	27	34	51	68	61	69	61	17	17	6	65	48	94	59	61	60	57	93	80	4	62	20	32	92	98	66	10	13	31	60	14	45	17	38	91	27	53	94	45	54	49	60	52	5	78	15	42	35	19	29	77	48	75	50	24	41	11	77	77	59	38	40	93	32	28	79	48	23	19	60	77	43	34	52	52	60	26	67	97	15	86	83	66	65	94	16	61	63	60	36	65	7	43	44	36	12	91	85	75	65	90	59	47	26	8	72	84	19	7	8	41	40	91	81	1	99	53	12	59	34	83	73	94	99	49	70	28	61	12	16	22	27	38	51	69	13	71	81	66	96	21	98	94	89	36	84	65	26	21	64	2	98	78	47	16	12	55	41	53	88	58	31	74	54	95	28	96	14	59	7	48	98	36	97	39	72	90	53	10	90	67	98	78	31	51	49	15	54	31	84	31	3	29	24	16	23	97	18	49	39	40	10	52	68	56	34	30	64	54	78	20	66	25	8	35	9	32	9	43	5	12	93	15	83	61	22	66	44	12	13	42	66	82	82	93	84	81	31	50	9	62	88	15	32	65	87	60	44	27	17	84	73	65	95	19	4	21	85	9	59	76	40	29	1	53	83	22	89	80	85	18	50	51	76	78	99	85	96	71	76	34	35	90	34	92	81	64	11	79	5	98	46	21	93	60	26	89	73	93	26	19	20	52	65	21	68	95	75	90	25	19	85	23	21	13	32	28	81	34	78	70	9	15	46	19	31	89	79	91	80	56	5	35	64	71	29	41	57	85	4	13	4	24	11	96	37	6	12	8	86	14	82	94	23	81	72	1	82	98	6	61	28	97	36	96	77	27	86	77	3	32	62	56	91	2	34	87	41	51	48	34	55	90	35	86	42	13	98	5	38	41	17	32	13	35	29	70	52	35	11	34	35	20	25	89	48	5	94	98	95	1	49	73	50	11	46	16	58	29	1	98	59	68	53	40	59	85	27	25	15	17	50	12	75	69	5	10	65	53	35	63	58	40	95	28	30	65	89	51	31	14	94	48	5	65	95	21	94	1	5	97	59	56	10	12	20	62	9	56	3	62	69	84	89	20	26	33	54	68	77	59	20	21	15	91	68	50	81	43	78	33	9	19	12	3	3	36	95	85	51	96	91	84	4	31	82	93	22	23	84	41	18	8	55	32	78	95	44	73	25	6	3	35	82	61	66	44	4	53	94	57	70	96	19	39	16	71	63	11	23	33	11	98	25	33	91	68	57	60	57	88	33	46	97	57	31	56	50	98	91	64	42	62	78	26	49	43	17	3	94	58	73	97	62	60	4	4	92	14	29	22	3	44	87	31	20	17	2	40	86	49	7	3	68	84	19	88	7	48	15	33	65	86	16	86	99	11	0	88	82	52	39	49	38	62	57	29	64	34	37	49	71	80	27	39	30	43	1	47	19	74	54	91	38	79	97	31	81	3	89	53	88	35	29	77	58	24	25	76	90	59	46	83	29	13	97	40	21	23	68	76	79	37	78	51	71	57	22	70	0	89	15	66	4	16	76	5	23	84	65	72	56	10	40	11	56	63	24	75	2	75	63	73	12	89	95	43	94	36	36	38	15	51	55	97	57	45	89	71	25	92	55	53	91	5	94	67	76	49	20	78	99	85	96	8	15	50	17	5	98	37	83	66	56	42	51	81	39	39	78	74	23	34	69	19	19	98	86	20	18	25	60	18	73	4	78	47	10	36	52	35	42	42	71	60	46	46	80	86	78	87	21	18	47	28	53	74	36	72	91	38	40	6	22	64	48	84	17	27	59	67	44	39	88	4	12	86	80	84	18	80	97	71	60	35	20	92	81	18	34	10	20	89	35	11	81	14	21	9	25	17	56	59	37	83	94	75	82	46	52	38	10	30	94	9	4	29	38	76	99	87	5	34	83	41	31	26	49	73	82	31	10	15	59	0	7	1	54	39	89	75	89	61	30	6	60	87	66	68	93	2	81	81	77	26	22	30	88	70	33	41	24	69	16	27	30	38	30	63	62	48	14	8	46	69	23	43	55	22	20	52	77	84	73	36	10	40	15	25	31	59	79	55	44	73	87	51	26	61	50	3	44	86	95	79	89	50	65	41	71	67	75	17	18	76	49	20	64	59	5	24	54	44	30	81	32	30	30	56	44	53	43	55	58	73	45	59	9	89	1	35	3	72	44	31	76	96	87	33	31	34	67	32	18	79	94	20	81	56	59	79	74	98	53	57	34	93	40	79	97	0	5	95	77	90	1	61	11	29	29	47	71	19	79	49	
39	34	40	32	23	20	23	22	25	27	20	39	25	32	21	34	20	39	23	23	36	37	37	35	34	32	20	27	36	24	33	35	38	39	34	27	36	40	21	30	37	22	23	32	40	26	24	40	39	23	23	24	28	40	28	22	31	34	31	40	24	39	27	25	29	29	38	36	35	26	39	31	37	23	28	23	35	32	39	31	37	37	35	36	34	38	35	33	22	23	26	21	25	31	30	26	34	23	35	34	31	37	35	20	37	24	26	29	32	35	27	26	35	39	35	39	35	20	33	35	29	21	34	31	30	37	33	37	30	39	20	28	37	39	28	27	32	38	39	20	29	32	20	29	30	24	25	40	30	35	26	35	21	32	24	31	39	28	32	24	32	34	26	27	27	33	20	38	39	31	35	30	27	21	26	23	30	34	28	40	23	28	30	29	33	25	28	35	22	20	21	33	23	23	32	30	40	25	34	20	24	27	32	40	37	20	35	27	27	22	20	20	29	27	20	29	29	39	25	38	29	21	31	27	39	29	21	33	35	32	33	22	20	39	23	21	31	35	29	39	26	31	24	35	34	29	26	39	23	38	26	30	23	26	38	37	36	25	30	22	23	33	24	24	22	27	28	40	36	39	29	20	35	33	29	35	29	38	23	30	34	23	20	25	38	27	36	26	28	39	21	26	26	24	34	20	26	27	27	38	32	20	21	40	38	29	24	27	26	23	28	33	34	40	39	34	40	40	22	28	22	23	23	38	20	24	34	40	39	25	30	27	30	27	39	24	36	35	32	20	35	25	37	24	37	37	20	31	33	31	40	37	22	28	27	35	29	29	22	29	34	24	38	20	24	27	31	25	31	38	21	37	31	33	38	36	20	23	29	38	25	29	24	40	35	27	20	34	21	39	21	27	36	37	29	40	26	27	29	23	34	38	22	21	34	33	35	39	31	23	29	29	21	21	30	26	20	27	40	39	39	28	20	40	40	38	25	29	22	28	20	26	29	22	37	37	25	24	29	24	29	27	36	23	21	36	36	34	30	22	28	28	39	31	29	36	21	27	36	20	31	32	29	20	34	27	21	22	29	32	37	29	33	31	24	39	38	32	22	35	38	35	40	26	35	36	29	34	29	40	29	25	25	32	22	22	36	32	39	36	32	27	29	24	28	36	30	25	21	33	40	38	35	38	33	37	32	28	39	31	21	24	29	40	39	30	39	22	35	25	38	26	20	25	40	21	20	22	30	21	28	31	37	30	28	33	28	31	38	31	30	33	39	20	24	23	29	32	33	26	28	20	20	27	39	33	32	24	31	37	35	38	21	21	36	34	36	27	29	20	24	25	29	21	24	23	24	39	30	35	33	24	31	39	37	20	20	32	35	24	30	30	24	32	21	32	34	26	39	35	39	21	30	24	22	30	34	20	31	38	27	29	30	20	20	35	36	32	25	24	39	25	39	33	21	27	28	22	25	27	28	38	25	25	28	21	35	20	31	32	20	37	26	27	32	26	30	29	35	31	32	22	32	31	35	35	32	37	39	36	27	39	31	21	32	23	32	40	20	26	22	33	29	35	20	32	29	24	32	29	20	30	40	20	31	20	32	29	20	23	20	24	28	25	39	23	22	26	39	40	37	38	35	22	20	28	28	28	24	20	26	30	38	34	35	28	37	30	35	24	33	30	33	23	24	27	24	22	37	32	36	35	34	38	40	38	29	37	30	26	38	20	38	32	28	24	29	24	20	39	31	21	31	38	28	33	40	31	21	25	26	31	23	26	24	24	24	25	23	22	38	39	36	25	39	22	34	35	37	24	39	22	33	34	38	21	25	28	28	24	29	21	39	35	32	34	34	22	33	25	35	30	30	28	31	21	24	30	32	35	29	35	24	25	26	22	28	32	24	37	27	23	39	25	33	27	22	21	29	30	33	25	32	23	34	32	21	32	32	28	37	22	25	25	29	34	29	36	25	22	38	26	31	20	37	36	34	32	20	35	22	37	36	20	37	21	27	23	22	35	35	38	33	35	32	35	29	37	35	35	31	28	30	37	24	25	29	22	28	28	23	27	20	28	21	31	25	29	31	37	29	36	30	26	35	37	28	39	25	34	37	25	23	35	37	23	21	35	21	31	36	40	26	34	33	26	29	32	34	28	23	33	25	23	33	21	40	33	33	36	21	27	20	31	22	33	26	34	32	29	36	39	28	22	21	31	25	32	39	22	39	31	38	34	26	37	36	31	29	33	25	23	26	29	24	38	26	33	29	28	24	22	20	24	25	23	27	37	22	28	34	40	21	21	32	25	27	39	23	30	25	22	40	28	36	36	29	40	29	34	35	21	30	35	30	35	39	31	37	40	30	38	29	22	31	23	27	24	34	22	36	31	25	31	32	29	26	26	33	25	21	31	23	34	38	31	38	40	36	24	36	40	22	26	31	39	26	36	34	21	31	31	25	37	31	23	24	23	33	24	21	20	39	38	35	20	29	33	22	24	28	40	29	40	37	31	31	23	33	23	20	34	24	28	37	28	20	40	36	30	40	34	36	29	36	37	20	21	34	33	36	39	36	22	32	20	27	30	21	37	36	20	38	27	29	25	25	31	26	26	38	24	35	26	26	37	31	39	20	32	34	35	32	29	30	23	21	28	39	20	21	34	37	27	40	39	20	33	36	34	39	24	29	25	27	33	26	37	32	37	34	40	26	23	21	30	39	20	31	31	26	20	26	34	24	35	30	39	22	37	26	32	35	23	32	30	28	30	29	33	21	34	20	24	33	36	33	36	25	38	34	37	25	40	24	26	30	40	23	23	30	40	37	38	29	21	22	38	31	37	20	23	21	25	33	34	23	37	38	27	25	39	28	34	31	23	39	38	27	33	25	29	39	33	27	26	26	28	27	23	40	29	26	24	38	40	28	23	40	31	27	39	22	35	39	28	28	29	25	23	20	40	34	26	39	28	30	25	33	36	20	34	30	26	32	37	35	32	29	33	38	20	28	32	24	38	20	28	31	22	40	23	23	37	30	32	25	28	30	30	34	29	26	23	39	24	31	26	39	33	32	38	21	25	34	39	35	31	26	21	29	39	25	25	35	21	32	32	22	39	27	33	31	38	31	34	26	22	21	22	23	28	24	38	40	29	22	23	22	39	26	37	32	36	37	37	36	25	33	36	30	30	29	30	26	27	29	33	37	24	37	31	27	20	39	28	21	29	36	38	23	32	29	32	30	40	33	32	36	40	31	29	26	26	39	27	37	27	24	40	34	34	21	28	38	28	40	29	29	22	30	23	34	35	25	31	31	32	38	33	36	28	27	21	34	39	23	20	24	23	36	23	23	35	31	35	30	37	22	28	24	34	32	35	21	39	27	26	38	34	34	26	35	36	40	39	20	30	23	22	31	38	38	39	32	26	22	37	22	29	36	40	32	36	35	25	25	35	22	34	32	40	38	40	34	32	21	22	38	21	23	28	34	30	21	25	40	32	29	22	22	36	30	25	26	30	24	32	25	40	23	40	39	22	24	20	22	29	31	34	25	20	28	38	22	38	34	30	30	36	37	28	25	22	34	40	37	29	27	26	25	23	36	32	32	24	30	37	22	23	30	27	34	34	33	34	31	30	34	30	32	22	39	24	36	32	30	35	40	30	27	22	33	27	38	39	21	39	30	23	30	34	27	36	34	38	30	37	37	33	33	24	21	21	33	35	29	22	36	34	31	30	39	22	27	39	29	40	38	35	28	40	21	25	32	29	25	35	29	26	29	23	25	40	35	33	33	33	20	32	36	24	40	34	27	27	28	24	30	39	20	31	40	27	20	40	35	25	27	26	33	26	30	40	38	33	28	25	24	40	33	39	33	39	22	33	39	31	40	33	33	26	28	25	20	28	21	29	29	21	40	27	26	27	21	31	26	36	22	38	33	36	36	38	23	40	34	24	40	36	37	31	23	39	22	33	33	22	33	25	20	23	33	37	27	25	28	22	25	31	29	34	32	30	32	22	27	27	39	25	21	33	36	27	27	36	33	35	28	38	26	24	22	20	30	31	36	20	24	34	21	25	37	25	40	28	37	23	31	29	23	20	23	40	40	28	30	34	21	33	25	21	30	25	33	39	39	28	32	36	40	40	26	33	26	28	29	40	33	23	27	20	33	22	26	34	37	22	24	39	25	33	24	21	34	25	25	40	38	26	28	23	23	33	26	36	29	21	34	22	30	28	36	34	29	25	28	20	38	29	38	39	27	24	37	38	39	21	33	37	40	23	29	39	38	36	20	26	34	37	32	20	31	28	26	32	33	29	36	31	31	40	35	34	27	20	30	32	28	31	34	32	35	36	22	29	40	21	28	26	29	22	29	35	31	34	21	35	36	31	20	32	32	30	21	20	23	28	36	26	39	33	34	39	21	35	33	35	31	40	28	38	39	25	26	31	25	31	25	30	34	28	29	28	24	32	31	37	25	23	34	27	40	23	27	26	40	31	26	32	21	27	35	35	30	21	21	38	32	22	25	25	21	25	27	31	36	28	29	39	27	34	36	22	33	21	25	20	32	30	22	26	33	24	32	30	35	30	20	36	39	26	26	36	36	26	28	35	25	40	33	34	26	30	21	32	40	24	27	23	37	35	21	39	22	33	26	38	21	40	29	26	28	20	20	34	39	23	31	21	25	21	25	31	24	25	30	39	39	29	39	20	34	24	20	24	32	39	24	35	31	37	28	22	30	28	28	22	40	26	35	24	35	33	31	20	40	21	28	35	39	33	33	29	35	35	27	31	23	23	38	20	35	38	28	28	35	27	20	34	28	32	31	33	26	30	28	34	24	24	35	35	21	35	36	35	40	37	34	39	34	27	33	35	21	34	30	34	22	23	25	31	26	33	20	34	26	24	30	23	37	31	21	36	28	31	20	40	26	23	33	22	25	35	37	40	32	29	39	37	31	27	34	26	31	39	21	39	27	40	22	37	26	27	36	29	38	33	25	37	30	38	29	30	35	28	33	29	25	35	34	22	35	34	26	22	36	34	28	40	20	35	38	38	27	27	21	22	31	33	36	28	34	23	38	21	29	20	36	25	35	23	28	40	32	24	35	40	40	39	24	27	22	39	36	29	24	32	21	39	38	25	33	27	34	32	23	25	20	34	24	27	24	29	35	29	22	34	32	38	31	40	24	39	26	38	29	35	32	31	24	30	26	38	35	36	38	26	24	35	36	34	38	37	22	32	32	24	37	20	30	40	24	37	26	33	31	36	23	22	20	35	25	32	28	39	27	27	23	27	20	39	40	38	27	36	33	36	25	34	24	30	28	38	24	34	24	37	37	29	32	25	25	29	28	31	37	35	23	23	26	30	32	37	26	30	22	37	37	24	36	26	36	25	34	35	25	23	22	35	35	37	20	32	21	37	28	37	37	36	30	30	34	26	23	24	25	36	32	21	25	21	21	27	31	29	31	23	37	27	27	30	33	34	26	36	39	36	29	28	22	31	31	23	25	40	35	21	34	37	30	24	31	26	28	38	20	22	27	39	36	38	24	27	35	21	24	24	34	23	38	20	30	20	33	32	20	20	39	36	26	26	23	40	20	22	29	34	35	28	35	36	37	32	35	33	36	22	40	26	29	25	20	21	23	20	29	34	22	22	35	22	40	34	36	22	35	34	22	34	21	30	31	27	36	35	30	26	32	20	25	35	34	23	29	39	23	22	25	39	29	20	21	29	36	33	21	24	22	24	29	22	36	39	39	28	37	36	21	37	26	27	27	31	31	39	23	32	35	38	27	32	20	34	39	37	24	30	27	35	27	33	35	30	22	40	26	39	28	35	23	39	27	34	31	30	36	25	22	28	23	31	20	31	28	39	39	31	22	33	37	36	30	36	30	25	37	36	37	21	40	34	21	31	38	37	21	33	23	29	39	32	36	37	39	34	32	33	34	20	37	26	24	40	35	32	23	24	34	25	35	29	33	25	34	31	21	27	34	25	31	36	31	35	25	22	27	30	30	22	37	20	32	24	29	28	38	38	33	33	37	26	38	37	25	33	35	37	39	37	25	23	20	33	27	24	29	32	24	33	38	30	35	39	30	28	22	36	35	32	24	40	35	37	28	32	31	21	36	38	20	37	29	27	21	34	23	23	36	21	31	24	38	40	33	27	33	40	31	37	40	31	23	25	31	32	22	22	35	20	23	20	22	23	31	25	31	28	22	37	21	22	25	30	25	30	36	29	38	24	21	30	31	26	31	36	20	25	36	36	23	22	36	40	28	36	24	23	24	29	20	35	22	35	21	27	39	24	31	32	34	40	25	33	38	29	38	27	26	27	24	32	20	32	26	37	38	30	34	30	29	39	32	29	28	25	23	26	30	28	31	28	36	35	29	32	20	23	37	28	38	20	31	26	22	31	29	25	22	37	40	20	36	35	23	29	40	21	25	32	39	24	21	21	33	38	31	35	23	33	21	37	25	39	33	39	33	32	20	40	30	29	34	35	34	22	31	29	28	40	38	22	32	32	27	30	30	22	33	28	29	37	37	30	21	37	35	32	39	40	35	21	32	30	30	21	33	40	38	29	35	23	21	35	33	27	36	22	34	22	31	34	26	32	30	26	32	33	32	31	24	23	30	38	36	31	34	34	35	36	27	24	37	32	30	40	32	28	40	34	22	27	40	39	39	28	39	34	40	33	28	26	32	36	35	22	25	36	23	25	29	37	40	35	36	30	34	21	29	33	23	24	23	34	25	25	27	30	23	29	24	27	39	30	23	20	33	37	28	36	31	39	39	25	26	36	20	40	34	31	23	32	35	21	40	22	32	25	23	37	30	38	37	31	20	38	28	22	23	35	28	35	24	27	26	40	22	27	35	25	28	33	22	37	26	33	20	35	34	28	20	24	24	20	34	33	39	37	36	23	33	39	20	37	36	32	40	25	24	23	35	26	30	25	21	31	27	26	36	37	30	36	22	24	32	26	31	33	36	27	35	31	35	27	29	33	31	34	36	24	27	26	22	26	25	38	31	38	28	29	27	30	32	33	33	20	39	28	23	24	28	37	37	35	40	38	21	35	36	20	24	22	35	22	26	22	40	36	26	38	26	38	32	36	26	29	33	24	38	27	26	38	23	28	22	24	37	21	29	26	36	20	35	37	34	27	38	40	26	29	31	26	27	30	32	36	27	39	39	27	27	32	24	31	33	26	21	32	35	33	33	39	23	40	21	25	31	20	38	27	32	23	33	35	36	27	29	35	31	28	26	33	28	36	20	27	37	21	36	22	28	29	21	28	39	26	22	25	38	38	28	24	20	28	22	27	27	32	20	25	32	33	32	25	31	40	27	32	35	26	22	25	30	20	26	33	34	28	25	35	21	31	33	22	39	37	22	21	26	24	28	29	29	32	24	28	24	32	30	28	24	28	23	25	39	32	27	39	35	34	20	23	26	22	28	38	32	23	33	36	38	32	21	40	29	22	27	28	39	26	31	21	20	22	28	34	28	22	23	36	35	29	22	24	40	21	22	35	34	21	20	20	37	22	30	39	36	31	28	34	27	24	20	22	27	29	26	36	22	39	35	20	31	22	28	20	33	40	25	39	38	20	38	40	20	23	36	40	39	37	31	37	36	32	31	21	24	23	40	20	36	22	25	32	39	21	27	35	34	40	26	26	34	26	22	32	22	22	28	24	26	29	32	28	38	25	28	29	31	25	37	33	39	35	30	34	22	34	21	28	26	21	34	21	23	28	30	25	35	28	37	38	20	22	40	32	31	25	35	39	35	22	29	25	40	38	20	30	36	28	21	35	38	20	24	36	24	32	36	28	30	26	31	40	20	37	30	27	37	30	31	25	33	30	38	40	38	38	29	32	37	30	35	20	40	29	21	33	30	27	23	36	36	25	33	24	38	39	32	22	25	31	27	40	38	28	40	20	29	34	35	23	39	20	32	30	39	29	40	33	26	32	28	40	21	33	32	25	31	25	21	37	38	34	20	35	24	32	37	28	23	31	25	23	26	22	27	34	34	22	27	30	26	30	25	23	22	29	38	32	22	36	22	35	40	32	26	21	29	21	39	37	31	40	37	20	27	29	25	29	24	36	23	37	29	35	20	38	23	37	40	30	28	25	23	26	28	21	40	35	40	32	27	39	38	24	32	21	34	34	20	21	30	37	29	24	26	40	39	36	37	36	32	29	22	33	33	23	39	23	23	28	36	36	32	25	25	37	27	35	24	25	30	34	22	20	26	29	24	34	25	33	30	26	40	34	32	28	27	22	23	23	27	32	35	36	30	34	38	31	30	26	40	31	37	24	29	40	23	30	37	23	36	28	28	23	24	29	20	25	30	35	20	31	34	29	24	40	35	29	34	37	40	34	38	32	20	23	34	37	32	32	21	38	25	38	37	23	28	24	35	24	22	24	23	32	39	33	28	40	38	20	40	20	36	20	23	29	27	36	32	23	28	37	24	35	25	32	20	37	20	33	21	32	28	30	25	35	24	26	29	39	35	28	37	29	22	25	24	36	23	32	40	24	39	37	26	32	28	32	35	32	31	37	40	38	35	36	37	36	20	32	23	37	28	34	29	24	27	32	20	27	34	37	32	39	28	36	25	35	40	25	24	32	29	21	20	36	34	38	39	25	38	31	39	29	40	22	28	40	29	37	30	24	20	28	33	34	38	25	27	33	27	31	21	29	37	37	26	39	34	35	37	40	36	39	40	27	26	26	22	24	20	26	39	20	25	36	29	38	39	38	25	24	34	20	39	26	31	35	33	36	23	39	29	35	25	25	26	36	22	35	22	25	20	29	40	24	39	25	35	30	32	27	25	26	23	29	23	36	26	33	35	34	39	38	37	21	37	24	31	34	33	25	30	29	29	32	38	23	36	26	34	34	27	26	33	24	23	30	26	25	40	28	39	27	23	39	38	36	30	39	33	29	32	37	29	38	38	23	20	38	32	24	34	28	20	34	21	20	37	34	40	38	20	26	36	30	31	38	25	34	23	32	32	37	36	34	39	24	34	22	33	23	24	30	39	22	20	39	30	28	34	24	39	26	23	29	38	37	33	34	25	26	39	35	40	29	20	39	32	39	21	33	20	26	35	34	23	23	39	27	30	37	30	25	20	24	25	29	26	29	25	36	23	30	39	20	23	21	30	31	35	40	36	26	24	27	33	26	24	31	21	29	28	24	21	35	38	33	36	39	33	27	21	30	25	31	39	32	28	29	39	20	21	21	33	25	35	21	28	40	24	28	25	21	30	28	36	31	38	27	37	32	29	38	20	33	24	38	21	32	26	32	36	24	28	34	29	23	32	38	23	37	32	27	21	37	29	26	23	32	25	35	38	22	37	30	31	23	26	39	24	34	38	38	31	35	29	35	25	36	36	34	26	30	38	31	39	31	31	36	22	34	33	36	28	27	32	31	26	30	29	40	22	20	21	34	34	28	30	21	20	21	39	39	35	22	22	32	31	36	34	22	25	20	28	25	38	37	29	28	25	40	21	29	23	30	30	20	26	24	24	20	27	24	26	27	23	39	36	24	35	22	26	28	23	38	36	31	20	36	35	36	36	21	26	28	38	20	23	20	25	38	31	31	24	36	24	28	21	24	37	38	34	36	31	39	24	36	34	33	21	21	20	28	21	20	32	30	23	35	39	34	25	28	29	22	40	32	26	40	39	34	29	39	24	25	29	31	39	33	30	27	35	39	25	40	23	34	28	23	33	31	31	28	22	33	30	37	29	40	29	30	32	28	28	27	28	36	34	31	37	33	37	32	38	24	23	38	25	33	38	37	37	35	32	31	28	29	27	38	36	27	28	22	29	38	38	39	35	31	36	20	39	27	26	23	32	37	39	37	23	21	38	36	32	37	34	30	36	34	34	38	28	26	28	22	20	30	25	28	25	30	37	33	28	31	23	21	27	25	38	31	26	31	21	29	34	32	23	33	30	27	37	27	29	28	22	31	34	34	35	20	31	29	20	22	28	25	36	21	25	31	27	35	22	33	35	38	38	34	33	27	25	23	40	36	22	24	29	37	26	31	21	25	28	20	26	38	34	25	36	23	23	20	26	36	23	23	23	35	26	33	35	20	39	35	29	38	36	39	21	32	40	
26	31	13	23	49	45	19	34	11	39	44	25	21	13	37	25	15	40	20	37	23	37	22	37	15	36	26	49	15	27	38	35	37	19	46	24	46	19	27	48	29	16	36	48	50	10	46	47	22	33	44	43	47	25	19	41	39	18	10	28	44	44	47	24	11	20	28	42	28	16	37	31	46	31	27	46	17	24	31	17	17	32	34	29	31	31	41	41	14	17	33	16	12	23	23	40	30	36	25	33	41	15	21	37	39	31	15	46	45	16	15	34	30	35	36	41	37	26	11	43	44	36	19	10	38	16	22	30	17	26	40	13	35	48	18	14	18	31	31	24	40	28	44	11	27	13	32	26	13	41	34	34	43	42	30	25	21	14	47	42	17	35	16	18	38	47	17	28	24	10	29	16	32	40	41	29	20	31	27	48	39	16	42	40	10	30	40	17	32	39	40	30	15	21	38	46	41	32	16	15	13	41	25	30	50	14	37	11	48	28	35	47	22	13	31	48	48	40	13	24	38	31	48	10	12	38	39	21	40	35	36	32	14	15	32	11	12	33	30	35	36	25	29	37	33	15	33	23	32	12	36	11	17	12	42	20	16	27	34	32	26	28	11	27	50	43	31	26	29	35	33	36	28	14	23	24	29	43	44	44	33	41	19	25	50	45	28	16	26	17	26	33	27	34	27	22	45	17	20	11	17	35	28	41	48	48	22	36	31	28	46	35	49	26	38	13	44	29	30	45	11	22	31	22	43	50	47	47	28	48	12	23	37	12	11	17	19	34	40	49	46	50	12	43	19	39	35	31	30	27	19	22	21	23	29	46	11	31	14	18	22	37	29	19	48	40	46	10	38	19	18	50	22	42	20	14	33	20	15	35	45	20	33	35	43	10	18	29	22	27	22	30	33	36	37	12	38	16	23	16	35	10	34	21	21	25	20	15	28	32	33	22	29	30	23	40	35	37	28	19	13	40	46	41	40	36	49	24	46	46	31	34	17	10	29	25	41	30	50	24	44	14	22	48	30	47	24	11	19	13	48	43	25	20	39	46	43	19	29	36	10	18	42	45	46	43	49	26	39	20	49	15	20	22	26	18	29	43	19	19	23	40	26	26	36	21	35	11	38	46	40	38	21	47	29	21	47	16	26	39	36	34	23	26	45	45	28	22	22	40	14	27	15	50	18	24	14	43	29	25	39	50	16	34	17	30	47	35	32	32	24	10	30	14	36	22	26	23	33	33	40	19	21	42	14	33	21	26	28	47	43	42	20	28	34	23	28	32	18	24	49	24	39	38	19	45	43	49	25	19	14	30	31	11	14	29	19	43	47	27	28	33	43	19	33	26	43	18	19	33	40	46	13	22	11	28	24	44	26	15	50	14	27	37	35	29	49	49	20	29	48	11	42	47	41	45	46	44	41	50	13	45	12	46	20	47	29	36	43	33	40	16	38	30	34	42	39	22	47	12	45	23	50	39	20	36	21	42	38	11	41	50	39	28	21	50	26	41	24	49	24	24	49	49	29	16	18	10	33	12	32	20	11	27	46	45	40	32	18	17	15	33	24	49	22	34	31	36	38	25	10	43	47	50	26	29	44	17	25	20	48	12	42	38	22	23	30	24	20	39	48	41	32	48	38	19	24	46	24	18	27	11	10	14	10	41	26	44	17	32	28	46	48	44	25	40	42	10	27	24	20	16	10	45	13	38	14	32	33	43	45	45	41	41	11	40	43	28	22	18	33	33	33	35	46	25	19	14	12	42	49	42	31	47	31	18	28	26	48	19	49	49	28	21	19	45	45	47	35	33	28	29	26	41	29	34	49	41	48	49	10	18	20	43	50	50	45	17	27	41	21	20	10	11	27	36	41	35	44	40	43	36	40	44	17	39	45	49	47	41	33	17	26	43	37	25	33	48	23	28	38	16	31	30	14	26	15	22	22	12	45	16	38	11	49	18	46	16	31	45	27	48	30	16	18	14	30	33	12	11	13	35	20	21	50	16	31	32	38	39	26	29	30	21	27	38	20	30	50	35	33	10	20	32	12	34	46	45	15	24	47	44	36	18	43	30	50	23	20	21	37	31	50	34	13	45	31	39	47	13	37	18	16	32	24	34	35	45	28	26	36	13	15	47	49	31	13	31	47	50	10	45	48	25	42	33	31	29	48	45	13	46	28	14	10	35	20	17	20	37	33	20	27	30	35	49	42	32	12	38	13	10	40	14	23	29	32	24	43	43	26	36	14	12	21	27	44	25	13	21	23	25	19	49	41	38	16	32	10	25	28	42	25	43	48	22	39	48	18	19	36	10	45	36	32	21	37	38	27	40	25	50	27	38	17	22	21	44	18	50	19	49	49	13	35	21	43	17	28	37	30	10	24	11	44	34	22	49	42	46	37	36	13	21	26	50	14	32	34	45	18	12	40	29	25	25	38	24	45	14	13	45	16	50	39	10	21	34	48	10	26	14	25	28	17	29	44	18	41	20	41	38	17	11	30	42	34	16	25	50	11	42	39	26	15	46	36	44	15	34	42	33	17	46	17	45	47	14	14	28	15	17	27	39	33	47	10	22	26	50	23	30	11	43	40	20	15	13	20	48	47	49	50	33	46	18	14	11	29	39	12	28	46	45	25	43	44	43	37	31	39	18	25	13	45	37	20	41	48	13	23	50	33	18	45	48	20	15	44	14	43	12	30	33	11	35	32	48	50	19	33	50	11	40	35	17	10	39	43	44	29	44	49	24	12	13	41	11	19	38	48	10	20	28	33	49	11	19	28	19	29	16	20	27	24	40	25	27	27	37	32	28	20	30	23	39	37	47	11	41	32	49	41	46	47	36	24	23	45	17	29	36	31	47	46	10	34	47	43	29	43	23	42	47	19	42	40	21	42	18	42	14	16	38	35	37	32	40	27	43	21	11	38	30	34	44	41	44	20	12	29	31	49	40	45	50	24	10	41	16	48	41	25	17	33	36	36	39	14	48	48	33	17	14	21	31	38	45	12	45	14	19	28	37	10	39	16	33	15	17	22	21	44	46	25	47	50	47	17	31	47	23	17	31	24	16	49	45	21	14	21	20	22	18	15	14	29	50	41	19	40	25	47	41	28	23	36	28	36	29	33	37	22	28	31	43	20	39	38	38	42	33	34	46	32	41	35	30	12	35	11	30	29	32	48	43	30	35	41	48	49	27	17	45	34	12	14	35	13	24	50	37	20	31	23	48	26	17	38	11	32	27	31	47	38	44	30	23	39	12	13	22	19	40	13	29	49	38	28	43	34	32	50	26	14	31	10	24	41	11	19	43	13	14	14	10	40	50	48	18	44	28	39	37	26	49	36	18	48	46	38	24	29	45	44	34	43	14	25	19	36	11	35	11	17	11	26	24	32	30	34	36	11	22	10	10	27	17	27	18	36	49	18	25	29	44	21	26	25	44	25	41	31	22	17	33	42	47	30	35	44	17	43	32	43	16	22	19	43	25	23	35	35	37	21	11	33	19	20	41	20	27	40	35	23	12	19	26	26	46	40	42	42	23	39	21	47	23	39	38	41	12	16	25	35	32	21	20	28	15	21	42	28	18	18	26	44	15	48	35	19	46	38	18	38	19	45	40	21	32	43	23	40	34	32	35	32	15	24	17	46	32	31	27	45	49	39	35	50	32	44	27	41	30	20	41	39	47	16	47	36	35	39	12	39	30	22	30	16	49	42	40	33	40	21	11	21	49	43	34	29	42	11	38	49	50	49	37	34	46	25	38	49	35	41	11	18	31	32	39	26	34	49	13	29	21	39	24	25	50	43	21	45	19	47	35	40	48	50	42	43	28	27	28	40	22	22	16	25	18	35	36	43	31	19	15	24	47	33	29	39	24	46	44	31	33	42	45	28	12	36	14	34	17	45	13	48	27	37	35	49	45	46	18	31	22	46	12	14	49	32	33	36	44	23	16	30	25	50	12	19	48	30	40	27	34	43	42	21	12	50	32	29	20	27	23	44	29	13	40	22	49	28	33	30	39	22	26	19	50	28	45	43	45	28	11	20	27	35	20	39	19	44	45	14	38	43	25	16	33	16	33	44	38	24	36	26	50	32	31	17	14	48	28	15	42	12	31	43	20	34	43	50	19	13	39	23	16	49	12	42	24	29	20	38	36	36	37	47	41	10	35	24	23	33	50	40	36	27	31	44	25	47	19	43	34	31	11	46	40	36	31	45	15	23	48	26	16	26	43	48	32	10	45	28	15	37	15	33	33	16	19	30	31	23	12	48	12	12	48	49	27	41	47	47	28	13	41	45	50	10	19	20	23	45	18	17	13	26	22	24	48	15	23	13	12	31	10	22	41	11	26	12	22	38	25	46	44	46	37	44	37	50	35	41	19	49	31	23	31	22	25	42	10	47	16	41	48	12	50	36	46	10	32	15	14	48	34	32	12	11	42	22	31	21	25	11	17	25	18	43	25	29	23	14	43	44	38	11	19	30	17	47	31	46	22	38	27	36	50	33	36	46	44	39	23	35	16	49	22	39	50	24	10	22	29	33	26	10	11	46	31	40	48	36	18	28	43	47	41	48	28	48	47	43	27	13	33	48	33	23	33	12	49	48	38	46	42	24	33	43	16	11	41	15	49	40	37	34	19	32	46	34	47	25	35	46	18	22	43	34	14	11	14	42	23	12	28	50	48	48	11	33	49	27	20	19	16	49	21	37	20	12	46	32	31	45	13	38	24	15	34	14	25	45	44	19	17	45	41	23	32	23	16	35	33	33	24	48	48	20	41	19	28	27	40	13	27	45	12	25	10	14	28	27	43	30	14	38	20	38	41	37	21	28	19	22	26	36	10	11	27	15	37	26	24	34	41	33	32	24	45	19	14	24	47	12	43	39	29	24	48	37	28	47	14	43	27	40	46	16	22	27	14	41	31	22	22	13	39	24	43	12	29	26	33	27	32	26	31	36	27	30	46	33	13	43	33	24	37	20	37	12	20	37	32	37	35	31	19	12	38	32	34	40	50	29	32	19	44	31	36	35	40	31	30	14	20	14	18	44	46	19	18	13	16	46	30	42	41	24	21	11	37	40	43	31	16	40	17	31	24	43	33	41	40	39	39	18	37	41	23	18	28	50	12	48	31	27	22	36	29	48	34	41	17	19	26	39	31	24	26	12	35	33	49	36	50	29	36	27	37	28	47	49	44	36	50	26	48	26	36	35	21	26	46	16	32	48	21	31	35	28	24	49	26	17	27	16	17	46	19	38	11	41	44	12	45	41	13	35	15	34	48	42	48	31	21	17	30	27	43	26	50	41	50	32	10	39	28	22	46	21	27	48	20	11	31	27	10	29	32	14	26	47	45	32	31	18	17	24	26	11	16	32	48	19	26	10	10	41	27	32	28	11	32	48	38	33	35	35	36	45	21	34	23	38	42	26	44	42	21	35	50	47	42	29	28	18	32	43	14	29	19	37	24	28	32	17	12	23	32	33	20	41	17	11	36	20	26	13	26	44	39	39	33	33	22	48	13	50	33	49	36	15	43	43	25	47	16	34	39	12	17	10	45	12	37	16	36	50	14	32	40	29	36	25	15	48	26	44	46	16	35	15	25	47	32	38	12	30	47	17	25	46	21	45	31	13	26	38	15	50	11	31	34	43	50	32	41	33	28	48	36	36	35	22	35	23	25	45	49	34	33	35	34	15	25	47	11	26	42	33	26	43	37	49	23	27	37	50	19	43	16	17	14	40	30	19	15	32	17	19	24	31	19	38	48	49	27	36	38	46	40	33	17	34	33	25	28	27	11	25	12	43	37	23	34	11	35	34	20	13	15	42	10	34	12	23	46	38	16	28	28	16	16	26	44	37	30	39	30	25	44	38	33	13	15	44	45	37	38	17	38	46	16	10	39	50	42	10	43	45	46	25	28	31	10	10	23	25	42	48	19	17	27	28	40	32	38	47	19	48	45	46	10	29	35	46	31	18	49	40	36	27	34	45	26	14	44	47	39	12	15	32	16	36	39	43	46	41	12	21	19	18	22	20	40	50	11	14	18	27	13	28	39	47	16	26	46	20	17	21	34	35	48	30	36	26	36	31	32	13	34	29	35	35	14	38	27	10	48	37	23	49	32	35	34	36	50	48	35	22	25	35	47	44	14	31	18	29	24	13	10	36	19	35	39	29	10	19	25	35	21	20	25	47	19	20	41	33	49	17	40	24	23	46	49	12	24	24	34	32	50	29	22	49	46	20	21	24	16	21	25	18	41	36	47	14	31	11	43	28	12	38	49	10	19	43	14	49	19	48	24	17	28	25	48	49	39	23	44	16	47	25	47	44	10	31	29	17	48	49	19	25	16	44	13	34	49	14	22	32	39	19	41	39	39	41	10	18	45	43	39	29	50	18	41	15	28	46	44	49	42	40	43	40	37	47	25	10	39	41	35	39	30	31	36	30	47	25	30	11	20	49	37	34	31	41	11	16	38	18	21	22	20	45	44	36	29	44	27	11	26	30	13	43	48	18	30	27	26	16	39	34	11	17	19	37	37	40	29	31	28	47	24	11	21	32	45	27	41	26	39	32	15	11	50	17	48	33	45	21	37	35	27	26	15	41	48	12	24	14	44	13	37	11	35	11	40	30	37	26	18	31	12	48	14	14	44	48	29	42	12	17	13	30	48	25	38	47	23	12	31	26	29	18	37	10	42	35	43	27	31	49	27	16	40	40	50	46	19	45	46	25	11	29	42	49	42	13	36	13	39	43	30	31	45	38	26	22	18	17	37	14	19	27	45	33	30	13	17	37	37	35	13	12	48	21	29	32	40	36	15	20	13	47	19	20	33	17	10	38	35	10	17	20	12	46	48	50	38	22	34	35	46	11	11	10	39	16	32	16	23	36	22	25	31	27	36	30	24	30	27	13	34	30	32	10	42	49	31	14	11	31	15	29	20	18	45	49	29	10	47	41	45	25	13	50	10	48	37	10	31	30	34	20	26	48	36	48	50	40	43	37	46	21	18	39	30	20	30	27	17	36	30	37	13	41	26	50	45	25	46	32	35	42	35	14	34	30	36	39	47	23	38	26	49	40	29	33	47	40	12	24	47	47	37	11	24	16	26	47	26	20	42	42	26	37	46	18	49	21	30	24	25	23	24	19	44	28	24	40	13	10	40	38	38	26	15	34	35	23	19	17	43	39	31	39	27	22	46	28	50	11	22	32	45	12	37	48	42	22	31	40	40	49	19	49	11	19	10	13	50	50	43	11	10	24	28	22	49	41	10	44	19	48	19	10	40	36	12	28	35	36	23	31	26	25	14	14	11	40	30	29	18	45	13	19	47	10	21	42	42	45	24	44	10	12	10	40	48	17	17	21	43	20	31	11	27	16	44	45	36	21	30	19	43	14	26	16	45	30	26	26	19	31	36	19	23	42	17	28	33	30	18	24	49	42	27	10	32	45	44	17	19	17	16	23	24	12	38	47	26	40	29	43	11	20	20	15	19	36	20	44	36	29	13	28	33	13	10	17	21	35	10	42	31	33	35	39	24	44	46	44	21	11	37	42	40	19	14	23	30	33	26	47	18	36	15	30	16	10	26	20	50	41	29	18	44	10	34	15	24	43	15	29	43	49	24	22	47	40	25	21	47	14	48	16	12	17	14	19	13	15	21	19	35	45	27	34	48	26	28	22	46	21	33	32	41	37	10	11	43	17	48	50	31	24	43	39	47	26	23	15	21	33	21	43	20	34	32	38	14	31	13	49	30	43	47	11	37	28	19	41	28	35	40	24	14	47	50	16	14	35	32	36	14	45	45	40	38	49	18	19	16	21	29	45	39	23	30	35	44	28	30	17	47	37	48	48	27	45	32	25	18	10	13	11	12	17	25	49	28	45	13	48	25	19	40	15	21	25	31	21	11	20	26	20	49	26	47	36	43	34	28	16	38	14	38	11	39	35	42	18	11	27	43	32	31	30	11	13	32	14	37	31	33	48	45	40	24	18	14	29	41	17	45	27	25	11	38	10	42	40	18	50	11	27	45	19	15	28	30	46	11	43	13	23	18	45	34	23	18	25	47	46	44	19	46	37	31	14	12	22	36	46	43	38	17	50	34	30	39	25	44	21	30	45	38	25	29	26	50	50	28	21	29	37	43	44	21	37	39	39	46	35	41	17	22	35	32	18	38	13	45	27	18	50	20	25	45	36	47	35	47	20	27	44	40	48	49	23	24	33	37	49	48	15	40	39	10	38	16	29	42	48	45	16	39	40	44	15	31	45	12	14	32	20	37	10	34	20	44	13	21	13	39	25	40	32	21	23	38	38	22	14	33	42	38	47	24	30	10	44	34	42	28	10	43	32	39	31	18	31	19	26	33	41	36	15	44	27	49	46	46	32	30	28	16	25	37	34	28	10	22	19	28	14	35	35	45	20	23	46	39	31	26	28	41	41	39	32	32	38	13	49	15	50	32	44	31	36	13	41	39	49	11	19	33	42	14	22	44	38	44	21	44	16	15	40	43	33	40	48	44	22	16	28	41	40	40	35	42	23	49	41	13	23	49	26	32	42	28	17	28	44	40	18	17	50	49	19	37	17	18	38	43	40	18	15	38	41	34	47	46	16	25	39	15	44	35	13	13	27	17	44	12	43	43	44	17	47	19	28	27	12	28	38	28	10	21	14	14	33	47	44	48	13	22	17	24	19	23	27	32	43	44	24	25	49	34	29	28	39	36	39	11	27	29	38	12	11	49	32	46	23	18	17	15	44	21	12	22	19	43	39	36	39	17	13	10	26	26	29	29	13	41	27	46	50	23	45	17	23	49	50	19	32	41	44	25	48	25	15	31	42	37	23	31	45	31	26	26	37	41	50	45	19	48	27	27	19	43	31	24	43	13	23	20	16	17	25	43	41	35	22	24	37	26	25	23	19	26	25	48	40	38	31	21	26	13	32	20	25	18	42	23	30	25	24	36	39	26	47	15	35	22	47	48	32	32	27	50	30	33	34	32	22	19	20	46	43	23	36	14	47	31	18	18	36	36	16	34	34	30	42	49	28	17	32	50	26	27	35	36	18	25	18	25	23	48	20	35	48	27	32	22	41	11	48	16	36	25	47	27	45	21	24	41	50	32	21	36	49	10	29	28	32	22	30	24	24	42	24	36	50	48	47	33	39	22	22	15	42	48	48	46	47	11	48	14	17	50	20	21	49	35	47	14	18	15	44	35	21	46	26	12	28	24	30	13	29	46	26	19	19	21	42	23	20	39	37	40	41	19	11	33	24	42	30	50	48	26	25	14	14	18	10	43	11	28	29	48	49	21	44	27	31	38	25	27	35	29	14	33	29	43	49	39	36	12	24	10	29	27	26	17	31	45	20	12	40	24	47	14	49	12	48	43	43	50	29	25	49	20	16	17	20	12	16	44	10	17	11	23	42	49	30	23	12	33	21	39	29	50	27	47	25	48	33	25	35	18	49	21	50	15	25	11	35	47	49	45	50	20	29	45	24	32	43	16	47	46	46	49	33	38	22	45	32	11	33	18	36	25	19	14	38	15	13	23	40	22	30	39	29	20	26	32	24	30	27	23	32	24	39	37	25	10	39	33	44	33	43	30	46	32	34	50	33	23	37	26	15	26	23	41	19	38	40	40	22	33	15	19	49	39	43	10	28	30	50	38	40	25	45	15	12	49	35	43	42	37	10	17	31	22	42	39	50	48	44	16	17	22	36	33	44	13	43	47	29	45	18	26	11	29	43	13	14	28	18	10	36	31	46	24	13	50	10	47	29	30	20	16	37	19	29	30	16	28	23	32	19	28	50	36	45	24	12	28	31	11	37	19	22	26	18	32	23	31	23	23	45	15	15	28	40	46	18	16	28	13	45	10	44	11	35	40	30	25	15	27	31	18	35	28	30	43	31	19	18	39	45	45	37	16	32	26	47	43	41	29	35	41	16	20	45	46	21	36	48	11	38	46	25	23	25	19	49	33	17	50	19	22	17	37	36	23	13	48	16	32	37	43	37	34	48	27	50	33	20	13	14	14	42	43	29	46	44	11	36	49	22	21	33	25	36	37	38	49	13	18	16	35	12	37	12	32	24	19	27	13	39	
0.5
90
