2970
100
0	0	0	0	0	0	0	0	0	0	0	0	192	0	0	0	0	0	0	0	0	0	0	0	0	0	0	0	0	0	0	0	0	0	0	0	0	0	0	0	0	0	0	0	0	0	0	0	0	0	0	0	0	0	0	0	0	0	0	0	0	0	0	0	0	0	0	0	0	0	0	0	0	0	0	500	0	0	0	0	0	96	0	0	0	0	0	0	0	0	0	0	0	0	0	0	0	0	0	0	
0	0	0	0	0	0	0	0	0	0	0	96	0	0	0	0	0	0	0	0	0	0	0	0	0	0	0	0	0	0	0	0	0	0	0	0	0	0	0	0	0	0	0	0	0	0	0	0	0	0	0	0	0	0	0	0	0	0	0	0	0	0	0	0	0	0	0	0	0	0	0	0	0	0	500	48	0	0	0	0	0	0	0	0	0	0	0	0	0	0	0	0	0	0	0	0	0	0	0	0	
0	0	0	0	0	0	0	0	0	0	0	0	0	0	0	0	0	0	0	0	0	0	0	0	0	0	0	0	0	500	0	0	0	0	0	0	0	0	0	0	0	0	0	0	0	0	0	0	0	0	0	0	0	0	0	0	0	0	0	0	0	0	0	0	0	0	0	0	192	0	0	0	0	0	0	0	0	0	0	0	0	0	0	0	0	0	0	0	0	0	0	0	0	0	0	0	0	0	0	0	
0	0	0	0	0	0	0	0	0	0	0	0	0	0	0	0	0	0	0	0	0	0	0	0	0	0	0	0	0	0	0	0	0	0	0	0	0	0	0	0	0	0	0	0	0	0	0	96	0	0	0	0	0	0	0	0	0	0	0	0	0	0	0	0	0	0	0	0	0	0	0	500	0	0	0	0	0	0	0	0	0	0	0	0	0	0	0	0	0	0	0	0	0	0	0	0	0	0	0	0	
0	0	0	0	0	0	0	0	0	0	0	0	0	0	0	96	0	0	0	0	0	0	0	0	0	0	0	0	500	0	0	0	0	0	500	0	0	0	0	0	0	0	0	0	0	0	0	0	0	0	0	0	0	0	0	0	0	0	0	0	0	0	0	0	0	0	0	0	0	0	0	0	0	0	0	0	0	0	0	0	0	0	0	0	0	0	0	0	0	0	0	0	0	0	0	0	0	0	0	0	
0	0	0	0	0	0	0	0	0	0	0	0	0	0	0	0	0	0	0	0	0	0	0	0	0	0	0	0	192	0	0	0	0	0	0	0	192	0	0	0	0	0	0	0	0	0	0	0	0	0	0	0	0	0	0	0	0	0	0	0	0	0	0	0	0	192	0	0	0	0	0	0	0	0	0	0	0	0	0	0	0	0	0	0	0	0	0	0	0	0	500	0	192	0	0	0	0	0	0	0	
0	0	0	0	0	0	0	0	0	0	0	0	0	0	0	0	0	96	0	192	0	0	0	0	0	0	0	0	0	0	0	0	0	0	0	0	0	0	0	0	0	0	0	0	0	0	0	0	0	0	0	0	0	0	0	0	0	0	0	0	0	0	0	0	0	0	0	0	0	0	0	0	0	0	0	0	0	0	0	0	0	0	0	0	0	0	0	0	0	0	0	0	0	0	0	0	0	0	0	0	
0	0	0	0	0	0	0	0	0	0	0	0	0	0	0	0	0	0	0	0	0	0	0	0	0	0	0	0	0	0	0	0	0	0	0	0	0	0	0	0	0	0	0	0	0	0	0	0	48	0	0	0	0	0	0	500	0	0	0	0	0	0	0	0	0	0	0	0	0	0	0	0	0	0	0	0	0	0	0	0	0	0	0	0	0	0	0	0	0	0	0	0	0	0	0	0	0	0	0	0	
0	0	0	0	0	0	0	0	0	96	0	0	0	0	0	0	0	0	0	0	0	0	0	0	0	0	0	0	0	96	0	0	0	0	0	0	0	0	500	0	0	0	0	0	0	0	0	0	0	0	0	0	0	0	0	0	0	0	0	0	0	0	0	0	0	0	0	0	0	0	0	0	0	0	0	0	0	0	0	0	0	0	0	0	192	0	0	0	0	0	0	0	0	0	0	0	0	0	0	0	
0	0	0	0	0	0	0	0	96	0	0	0	0	0	0	0	0	0	0	0	0	0	0	0	0	0	0	0	0	0	0	0	0	0	0	0	0	0	0	0	0	0	0	0	0	0	0	0	0	0	0	0	0	0	0	0	0	0	0	0	0	0	0	0	0	0	0	0	0	0	0	0	0	0	0	0	0	0	0	0	0	0	0	0	48	0	0	0	0	0	0	0	0	0	0	0	0	0	0	0	
0	0	0	0	0	0	0	0	0	0	0	0	0	0	0	0	0	0	48	0	0	0	0	0	0	0	0	0	0	0	0	0	0	0	0	0	0	0	0	0	0	0	0	0	0	0	0	0	0	0	0	0	0	0	0	0	0	0	0	0	0	0	0	0	0	0	0	0	0	0	0	0	0	0	0	0	0	0	0	500	0	192	0	0	0	0	0	0	0	0	0	96	0	0	0	0	0	0	0	0	
0	96	0	0	0	0	0	0	0	0	0	0	0	0	0	0	0	0	0	0	0	0	0	0	0	0	0	0	0	0	0	0	0	0	0	0	0	0	0	0	0	0	0	0	0	0	0	0	0	0	0	0	0	0	0	0	0	0	0	0	0	0	0	0	0	0	0	0	0	0	0	0	0	0	0	192	0	0	0	0	0	0	0	0	0	0	0	0	0	0	0	0	0	0	0	0	0	0	0	0	
192	0	0	0	0	0	0	0	0	0	0	0	0	0	0	0	0	0	0	0	0	0	0	0	0	0	96	0	0	0	0	500	0	0	0	0	0	0	0	0	0	0	0	0	0	0	0	0	0	0	0	0	0	0	0	0	0	0	0	0	0	0	0	0	0	0	0	0	0	0	0	0	0	0	0	0	0	0	0	0	0	0	0	0	0	0	0	0	0	0	0	0	0	0	0	0	0	0	0	0	
0	0	0	0	0	0	0	0	0	0	0	0	0	0	0	0	0	0	0	0	0	0	0	0	0	500	0	0	0	0	0	0	0	0	0	0	0	0	0	96	0	0	0	0	0	0	0	0	0	0	0	0	0	0	0	0	0	0	0	0	0	0	0	0	0	0	0	0	0	0	0	0	0	0	0	0	0	0	0	0	0	0	0	0	0	0	0	0	0	0	0	0	0	0	0	0	0	0	96	0	
0	0	0	0	0	0	0	0	0	0	0	0	0	0	0	0	0	0	0	0	0	0	0	0	0	0	0	48	0	0	0	0	0	0	0	0	0	0	0	0	0	0	0	0	0	0	0	0	0	0	0	0	0	0	0	0	0	0	0	0	0	0	0	96	0	0	0	0	0	0	0	0	0	0	0	0	0	0	0	0	0	0	0	0	0	0	0	0	0	0	0	0	0	0	0	0	0	0	0	0	
0	0	0	0	96	0	0	0	0	0	0	0	0	0	0	0	0	0	0	0	0	0	0	0	0	0	0	0	0	0	0	0	0	0	192	0	0	0	0	0	0	0	0	0	0	0	0	0	0	0	0	0	0	0	0	0	0	0	0	0	0	0	0	0	0	0	0	0	0	0	0	0	0	0	0	0	0	0	0	0	0	0	0	0	0	0	0	0	0	0	0	0	0	0	0	0	0	0	0	0	
0	0	0	0	0	0	0	0	0	0	0	0	0	0	0	0	0	0	0	0	0	0	0	0	0	0	0	0	0	0	0	0	0	0	0	0	0	0	0	0	0	0	0	0	48	0	0	0	48	0	0	0	0	0	0	192	500	0	0	0	0	0	0	0	0	0	0	0	0	0	0	0	0	0	0	0	0	0	0	0	0	0	0	0	0	0	0	0	0	0	0	0	0	0	0	0	0	0	0	0	
0	0	0	0	0	0	96	0	0	0	0	0	0	0	0	0	0	0	0	0	0	0	0	0	0	0	0	0	0	0	0	0	0	0	0	0	0	0	0	0	0	0	0	0	0	0	0	0	0	0	0	0	0	0	0	0	0	0	0	0	0	48	0	0	0	0	0	0	0	0	0	0	0	0	0	0	0	0	0	0	0	0	0	0	0	0	0	0	0	0	0	0	0	0	0	0	0	0	0	0	
0	0	0	0	0	0	0	0	0	0	48	0	0	0	0	0	0	0	0	0	0	0	0	0	0	0	0	0	0	0	0	0	0	0	0	0	0	0	0	0	0	0	0	0	0	0	0	0	0	0	0	0	0	0	0	0	0	0	0	0	0	0	0	0	0	0	0	0	0	0	0	0	0	0	0	0	0	0	0	500	0	96	0	0	0	0	0	0	0	0	0	0	0	0	0	0	0	0	0	0	
0	0	0	0	0	0	192	0	0	0	0	0	0	0	0	0	0	0	0	0	0	0	0	0	0	0	0	0	0	0	0	0	0	0	0	0	0	96	0	0	0	0	0	0	0	0	0	0	0	0	0	0	0	0	0	0	0	0	0	0	0	0	0	0	0	0	0	0	0	0	0	0	0	0	0	0	0	0	0	0	0	0	0	0	0	0	0	0	0	0	0	0	0	0	0	0	0	0	0	0	
0	0	0	0	0	0	0	0	0	0	0	0	0	0	0	0	0	0	0	0	0	0	0	0	0	0	0	0	0	0	0	0	0	0	0	0	0	0	0	0	0	0	0	0	0	0	0	0	0	0	0	0	0	0	0	0	48	0	0	0	0	0	0	0	0	0	0	0	0	0	0	0	192	48	0	0	0	0	0	0	0	0	0	0	0	0	0	0	0	0	0	0	0	0	0	0	0	0	0	0	
0	0	0	0	0	0	0	0	0	0	0	0	0	0	0	0	0	0	0	0	0	0	0	0	0	0	0	0	0	0	0	0	0	0	0	0	0	0	0	0	0	0	0	0	0	0	48	0	0	0	0	0	0	0	0	0	0	0	0	0	0	0	0	0	0	0	0	0	0	0	0	0	0	0	0	0	0	0	0	0	0	0	0	0	0	0	0	0	0	0	0	0	0	0	0	500	0	0	0	0	
0	0	0	0	0	0	0	0	0	0	0	0	0	0	0	0	0	0	0	0	0	0	0	0	0	0	0	0	0	0	96	0	0	0	0	500	0	0	0	0	0	0	0	0	0	0	0	0	0	0	0	0	0	0	0	0	0	0	0	0	0	0	0	0	0	0	0	0	0	0	0	0	0	0	0	0	48	0	0	0	0	0	0	0	0	0	0	0	0	0	0	0	0	0	0	0	0	0	0	0	
0	0	0	0	0	0	0	0	0	0	0	0	0	0	0	0	0	0	0	0	0	0	0	0	0	0	0	0	0	0	0	0	0	0	0	0	0	0	0	0	0	0	0	0	0	96	0	0	0	0	0	0	0	0	0	0	0	0	0	0	0	0	0	0	0	0	0	0	0	0	0	0	0	0	0	0	0	0	0	0	0	0	0	96	0	0	0	0	0	0	0	0	0	0	0	0	0	0	0	0	
0	0	0	0	0	0	0	0	0	0	0	0	0	0	0	0	0	0	0	0	0	0	0	0	0	0	0	0	0	0	0	0	0	0	0	0	0	0	0	0	0	0	0	0	0	0	0	0	0	0	0	0	0	0	0	0	0	0	48	0	0	0	0	0	0	0	0	0	0	0	0	0	0	0	0	0	0	0	0	0	0	0	0	0	0	0	0	0	0	48	0	0	0	0	0	0	0	0	0	0	
0	0	0	0	0	0	0	0	0	0	0	0	0	500	0	0	0	0	0	0	0	0	0	0	0	0	0	0	0	0	0	0	0	0	0	0	0	0	0	500	0	0	0	0	0	0	0	0	0	0	0	0	0	0	0	0	0	0	0	0	0	0	0	0	0	0	0	0	0	0	0	0	0	0	0	0	0	0	0	0	0	0	0	0	0	0	0	0	0	0	0	0	0	0	0	0	0	0	0	0	
0	0	0	0	0	0	0	0	0	0	0	0	96	0	0	0	0	0	0	0	0	0	0	0	0	0	0	0	0	0	0	500	0	0	0	0	0	0	0	0	0	0	0	0	0	0	0	0	0	0	0	0	0	0	0	0	0	0	0	0	0	0	0	0	0	0	0	0	0	0	0	0	0	0	0	0	0	0	0	0	0	0	0	0	0	0	0	0	500	0	0	0	0	0	0	0	0	0	0	0	
0	0	0	0	0	0	0	0	0	0	0	0	0	0	48	0	0	0	0	0	0	0	0	0	0	0	0	0	0	0	0	0	0	0	0	0	0	0	0	0	0	0	0	0	0	0	0	0	0	0	0	0	0	0	0	0	0	0	0	0	0	0	0	96	0	0	0	0	0	0	0	0	0	0	0	0	0	0	0	0	0	0	0	0	0	0	0	0	0	0	0	0	0	0	0	0	192	0	0	0	
0	0	0	0	500	192	0	0	0	0	0	0	0	0	0	0	0	0	0	0	0	0	0	0	0	0	0	0	0	0	0	0	0	0	0	0	0	0	0	0	0	0	0	0	0	0	0	0	0	0	0	0	0	0	0	0	0	0	0	0	0	0	0	0	0	0	0	0	0	0	0	0	0	0	0	0	0	0	0	0	0	0	0	0	0	0	0	0	0	0	0	0	0	0	0	0	0	0	0	0	
0	0	500	0	0	0	0	0	96	0	0	0	0	0	0	0	0	0	0	0	0	0	0	0	0	0	0	0	0	0	0	0	0	0	0	0	0	0	0	0	0	0	0	0	0	0	0	0	0	0	0	0	0	0	0	0	0	0	0	0	0	0	0	0	0	0	0	0	0	0	0	0	0	0	0	0	0	0	0	0	0	0	0	0	0	0	0	0	0	0	0	0	0	0	0	0	0	0	0	0	
0	0	0	0	0	0	0	0	0	0	0	0	0	0	0	0	0	0	0	0	0	0	96	0	0	0	0	0	0	0	0	0	0	0	0	0	0	0	0	0	0	0	0	0	0	0	0	0	0	0	0	0	0	0	192	0	0	0	0	0	0	0	0	0	0	0	0	0	0	0	0	0	0	0	0	0	0	0	0	0	0	0	0	0	0	0	0	0	0	0	0	0	0	0	0	0	0	0	0	0	
0	0	0	0	0	0	0	0	0	0	0	0	500	0	0	0	0	0	0	0	0	0	0	0	0	0	500	0	0	0	0	0	0	0	0	0	0	0	0	0	0	0	0	0	0	0	0	0	0	0	0	0	0	0	0	0	0	0	0	0	0	0	0	0	0	0	0	0	0	0	0	0	0	0	0	0	0	0	0	0	0	0	0	0	0	0	0	0	96	0	0	0	0	0	0	0	0	0	0	0	
0	0	0	0	0	0	0	0	0	0	0	0	0	0	0	0	0	0	0	0	0	0	0	0	0	0	0	0	0	0	0	0	0	0	0	0	0	0	0	0	0	0	0	0	0	0	0	0	0	0	0	0	0	0	0	0	0	0	48	0	0	0	0	0	0	0	0	0	0	0	0	0	0	0	0	0	0	48	0	0	0	0	0	0	0	0	0	0	0	0	0	0	0	0	0	0	0	0	0	0	
0	0	0	0	0	0	0	0	0	0	0	0	0	0	0	0	0	0	0	0	0	0	0	0	0	0	0	0	0	0	0	0	0	0	0	0	0	0	0	0	0	48	0	0	0	0	0	0	0	0	0	0	0	0	0	0	0	0	0	0	0	0	0	0	0	0	0	0	0	0	0	0	0	0	0	0	192	0	0	0	0	0	0	0	0	0	0	0	0	0	0	0	0	0	0	0	0	0	0	0	
0	0	0	0	500	0	0	0	0	0	0	0	0	0	0	192	0	0	0	0	0	0	0	0	0	0	0	0	0	0	0	0	0	0	0	0	0	0	0	0	0	0	0	0	0	0	0	0	0	0	96	0	0	0	0	0	0	0	0	0	0	0	0	0	0	96	0	0	0	0	0	0	0	0	0	0	0	0	0	0	0	0	192	0	0	0	0	0	0	0	0	0	0	0	0	0	0	0	0	0	
0	0	0	0	0	0	0	0	0	0	0	0	0	0	0	0	0	0	0	0	0	0	500	0	0	0	0	0	0	0	0	0	0	0	0	0	0	0	0	0	0	0	0	0	0	0	0	0	0	0	0	0	0	0	0	0	0	0	0	0	0	0	96	0	0	0	0	0	0	0	0	0	0	0	0	0	0	0	0	0	0	0	0	0	0	0	0	0	0	0	0	0	0	0	0	0	0	0	0	0	
0	0	0	0	0	192	0	0	0	0	0	0	0	0	0	0	0	0	0	0	0	0	0	0	0	0	0	0	0	0	0	0	0	0	0	0	0	0	0	0	0	0	0	0	0	0	0	0	0	0	0	0	0	0	0	0	0	0	0	0	0	0	0	0	0	192	0	0	0	0	0	0	0	0	0	0	0	0	0	0	0	0	0	0	0	0	0	0	0	0	0	0	0	0	0	0	0	0	0	0	
0	0	0	0	0	0	0	0	0	0	0	0	0	0	0	0	0	0	0	96	0	0	0	0	0	0	0	0	0	0	0	0	0	0	0	0	0	0	0	0	0	0	0	0	0	0	0	0	0	0	0	0	0	0	0	0	0	0	0	0	0	0	0	0	0	0	0	0	0	0	0	0	0	0	500	0	0	0	0	0	0	0	0	0	0	0	0	0	0	0	0	0	0	0	0	0	0	0	0	0	
0	0	0	0	0	0	0	0	500	0	0	0	0	0	0	0	0	0	0	0	0	0	0	0	0	0	0	0	0	0	0	0	0	0	0	0	0	0	0	0	0	0	0	0	0	0	0	0	0	0	0	0	0	0	0	0	0	0	0	0	0	0	0	0	0	0	0	0	0	0	0	192	0	0	0	0	0	0	0	0	0	0	0	0	0	0	0	0	0	0	0	0	0	0	0	0	0	0	0	0	
0	0	0	0	0	0	0	0	0	0	0	0	0	96	0	0	0	0	0	0	0	0	0	0	0	500	0	0	0	0	0	0	0	0	0	0	0	0	0	0	0	0	0	0	0	0	0	0	0	0	0	0	0	0	0	0	0	0	0	0	0	0	0	0	0	0	0	48	0	0	0	0	0	0	0	0	0	0	0	0	0	0	0	0	0	0	0	0	0	0	0	0	0	0	48	0	0	0	0	0	
0	0	0	0	0	0	0	0	0	0	0	0	0	0	0	0	0	0	0	0	0	0	0	0	0	0	0	0	0	0	0	0	0	0	0	0	0	0	0	0	0	0	0	500	0	0	0	48	0	0	0	48	0	0	0	0	0	0	0	0	0	0	0	0	0	0	0	0	0	0	0	0	0	0	0	0	0	0	0	0	0	0	0	0	0	0	0	0	0	0	0	0	0	0	0	0	0	0	0	0	
0	0	0	0	0	0	0	0	0	0	0	0	0	0	0	0	0	0	0	0	0	0	0	0	0	0	0	0	0	0	0	0	0	48	0	0	0	0	0	0	0	0	0	0	0	0	0	0	0	0	0	0	0	0	0	0	0	0	0	0	0	0	0	0	0	0	0	0	0	0	0	0	0	0	0	0	0	0	0	0	500	0	0	0	0	96	0	0	0	0	0	0	0	0	0	0	0	0	0	0	
0	0	0	0	0	0	0	0	0	0	0	0	0	0	0	0	0	0	0	0	0	0	0	0	0	0	0	0	0	0	0	0	0	0	0	0	0	0	0	0	0	0	0	0	0	0	0	0	0	0	500	0	0	0	0	0	0	0	0	0	0	0	0	0	48	48	0	0	0	0	0	0	0	0	0	0	0	0	0	0	0	0	192	0	0	0	0	500	0	0	0	0	0	0	0	0	0	0	0	0	
0	0	0	0	0	0	0	0	0	0	0	0	0	0	0	0	0	0	0	0	0	0	0	0	0	0	0	0	0	0	0	0	0	0	0	0	0	0	0	0	500	0	0	0	0	0	0	0	0	0	0	500	0	0	0	0	0	0	0	0	0	0	0	0	0	0	500	0	0	0	0	0	0	0	0	0	0	0	0	0	0	0	0	0	0	0	96	0	0	0	0	0	0	500	0	0	0	0	0	0	
0	0	0	0	0	0	0	0	0	0	0	0	0	0	0	0	48	0	0	0	0	0	0	0	0	0	0	0	0	0	0	0	0	0	0	0	0	0	0	0	0	0	0	0	0	0	0	0	0	0	0	0	0	0	0	0	48	0	0	0	0	0	0	0	0	0	0	0	0	0	0	0	0	0	0	0	0	0	0	0	0	0	0	0	0	0	0	0	0	0	0	0	0	0	0	0	96	0	0	0	
0	0	0	0	0	0	0	0	0	0	0	0	0	0	0	0	0	0	0	0	0	0	0	96	0	0	0	0	0	0	0	0	0	0	0	0	0	0	0	0	0	0	0	0	0	0	0	0	0	0	0	0	0	0	0	0	0	0	0	0	0	0	0	0	0	0	0	0	0	0	0	0	0	0	0	0	0	0	192	0	0	0	0	0	0	0	0	0	0	0	0	0	0	0	0	0	0	0	0	0	
0	0	0	0	0	0	0	0	0	0	0	0	0	0	0	0	0	0	0	0	0	48	0	0	0	0	0	0	0	0	0	0	0	0	0	0	0	0	0	0	0	0	0	0	0	0	0	0	0	0	0	0	192	0	0	0	0	0	0	0	0	0	0	0	0	0	0	0	0	0	0	0	0	0	0	0	0	0	0	0	0	0	0	0	0	0	0	0	0	0	0	0	0	0	0	192	0	96	0	0	
0	0	0	96	0	0	0	0	0	0	0	0	0	0	0	0	0	0	0	0	0	0	0	0	0	0	0	0	0	0	0	0	0	0	0	0	0	0	0	0	48	0	0	0	0	0	0	0	0	0	0	0	0	0	0	0	0	0	0	0	0	0	0	0	0	0	0	0	0	0	0	0	0	0	0	0	0	0	0	0	0	0	0	0	0	0	0	0	0	0	0	0	0	0	0	0	0	0	0	0	
0	0	0	0	0	0	0	48	0	0	0	0	0	0	0	0	48	0	0	0	0	0	0	0	0	0	0	0	0	0	0	0	0	0	0	0	0	0	0	0	0	0	0	0	0	0	0	0	0	0	0	0	0	0	0	0	0	0	0	0	0	0	0	0	0	0	0	0	0	0	0	0	0	0	0	0	0	0	0	0	0	0	0	0	0	0	0	0	0	0	0	0	0	0	0	0	0	0	0	0	
0	0	0	0	0	0	0	0	0	0	0	0	0	0	0	0	0	0	0	0	0	0	0	0	0	0	0	0	0	0	0	0	0	0	0	0	0	0	0	0	0	0	0	0	0	0	0	0	0	0	0	0	0	0	0	0	0	0	0	0	0	0	0	0	0	0	0	0	0	0	0	0	0	0	0	0	0	0	192	0	0	0	0	0	0	0	0	0	0	0	0	0	0	0	0	0	500	0	0	0	
0	0	0	0	0	0	0	0	0	0	0	0	0	0	0	0	0	0	0	0	0	0	0	0	0	0	0	0	0	0	0	0	0	0	96	0	0	0	0	0	0	0	500	0	0	0	0	0	0	0	0	0	0	0	0	0	0	0	0	0	0	0	0	0	0	0	0	0	0	0	0	0	0	0	0	0	0	0	0	0	0	0	0	0	0	0	0	96	0	0	0	192	0	0	0	0	0	0	0	0	
0	0	0	0	0	0	0	0	0	0	0	0	0	0	0	0	0	0	0	0	0	0	0	0	0	0	0	0	0	0	0	0	0	0	0	0	0	0	0	0	48	0	0	500	0	0	0	0	0	0	0	0	0	0	0	0	0	0	0	0	0	0	0	0	0	0	500	0	0	0	0	0	0	0	0	0	0	0	0	0	0	0	0	0	0	0	0	0	0	0	0	0	0	0	0	0	0	0	0	0	
0	0	0	0	0	0	0	0	0	0	0	0	0	0	0	0	0	0	0	0	0	0	0	0	0	0	0	0	0	0	0	0	0	0	0	0	0	0	0	0	0	0	0	0	0	0	192	0	0	0	0	0	0	0	0	0	0	0	0	0	0	0	0	0	0	0	0	0	0	0	0	0	0	0	0	0	0	0	0	0	0	0	0	0	0	0	0	0	0	500	0	0	0	0	0	192	0	500	0	0	
0	0	0	0	0	0	0	0	0	0	0	0	0	0	0	0	0	0	0	0	0	0	0	0	0	0	0	0	0	0	0	0	0	0	0	0	0	0	0	0	0	0	0	0	0	0	0	0	0	0	0	0	0	0	0	0	0	0	0	0	0	0	0	0	0	0	0	0	0	0	0	0	0	0	0	0	0	0	0	0	0	0	0	0	500	0	0	0	0	0	0	0	0	0	0	0	0	0	0	500	
0	0	0	0	0	0	0	0	0	0	0	0	0	0	0	0	0	0	0	0	0	0	0	0	0	0	0	0	0	0	192	0	0	0	0	0	0	0	0	0	0	0	0	0	0	0	0	0	0	0	0	0	0	0	0	0	0	0	0	0	0	0	500	0	0	0	0	0	0	0	0	0	0	0	0	0	0	0	0	0	0	0	0	0	0	0	0	0	0	0	500	0	0	0	0	0	0	0	0	0	
0	0	0	0	0	0	0	500	0	0	0	0	0	0	0	0	192	0	0	0	0	0	0	0	0	0	0	0	0	0	0	0	0	0	0	0	0	0	0	0	0	0	0	0	0	0	0	0	0	0	0	0	0	0	0	0	0	0	0	0	0	0	0	0	0	0	0	0	0	0	0	0	0	0	0	0	0	0	0	0	0	0	0	0	0	0	0	0	0	0	0	0	0	0	0	0	0	0	0	0	
0	0	0	0	0	0	0	0	0	0	0	0	0	0	0	0	500	0	0	0	48	0	0	0	0	0	0	0	0	0	0	0	0	0	0	0	0	0	0	0	0	0	0	0	48	0	0	0	0	0	0	0	0	0	0	0	0	0	0	0	0	0	0	0	0	0	0	0	0	0	0	0	0	500	0	0	0	0	0	0	0	0	0	0	0	0	0	0	0	0	0	0	0	0	0	0	0	0	0	0	
0	0	0	0	0	0	0	0	0	0	0	0	0	0	0	0	0	0	0	0	0	0	0	0	0	0	0	0	0	0	0	0	0	0	0	0	0	0	0	0	0	0	0	0	0	0	0	0	0	0	0	0	0	0	0	0	0	0	192	0	0	0	0	0	0	0	0	0	0	0	0	0	0	0	0	0	0	0	0	0	0	0	0	0	0	0	0	0	0	192	0	0	0	96	0	0	0	0	0	0	
0	0	0	0	0	0	0	0	0	0	0	0	0	0	0	0	0	0	0	0	0	0	0	0	48	0	0	0	0	0	0	0	48	0	0	0	0	0	0	0	0	0	0	0	0	0	0	0	0	0	0	0	0	0	0	0	0	192	0	0	0	0	0	0	0	0	0	0	0	0	0	0	0	0	0	0	0	0	0	0	0	0	0	0	0	0	0	0	0	48	0	0	0	0	0	0	0	0	0	0	
0	0	0	0	0	0	0	0	0	0	0	0	0	0	0	0	0	0	0	0	0	0	0	0	0	0	0	0	0	0	0	0	0	0	0	0	0	0	0	0	0	0	0	0	0	0	0	0	0	0	0	0	0	0	0	0	0	0	0	0	0	0	0	0	0	0	0	500	0	0	0	0	0	0	0	0	0	0	0	0	0	0	0	0	0	0	0	0	0	0	0	0	0	0	192	0	96	0	0	0	
0	0	0	0	0	0	0	0	0	0	0	0	0	0	0	0	0	0	0	0	0	0	0	0	0	0	0	0	0	0	0	0	0	0	0	0	0	0	0	0	0	0	0	0	0	0	0	0	0	0	0	0	0	0	0	0	0	0	0	0	0	0	0	0	0	0	0	0	0	0	96	0	0	0	0	0	0	0	0	0	0	0	0	500	0	0	0	0	0	0	0	0	0	0	0	0	48	0	0	48	
0	0	0	0	0	0	0	0	0	0	0	0	0	0	0	0	0	48	0	0	0	0	0	0	0	0	0	0	0	0	0	0	0	0	0	0	0	0	0	0	0	0	0	0	0	0	0	0	0	0	0	0	0	0	0	0	0	0	0	0	0	0	0	0	0	0	0	0	0	0	0	0	0	0	0	0	0	500	0	0	0	0	0	0	0	0	0	0	0	0	0	0	0	0	0	0	0	0	0	0	
0	0	0	0	0	0	0	0	0	0	0	0	0	0	0	0	0	0	0	0	0	0	0	0	0	0	0	0	0	0	0	0	0	0	0	96	0	0	0	0	0	0	0	0	0	0	0	0	0	0	0	0	0	0	500	0	0	0	0	0	0	0	0	0	0	0	0	0	0	0	0	0	0	0	0	0	0	0	0	0	0	0	0	0	0	0	0	0	0	0	0	0	0	0	0	0	0	0	0	0	
0	0	0	0	0	0	0	0	0	0	0	0	0	0	96	0	0	0	0	0	0	0	0	0	0	0	0	96	0	0	0	0	0	0	0	0	0	0	0	0	0	0	0	0	0	0	0	0	0	0	0	0	0	0	0	0	0	0	0	0	0	0	0	0	0	0	0	0	0	0	0	0	0	0	0	0	0	0	0	0	0	0	0	0	0	0	0	0	0	0	0	0	0	0	0	0	0	0	0	0	
0	0	0	0	0	0	0	0	0	0	0	0	0	0	0	0	0	0	0	0	0	0	0	0	0	0	0	0	0	0	0	0	0	0	0	0	0	0	0	0	0	0	48	0	0	0	0	0	0	0	0	0	0	0	0	0	0	0	0	0	0	0	0	0	0	192	0	0	0	0	0	0	0	0	0	0	0	0	0	96	0	0	0	0	0	0	0	500	0	0	0	500	0	0	0	0	0	0	0	0	
0	0	0	0	0	192	0	0	0	0	0	0	0	0	0	0	0	0	0	0	0	0	0	0	0	0	0	0	0	0	0	0	0	0	96	0	192	0	0	0	0	0	48	0	0	0	0	0	0	0	0	0	0	0	0	0	0	0	0	0	0	0	0	0	192	0	0	0	0	0	0	0	0	0	0	0	0	0	0	0	0	0	0	0	0	0	0	0	0	0	0	0	0	0	0	0	0	0	0	0	
0	0	0	0	0	0	0	0	0	0	0	0	0	0	0	0	0	0	0	0	0	0	0	0	0	0	0	0	0	0	0	0	0	0	0	0	0	0	0	0	0	0	0	500	0	0	0	0	0	0	0	500	0	0	0	0	0	0	0	0	0	0	0	0	0	0	0	0	0	0	0	0	0	0	0	0	0	0	0	0	0	0	0	0	0	0	0	0	0	0	0	0	0	0	0	0	0	0	0	0	
0	0	0	0	0	0	0	0	0	0	0	0	0	0	0	0	0	0	0	0	0	0	0	0	0	0	0	0	0	0	0	0	0	0	0	0	0	0	0	48	0	0	0	0	0	0	0	0	0	0	0	0	0	0	0	0	0	0	0	500	0	0	0	0	0	0	0	0	0	0	0	0	0	0	0	0	0	0	0	0	0	0	0	0	0	0	0	0	0	0	0	0	0	0	0	0	0	0	0	0	
0	0	192	0	0	0	0	0	0	0	0	0	0	0	0	0	0	0	0	0	0	0	0	0	0	0	0	0	0	0	0	0	0	0	0	0	0	0	0	0	0	0	0	0	0	0	0	0	0	0	0	0	0	0	0	0	0	0	0	0	0	0	0	0	0	0	0	0	0	0	96	0	0	0	0	0	0	0	0	0	0	0	0	0	0	0	48	0	0	0	0	0	0	48	0	0	0	0	0	0	
0	0	0	0	0	0	0	0	0	0	0	0	0	0	0	0	0	0	0	0	0	0	0	0	0	0	0	0	0	0	0	0	0	0	0	0	0	0	0	0	0	0	0	0	0	0	0	0	0	0	0	0	0	0	0	0	0	0	0	0	0	0	0	0	0	0	0	0	0	0	0	0	0	0	0	0	0	0	0	0	0	0	0	96	0	0	0	0	0	0	0	0	0	0	0	0	0	0	0	96	
0	0	0	0	0	0	0	0	0	0	0	0	0	0	0	0	0	0	0	0	0	0	0	0	0	0	0	0	0	0	0	0	0	0	0	0	0	0	0	0	0	0	0	0	0	0	0	0	0	0	0	0	0	0	0	0	0	0	0	0	96	0	0	0	0	0	0	0	96	0	0	0	0	0	0	0	0	0	0	0	0	0	0	0	0	0	0	0	0	0	0	0	0	0	0	0	0	0	0	0	
0	0	0	500	0	0	0	0	0	0	0	0	0	0	0	0	0	0	0	0	0	0	0	0	0	0	0	0	0	0	0	0	0	0	0	0	0	0	192	0	0	0	0	0	0	0	0	0	0	0	0	0	0	0	0	0	0	0	0	0	0	0	0	0	0	0	0	0	0	0	0	0	0	0	0	0	0	0	0	0	0	0	0	0	0	0	0	0	0	0	0	0	0	0	0	0	0	0	0	0	
0	0	0	0	0	0	0	0	0	0	0	0	0	0	0	0	0	0	0	0	192	0	0	0	0	0	0	0	0	0	0	0	0	0	0	0	0	0	0	0	0	0	0	0	0	0	0	0	0	0	0	0	0	0	0	0	0	0	0	0	0	0	0	0	0	0	0	0	0	0	0	0	0	48	0	0	0	0	0	0	0	0	0	0	0	0	0	0	0	0	0	0	0	0	0	0	0	0	96	0	
0	0	0	0	0	0	0	0	0	0	0	0	0	0	0	0	0	0	0	0	48	0	0	0	0	0	0	0	0	0	0	0	0	0	0	0	0	0	0	0	0	0	0	0	0	0	0	0	0	0	0	0	0	0	0	0	500	0	0	0	0	0	0	0	0	0	0	0	0	0	0	0	48	0	192	0	0	0	0	0	0	0	0	0	0	0	0	0	0	0	0	0	0	0	0	0	0	0	0	0	
0	500	0	0	0	0	0	0	0	0	0	0	0	0	0	0	0	0	0	0	0	0	0	0	0	0	0	0	0	0	0	0	0	0	0	0	0	500	0	0	0	0	0	0	0	0	0	0	0	0	0	0	0	0	0	0	0	0	0	0	0	0	0	0	0	0	0	0	0	0	0	0	0	192	0	0	0	0	0	0	0	0	0	0	0	0	0	0	0	0	0	0	0	0	0	0	0	0	0	0	
500	48	0	0	0	0	0	0	0	0	0	192	0	0	0	0	0	0	0	0	0	0	0	0	0	0	0	0	0	0	0	0	0	0	0	0	0	0	0	0	0	0	0	0	0	0	0	0	0	0	0	0	0	0	0	0	0	0	0	0	0	0	0	0	0	0	0	0	0	0	0	0	0	0	0	0	0	0	0	0	0	0	0	0	0	0	0	0	0	0	0	0	0	0	0	0	0	0	0	0	
0	0	0	0	0	0	0	0	0	0	0	0	0	0	0	0	0	0	0	0	0	0	48	0	0	0	0	0	0	0	0	0	0	192	0	0	0	0	0	0	0	0	0	0	0	0	0	0	0	0	0	0	0	0	0	0	0	0	0	0	0	0	0	0	0	0	0	0	0	0	0	0	0	0	0	0	0	0	0	0	0	0	0	0	0	0	0	0	0	0	0	0	0	0	0	0	0	0	0	0	
0	0	0	0	0	0	0	0	0	0	0	0	0	0	0	0	0	0	0	0	0	0	0	0	0	0	0	0	0	0	0	0	48	0	0	0	0	0	0	0	0	0	0	0	0	0	0	0	0	0	0	0	0	0	0	0	0	0	0	0	0	500	0	0	0	0	0	0	0	0	0	0	0	0	0	0	0	0	0	0	0	0	0	0	0	0	0	0	0	0	0	0	0	0	0	0	0	0	0	0	
0	0	0	0	0	0	0	0	0	0	0	0	0	0	0	0	0	0	0	0	0	0	0	0	0	0	0	0	0	0	0	0	0	0	0	0	0	0	0	0	0	0	0	0	0	192	0	0	0	192	0	0	0	0	0	0	0	0	0	0	0	0	0	0	0	0	0	0	0	0	0	0	0	0	0	0	0	0	0	0	0	0	0	0	0	0	0	0	0	0	0	0	0	0	0	0	0	0	0	0	
0	0	0	0	0	0	0	0	0	0	500	0	0	0	0	0	0	0	500	0	0	0	0	0	0	0	0	0	0	0	0	0	0	0	0	0	0	0	0	0	0	0	0	0	0	0	0	0	0	0	0	0	0	0	0	0	0	0	0	0	0	0	0	0	96	0	0	0	0	0	0	0	0	0	0	0	0	0	0	0	0	0	0	0	0	0	0	48	0	0	0	0	500	0	0	0	0	0	0	0	
0	0	0	0	0	0	0	0	0	0	0	0	0	0	0	0	0	0	0	0	0	0	0	0	0	0	0	0	0	0	0	0	0	0	0	0	0	0	0	0	0	500	0	0	0	0	0	0	0	0	0	0	0	0	0	0	0	0	0	0	0	0	0	0	0	0	0	0	0	0	0	0	0	0	0	0	0	0	0	0	0	0	0	0	0	0	0	0	0	0	0	0	48	0	0	0	0	0	0	0	
96	0	0	0	0	0	0	0	0	0	192	0	0	0	0	0	0	0	96	0	0	0	0	0	0	0	0	0	0	0	0	0	0	0	0	0	0	0	0	0	0	0	0	0	0	0	0	0	0	0	0	0	0	0	0	0	0	0	0	0	0	0	0	0	0	0	0	0	0	0	0	0	0	0	0	0	0	0	0	0	0	0	0	0	0	0	0	0	0	0	0	0	0	0	0	0	0	0	0	0	
0	0	0	0	0	0	0	0	0	0	0	0	0	0	0	0	0	0	0	0	0	0	0	0	0	0	0	0	0	0	0	0	0	0	192	0	0	0	0	0	0	0	192	0	0	0	0	0	0	0	0	0	0	0	0	0	0	0	0	0	0	0	0	0	0	0	0	0	0	0	0	0	0	0	0	0	0	0	0	0	0	0	0	0	0	0	0	0	0	0	0	0	0	0	0	0	0	0	0	0	
0	0	0	0	0	0	0	0	0	0	0	0	0	0	0	0	0	0	0	0	0	0	0	96	0	0	0	0	0	0	0	0	0	0	0	0	0	0	0	0	0	0	0	0	0	0	0	0	0	0	0	0	0	0	0	0	0	0	0	0	500	0	0	0	0	0	0	0	0	96	0	0	0	0	0	0	0	0	0	0	0	0	0	0	0	0	0	48	0	0	0	0	0	0	0	0	0	0	0	500	
0	0	0	0	0	0	0	0	192	48	0	0	0	0	0	0	0	0	0	0	0	0	0	0	0	0	0	0	0	0	0	0	0	0	0	0	0	0	0	0	0	0	0	0	0	0	0	0	0	0	0	0	0	500	0	0	0	0	0	0	0	0	0	0	0	0	0	0	0	0	0	0	0	0	0	0	0	0	0	0	0	0	0	0	0	0	0	0	0	0	0	0	0	0	0	0	0	0	0	0	
0	0	0	0	0	0	0	0	0	0	0	0	0	0	0	0	0	0	0	0	0	0	0	0	0	0	0	0	0	0	0	0	0	0	0	0	0	0	0	0	0	96	0	0	0	0	0	0	0	0	0	0	0	0	0	0	0	0	0	0	0	0	0	0	0	0	0	0	0	0	0	0	0	0	0	0	0	0	0	0	0	0	0	0	0	0	0	0	0	0	0	0	0	0	0	192	0	0	0	0	
0	0	0	0	0	0	0	0	0	0	0	0	0	0	0	0	0	0	0	0	0	0	0	0	0	0	0	0	0	0	0	0	0	0	0	0	0	0	0	0	0	0	0	96	0	0	0	0	0	0	0	0	0	0	0	0	0	0	0	0	0	0	0	0	0	0	0	0	48	0	0	0	0	0	0	0	0	0	0	0	0	0	0	0	0	0	0	0	0	0	0	0	0	0	0	0	0	0	0	0	
0	0	0	0	0	0	0	0	0	0	0	0	0	0	0	0	0	0	0	0	0	0	0	0	0	0	0	0	0	0	0	0	0	0	0	0	0	0	0	0	0	0	500	0	0	0	0	0	0	0	96	0	0	0	0	0	0	0	0	0	0	0	0	0	500	0	0	0	0	0	0	0	0	0	0	0	0	0	0	48	0	0	0	48	0	0	0	0	0	0	0	0	0	0	0	0	0	0	0	0	
0	0	0	0	0	0	0	0	0	0	0	0	0	0	0	0	0	0	0	0	0	0	0	0	0	0	500	0	0	0	0	96	0	0	0	0	0	0	0	0	0	0	0	0	0	0	0	0	0	0	0	0	0	0	0	0	0	0	0	0	0	0	0	0	0	0	0	0	0	0	0	0	0	0	0	0	0	0	0	0	0	0	0	0	0	0	0	0	0	0	0	0	0	0	0	0	0	0	0	0	
0	0	0	0	0	0	0	0	0	0	0	0	0	0	0	0	0	0	0	0	0	0	0	0	48	0	0	0	0	0	0	0	0	0	0	0	0	0	0	0	0	0	0	0	0	0	0	0	0	0	0	0	500	0	0	0	0	192	48	0	0	0	0	0	0	0	0	0	0	0	0	0	0	0	0	0	0	0	0	0	0	0	0	0	0	0	0	0	0	0	0	0	0	0	0	0	0	0	0	0	
0	0	0	0	0	500	0	0	0	0	0	0	0	0	0	0	0	0	0	0	0	0	0	0	0	0	0	0	0	0	0	0	0	0	0	0	0	0	0	0	0	0	0	0	0	0	0	0	0	0	0	0	0	0	500	0	0	0	0	0	0	0	0	0	0	0	0	0	0	0	0	0	0	0	0	0	0	0	0	0	0	0	0	0	0	0	0	0	0	0	0	0	0	0	0	0	0	0	0	0	
0	0	0	0	0	0	0	0	0	0	96	0	0	0	0	0	0	0	0	0	0	0	0	0	0	0	0	0	0	0	0	0	0	0	0	0	0	0	0	0	0	0	0	0	0	0	0	0	0	0	192	0	0	0	0	0	0	0	0	0	0	0	0	0	500	0	0	0	0	0	0	0	0	0	0	0	0	0	0	0	0	0	0	0	0	0	0	0	0	0	0	0	0	0	0	0	0	0	0	0	
0	0	0	0	0	192	0	0	0	0	0	0	0	0	0	0	0	0	0	0	0	0	0	0	0	0	0	0	0	0	0	0	0	0	0	0	0	0	0	0	0	0	0	0	0	0	0	0	0	0	0	0	0	0	0	0	0	0	0	0	0	0	0	0	0	0	0	0	0	0	0	0	0	0	0	0	0	0	0	500	48	0	0	0	0	0	0	0	0	0	0	0	0	0	0	192	0	0	0	0	
0	0	0	0	0	0	0	0	0	0	0	0	0	0	0	0	0	0	0	0	0	0	0	0	0	0	0	0	0	0	0	0	0	0	0	0	0	0	0	0	0	0	0	500	0	0	0	0	0	0	0	0	0	0	0	0	0	96	0	0	0	0	0	0	0	0	0	0	48	0	0	0	0	0	0	0	0	0	0	0	0	0	0	0	0	0	0	0	0	0	0	0	0	0	0	0	0	0	0	0	
0	0	0	0	0	0	0	0	0	0	0	0	0	0	0	0	0	0	0	0	0	0	0	0	0	0	0	0	0	0	0	0	0	0	0	0	0	0	0	48	0	0	0	0	0	0	0	0	0	0	0	0	0	0	0	0	0	0	0	192	0	0	0	0	0	0	0	0	0	0	0	0	0	0	0	0	0	0	0	0	0	0	0	0	0	0	0	0	0	0	0	0	0	0	0	0	0	0	0	0	
0	0	0	0	0	0	0	0	0	0	0	0	0	0	0	0	0	0	0	0	0	500	0	0	0	0	0	0	0	0	0	0	0	0	0	0	0	0	0	0	0	0	0	0	0	0	192	0	0	0	0	0	192	0	0	0	0	0	0	0	0	0	0	0	0	0	0	0	0	0	0	0	0	0	0	0	0	0	0	0	0	0	0	0	0	192	0	0	0	0	0	0	192	0	0	0	0	0	0	0	
0	0	0	0	0	0	0	0	0	0	0	0	0	0	0	0	0	0	0	0	0	0	0	0	0	0	0	192	0	0	0	0	0	0	0	0	0	0	0	0	0	0	0	0	96	0	0	0	0	500	0	0	0	0	0	0	0	0	0	96	48	0	0	0	0	0	0	0	0	0	0	0	0	0	0	0	0	0	0	0	0	0	0	0	0	0	0	0	0	0	0	0	0	0	0	0	0	0	0	0	
0	0	0	0	0	0	0	0	0	0	0	0	0	0	0	0	0	0	0	0	0	0	0	0	0	0	0	0	0	0	0	0	0	0	0	0	0	0	0	0	0	0	0	0	0	0	96	0	0	0	0	0	500	0	0	0	0	0	0	0	0	0	0	0	0	0	0	0	0	0	0	0	0	0	0	0	0	0	0	0	0	0	0	0	0	0	0	0	0	0	0	0	0	0	0	0	0	0	0	0	
0	0	0	0	0	0	0	0	0	0	0	0	0	96	0	0	0	0	0	0	0	0	0	0	0	0	0	0	0	0	0	0	0	0	0	0	0	0	0	0	0	0	0	0	0	0	0	0	0	0	0	0	0	0	0	0	0	0	0	0	0	0	0	0	0	0	0	0	0	0	0	0	96	0	0	0	0	0	0	0	0	0	0	0	0	0	0	0	0	0	0	0	0	0	0	0	0	0	0	0	
0	0	0	0	0	0	0	0	0	0	0	0	0	0	0	0	0	0	0	0	0	0	0	0	0	0	0	0	0	0	0	0	0	0	0	0	0	0	0	0	0	0	0	0	0	0	0	0	0	0	0	0	0	500	0	0	0	0	0	0	48	0	0	0	0	0	0	0	0	96	0	0	0	0	0	0	0	0	0	0	0	0	0	500	0	0	0	0	0	0	0	0	0	0	0	0	0	0	0	0	
70	26	51	42	58	76	24	3	45	84	69	71	34	90	36	0	75	35	41	62	14	40	50	35	66	50	22	48	33	83	65	85	47	74	65	40	19	86	13	94	77	59	10	55	89	22	80	49	66	0	52	85	83	70	72	79	50	30	80	61	32	20	25	20	90	24	73	88	93	97	28	47	2	31	68	45	46	39	97	76	29	39	56	21	58	90	3	64	4	79	90	75	25	97	42	79	46	87	9	76	32	53	36	88	72	8	46	0	55	22	58	72	17	62	57	94	57	42	79	18	10	72	53	51	31	28	89	87	3	39	75	66	88	30	36	11	3	2	46	11	1	45	29	33	47	78	87	32	65	72	32	1	22	19	73	47	66	20	96	73	77	56	37	16	45	72	34	42	83	89	35	8	4	17	81	83	37	64	50	95	67	86	98	37	23	30	82	92	49	16	0	27	20	14	32	56	55	87	28	75	28	46	16	82	48	50	14	49	4	98	78	75	81	30	13	91	0	83	84	10	66	62	69	78	52	25	29	8	70	87	56	36	90	47	23	61	18	52	63	25	37	53	42	32	93	46	77	17	3	21	48	97	68	33	40	87	88	96	94	69	74	48	16	51	21	5	59	36	32	36	62	38	18	10	8	94	53	80	26	44	50	51	72	77	6	73	11	76	50	73	97	64	19	46	46	15	74	28	55	37	7	8	14	80	64	43	47	52	47	70	28	0	27	19	93	79	66	89	19	10	21	31	4	19	57	25	12	19	31	60	17	87	31	13	87	11	64	30	59	36	25	98	51	77	85	68	79	61	99	27	33	45	85	14	52	28	72	61	84	25	45	77	11	81	53	95	49	58	32	45	12	69	73	2	63	67	43	73	98	16	56	30	51	78	62	98	10	85	84	30	28	23	0	23	7	13	59	63	35	47	22	65	74	47	9	64	0	98	51	80	86	72	23	74	78	31	36	59	44	48	9	76	82	11	16	74	4	42	66	27	79	73	84	71	13	94	87	22	62	98	95	95	43	21	51	2	82	1	58	9	24	11	99	43	12	11	9	75	5	27	26	96	84	28	71	33	33	6	21	90	85	23	93	64	6	92	92	24	64	81	14	56	16	35	74	39	20	53	99	0	12	30	59	82	50	4	68	32	66	7	65	10	37	37	64	98	41	75	29	51	90	61	23	75	89	13	50	8	8	95	38	26	92	42	82	94	80	96	25	45	48	25	69	24	86	64	91	36	17	31	16	91	65	70	1	48	48	35	47	62	10	31	42	97	80	90	45	74	8	30	27	78	14	20	86	42	68	64	60	92	2	20	36	55	21	69	0	46	55	67	81	41	28	20	31	57	46	36	69	67	69	33	95	44	98	84	69	10	15	65	57	40	64	70	8	21	63	16	40	49	84	63	40	89	32	89	89	14	57	71	70	81	99	97	11	20	71	45	0	34	99	59	32	26	39	5	18	96	57	4	36	65	33	53	40	18	20	32	69	12	80	22	0	61	98	50	60	80	65	95	65	28	52	74	3	57	96	54	17	92	36	61	10	6	39	95	32	36	30	7	21	27	85	83	80	17	1	84	63	2	48	94	82	98	10	34	56	44	1	75	89	16	73	80	45	12	35	82	70	19	29	76	30	71	7	13	24	90	78	26	2	96	24	70	37	22	41	35	10	97	55	29	85	82	98	19	93	62	91	11	37	79	52	65	48	53	13	39	53	92	96	70	62	71	93	14	12	10	81	1	80	59	62	76	91	65	16	39	38	98	41	4	85	24	1	0	27	15	5	55	83	32	23	75	96	72	91	88	97	40	30	29	88	73	90	8	26	41	27	69	32	31	19	91	66	98	42	7	83	34	18	52	34	20	26	1	22	73	18	51	38	54	24	41	16	17	39	54	41	85	0	99	26	5	94	62	32	45	13	48	4	54	87	25	59	33	43	8	57	19	10	63	57	94	63	66	18	65	45	4	86	11	69	22	74	60	3	47	67	41	80	82	74	51	14	68	40	47	41	55	22	87	34	84	36	38	51	64	77	63	77	19	16	58	3	35	59	76	44	36	55	94	13	0	77	1	66	72	62	7	20	4	31	19	92	74	97	96	20	95	44	86	1	27	79	6	2	60	65	61	55	90	16	84	78	32	65	48	46	65	45	87	15	14	5	93	87	25	22	78	74	51	41	9	86	20	94	62	71	26	12	59	34	70	34	51	13	36	22	36	88	6	74	64	64	77	97	51	87	65	97	26	81	92	14	46	68	58	47	4	8	94	52	45	86	2	61	7	16	38	68	74	26	57	31	82	66	21	21	2	92	54	72	50	41	46	53	72	47	2	57	43	50	22	0	97	12	12	49	28	25	32	88	72	30	9	37	18	57	5	98	91	38	84	0	96	90	5	41	94	59	10	39	87	98	35	78	58	78	94	82	58	6	80	32	39	35	21	76	14	37	23	81	60	93	83	66	70	96	29	29	58	72	43	47	79	86	97	1	72	22	74	44	5	97	4	85	19	40	23	0	47	41	2	52	54	57	43	88	18	27	78	35	6	55	93	0	97	83	33	57	15	42	78	55	13	28	2	99	56	83	6	94	61	7	34	96	82	2	24	84	14	19	80	77	84	42	56	82	52	57	1	62	63	75	68	99	26	5	65	58	58	31	29	76	33	66	79	66	18	92	86	72	4	73	59	9	99	34	56	76	84	45	62	36	60	58	2	28	20	26	84	82	37	51	54	63	37	22	96	80	43	98	89	38	30	23	43	13	94	67	22	68	4	45	77	94	14	21	73	26	39	97	57	55	1	81	40	7	18	42	15	55	98	54	60	32	2	38	92	43	47	9	44	45	90	26	72	58	4	70	42	13	91	48	6	29	63	52	14	28	52	28	59	12	25	95	25	8	62	18	66	50	0	60	51	22	17	93	72	11	72	71	35	73	88	17	61	88	29	35	2	43	84	15	56	33	70	89	11	48	56	67	25	17	99	25	67	21	97	44	6	5	61	25	46	90	38	39	80	52	44	64	31	70	88	39	34	3	7	4	78	38	90	53	62	30	51	2	56	57	69	80	0	24	83	69	1	16	53	13	57	37	52	74	60	94	41	32	16	43	81	76	86	96	46	76	35	7	99	28	75	82	15	5	11	88	78	69	94	3	41	77	50	96	61	32	83	67	87	97	64	35	1	73	95	76	94	4	41	2	89	3	18	15	74	88	4	81	26	95	15	3	46	97	89	79	83	8	27	74	71	4	73	32	77	95	29	92	84	41	36	30	96	31	10	42	58	27	1	86	67	81	61	0	12	75	33	7	26	37	83	33	67	20	67	19	86	46	52	65	86	87	16	10	95	44	47	46	10	27	31	57	12	28	25	46	47	13	5	28	2	86	81	61	52	45	6	46	5	58	88	80	82	10	5	28	32	78	53	78	72	20	86	13	71	41	97	25	63	13	3	30	19	57	12	78	2	82	17	66	8	34	97	87	78	78	99	34	81	70	56	92	55	43	27	70	55	50	75	56	68	9	17	29	22	85	3	68	61	33	94	32	41	44	39	72	88	27	90	82	88	86	17	71	2	30	80	80	40	93	81	57	74	3	41	45	85	5	80	16	74	65	96	58	46	87	74	53	50	25	38	54	28	27	94	35	23	50	38	95	2	36	77	47	89	97	69	62	53	19	38	8	15	14	83	33	0	99	30	16	78	40	3	4	76	29	80	99	29	4	94	66	85	16	57	78	57	25	95	32	2	93	69	93	61	48	83	6	80	48	99	43	14	40	45	83	46	60	35	85	28	26	42	79	97	2	78	66	22	21	9	39	76	65	64	91	56	34	20	63	28	2	73	88	68	93	56	6	77	56	87	76	63	85	75	85	50	92	37	31	92	23	41	35	83	2	21	54	77	42	89	89	21	97	79	69	82	67	64	63	48	17	97	23	12	49	54	36	19	24	92	57	11	97	82	41	3	3	63	67	66	39	16	69	4	33	79	4	34	66	29	36	1	12	87	80	18	55	37	16	82	32	69	96	23	45	27	3	76	74	17	80	32	61	28	53	83	46	32	43	34	22	43	43	46	75	54	30	57	69	17	9	82	49	62	0	72	1	34	10	47	82	45	78	87	75	85	94	71	4	98	8	24	71	34	71	29	43	90	57	72	92	23	2	95	48	65	53	98	35	97	78	26	58	38	13	8	83	79	77	45	74	69	13	82	81	94	35	89	48	55	80	41	60	13	13	65	59	68	7	81	13	10	27	54	76	23	6	69	20	37	20	79	26	5	11	50	20	83	57	5	26	41	53	39	42	80	93	0	52	68	14	29	73	99	9	43	67	94	71	15	22	53	8	19	27	34	55	38	24	62	51	19	13	45	91	78	72	84	26	12	29	58	58	18	13	90	40	69	34	10	61	22	89	54	58	39	13	48	95	24	61	89	7	9	78	89	13	97	51	54	32	77	91	28	91	60	71	77	72	8	11	98	28	67	56	32	24	16	52	7	17	50	31	93	72	85	19	2	5	78	16	80	95	70	7	8	97	31	14	54	25	4	1	52	24	60	25	47	87	63	12	71	71	26	38	98	33	22	41	44	50	60	65	23	98	69	43	56	96	39	9	12	15	1	71	31	66	10	31	58	4	18	61	68	11	94	14	32	8	63	76	7	36	55	35	12	63	85	5	66	72	96	26	46	62	7	23	94	40	93	42	27	89	62	67	22	19	0	63	23	15	86	28	20	78	6	62	69	73	26	23	96	9	78	99	82	50	67	92	35	63	22	93	81	27	36	66	29	49	18	53	27	72	2	97	73	62	55	47	23	12	36	34	75	27	61	30	46	32	23	45	49	55	71	86	44	39	18	58	13	51	94	84	8	65	50	19	95	7	81	56	35	0	91	75	96	10	89	21	32	58	52	20	27	0	49	88	44	7	50	78	1	11	34	92	90	44	44	63	78	64	24	26	63	21	3	76	85	42	38	6	66	13	30	16	63	83	68	35	40	84	42	96	55	79	52	45	33	96	26	95	14	51	63	26	68	26	11	11	68	43	84	19	42	81	1	0	16	54	5	95	26	23	71	79	66	9	22	79	65	36	6	84	99	87	40	22	43	1	29	10	39	97	39	30	87	82	41	10	81	66	34	35	29	6	14	95	62	83	22	26	78	86	59	98	26	24	66	83	14	97	32	10	92	56	43	73	92	68	94	80	16	71	0	93	9	18	13	80	35	54	26	58	32	28	96	73	53	77	17	77	74	66	64	80	17	4	76	18	19	55	68	44	84	53	79	68	58	48	45	34	45	75	48	7	55	16	95	9	41	68	36	41	51	92	33	86	11	93	46	63	94	63	44	37	41	33	16	28	35	42	87	61	20	28	94	9	71	33	31	10	82	80	33	41	38	27	83	66	99	7	29	14	43	76	60	94	82	57	85	8	70	21	49	93	52	67	42	32	76	30	47	9	4	64	51	78	93	22	26	18	39	65	37	1	92	46	61	85	1	14	63	46	54	38	40	66	69	42	2	45	62	93	21	8	68	6	34	56	45	63	2	79	29	53	78	30	71	57	59	9	89	88	94	73	47	75	5	16	95	7	52	14	21	8	27	8	64	93	25	8	19	69	22	18	91	22	96	67	2	30	94	69	41	32	23	25	9	85	18	42	58	76	66	44	82	25	11	77	21	73	66	4	9	56	64	33	87	56	35	14	15	47	78	99	51	28	56	5	0	21	57	82	18	71	90	67	3	63	48	51	31	97	36	9	40	76	71	98	43	75	3	5	1	93	87	2	78	29	38	79	11	65	32	3	35	42	30	51	45	5	81	98	54	87	43	28	9	49	51	75	85	95	44	42	87	20	65	77	13	87	13	18	40	70	20	73	69	7	0	0	0	73	56	87	18	26	62	95	38	91	16	69	75	68	2	96	35	48	21	62	86	86	90	54	78	21	30	60	12	52	74	82	28	81	11	52	16	65	7	43	88	21	74	49	70	14	53	30	35	93	65	24	56	79	79	91	17	36	72	32	91	95	30	29	57	51	28	94	6	90	53	76	56	25	69	81	99	49	41	50	49	7	6	62	14	48	57	28	17	0	23	25	0	86	42	13	79	65	14	81	81	52	8	27	64	54	45	35	20	93	74	22	35	42	88	82	90	14	0	35	5	98	60	39	66	11	23	66	22	9	12	49	37	35	83	66	73	92	77	45	95	62	64	48	23	50	55	83	75	61	53	47	43	48	57	78	81	88	82	24	10	2	0	66	66	58	56	26	11	59	43	12	82	44	19	30	3	83	83	0	28	41	90	32	22	68	28	74	73	70	61	55	39	95	21	0	61	7	2	43	71	71	86	5	43	55	51	70	37	57	48	35	11	39	56	57	2	76	79	30	66	6	6	95	1	6	50	88	48	33	65	54	11	79	82	58	68	47	68	34	84	25	94	23	51	5	59	60	43	25	55	48	56	50	23	44	88	85	33	60	20	19	20	89	92	5	7	9	86	72	14	60	3	73	65	99	39	92	12	72	72	32	33	63	35	52	26	70	96	54	76	89	5	19	45	53	43	64	73	88	58	14	65	46	88	50	70	97	69	84	21	97	15	15	55	75	95	98	21	77	49	28	93	7	63	84	51	15	86	44	88	0	6	93	33	98	65	8	51	19	36	34	99	3	67	27	98	20	32	6	54	97	75	26	59	50	86	98	45	73	18	93	63	46	96	25	58	46	96	67	85	67	63	92	54	89	52	85	7	34	70	26	67	34	66	34	49	
96	85	29	55	69	56	14	60	93	36	57	51	12	74	72	76	55	50	60	44	12	69	42	59	19	34	86	48	90	60	3	87	16	12	12	98	56	36	31	76	7	17	9	95	20	7	59	56	78	28	77	61	50	56	18	33	15	65	77	91	40	11	32	62	62	32	64	93	20	45	90	72	89	74	22	56	74	45	71	38	66	82	96	75	84	39	83	48	89	25	61	26	92	68	66	99	12	82	49	98	38	87	53	1	89	45	24	22	84	56	67	8	99	18	11	74	28	56	1	88	51	82	29	11	57	2	1	84	80	64	27	64	88	30	81	84	50	1	43	13	32	81	81	88	53	39	51	46	29	9	32	77	46	76	15	64	79	49	66	38	8	84	93	46	15	78	39	75	84	9	75	17	92	18	4	65	76	49	45	76	62	4	39	67	54	43	9	39	6	12	55	49	78	76	45	30	99	3	53	59	2	75	16	86	45	8	31	90	12	84	19	86	41	44	84	77	20	20	45	90	14	97	97	69	32	45	10	71	52	41	53	93	18	70	94	8	4	87	28	85	73	48	38	61	12	64	62	29	22	9	13	39	51	39	20	86	52	96	16	20	18	28	33	95	43	97	37	3	11	60	54	4	3	77	30	57	85	70	1	10	73	15	79	36	93	42	88	20	80	63	59	67	77	4	23	18	89	58	41	91	15	61	4	33	50	43	24	26	75	64	65	8	17	74	37	70	19	9	29	59	66	20	34	63	41	69	17	51	67	59	35	60	61	95	8	27	58	50	14	89	57	52	14	7	67	58	49	62	43	78	4	87	16	1	71	32	54	95	44	80	91	2	13	30	91	67	29	5	39	66	29	0	13	68	44	63	1	71	9	30	76	20	75	28	80	11	65	89	97	86	1	58	40	26	72	52	86	79	58	89	5	62	66	44	86	18	83	27	32	81	47	64	62	3	39	66	68	55	76	92	12	46	14	74	90	98	72	84	59	68	61	29	68	76	51	77	55	4	95	89	4	93	26	50	81	67	56	57	26	99	68	60	80	43	81	14	20	92	77	45	20	6	33	83	40	11	81	51	66	32	40	36	98	77	73	74	13	79	22	54	64	85	68	80	45	17	28	63	44	43	47	87	14	62	1	1	33	39	85	55	97	36	14	20	56	70	50	22	66	45	65	43	64	79	6	38	87	36	85	78	73	54	46	98	22	38	95	41	59	60	57	7	94	54	45	61	91	76	19	84	55	68	50	45	36	54	77	57	50	72	14	9	19	63	2	98	54	7	42	86	62	82	26	96	36	24	29	47	83	31	10	78	58	84	35	80	58	47	77	21	14	93	76	13	93	41	43	75	24	5	5	23	90	5	20	74	66	16	61	65	76	39	49	26	54	64	17	68	44	60	66	17	23	39	36	75	9	23	97	81	74	37	14	42	19	1	36	61	66	32	3	1	51	72	2	46	55	14	24	97	4	98	7	35	57	78	52	17	78	15	28	4	85	37	28	61	97	74	36	14	78	78	18	10	50	99	27	27	5	1	20	19	84	98	62	26	61	82	90	56	43	20	64	32	70	78	78	2	0	59	13	15	84	56	34	12	86	90	22	22	84	29	66	90	30	62	94	77	13	19	40	17	54	73	33	49	71	28	26	84	8	94	32	21	27	4	79	27	39	82	14	17	4	69	56	62	20	96	31	10	58	61	36	50	86	12	63	79	69	28	99	26	33	18	19	52	18	92	49	75	54	11	98	2	8	59	19	23	0	2	0	44	8	12	4	76	19	75	18	6	77	76	60	18	87	99	3	60	39	90	72	43	41	17	72	27	78	2	51	25	80	17	99	66	43	8	5	84	64	32	58	18	37	13	71	78	14	9	81	2	32	68	44	85	81	68	94	14	25	2	48	24	41	46	55	30	7	53	72	24	67	54	47	35	30	76	95	28	94	16	47	28	79	64	93	56	50	68	30	17	93	95	70	4	60	91	64	23	12	52	95	53	75	8	45	45	69	99	91	86	39	92	30	27	55	48	15	40	65	22	6	90	62	16	82	90	83	90	54	33	38	39	72	24	64	68	48	68	96	55	57	42	61	73	26	51	7	90	38	93	32	64	52	51	76	7	10	96	24	13	20	11	29	19	65	55	13	37	52	24	25	80	20	15	72	31	96	56	49	92	58	66	0	67	62	90	15	35	83	47	57	97	92	47	98	96	35	35	68	50	86	33	34	79	43	24	16	33	2	95	56	28	3	17	45	67	34	57	22	4	97	95	32	79	65	60	55	74	79	85	8	13	76	15	36	86	56	91	73	53	73	86	75	32	1	29	16	0	26	9	79	17	80	28	91	29	67	1	81	57	23	91	45	61	19	26	76	74	18	2	87	94	38	18	52	10	15	58	23	38	36	99	29	80	28	98	48	85	26	28	20	13	65	6	90	65	11	50	64	79	92	79	6	24	91	11	65	96	75	24	43	85	27	45	52	96	38	93	13	49	5	60	84	14	99	51	89	63	80	75	81	38	8	72	6	15	61	86	92	64	40	79	56	10	90	37	92	33	68	33	0	26	34	17	53	64	87	80	21	58	22	20	40	21	93	39	99	71	13	29	80	81	74	10	43	51	91	61	29	62	15	6	87	21	72	18	3	99	91	78	98	85	65	43	83	33	10	31	65	28	5	93	72	86	73	7	46	9	24	3	7	89	75	64	20	0	83	85	82	91	40	70	63	18	37	27	23	42	21	35	16	90	66	34	82	81	97	21	78	24	51	17	5	17	76	95	41	37	95	37	34	8	63	70	98	91	66	60	41	21	21	73	64	61	60	36	20	4	42	40	51	32	66	25	69	14	14	19	0	34	3	61	72	54	54	3	46	10	84	30	79	72	37	63	53	45	16	56	68	93	36	84	77	69	67	45	10	20	18	57	39	96	37	47	6	1	43	22	86	10	83	89	51	64	67	95	95	9	60	12	1	82	43	73	69	7	80	99	8	34	82	95	72	92	24	78	17	85	24	45	32	94	27	25	35	38	6	20	70	95	21	57	66	77	23	26	37	83	3	5	7	66	35	86	9	92	60	9	81	10	27	93	27	36	76	58	44	60	13	25	90	70	64	47	9	48	72	1	94	99	63	52	19	15	5	86	64	2	41	62	46	12	46	23	83	3	94	8	55	3	54	32	99	6	15	34	40	33	86	81	52	60	55	61	24	53	56	47	47	56	94	56	88	95	10	17	79	66	9	63	14	3	56	27	77	39	3	39	5	66	93	54	24	2	9	50	66	15	49	89	72	59	49	11	55	63	16	32	29	63	49	43	66	65	46	64	68	73	25	48	51	53	20	8	20	29	51	9	56	75	78	0	49	16	69	46	91	20	90	21	76	97	10	0	24	23	22	29	84	44	7	50	21	64	65	95	53	77	79	88	76	68	40	0	92	61	46	51	40	2	30	70	32	3	88	90	66	50	11	44	5	24	78	29	29	69	55	70	35	86	87	9	1	30	63	9	11	67	12	45	51	81	62	0	76	55	43	65	37	14	9	28	43	49	2	41	86	38	54	19	79	57	5	26	79	32	43	15	52	71	26	47	66	25	84	0	54	87	71	13	50	56	43	68	42	22	8	7	3	9	54	97	95	28	59	93	22	12	40	70	61	7	86	47	30	6	22	52	45	73	68	54	83	42	79	86	14	81	54	45	94	84	87	56	96	36	15	96	6	73	19	62	84	49	19	96	91	60	5	81	93	12	31	8	13	45	8	32	71	29	5	76	69	1	13	84	94	49	31	57	79	51	6	12	63	31	21	81	25	91	30	72	77	43	18	95	89	33	93	64	93	38	58	20	42	98	28	1	34	75	5	26	84	17	98	38	80	90	88	56	80	71	59	11	75	4	26	3	53	79	64	32	92	44	3	33	56	77	60	26	62	14	64	61	35	9	55	97	13	67	79	44	32	0	86	87	2	98	51	52	19	85	16	26	12	15	73	0	58	8	5	49	55	70	71	12	43	30	41	5	40	28	60	61	29	18	73	21	65	28	89	62	97	20	76	65	65	59	97	7	26	97	59	89	93	84	20	68	20	16	84	86	71	79	90	30	47	61	82	63	14	32	0	53	68	25	42	68	63	76	33	75	6	78	82	98	88	54	41	50	46	39	13	60	56	54	33	37	67	33	43	2	92	13	80	12	9	34	41	25	86	38	46	60	76	25	70	32	85	53	96	76	97	34	22	11	69	94	17	37	99	70	49	27	11	6	57	93	66	84	68	86	78	80	32	46	15	4	18	43	30	85	79	68	21	7	40	63	60	68	1	81	88	76	65	88	50	85	95	51	16	79	85	41	51	8	84	22	34	89	24	18	0	86	20	12	61	93	31	0	3	10	19	59	82	23	17	74	55	53	22	38	8	56	23	9	17	93	32	6	79	14	47	79	75	28	81	30	63	96	55	78	12	62	30	90	57	79	35	6	37	77	98	74	84	53	73	9	56	3	37	87	96	85	83	45	68	79	56	40	74	19	40	49	33	90	62	94	93	48	81	70	8	31	87	47	57	39	1	31	12	42	96	85	63	5	28	36	21	12	75	32	38	36	51	1	43	99	79	90	2	2	48	19	47	49	85	77	40	18	34	93	97	82	35	20	59	9	78	40	15	61	32	56	67	46	14	54	23	94	40	68	96	77	69	74	0	5	84	52	75	95	67	17	23	91	51	13	95	71	93	77	62	31	58	2	73	89	58	29	15	77	43	47	19	9	2	89	78	66	16	56	12	4	62	21	70	41	41	82	17	25	69	66	7	26	44	88	0	32	11	44	1	54	51	46	52	2	45	17	93	3	41	13	93	18	50	27	14	36	31	84	4	9	34	29	28	82	24	35	95	17	37	88	91	91	56	55	5	28	24	79	56	22	23	7	31	5	22	90	3	44	50	3	67	93	52	53	38	3	56	64	4	43	65	81	99	29	22	57	23	55	37	61	81	58	54	26	71	6	76	93	81	36	94	27	20	15	51	58	81	61	70	29	70	50	21	43	67	37	76	75	54	55	78	16	47	46	66	58	59	87	75	94	60	18	92	45	5	77	91	96	38	25	28	16	41	74	2	94	9	85	48	63	6	64	8	0	98	60	19	23	72	53	78	43	52	25	38	75	4	85	36	23	51	65	92	79	93	50	68	22	3	43	1	40	95	54	92	34	77	35	10	73	59	9	83	62	68	61	61	70	28	73	13	90	69	18	24	72	74	52	51	79	63	49	95	94	97	93	56	68	34	42	33	96	94	57	85	6	22	62	58	86	20	47	20	87	0	88	86	81	60	15	11	21	99	72	26	76	92	85	62	23	12	51	49	80	58	34	43	26	25	68	23	76	94	9	84	33	92	11	73	28	31	75	77	0	89	85	89	76	24	2	40	56	54	33	22	77	64	44	23	44	57	79	17	58	96	65	33	48	58	59	80	63	98	3	43	36	47	54	46	81	74	80	52	17	10	23	80	75	22	60	84	78	94	67	37	89	4	49	63	20	40	68	37	12	7	37	6	17	51	20	28	42	84	55	24	95	23	59	51	94	78	48	89	86	16	36	77	53	29	67	70	1	19	43	38	57	5	48	62	64	11	52	27	49	35	99	21	43	5	79	31	54	78	13	68	18	3	21	34	6	50	21	82	46	39	18	13	19	68	4	3	63	9	52	7	53	39	48	4	15	67	53	48	43	99	59	48	96	31	96	68	1	81	17	27	41	81	66	88	55	76	8	61	67	87	26	27	10	40	6	35	64	55	84	98	12	22	59	24	39	80	28	76	24	64	21	1	73	87	23	61	15	41	34	65	96	27	76	53	71	50	77	76	11	16	43	77	51	89	79	26	2	62	89	52	96	13	75	32	98	70	25	26	89	7	17	73	38	71	39	12	26	49	97	89	42	94	32	45	47	49	24	49	71	89	15	25	37	7	45	84	0	10	44	13	95	21	93	50	81	1	88	32	94	49	70	36	10	32	58	98	52	79	99	20	0	73	78	92	35	57	5	49	66	52	16	16	87	61	34	24	77	59	89	9	26	95	0	11	40	12	20	0	86	57	6	37	43	26	46	11	11	9	57	59	86	74	14	97	19	38	75	23	46	59	16	38	80	97	92	11	46	13	92	43	5	28	82	95	86	60	23	15	15	74	71	73	11	21	4	19	13	0	54	11	76	79	71	81	75	36	12	65	85	11	77	91	93	73	99	53	83	19	81	97	4	31	49	89	61	73	91	9	19	23	10	49	55	65	91	1	62	56	1	99	78	85	10	72	6	2	94	9	89	51	55	19	30	26	33	34	92	7	47	65	27	19	43	63	67	95	13	26	99	37	95	79	43	49	97	82	64	29	1	58	23	32	51	78	81	37	21	4	56	69	8	45	55	36	92	86	36	47	75	84	37	23	30	63	69	46	41	17	19	96	93	27	39	42	4	66	10	10	87	27	40	72	10	15	92	49	95	10	46	67	79	2	96	26	78	48	9	24	45	69	59	84	6	46	23	93	86	16	71	56	33	99	98	60	57	33	91	72	87	31	86	69	63	46	63	26	7	31	49	58	79	70	72	38	45	78	97	29	65	86	17	86	97	48	17	78	22	65	38	84	72	14	74	27	96	43	60	67	89	38	10	30	81	49	10	36	12	50	48	98	13	73	68	82	82	70	17	40	39	37	23	97	21	17	99	91	51	21	6	62	28	99	13	51	89	32	61	23	44	24	27	76	66	74	80	54	91	61	86	55	45	
30	23	23	37	21	38	22	33	27	26	37	23	23	30	29	33	39	22	31	33	26	39	27	25	22	37	40	35	29	20	36	28	27	20	33	32	33	24	38	25	39	38	36	36	38	26	21	37	20	28	25	28	32	40	34	20	22	38	24	40	35	24	26	37	30	39	40	29	23	21	25	35	22	29	20	35	39	33	34	24	38	36	38	38	35	39	23	29	40	39	40	26	36	28	20	31	20	24	29	36	27	33	37	21	21	25	31	34	35	40	29	37	26	36	20	38	26	34	25	40	35	21	34	26	39	40	24	28	34	33	22	39	27	38	31	28	36	35	32	29	37	39	21	27	22	31	23	26	22	38	33	26	38	32	38	21	28	32	31	27	25	23	38	38	39	32	40	32	23	37	28	39	24	40	39	37	27	32	21	40	29	32	31	28	38	25	37	39	26	36	23	22	29	32	39	28	37	32	29	36	24	35	26	22	28	40	32	39	37	36	40	23	39	29	33	32	29	27	37	32	40	34	30	34	30	35	32	22	24	29	39	40	21	26	25	31	23	23	28	21	26	35	35	39	24	32	23	34	29	20	30	29	33	30	21	36	22	31	24	36	29	35	32	24	38	28	29	29	25	33	26	31	40	23	35	39	22	23	27	32	23	36	22	29	27	27	23	36	21	36	31	40	20	30	36	22	28	29	32	25	30	20	31	28	30	21	32	25	29	21	32	36	24	23	31	26	32	31	21	25	21	36	28	24	28	29	28	29	28	36	38	25	39	36	27	34	34	39	36	38	38	31	35	24	25	20	24	22	29	40	21	35	35	39	34	35	26	33	22	24	33	37	33	30	27	35	35	21	34	24	34	30	20	34	29	24	23	25	25	29	33	33	22	36	20	23	32	39	25	33	37	29	25	24	37	20	39	24	33	32	39	23	39	23	36	22	32	24	40	20	27	36	28	25	35	31	29	33	29	31	33	20	38	36	20	20	33	29	20	33	25	39	37	33	27	23	35	27	32	39	23	37	36	29	21	32	40	32	35	39	36	31	24	32	29	27	34	29	36	39	28	25	27	22	29	30	40	26	26	23	23	39	36	40	28	28	22	24	35	34	27	36	20	26	30	31	38	23	28	37	29	29	40	31	20	24	34	32	23	38	39	29	30	34	34	37	33	35	20	38	39	23	36	31	34	24	30	21	35	22	39	24	40	26	28	35	33	30	32	36	33	31	21	29	34	30	39	34	32	31	30	25	24	28	36	40	35	38	35	22	27	27	20	37	27	39	22	34	36	28	32	39	23	35	36	33	27	28	40	21	21	20	33	22	30	35	21	33	35	29	39	27	39	38	37	39	34	27	26	38	36	40	22	38	27	22	30	25	25	30	25	22	24	25	34	27	21	31	22	35	20	30	31	30	23	21	35	39	35	29	27	31	25	22	26	30	21	36	36	37	38	27	25	35	39	27	39	23	32	23	36	21	30	36	29	27	25	31	38	36	34	22	20	31	34	33	40	20	26	39	39	22	38	34	20	28	33	25	32	21	32	40	21	24	37	34	25	27	23	21	28	26	38	40	37	27	29	37	23	31	34	28	22	36	22	26	28	28	29	26	28	24	28	34	21	26	31	37	38	37	24	33	34	27	38	26	23	31	30	22	34	21	21	22	23	39	33	23	21	30	36	40	29	38	31	26	20	26	40	40	34	24	32	26	25	22	20	39	37	26	28	23	39	26	37	30	35	28	34	24	25	32	30	37	24	29	21	36	25	40	21	21	37	21	20	34	22	23	30	22	38	24	36	25	29	38	31	24	29	29	23	31	33	32	25	20	36	33	38	33	39	25	28	25	34	32	34	39	23	34	33	31	30	27	25	24	39	25	37	39	24	27	21	24	21	25	40	22	25	37	38	29	22	31	38	23	36	32	31	20	28	23	28	32	21	27	21	26	36	34	39	29	24	35	33	39	24	30	39	24	22	39	22	31	26	31	31	28	29	33	39	25	40	37	27	28	27	26	23	32	32	21	29	34	33	33	38	33	34	23	28	33	28	37	35	36	32	33	26	22	31	39	20	33	20	22	29	37	38	37	38	22	33	36	28	35	23	31	25	21	28	23	25	22	27	34	28	27	35	36	35	25	31	20	30	34	39	27	33	34	20	28	37	31	22	22	33	31	33	26	32	38	40	25	39	40	26	34	28	20	38	35	23	40	37	40	33	33	24	27	39	25	39	38	30	31	36	31	23	24	22	28	40	30	34	27	38	26	40	27	28	22	27	37	35	30	31	30	27	30	25	32	36	40	20	22	25	31	37	26	32	28	20	30	29	25	23	35	23	34	40	25	24	28	36	22	25	37	29	33	32	20	37	26	32	22	35	27	21	36	31	25	36	36	39	40	38	30	34	36	34	24	33	31	30	29	30	23	38	22	39	40	34	32	29	26	39	34	38	21	22	28	30	25	22	36	22	35	26	39	22	28	40	40	21	35	39	36	25	39	39	26	38	21	37	30	22	31	35	37	37	29	23	28	34	23	37	34	28	33	32	24	38	37	29	31	22	35	28	32	31	28	40	36	25	35	27	35	35	37	32	31	35	21	26	37	34	29	31	39	27	39	28	29	21	32	24	33	30	34	37	20	37	34	40	39	26	36	37	37	26	20	37	22	35	22	39	40	31	35	22	36	38	34	40	32	22	29	21	35	39	23	38	20	37	28	37	35	22	31	24	33	40	32	28	40	32	21	32	25	26	22	26	34	40	32	31	27	38	21	22	20	20	26	29	27	34	33	24	24	21	29	37	40	38	22	30	36	35	23	25	27	30	24	32	40	31	28	38	28	20	24	36	32	21	20	37	32	30	20	36	21	34	26	38	34	28	23	37	24	32	25	26	26	39	30	40	40	36	33	21	24	28	36	32	39	39	24	26	25	35	33	27	21	40	29	26	34	34	31	32	33	40	37	37	28	38	37	21	28	38	23	31	40	21	39	37	37	34	25	23	39	22	30	25	37	37	34	29	24	38	22	22	29	25	22	37	21	26	21	22	39	22	24	28	23	38	31	36	24	21	30	39	35	23	39	29	40	25	29	38	33	27	22	32	33	40	40	33	27	37	21	22	40	35	33	29	21	30	23	34	25	39	26	20	38	24	35	37	20	28	34	31	40	34	40	22	25	30	38	37	31	28	21	26	37	36	40	23	22	36	39	24	21	35	28	32	38	22	27	29	32	27	32	28	40	36	33	23	40	40	29	36	34	26	31	39	31	21	27	24	33	23	21	32	35	29	23	27	39	27	30	29	26	40	40	20	26	24	39	35	37	23	23	24	37	35	27	40	23	20	26	37	27	22	38	30	29	26	22	29	39	26	23	31	26	32	36	35	32	35	21	21	38	25	29	25	20	29	35	21	27	21	21	33	24	26	27	29	21	28	39	39	34	34	34	39	31	35	29	22	40	22	38	30	27	31	20	35	31	25	31	21	23	33	30	33	25	40	36	22	31	21	40	21	22	35	37	25	36	23	31	34	21	22	39	24	36	24	26	27	37	37	25	27	26	39	29	34	40	36	21	36	24	39	37	28	20	23	39	29	33	33	25	25	39	38	20	39	36	28	36	35	31	27	35	23	35	32	37	29	31	32	40	26	23	25	20	32	38	22	40	23	30	39	36	40	23	23	28	37	20	30	29	27	35	32	24	35	31	30	28	23	29	29	28	35	35	26	21	26	36	39	34	40	35	36	39	36	39	35	39	38	31	33	20	32	34	27	31	21	28	21	21	30	40	24	32	39	25	36	25	26	39	24	29	29	34	35	33	33	24	35	28	28	28	32	35	20	37	34	33	28	40	27	34	26	31	31	21	39	21	36	40	28	37	39	24	26	35	35	35	38	33	39	28	40	32	31	37	40	24	36	38	27	26	31	22	33	30	26	32	25	33	36	23	22	21	40	35	26	38	28	20	34	40	34	22	31	22	36	23	34	22	34	31	23	29	34	24	40	23	39	21	24	31	38	32	20	28	27	27	25	30	29	37	20	32	39	28	34	22	38	37	28	32	37	30	23	21	33	38	34	25	30	36	21	39	36	32	36	23	23	30	34	40	33	24	24	36	33	22	35	30	24	37	35	34	33	32	27	37	29	38	28	29	30	22	29	40	35	39	26	35	33	40	31	25	35	35	37	31	40	21	25	26	31	38	20	29	33	34	37	24	23	30	27	37	33	27	33	31	21	22	25	21	30	22	28	22	38	40	29	28	21	37	33	40	28	31	37	31	33	33	27	36	35	24	29	27	36	40	30	32	25	21	23	26	22	34	31	39	37	22	36	24	26	40	40	28	36	36	36	33	39	26	31	25	21	25	34	35	32	25	29	37	36	39	34	20	40	25	33	39	27	32	20	36	37	40	25	27	32	28	30	36	34	31	38	34	35	22	27	33	26	32	20	24	26	33	30	40	39	40	32	33	23	27	22	27	28	34	24	32	38	38	24	33	34	24	27	35	31	34	26	31	24	25	22	24	29	40	27	38	34	28	40	25	38	32	20	21	23	26	33	27	34	29	38	33	22	31	27	37	23	22	32	20	39	23	28	36	31	29	21	35	20	34	30	39	29	35	21	31	38	20	38	21	24	40	29	21	33	33	40	25	21	39	21	28	35	34	22	33	34	27	23	30	20	36	40	33	28	22	21	23	26	28	25	36	24	26	39	27	21	22	40	21	21	27	27	30	38	30	39	30	27	29	24	34	23	29	21	28	30	31	22	26	32	39	40	36	21	39	23	36	31	29	32	26	24	25	37	32	20	34	34	26	20	34	30	30	39	33	29	32	22	29	20	40	22	29	40	22	26	29	36	36	30	38	34	25	21	22	40	36	28	31	29	23	20	37	21	21	34	36	20	31	36	23	29	24	20	23	32	36	34	40	22	33	27	38	33	36	39	32	37	20	26	37	35	36	32	37	21	27	31	29	27	20	25	30	21	33	29	20	20	39	33	35	27	36	31	34	34	21	33	34	38	33	40	29	37	35	29	29	23	22	27	37	36	20	39	25	28	36	36	21	40	23	32	40	25	38	24	36	29	24	33	26	31	21	29	26	28	30	34	40	33	39	37	29	30	36	25	20	28	30	23	26	33	23	40	22	39	32	36	28	23	38	27	21	34	20	24	23	34	36	36	31	36	26	22	30	23	24	35	27	28	24	27	36	40	40	39	22	35	27	34	20	37	22	40	29	40	29	26	39	40	23	36	26	22	37	39	30	29	22	29	26	40	39	30	37	27	25	24	36	38	29	35	38	26	32	23	39	38	21	32	38	22	28	31	32	34	25	22	20	38	20	23	24	21	28	27	38	25	29	40	40	21	39	26	29	40	35	35	23	24	39	35	20	31	37	23	36	36	31	36	37	28	39	33	25	33	25	26	23	26	23	32	39	39	37	40	27	21	37	30	23	21	34	27	20	36	23	27	36	31	28	26	38	27	21	20	30	38	38	25	31	37	36	33	22	39	37	20	34	37	39	38	32	29	29	27	27	22	30	40	38	20	26	23	26	38	32	29	33	38	33	24	37	36	21	20	28	29	32	33	35	38	21	40	39	27	23	27	26	37	20	22	29	30	29	37	34	28	37	39	22	29	31	39	32	27	26	34	20	21	31	32	25	24	40	24	20	20	23	33	25	36	24	22	37	31	40	28	23	37	23	40	35	39	33	26	28	25	23	33	29	35	27	21	23	34	24	28	22	35	38	29	22	28	23	24	28	21	37	33	26	35	32	26	29	38	31	40	27	21	21	20	39	28	20	27	26	26	25	40	35	27	20	37	23	23	21	21	30	22	28	26	39	29	22	36	29	33	28	37	21	27	34	40	26	34	39	33	31	34	36	27	33	26	23	25	23	22	20	26	30	24	28	30	24	23	22	22	23	23	37	25	40	21	20	25	21	37	29	35	35	21	29	28	35	21	36	36	33	23	22	38	34	33	24	21	22	23	26	37	31	33	25	20	33	31	29	25	28	29	25	34	35	21	34	28	25	34	23	25	29	24	39	38	40	34	36	35	20	22	34	39	36	28	31	33	33	40	27	31	25	38	20	26	28	34	28	39	21	20	36	35	25	39	31	31	35	20	38	25	33	26	20	39	34	28	32	22	37	21	36	36	21	26	23	27	40	28	28	28	33	34	37	34	21	23	21	32	34	36	29	35	32	26	23	24	37	24	20	40	26	20	33	36	21	35	40	33	39	32	40	38	25	21	36	31	23	40	34	35	37	28	25	28	40	21	20	39	28	35	22	32	33	37	22	26	22	28	30	24	22	24	32	23	26	25	26	28	29	24	38	37	29	28	33	24	36	31	36	24	37	20	25	22	28	35	22	30	21	39	23	25	28	30	29	29	21	21	21	34	26	31	27	40	29	35	40	21	35	25	32	28	29	27	24	34	28	40	33	35	36	25	38	36	20	34	33	20	20	32	23	33	28	25	21	38	32	26	24	39	37	25	21	35	21	31	40	34	38	38	37	31	22	27	29	27	37	36	24	22	36	25	23	23	37	38	28	36	37	23	30	28	28	29	24	39	22	26	31	25	33	28	34	27	39	24	23	33	26	36	37	36	29	31	31	38	25	29	21	40	39	37	28	37	32	23	23	35	26	32	26	23	25	22	30	24	29	26	21	37	26	23	31	29	26	30	32	29	21	29	28	34	37	32	34	27	32	32	30	34	34	32	25	31	31	40	34	39	36	33	37	26	21	39	28	26	22	40	28	35	36	
11	20	38	29	27	16	47	26	37	15	14	34	44	47	17	34	16	12	48	27	29	33	20	15	17	11	48	37	31	45	49	44	32	27	38	36	33	24	13	26	30	36	30	36	32	14	26	25	44	33	14	20	44	18	30	26	32	31	35	42	14	37	37	35	48	49	13	24	20	16	19	17	33	50	14	27	40	27	11	49	39	50	49	20	27	46	18	38	29	27	43	44	12	43	21	17	44	18	19	43	13	26	14	40	38	40	24	32	26	38	45	47	34	40	29	17	11	17	14	40	48	15	22	11	17	46	40	15	11	25	16	34	43	20	15	21	28	15	49	17	48	37	29	28	44	18	45	10	11	22	46	24	24	29	40	48	44	12	31	36	22	11	10	39	35	14	13	17	27	31	26	15	47	15	28	15	21	41	21	33	18	34	12	41	11	17	44	31	44	47	24	23	35	25	43	15	32	24	23	36	27	12	35	50	46	21	25	17	28	43	39	44	17	21	19	21	11	13	43	35	50	28	36	47	18	11	48	18	47	25	13	19	34	26	43	47	39	30	21	16	17	40	25	24	31	15	18	47	49	25	36	50	27	20	16	28	36	47	17	25	32	24	14	16	49	46	48	40	39	50	45	44	35	39	19	16	43	48	16	46	47	26	32	44	50	39	22	47	12	36	48	18	12	46	43	50	14	40	28	18	40	31	42	28	43	15	38	19	36	38	20	33	17	24	46	31	27	18	12	12	31	36	48	30	41	16	49	38	26	32	45	15	24	13	44	32	13	33	31	14	43	17	31	15	45	44	19	29	15	48	35	39	25	20	36	27	40	32	18	14	36	19	43	29	14	12	16	47	20	11	15	12	38	49	15	25	34	20	19	11	47	30	49	35	17	38	50	33	13	28	11	18	27	28	21	20	36	45	41	41	38	23	21	35	12	38	20	23	24	41	34	27	15	44	30	43	10	31	18	39	44	29	14	32	14	33	18	44	30	12	11	47	18	26	25	42	32	21	47	30	32	50	32	18	34	41	41	11	50	48	19	13	17	24	17	24	39	49	35	35	31	35	49	45	26	45	26	23	30	25	12	38	39	45	21	34	37	21	25	23	47	24	22	19	13	15	28	25	35	12	15	18	12	25	32	45	34	14	32	21	39	23	13	25	30	20	42	16	25	49	24	19	24	46	33	17	16	41	46	19	26	41	30	32	37	22	16	29	44	22	42	26	42	15	10	35	27	12	28	46	13	18	36	48	48	26	44	28	42	36	16	14	45	49	37	20	18	40	34	38	30	44	32	28	22	42	50	46	24	47	11	33	16	25	28	21	19	45	38	30	40	25	31	42	25	10	14	30	50	23	10	22	26	13	24	29	11	13	11	50	34	50	41	50	35	29	49	50	11	44	48	37	26	47	45	12	31	44	41	14	13	28	35	22	36	29	44	19	26	33	23	27	10	46	42	15	13	22	16	46	38	32	39	17	43	13	39	37	23	46	44	34	34	13	36	38	21	16	50	29	49	38	43	19	15	42	23	10	45	11	19	39	12	23	12	35	13	44	39	37	48	49	22	18	25	42	10	43	46	49	41	20	31	42	40	18	34	22	24	17	33	11	16	40	29	34	23	39	20	42	26	43	16	50	23	40	50	18	49	46	12	44	25	23	28	13	21	31	39	25	45	35	10	31	24	29	39	50	32	48	30	14	26	14	33	35	48	48	18	12	27	47	17	17	10	28	41	15	25	41	32	36	10	16	41	13	33	49	27	26	37	35	42	26	30	14	50	41	22	35	28	27	35	28	10	34	36	46	35	16	21	40	29	28	19	41	27	14	10	49	16	20	45	32	40	35	12	11	32	22	35	49	29	18	41	21	16	11	29	49	42	30	48	26	11	50	22	19	33	40	44	28	30	26	16	17	40	34	45	27	21	25	13	24	38	43	42	35	27	22	38	46	47	34	40	32	13	45	25	32	42	27	22	11	19	31	47	43	32	30	14	32	41	24	27	49	37	36	39	20	50	26	12	27	41	42	30	26	48	11	37	21	37	40	15	46	32	30	16	29	32	39	18	39	24	28	14	35	26	14	47	40	43	47	50	26	30	31	34	23	28	32	16	27	10	36	49	35	28	28	43	48	33	27	47	25	37	20	13	12	13	41	26	23	31	19	28	42	15	47	41	21	16	15	12	50	18	39	32	26	30	42	24	27	25	19	37	45	39	15	23	22	38	25	23	31	29	31	45	24	20	35	29	21	29	26	31	40	42	17	45	35	14	48	29	21	15	22	17	25	36	13	19	16	27	50	38	24	29	17	41	47	27	41	37	15	25	32	23	20	34	44	32	29	12	10	27	40	46	11	37	31	29	47	43	24	21	33	39	43	47	34	42	28	12	42	31	42	12	15	14	49	27	27	15	48	48	37	24	32	49	43	32	30	33	41	20	48	34	29	23	29	41	25	47	39	48	11	12	12	30	33	36	18	18	40	11	26	13	11	30	30	49	20	42	45	31	13	22	36	19	14	41	23	18	28	15	32	36	48	28	31	14	11	13	50	17	10	28	20	33	40	42	34	39	22	16	35	47	50	34	31	30	45	17	25	20	20	34	15	41	44	45	24	27	47	27	31	39	25	15	46	40	50	29	26	32	33	22	32	23	15	45	13	11	16	33	17	22	34	22	42	46	49	23	24	22	34	14	16	35	37	29	29	25	46	29	16	31	19	48	35	42	37	15	24	44	23	25	49	46	18	37	42	34	45	10	32	21	29	44	46	11	43	39	44	37	22	11	34	40	37	21	37	28	17	10	24	11	42	13	21	44	47	28	37	37	41	45	19	41	48	12	38	50	29	34	40	35	18	14	31	11	30	31	19	46	46	20	43	38	39	25	15	31	46	12	35	40	10	15	45	40	17	40	26	12	42	22	48	43	16	13	39	10	46	36	40	15	16	43	33	47	31	49	22	40	31	20	29	16	11	50	11	25	41	46	50	36	16	20	29	43	25	41	17	18	19	44	32	32	24	16	33	41	32	21	42	14	18	28	41	39	17	25	38	30	46	45	10	30	16	18	22	11	18	31	39	28	47	22	44	39	38	19	36	34	27	23	25	48	22	44	39	10	46	32	36	36	48	37	38	19	42	33	11	29	12	25	12	15	14	43	28	19	40	19	31	17	14	11	44	21	11	17	45	26	30	28	37	37	22	22	34	27	36	14	44	21	33	29	19	42	27	49	47	37	48	15	11	48	19	45	18	30	50	46	20	46	10	29	42	46	25	47	39	37	14	19	14	28	36	44	19	29	20	31	37	44	18	46	24	35	15	31	18	17	14	48	45	46	27	27	40	16	32	39	44	32	23	38	10	26	47	26	35	24	32	38	44	14	24	17	12	36	10	19	36	48	19	22	28	49	31	29	23	42	50	38	40	45	49	15	34	38	42	35	27	49	15	28	44	21	34	31	17	42	20	27	31	31	31	26	35	47	45	42	42	36	23	12	36	50	16	21	17	14	26	27	25	24	17	18	30	48	22	23	28	44	30	43	35	23	25	50	33	14	14	35	27	20	38	49	14	30	22	16	17	12	17	12	30	47	45	40	24	37	44	42	38	50	45	45	39	16	17	29	12	15	16	47	29	11	30	17	47	18	50	25	18	23	38	28	33	17	42	27	35	44	27	36	45	18	32	21	43	35	13	44	47	10	37	35	40	49	24	25	21	39	18	29	50	30	47	44	25	41	24	20	45	29	35	24	10	47	16	21	47	20	31	21	46	45	41	18	49	28	18	20	41	33	23	45	33	15	29	16	47	30	39	27	13	48	36	45	36	37	14	22	24	37	13	41	17	32	46	35	16	11	37	43	16	25	49	31	38	45	39	45	50	38	21	38	11	11	45	25	33	20	40	12	33	19	48	30	17	44	34	43	15	33	15	38	37	30	29	45	26	20	12	38	23	49	36	38	41	47	36	44	20	13	20	10	15	49	29	28	22	46	14	20	35	25	41	28	45	49	13	36	19	13	38	11	17	24	41	18	11	43	27	30	41	47	11	45	11	29	13	11	46	39	32	37	36	13	50	28	39	24	16	12	25	32	49	38	46	49	29	25	44	46	33	31	34	25	30	13	12	45	48	10	47	38	42	28	10	37	24	47	12	43	13	13	37	45	31	11	37	35	39	27	40	39	28	46	20	20	41	34	50	26	36	42	36	34	40	26	28	22	44	35	45	25	19	24	44	17	21	13	23	16	46	23	39	23	21	33	42	37	38	35	34	10	33	15	26	44	44	14	50	43	21	16	38	35	43	25	39	12	13	50	25	37	34	21	43	13	26	49	48	29	28	16	14	49	48	28	25	18	36	16	27	40	35	13	41	15	27	35	11	24	47	41	21	18	19	20	42	24	29	22	31	27	10	15	14	33	14	48	17	12	25	48	39	39	29	43	36	21	28	11	12	44	14	42	25	16	40	38	27	16	27	14	30	48	25	19	32	19	29	24	10	27	34	35	37	30	19	33	32	14	11	34	23	37	31	45	46	12	40	22	30	44	12	10	37	33	22	48	19	49	27	46	26	37	22	19	12	30	45	21	11	39	35	48	11	35	47	15	35	40	44	31	50	20	25	50	12	14	26	38	48	15	24	49	26	16	12	39	38	20	16	48	46	16	33	34	33	32	12	35	13	43	50	23	39	40	49	50	26	17	22	39	46	24	27	24	41	14	13	20	31	35	31	50	14	33	12	50	14	42	49	47	31	43	33	38	37	14	49	29	31	23	47	39	27	16	20	18	20	30	48	22	33	15	47	15	38	18	46	13	20	15	26	34	39	16	18	43	44	48	11	17	16	49	45	25	41	25	10	40	15	23	12	34	27	18	39	43	27	18	12	13	17	50	24	11	19	43	21	46	33	34	22	22	24	12	23	17	38	34	12	16	48	49	24	22	20	43	41	10	45	16	16	17	39	15	28	20	22	17	40	15	13	46	18	10	12	11	48	33	18	18	44	18	27	27	38	28	27	16	10	48	28	45	15	24	25	48	11	27	37	45	27	20	15	35	14	32	46	28	43	32	45	17	39	31	45	45	18	27	26	50	44	31	31	47	42	32	27	26	13	30	24	26	21	38	41	48	25	45	10	13	25	29	37	38	13	36	42	12	14	17	29	16	46	50	13	46	24	19	26	39	28	48	38	35	47	36	31	45	28	48	42	24	10	16	26	32	23	18	50	27	49	40	46	50	12	23	46	26	17	15	30	46	20	28	15	47	39	45	26	41	29	17	38	42	15	40	12	32	35	49	36	17	18	30	28	23	18	47	18	50	37	37	23	20	48	30	19	11	45	32	26	28	43	32	10	20	45	28	27	45	24	46	25	20	49	17	46	30	21	40	33	20	49	43	35	28	44	42	42	34	40	15	21	30	15	12	10	31	44	30	30	38	15	35	16	37	37	20	10	23	46	33	50	10	39	41	36	11	16	42	50	18	49	23	45	21	23	14	27	39	19	34	45	50	14	47	40	42	46	28	44	18	27	12	10	35	13	39	47	11	31	27	17	17	29	24	47	34	21	28	13	38	37	18	38	50	30	49	17	18	35	16	23	14	12	47	45	46	28	27	29	33	12	48	43	33	14	35	36	11	47	29	39	50	21	29	33	45	46	49	10	47	27	26	12	19	17	33	23	17	17	22	22	21	17	20	19	41	43	37	35	17	43	18	33	28	20	18	21	16	37	37	27	14	40	24	11	32	18	43	17	31	39	23	48	16	22	35	37	31	18	15	35	35	27	34	10	27	27	41	20	47	19	39	11	33	38	17	21	29	29	10	18	12	27	37	18	23	50	49	45	19	28	10	35	16	46	44	27	29	41	16	35	30	40	36	43	46	48	38	22	32	26	48	26	34	38	24	21	45	19	40	35	30	16	19	37	48	33	24	18	28	44	34	43	30	34	13	40	36	34	21	15	26	25	19	32	49	37	32	50	14	25	46	39	13	30	10	31	18	15	36	22	46	44	10	26	40	17	42	27	36	14	14	42	42	33	28	27	29	42	28	12	36	21	27	16	34	45	23	40	14	29	26	50	18	16	36	25	23	45	17	44	10	11	50	42	24	34	17	20	40	27	11	23	20	38	31	49	36	36	25	32	19	20	33	32	26	27	27	22	22	13	10	50	43	16	13	25	35	35	50	34	24	17	30	40	24	26	15	36	41	10	24	38	34	44	47	20	34	32	42	35	20	50	38	26	35	29	42	15	10	11	30	19	14	50	11	47	39	34	39	10	33	33	28	10	24	25	12	35	45	25	31	28	42	17	50	24	10	50	47	42	30	20	39	16	34	39	26	20	48	29	50	30	37	39	28	20	31	31	40	46	22	45	50	19	19	44	22	25	24	20	35	34	21	26	33	25	26	13	10	13	24	43	26	19	43	35	39	36	20	27	18	36	50	27	50	40	26	33	44	19	28	30	13	24	23	23	12	27	46	15	44	28	11	35	46	36	17	37	29	31	33	28	26	44	29	35	14	32	46	23	24	17	46	12	32	33	12	50	44	24	13	33	22	13	14	28	38	23	11	20	29	22	12	11	49	22	14	45	47	36	30	48	20	50	19	25	49	30	19	41	26	15	15	21	15	20	33	30	40	19	29	50	47	25	45	31	17	50	40	14	44	12	35	23	31	17	14	42	30	48	19	21	17	23	12	26	24	29	44	17	12	16	24	43	18	39	19	24	49	30	47	50	11	31	42	16	24	11	22	31	17	26	37	38	
20
60
