2970
100
0	0	0	0	0	48	0	0	0	500	0	0	0	0	0	0	48	192	0	0	0	0	0	0	0	0	0	0	0	0	0	0	0	0	0	0	0	0	0	0	0	0	0	0	0	0	0	0	0	0	0	0	0	0	0	0	0	0	0	0	0	0	0	0	0	0	0	0	0	0	0	0	0	0	0	0	0	0	0	0	0	0	0	0	0	0	0	0	0	0	0	0	0	0	0	0	0	0	0	0	
0	0	0	0	0	0	0	48	96	0	0	0	0	0	0	0	0	0	0	0	0	0	0	0	0	0	0	0	0	0	0	0	0	0	0	0	0	0	0	0	0	0	0	0	0	0	0	0	0	0	0	0	0	0	0	0	0	0	0	0	0	0	0	0	0	0	0	0	0	0	0	0	0	0	0	0	0	0	0	0	0	0	0	0	0	0	0	0	0	0	0	0	0	0	0	0	0	0	0	0	
0	0	0	0	0	0	0	0	0	0	96	0	0	0	0	0	0	0	0	0	0	0	0	0	0	0	0	0	0	0	0	0	0	0	0	0	0	0	0	0	0	0	0	0	0	0	0	0	0	0	0	0	0	0	0	0	0	0	0	0	0	0	0	0	0	0	0	0	0	48	0	0	0	0	0	0	0	0	0	0	0	0	0	0	0	0	0	0	0	0	0	0	0	0	0	0	0	0	0	0	
0	0	0	0	0	0	0	0	0	0	0	0	0	0	0	0	0	0	0	0	48	0	0	0	0	0	0	0	0	0	0	0	0	192	0	0	0	0	0	0	0	0	0	0	0	0	0	0	0	0	0	0	0	0	0	0	0	0	0	0	0	0	0	0	0	0	0	0	0	0	0	0	0	0	0	0	0	0	0	0	0	0	0	0	0	0	0	96	0	0	0	0	0	0	0	0	0	0	0	0	
0	0	0	0	0	0	0	0	0	0	0	0	0	0	0	0	0	0	0	0	0	0	0	0	0	0	0	0	0	0	192	0	0	0	192	0	0	0	0	0	0	0	0	0	0	0	0	0	0	0	0	0	0	0	0	0	0	0	0	0	0	0	0	0	0	0	0	0	0	0	0	0	0	0	0	0	0	0	0	0	0	0	0	0	0	0	0	0	0	0	0	0	0	0	0	0	0	0	96	0	
48	0	0	0	0	0	0	0	0	0	0	0	0	500	0	0	0	0	0	0	0	0	0	0	0	0	0	0	0	0	0	0	0	0	0	0	96	0	0	0	0	0	0	0	0	0	0	0	0	0	0	0	0	0	0	0	0	0	0	0	0	0	0	0	0	0	0	0	0	0	0	0	0	0	0	0	0	0	0	0	0	0	0	0	0	0	500	0	0	0	0	0	0	0	0	0	0	0	0	0	
0	0	0	0	0	0	0	0	0	0	0	0	0	0	48	0	0	0	0	0	0	0	0	0	0	0	0	0	0	0	0	0	0	0	0	0	0	0	0	0	0	0	192	0	0	0	0	0	0	0	0	0	0	0	0	0	0	0	192	0	0	0	0	0	0	0	0	0	0	0	0	0	0	0	0	0	0	0	0	0	0	0	0	0	0	0	0	0	500	0	0	0	0	0	0	0	0	0	0	0	
0	48	0	0	0	0	0	0	0	0	0	0	0	0	0	0	0	0	0	0	0	0	0	0	0	0	0	0	0	0	0	0	0	0	0	0	0	192	0	0	0	0	0	0	0	0	0	0	0	0	0	0	0	0	0	0	0	0	0	0	0	0	0	0	0	0	0	0	0	0	0	0	0	0	0	0	0	0	0	0	0	0	0	0	0	0	0	0	0	0	0	0	0	0	0	0	0	0	0	0	
0	96	0	0	0	0	0	0	0	0	0	0	0	0	0	0	0	0	0	0	0	0	0	0	48	0	0	0	0	0	0	0	0	0	0	0	0	0	0	0	0	0	0	0	0	0	0	0	0	0	0	0	0	0	0	0	0	0	0	0	0	0	0	0	0	0	0	0	0	0	0	0	0	0	0	0	0	0	0	0	0	0	0	0	0	0	0	0	0	0	0	0	0	0	0	0	0	0	0	0	
500	0	0	0	0	0	0	0	0	0	0	0	0	0	0	0	0	0	0	0	0	0	0	0	0	0	0	0	0	0	0	0	0	0	0	0	0	0	0	0	0	0	0	0	0	0	0	0	0	0	0	0	0	48	0	0	0	0	0	0	0	0	0	0	0	0	0	96	0	0	0	0	0	0	0	0	0	0	0	0	0	0	0	0	0	0	0	0	0	0	0	0	0	0	0	0	0	0	0	0	
0	0	96	0	0	0	0	0	0	0	0	0	500	0	0	0	0	0	0	0	0	0	0	0	0	0	0	0	0	0	0	0	0	0	0	0	0	0	0	0	0	0	0	0	0	0	0	0	0	0	0	0	0	0	0	0	0	0	0	0	0	0	0	0	0	0	0	0	0	0	0	0	0	0	0	0	0	0	0	0	0	0	0	0	0	0	0	0	0	0	0	0	0	0	0	0	0	0	0	0	
0	0	0	0	0	0	0	0	0	0	0	0	0	0	0	0	0	0	0	0	0	0	0	0	0	0	0	0	0	0	0	0	0	0	0	0	0	0	192	0	0	0	0	0	0	0	0	0	192	0	0	0	0	0	0	0	0	0	0	0	0	0	0	0	0	0	0	0	0	0	0	0	0	0	48	0	0	0	0	0	0	0	0	0	0	0	0	0	0	0	0	0	0	0	0	0	0	0	0	0	
0	0	0	0	0	0	0	0	0	0	500	0	0	0	0	0	0	0	0	0	0	0	0	0	0	0	0	0	0	0	0	0	0	0	0	0	0	0	0	0	0	0	0	0	0	0	0	0	0	0	0	0	0	0	0	0	0	0	0	0	0	0	0	0	0	500	0	0	0	0	0	0	0	0	0	0	0	0	0	0	0	0	0	0	96	0	0	0	0	0	0	0	0	0	0	0	0	0	0	0	
0	0	0	0	0	500	0	0	0	0	0	0	0	0	0	0	0	0	0	0	0	0	0	0	0	0	0	0	0	0	0	0	0	0	0	0	192	0	0	0	0	0	0	0	0	0	0	0	0	0	0	0	0	0	0	0	0	0	0	0	0	0	0	0	0	0	0	0	0	0	0	0	0	0	0	0	0	0	0	0	0	0	0	0	0	0	192	0	0	0	0	0	0	0	0	0	0	0	0	0	
0	0	0	0	0	0	48	0	0	0	0	0	0	0	0	0	0	0	0	0	0	0	0	0	0	0	0	0	0	0	0	0	0	0	0	0	0	0	0	0	0	0	0	0	0	0	0	0	0	0	0	0	0	0	0	0	0	0	0	0	0	0	0	0	0	0	0	0	0	0	0	0	0	0	0	0	0	0	0	0	0	0	0	0	0	0	0	0	192	0	0	0	0	0	0	0	0	0	0	0	
0	0	0	0	0	0	0	0	0	0	0	0	0	0	0	0	0	0	0	0	0	0	0	0	0	0	0	0	0	0	0	0	0	0	0	0	0	0	0	0	0	0	0	0	0	0	0	0	0	0	0	0	500	0	0	0	48	0	0	0	0	0	0	0	0	0	0	0	0	0	0	0	0	0	0	0	0	0	0	0	96	0	0	0	0	0	0	0	0	0	0	0	0	0	0	0	0	48	0	0	
48	0	0	0	0	0	0	0	0	0	0	0	0	0	0	0	0	500	0	0	0	0	0	0	0	0	0	0	0	0	0	0	0	0	0	0	0	0	0	0	0	0	0	0	0	0	0	0	0	0	0	0	0	0	0	0	0	0	0	0	0	0	0	0	0	0	0	0	0	0	0	0	0	0	0	0	0	0	0	0	0	0	0	0	0	0	0	0	0	0	0	0	0	0	0	0	0	0	0	0	
192	0	0	0	0	0	0	0	0	0	0	0	0	0	0	0	500	0	0	0	500	0	0	0	0	0	0	0	0	0	0	0	0	192	0	48	0	0	0	0	0	0	0	0	0	0	0	0	0	0	0	0	0	0	0	0	0	0	0	0	0	0	0	0	0	0	0	0	0	0	0	0	0	0	0	0	0	0	0	0	0	0	0	0	0	0	0	0	0	0	0	0	0	0	0	0	0	0	0	0	
0	0	0	0	0	0	0	0	0	0	0	0	0	0	0	0	0	0	0	0	0	0	0	0	0	0	0	0	0	0	0	0	48	0	0	0	0	0	0	0	0	0	0	0	0	0	0	0	0	0	0	0	0	0	0	0	0	0	0	0	0	192	0	0	0	0	0	0	0	0	0	0	0	0	0	0	0	0	0	0	0	0	0	0	0	0	0	0	0	0	0	0	0	48	0	0	0	0	0	0	
0	0	0	0	0	0	0	0	0	0	0	0	0	0	0	0	0	0	0	0	0	0	0	0	0	0	0	0	0	0	0	0	0	0	0	0	0	0	0	0	0	0	0	192	0	0	0	0	0	0	0	0	0	0	0	0	0	0	0	0	0	0	0	0	0	0	0	0	96	0	0	0	0	192	0	0	0	0	0	0	0	0	0	0	0	0	0	0	0	0	0	0	48	0	0	0	0	0	0	0	
0	0	0	48	0	0	0	0	0	0	0	0	0	0	0	0	0	500	0	0	0	0	0	0	0	0	0	192	0	0	0	0	0	0	0	500	0	0	0	0	0	0	0	0	0	0	0	0	0	0	0	0	0	0	0	0	0	0	0	0	0	0	0	0	0	0	0	0	0	0	0	0	0	0	0	0	0	0	0	0	0	0	0	0	0	0	0	0	0	0	0	0	0	0	0	0	0	0	0	0	
0	0	0	0	0	0	0	0	0	0	0	0	0	0	0	0	0	0	0	0	0	0	0	0	0	0	0	0	0	0	0	0	0	0	192	0	0	0	0	0	0	0	0	0	0	0	0	0	0	0	0	0	0	0	0	0	96	0	0	0	0	0	0	0	0	0	0	0	0	0	0	0	0	0	0	0	0	0	0	0	0	0	0	0	0	0	0	0	0	0	0	0	0	0	0	0	0	0	96	0	
0	0	0	0	0	0	0	0	0	0	0	0	0	0	0	0	0	0	0	0	0	0	0	48	0	0	0	0	0	0	0	0	0	0	0	0	0	0	0	0	0	0	0	0	0	0	0	0	0	0	0	0	0	0	0	0	0	500	0	0	0	0	0	0	0	0	0	0	0	0	0	0	0	0	0	0	0	0	0	0	0	0	0	0	0	0	0	0	0	0	0	0	0	0	0	0	0	0	0	0	
0	0	0	0	0	0	0	0	0	0	0	0	0	0	0	0	0	0	0	0	0	0	48	0	0	0	0	0	0	0	0	0	0	0	0	0	0	192	0	0	0	0	0	0	0	0	0	0	0	0	192	0	0	0	0	0	0	500	0	0	0	0	0	0	0	0	0	0	0	0	0	0	0	0	0	0	0	0	0	0	0	0	0	0	0	192	0	0	0	0	0	0	0	0	0	0	0	0	0	0	
0	0	0	0	0	0	0	0	48	0	0	0	0	0	0	0	0	0	0	0	0	0	0	0	0	0	0	0	0	0	0	0	0	0	0	0	0	0	0	0	0	0	0	0	0	0	0	0	0	0	0	0	0	0	0	0	0	0	0	0	0	0	0	96	0	0	0	0	0	0	0	0	0	0	0	0	0	0	0	0	0	500	0	0	0	0	0	0	0	0	0	0	0	0	0	0	500	0	0	0	
0	0	0	0	0	0	0	0	0	0	0	0	0	0	0	0	0	0	0	0	0	0	0	0	0	0	0	0	0	0	0	0	0	0	0	0	0	0	0	0	0	0	0	0	0	0	0	0	0	0	0	96	0	0	0	0	0	0	192	0	0	0	0	0	48	0	0	0	0	0	0	0	0	0	192	0	0	0	0	0	0	0	0	0	0	0	0	0	48	0	0	0	0	0	0	0	0	0	0	0	
0	0	0	0	0	0	0	0	0	0	0	0	0	0	0	0	0	0	0	0	0	0	0	0	0	0	0	0	0	96	0	0	0	0	0	0	0	0	0	0	0	0	0	0	0	0	0	0	0	0	0	0	0	0	0	0	0	0	0	0	0	0	0	96	0	0	0	0	192	0	0	0	0	0	0	0	0	0	0	0	0	96	0	0	0	0	0	0	0	500	0	0	0	0	0	0	0	0	0	0	
0	0	0	0	0	0	0	0	0	0	0	0	0	0	0	0	0	0	0	0	192	0	0	0	0	0	0	0	0	0	0	0	0	0	0	0	0	0	0	0	0	0	0	0	0	0	0	0	0	0	0	0	0	0	0	0	0	0	0	0	0	0	0	0	0	0	0	0	0	0	0	0	0	0	0	0	0	0	0	0	0	0	0	0	0	0	0	0	0	0	0	0	0	0	0	0	0	0	0	500	
0	0	0	0	0	0	0	0	0	0	0	0	0	0	0	0	0	0	0	0	0	0	0	0	0	0	0	0	0	0	0	500	0	0	0	0	0	0	0	0	0	0	0	0	0	0	0	0	0	0	0	0	0	0	0	0	0	0	0	0	0	0	0	0	0	0	0	0	0	0	0	0	0	0	0	0	96	0	0	0	0	0	0	0	0	0	0	0	0	0	0	192	0	0	0	0	0	0	0	0	
0	0	0	0	0	0	0	0	0	0	0	0	0	0	0	0	0	0	0	0	0	0	0	0	0	0	96	0	0	0	0	0	0	0	0	0	0	0	0	0	0	0	0	0	0	0	0	0	0	0	0	0	0	0	0	0	0	0	0	0	0	0	192	0	0	0	0	0	0	0	0	0	0	0	0	0	0	0	0	0	0	0	0	0	0	0	0	0	0	192	0	0	0	0	0	0	0	0	0	0	
0	0	0	0	192	0	0	0	0	0	0	0	0	0	0	0	0	0	0	0	0	0	0	0	0	0	0	0	0	0	0	0	0	0	192	0	0	0	0	0	0	0	0	0	0	0	0	0	0	0	0	0	0	0	0	0	0	0	0	0	0	0	0	0	0	0	0	0	0	0	0	0	0	0	0	0	0	0	0	0	0	0	0	0	0	0	0	0	0	0	0	0	0	0	0	0	0	0	0	0	
0	0	0	0	0	0	0	0	0	0	0	0	0	0	0	0	0	0	0	0	0	0	0	0	0	0	0	0	500	0	0	0	0	0	0	0	0	0	0	0	0	0	0	0	0	0	0	0	0	0	0	0	0	0	0	0	0	0	0	0	0	0	0	0	0	0	0	0	0	0	0	0	0	0	0	0	0	0	0	0	0	0	0	0	0	0	0	0	0	0	0	96	0	0	0	0	0	0	0	0	
0	0	0	0	0	0	0	0	0	0	0	0	0	0	0	0	0	0	48	0	0	0	0	0	0	0	0	0	0	0	0	0	0	0	0	0	0	0	0	0	0	0	0	0	0	0	0	0	0	0	0	0	0	0	0	0	0	0	0	0	0	0	0	0	0	0	0	0	0	0	0	0	0	0	0	0	0	0	0	0	0	0	0	0	0	0	0	0	0	0	0	0	0	500	0	0	0	0	0	0	
0	0	0	192	0	0	0	0	0	0	0	0	0	0	0	0	0	192	0	0	0	0	0	0	0	0	0	0	0	0	0	0	0	0	0	0	0	0	0	0	0	0	0	0	0	0	0	0	0	0	0	0	0	0	0	0	0	0	0	0	0	0	0	0	0	0	0	0	0	0	0	0	0	0	0	0	0	0	0	0	0	0	0	0	0	0	0	0	0	0	0	0	0	0	0	0	0	0	0	0	
0	0	0	0	192	0	0	0	0	0	0	0	0	0	0	0	0	0	0	0	0	192	0	0	0	0	0	0	0	0	192	0	0	0	0	0	0	0	0	192	0	0	0	0	0	0	0	0	0	0	0	0	0	0	0	0	0	0	0	500	0	0	0	0	0	0	0	0	0	0	0	0	0	0	0	0	0	0	0	0	0	0	0	0	0	0	0	0	0	0	0	0	0	0	0	0	0	0	0	0	
0	0	0	0	0	0	0	0	0	0	0	0	0	0	0	0	0	48	0	0	500	0	0	0	0	0	0	0	0	0	0	0	0	0	0	0	0	0	0	0	0	0	0	0	0	0	0	0	0	0	0	0	0	0	0	0	0	0	0	0	0	0	0	0	0	0	0	0	0	0	0	0	0	0	0	0	0	0	0	0	0	0	0	0	0	0	0	0	0	0	0	0	0	0	0	0	0	0	0	0	
0	0	0	0	0	96	0	0	0	0	0	0	0	192	0	0	0	0	0	0	0	0	0	0	0	0	0	0	0	0	0	0	0	0	0	0	0	0	0	0	0	0	0	0	0	0	0	0	0	0	0	0	0	0	0	0	0	0	0	0	0	0	0	0	0	0	0	0	0	0	0	0	0	0	0	0	0	0	0	0	0	0	0	0	0	0	0	0	0	0	0	0	0	0	0	0	0	0	0	0	
0	0	0	0	0	0	0	192	0	0	0	0	0	0	0	0	0	0	0	0	0	0	0	192	0	0	0	0	0	0	0	0	0	0	0	0	0	0	0	0	0	0	0	0	0	0	0	0	0	0	0	0	0	0	0	0	0	0	0	0	0	0	0	0	0	0	0	0	0	0	0	0	0	0	0	0	0	0	0	0	0	0	0	0	0	0	0	0	0	0	0	0	0	0	0	0	0	0	0	0	
0	0	0	0	0	0	0	0	0	0	0	192	0	0	0	0	0	0	0	0	0	0	0	0	0	0	0	0	0	0	0	0	0	0	0	0	0	0	0	0	0	0	0	0	0	0	0	0	192	0	0	0	0	0	0	0	0	0	0	0	0	0	0	0	0	0	0	0	0	0	0	0	0	0	0	0	0	0	0	0	0	0	0	0	0	0	0	0	0	0	0	0	0	0	0	0	0	0	0	0	
0	0	0	0	0	0	0	0	0	0	0	0	0	0	0	0	0	0	0	0	0	0	0	0	0	0	0	0	0	0	0	0	0	0	192	0	0	0	0	0	0	0	0	0	0	0	0	0	0	0	0	0	0	0	0	0	0	0	0	192	0	0	0	0	96	0	0	0	0	0	0	0	0	0	0	0	0	0	0	0	0	0	0	0	0	0	0	0	0	0	0	0	0	0	0	0	0	0	0	0	
0	0	0	0	0	0	0	0	0	0	0	0	0	0	0	0	0	0	0	0	0	0	0	0	0	0	0	0	0	0	0	0	0	0	0	0	0	0	0	0	0	0	0	0	0	0	0	0	0	500	0	0	0	0	0	0	0	0	0	0	0	0	0	0	0	0	0	0	0	0	0	0	0	0	0	0	0	0	192	0	0	0	0	0	0	0	0	0	0	0	0	0	0	0	0	0	0	0	0	0	
0	0	0	0	0	0	0	0	0	0	0	0	0	0	0	0	0	0	0	0	0	0	0	0	0	0	0	0	0	0	0	0	0	0	0	0	0	0	0	0	0	0	0	0	0	0	0	0	0	0	0	0	0	0	0	0	0	0	0	0	0	0	0	0	0	0	0	0	0	0	0	0	0	0	0	0	0	0	0	0	0	0	0	0	0	0	0	0	0	0	96	0	96	0	0	0	0	0	0	0	
0	0	0	0	0	0	192	0	0	0	0	0	0	0	0	0	0	0	0	0	0	0	0	0	0	0	0	0	0	0	0	0	0	0	0	0	0	0	0	0	0	0	0	0	0	0	0	0	0	0	0	0	0	0	0	0	0	0	48	0	0	0	0	0	0	0	0	0	0	0	0	0	0	0	0	0	0	0	0	0	0	0	0	0	0	0	0	0	0	0	0	0	0	0	0	0	0	0	0	0	
0	0	0	0	0	0	0	0	0	0	0	0	0	0	0	0	0	0	0	192	0	0	0	0	0	0	0	0	0	0	0	0	0	0	0	0	0	0	0	0	0	0	0	0	0	0	0	0	0	0	0	0	0	0	0	0	0	0	0	0	0	0	0	0	0	0	0	0	0	0	0	0	0	96	0	0	0	0	0	0	0	0	0	0	0	0	0	0	0	0	0	0	0	0	0	0	0	0	0	0	
0	0	0	0	0	0	0	0	0	0	0	0	0	0	0	0	0	0	0	0	0	0	0	0	0	0	0	0	0	0	0	0	0	0	0	0	0	0	0	0	0	0	0	0	0	0	0	0	0	0	0	0	0	0	0	0	0	0	0	0	0	0	0	0	0	0	48	0	0	0	0	0	192	0	0	0	0	0	0	0	0	0	48	0	0	0	0	0	0	0	0	0	0	0	0	0	0	0	0	0	
0	0	0	0	0	0	0	0	0	0	0	0	0	0	0	0	0	0	0	0	0	0	0	0	0	0	0	0	0	0	0	0	0	0	0	0	0	0	0	0	0	0	0	0	0	0	0	0	0	0	0	0	0	0	0	0	0	0	0	0	0	96	0	0	0	0	0	0	0	0	0	0	0	0	0	0	0	0	0	0	0	0	0	0	0	0	0	0	0	0	0	0	0	500	0	0	0	0	0	0	
0	0	0	0	0	0	0	0	0	0	0	0	0	0	0	0	0	0	0	0	0	0	0	0	0	0	0	0	0	0	0	0	0	0	0	0	0	0	0	0	0	0	0	0	0	0	0	0	0	0	0	0	96	0	0	0	0	0	0	192	0	0	0	0	0	0	0	0	0	0	0	0	0	0	0	0	0	0	0	0	0	0	0	0	0	0	0	0	0	0	0	0	0	0	0	0	0	0	0	0	
0	0	0	0	0	0	0	0	0	0	0	0	0	0	0	0	0	0	0	0	0	0	0	0	0	0	0	0	0	0	0	0	0	0	0	0	0	0	0	0	0	0	0	0	0	0	0	0	0	0	0	0	0	0	0	0	0	0	0	0	0	0	0	0	0	500	0	0	0	0	0	0	0	0	0	0	0	0	0	0	0	0	0	0	0	0	0	0	0	0	0	0	0	0	0	0	0	500	0	0	
0	0	0	0	0	0	0	0	0	0	0	192	0	0	0	0	0	0	0	0	0	0	0	0	0	0	0	0	0	0	0	0	0	0	0	0	0	0	192	0	0	0	0	0	0	0	0	0	0	0	0	0	0	0	0	0	0	0	0	0	0	0	0	0	0	0	0	0	0	0	0	0	0	0	0	0	0	0	0	0	0	0	0	0	0	0	0	0	0	0	0	0	0	0	0	0	0	0	0	0	
0	0	0	0	0	0	0	0	0	0	0	0	0	0	0	0	0	0	0	0	0	0	0	0	0	0	0	0	0	0	0	0	0	0	0	0	0	0	0	0	500	0	0	0	0	0	0	0	0	0	0	0	0	0	0	0	0	0	0	0	0	0	0	0	0	0	0	0	0	0	0	0	0	0	0	0	192	0	96	0	0	0	0	0	0	0	0	0	0	0	0	0	0	0	0	0	0	0	0	0	
0	0	0	0	0	0	0	0	0	0	0	0	0	0	0	0	0	0	0	0	0	0	0	192	0	0	0	0	0	0	0	0	0	0	0	0	0	0	0	0	0	0	0	0	0	0	0	0	0	0	0	0	0	0	0	0	0	0	0	0	0	0	0	0	0	0	0	0	0	0	0	0	0	0	0	0	0	0	0	0	0	0	0	0	96	0	0	0	0	0	0	0	0	0	96	0	0	0	0	0	
0	0	0	0	0	0	0	0	0	0	0	0	0	0	0	0	0	0	0	0	0	0	0	0	0	96	0	0	0	0	0	0	0	0	0	0	0	0	0	0	0	0	0	0	0	0	0	0	0	0	0	0	0	0	0	0	0	0	0	192	0	0	0	0	0	0	0	0	0	0	0	0	0	0	0	0	0	0	0	0	500	0	48	0	0	0	0	0	0	0	0	0	0	0	0	0	0	48	0	0	
0	0	0	0	0	0	0	0	0	0	0	0	0	0	0	500	0	0	0	0	0	0	0	0	0	0	0	0	0	0	0	0	0	0	0	0	0	0	0	0	0	0	0	0	0	0	96	0	0	0	0	0	0	0	0	0	0	0	0	0	0	0	0	0	0	0	0	0	0	0	0	0	0	0	0	0	0	0	0	0	0	0	0	0	0	0	0	0	0	0	0	0	0	0	0	0	0	0	0	0	
0	0	0	0	0	0	0	0	0	48	0	0	0	0	0	0	0	0	0	0	0	0	0	0	0	0	0	0	0	0	0	0	0	0	0	0	0	0	0	0	0	0	0	0	0	0	0	0	0	0	0	0	0	0	0	0	0	0	0	0	0	0	0	0	0	0	0	192	0	0	0	0	0	0	0	0	0	0	0	0	0	0	0	0	0	0	0	0	0	0	0	0	0	0	0	0	0	0	0	0	
0	0	0	0	0	0	0	0	0	0	0	0	0	0	0	0	0	0	0	0	0	0	0	0	0	0	0	0	0	0	0	0	0	0	0	0	0	0	0	0	0	0	0	0	0	0	0	0	0	0	0	0	0	0	0	0	0	0	0	0	0	500	0	0	0	0	0	0	0	0	0	0	0	0	0	0	0	96	96	500	0	0	0	0	0	0	0	0	0	0	0	0	0	96	0	0	0	0	0	0	
0	0	0	0	0	0	0	0	0	0	0	0	0	0	0	0	0	0	0	0	0	0	0	0	0	0	0	0	0	0	0	0	0	0	0	0	0	0	0	0	0	0	0	0	0	0	0	0	0	0	0	0	0	0	0	0	0	0	0	0	96	0	0	0	0	0	0	0	0	0	0	0	0	0	0	0	0	0	0	0	0	0	0	0	0	0	0	0	0	0	0	0	0	0	0	0	500	0	0	0	
0	0	0	0	0	0	0	0	0	0	0	0	0	0	0	48	0	0	0	0	0	96	0	0	0	0	0	0	0	0	0	0	0	0	0	0	0	0	0	0	0	0	0	0	0	0	0	0	0	0	0	0	0	0	0	0	0	0	0	0	0	0	0	0	0	0	0	0	0	0	0	0	0	0	0	0	0	0	0	0	0	0	0	0	0	0	0	0	0	0	0	0	0	0	0	0	0	0	0	0	
0	0	0	0	0	0	0	0	0	0	0	0	0	0	0	0	0	0	0	0	0	0	500	500	0	0	0	0	0	0	0	0	0	0	0	0	0	0	0	0	0	0	0	0	0	0	0	0	0	0	0	0	0	0	0	0	0	0	0	0	0	0	0	0	0	0	0	0	0	0	0	0	0	0	0	0	0	0	0	0	0	0	0	0	0	0	0	0	0	0	0	0	0	0	0	0	0	0	0	0	
0	0	0	0	0	0	192	0	0	0	0	0	0	0	0	0	0	0	0	0	0	0	0	0	0	192	0	0	0	0	0	0	0	0	0	0	0	0	0	0	0	0	48	0	0	0	0	0	0	0	0	0	0	0	0	0	0	0	0	0	0	0	0	0	0	0	0	0	0	0	0	0	0	0	0	0	0	0	0	0	0	0	0	0	0	0	0	0	0	0	0	0	0	0	0	0	0	0	0	0	
0	0	0	0	0	0	0	0	0	0	0	0	0	0	0	0	0	0	0	0	0	0	0	0	0	0	0	0	0	0	0	0	0	0	500	0	0	0	0	192	0	0	0	0	0	0	192	0	0	0	0	192	0	0	0	0	0	0	0	0	0	0	0	0	0	0	0	0	0	0	0	0	0	0	0	0	0	0	0	0	0	0	0	0	0	0	0	0	0	0	0	0	0	0	0	0	0	0	0	0	
0	0	0	0	0	0	0	0	0	0	0	0	0	0	0	0	0	0	0	0	0	0	0	0	0	0	0	0	0	0	0	0	0	0	0	0	0	0	0	0	0	0	0	0	0	0	0	0	0	0	0	0	0	0	0	96	0	0	0	0	0	0	0	0	0	0	0	0	0	0	0	0	0	0	0	96	0	0	0	0	0	500	0	0	0	0	0	0	0	0	0	0	0	0	0	0	0	0	0	0	
0	0	0	0	0	0	0	0	0	0	0	0	0	0	0	0	0	0	192	0	0	0	0	0	0	0	0	0	0	0	0	0	0	0	0	0	0	0	0	0	0	0	0	0	0	96	0	0	0	0	0	0	0	0	500	0	0	0	0	0	0	0	0	0	0	0	0	0	0	0	0	0	0	0	0	0	0	0	0	0	0	0	0	0	0	0	0	0	0	0	0	0	0	0	0	0	0	0	0	0	
0	0	0	0	0	0	0	0	0	0	0	0	0	0	0	0	0	0	0	0	0	0	0	0	0	0	0	0	0	192	0	0	0	0	0	0	0	0	0	0	0	0	0	0	0	0	0	0	0	0	0	0	0	0	0	0	0	0	0	0	0	0	0	0	0	0	0	0	0	0	96	0	0	96	0	0	0	0	0	0	0	0	0	0	0	0	0	0	0	0	0	0	0	0	0	0	0	0	0	0	
0	0	0	0	0	0	0	0	0	0	0	0	0	0	0	0	0	0	0	0	0	0	0	0	96	0	96	0	0	0	0	0	0	0	0	0	0	0	0	0	0	0	0	0	0	0	0	0	0	0	0	0	0	0	0	0	0	0	0	0	0	0	0	0	0	0	0	0	0	0	0	0	0	0	0	0	0	0	0	0	0	0	0	0	0	0	0	0	0	0	0	0	0	0	0	0	0	0	0	0	
0	0	0	0	0	0	0	0	0	0	0	0	0	0	0	0	0	0	0	0	0	0	0	0	0	48	0	0	0	0	0	0	0	0	0	0	0	0	0	96	0	0	0	0	0	0	0	0	0	0	0	0	0	0	0	0	0	0	0	0	0	0	0	0	0	0	0	0	0	0	0	0	0	0	0	0	0	0	0	0	0	0	0	0	0	0	0	0	0	0	0	0	0	0	0	0	0	0	0	0	
0	0	0	0	0	0	0	0	0	0	0	0	500	0	0	0	0	0	0	0	0	0	0	0	0	0	0	0	0	0	0	0	0	0	0	0	0	0	0	0	0	0	0	0	0	0	0	500	0	0	0	0	0	0	0	0	0	0	0	0	0	0	0	0	0	0	0	0	0	0	0	0	0	0	0	0	0	0	0	0	0	0	0	0	0	0	0	0	0	0	0	0	0	0	0	0	0	0	0	0	
0	0	0	0	0	0	0	0	0	0	0	0	0	0	0	0	0	0	0	0	0	0	0	0	0	0	0	0	0	0	0	0	0	0	0	0	0	0	0	0	0	0	0	0	48	0	0	0	0	0	0	0	0	0	0	0	0	0	0	0	0	0	0	0	0	0	0	0	0	0	0	0	192	0	0	0	0	0	0	0	0	0	0	0	0	0	0	0	0	0	0	0	0	0	0	48	0	0	0	0	
0	0	0	0	0	0	0	0	0	96	0	0	0	0	0	0	0	0	0	0	0	0	0	0	0	0	0	0	0	0	0	0	0	0	0	0	0	0	0	0	0	0	0	0	0	0	0	0	0	0	0	0	0	192	0	0	0	0	0	0	0	0	0	0	0	0	0	0	0	0	0	0	0	0	0	0	0	0	0	0	0	0	0	0	0	0	0	0	0	0	0	0	0	0	0	0	0	0	0	0	
0	0	0	0	0	0	0	0	0	0	0	0	0	0	0	0	0	0	0	96	0	0	0	0	0	0	192	0	0	0	0	0	0	0	0	0	0	0	0	0	0	0	0	0	0	0	0	0	0	0	0	0	0	0	0	0	0	0	0	0	0	0	0	0	0	0	0	0	0	0	0	0	0	0	0	0	0	0	0	0	0	0	0	0	0	0	0	0	0	0	0	0	0	0	0	0	0	0	0	0	
0	0	48	0	0	0	0	0	0	0	0	0	0	0	0	0	0	0	0	0	0	0	0	0	0	0	0	0	0	0	0	0	0	0	0	0	0	0	0	0	0	0	0	0	0	0	0	0	0	0	0	0	0	0	0	0	0	0	0	0	0	0	0	0	0	0	0	0	0	0	0	192	0	0	0	0	0	0	0	0	0	0	0	0	0	0	0	0	0	0	0	0	0	0	0	0	0	0	0	500	
0	0	0	0	0	0	0	0	0	0	0	0	0	0	0	0	0	0	0	0	0	0	0	0	0	0	0	0	0	0	0	0	0	0	0	0	0	0	0	0	0	0	0	0	0	0	0	0	0	0	0	0	0	0	0	0	0	0	0	0	0	0	96	0	0	0	0	0	0	0	0	0	0	0	0	192	0	0	0	0	0	0	0	0	0	0	0	0	0	0	0	0	0	0	0	0	0	0	0	0	
0	0	0	0	0	0	0	0	0	0	0	0	0	0	0	0	0	0	0	0	0	0	0	0	0	0	0	0	0	0	0	0	0	0	0	0	0	0	0	0	0	0	0	0	0	0	0	0	0	0	0	0	0	0	0	0	0	0	0	0	0	0	0	0	0	0	0	0	0	192	0	0	0	0	0	0	0	0	0	96	0	0	0	0	0	0	0	0	0	0	0	0	0	0	0	0	0	0	0	0	
0	0	0	0	0	0	0	0	0	0	0	0	0	0	0	0	0	0	0	0	0	0	0	0	0	0	0	0	0	0	0	0	0	0	0	0	0	0	0	0	0	0	0	0	192	0	0	0	0	0	0	0	0	0	0	0	0	0	0	0	0	0	0	0	0	0	192	0	0	0	0	0	0	0	0	0	0	0	0	0	0	0	0	0	0	0	0	0	0	0	0	0	0	0	0	500	0	0	0	0	
0	0	0	0	0	0	0	0	0	0	0	0	0	0	0	0	0	0	0	192	0	0	0	0	0	0	0	0	0	0	0	0	0	0	0	0	0	0	0	0	0	0	0	96	0	0	0	0	0	0	0	0	0	0	0	0	0	0	0	0	0	0	96	0	0	0	0	0	0	0	0	0	0	0	0	0	0	0	0	0	0	0	0	0	0	0	0	0	0	0	0	0	0	0	0	0	0	0	0	0	
0	0	0	0	0	0	0	0	0	0	0	48	0	0	0	0	0	0	0	0	0	0	0	0	0	192	0	0	0	0	0	0	0	0	0	0	0	0	0	0	0	0	0	0	0	0	0	0	0	0	0	0	0	0	0	0	0	0	0	0	0	0	0	0	0	0	0	0	0	0	0	0	0	0	0	0	0	0	0	0	0	0	0	0	0	0	0	0	0	0	0	0	0	0	0	0	0	0	0	0	
0	0	0	0	0	0	0	0	0	0	0	0	0	0	0	0	0	0	0	0	0	0	0	0	0	0	0	0	0	0	0	0	0	0	0	0	0	0	0	0	0	0	0	0	0	0	0	0	0	0	0	0	0	0	0	0	0	0	0	0	96	0	0	0	0	0	0	0	0	0	192	0	0	0	0	0	0	0	0	0	0	0	0	0	0	0	0	96	0	96	0	0	0	0	0	0	0	0	0	0	
0	0	0	0	0	0	0	0	0	0	0	0	0	0	0	0	0	0	0	0	0	0	0	0	0	0	0	0	96	0	0	0	0	0	0	0	0	0	0	0	0	0	0	0	0	0	0	0	0	192	0	0	0	0	0	0	0	0	0	0	0	0	0	0	0	0	0	0	0	0	0	0	0	0	0	0	0	0	0	0	0	0	0	0	0	0	0	0	0	0	0	0	0	0	0	0	0	0	0	0	
0	0	0	0	0	0	0	0	0	0	0	0	0	0	0	0	0	0	0	0	0	0	0	0	0	0	0	0	0	0	0	0	0	0	0	0	0	0	0	0	0	0	0	0	0	0	0	0	0	0	0	0	0	0	96	0	0	0	0	0	0	0	0	0	0	0	0	0	0	0	0	0	0	0	0	0	0	0	0	0	0	0	0	0	0	0	0	0	0	0	0	0	0	500	0	0	0	0	0	0	
0	0	0	0	0	0	0	0	0	0	0	0	0	0	0	0	0	0	0	0	0	0	0	0	0	0	0	0	0	0	0	0	0	0	0	0	0	0	0	0	192	0	0	0	0	0	0	0	0	96	0	0	0	0	96	0	0	0	0	0	0	0	0	0	0	0	0	0	0	0	0	0	0	0	0	0	0	0	0	0	0	0	0	96	0	0	0	0	0	0	0	96	0	0	0	0	0	0	0	0	
0	0	0	0	0	0	0	0	0	0	0	0	0	0	0	0	0	0	0	0	0	0	0	0	0	0	0	0	0	0	0	0	0	0	0	0	0	0	0	0	0	0	0	0	0	0	0	0	0	0	0	0	0	0	500	0	0	0	0	0	0	0	0	0	0	0	0	0	0	0	0	96	0	0	0	0	0	0	0	0	0	0	0	0	500	0	0	0	0	0	0	0	0	0	0	0	0	0	0	0	
0	0	0	0	0	0	0	0	0	0	0	0	0	0	0	96	0	0	0	0	0	0	0	0	0	0	0	0	0	0	0	0	0	0	0	0	0	0	0	0	0	0	0	0	0	0	0	0	0	0	0	500	0	0	0	0	0	0	0	0	0	0	0	0	0	0	0	0	0	0	0	0	0	0	0	0	0	0	0	0	0	0	0	0	0	0	0	0	0	0	0	0	0	0	0	0	0	0	0	0	
0	0	0	0	0	0	0	0	0	0	0	0	0	0	0	0	0	0	0	0	0	0	0	0	500	0	96	0	0	0	0	0	0	0	0	0	0	0	0	0	0	0	0	0	0	0	0	0	0	0	0	0	0	0	0	0	0	0	0	0	500	0	0	0	0	0	0	0	0	0	0	0	0	0	0	0	0	0	0	0	0	0	0	0	0	0	0	0	0	0	0	0	0	0	0	0	0	0	0	0	
0	0	0	0	0	0	0	0	0	0	0	0	0	0	0	0	0	0	0	0	0	0	0	0	0	0	0	0	0	0	0	0	0	0	0	0	0	0	0	0	0	0	0	0	48	0	0	0	0	0	0	48	0	0	0	0	0	0	0	0	0	0	0	0	0	0	0	0	0	0	0	0	0	0	0	0	0	0	0	0	0	0	0	0	0	0	0	0	0	0	0	0	0	0	0	0	0	0	0	0	
0	0	0	0	0	0	0	0	0	0	0	0	0	0	0	0	0	0	0	0	0	0	0	0	0	0	0	0	0	0	0	0	0	0	0	0	0	0	0	0	0	0	0	0	0	0	0	0	0	0	0	0	0	0	0	0	0	0	0	0	0	0	0	0	0	0	0	0	0	0	0	0	0	0	0	0	0	0	96	0	0	0	0	0	0	0	0	500	0	0	48	0	0	0	0	0	0	0	0	0	
0	0	0	0	0	0	0	0	0	0	0	0	96	0	0	0	0	0	0	0	0	0	0	0	0	0	0	0	0	0	0	0	0	0	0	0	0	0	0	0	0	0	0	0	0	0	0	0	0	0	96	0	0	0	0	0	0	0	0	0	0	0	0	0	0	0	0	0	0	0	0	0	0	0	0	0	0	0	0	500	0	0	0	0	0	0	0	0	0	0	0	0	0	0	0	0	0	0	0	0	
0	0	0	0	0	0	0	0	0	0	0	0	0	0	0	0	0	0	0	0	0	0	0	192	0	0	0	0	0	0	0	0	0	0	0	0	0	0	0	0	0	0	0	0	0	0	0	0	0	0	0	0	0	0	0	0	0	0	0	0	0	0	0	0	0	0	0	0	0	0	0	0	0	0	0	0	0	0	0	0	0	0	0	0	0	0	0	0	0	0	0	0	0	0	192	0	0	0	0	0	
0	0	0	0	0	500	0	0	0	0	0	0	0	192	0	0	0	0	0	0	0	0	0	0	0	0	0	0	0	0	0	0	0	0	0	0	0	0	0	0	0	0	0	0	0	0	0	0	0	0	0	0	0	0	0	0	0	0	0	0	0	0	0	0	0	0	0	0	0	0	0	0	0	0	0	0	0	0	0	0	0	0	0	0	0	0	0	0	0	0	0	0	0	0	0	0	0	0	0	0	
0	0	0	96	0	0	0	0	0	0	0	0	0	0	0	0	0	0	0	0	0	0	0	0	0	0	0	0	0	0	0	0	0	0	0	0	0	0	0	0	0	0	0	0	0	0	0	0	0	0	0	0	0	0	0	0	0	0	0	0	0	0	0	0	0	0	0	0	0	0	0	0	0	0	0	96	0	0	0	0	0	0	0	500	0	0	0	0	0	500	0	48	0	0	0	0	0	0	0	0	
0	0	0	0	0	0	500	0	0	0	0	0	0	0	192	0	0	0	0	0	0	0	0	0	0	48	0	0	0	0	0	0	0	0	0	0	0	0	0	0	0	0	0	0	0	0	0	0	0	0	0	0	0	0	0	0	0	0	0	0	0	0	0	0	0	0	0	0	0	0	0	0	0	0	0	0	0	0	0	0	0	0	0	0	0	0	0	0	0	0	0	0	0	0	0	0	0	0	0	0	
0	0	0	0	0	0	0	0	0	0	0	0	0	0	0	0	0	0	0	0	0	0	0	0	0	0	500	0	0	192	0	0	0	0	0	0	0	0	0	0	0	0	0	0	0	0	0	0	0	0	0	0	0	0	0	0	0	0	0	0	0	0	0	0	0	0	0	0	0	0	0	0	0	0	0	96	0	0	0	0	0	0	0	0	0	0	0	500	0	0	0	0	0	0	0	0	96	0	0	0	
0	0	0	0	0	0	0	0	0	0	0	0	0	0	0	0	0	0	0	0	0	0	0	0	0	0	0	0	0	0	0	0	0	0	0	0	0	0	0	0	0	96	0	0	0	0	0	0	0	0	0	0	0	0	0	0	0	0	0	0	0	0	0	0	0	0	0	0	0	0	0	0	0	0	0	0	0	0	0	0	0	0	0	48	0	0	0	0	0	0	0	0	0	0	0	0	0	0	0	0	
0	0	0	0	0	0	0	0	0	0	0	0	0	0	0	0	0	0	0	0	0	0	0	0	0	0	0	0	192	0	0	96	0	0	0	0	0	0	0	0	0	0	0	0	0	0	0	0	0	0	0	0	0	0	0	0	0	0	0	0	0	0	0	0	0	0	0	0	0	0	0	0	0	0	0	0	0	0	96	0	0	0	0	0	0	0	0	48	0	0	0	0	0	0	0	0	0	0	0	0	
0	0	0	0	0	0	0	0	0	0	0	0	0	0	0	0	0	0	0	48	0	0	0	0	0	0	0	0	0	0	0	0	0	0	0	0	0	0	0	0	0	96	0	0	0	0	0	0	0	0	0	0	0	0	0	0	0	0	0	0	0	0	0	0	0	0	0	0	0	0	0	0	0	0	0	0	0	0	0	0	0	0	0	0	0	0	0	0	0	0	0	0	0	0	0	0	0	0	0	0	
0	0	0	0	0	0	0	0	0	0	0	0	0	0	0	0	0	0	48	0	0	0	0	0	0	0	0	0	0	0	0	0	500	0	0	0	0	0	0	0	0	0	0	0	0	500	0	0	0	0	0	0	0	0	96	0	0	0	0	0	0	0	0	0	0	0	0	0	0	0	0	0	0	0	0	0	0	500	0	0	0	0	0	0	0	0	0	0	0	0	0	0	0	0	0	0	0	0	0	0	
0	0	0	0	0	0	0	0	0	0	0	0	0	0	0	0	0	0	0	0	0	0	0	0	0	0	0	0	0	0	0	0	0	0	0	0	0	0	0	0	0	0	0	0	0	0	0	0	0	0	96	0	0	0	0	0	0	0	0	0	0	0	0	0	0	0	0	0	0	0	0	0	0	0	0	0	0	0	0	0	0	0	0	0	0	192	0	0	0	0	0	0	0	0	0	0	0	0	0	0	
0	0	0	0	0	0	0	0	0	0	0	0	0	0	0	0	0	0	0	0	0	0	0	0	0	0	0	0	0	0	0	0	0	0	0	0	0	0	0	0	0	0	0	0	0	0	0	0	0	0	0	0	0	0	0	0	0	0	0	0	0	0	0	0	0	0	48	0	0	0	0	0	500	0	0	0	0	0	0	0	0	0	0	0	0	0	0	0	0	0	0	0	0	0	0	0	0	0	0	0	
0	0	0	0	0	0	0	0	0	0	0	0	0	0	0	0	0	0	0	0	0	0	0	0	500	0	0	0	0	0	0	0	0	0	0	0	0	0	0	0	0	0	0	0	0	0	0	0	0	0	0	0	0	0	0	500	0	0	0	0	0	0	0	0	0	0	0	0	0	0	0	0	0	0	0	0	0	0	0	0	0	0	0	0	0	0	0	0	0	96	0	0	0	0	0	0	0	0	0	0	
0	0	0	0	0	0	0	0	0	0	0	0	0	0	0	48	0	0	0	0	0	0	0	0	0	0	0	0	0	0	0	0	0	0	0	0	0	0	0	0	0	0	0	0	0	0	0	500	0	0	0	48	0	0	0	0	0	0	0	0	0	0	0	0	0	0	0	0	0	0	0	0	0	0	0	0	0	0	0	0	0	0	0	0	0	0	0	0	0	0	0	0	0	0	0	0	0	0	0	0	
0	0	0	0	96	0	0	0	0	0	0	0	0	0	0	0	0	0	0	0	0	96	0	0	0	0	0	0	0	0	0	0	0	0	0	0	0	0	0	0	0	0	0	0	0	0	0	0	0	0	0	0	0	0	0	0	0	0	0	0	0	0	0	0	0	0	0	0	0	0	0	0	0	0	0	0	0	0	0	0	0	0	0	0	0	0	0	0	0	0	0	0	0	0	0	0	0	0	0	0	
0	0	0	0	0	0	0	0	0	0	0	0	0	0	0	0	0	0	0	0	0	0	0	0	0	0	0	500	0	0	0	0	0	0	0	0	0	0	0	0	0	0	0	0	0	0	0	0	0	0	0	0	0	0	0	0	0	0	0	0	0	0	0	0	0	0	0	0	0	500	0	0	0	0	0	0	0	0	0	0	0	0	0	0	0	0	0	0	0	0	0	0	0	0	0	0	0	0	0	0	
44	56	48	66	58	51	2	24	11	53	37	30	29	77	17	42	77	63	67	56	60	40	0	41	22	20	78	31	69	34	41	55	70	17	42	97	45	12	34	98	40	62	38	80	12	42	8	43	62	51	84	61	98	47	63	46	98	36	26	8	35	5	66	19	45	84	53	40	54	10	26	89	7	20	24	31	96	79	84	10	23	84	65	7	65	48	18	48	35	72	6	49	41	37	76	60	53	0	49	21	68	90	12	89	94	35	60	43	29	66	12	65	42	35	47	86	78	82	34	2	17	70	88	11	5	38	40	38	78	5	93	62	66	90	58	91	19	51	12	71	27	10	58	69	2	78	63	90	19	25	11	38	28	4	3	55	9	16	20	9	68	38	87	25	2	51	98	49	28	40	13	9	74	82	57	47	50	54	11	7	37	17	13	43	83	16	82	35	3	79	85	96	39	77	30	97	91	50	63	56	6	42	63	48	54	28	5	53	40	39	57	65	16	66	40	8	64	80	59	12	37	68	99	61	75	61	54	37	81	93	20	4	38	1	94	44	79	87	69	49	18	42	67	20	4	80	60	27	90	70	69	75	92	57	99	59	93	98	59	71	55	22	35	49	70	57	38	89	69	66	51	89	2	33	42	96	86	67	37	23	41	60	75	50	21	87	79	82	39	63	45	21	31	11	74	52	51	18	31	6	40	7	82	67	7	89	15	85	76	34	71	88	1	60	79	26	2	66	76	54	98	30	12	81	56	33	3	67	2	92	70	89	72	52	94	73	16	86	16	79	91	23	62	9	86	8	12	63	89	2	55	67	86	74	24	73	82	33	56	87	1	19	89	29	17	7	55	65	47	97	47	35	47	41	10	16	11	82	73	18	96	71	14	77	87	3	81	23	56	81	31	36	65	7	53	14	23	15	96	33	46	96	6	11	60	64	79	32	94	88	64	49	73	77	86	44	81	24	51	21	96	54	62	38	79	32	94	72	6	15	51	70	31	24	26	96	15	32	37	12	18	0	16	13	34	32	39	24	20	79	98	25	85	61	47	54	57	66	80	90	18	17	19	33	53	89	76	18	58	53	84	50	63	92	28	3	65	9	6	9	52	75	89	62	70	40	20	38	16	53	11	30	39	28	0	80	59	68	18	65	74	35	84	69	49	42	34	41	80	14	17	23	61	20	90	19	37	1	15	15	41	33	52	15	53	55	26	69	99	99	54	97	11	86	5	28	56	20	1	52	97	56	41	58	95	21	68	90	33	18	62	77	10	46	69	69	76	40	96	22	23	23	82	38	54	45	79	17	68	4	92	97	98	11	43	6	39	88	55	65	42	64	95	16	8	68	27	84	24	57	12	1	81	84	35	12	17	22	38	95	32	32	77	62	65	51	89	55	7	28	51	2	79	84	48	56	20	39	62	16	13	48	5	28	56	55	82	43	17	92	50	85	2	14	87	76	80	52	44	65	16	81	88	59	30	48	19	54	60	67	70	24	27	20	7	60	95	42	85	91	70	95	47	13	57	24	53	28	29	22	76	60	82	22	66	94	74	65	75	68	77	28	87	34	14	80	85	58	84	22	46	44	92	39	61	70	49	4	77	76	58	1	18	32	89	93	85	66	62	12	47	23	88	94	78	69	58	38	73	76	69	35	63	62	68	32	92	80	26	60	58	77	53	98	68	4	17	1	77	62	44	95	5	43	43	9	73	53	7	1	70	8	4	90	38	37	44	82	40	66	4	34	95	92	28	87	27	34	18	54	42	44	35	88	43	52	23	45	9	10	45	76	8	44	68	93	1	57	37	29	5	22	66	0	54	75	32	9	60	81	8	59	12	34	19	33	99	43	81	10	50	99	88	5	19	42	12	53	85	82	99	80	51	71	30	68	1	51	18	4	33	37	35	58	86	26	11	3	3	6	63	80	96	46	52	94	70	60	18	10	59	4	11	13	46	36	43	76	70	81	64	16	79	90	83	26	98	74	29	75	89	98	86	63	79	6	53	21	95	56	36	41	85	12	87	67	22	11	89	34	60	19	24	17	98	0	0	71	15	40	20	55	55	11	67	31	0	71	7	25	25	52	16	84	33	32	80	18	79	19	84	48	70	58	44	15	91	91	39	32	69	11	36	84	3	69	88	28	25	33	29	45	28	9	41	16	1	53	38	38	49	51	44	28	66	90	42	87	20	87	46	19	92	14	24	39	63	65	98	26	51	47	5	27	36	84	26	9	54	35	77	35	0	65	85	80	15	72	32	71	22	80	38	39	84	7	2	58	69	21	82	1	46	75	50	42	80	35	21	8	93	2	82	53	29	20	22	14	16	94	68	76	94	94	31	0	45	12	85	83	87	30	54	61	10	40	12	97	62	52	8	83	16	78	31	96	38	71	41	68	35	81	28	10	2	53	41	41	7	23	56	56	51	48	32	46	75	66	75	70	81	93	5	11	25	55	45	76	56	12	89	20	71	26	30	81	47	49	52	40	2	30	65	50	59	67	30	64	41	77	87	99	69	84	26	32	50	57	4	96	87	34	50	40	91	83	24	29	61	74	80	4	66	91	95	42	45	80	65	23	9	97	0	94	25	47	89	23	92	40	25	34	27	92	40	74	29	81	60	30	45	16	41	73	95	96	62	38	8	41	54	99	41	85	62	62	83	76	9	22	84	32	58	97	44	80	7	60	48	9	52	92	61	3	83	54	56	71	81	11	79	11	79	64	6	99	89	10	10	93	69	38	92	21	52	93	38	21	34	40	83	57	18	88	46	91	90	57	51	7	70	6	60	46	89	94	36	30	97	80	70	23	19	79	82	67	55	30	73	7	39	88	0	50	72	60	65	3	79	89	43	27	44	61	49	38	69	97	31	2	2	15	31	59	41	54	52	94	19	48	17	61	5	14	98	81	0	49	84	33	32	58	0	25	18	86	48	79	65	13	23	39	88	18	24	23	53	1	35	58	93	23	34	77	12	56	76	40	48	95	68	72	30	3	54	55	10	87	19	26	62	18	13	32	71	35	83	41	2	97	68	87	91	27	60	10	12	92	36	84	1	74	85	76	25	2	5	11	3	5	32	69	77	84	99	75	67	36	7	71	39	50	45	2	98	3	59	19	21	92	41	6	76	94	0	37	33	94	85	83	13	17	49	33	24	55	82	23	24	67	96	3	46	33	36	97	30	25	63	62	87	34	58	28	87	95	79	79	2	87	94	97	87	61	8	10	20	71	26	68	26	99	49	95	73	88	71	93	36	36	8	30	25	92	21	43	52	85	23	62	16	88	32	76	11	46	71	24	50	72	31	34	57	7	32	72	70	56	20	18	98	8	90	46	89	72	29	7	85	73	97	74	23	7	31	43	0	49	40	68	92	34	65	13	97	1	12	59	52	77	77	60	1	49	77	4	58	84	13	81	4	65	99	75	75	51	22	92	69	40	45	96	67	97	93	28	98	20	89	46	34	96	79	47	25	35	69	27	84	2	75	87	23	70	98	21	20	28	75	13	36	97	56	1	88	37	81	5	8	39	27	59	70	15	59	67	54	6	30	38	47	32	14	50	28	96	58	72	7	77	21	64	16	26	35	75	73	94	62	35	11	32	25	20	38	47	79	12	73	70	28	31	99	84	61	95	65	83	80	84	86	8	60	35	93	68	52	42	3	76	68	10	55	73	53	23	56	96	77	42	28	34	63	29	87	64	18	12	88	7	62	49	74	96	24	20	14	0	70	27	63	91	99	18	24	72	74	90	75	7	15	45	36	8	99	56	29	82	16	26	7	8	5	91	51	13	13	73	97	60	24	52	67	79	55	18	34	36	88	47	42	50	62	13	81	99	36	3	8	44	54	62	44	94	73	2	37	2	59	88	25	89	12	78	0	84	68	4	33	72	63	84	75	2	83	6	80	47	74	96	40	92	34	78	45	74	3	6	12	37	62	56	14	32	0	93	43	10	39	31	73	22	94	26	88	39	76	12	47	60	81	58	73	0	55	63	28	54	89	27	60	93	22	0	79	27	90	25	46	1	66	91	2	93	19	66	99	66	11	91	31	14	53	48	59	10	80	78	7	43	68	56	97	10	71	46	38	16	12	62	58	65	82	8	36	92	69	58	91	25	50	67	84	81	58	56	78	28	11	45	0	81	5	51	71	63	9	16	6	73	0	65	64	74	87	73	59	29	76	64	79	25	94	64	86	5	96	41	13	64	15	57	89	76	98	39	34	94	35	4	98	39	20	88	10	4	13	12	19	10	71	38	13	38	44	75	90	57	31	26	50	24	55	71	23	4	48	8	2	10	15	32	32	91	6	92	82	63	28	48	32	45	92	74	75	41	30	54	10	83	99	37	36	50	1	77	87	5	87	50	56	19	84	94	91	99	88	33	94	59	29	5	50	73	34	62	83	8	22	62	95	86	96	65	87	16	84	0	95	87	16	89	46	60	6	13	23	9	68	3	63	32	50	43	53	69	65	60	52	12	82	55	61	10	59	33	87	32	35	33	65	91	33	17	89	79	13	12	11	91	44	27	6	58	24	18	25	75	85	58	97	61	11	25	93	95	50	67	52	36	56	98	43	59	3	26	33	79	73	85	73	22	50	27	5	9	51	21	81	98	57	49	36	32	10	64	5	17	70	58	29	38	45	88	83	64	63	72	62	72	86	54	24	43	84	96	41	29	95	78	39	45	51	90	83	31	77	28	14	48	19	29	72	44	4	59	31	14	75	47	92	62	16	45	11	28	80	26	67	58	24	80	82	26	98	71	24	31	46	77	36	64	29	6	60	64	96	4	5	85	40	75	39	24	63	48	88	18	5	73	97	36	71	83	58	48	98	86	74	77	47	67	87	72	0	80	77	4	88	13	19	17	90	48	19	36	95	89	2	22	22	30	80	7	2	79	83	50	50	89	80	39	49	22	84	14	32	43	39	6	14	11	59	18	94	90	48	69	76	59	69	14	1	87	1	75	14	59	41	10	20	42	28	94	17	2	9	65	57	50	30	76	73	23	39	28	14	25	42	99	5	13	4	68	72	1	74	84	43	49	80	66	75	99	32	50	17	63	11	65	7	27	98	92	96	39	9	92	19	45	86	65	84	13	61	90	69	64	16	42	21	40	52	28	47	53	10	48	83	65	6	22	50	33	26	60	85	84	19	80	42	74	94	45	44	13	51	25	58	68	44	21	12	88	37	3	36	97	77	94	13	96	47	44	18	23	64	54	39	83	51	1	81	35	15	78	53	7	94	78	5	70	72	97	52	17	19	98	41	85	48	65	41	16	12	39	11	59	95	48	57	58	87	31	69	22	33	72	75	17	69	91	76	28	17	46	6	55	14	23	28	43	9	33	33	49	86	15	93	28	35	84	5	70	13	10	38	58	64	34	10	37	62	5	37	99	64	72	40	89	6	17	32	97	6	43	86	20	85	11	0	57	0	4	82	76	7	46	57	35	24	74	58	89	88	29	22	7	59	87	19	45	43	55	49	37	57	65	37	19	25	5	96	36	6	82	55	66	90	47	56	77	29	99	19	99	30	69	29	12	87	63	11	50	41	79	47	85	45	76	16	71	23	36	81	24	68	24	90	65	75	53	36	40	95	49	25	58	38	35	92	38	65	8	80	92	84	95	25	71	85	16	57	0	61	12	87	76	72	40	86	98	80	9	98	52	6	31	8	89	27	65	9	42	39	30	94	63	88	13	17	81	95	62	58	98	88	41	82	54	97	36	10	55	87	17	4	1	42	23	36	18	13	68	14	82	62	38	86	54	1	8	22	8	89	84	52	89	88	63	98	13	63	90	28	61	10	22	55	47	23	64	72	35	47	21	41	15	15	38	22	91	75	51	72	45	85	27	8	97	10	22	67	44	50	72	71	8	3	64	19	46	30	62	86	66	11	62	21	1	48	71	99	97	90	52	66	46	97	31	56	82	36	90	57	73	74	92	74	21	12	51	61	90	45	56	77	1	20	0	85	28	10	13	53	96	30	86	38	73	43	5	30	32	83	42	32	23	87	24	3	22	55	59	47	71	17	24	41	66	25	44	3	25	18	72	48	48	79	92	55	80	6	87	28	7	67	20	92	86	68	78	57	4	46	92	10	45	98	73	82	16	76	0	73	78	54	88	84	8	85	48	81	61	33	86	83	31	4	63	37	53	71	92	35	92	71	62	83	72	36	11	96	78	88	10	61	48	68	69	62	2	64	24	84	38	10	78	64	28	11	83	67	82	75	8	3	8	76	42	32	8	47	9	51	42	77	80	65	59	42	55	80	89	0	66	27	4	51	4	1	90	70	16	14	32	32	68	96	77	47	38	22	77	47	13	79	66	26	87	87	35	93	90	71	57	9	45	80	84	6	38	28	41	30	74	10	90	58	46	9	60	30	59	53	39	20	62	12	8	85	72	25	1	38	14	67	34	39	36	42	68	26	53	11	5	75	29	23	18	33	16	80	11	11	81	94	17	14	96	86	58	69	41	13	47	91	67	36	76	74	81	77	14	58	25	15	75	53	57	85	7	76	88	40	23	72	76	7	69	45	90	97	10	29	3	49	66	69	57	10	6	98	55	52	12	52	95	41	73	49	97	28	44	69	0	52	21	95	20	61	86	66	54	44	19	47	67	67	14	57	60	21	18	91	97	33	88	58	37	87	24	77	59	21	59	95	62	54	95	62	21	21	60	55	27	97	44	6	71	65	83	33	16	70	35	37	17	55	0	94	92	55	20	54	50	26	39	70	80	
96	68	75	8	43	43	3	43	35	91	91	17	85	0	92	26	9	83	14	8	38	49	34	60	27	23	81	78	6	23	13	76	88	68	95	94	50	65	79	47	13	46	14	33	54	88	97	52	49	24	50	11	25	83	98	12	65	79	12	19	96	79	96	18	57	94	92	54	22	48	99	43	40	62	45	55	84	33	40	59	59	78	48	35	85	19	75	17	45	83	36	45	54	65	15	5	87	89	66	14	43	4	32	57	0	83	22	42	27	43	88	74	89	58	75	4	39	63	65	71	49	81	22	48	2	20	7	97	97	97	86	99	33	41	47	15	13	85	43	53	67	30	40	91	60	70	63	13	69	96	3	98	31	15	72	24	22	23	72	87	73	57	86	6	7	71	10	10	27	44	46	50	56	2	2	1	20	59	15	56	60	91	59	93	41	95	19	65	36	84	14	33	66	51	67	25	87	1	91	71	30	4	29	23	46	4	73	99	57	1	1	24	33	94	32	50	33	63	67	63	91	13	65	64	27	54	66	17	56	77	24	56	6	9	98	70	21	46	88	11	56	73	88	13	70	47	26	28	89	97	48	46	74	52	62	40	74	74	49	75	66	42	78	91	39	67	20	13	1	69	17	32	99	85	44	15	56	24	41	19	95	7	66	7	71	12	39	85	26	54	53	93	69	4	22	70	81	90	94	14	2	17	27	85	39	46	37	21	12	6	13	51	69	3	89	72	64	68	97	96	35	8	10	96	49	7	22	87	84	86	90	99	77	34	85	0	28	68	2	61	20	34	42	84	65	27	17	2	75	66	72	63	84	75	25	13	90	63	48	0	0	99	42	62	44	64	61	68	51	92	41	94	33	18	64	10	97	57	54	21	19	13	32	47	59	67	64	34	79	12	66	70	13	5	88	30	20	15	22	16	26	96	89	12	4	67	47	57	86	67	32	25	15	20	45	8	79	59	96	88	66	97	13	58	75	16	58	94	25	31	3	38	70	21	82	43	47	94	59	17	17	71	87	74	49	65	79	38	95	29	89	35	38	32	58	22	38	72	58	16	75	56	74	93	3	47	51	78	83	5	35	50	40	75	23	92	39	22	71	33	25	88	12	0	11	24	99	24	85	53	86	54	58	67	2	8	9	14	34	79	97	14	77	84	9	25	4	7	35	37	19	18	20	75	99	77	37	49	42	54	2	99	80	70	90	38	54	77	41	35	66	73	7	27	20	11	6	63	2	47	91	85	60	19	0	4	51	27	68	19	85	42	8	22	6	22	23	46	68	59	81	16	15	84	30	21	64	91	85	99	49	36	57	41	94	97	48	50	5	75	55	10	65	46	55	98	34	72	9	3	74	14	82	70	81	8	87	9	13	84	28	75	81	2	84	51	25	76	50	57	59	47	52	30	83	59	59	3	30	78	32	85	46	1	64	73	67	37	60	65	67	82	57	37	34	5	91	58	53	20	57	0	18	4	74	91	73	42	40	81	64	34	12	68	15	82	75	2	75	30	2	66	94	80	86	59	8	37	64	69	14	86	20	57	82	75	73	68	5	21	50	76	70	67	66	28	84	16	4	31	72	49	98	89	30	72	37	19	39	26	85	30	9	68	93	71	20	82	69	39	45	90	5	96	18	36	12	9	87	94	33	73	26	85	98	44	75	49	60	59	95	32	76	83	72	59	91	18	34	86	46	79	62	7	25	85	74	35	67	88	27	46	15	36	72	66	23	40	33	71	73	25	76	79	20	6	4	87	2	41	89	84	55	0	93	34	94	19	40	22	19	7	71	31	66	97	80	52	22	54	35	34	94	23	86	31	0	42	9	76	41	18	57	98	82	78	36	29	64	10	18	27	84	11	21	40	75	66	17	34	81	96	87	94	76	99	25	44	38	98	87	54	30	24	39	89	78	21	97	53	87	98	10	72	14	8	12	35	56	20	51	74	17	44	88	15	36	95	29	15	16	88	74	82	84	3	1	85	95	41	6	67	47	63	50	55	29	74	11	43	62	35	18	99	51	4	74	53	92	89	98	34	20	18	71	18	22	98	80	79	17	46	0	29	96	13	8	66	77	89	88	55	45	88	17	69	33	57	45	4	30	55	68	94	69	2	12	55	30	19	77	29	28	47	16	33	18	24	51	67	46	93	10	33	57	21	86	8	80	44	5	92	0	39	7	91	46	47	66	21	59	9	26	64	15	54	52	5	33	40	78	17	52	30	80	36	83	79	92	11	45	7	86	13	56	15	83	17	37	96	1	76	61	12	96	77	96	78	46	7	25	5	95	75	83	44	64	91	73	38	3	72	46	59	92	59	80	29	32	64	60	27	53	13	51	3	55	58	22	27	64	29	46	95	0	3	87	12	33	24	12	7	86	82	68	41	23	90	94	55	54	60	33	83	22	58	19	28	40	4	45	45	75	32	80	86	31	91	85	76	86	62	20	64	11	37	96	63	15	98	44	39	85	65	42	7	76	36	80	94	49	8	49	8	48	45	79	54	54	69	27	45	93	64	81	50	13	61	80	71	67	78	88	87	93	71	5	9	20	43	53	13	51	60	86	60	49	90	27	11	39	27	30	31	89	24	80	77	60	81	73	3	85	56	72	13	78	6	73	31	84	39	24	92	51	89	39	76	16	65	44	65	52	95	82	10	73	69	67	22	20	59	28	40	68	91	18	23	44	62	29	19	73	48	76	77	79	56	30	2	15	60	14	28	63	64	99	58	83	58	63	59	92	54	27	91	84	79	8	31	59	67	95	80	19	99	61	11	40	51	42	13	15	37	89	40	38	93	1	19	17	85	84	65	50	58	23	98	1	76	95	43	23	45	53	25	94	50	30	70	34	35	27	53	17	54	53	81	83	12	4	1	81	77	82	52	57	31	1	70	55	78	32	73	4	92	57	32	30	62	37	29	30	36	37	30	23	72	58	91	28	43	28	17	74	58	10	97	17	0	11	88	14	77	69	59	6	0	90	76	63	95	33	34	30	15	88	88	35	84	56	50	11	84	57	41	31	23	18	74	97	59	74	90	46	1	24	83	61	29	3	32	62	9	33	28	67	94	99	71	87	16	30	98	98	25	43	18	54	34	91	60	67	67	7	89	19	74	15	51	74	39	50	14	93	97	59	19	77	70	56	23	48	30	34	47	59	60	38	56	78	14	81	99	94	84	60	62	1	92	28	9	43	90	13	28	93	17	94	50	29	36	78	51	19	16	19	73	28	83	27	99	70	90	41	68	46	38	86	83	27	79	81	31	5	43	46	20	62	98	90	99	57	50	81	1	34	4	69	20	75	20	60	91	0	24	53	9	58	53	38	98	99	31	92	95	28	88	0	65	68	0	98	77	62	73	85	48	31	84	4	96	66	98	22	8	35	75	70	99	32	56	98	13	20	72	79	43	12	54	26	6	15	15	4	24	81	98	74	36	76	18	40	45	3	8	33	26	10	2	44	82	3	9	19	9	22	30	28	21	61	33	10	21	4	3	59	19	80	19	32	41	2	32	97	11	89	80	9	90	95	99	59	67	39	71	54	27	9	65	21	3	75	53	34	52	1	25	46	72	28	61	78	7	82	51	91	70	23	4	70	42	89	93	68	64	8	34	17	77	81	68	80	99	22	6	20	9	75	39	87	58	93	53	98	78	14	72	10	98	75	10	68	91	27	43	21	50	45	26	97	68	6	69	87	87	38	20	50	3	62	6	33	21	44	85	43	94	0	85	2	39	47	88	19	81	47	43	3	1	52	6	79	13	20	59	96	8	91	87	10	9	30	86	32	4	15	18	97	34	42	84	55	37	73	0	43	56	80	52	66	62	64	68	77	18	91	98	89	75	81	99	87	5	47	39	71	85	75	48	80	8	9	95	53	0	87	4	24	92	97	97	62	39	81	71	81	97	87	14	19	30	12	52	28	34	13	26	4	39	92	32	8	59	2	80	80	72	27	30	82	65	32	72	76	13	6	75	5	56	43	99	7	15	84	38	55	71	33	37	78	42	35	64	0	63	87	97	88	97	23	1	34	19	52	36	58	24	41	8	70	72	61	13	99	40	33	17	18	94	73	1	48	5	70	69	42	96	70	39	29	51	49	44	30	30	60	48	61	17	53	61	93	58	8	16	85	83	59	49	35	13	34	10	64	38	34	44	17	70	49	35	55	78	35	21	23	43	58	70	69	2	10	96	92	88	20	36	79	86	98	94	93	70	52	92	45	52	28	79	45	93	61	75	82	86	19	22	65	32	80	61	3	20	16	72	20	7	65	29	3	27	18	44	7	44	27	39	75	54	86	35	78	8	39	89	98	19	67	45	40	74	28	12	77	83	2	81	94	56	11	59	39	48	87	27	31	42	63	80	5	22	77	5	32	93	53	99	19	21	49	12	0	81	69	21	44	67	6	19	0	13	26	18	41	59	41	35	15	42	60	37	57	67	69	83	58	91	37	3	97	36	99	85	97	93	6	11	24	17	63	9	87	88	46	98	91	70	80	97	13	87	55	7	78	97	99	94	78	78	25	91	84	4	87	90	15	90	73	9	33	39	73	81	44	23	71	27	11	91	40	3	40	20	46	82	55	23	97	98	75	98	54	24	64	5	11	21	6	12	73	9	24	46	3	26	85	95	37	97	15	32	21	14	83	19	70	22	6	55	36	24	33	27	25	63	89	47	9	37	22	39	5	38	15	46	91	72	63	17	11	67	25	3	27	58	60	58	95	20	50	36	48	30	4	41	4	66	79	74	47	97	47	12	7	88	91	52	4	11	99	27	63	67	23	46	58	27	21	83	57	70	3	42	38	9	40	84	29	95	82	62	95	31	33	41	46	18	68	70	10	70	7	70	60	88	62	7	82	13	20	69	88	97	52	16	36	22	92	31	66	40	86	55	88	61	33	35	21	90	34	45	45	75	8	59	38	58	27	92	35	12	7	91	93	29	15	4	47	27	46	28	84	31	75	29	93	85	97	6	70	31	74	21	40	21	19	0	65	1	36	15	17	16	68	63	38	26	43	13	72	53	53	50	52	26	0	60	12	25	42	30	28	64	70	7	69	0	26	38	41	13	7	82	64	17	54	91	92	80	87	87	45	25	97	41	4	18	79	92	47	11	88	15	94	87	43	13	63	72	78	50	2	18	58	7	12	11	48	21	55	52	33	1	35	37	98	9	42	36	99	1	32	1	19	41	6	23	9	48	58	96	64	78	16	44	75	96	93	22	4	28	31	68	0	1	10	14	72	66	0	2	76	31	69	57	55	48	31	67	21	24	21	34	66	0	19	51	8	95	11	10	40	87	20	21	4	30	39	53	38	88	47	14	62	25	60	70	12	49	68	45	97	50	90	45	69	90	11	99	11	78	34	3	74	12	58	71	64	96	88	76	82	50	52	30	9	93	39	99	10	50	23	16	54	68	64	21	26	61	27	80	98	91	62	61	57	78	46	78	66	10	94	44	23	98	81	76	1	78	76	74	65	64	95	75	12	55	11	90	19	22	37	22	59	76	31	8	40	92	18	71	93	82	26	53	9	39	4	78	58	56	69	85	65	99	51	80	55	55	67	12	69	47	40	85	8	43	77	40	77	68	43	72	64	55	82	60	28	53	55	97	64	71	24	62	26	67	29	26	36	45	67	78	29	49	40	61	67	34	32	17	50	80	57	10	33	73	67	27	64	80	3	94	3	67	39	27	1	76	95	72	37	67	45	50	13	37	37	9	50	27	0	63	45	38	60	45	15	43	81	11	69	64	17	27	95	52	52	78	72	70	51	44	79	98	4	55	74	53	67	91	78	32	49	75	49	21	20	37	61	11	93	9	58	49	63	58	56	70	29	5	60	25	0	37	78	14	44	85	65	43	30	66	36	91	79	75	77	68	73	78	93	88	37	11	21	11	11	77	6	65	72	2	17	85	41	42	54	28	0	0	4	81	62	62	74	82	27	92	15	93	88	97	94	14	14	78	73	93	27	14	29	13	15	64	59	27	12	21	92	78	42	59	40	44	99	71	46	47	27	86	49	71	99	84	48	0	28	71	34	73	16	59	45	90	96	14	38	93	80	33	42	77	69	24	62	9	73	85	66	64	12	17	29	77	39	68	6	24	12	48	20	26	11	73	2	40	13	82	74	60	44	37	89	69	85	54	52	86	87	0	24	75	54	45	41	57	12	41	22	61	68	70	51	64	46	85	88	39	36	58	83	4	42	95	53	63	90	9	95	52	43	40	2	90	17	62	3	85	18	63	47	55	97	98	78	27	91	85	87	31	99	72	85	37	41	98	51	1	19	49	44	16	76	65	18	19	73	28	66	7	93	63	96	81	36	22	19	27	12	3	51	92	72	82	64	99	76	74	1	28	74	65	49	88	54	71	58	72	22	71	49	98	6	63	59	85	83	39	93	8	46	61	64	98	90	82	72	70	49	14	88	52	58	87	63	45	45	82	40	27	64	83	70	33	91	60	51	42	43	5	52	78	94	89	78	93	84	30	93	90	95	48	64	18	3	6	3	96	85	58	82	90	3	92	79	58	81	46	92	28	48	85	12	12	58	13	77	21	60	88	80	72	81	35	81	36	44	50	55	19	6	27	70	75	7	90	30	15	80	13	97	54	3	33	93	92	72	59	81	90	16	83	83	90	77	98	56	47	19	79	36	24	80	81	86	24	76	69	74	14	88	89	88	62	6	46	78	57	38	53	74	12	90	38	55	89	50	35	75	63	27	16	99	85	39	80	83	79	
26	40	40	39	34	36	40	22	28	35	29	40	22	28	24	20	30	36	34	22	25	37	30	23	21	22	20	31	40	39	26	31	26	22	22	26	26	29	40	35	24	28	40	37	38	23	33	30	33	35	39	24	37	29	36	31	28	20	29	24	39	37	21	28	29	20	22	34	21	32	39	31	21	20	36	24	28	33	26	33	31	34	20	25	27	38	25	24	21	34	32	20	36	38	38	34	26	21	28	34	25	30	35	29	37	40	35	24	28	37	30	33	24	26	38	31	37	30	36	20	20	24	38	28	26	32	38	25	33	20	23	38	31	20	28	25	33	20	39	29	37	29	39	34	25	33	32	40	30	34	21	24	39	26	30	26	27	23	31	20	25	37	24	37	24	34	30	31	35	36	29	23	25	32	37	27	40	22	26	21	35	29	27	40	29	20	37	26	32	24	27	37	31	27	33	27	31	35	20	37	40	29	23	37	33	40	23	37	20	28	36	40	35	23	27	39	31	37	29	37	26	38	36	32	29	31	39	21	38	34	38	28	22	39	23	35	21	39	27	21	26	32	23	35	25	40	30	23	28	26	35	24	36	24	39	36	40	36	22	29	36	36	37	36	36	33	26	35	27	31	29	38	30	27	40	22	23	22	27	26	22	23	38	25	25	22	34	21	26	37	36	35	24	31	20	36	37	40	26	27	37	31	20	29	38	35	32	25	21	22	40	32	24	38	25	39	30	36	34	32	23	34	35	30	24	24	25	27	33	26	33	29	32	39	22	22	35	23	23	24	27	24	32	30	35	22	29	20	35	24	37	38	38	35	34	31	34	34	26	33	24	20	23	25	21	28	31	26	35	39	23	22	24	39	31	25	33	32	29	35	33	37	32	24	33	35	29	25	39	21	39	26	29	38	32	36	27	21	38	32	36	37	30	22	28	38	34	30	30	28	24	27	35	39	34	34	37	33	24	40	32	28	28	22	32	30	23	27	28	25	36	31	39	39	28	25	22	29	30	26	20	30	35	28	29	31	40	27	20	39	28	34	40	36	27	20	28	33	24	20	36	35	21	35	34	38	23	39	35	20	21	26	35	40	32	36	25	37	39	39	32	26	30	40	27	22	26	24	22	22	40	38	37	37	26	40	30	27	25	21	30	35	25	34	34	39	36	26	39	37	34	21	35	28	31	25	20	33	36	37	40	29	31	32	38	33	22	37	30	31	29	24	20	37	35	21	24	39	38	39	21	29	33	25	37	27	30	38	33	38	36	31	27	37	20	25	30	30	37	25	22	27	22	25	34	29	21	23	30	24	33	37	32	38	26	28	21	23	20	34	30	34	25	30	38	38	25	22	33	23	22	35	25	24	23	35	26	32	21	27	30	26	38	24	23	35	36	35	32	32	40	23	39	27	32	33	36	27	27	23	20	32	28	30	24	39	34	31	20	20	24	22	33	29	40	33	21	37	39	36	37	24	36	39	30	27	31	28	29	33	28	22	24	33	33	20	33	20	37	24	33	35	37	26	29	24	38	34	31	29	29	21	39	25	25	36	23	40	20	21	22	22	25	20	36	25	30	25	37	35	27	33	39	30	31	23	33	34	32	23	27	20	24	30	34	34	24	34	32	34	20	31	21	23	28	32	24	36	36	36	21	40	36	40	22	39	34	26	28	32	26	33	27	39	35	40	37	38	22	37	34	28	30	40	26	23	31	30	39	34	34	28	33	23	38	38	29	23	30	37	21	32	36	21	32	23	20	40	34	24	21	37	38	27	21	26	29	31	31	37	33	34	20	34	23	35	28	38	26	32	34	40	34	23	24	38	40	39	32	36	29	21	38	28	26	21	33	35	30	24	38	32	21	36	29	24	33	27	30	27	25	37	21	26	36	25	32	27	36	35	31	38	30	24	27	31	28	28	27	28	26	27	33	33	20	26	31	23	21	34	33	35	34	20	37	29	21	40	38	20	33	28	27	39	28	24	39	21	34	25	32	40	33	32	39	29	24	22	22	22	40	31	35	23	37	23	28	30	35	20	29	23	31	39	38	33	31	39	29	39	24	38	39	32	35	34	40	26	40	23	24	38	36	32	28	28	39	20	38	34	30	21	30	24	30	30	24	21	22	21	40	26	38	36	27	29	30	20	30	21	30	37	20	36	20	30	23	38	35	24	22	33	33	32	21	22	28	33	30	39	30	25	34	29	27	36	36	30	26	32	40	32	30	29	26	25	27	29	30	40	29	38	24	37	21	39	40	29	39	36	22	25	25	33	28	37	31	39	27	30	36	23	38	30	26	38	25	25	21	40	39	32	29	20	33	22	38	20	28	20	27	21	40	24	36	37	24	34	31	38	21	30	31	22	26	38	35	34	26	40	37	26	37	33	39	20	30	30	25	35	35	28	39	23	36	31	25	40	31	32	23	22	38	25	29	38	22	28	38	20	30	32	31	40	27	28	25	25	33	21	23	28	31	23	20	35	28	34	20	33	40	35	22	31	36	35	20	35	28	23	34	37	36	21	38	36	40	25	21	30	23	21	25	27	37	30	25	37	39	27	28	34	31	35	34	28	26	35	35	35	33	24	35	32	24	24	22	31	24	25	40	27	22	21	37	34	31	40	31	24	37	24	27	37	22	34	23	37	40	36	37	33	26	25	27	33	24	32	39	36	29	31	32	40	29	26	32	21	26	28	39	39	33	40	30	34	28	24	37	29	36	31	29	29	22	31	29	27	27	28	24	26	29	25	38	27	32	25	35	32	21	22	39	20	27	21	36	20	37	30	27	28	26	36	29	39	26	21	30	29	26	25	33	31	30	21	24	29	25	31	24	27	24	30	39	36	30	24	24	24	27	35	33	26	39	37	30	29	32	39	31	33	25	33	38	36	24	30	29	30	26	20	21	31	39	32	31	35	31	34	40	33	28	38	35	34	36	22	29	20	37	28	21	33	28	36	29	29	30	26	32	29	24	31	38	36	24	31	20	22	40	28	24	26	26	23	23	28	36	31	21	28	30	32	20	23	36	38	28	32	21	31	33	34	21	40	40	32	20	31	36	30	25	22	35	26	33	26	27	27	39	28	40	20	26	31	32	39	37	30	20	25	24	27	36	32	40	26	39	29	35	23	40	28	22	30	39	27	24	34	37	20	35	37	33	36	22	27	22	20	30	37	32	23	39	38	23	31	23	25	36	29	23	40	33	25	29	20	27	23	21	35	26	21	27	36	32	30	20	25	34	21	28	29	28	40	40	36	32	39	39	29	21	36	29	23	20	37	33	40	27	22	29	28	40	40	31	34	34	23	38	30	35	23	22	39	22	22	32	24	21	22	32	37	38	21	20	39	38	23	37	29	38	32	20	38	31	33	30	37	37	23	28	39	27	20	29	21	32	20	39	34	40	30	24	38	28	29	28	24	34	39	30	30	38	40	27	28	39	31	24	22	20	33	29	37	30	35	21	29	32	32	40	38	36	29	38	29	40	23	20	29	30	23	22	37	35	25	38	37	36	27	32	21	33	37	22	39	35	39	26	20	35	33	33	31	25	40	29	36	25	31	33	40	32	33	23	22	33	23	21	20	36	23	36	25	39	25	25	33	28	26	29	24	31	32	34	24	40	24	20	30	36	31	29	32	32	28	27	37	32	36	20	31	37	33	23	30	35	24	32	26	29	27	34	27	29	27	25	31	39	36	34	34	20	20	24	38	22	35	40	25	31	24	23	40	24	38	39	34	24	35	20	39	24	28	24	38	40	35	22	21	34	37	26	40	28	39	35	40	23	29	20	31	30	21	21	30	32	31	37	22	32	25	39	35	25	37	21	35	23	23	35	31	33	40	27	24	20	32	36	31	20	31	25	24	20	35	23	27	25	27	20	31	35	36	21	24	26	32	34	30	39	39	33	33	20	40	30	33	36	38	39	35	32	29	26	31	30	27	31	20	38	27	20	26	36	34	26	33	31	39	20	40	31	22	24	38	21	24	34	35	40	34	23	22	39	37	30	28	22	31	33	35	27	20	24	24	24	35	22	22	26	28	35	22	34	28	32	28	31	21	27	29	34	38	34	38	25	35	26	34	32	33	20	21	27	25	36	36	21	39	24	25	26	36	33	35	20	37	25	38	33	31	32	20	27	28	25	40	32	31	32	30	38	30	22	32	24	31	22	26	32	33	37	34	35	28	39	28	21	24	22	29	35	28	30	31	21	32	29	37	31	21	30	25	39	29	20	31	22	23	35	26	23	33	21	30	39	35	27	27	25	37	36	33	21	20	26	20	22	26	26	28	28	24	36	26	27	38	23	20	36	32	36	40	20	40	20	27	24	35	35	29	35	35	36	35	25	36	35	39	28	29	38	25	37	28	37	26	22	28	35	25	30	30	20	38	36	39	23	40	23	22	30	39	39	27	40	38	34	21	25	30	20	30	22	24	35	20	38	35	24	31	39	32	23	40	33	23	29	26	40	28	35	27	21	32	35	35	22	33	31	38	27	40	28	23	28	37	35	37	20	25	24	39	21	29	37	26	33	22	33	22	39	27	20	36	28	36	37	23	40	31	32	40	21	23	33	20	31	34	32	38	35	33	38	38	40	28	28	27	39	33	33	35	22	24	37	28	23	39	22	24	34	38	25	27	27	34	20	26	26	40	36	29	30	36	33	25	24	21	23	33	33	39	21	31	20	29	30	39	23	32	33	20	23	23	21	23	25	28	37	26	25	24	27	40	21	32	33	28	24	31	23	28	31	23	39	26	22	31	35	29	24	35	39	36	20	23	30	20	25	23	36	35	28	34	40	37	32	39	21	26	34	29	39	31	20	30	37	20	38	23	27	34	30	23	20	39	23	39	31	26	29	32	26	34	39	39	23	29	37	34	25	27	38	27	30	30	35	32	20	21	28	36	29	20	34	37	37	27	34	32	32	36	34	36	38	22	40	35	31	30	33	35	39	26	29	21	23	34	39	40	38	38	23	34	27	36	35	23	27	31	22	34	29	37	34	27	20	30	27	29	38	20	22	40	30	23	40	23	25	28	31	37	20	35	33	32	38	21	26	30	24	23	29	22	38	37	34	31	28	23	29	30	28	20	35	25	30	25	25	25	32	30	40	35	34	29	26	38	35	24	32	33	28	33	32	36	21	36	20	37	35	29	37	37	20	34	40	30	27	29	20	29	25	30	35	37	25	33	38	28	25	27	28	23	37	33	20	37	28	21	26	37	24	24	38	33	36	39	40	24	24	21	21	27	23	33	32	28	40	29	32	33	33	34	22	25	23	24	30	31	38	29	37	27	36	40	28	22	40	23	22	39	38	35	32	23	40	29	26	40	22	38	31	38	32	37	26	38	34	36	36	29	40	26	23	20	30	40	39	24	29	36	26	39	35	32	28	21	27	23	29	22	26	26	29	32	29	40	28	29	21	20	20	21	29	33	30	34	38	36	30	35	40	24	38	34	35	20	24	20	37	26	20	20	26	22	39	21	20	33	37	26	24	40	21	26	30	24	23	37	28	30	33	25	36	27	29	30	38	33	29	38	29	35	31	37	32	34	26	28	28	20	28	25	36	21	34	21	25	20	20	29	30	24	23	40	23	28	27	37	27	32	21	30	22	22	31	24	23	29	21	32	39	35	26	30	34	40	33	22	24	29	31	33	38	24	29	28	36	27	29	32	30	37	22	35	38	23	20	34	20	34	21	38	28	40	24	40	40	35	21	30	40	25	37	28	24	40	34	24	39	32	38	33	28	24	34	23	25	39	39	21	23	37	36	27	39	37	21	39	39	29	38	40	39	37	35	24	29	29	33	31	24	31	28	25	30	34	33	40	26	22	25	26	21	25	39	26	21	36	39	29	29	28	34	29	33	23	40	39	36	35	38	32	25	22	23	39	39	25	20	23	26	28	23	31	38	27	27	32	36	36	24	23	24	28	20	24	22	33	27	36	26	39	20	39	21	30	33	39	38	29	28	29	32	25	23	21	29	30	23	22	28	24	22	25	30	30	35	28	26	20	21	40	39	26	20	35	39	26	39	28	27	30	24	29	40	40	20	36	29	21	37	35	38	36	29	26	32	32	40	23	24	26	31	30	39	40	38	40	22	35	30	38	39	23	31	35	31	20	39	22	30	29	37	39	23	32	25	30	23	25	22	31	21	38	25	21	20	20	31	21	39	26	37	20	40	23	37	22	32	34	25	20	24	20	25	21	24	27	35	28	30	36	26	34	30	30	26	34	28	20	20	40	40	37	29	31	21	32	33	31	28	21	36	20	32	37	40	25	35	34	20	24	38	37	28	35	38	23	31	24	28	24	30	25	25	26	35	30	32	36	28	25	38	24	36	20	38	39	21	36	31	34	31	22	40	24	23	40	28	25	21	22	34	23	36	22	28	39	29	40	27	22	37	27	21	37	25	39	29	40	33	35	35	37	30	21	34	32	27	39	37	31	40	33	23	32	31	27	21	24	37	25	29	40	22	29	38	32	28	31	31	35	39	35	25	34	31	25	34	20	30	30	20	20	22	36	31	40	22	26	23	27	32	37	37	35	29	22	40	32	40	37	37	32	25	28	34	28	33	30	38	32	26	24	32	21	31	25	20	32	22	35	27	32	24	27	21	23	38	23	33	38	22	39	23	39	30	29	40	39	37	35	25	32	21	40	39	21	37	34	39	31	22	39	30	30	31	32	23	37	25	31	23	23	40	35	26	22	22	26	24	22	31	31	24	21	28	39	24	36	20	25	39	31	
38	43	15	14	48	46	19	49	14	36	32	33	13	18	47	36	41	18	33	34	37	13	32	28	29	13	28	47	19	37	41	22	27	21	13	26	25	18	13	20	42	10	21	49	18	26	13	50	12	50	15	25	30	12	27	32	49	33	48	16	38	19	11	47	17	44	43	27	13	12	24	30	16	46	40	50	47	17	27	35	48	15	26	41	26	11	20	20	23	44	33	48	31	12	19	21	46	18	18	48	44	43	16	43	32	10	30	44	39	45	30	29	47	25	40	38	30	50	26	39	20	36	36	33	26	36	49	24	11	49	45	43	33	49	43	32	14	31	37	27	42	27	27	29	48	11	21	22	14	10	42	45	31	23	13	19	23	41	13	19	26	25	46	20	42	31	30	28	33	25	34	46	27	16	32	50	41	45	24	22	26	13	16	45	11	34	29	26	50	50	18	45	14	10	34	24	36	23	40	35	37	13	35	15	10	36	18	39	13	17	23	12	15	31	27	34	41	42	14	47	25	33	18	27	48	45	25	22	38	35	37	20	47	42	45	24	12	26	40	42	45	49	30	30	50	45	26	19	20	28	16	50	49	22	44	42	25	50	32	41	45	28	35	29	38	37	46	37	22	49	30	17	35	22	10	41	48	36	39	47	17	23	15	19	40	40	21	16	24	17	18	16	46	35	48	49	22	42	43	50	29	13	25	19	31	40	27	42	30	26	17	33	41	40	50	33	26	25	43	35	45	48	40	24	29	36	39	47	47	40	41	21	41	44	16	36	22	20	45	30	36	46	48	24	29	29	28	48	48	32	35	47	26	35	38	23	35	43	42	28	10	29	31	37	27	20	50	42	29	16	38	20	12	27	21	49	21	10	29	39	11	10	18	27	14	16	49	17	43	48	43	38	34	44	50	31	45	44	48	34	50	41	50	50	39	32	33	50	48	47	24	24	29	23	31	11	23	37	45	14	19	39	24	35	25	13	30	22	16	47	34	41	43	11	23	35	24	10	49	47	47	30	37	28	48	50	23	47	18	16	19	50	33	22	40	14	13	21	35	27	47	50	13	45	36	23	44	22	39	24	40	23	35	31	33	39	27	32	30	10	28	46	39	10	26	26	22	24	37	25	19	10	18	45	40	36	10	48	13	49	39	46	21	49	25	31	15	23	35	33	27	27	44	19	13	12	45	43	27	29	45	31	48	41	18	12	15	28	13	44	50	40	46	16	48	38	13	12	49	25	31	41	35	14	21	14	21	22	20	34	50	25	26	28	12	11	36	46	48	41	25	24	21	42	17	47	10	47	40	35	24	43	34	20	20	10	23	13	44	38	48	41	41	20	19	37	39	33	29	14	16	17	44	10	37	11	33	38	36	32	43	32	29	42	44	42	35	28	47	21	45	23	29	25	37	50	13	41	20	48	18	10	29	35	27	33	48	35	31	12	18	40	30	43	35	19	16	16	46	25	49	35	49	17	33	37	20	41	37	20	10	34	42	26	37	50	37	24	18	29	10	21	18	27	23	40	49	22	46	35	34	49	11	29	10	24	49	29	35	30	41	36	23	49	49	10	36	20	20	46	44	31	10	15	33	31	50	45	19	46	25	49	12	45	12	23	42	11	34	43	25	22	22	40	23	48	37	48	17	41	25	48	15	15	50	16	45	17	29	40	15	16	17	22	19	39	49	50	17	14	26	50	35	16	10	35	33	37	27	39	49	19	32	43	19	19	47	46	19	32	38	13	29	20	10	42	35	49	13	48	33	32	48	30	29	25	35	19	49	12	17	22	41	10	39	21	29	40	31	45	49	42	17	19	23	15	42	23	35	41	42	31	21	37	15	16	30	39	13	48	21	13	46	12	40	11	35	35	27	43	42	35	36	33	38	39	45	37	22	46	22	31	33	22	44	19	39	28	10	22	15	29	27	22	21	30	17	19	50	36	10	34	17	38	18	21	24	13	43	11	19	11	21	14	18	50	18	32	26	40	49	20	39	15	40	18	45	16	19	48	32	36	49	42	37	35	16	35	38	13	47	25	33	20	27	29	34	16	47	25	17	40	14	23	14	30	42	47	43	33	28	38	30	34	50	41	18	48	36	49	38	12	46	45	10	46	30	42	31	22	12	11	41	43	24	12	40	22	38	35	36	20	49	12	13	25	45	28	23	17	11	19	11	39	47	16	23	30	28	48	38	41	20	30	14	37	29	18	14	44	42	28	22	42	23	49	30	17	39	50	48	14	44	24	30	35	12	27	18	10	33	22	11	23	25	36	38	46	16	46	48	47	27	22	31	47	28	23	29	23	47	22	10	11	50	38	50	13	47	43	45	32	29	26	23	29	18	37	22	49	16	10	49	11	39	25	20	48	37	22	40	15	40	32	12	30	12	49	11	36	44	20	32	45	19	41	21	42	26	28	13	20	27	41	24	30	10	33	10	35	32	34	11	33	24	36	44	20	15	22	44	21	47	15	29	31	19	15	34	41	10	26	41	39	39	11	44	14	44	43	49	20	27	41	22	40	13	40	29	35	33	14	45	14	22	14	14	10	33	37	30	50	38	17	44	27	48	10	39	25	16	28	26	27	18	33	22	35	21	50	30	15	40	43	14	44	40	24	37	46	42	38	20	48	50	50	22	26	27	43	25	43	30	28	39	45	28	15	39	22	22	13	45	32	48	43	20	11	49	42	26	39	44	39	10	17	21	15	13	38	31	24	22	42	50	30	18	46	30	34	22	40	28	26	23	26	31	20	21	10	47	43	40	50	28	15	23	30	46	16	38	23	41	43	21	11	17	17	11	19	29	37	10	22	45	45	42	10	36	44	39	40	23	13	48	20	42	43	14	48	47	25	12	24	14	13	19	21	18	26	39	29	49	48	42	30	14	26	33	15	34	48	20	23	48	50	50	22	48	49	24	31	40	50	49	42	13	24	14	37	17	47	18	47	43	46	16	45	22	25	12	22	40	29	22	41	38	19	42	17	30	37	32	31	38	36	23	47	43	31	18	48	37	12	19	22	35	45	44	16	34	30	42	44	28	34	49	23	46	17	15	46	33	37	35	30	13	40	46	31	36	30	47	43	10	31	31	17	39	44	11	38	30	47	28	39	10	10	33	24	14	33	29	40	29	24	24	19	13	19	24	46	14	38	31	37	23	48	11	12	19	48	18	10	25	50	19	12	24	13	38	43	39	39	11	31	34	34	37	50	19	50	30	34	16	18	18	42	49	50	30	31	39	13	14	45	15	18	27	24	21	50	10	20	33	33	30	30	10	33	12	33	27	27	20	15	14	33	29	15	11	34	45	45	13	27	47	42	32	16	19	34	45	25	30	41	12	21	27	19	23	19	40	20	27	18	24	22	31	24	20	21	23	14	36	12	14	14	47	46	40	22	14	14	29	36	47	24	47	33	48	30	35	28	17	35	26	31	40	35	31	19	23	22	40	21	42	18	29	44	21	24	45	21	11	27	20	30	48	21	45	41	43	42	21	35	16	34	19	29	47	25	28	26	35	16	35	28	11	20	17	49	40	21	27	41	50	13	30	22	33	14	36	43	31	28	26	29	43	22	46	20	45	16	35	49	36	27	22	32	23	33	47	28	11	26	24	15	27	35	42	41	21	34	27	45	12	19	31	23	27	22	14	31	22	46	18	46	33	26	47	29	17	37	19	27	47	22	27	13	23	42	12	20	20	21	21	45	23	29	11	47	18	31	27	38	17	39	31	22	47	34	19	36	41	13	29	43	21	21	41	41	27	38	11	47	20	29	42	47	46	46	10	35	45	14	16	27	50	24	15	14	26	43	16	31	25	24	50	32	14	13	31	23	38	22	27	19	40	49	14	49	45	11	44	23	14	41	38	15	48	16	16	30	18	33	10	38	26	18	47	50	38	20	18	38	34	48	19	43	38	10	40	16	43	29	34	18	48	12	15	38	31	12	39	24	44	16	17	12	24	10	32	44	18	23	49	42	23	24	16	32	13	26	36	36	27	29	46	50	44	32	43	13	29	18	24	45	10	34	50	34	40	21	29	28	16	44	15	50	17	45	39	16	34	28	23	16	47	11	11	50	49	39	12	35	48	22	19	16	39	40	32	18	49	41	34	33	39	23	44	27	33	10	21	19	42	15	49	10	31	29	47	26	36	16	11	12	29	16	37	15	46	41	27	19	22	50	20	32	36	23	46	34	40	32	50	29	42	32	12	16	38	15	24	46	10	24	21	39	42	43	10	50	43	43	40	36	39	22	10	31	26	25	47	45	46	42	24	43	15	29	42	40	37	48	18	35	12	14	46	24	12	13	34	25	46	44	44	24	16	19	50	50	49	19	39	25	31	30	22	44	42	26	28	30	28	10	13	41	12	29	29	21	32	38	31	39	26	47	12	30	24	31	31	31	21	50	27	12	35	18	36	11	37	46	17	49	39	24	21	18	16	28	47	20	38	39	26	15	31	44	31	50	11	39	49	43	45	34	25	12	45	19	19	32	14	29	33	45	29	19	40	14	47	25	40	34	32	17	23	22	50	24	42	19	48	23	27	12	37	27	39	22	10	32	36	40	28	38	38	15	35	27	10	36	29	40	24	12	30	24	27	27	21	31	50	47	42	39	20	25	27	18	49	39	19	11	11	24	19	22	48	16	30	12	26	38	23	24	35	17	20	11	29	43	35	25	28	17	41	35	10	47	13	11	11	37	44	46	38	29	18	27	34	43	19	12	22	18	29	29	23	29	25	30	16	19	30	50	31	16	25	33	43	25	26	14	39	45	40	27	18	21	21	50	12	12	34	50	42	24	35	37	33	23	42	23	19	33	45	22	23	43	24	14	42	47	12	22	15	37	47	49	21	38	50	14	26	11	21	16	20	19	29	39	31	26	19	19	13	26	28	38	27	12	36	40	31	46	11	43	27	10	22	30	36	45	31	50	19	46	21	15	50	42	11	14	39	23	35	33	34	20	50	46	39	19	18	12	13	41	44	40	46	43	19	22	37	39	33	30	26	33	12	35	16	18	41	18	20	41	31	44	14	29	27	17	50	22	23	33	12	17	27	35	14	28	43	39	30	35	38	35	39	49	44	49	31	24	46	39	31	38	13	12	17	49	30	16	24	26	26	11	24	43	31	18	50	26	34	39	18	12	10	38	14	28	13	48	40	17	46	10	44	27	43	22	15	47	16	32	48	19	39	32	31	11	13	11	13	20	41	35	25	35	12	27	45	40	33	11	36	13	38	42	22	48	37	13	47	18	46	36	12	15	28	44	38	32	45	36	41	48	42	49	25	10	34	16	34	19	27	43	13	48	13	35	31	14	24	27	21	43	38	20	23	13	23	39	27	30	32	23	14	16	36	21	12	26	40	36	25	33	50	34	37	48	50	12	43	15	45	25	15	13	21	37	35	50	45	29	44	11	14	14	38	30	44	23	19	46	12	18	25	16	35	16	38	40	46	34	12	14	38	40	43	47	34	35	30	18	19	36	21	12	21	12	27	28	33	27	11	18	28	43	23	47	34	50	23	40	42	43	45	42	33	10	46	30	16	38	22	27	48	50	45	41	33	48	45	34	31	23	32	48	37	34	49	41	47	36	46	46	26	18	32	30	45	41	19	30	47	26	16	44	48	42	16	12	16	21	16	27	28	15	24	42	20	11	10	46	29	29	38	21	36	14	19	27	38	21	37	23	43	11	26	33	49	45	21	13	41	35	43	31	45	11	34	38	32	15	36	25	12	26	15	45	22	31	19	19	27	33	13	46	34	26	25	40	40	30	42	50	15	39	50	34	49	15	33	10	45	50	16	17	15	41	21	43	12	39	16	14	24	47	11	22	41	10	27	14	19	28	35	38	10	37	10	10	27	49	36	37	17	24	38	19	47	14	40	42	38	21	46	16	35	46	36	23	29	25	46	10	16	10	21	15	13	28	19	20	10	21	16	34	26	41	44	47	13	50	25	26	15	38	49	24	10	50	11	30	21	13	37	25	29	50	47	27	32	25	42	47	37	35	11	17	22	42	37	46	18	46	10	25	13	41	32	42	19	42	49	24	23	36	32	14	38	46	13	41	47	50	50	47	48	31	19	45	24	15	33	32	26	34	31	43	23	41	17	37	10	11	34	28	47	33	36	35	32	20	47	12	47	11	26	49	39	22	28	20	40	47	44	34	19	28	19	46	42	20	40	45	21	10	43	29	18	28	13	34	27	26	31	28	30	34	48	36	41	39	21	21	10	46	45	27	34	48	40	23	17	42	12	24	34	22	26	26	39	42	27	17	26	12	38	45	26	47	16	28	43	22	42	36	12	43	30	47	21	35	15	28	30	13	42	19	14	26	29	41	35	23	42	30	36	43	14	28	25	12	27	49	12	34	42	48	46	10	33	10	17	20	42	18	10	39	48	37	23	14	24	14	27	18	40	31	14	17	32	24	23	33	43	46	49	15	50	36	49	11	16	45	45	26	42	41	13	49	16	35	17	47	18	32	44	25	17	16	13	38	15	20	10	18	38	25	21	28	46	24	20	25	35	35	28	23	40	10	12	34	21	49	28	17	33	27	13	24	37	49	49	46	18	33	25	21	26	24	49	13	45	32	22	43	23	19	21	34	40	15	12	49	17	14	12	35	33	39	36	30	22	29	11	30	14	50	39	32	21	49	41	33	21	43	28	37	24	42	38	50	23	42	45	41	26	48	31	34	32	13	20	23	38	43	29	37	49	13	27	32	29	24	25	29	18	46	10	38	
20
60
