546
40
0	0	0	0	0	0	0	0	0	0	0	48	500	0	0	0	0	0	0	0	0	0	0	0	0	0	0	0	0	0	0	0	0	0	0	0	0	0	0	0	
0	0	0	0	0	0	0	0	0	0	0	0	0	0	48	500	0	48	0	0	0	0	0	0	0	0	0	0	0	0	0	0	0	0	0	0	0	0	0	0	
0	0	0	0	0	0	0	0	0	0	0	96	0	0	0	0	0	0	0	0	0	0	0	0	0	0	0	0	500	0	0	0	0	0	0	0	0	0	0	0	
0	0	0	0	0	0	0	0	0	0	0	0	0	0	0	0	0	500	0	0	0	0	0	0	0	0	192	0	0	0	96	0	0	0	0	0	0	0	0	0	
0	0	0	0	0	48	0	0	0	0	192	0	0	0	0	0	0	0	0	0	0	0	0	0	0	0	0	500	0	96	0	0	0	500	0	0	0	0	0	0	
0	0	0	0	48	0	0	0	0	0	0	0	0	0	0	0	0	0	0	0	0	0	0	0	0	0	0	96	0	0	0	0	0	0	0	0	0	0	0	0	
0	0	0	0	0	0	0	48	0	0	0	0	0	0	0	0	0	0	0	0	0	0	0	0	0	0	0	0	0	0	0	0	192	0	0	0	0	0	0	0	
0	0	0	0	0	0	48	0	0	0	0	0	0	0	0	0	0	0	0	0	0	0	0	0	0	0	0	0	500	0	0	0	192	0	0	0	0	0	0	0	
0	0	0	0	0	0	0	0	0	0	0	0	0	0	192	0	0	0	0	0	0	0	0	0	0	0	48	0	0	0	0	0	0	0	0	0	0	0	0	0	
0	0	0	0	0	0	0	0	0	0	0	0	0	0	0	0	0	0	0	0	0	0	96	0	0	0	0	0	0	0	0	0	0	0	0	0	192	0	0	0	
0	0	0	0	192	0	0	0	0	0	0	0	0	0	0	0	0	0	0	0	0	0	0	0	96	0	0	0	0	0	0	0	0	500	0	0	0	0	0	0	
48	0	96	0	0	0	0	0	0	0	0	0	0	0	0	0	0	0	0	0	0	0	0	0	0	0	0	0	0	0	0	0	0	0	0	0	0	0	0	0	
500	0	0	0	0	0	0	0	0	0	0	0	0	0	0	0	0	0	0	0	0	0	0	0	0	0	0	0	0	0	0	0	0	0	0	0	0	500	0	0	
0	0	0	0	0	0	0	0	0	0	0	0	0	0	0	0	0	0	48	0	0	96	0	0	0	0	0	0	0	0	0	0	0	0	0	0	0	0	0	0	
0	48	0	0	0	0	0	0	192	0	0	0	0	0	0	500	0	0	0	0	0	0	0	0	0	0	192	0	0	0	96	0	0	0	0	0	0	0	0	0	
0	500	0	0	0	0	0	0	0	0	0	0	0	0	500	0	0	0	0	0	0	0	0	0	0	0	48	0	0	500	0	0	0	0	0	0	0	0	96	0	
0	0	0	0	0	0	0	0	0	0	0	0	0	0	0	0	0	0	0	0	0	0	0	0	0	96	0	0	0	0	0	0	0	0	0	48	500	0	0	0	
0	48	0	500	0	0	0	0	0	0	0	0	0	0	0	0	0	0	0	0	0	0	0	0	0	0	0	0	0	0	0	0	0	0	0	0	0	0	0	0	
0	0	0	0	0	0	0	0	0	0	0	0	0	48	0	0	0	0	0	0	0	0	0	0	0	500	0	0	0	0	0	0	0	0	0	0	0	0	0	0	
0	0	0	0	0	0	0	0	0	0	0	0	0	0	0	0	0	0	0	0	0	0	0	0	0	0	0	0	0	0	0	0	0	0	0	48	500	96	0	0	
0	0	0	0	0	0	0	0	0	0	0	0	0	0	0	0	0	0	0	0	0	48	0	0	192	0	0	0	0	0	0	0	0	0	500	0	0	0	96	192	
0	0	0	0	0	0	0	0	0	0	0	0	0	96	0	0	0	0	0	0	48	0	0	0	0	0	0	0	0	0	0	0	0	0	0	0	0	0	0	0	
0	0	0	0	0	0	0	0	0	96	0	0	0	0	0	0	0	0	0	0	0	0	0	0	0	0	0	0	192	0	0	0	0	0	0	0	0	0	0	0	
0	0	0	0	0	0	0	0	0	0	0	0	0	0	0	0	0	0	0	0	0	0	0	0	0	0	0	0	0	0	0	48	0	0	500	0	0	0	48	192	
0	0	0	0	0	0	0	0	0	0	96	0	0	0	0	0	0	0	0	0	192	0	0	0	0	0	0	0	0	0	0	0	0	0	0	0	0	0	0	0	
0	0	0	0	0	0	0	0	0	0	0	0	0	0	0	0	96	0	500	0	0	0	0	0	0	0	0	0	0	0	0	0	0	0	0	0	0	0	0	0	
0	0	0	192	0	0	0	0	48	0	0	0	0	0	192	48	0	0	0	0	0	0	0	0	0	0	0	0	0	0	0	0	0	0	0	0	0	0	0	0	
0	0	0	0	500	96	0	0	0	0	0	0	0	0	0	0	0	0	0	0	0	0	0	0	0	0	0	0	0	0	0	0	0	0	0	0	0	0	0	0	
0	0	500	0	0	0	0	500	0	0	0	0	0	0	0	0	0	0	0	0	0	0	192	0	0	0	0	0	0	0	0	0	0	0	0	0	0	0	0	0	
0	0	0	0	96	0	0	0	0	0	0	0	0	0	0	500	0	0	0	0	0	0	0	0	0	0	0	0	0	0	0	0	0	0	0	0	0	0	0	0	
0	0	0	96	0	0	0	0	0	0	0	0	0	0	96	0	0	0	0	0	0	0	0	0	0	0	0	0	0	0	0	0	0	0	0	0	0	0	0	0	
0	0	0	0	0	0	0	0	0	0	0	0	0	0	0	0	0	0	0	0	0	0	0	48	0	0	0	0	0	0	0	0	0	0	0	0	0	0	0	96	
0	0	0	0	0	0	192	192	0	0	0	0	0	0	0	0	0	0	0	0	0	0	0	0	0	0	0	0	0	0	0	0	0	0	0	0	0	0	0	0	
0	0	0	0	500	0	0	0	0	0	500	0	0	0	0	0	0	0	0	0	0	0	0	0	0	0	0	0	0	0	0	0	0	0	0	0	0	0	0	0	
0	0	0	0	0	0	0	0	0	0	0	0	0	0	0	0	0	0	0	0	500	0	0	500	0	0	0	0	0	0	0	0	0	0	0	0	0	0	0	0	
0	0	0	0	0	0	0	0	0	0	0	0	0	0	0	0	48	0	0	48	0	0	0	0	0	0	0	0	0	0	0	0	0	0	0	0	0	0	0	0	
0	0	0	0	0	0	0	0	0	192	0	0	0	0	0	0	500	0	0	500	0	0	0	0	0	0	0	0	0	0	0	0	0	0	0	0	0	0	0	0	
0	0	0	0	0	0	0	0	0	0	0	0	500	0	0	0	0	0	0	96	0	0	0	0	0	0	0	0	0	0	0	0	0	0	0	0	0	0	0	192	
0	0	0	0	0	0	0	0	0	0	0	0	0	0	0	96	0	0	0	0	96	0	0	48	0	0	0	0	0	0	0	0	0	0	0	0	0	0	0	0	
0	0	0	0	0	0	0	0	0	0	0	0	0	0	0	0	0	0	0	0	192	0	0	192	0	0	0	0	0	0	0	96	0	0	0	0	0	192	0	0	
19	29	0	1	6	27	26	14	9	12	0	19	21	3	3	17	2	23	4	1	25	34	4	21	28	4	20	37	27	7	12	34	39	36	15	37	3	4	21	31	21	31	30	10	24	23	37	21	5	21	18	35	35	33	13	12	14	21	1	26	21	10	5	20	25	1	27	29	4	18	29	37	22	39	10	37	16	33	28	7	37	32	28	2	19	22	12	1	5	20	27	36	19	2	35	28	23	34	21	18	10	29	26	8	35	20	18	14	22	39	16	21	9	32	28	14	24	24	31	26	9	7	34	11	7	7	21	25	3	9	27	37	37	30	19	0	6	14	24	20	32	19	1	16	27	37	33	7	25	15	7	33	2	0	22	39	8	33	13	35	11	21	22	36	37	27	10	29	38	5	2	14	31	35	0	24	34	23	11	37	16	18	29	37	9	29	39	32	14	24	18	25	9	37	6	25	2	37	6	7	3	16	34	30	12	17	19	14	14	6	1	32	19	3	23	21	20	15	13	23	9	28	11	29	19	11	36	34	36	36	15	6	4	17	6	26	29	35	19	16	7	10	13	24	20	33	30	35	28	23	0	18	17	29	26	6	27	21	30	25	35	8	37	18	27	31	16	4	3	10	16	23	21	12	22	13	9	35	19	21	9	35	32	2	37	3	37	28	15	21	37	28	39	10	16	11	23	26	7	35	31	7	10	36	24	18	20	39	20	35	4	21	35	12	5	23	39	6	14	15	16	10	17	36	32	16	24	17	15	26	10	30	23	0	9	13	24	13	22	5	20	8	19	33	19	27	39	33	30	14	36	38	15	19	35	18	38	35	29	36	37	7	19	39	4	7	13	35	21	13	38	9	16	2	38	11	15	6	30	24	18	11	38	27	2	18	1	4	1	19	6	20	32	16	0	13	7	2	6	6	31	26	27	34	26	8	30	1	24	14	18	4	35	37	14	13	3	29	12	36	1	9	37	17	23	7	3	23	14	11	21	15	14	4	5	32	32	36	4	29	14	20	11	38	0	4	27	20	0	30	28	24	6	35	9	3	4	27	2	31	10	0	24	12	26	35	11	19	28	21	38	21	33	6	25	12	3	8	36	23	19	28	18	9	24	26	10	34	30	12	31	36	28	35	32	38	19	15	15	11	4	26	21	11	17	29	12	39	35	17	3	8	18	6	28	24	24	6	0	14	20	26	24	37	10	10	5	6	17	8	32	16	18	21	10	29	31	18	20	39	16	15	22	22	14	22	
4	1	30	21	38	7	12	31	26	10	6	25	20	23	17	15	9	3	19	22	16	27	7	4	12	36	28	21	35	19	6	14	9	36	34	21	36	38	13	22	33	12	36	31	28	20	37	4	35	27	12	10	18	6	5	23	7	26	31	23	23	20	14	16	15	8	7	38	27	37	32	30	0	14	20	14	13	2	34	2	37	28	21	32	5	10	12	12	12	25	35	27	37	22	31	27	21	22	6	8	11	21	35	15	1	18	12	30	23	24	23	9	16	22	0	38	26	15	36	33	1	9	16	7	19	9	33	22	29	36	29	18	27	39	15	33	3	6	30	7	10	16	38	1	12	16	4	21	31	21	29	15	8	18	38	13	27	5	4	3	30	3	29	30	29	25	29	12	6	4	8	33	14	32	5	35	25	28	1	37	29	11	39	39	23	28	29	11	19	10	1	16	23	19	14	19	16	12	11	0	34	2	20	36	3	26	22	21	16	9	22	15	13	19	2	31	24	39	21	11	21	0	38	7	18	4	16	1	36	25	18	13	23	2	32	32	9	29	0	24	15	30	5	1	29	36	37	17	33	35	22	27	0	23	28	7	38	15	36	7	9	22	3	11	13	18	30	21	24	32	26	12	39	37	5	12	30	6	26	35	19	8	16	29	3	15	19	39	26	18	0	23	38	28	12	1	28	4	36	19	24	21	14	25	32	29	37	9	17	33	32	14	23	22	27	23	16	8	27	17	0	30	21	16	21	36	31	9	4	30	20	34	1	26	11	39	34	22	15	6	28	5	31	3	35	37	31	11	13	35	4	12	7	3	19	34	21	36	34	26	5	9	4	34	27	1	0	22	21	15	26	12	24	17	15	16	25	37	12	16	20	6	38	15	6	9	27	5	14	5	6	36	7	38	14	35	30	9	39	31	10	34	22	35	6	15	32	23	23	6	18	37	35	18	1	36	39	1	27	8	32	24	4	39	34	3	24	37	10	1	30	24	15	30	2	4	12	6	26	30	31	24	33	12	36	31	22	18	25	1	28	37	26	3	10	11	14	10	12	8	0	11	31	10	29	26	8	13	3	38	13	6	15	26	1	19	5	37	3	0	35	2	6	35	14	7	1	0	27	1	8	12	6	13	25	13	12	24	39	23	19	39	16	0	0	14	18	36	24	20	1	0	7	28	2	34	11	29	34	6	24	2	14	1	29	17	27	25	4	39	7	10	13	25	13	26	3	19	28	37	20	12	32	9	36	32	
37	34	26	25	29	30	21	40	30	22	29	28	24	34	29	22	23	34	36	38	36	36	24	27	36	31	23	22	21	35	37	29	32	27	29	39	38	27	34	37	24	22	39	33	30	27	33	33	35	38	37	28	22	23	30	23	26	26	34	37	26	28	22	28	38	32	37	21	30	37	36	28	32	25	36	35	28	27	32	29	32	25	21	25	26	27	24	28	20	22	24	38	33	30	36	34	22	26	33	31	37	21	27	25	33	30	25	33	35	26	27	20	37	36	30	35	37	36	36	21	30	27	30	22	35	35	24	40	33	36	36	30	36	39	23	24	31	20	38	27	34	32	37	32	30	21	30	29	31	32	25	27	26	25	24	33	21	36	22	34	26	34	35	39	25	33	24	40	26	39	38	37	24	37	24	30	26	21	37	21	34	37	34	28	24	22	20	31	39	32	40	28	32	26	23	35	20	40	38	28	25	35	24	21	38	39	30	33	39	23	21	36	29	23	23	40	25	31	35	34	36	35	35	30	35	26	22	28	22	30	39	40	28	22	37	33	22	31	35	20	38	23	37	28	36	22	40	32	32	39	40	36	38	31	36	23	26	32	20	21	34	37	35	28	40	23	40	32	24	40	40	31	26	23	26	28	30	36	32	20	36	30	38	21	37	27	37	37	38	29	31	35	38	39	39	39	29	39	31	27	21	29	38	26	30	35	25	37	24	40	26	21	33	38	21	25	35	27	40	26	25	31	27	26	40	23	20	25	21	38	33	38	37	35	24	28	39	24	29	25	20	36	24	22	21	21	34	24	25	25	39	20	20	31	33	25	38	36	25	37	21	39	27	36	37	21	28	34	25	24	38	35	39	35	27	21	40	34	27	20	22	28	34	31	35	27	26	27	35	20	36	24	26	35	33	33	30	35	35	33	32	26	39	22	35	38	29	34	25	40	37	36	34	27	32	23	32	25	36	27	37	33	40	37	33	25	32	24	28	20	33	20	24	38	40	30	20	22	23	35	22	26	31	35	29	34	30	37	23	26	38	28	26	29	37	23	33	21	38	34	22	32	30	32	32	30	35	26	28	30	40	35	35	26	36	24	25	38	27	40	33	20	22	28	21	24	35	26	39	30	40	21	24	26	34	30	28	23	39	35	32	31	23	29	33	38	40	21	28	27	30	33	32	29	35	27	28	30	21	35	32	24	32	26	30	26	25	32	35	37	33	32	32	39	24	20	22	20	30	36	40	37	36	28	24	30	
26	12	13	11	22	37	10	35	38	45	14	25	17	26	49	30	18	29	39	31	46	31	39	42	24	42	30	15	42	40	13	39	44	19	41	11	27	26	16	28	43	34	49	19	46	32	48	44	35	46	19	38	47	32	42	26	22	18	33	16	25	31	40	30	47	23	41	16	13	50	12	19	15	41	23	26	29	44	14	13	47	33	23	47	49	16	49	39	46	35	29	27	46	49	21	17	25	22	35	14	36	14	38	29	15	21	50	40	14	40	11	41	30	22	33	24	33	21	30	12	13	23	48	12	40	28	27	37	33	38	45	26	19	31	25	14	35	38	29	45	46	20	21	12	11	10	28	23	21	29	41	25	41	39	29	35	35	12	32	31	18	35	11	26	34	17	37	30	46	47	14	44	50	21	14	20	38	35	32	49	12	46	29	27	15	12	28	28	46	49	16	13	36	26	37	28	13	44	21	16	29	47	36	21	23	16	31	49	27	38	15	42	42	11	27	14	13	33	43	28	19	14	10	29	43	27	22	28	26	49	41	28	23	19	36	20	45	19	36	43	32	15	18	50	28	12	37	50	49	49	36	17	12	10	36	11	35	50	29	18	47	49	28	21	25	41	34	48	38	44	26	45	10	39	14	36	24	22	10	26	31	40	40	18	12	26	24	14	20	20	38	42	32	15	45	28	41	12	44	44	50	14	15	41	41	25	32	31	20	47	17	19	13	13	26	18	34	28	48	43	44	49	32	33	28	28	41	34	36	31	24	23	46	43	25	21	38	34	37	42	29	26	20	22	26	30	33	49	33	28	38	39	22	36	41	37	32	34	38	40	39	26	19	32	14	27	38	33	17	34	26	23	41	38	20	39	34	16	35	34	49	42	25	16	33	27	37	27	41	41	17	34	24	38	28	33	43	16	33	39	17	36	14	46	28	42	28	34	42	24	12	27	14	41	30	11	10	44	42	27	29	21	32	46	29	13	24	19	14	29	42	23	42	14	21	36	30	17	36	30	17	20	26	44	38	32	27	47	23	35	37	31	25	11	32	32	19	32	18	25	48	25	29	20	40	23	38	47	10	11	46	22	27	33	19	48	47	36	14	16	45	48	12	22	35	10	39	16	33	44	10	35	37	32	41	32	27	19	38	10	40	36	27	44	48	45	21	12	46	42	36	44	25	22	30	14	33	48	34	10	25	36	22	11	11	50	33	36	39	40	50	46	10	16	13	18	35	21	35	41	32	16	10	32	18	37	
10
70
