624
40
0	0	0	0	0	0	0	0	192	0	0	0	0	48	0	0	0	0	0	0	0	0	0	0	0	0	0	0	0	0	0	0	0	0	0	0	0	0	0	0	
0	0	0	0	0	0	0	0	0	0	0	0	96	0	0	0	0	0	0	0	0	0	0	0	0	0	500	0	0	0	0	0	0	0	0	0	0	0	0	0	
0	0	0	0	0	0	0	500	0	96	0	0	0	0	0	0	0	0	0	0	0	0	0	0	0	0	0	0	0	192	0	0	0	0	0	0	500	0	0	0	
0	0	0	0	0	0	0	0	0	0	0	0	0	192	0	0	0	0	0	0	48	0	0	0	0	0	0	0	0	0	0	0	0	0	0	0	0	0	0	0	
0	0	0	0	0	0	0	0	0	0	0	0	0	0	0	0	0	48	0	0	0	0	0	0	0	0	0	0	0	0	0	0	0	0	0	0	0	0	0	192	
0	0	0	0	0	0	0	0	0	0	0	0	0	0	0	192	0	0	0	0	0	0	0	0	0	0	0	0	192	0	96	0	0	0	0	0	0	0	0	96	
0	0	0	0	0	0	0	0	0	0	0	0	0	0	0	0	0	0	0	48	192	500	0	0	0	0	0	0	0	0	0	0	0	0	0	0	0	0	0	0	
0	0	500	0	0	0	0	0	0	0	0	0	0	0	0	0	0	0	0	0	0	0	0	0	0	0	0	0	0	192	0	0	0	0	0	0	0	0	0	0	
192	0	0	0	0	0	0	0	0	0	0	0	0	0	0	0	0	0	0	0	0	0	0	192	0	0	0	0	0	0	0	48	0	0	0	0	0	0	0	0	
0	0	96	0	0	0	0	0	0	0	0	0	96	0	0	0	0	0	0	0	0	0	0	0	0	0	0	0	0	0	0	0	0	0	0	0	0	0	0	0	
0	0	0	0	0	0	0	0	0	0	0	0	0	0	0	0	0	0	0	0	0	0	0	0	0	0	192	0	0	0	0	0	0	0	0	0	0	48	0	0	
0	0	0	0	0	0	0	0	0	0	0	0	0	0	0	0	0	0	0	0	0	0	0	192	0	500	0	0	0	0	0	0	0	0	0	0	0	0	0	0	
0	96	0	0	0	0	0	0	0	96	0	0	0	0	0	0	0	0	0	0	0	0	0	0	0	0	96	0	0	0	0	0	0	0	0	96	0	0	0	0	
48	0	0	192	0	0	0	0	0	0	0	0	0	0	0	500	0	0	0	0	96	0	0	0	0	0	0	0	0	0	0	0	0	0	0	0	0	0	0	0	
0	0	0	0	0	0	0	0	0	0	0	0	0	0	0	0	0	0	192	0	0	0	0	0	0	0	0	0	192	0	0	0	0	0	0	0	0	0	0	0	
0	0	0	0	0	192	0	0	0	0	0	0	0	500	0	0	0	0	0	0	0	0	0	0	0	0	0	0	0	0	0	0	0	0	0	0	0	0	0	0	
0	0	0	0	0	0	0	0	0	0	0	0	0	0	0	0	0	0	0	0	0	0	0	0	0	0	0	0	0	0	0	0	48	0	500	0	0	0	0	0	
0	0	0	0	48	0	0	0	0	0	0	0	0	0	0	0	0	0	0	0	0	0	0	0	0	0	0	0	0	0	48	0	0	0	0	0	0	0	0	0	
0	0	0	0	0	0	0	0	0	0	0	0	0	0	192	0	0	0	0	0	0	0	0	0	0	0	0	0	192	0	0	0	0	0	0	0	0	0	0	0	
0	0	0	0	0	0	48	0	0	0	0	0	0	0	0	0	0	0	0	0	96	0	0	0	0	0	0	0	0	0	0	0	0	48	0	0	0	0	0	0	
0	0	0	48	0	0	192	0	0	0	0	0	0	96	0	0	0	0	0	96	0	0	0	0	0	0	0	0	0	0	0	0	0	0	0	0	0	0	0	0	
0	0	0	0	0	0	500	0	0	0	0	0	0	0	0	0	0	0	0	0	0	0	0	0	0	0	0	0	0	0	192	0	0	0	0	0	0	0	0	0	
0	0	0	0	0	0	0	0	0	0	0	0	0	0	0	0	0	0	0	0	0	0	0	0	48	0	0	0	0	0	0	0	0	0	0	192	0	0	0	0	
0	0	0	0	0	0	0	0	192	0	0	192	0	0	0	0	0	0	0	0	0	0	0	0	0	0	0	0	0	0	0	0	0	0	0	0	0	0	0	0	
0	0	0	0	0	0	0	0	0	0	0	0	0	0	0	0	0	0	0	0	0	0	48	0	0	0	0	0	0	0	0	0	192	0	0	0	0	0	0	0	
0	0	0	0	0	0	0	0	0	0	0	500	0	0	0	0	0	0	0	0	0	0	0	0	0	0	0	0	0	0	0	500	0	0	0	0	0	0	0	0	
0	500	0	0	0	0	0	0	0	0	192	0	96	0	0	0	0	0	0	0	0	0	0	0	0	0	0	0	0	0	0	0	0	0	0	0	0	0	0	0	
0	0	0	0	0	0	0	0	0	0	0	0	0	0	0	0	0	0	0	0	0	0	0	0	0	0	0	0	0	0	0	0	0	192	0	0	0	0	500	0	
0	0	0	0	0	192	0	0	0	0	0	0	0	0	192	0	0	0	192	0	0	0	0	0	0	0	0	0	0	0	0	0	0	0	0	0	0	0	0	0	
0	0	192	0	0	0	0	192	0	0	0	0	0	0	0	0	0	0	0	0	0	0	0	0	0	0	0	0	0	0	0	0	0	0	0	0	0	0	0	0	
0	0	0	0	0	96	0	0	0	0	0	0	0	0	0	0	0	48	0	0	0	192	0	0	0	0	0	0	0	0	0	0	0	0	0	0	0	0	0	0	
0	0	0	0	0	0	0	0	48	0	0	0	0	0	0	0	0	0	0	0	0	0	0	0	0	500	0	0	0	0	0	0	192	0	192	0	0	0	0	0	
0	0	0	0	0	0	0	0	0	0	0	0	0	0	0	0	48	0	0	0	0	0	0	0	192	0	0	0	0	0	0	192	0	0	0	0	192	0	0	0	
0	0	0	0	0	0	0	0	0	0	0	0	0	0	0	0	0	0	0	48	0	0	0	0	0	0	0	192	0	0	0	0	0	0	0	0	0	0	0	0	
0	0	0	0	0	0	0	0	0	0	0	0	0	0	0	0	500	0	0	0	0	0	0	0	0	0	0	0	0	0	0	192	0	0	0	0	0	0	0	0	
0	0	0	0	0	0	0	0	0	0	0	0	96	0	0	0	0	0	0	0	0	0	192	0	0	0	0	0	0	0	0	0	0	0	0	0	0	0	0	0	
0	0	500	0	0	0	0	0	0	0	0	0	0	0	0	0	0	0	0	0	0	0	0	0	0	0	0	0	0	0	0	0	192	0	0	0	0	0	0	0	
0	0	0	0	0	0	0	0	0	0	48	0	0	0	0	0	0	0	0	0	0	0	0	0	0	0	0	0	0	0	0	0	0	0	0	0	0	0	96	0	
0	0	0	0	0	0	0	0	0	0	0	0	0	0	0	0	0	0	0	0	0	0	0	0	0	0	0	500	0	0	0	0	0	0	0	0	0	96	0	0	
0	0	0	0	192	96	0	0	0	0	0	0	0	0	0	0	0	0	0	0	0	0	0	0	0	0	0	0	0	0	0	0	0	0	0	0	0	0	0	0	
10	19	37	0	10	15	16	25	24	27	32	27	28	15	8	22	31	12	15	34	34	20	15	18	23	32	0	30	6	8	29	15	8	38	37	14	31	3	3	4	35	31	38	10	13	27	32	1	23	1	9	3	17	10	4	39	28	14	24	32	2	31	32	13	35	6	35	9	16	35	26	4	35	16	24	7	4	37	37	26	20	28	9	32	5	37	14	17	39	26	5	39	35	3	39	33	3	19	37	33	7	16	15	32	8	38	16	16	16	27	23	16	7	35	22	3	30	13	13	1	7	18	31	34	17	21	28	1	24	28	20	38	26	11	17	10	34	17	12	6	16	7	14	11	30	7	15	11	4	26	18	37	3	8	30	3	13	27	37	31	10	11	32	0	35	2	16	9	25	1	37	18	22	16	10	19	26	0	14	7	7	28	3	30	13	11	26	33	13	6	4	17	32	23	9	31	24	6	12	37	5	22	20	10	1	13	3	32	36	7	10	33	15	35	9	4	35	26	19	4	26	14	23	33	4	24	39	19	19	16	28	21	15	8	7	23	17	8	25	18	18	2	34	15	36	30	21	23	23	23	25	4	20	35	24	37	29	13	11	36	18	38	26	35	5	39	16	26	21	0	12	17	29	2	8	35	14	39	37	24	0	24	12	33	12	13	21	39	35	32	27	19	7	26	21	38	0	3	13	17	7	20	28	29	30	39	27	11	13	37	2	37	5	15	4	2	16	12	16	37	38	8	16	30	24	34	21	5	0	4	16	37	6	14	33	22	3	10	18	25	1	8	37	23	24	10	1	9	25	9	39	32	38	21	18	14	15	7	10	10	29	26	31	7	10	29	3	28	38	17	7	4	2	24	4	30	23	3	19	5	39	34	12	33	27	31	25	27	18	10	27	20	15	5	35	13	10	24	26	23	29	37	25	27	8	13	24	27	12	8	33	38	3	16	22	30	36	29	29	13	27	17	10	26	6	21	5	8	0	17	38	39	25	23	23	16	3	39	1	4	38	3	5	28	35	19	4	33	19	1	15	12	16	22	6	38	10	34	11	9	11	23	7	36	3	29	35	17	35	14	16	2	12	26	38	15	0	3	16	0	39	10	29	8	3	39	31	15	19	36	7	6	35	25	29	22	33	32	12	24	8	26	11	29	0	39	20	38	18	8	24	13	16	24	0	17	34	13	21	5	18	11	39	0	23	9	32	37	4	32	33	36	26	26	27	5	0	32	7	27	34	26	38	38	22	2	32	39	7	1	23	39	5	15	36	39	9	29	0	9	13	30	28	28	17	0	1	11	38	39	39	13	6	34	0	37	9	34	5	2	8	25	7	7	5	0	15	4	16	39	5	2	18	24	20	34	37	35	27	13	25	18	20	12	39	22	32	8	1	31	16	10	7	31	28	28	10	14	14	13	11	22	31	32	
0	8	18	15	26	26	36	1	4	31	21	11	3	9	2	25	20	14	39	33	28	28	9	16	16	39	30	34	21	5	19	38	24	25	28	15	30	2	14	3	4	12	31	39	8	21	12	23	13	9	25	1	33	37	11	18	33	14	8	39	10	33	5	12	2	20	14	0	36	11	1	6	38	19	34	4	13	18	6	30	31	28	36	3	15	22	38	38	11	21	4	20	17	39	16	20	36	8	18	10	2	29	4	26	25	27	38	18	4	32	34	38	18	0	16	13	6	0	10	18	30	30	24	11	16	13	21	5	31	28	38	28	26	24	1	31	12	12	2	33	12	31	23	15	38	21	37	8	22	28	8	39	19	31	29	35	8	29	26	14	12	34	3	24	2	20	22	20	25	22	16	9	13	31	5	18	34	27	19	36	15	0	38	14	32	26	19	19	10	38	32	25	1	25	10	21	12	24	37	11	23	1	39	18	31	8	36	13	32	27	26	34	1	13	21	13	6	29	2	29	4	7	8	13	24	25	1	11	23	6	13	11	21	37	38	12	25	2	36	33	15	3	2	24	12	36	5	38	13	18	35	31	15	34	32	1	31	1	34	1	34	37	29	4	37	26	23	31	5	5	13	30	15	12	3	7	32	3	38	39	5	15	20	3	27	13	33	15	32	11	35	17	23	37	15	38	30	24	25	27	2	33	38	4	8	14	28	7	37	11	0	9	30	21	14	31	33	34	20	30	25	38	38	10	12	30	9	17	7	7	20	24	32	39	17	19	18	33	7	33	19	28	11	29	1	13	25	29	7	31	23	21	27	1	17	20	35	16	21	21	10	23	7	30	7	21	13	3	29	6	19	27	2	7	39	1	28	21	6	19	14	22	19	30	31	38	14	38	26	26	10	2	14	8	36	37	30	20	10	13	33	19	32	30	2	18	12	14	0	39	11	11	39	22	9	15	11	12	35	26	11	22	23	32	2	26	26	37	7	12	32	15	6	17	6	2	19	14	10	13	37	9	33	35	32	38	39	10	1	10	34	7	20	27	30	30	0	37	25	22	1	13	23	2	20	0	29	0	21	4	2	36	3	29	8	5	10	16	23	38	15	10	25	29	31	17	30	22	39	25	32	24	36	39	15	14	19	0	21	30	9	34	26	37	26	25	25	31	5	2	15	26	6	27	18	27	26	32	22	15	14	38	17	11	15	18	15	35	19	18	38	5	29	9	11	6	27	23	26	27	34	14	24	8	31	29	3	19	7	15	16	33	31	20	19	39	4	14	25	17	3	28	24	5	2	26	5	24	20	21	36	31	7	26	3	15	0	39	30	20	12	24	26	36	1	11	5	4	26	35	12	8	13	15	3	15	24	3	0	36	38	12	15	5	29	8	6	38	19	19	33	30	11	34	38	16	19	3	25	2	25	17	24	32	
35	39	27	35	27	35	23	38	21	37	23	35	23	23	34	31	25	22	21	35	35	32	36	29	20	37	28	37	25	26	37	33	33	31	26	23	20	36	33	34	39	25	29	30	36	31	27	24	35	22	31	34	25	25	25	20	34	21	28	24	34	38	34	26	21	37	39	27	27	40	22	23	28	26	35	39	26	34	32	30	31	23	24	25	31	40	23	37	32	24	21	40	33	23	29	36	27	37	40	20	33	23	37	32	33	33	37	40	29	38	30	31	22	40	25	21	29	31	28	32	28	23	30	23	26	20	21	21	25	26	40	34	34	34	32	22	25	29	33	38	31	21	32	33	34	33	38	27	22	33	22	22	28	30	36	26	23	28	24	20	20	28	37	34	36	33	33	28	25	36	26	38	39	23	28	21	34	40	38	35	22	29	29	20	34	30	39	34	28	23	29	38	20	30	26	23	25	30	20	34	20	21	40	24	39	28	20	35	36	21	30	30	23	32	26	30	37	35	33	24	38	27	35	33	24	20	26	37	28	40	27	32	23	27	31	29	38	26	34	32	38	38	23	36	33	40	29	25	39	22	23	23	40	28	35	31	34	27	40	38	33	24	22	20	21	29	37	39	30	33	25	36	36	33	34	25	36	32	36	38	31	40	40	21	29	35	20	29	28	20	29	30	25	23	28	38	27	36	33	24	22	36	38	28	27	20	28	23	27	25	37	36	35	29	39	24	23	36	35	27	34	20	24	28	32	21	37	29	36	20	23	23	33	30	33	32	36	30	40	35	26	20	40	29	31	38	22	38	39	40	24	30	38	23	38	22	26	25	37	32	24	27	31	36	30	31	23	26	32	36	20	40	40	39	38	26	33	36	23	40	32	28	35	35	34	29	31	24	37	24	25	26	36	37	34	38	35	20	39	21	29	27	40	27	22	23	39	26	40	30	31	28	27	28	38	21	29	28	22	40	21	33	26	38	30	38	27	23	39	34	29	31	23	38	20	38	40	36	33	36	25	31	27	29	34	37	32	27	22	36	27	40	34	20	29	21	32	39	30	37	23	26	38	33	24	24	35	36	39	36	39	26	29	25	24	33	36	27	39	31	29	25	36	30	22	34	38	39	29	20	31	30	28	25	26	25	23	34	23	26	26	21	31	26	32	36	24	33	30	23	21	32	34	32	39	22	33	23	29	34	37	40	39	28	40	34	27	35	23	36	26	34	22	33	28	25	27	37	37	26	25	26	31	34	24	39	39	28	32	36	40	32	40	37	26	23	24	40	30	37	25	31	37	39	27	39	33	40	36	31	34	34	34	37	39	37	27	20	26	39	25	33	26	39	38	20	21	32	37	38	25	33	38	37	27	38	20	27	36	20	37	25	38	23	37	23	25	25	37	26	32	28	29	32	38	24	26	40	35	28	23	23	36	26	
21	34	45	17	30	13	17	20	44	23	39	26	50	20	27	20	42	45	44	22	31	29	22	46	45	18	18	38	15	17	18	41	10	11	41	30	36	39	46	50	15	44	40	30	43	38	20	41	45	14	40	24	36	38	29	23	22	12	17	10	45	18	47	50	11	40	27	13	48	10	47	23	46	23	33	11	41	47	22	47	17	18	16	14	12	33	27	41	15	21	21	19	25	29	31	36	43	40	27	25	26	42	15	32	24	35	34	48	37	38	40	14	41	10	20	33	31	49	30	15	50	40	15	33	49	15	37	18	33	45	36	44	21	13	47	20	32	32	48	16	39	23	44	35	46	24	37	25	40	39	45	26	30	19	25	38	12	36	42	37	16	15	39	36	33	41	48	30	48	48	40	17	49	36	35	13	22	21	28	10	32	44	34	10	30	44	36	43	28	46	47	47	10	36	22	29	42	45	10	46	32	12	15	35	13	38	24	38	39	36	44	37	15	18	14	35	29	33	33	34	27	28	29	49	15	41	50	33	48	18	42	15	35	22	29	40	37	45	18	16	48	28	46	10	50	43	11	37	26	13	10	20	26	24	23	27	43	49	27	32	20	35	48	17	16	16	37	48	26	36	22	37	27	41	19	20	39	40	19	25	33	16	34	19	19	47	46	50	21	46	29	45	41	16	11	48	28	19	13	38	13	36	11	45	10	18	11	11	49	26	23	17	40	23	40	49	23	29	10	36	32	33	33	41	39	36	50	18	39	24	44	36	49	16	10	10	23	44	36	35	41	19	49	31	36	48	31	46	41	33	24	12	44	44	40	36	23	15	16	11	50	42	22	41	30	31	15	31	50	28	28	27	26	13	41	12	20	13	24	28	32	33	39	28	19	39	18	49	46	36	27	29	30	16	16	41	21	20	10	43	28	14	13	46	35	34	24	10	36	50	45	13	14	39	23	30	16	13	12	17	17	44	28	15	30	30	50	11	50	40	11	16	17	45	17	28	15	41	35	34	10	13	47	19	31	37	29	25	35	40	37	38	37	31	43	21	19	36	47	12	37	20	23	26	42	24	24	31	41	37	49	38	36	34	15	14	50	36	24	41	47	40	38	49	34	17	27	31	30	36	13	19	31	35	21	40	38	33	30	34	39	16	28	22	31	26	48	26	33	31	43	46	43	14	18	27	41	18	27	46	41	32	26	43	34	46	39	37	16	34	19	13	29	19	21	12	48	21	27	30	30	46	30	17	10	30	27	32	44	36	15	21	21	40	28	19	47	37	14	25	27	20	17	27	45	41	31	19	13	23	49	36	18	18	12	14	30	16	16	39	37	32	41	45	44	39	15	14	16	20	21	22	22	26	49	44	13	32	34	37	19	32	27	21	23	47	13	21	24	38	12	17	29	40	15	24	15	22	43	39	47	18	44	22	
5
80
