468
40
0	0	0	0	0	0	0	0	192	0	0	0	0	48	0	0	0	0	0	0	0	0	0	0	0	0	0	0	0	0	0	0	0	0	0	0	0	0	0	0	
0	0	0	0	0	0	0	0	0	0	0	0	96	0	0	0	0	0	0	0	0	0	0	0	0	0	500	0	0	0	0	0	0	0	0	0	0	0	0	0	
0	0	0	0	0	0	0	500	0	96	0	0	0	0	0	0	0	0	0	0	0	0	0	0	0	0	0	0	0	192	0	0	0	0	0	0	500	0	0	0	
0	0	0	0	0	0	0	0	0	0	0	0	0	192	0	0	0	0	0	0	48	0	0	0	0	0	0	0	0	0	0	0	0	0	0	0	0	0	0	0	
0	0	0	0	0	0	0	0	0	0	0	0	0	0	0	0	0	48	0	0	0	0	0	0	0	0	0	0	0	0	0	0	0	0	0	0	0	0	0	192	
0	0	0	0	0	0	0	0	0	0	0	0	0	0	0	192	0	0	0	0	0	0	0	0	0	0	0	0	192	0	96	0	0	0	0	0	0	0	0	96	
0	0	0	0	0	0	0	0	0	0	0	0	0	0	0	0	0	0	0	48	192	500	0	0	0	0	0	0	0	0	0	0	0	0	0	0	0	0	0	0	
0	0	500	0	0	0	0	0	0	0	0	0	0	0	0	0	0	0	0	0	0	0	0	0	0	0	0	0	0	192	0	0	0	0	0	0	0	0	0	0	
192	0	0	0	0	0	0	0	0	0	0	0	0	0	0	0	0	0	0	0	0	0	0	192	0	0	0	0	0	0	0	48	0	0	0	0	0	0	0	0	
0	0	96	0	0	0	0	0	0	0	0	0	96	0	0	0	0	0	0	0	0	0	0	0	0	0	0	0	0	0	0	0	0	0	0	0	0	0	0	0	
0	0	0	0	0	0	0	0	0	0	0	0	0	0	0	0	0	0	0	0	0	0	0	0	0	0	192	0	0	0	0	0	0	0	0	0	0	48	0	0	
0	0	0	0	0	0	0	0	0	0	0	0	0	0	0	0	0	0	0	0	0	0	0	192	0	500	0	0	0	0	0	0	0	0	0	0	0	0	0	0	
0	96	0	0	0	0	0	0	0	96	0	0	0	0	0	0	0	0	0	0	0	0	0	0	0	0	96	0	0	0	0	0	0	0	0	96	0	0	0	0	
48	0	0	192	0	0	0	0	0	0	0	0	0	0	0	500	0	0	0	0	96	0	0	0	0	0	0	0	0	0	0	0	0	0	0	0	0	0	0	0	
0	0	0	0	0	0	0	0	0	0	0	0	0	0	0	0	0	0	192	0	0	0	0	0	0	0	0	0	192	0	0	0	0	0	0	0	0	0	0	0	
0	0	0	0	0	192	0	0	0	0	0	0	0	500	0	0	0	0	0	0	0	0	0	0	0	0	0	0	0	0	0	0	0	0	0	0	0	0	0	0	
0	0	0	0	0	0	0	0	0	0	0	0	0	0	0	0	0	0	0	0	0	0	0	0	0	0	0	0	0	0	0	0	48	0	500	0	0	0	0	0	
0	0	0	0	48	0	0	0	0	0	0	0	0	0	0	0	0	0	0	0	0	0	0	0	0	0	0	0	0	0	48	0	0	0	0	0	0	0	0	0	
0	0	0	0	0	0	0	0	0	0	0	0	0	0	192	0	0	0	0	0	0	0	0	0	0	0	0	0	192	0	0	0	0	0	0	0	0	0	0	0	
0	0	0	0	0	0	48	0	0	0	0	0	0	0	0	0	0	0	0	0	96	0	0	0	0	0	0	0	0	0	0	0	0	48	0	0	0	0	0	0	
0	0	0	48	0	0	192	0	0	0	0	0	0	96	0	0	0	0	0	96	0	0	0	0	0	0	0	0	0	0	0	0	0	0	0	0	0	0	0	0	
0	0	0	0	0	0	500	0	0	0	0	0	0	0	0	0	0	0	0	0	0	0	0	0	0	0	0	0	0	0	192	0	0	0	0	0	0	0	0	0	
0	0	0	0	0	0	0	0	0	0	0	0	0	0	0	0	0	0	0	0	0	0	0	0	48	0	0	0	0	0	0	0	0	0	0	192	0	0	0	0	
0	0	0	0	0	0	0	0	192	0	0	192	0	0	0	0	0	0	0	0	0	0	0	0	0	0	0	0	0	0	0	0	0	0	0	0	0	0	0	0	
0	0	0	0	0	0	0	0	0	0	0	0	0	0	0	0	0	0	0	0	0	0	48	0	0	0	0	0	0	0	0	0	192	0	0	0	0	0	0	0	
0	0	0	0	0	0	0	0	0	0	0	500	0	0	0	0	0	0	0	0	0	0	0	0	0	0	0	0	0	0	0	500	0	0	0	0	0	0	0	0	
0	500	0	0	0	0	0	0	0	0	192	0	96	0	0	0	0	0	0	0	0	0	0	0	0	0	0	0	0	0	0	0	0	0	0	0	0	0	0	0	
0	0	0	0	0	0	0	0	0	0	0	0	0	0	0	0	0	0	0	0	0	0	0	0	0	0	0	0	0	0	0	0	0	192	0	0	0	0	500	0	
0	0	0	0	0	192	0	0	0	0	0	0	0	0	192	0	0	0	192	0	0	0	0	0	0	0	0	0	0	0	0	0	0	0	0	0	0	0	0	0	
0	0	192	0	0	0	0	192	0	0	0	0	0	0	0	0	0	0	0	0	0	0	0	0	0	0	0	0	0	0	0	0	0	0	0	0	0	0	0	0	
0	0	0	0	0	96	0	0	0	0	0	0	0	0	0	0	0	48	0	0	0	192	0	0	0	0	0	0	0	0	0	0	0	0	0	0	0	0	0	0	
0	0	0	0	0	0	0	0	48	0	0	0	0	0	0	0	0	0	0	0	0	0	0	0	0	500	0	0	0	0	0	0	192	0	192	0	0	0	0	0	
0	0	0	0	0	0	0	0	0	0	0	0	0	0	0	0	48	0	0	0	0	0	0	0	192	0	0	0	0	0	0	192	0	0	0	0	192	0	0	0	
0	0	0	0	0	0	0	0	0	0	0	0	0	0	0	0	0	0	0	48	0	0	0	0	0	0	0	192	0	0	0	0	0	0	0	0	0	0	0	0	
0	0	0	0	0	0	0	0	0	0	0	0	0	0	0	0	500	0	0	0	0	0	0	0	0	0	0	0	0	0	0	192	0	0	0	0	0	0	0	0	
0	0	0	0	0	0	0	0	0	0	0	0	96	0	0	0	0	0	0	0	0	0	192	0	0	0	0	0	0	0	0	0	0	0	0	0	0	0	0	0	
0	0	500	0	0	0	0	0	0	0	0	0	0	0	0	0	0	0	0	0	0	0	0	0	0	0	0	0	0	0	0	0	192	0	0	0	0	0	0	0	
0	0	0	0	0	0	0	0	0	0	48	0	0	0	0	0	0	0	0	0	0	0	0	0	0	0	0	0	0	0	0	0	0	0	0	0	0	0	96	0	
0	0	0	0	0	0	0	0	0	0	0	0	0	0	0	0	0	0	0	0	0	0	0	0	0	0	0	500	0	0	0	0	0	0	0	0	0	96	0	0	
0	0	0	0	192	96	0	0	0	0	0	0	0	0	0	0	0	0	0	0	0	0	0	0	0	0	0	0	0	0	0	0	0	0	0	0	0	0	0	0	
35	32	28	18	38	23	19	20	33	16	26	24	21	11	27	7	19	19	14	12	3	32	21	6	24	11	23	30	33	13	23	22	8	16	22	15	22	35	3	17	28	8	1	14	2	9	25	22	19	29	26	27	22	39	15	29	21	6	17	38	9	13	15	15	27	28	28	24	3	36	17	3	35	38	37	32	13	35	35	9	0	36	20	39	21	10	7	2	7	7	23	20	14	10	5	29	26	5	8	23	29	26	3	18	0	8	14	8	4	34	27	34	2	0	10	8	10	19	36	36	38	12	3	30	23	12	23	8	14	20	33	11	4	37	2	23	18	16	4	5	16	30	24	39	0	1	37	22	12	0	14	19	35	30	35	14	38	18	22	24	8	31	7	27	8	29	39	32	0	37	31	7	26	8	17	2	12	7	21	25	34	27	5	14	12	21	25	34	34	38	2	5	22	7	9	33	17	18	32	22	20	38	15	38	0	22	8	33	5	9	27	10	6	26	1	15	26	25	3	27	19	31	19	23	18	21	33	3	39	4	7	25	37	5	20	2	35	17	11	22	35	25	37	15	14	39	2	29	5	2	35	26	17	36	1	14	10	7	22	35	10	19	34	26	26	32	6	35	19	17	36	39	22	38	20	9	4	24	31	8	5	32	7	5	27	15	12	2	24	38	16	32	26	23	34	31	37	33	5	33	9	6	26	30	30	24	0	32	22	30	2	7	34	11	25	29	27	7	4	11	10	3	38	25	15	32	32	33	5	22	1	36	19	1	4	2	27	23	10	36	30	10	34	12	29	3	39	35	24	28	9	17	1	12	10	24	26	37	18	8	26	25	34	11	10	32	20	26	29	34	0	5	10	10	31	6	36	24	3	13	2	21	28	12	30	2	35	12	33	0	33	21	19	17	8	24	39	20	16	8	36	19	3	3	12	32	25	5	24	26	27	21	1	36	35	4	7	6	33	20	5	16	22	14	10	37	35	18	0	13	26	2	32	17	3	38	11	2	16	0	17	17	25	33	36	0	31	25	6	22	27	26	38	29	15	12	38	39	35	9	22	11	1	2	25	36	8	23	
38	34	33	31	30	21	15	16	7	17	35	18	6	36	27	25	23	34	36	10	23	18	35	35	4	39	5	0	11	31	15	14	16	14	14	19	32	27	7	18	9	25	32	10	16	22	12	8	25	7	17	31	10	16	28	6	15	31	19	9	5	17	33	5	10	35	28	24	3	34	17	21	20	2	22	4	27	1	14	39	28	4	39	13	5	24	23	25	26	25	1	3	9	13	11	13	22	1	3	22	31	18	4	2	8	12	37	14	31	38	17	23	24	35	39	19	17	0	34	22	31	20	17	37	6	10	23	14	19	32	11	29	28	27	8	7	29	24	21	9	12	19	29	17	30	2	39	11	7	10	7	20	4	32	17	9	19	8	4	32	9	0	35	5	10	5	13	21	35	12	38	14	34	9	10	19	4	27	32	19	21	13	12	35	35	36	19	14	2	31	17	27	23	17	21	22	17	0	35	12	34	25	0	27	1	17	17	15	35	28	3	37	20	0	34	26	34	18	13	20	9	39	16	31	31	3	32	8	8	37	26	36	26	15	35	1	26	17	0	19	3	23	6	15	13	13	10	19	19	17	17	3	34	24	16	36	8	38	20	19	33	26	10	22	27	15	23	17	35	19	16	1	29	18	34	11	38	35	10	29	20	17	29	27	12	26	0	2	26	18	33	23	19	16	11	32	29	15	12	17	37	13	9	23	7	7	23	24	24	33	20	23	15	18	19	11	14	37	10	1	12	31	30	36	6	23	5	3	0	16	2	2	24	24	19	7	18	28	14	29	12	25	22	27	2	11	9	21	10	8	5	17	16	29	29	34	2	15	24	23	36	11	17	4	12	21	6	23	22	27	13	20	16	26	33	0	23	6	1	32	14	13	32	26	29	4	21	1	7	24	12	20	1	30	25	32	9	34	19	32	28	2	13	27	29	11	14	13	4	18	9	4	20	19	21	4	35	36	14	17	29	2	32	19	31	34	26	12	7	17	24	11	34	27	39	4	20	30	11	28	34	7	11	9	35	2	3	38	17	37	16	19	35	29	30	34	14	7	4	9	14	32	14	22	9	12	33	37	
31	20	20	36	27	35	29	38	33	37	36	23	39	20	38	26	35	38	37	40	36	35	30	38	22	26	21	21	27	29	21	40	33	25	33	32	23	23	32	40	31	37	25	24	30	26	31	32	30	33	23	25	34	21	30	23	21	37	25	39	37	39	22	40	33	40	40	27	35	28	30	26	37	20	25	38	34	20	30	40	35	40	24	21	34	28	31	27	20	20	32	32	22	36	34	29	32	30	22	27	36	37	35	24	34	38	31	37	20	30	31	32	39	23	28	32	27	27	32	37	35	20	30	28	38	26	24	24	21	34	20	23	24	38	36	36	39	36	40	30	20	39	27	31	36	38	27	31	35	23	36	22	22	23	33	24	22	28	31	34	24	36	28	26	23	29	21	24	35	24	39	33	29	30	38	24	34	25	29	33	28	21	27	24	34	40	40	35	38	34	29	39	31	28	32	31	35	34	33	24	40	23	35	28	32	39	37	34	27	40	34	35	31	34	39	39	24	23	23	34	28	28	26	27	32	22	31	38	39	26	28	30	21	39	23	31	24	28	23	22	25	26	21	22	32	25	40	25	24	30	25	24	22	37	27	28	39	38	39	29	29	37	28	36	32	20	29	35	29	31	23	37	33	36	25	27	22	28	21	35	31	26	39	20	33	30	40	38	24	25	23	28	24	24	33	25	22	40	40	36	32	31	33	27	27	39	38	35	33	40	31	22	21	31	21	24	29	34	39	29	28	38	39	35	26	32	31	20	26	23	34	22	20	22	25	20	30	23	35	29	40	32	30	21	33	28	38	33	25	33	21	39	33	32	36	32	40	28	33	28	23	29	34	36	20	21	32	40	26	33	34	23	31	38	38	35	20	24	25	38	21	27	36	27	29	40	37	26	21	23	27	38	35	29	32	32	27	32	27	39	25	25	23	22	26	34	33	38	22	22	31	36	26	27	24	31	40	35	28	36	35	28	27	30	24	20	28	31	31	23	38	20	37	33	28	38	21	40	38	38	21	29	20	37	37	31	37	23	36	21	29	20	22	29	38	22	31	23	22	23	35	24	38	32	25	29	32	26	
47	40	30	11	21	36	29	34	46	38	22	41	19	21	17	44	45	20	38	47	30	31	38	45	41	33	48	19	21	26	38	19	34	50	25	15	21	41	11	49	26	43	48	24	43	43	34	30	48	15	27	20	32	31	17	46	10	18	39	13	16	12	26	40	39	30	31	34	44	38	10	33	25	34	20	18	20	18	33	17	31	22	42	40	46	34	11	43	18	17	30	20	42	16	27	28	27	23	18	29	27	30	45	30	45	15	28	50	40	28	35	19	20	18	33	38	17	40	11	29	10	28	13	24	26	48	10	26	44	22	37	25	13	10	27	33	21	18	33	38	32	26	21	17	50	21	12	46	19	26	38	37	13	47	48	18	13	22	49	27	32	38	48	33	50	45	23	36	20	37	46	26	38	14	21	34	24	49	37	50	38	29	10	30	19	11	44	12	50	18	31	24	19	38	29	46	20	39	26	39	35	33	34	40	28	27	34	24	41	29	29	19	50	38	10	41	14	41	22	33	19	15	16	28	20	48	13	48	21	32	46	45	12	41	41	48	19	33	22	37	13	29	28	27	17	17	15	22	15	42	23	41	26	38	46	14	40	47	10	19	37	12	12	38	17	20	34	35	28	50	34	18	17	26	14	28	29	39	37	15	26	33	16	29	48	16	40	43	12	10	39	14	32	37	46	21	35	47	24	45	17	46	40	49	27	38	19	23	49	17	26	15	12	30	43	40	39	47	49	49	46	30	10	36	12	42	36	26	50	39	22	37	12	48	10	11	38	33	20	45	19	42	32	23	18	43	41	35	23	36	10	43	11	41	24	14	23	47	42	24	49	25	18	47	30	33	25	50	26	39	20	48	39	10	35	32	29	26	10	39	37	25	38	18	17	31	33	14	31	19	47	40	25	22	41	25	24	10	15	15	35	13	36	32	21	19	26	43	22	12	35	12	14	48	19	17	47	16	22	29	47	16	39	36	45	39	34	15	20	47	20	11	32	42	12	42	32	15	24	10	30	44	11	31	22	34	47	24	47	39	25	20	40	26	17	44	12	12	23	11	43	30	20	42	20	35	16	20	
0.5
60
