546
40
0	0	0	0	0	0	0	0	0	0	0	0	0	0	0	0	0	0	0	0	0	500	0	0	0	0	0	0	500	0	0	0	0	0	0	0	0	0	0	0	
0	0	0	0	0	0	0	0	0	0	0	0	192	0	0	0	0	0	0	0	0	0	192	0	0	0	0	0	0	0	0	0	0	48	0	0	0	0	0	0	
0	0	0	0	0	48	0	0	0	0	192	48	0	0	0	0	0	0	0	48	0	0	0	0	0	0	0	0	0	0	0	0	0	0	0	0	0	0	0	0	
0	0	0	0	0	0	0	0	0	0	0	0	0	0	0	0	0	0	0	0	0	192	0	0	0	0	0	0	0	0	0	0	0	0	0	0	48	192	0	0	
0	0	0	0	0	0	0	0	0	192	0	0	0	0	48	0	0	0	0	0	0	0	0	0	0	0	0	0	0	0	0	0	0	0	0	0	0	48	0	0	
0	0	48	0	0	0	0	0	0	0	0	0	0	0	0	48	0	0	0	0	0	0	0	0	0	0	0	0	0	0	0	0	0	0	0	0	0	0	0	0	
0	0	0	0	0	0	0	0	48	0	0	500	0	0	0	0	0	0	0	0	0	0	0	0	0	0	0	0	0	0	0	0	0	0	0	96	0	0	0	0	
0	0	0	0	0	0	0	0	0	0	0	0	0	0	0	0	0	0	0	0	48	0	0	0	0	0	0	0	0	0	192	0	192	0	0	0	0	0	0	0	
0	0	0	0	0	0	48	0	0	0	0	0	0	0	0	0	0	0	0	192	0	0	0	0	0	0	0	0	0	0	0	0	0	0	0	48	0	0	0	0	
0	0	0	0	192	0	0	0	0	0	0	0	0	0	500	0	0	500	0	0	0	0	0	0	0	0	0	0	0	0	0	0	0	0	0	0	0	0	0	0	
0	0	192	0	0	0	0	0	0	0	0	0	0	48	0	0	0	0	0	0	0	0	0	0	0	0	0	0	0	0	0	0	0	192	0	0	0	0	0	0	
0	0	48	0	0	0	500	0	0	0	0	0	0	0	0	0	0	0	0	0	0	0	0	0	0	0	0	0	0	0	0	0	0	0	0	0	0	0	0	0	
0	192	0	0	0	0	0	0	0	0	0	0	0	0	0	0	0	0	0	0	0	0	0	0	0	0	0	0	0	0	0	0	0	0	192	0	0	0	0	0	
0	0	0	0	0	0	0	0	0	0	48	0	0	0	0	0	0	0	0	0	0	0	0	0	0	0	0	0	0	0	0	0	96	0	0	0	0	0	0	0	
0	0	0	0	48	0	0	0	0	500	0	0	0	0	0	0	0	96	0	0	0	0	0	0	0	0	0	0	0	0	0	0	0	0	0	0	0	0	0	0	
0	0	0	0	0	48	0	0	0	0	0	0	0	0	0	0	0	0	0	0	0	0	0	0	0	96	0	0	0	0	0	0	0	0	0	500	0	0	0	0	
0	0	0	0	0	0	0	0	0	0	0	0	0	0	0	0	0	0	0	0	96	0	0	0	0	0	0	0	0	0	500	0	0	0	0	0	0	0	0	0	
0	0	0	0	0	0	0	0	0	500	0	0	0	0	96	0	0	0	0	0	0	0	0	0	0	0	0	0	0	0	0	0	0	0	0	0	0	0	0	500	
0	0	0	0	0	0	0	0	0	0	0	0	0	0	0	0	0	0	0	0	0	0	0	0	0	0	0	0	0	48	0	0	0	0	0	0	192	0	0	0	
0	0	48	0	0	0	0	0	192	0	0	0	0	0	0	0	0	0	0	0	0	0	0	0	0	0	0	0	0	0	0	0	0	0	0	0	0	0	0	0	
0	0	0	0	0	0	0	48	0	0	0	0	0	0	0	0	96	0	0	0	0	0	0	0	0	0	0	0	0	0	0	0	0	0	0	0	500	0	0	0	
500	0	0	192	0	0	0	0	0	0	0	0	0	0	0	0	0	0	0	0	0	0	0	0	0	0	0	0	96	0	0	0	0	0	0	0	0	0	0	0	
0	192	0	0	0	0	0	0	0	0	0	0	0	0	0	0	0	0	0	0	0	0	0	0	0	0	0	0	0	0	0	0	0	0	500	0	0	0	0	0	
0	0	0	0	0	0	0	0	0	0	0	0	0	0	0	0	0	0	0	0	0	0	0	0	0	0	192	0	0	0	192	0	0	0	0	0	0	0	0	0	
0	0	0	0	0	0	0	0	0	0	0	0	0	0	0	0	0	0	0	0	0	0	0	0	0	0	96	0	0	192	0	96	0	0	0	0	0	0	0	0	
0	0	0	0	0	0	0	0	0	0	0	0	0	0	0	96	0	0	0	0	0	0	0	0	0	0	0	0	0	0	48	0	0	0	0	0	0	0	0	0	
0	0	0	0	0	0	0	0	0	0	0	0	0	0	0	0	0	0	0	0	0	0	0	192	96	0	0	0	0	0	0	0	0	0	0	0	0	0	0	0	
0	0	0	0	0	0	0	0	0	0	0	0	0	0	0	0	0	0	0	0	0	0	0	0	0	0	0	0	500	0	0	0	0	0	0	0	0	0	192	0	
500	0	0	0	0	0	0	0	0	0	0	0	0	0	0	0	0	0	0	0	0	96	0	0	0	0	0	500	0	0	0	0	0	0	0	0	0	0	500	0	
0	0	0	0	0	0	0	0	0	0	0	0	0	0	0	0	0	0	48	0	0	0	0	0	192	0	0	0	0	0	0	500	0	0	0	0	0	0	0	0	
0	0	0	0	0	0	0	192	0	0	0	0	0	0	0	0	500	0	0	0	0	0	0	192	0	48	0	0	0	0	0	0	0	0	0	0	0	0	0	96	
0	0	0	0	0	0	0	0	0	0	0	0	0	0	0	0	0	0	0	0	0	0	0	0	96	0	0	0	0	500	0	0	0	0	0	0	0	0	0	0	
0	0	0	0	0	0	0	192	0	0	0	0	0	96	0	0	0	0	0	0	0	0	0	0	0	0	0	0	0	0	0	0	0	0	0	0	0	0	0	0	
0	48	0	0	0	0	0	0	0	0	192	0	0	0	0	0	0	0	0	0	0	0	0	0	0	0	0	0	0	0	0	0	0	0	0	0	0	0	0	0	
0	0	0	0	0	0	0	0	0	0	0	0	192	0	0	0	0	0	0	0	0	0	500	0	0	0	0	0	0	0	0	0	0	0	0	0	0	0	0	0	
0	0	0	0	0	0	96	0	48	0	0	0	0	0	0	500	0	0	0	0	0	0	0	0	0	0	0	0	0	0	0	0	0	0	0	0	0	0	0	0	
0	0	0	48	0	0	0	0	0	0	0	0	0	0	0	0	0	0	192	0	500	0	0	0	0	0	0	0	0	0	0	0	0	0	0	0	0	0	0	0	
0	0	0	192	48	0	0	0	0	0	0	0	0	0	0	0	0	0	0	0	0	0	0	0	0	0	0	0	0	0	0	0	0	0	0	0	0	0	0	0	
0	0	0	0	0	0	0	0	0	0	0	0	0	0	0	0	0	0	0	0	0	0	0	0	0	0	0	192	500	0	0	0	0	0	0	0	0	0	0	96	
0	0	0	0	0	0	0	0	0	0	0	0	0	0	0	0	0	500	0	0	0	0	0	0	0	0	0	0	0	0	96	0	0	0	0	0	0	0	96	0	
9	35	36	38	9	4	22	37	23	39	34	26	34	12	0	37	5	36	1	1	7	8	39	12	27	10	2	34	24	2	36	2	9	1	21	30	29	8	39	23	22	24	2	13	29	35	31	10	35	24	32	15	1	34	22	28	24	18	25	11	1	7	10	37	37	12	27	27	5	0	28	13	18	30	31	37	13	31	36	4	15	10	37	26	8	34	34	17	27	14	20	18	0	1	5	22	31	12	37	13	27	38	30	25	35	34	25	34	10	8	13	27	31	25	30	19	12	6	26	35	3	0	13	22	27	33	21	11	22	9	37	36	13	17	30	33	17	18	16	20	27	29	20	22	20	4	4	0	13	31	32	26	39	39	2	38	11	21	10	21	34	35	10	7	29	32	2	23	29	15	36	11	18	16	8	15	31	5	31	34	11	21	35	30	25	27	4	12	0	23	20	28	11	10	28	16	25	29	27	1	29	2	20	16	38	16	0	5	14	34	15	10	22	16	11	39	0	20	4	30	3	13	11	8	25	14	34	38	19	7	10	25	18	33	2	25	15	5	22	15	27	5	20	22	6	8	0	29	19	33	0	38	26	24	15	26	20	39	14	9	17	5	21	37	20	37	5	7	28	39	24	31	36	36	39	23	19	38	25	8	4	12	10	11	30	9	0	8	20	37	39	25	13	17	29	6	27	14	21	26	15	30	32	28	2	9	6	14	21	24	0	0	33	36	24	4	31	14	15	11	24	16	12	30	29	10	3	5	15	29	26	2	15	10	28	14	22	26	2	25	12	7	12	21	12	25	36	35	30	25	34	19	2	0	7	32	19	39	29	32	24	8	28	15	4	19	6	4	14	25	11	25	16	11	29	39	20	18	12	38	33	0	2	9	33	5	7	14	5	2	36	33	22	24	27	25	13	17	37	32	35	28	17	23	33	36	27	6	16	1	1	31	9	21	31	27	13	7	35	34	21	10	32	22	26	38	31	16	28	28	16	17	38	29	5	17	23	10	38	10	18	21	20	29	38	6	25	26	30	14	37	27	33	14	18	25	26	8	24	4	0	27	17	22	5	2	5	0	34	38	37	27	25	30	11	23	25	20	16	6	4	18	12	9	19	16	8	8	7	39	22	5	17	0	22	33	10	5	2	5	2	6	26	1	12	28	16	7	0	0	28	39	23	27	7	36	25	15	3	29	1	19	17	36	22	26	25	9	27	4	20	6	7	19	28	20	13	14	1	19	12	0	13	14	23	25	
34	28	19	15	28	31	25	18	8	31	11	12	17	1	5	18	6	0	13	33	3	12	32	38	21	23	35	5	17	16	34	5	12	20	19	17	20	30	2	23	20	13	29	37	19	30	1	6	37	13	18	16	7	15	14	16	14	10	9	2	39	18	10	13	8	12	11	37	4	30	20	30	18	29	8	6	6	20	5	19	5	2	23	8	12	20	12	11	8	6	1	25	22	5	2	22	36	30	21	25	38	23	7	14	16	21	28	1	1	12	26	24	37	9	30	9	2	33	4	39	35	10	18	16	15	25	12	1	1	33	8	7	24	17	35	22	32	30	9	29	22	28	25	39	31	8	37	3	33	32	13	20	39	0	19	8	0	5	39	4	0	29	20	21	20	4	32	24	9	24	32	26	4	29	32	15	10	0	6	14	1	7	14	18	28	22	38	33	10	35	35	16	15	34	17	12	8	8	22	26	2	19	23	39	19	23	8	16	38	10	7	2	10	32	17	33	26	6	34	35	5	10	0	38	31	8	31	13	6	37	21	6	37	15	7	22	26	27	1	2	11	36	17	31	36	17	28	33	18	39	15	7	18	10	21	12	17	7	22	6	28	19	21	3	17	28	24	14	27	39	12	37	25	16	29	5	23	20	1	26	10	16	12	19	31	10	12	19	35	39	30	25	20	2	22	0	29	27	10	38	29	4	23	32	16	28	33	3	27	15	14	36	35	27	27	16	5	20	12	28	22	0	23	20	4	35	24	31	19	26	30	8	8	34	11	13	16	9	31	11	24	4	21	7	29	31	27	22	20	7	21	5	3	2	25	17	30	4	27	38	1	26	10	27	35	26	9	11	0	0	37	20	6	33	36	20	0	3	35	6	37	27	7	15	0	28	12	6	0	6	24	15	9	35	23	39	0	34	15	18	18	23	29	14	13	0	5	9	28	33	21	22	14	39	34	11	23	8	8	29	20	9	29	25	2	29	29	11	6	27	30	26	21	0	21	25	5	23	15	15	33	16	24	23	32	13	29	15	14	29	29	12	24	21	19	35	19	16	36	1	29	6	7	11	25	17	7	5	30	8	17	30	7	31	3	33	3	12	34	12	38	11	19	37	30	10	18	15	22	5	36	32	12	25	0	21	38	19	33	18	24	34	21	30	39	16	32	12	24	28	8	11	32	18	18	22	20	24	10	3	1	2	30	31	13	13	34	23	20	31	4	16	11	28	17	15	39	10	38	25	37	5	23	18	10	10	
33	38	29	21	34	37	20	23	22	20	38	40	32	32	26	28	24	36	36	38	22	39	28	31	29	25	22	30	25	35	30	31	37	34	36	37	39	34	31	22	25	26	36	32	32	34	24	24	32	27	33	26	31	38	39	24	37	24	27	34	20	28	22	32	33	25	31	23	37	20	33	24	26	38	24	37	32	26	40	25	20	39	36	38	30	23	35	22	31	34	25	23	35	26	38	40	37	25	26	32	22	28	38	27	33	29	37	33	26	31	21	32	36	25	32	37	27	30	31	32	31	27	28	29	39	24	39	37	20	33	34	24	29	24	29	32	26	26	35	33	22	38	27	22	40	35	22	26	22	27	40	39	24	23	27	40	28	25	36	40	27	21	36	37	39	20	39	37	40	34	32	36	28	27	28	30	38	26	30	23	31	24	25	29	38	31	27	25	24	40	27	36	28	36	29	31	25	37	21	26	21	38	30	21	31	31	36	20	35	40	26	21	20	31	38	35	20	23	30	40	28	35	31	25	28	38	21	38	28	24	39	36	32	40	35	21	31	25	34	32	34	38	27	38	31	37	22	35	27	40	28	36	20	34	30	38	26	29	27	39	32	31	33	30	26	21	24	36	31	32	35	25	27	31	39	27	30	23	29	31	29	28	25	32	22	34	30	23	22	40	31	38	40	28	36	35	25	20	21	23	22	32	20	26	25	35	31	22	21	33	31	40	23	30	33	21	27	30	21	23	40	26	33	34	23	36	31	23	35	39	24	24	22	37	36	33	38	24	35	20	36	30	35	35	37	29	22	30	24	38	35	28	38	23	35	20	35	25	22	34	31	26	30	30	38	35	40	40	38	38	29	29	21	29	36	36	24	28	30	23	40	40	28	26	24	40	21	31	20	37	21	39	21	23	32	27	36	36	28	30	27	35	30	28	34	40	23	21	38	23	35	35	21	33	40	20	40	26	37	24	38	37	40	25	27	28	37	22	37	28	20	39	40	27	28	36	20	31	27	31	34	23	33	21	31	33	24	36	26	40	20	32	32	38	33	26	21	35	33	40	23	28	26	23	37	22	37	37	21	25	20	31	40	37	23	39	21	35	23	29	37	26	27	20	25	23	20	40	25	28	22	34	28	40	30	38	32	31	31	26	24	40	38	33	22	35	30	39	21	21	32	23	34	39	37	23	24	37	26	39	26	22	23	21	38	37	37	35	27	28	30	21	24	36	27	36	29	39	37	40	40	23	28	27	30	23	
49	26	35	15	50	15	32	15	25	50	41	45	50	47	46	17	27	41	39	11	48	47	32	42	35	22	14	27	36	11	50	15	38	29	41	14	34	50	10	28	19	41	48	33	48	13	18	11	45	44	33	38	31	31	34	15	19	49	45	45	10	41	37	48	20	38	48	40	35	25	33	29	38	46	12	36	24	41	42	30	41	44	24	17	50	35	34	49	34	31	20	20	45	40	21	24	49	45	19	16	23	34	26	18	41	46	28	10	21	12	17	24	39	23	40	19	26	49	17	28	19	41	26	12	40	41	17	14	33	44	11	38	39	43	27	32	33	16	21	48	39	15	47	22	18	27	45	23	33	19	11	32	28	34	28	11	25	38	13	49	26	18	44	46	46	32	11	12	11	32	21	36	10	31	31	22	43	28	47	47	10	18	22	32	41	24	23	15	47	14	47	34	18	23	19	39	34	49	14	36	30	37	32	11	36	23	23	12	11	33	41	20	19	10	46	35	18	35	49	13	22	15	20	50	31	12	47	45	25	24	25	13	31	43	21	28	18	16	31	33	37	32	35	22	43	50	18	30	44	29	30	44	45	14	43	36	37	18	11	13	10	46	27	21	34	16	33	11	26	46	50	14	50	12	25	42	21	29	48	47	18	21	12	15	15	17	31	41	26	38	40	24	32	13	40	42	30	10	25	30	33	12	37	12	33	46	16	37	15	34	18	34	21	16	44	30	45	13	40	43	20	11	40	15	41	13	48	40	23	38	36	35	21	12	40	47	47	47	48	46	49	38	50	30	15	28	31	12	25	40	17	50	33	25	35	36	27	29	37	38	22	34	29	14	19	50	13	28	43	49	43	40	30	14	35	24	33	39	20	24	18	30	18	33	21	13	46	24	44	14	14	23	20	10	11	14	42	17	14	34	32	47	50	26	43	17	11	46	23	13	17	23	14	38	31	32	30	28	13	10	32	43	26	45	17	14	12	49	37	49	29	13	38	14	15	33	48	20	47	12	30	46	28	48	35	37	29	43	18	44	39	43	14	19	21	32	36	17	13	42	19	39	34	36	18	46	34	11	16	28	46	34	44	20	41	38	12	33	11	24	30	35	25	19	19	17	12	43	47	44	44	16	17	32	15	18	48	43	33	39	18	23	36	19	45	31	29	23	49	47	14	29	24	45	41	20	20	40	38	47	32	49	21	50	13	50	21	32	47	41	39	15	28	42	23	38	25	20	32	10	21	12	12	22	13	48	
0.5
70
