702
40
0	0	0	0	0	0	0	0	0	0	0	48	500	0	0	0	0	0	0	0	0	0	0	0	0	0	0	0	0	0	0	0	0	0	0	0	0	0	0	0	
0	0	0	0	0	0	0	0	0	0	0	0	0	0	48	500	0	48	0	0	0	0	0	0	0	0	0	0	0	0	0	0	0	0	0	0	0	0	0	0	
0	0	0	0	0	0	0	0	0	0	0	96	0	0	0	0	0	0	0	0	0	0	0	0	0	0	0	0	500	0	0	0	0	0	0	0	0	0	0	0	
0	0	0	0	0	0	0	0	0	0	0	0	0	0	0	0	0	500	0	0	0	0	0	0	0	0	192	0	0	0	96	0	0	0	0	0	0	0	0	0	
0	0	0	0	0	48	0	0	0	0	192	0	0	0	0	0	0	0	0	0	0	0	0	0	0	0	0	500	0	96	0	0	0	500	0	0	0	0	0	0	
0	0	0	0	48	0	0	0	0	0	0	0	0	0	0	0	0	0	0	0	0	0	0	0	0	0	0	96	0	0	0	0	0	0	0	0	0	0	0	0	
0	0	0	0	0	0	0	48	0	0	0	0	0	0	0	0	0	0	0	0	0	0	0	0	0	0	0	0	0	0	0	0	192	0	0	0	0	0	0	0	
0	0	0	0	0	0	48	0	0	0	0	0	0	0	0	0	0	0	0	0	0	0	0	0	0	0	0	0	500	0	0	0	192	0	0	0	0	0	0	0	
0	0	0	0	0	0	0	0	0	0	0	0	0	0	192	0	0	0	0	0	0	0	0	0	0	0	48	0	0	0	0	0	0	0	0	0	0	0	0	0	
0	0	0	0	0	0	0	0	0	0	0	0	0	0	0	0	0	0	0	0	0	0	96	0	0	0	0	0	0	0	0	0	0	0	0	0	192	0	0	0	
0	0	0	0	192	0	0	0	0	0	0	0	0	0	0	0	0	0	0	0	0	0	0	0	96	0	0	0	0	0	0	0	0	500	0	0	0	0	0	0	
48	0	96	0	0	0	0	0	0	0	0	0	0	0	0	0	0	0	0	0	0	0	0	0	0	0	0	0	0	0	0	0	0	0	0	0	0	0	0	0	
500	0	0	0	0	0	0	0	0	0	0	0	0	0	0	0	0	0	0	0	0	0	0	0	0	0	0	0	0	0	0	0	0	0	0	0	0	500	0	0	
0	0	0	0	0	0	0	0	0	0	0	0	0	0	0	0	0	0	48	0	0	96	0	0	0	0	0	0	0	0	0	0	0	0	0	0	0	0	0	0	
0	48	0	0	0	0	0	0	192	0	0	0	0	0	0	500	0	0	0	0	0	0	0	0	0	0	192	0	0	0	96	0	0	0	0	0	0	0	0	0	
0	500	0	0	0	0	0	0	0	0	0	0	0	0	500	0	0	0	0	0	0	0	0	0	0	0	48	0	0	500	0	0	0	0	0	0	0	0	96	0	
0	0	0	0	0	0	0	0	0	0	0	0	0	0	0	0	0	0	0	0	0	0	0	0	0	96	0	0	0	0	0	0	0	0	0	48	500	0	0	0	
0	48	0	500	0	0	0	0	0	0	0	0	0	0	0	0	0	0	0	0	0	0	0	0	0	0	0	0	0	0	0	0	0	0	0	0	0	0	0	0	
0	0	0	0	0	0	0	0	0	0	0	0	0	48	0	0	0	0	0	0	0	0	0	0	0	500	0	0	0	0	0	0	0	0	0	0	0	0	0	0	
0	0	0	0	0	0	0	0	0	0	0	0	0	0	0	0	0	0	0	0	0	0	0	0	0	0	0	0	0	0	0	0	0	0	0	48	500	96	0	0	
0	0	0	0	0	0	0	0	0	0	0	0	0	0	0	0	0	0	0	0	0	48	0	0	192	0	0	0	0	0	0	0	0	0	500	0	0	0	96	192	
0	0	0	0	0	0	0	0	0	0	0	0	0	96	0	0	0	0	0	0	48	0	0	0	0	0	0	0	0	0	0	0	0	0	0	0	0	0	0	0	
0	0	0	0	0	0	0	0	0	96	0	0	0	0	0	0	0	0	0	0	0	0	0	0	0	0	0	0	192	0	0	0	0	0	0	0	0	0	0	0	
0	0	0	0	0	0	0	0	0	0	0	0	0	0	0	0	0	0	0	0	0	0	0	0	0	0	0	0	0	0	0	48	0	0	500	0	0	0	48	192	
0	0	0	0	0	0	0	0	0	0	96	0	0	0	0	0	0	0	0	0	192	0	0	0	0	0	0	0	0	0	0	0	0	0	0	0	0	0	0	0	
0	0	0	0	0	0	0	0	0	0	0	0	0	0	0	0	96	0	500	0	0	0	0	0	0	0	0	0	0	0	0	0	0	0	0	0	0	0	0	0	
0	0	0	192	0	0	0	0	48	0	0	0	0	0	192	48	0	0	0	0	0	0	0	0	0	0	0	0	0	0	0	0	0	0	0	0	0	0	0	0	
0	0	0	0	500	96	0	0	0	0	0	0	0	0	0	0	0	0	0	0	0	0	0	0	0	0	0	0	0	0	0	0	0	0	0	0	0	0	0	0	
0	0	500	0	0	0	0	500	0	0	0	0	0	0	0	0	0	0	0	0	0	0	192	0	0	0	0	0	0	0	0	0	0	0	0	0	0	0	0	0	
0	0	0	0	96	0	0	0	0	0	0	0	0	0	0	500	0	0	0	0	0	0	0	0	0	0	0	0	0	0	0	0	0	0	0	0	0	0	0	0	
0	0	0	96	0	0	0	0	0	0	0	0	0	0	96	0	0	0	0	0	0	0	0	0	0	0	0	0	0	0	0	0	0	0	0	0	0	0	0	0	
0	0	0	0	0	0	0	0	0	0	0	0	0	0	0	0	0	0	0	0	0	0	0	48	0	0	0	0	0	0	0	0	0	0	0	0	0	0	0	96	
0	0	0	0	0	0	192	192	0	0	0	0	0	0	0	0	0	0	0	0	0	0	0	0	0	0	0	0	0	0	0	0	0	0	0	0	0	0	0	0	
0	0	0	0	500	0	0	0	0	0	500	0	0	0	0	0	0	0	0	0	0	0	0	0	0	0	0	0	0	0	0	0	0	0	0	0	0	0	0	0	
0	0	0	0	0	0	0	0	0	0	0	0	0	0	0	0	0	0	0	0	500	0	0	500	0	0	0	0	0	0	0	0	0	0	0	0	0	0	0	0	
0	0	0	0	0	0	0	0	0	0	0	0	0	0	0	0	48	0	0	48	0	0	0	0	0	0	0	0	0	0	0	0	0	0	0	0	0	0	0	0	
0	0	0	0	0	0	0	0	0	192	0	0	0	0	0	0	500	0	0	500	0	0	0	0	0	0	0	0	0	0	0	0	0	0	0	0	0	0	0	0	
0	0	0	0	0	0	0	0	0	0	0	0	500	0	0	0	0	0	0	96	0	0	0	0	0	0	0	0	0	0	0	0	0	0	0	0	0	0	0	192	
0	0	0	0	0	0	0	0	0	0	0	0	0	0	0	96	0	0	0	0	96	0	0	48	0	0	0	0	0	0	0	0	0	0	0	0	0	0	0	0	
0	0	0	0	0	0	0	0	0	0	0	0	0	0	0	0	0	0	0	0	192	0	0	192	0	0	0	0	0	0	0	96	0	0	0	0	0	192	0	0	
9	12	19	6	27	10	8	35	38	12	34	16	17	20	33	0	14	1	39	34	14	30	36	16	27	11	25	26	20	33	24	10	35	10	2	25	1	6	7	32	39	21	16	39	30	26	31	8	38	30	36	20	34	32	17	27	26	3	6	0	39	23	4	9	9	37	29	18	3	6	34	10	13	20	3	27	7	22	25	22	36	15	30	11	3	31	10	4	31	32	7	18	23	1	5	14	29	37	30	24	10	12	26	26	16	39	35	28	38	7	33	16	30	6	29	39	17	35	17	18	8	17	29	26	12	8	11	23	22	18	3	34	15	14	15	22	16	23	7	18	1	21	5	16	13	25	1	33	36	36	13	29	39	0	1	30	22	5	22	21	28	4	6	10	24	6	25	15	5	28	25	13	18	16	6	37	33	33	26	7	28	34	21	29	2	12	1	8	21	30	22	32	14	10	30	23	15	34	17	14	7	38	8	5	32	39	29	14	27	39	0	18	1	13	3	34	3	12	6	22	9	28	27	24	38	14	26	9	34	12	5	9	14	21	12	34	2	36	16	37	25	17	35	10	3	29	14	4	0	34	17	9	35	39	37	21	19	23	12	15	2	18	14	1	10	2	29	36	10	6	1	8	12	25	3	0	33	18	5	18	35	5	8	26	33	32	28	31	37	37	26	19	0	6	36	15	27	19	2	3	31	29	38	33	28	13	0	34	29	36	34	38	2	28	12	39	36	29	32	38	35	8	6	12	10	14	23	33	33	33	5	23	24	25	9	39	34	14	27	17	30	36	28	39	31	25	14	2	20	31	33	10	7	8	14	34	33	36	32	24	4	4	13	32	7	17	8	1	4	29	18	5	12	0	35	13	32	2	36	1	33	7	23	19	0	5	12	28	30	30	13	5	20	4	26	6	10	23	21	25	19	16	6	14	7	25	6	0	31	17	39	22	3	11	26	26	30	31	15	20	15	38	39	38	9	33	20	1	19	18	6	37	7	9	15	29	39	15	15	32	26	5	0	23	10	20	34	21	16	38	14	9	30	11	6	20	19	11	27	1	25	18	28	23	25	38	29	8	20	10	5	36	19	37	21	6	22	26	23	13	8	26	3	26	1	28	26	0	10	3	38	22	3	6	24	38	31	32	8	24	6	2	39	30	24	19	23	9	8	22	32	18	21	35	36	9	17	3	11	8	6	15	31	32	3	24	32	9	26	24	8	5	4	39	23	37	11	6	22	10	22	6	31	20	39	24	27	37	15	14	26	5	31	0	37	23	24	31	38	10	26	12	13	16	16	33	36	25	18	21	3	39	17	11	27	27	13	19	38	30	25	31	5	16	37	38	8	35	1	27	16	39	0	30	15	31	9	24	13	18	23	34	4	18	9	6	36	23	17	27	23	27	25	28	37	23	8	9	0	12	8	36	8	10	26	36	6	19	31	36	28	24	24	28	2	17	38	13	2	24	18	32	5	14	13	15	10	35	0	17	12	10	28	25	28	18	1	24	2	4	10	37	16	35	23	2	30	6	0	1	37	6	32	10	7	6	6	30	36	29	29	31	22	5	12	28	38	22	38	32	3	10	34	27	24	10	2	6	30	39	15	2	
36	14	9	15	25	4	29	33	22	38	37	8	24	0	19	34	5	15	23	4	32	9	4	35	8	2	8	19	33	39	39	27	16	6	39	22	11	36	5	19	29	4	13	13	36	29	5	18	30	12	10	39	23	37	24	33	20	5	13	13	18	25	5	8	38	24	7	22	13	28	13	22	13	36	39	3	26	4	8	27	32	18	38	35	22	25	21	8	16	17	19	39	19	5	13	37	37	26	23	7	25	21	23	26	30	20	9	34	24	12	28	13	20	32	34	1	15	31	35	25	22	14	26	35	6	33	13	4	37	29	0	9	6	32	25	31	24	14	29	10	7	28	24	1	16	32	32	31	8	6	18	34	12	28	26	8	18	22	6	12	21	1	26	20	36	19	29	20	11	8	33	11	31	22	30	13	37	33	39	38	34	14	18	21	36	3	27	13	14	36	0	4	31	31	14	23	35	8	17	19	7	36	39	29	0	33	5	18	27	27	15	23	30	23	27	16	12	27	21	4	28	35	19	14	26	13	10	4	35	29	38	35	36	8	6	0	10	4	4	32	11	5	0	0	10	33	13	21	30	20	8	3	27	35	31	25	22	28	15	2	12	27	13	36	2	22	37	4	5	17	5	8	35	33	17	2	31	20	8	2	24	6	28	20	2	13	37	36	26	12	22	1	21	11	20	22	33	36	30	34	33	6	23	8	4	22	12	22	6	32	19	9	20	17	9	22	11	39	35	33	24	14	29	33	8	11	21	17	1	4	7	24	6	13	9	33	22	12	0	10	21	37	32	16	32	37	15	8	20	10	18	7	39	8	5	2	28	21	6	21	34	28	26	15	21	21	5	27	26	10	29	31	22	11	22	25	6	26	14	12	31	22	34	22	15	27	15	19	25	39	25	10	36	14	29	31	12	21	10	22	30	26	27	38	31	34	21	18	4	0	14	16	3	35	3	29	31	16	33	38	15	34	28	24	23	9	34	24	4	31	23	3	19	35	25	21	17	1	21	29	28	7	32	6	39	33	38	14	9	13	12	10	14	15	25	7	19	20	23	26	5	26	6	0	9	5	25	5	5	2	38	0	4	15	10	20	5	8	17	24	4	35	25	39	6	36	6	23	8	17	38	29	7	13	38	6	16	16	18	23	17	36	16	4	6	24	13	12	4	17	29	26	23	10	6	37	15	19	20	0	38	6	6	9	34	34	38	5	33	3	12	25	30	15	3	34	24	26	9	37	3	34	18	22	12	35	20	28	8	26	12	26	13	37	6	6	6	24	0	29	26	24	7	36	29	3	39	0	4	5	30	6	28	20	0	35	34	20	35	4	19	10	36	21	37	4	32	4	35	30	11	31	20	38	2	9	20	24	4	8	32	33	36	1	21	31	7	17	25	30	4	36	15	28	38	17	38	37	10	35	26	22	22	1	31	21	31	6	28	6	2	8	22	22	35	4	32	27	0	7	0	33	13	38	20	14	32	38	8	22	6	12	17	7	3	36	4	12	21	28	6	37	17	26	20	28	19	1	12	32	17	15	33	38	23	33	10	10	12	28	3	9	34	37	9	8	25	24	33	29	4	28	32	5	25	12	12	27	28	23	8	38	
23	38	38	24	31	40	32	25	33	40	37	40	27	22	27	23	21	33	27	35	23	30	22	28	31	40	24	20	28	26	29	30	30	36	20	29	30	37	20	20	38	23	25	36	36	32	36	35	25	24	24	22	37	36	34	37	32	32	32	24	40	26	26	37	40	26	31	32	26	40	27	24	21	36	40	24	38	35	25	22	22	20	23	32	26	40	37	20	32	27	35	23	33	36	25	35	27	22	29	39	33	34	35	21	35	31	21	21	30	24	40	32	21	40	27	40	27	25	39	25	29	33	24	35	23	24	40	20	20	31	39	35	31	35	24	27	23	39	28	21	40	37	30	32	31	23	21	28	27	29	29	24	20	20	40	32	40	35	31	36	40	25	31	39	37	30	23	39	36	36	40	23	34	23	20	25	29	22	24	35	34	33	25	29	25	30	37	20	32	35	25	32	40	22	22	39	28	38	39	37	38	37	25	26	40	38	22	33	32	24	39	24	35	26	32	26	38	20	40	26	32	22	32	20	27	24	33	38	35	25	26	39	32	39	23	29	26	36	27	20	28	32	30	40	30	31	20	35	40	24	27	21	24	32	24	37	32	32	24	24	30	23	37	40	26	23	23	26	33	29	31	33	23	23	21	29	22	24	36	33	37	28	23	26	33	20	24	24	33	32	29	37	36	20	36	24	20	28	30	21	22	26	26	25	39	31	31	28	24	28	40	21	26	37	40	20	36	22	38	23	25	30	23	21	38	32	34	30	22	27	23	21	26	20	22	35	22	20	37	28	39	24	32	27	35	37	31	22	29	22	34	33	37	31	26	22	33	28	35	40	27	30	38	33	21	31	24	35	36	26	37	29	38	30	30	34	34	28	31	38	33	23	26	20	27	36	21	34	40	40	30	30	35	34	34	27	35	25	23	31	32	39	26	31	29	26	23	20	28	35	30	40	36	38	38	35	32	28	34	29	27	39	22	35	21	20	26	31	34	27	36	29	40	38	26	23	35	24	24	28	23	32	40	33	23	31	23	26	30	37	33	39	29	24	25	39	25	40	20	31	38	25	28	22	32	29	32	29	29	33	30	22	21	36	36	25	32	25	32	31	39	31	23	31	27	24	21	29	35	33	21	31	23	20	37	29	39	27	34	24	26	34	38	30	29	29	30	29	21	30	38	23	37	27	24	29	27	21	22	39	38	30	39	38	38	32	25	30	38	22	25	32	34	37	32	27	33	28	34	22	40	40	34	22	40	34	24	21	39	26	40	24	29	20	32	33	27	28	25	23	25	22	29	21	40	31	24	36	22	20	31	39	22	39	22	40	35	35	30	26	35	39	20	21	29	34	36	25	34	22	28	35	22	30	28	33	23	26	32	34	32	25	33	23	20	30	37	22	22	32	39	37	30	25	21	22	25	32	31	37	32	34	38	38	22	23	36	26	20	24	32	22	20	35	23	29	38	34	26	35	30	27	32	31	25	31	22	37	25	24	27	26	29	23	38	38	26	22	22	33	39	35	29	33	25	20	34	36	34	28	29	32	32	37	30	35	22	21	30	35	24	20	35	25	32	27	40	20	30	38	31	20	38	26	28	37	37	38	28	36	38	27	
18	21	10	12	14	36	50	50	23	30	50	43	47	18	43	26	11	28	48	34	24	22	41	46	25	50	14	18	17	37	48	20	14	26	12	43	11	45	50	12	35	46	12	33	19	29	18	26	13	25	31	25	40	17	43	18	44	32	45	31	38	45	35	15	15	47	39	47	23	33	18	37	30	12	44	40	49	17	39	34	49	12	32	20	26	13	31	17	24	30	34	36	29	45	46	42	12	24	45	13	33	13	31	32	29	33	19	21	45	37	39	16	32	45	25	18	45	16	11	10	10	32	11	38	22	26	15	48	25	46	38	21	29	22	24	26	21	32	36	15	29	12	47	44	11	47	30	15	37	47	21	28	10	27	23	11	39	27	10	42	28	12	13	18	35	42	25	19	21	23	50	43	22	39	18	32	31	41	30	33	24	21	26	49	19	22	36	16	12	28	47	35	50	49	19	36	21	36	48	40	18	11	26	21	16	48	19	34	41	24	22	20	37	12	23	32	46	20	13	44	11	45	33	42	32	50	10	22	29	29	42	46	24	28	33	11	14	13	37	16	22	17	44	25	39	23	28	23	11	46	25	50	18	32	22	36	29	19	34	15	11	25	12	17	31	29	47	29	15	21	28	49	27	35	11	35	29	19	27	26	19	21	37	25	47	20	12	14	38	19	16	12	18	38	13	33	19	28	23	37	32	13	39	49	48	42	20	31	20	15	27	17	19	43	14	38	45	48	42	14	24	16	24	36	12	32	35	42	41	39	48	10	13	35	44	37	33	11	18	11	43	23	34	24	33	10	45	48	44	14	43	18	16	32	34	34	32	30	32	42	48	35	39	19	14	19	22	44	27	48	20	15	29	26	45	28	33	33	34	33	48	48	45	22	38	21	50	13	43	45	30	22	11	21	33	35	15	11	37	34	20	24	23	21	41	21	25	28	10	31	47	43	48	39	14	26	37	49	21	34	33	34	48	11	10	20	45	33	47	34	38	38	43	45	24	28	28	20	12	11	25	39	22	24	23	12	36	50	18	47	33	47	35	19	18	41	10	36	30	34	50	20	30	36	18	34	28	34	44	47	12	18	19	23	16	40	37	44	27	18	22	11	12	49	10	14	21	27	41	44	28	27	36	15	10	26	26	46	34	20	38	26	31	36	14	13	24	14	31	25	35	26	10	13	35	38	41	33	11	40	42	16	44	10	38	24	34	47	30	14	15	23	32	10	17	14	32	48	44	42	34	21	14	39	24	19	28	34	48	40	46	37	37	39	43	13	27	38	49	38	29	41	41	24	49	46	24	24	13	26	50	15	10	35	13	45	34	33	27	28	32	48	40	39	47	13	21	25	34	12	20	47	45	33	45	39	18	44	50	21	21	36	40	29	40	42	36	35	31	36	49	26	45	32	30	44	11	25	18	44	39	43	34	46	50	22	15	40	12	30	19	46	35	49	50	48	15	13	31	38	29	35	30	49	38	37	15	41	44	39	39	18	25	20	49	40	24	22	39	23	12	28	42	27	37	49	46	22	46	37	14	10	48	11	37	12	23	45	17	27	26	46	48	18	45	49	29	19	32	29	41	19	31	21	20	22	49	21	25	11	24	13	
10
90
