546
40
0	0	0	0	0	0	0	0	192	0	0	0	0	48	0	0	0	0	0	0	0	0	0	0	0	0	0	0	0	0	0	0	0	0	0	0	0	0	0	0	
0	0	0	0	0	0	0	0	0	0	0	0	96	0	0	0	0	0	0	0	0	0	0	0	0	0	500	0	0	0	0	0	0	0	0	0	0	0	0	0	
0	0	0	0	0	0	0	500	0	96	0	0	0	0	0	0	0	0	0	0	0	0	0	0	0	0	0	0	0	192	0	0	0	0	0	0	500	0	0	0	
0	0	0	0	0	0	0	0	0	0	0	0	0	192	0	0	0	0	0	0	48	0	0	0	0	0	0	0	0	0	0	0	0	0	0	0	0	0	0	0	
0	0	0	0	0	0	0	0	0	0	0	0	0	0	0	0	0	48	0	0	0	0	0	0	0	0	0	0	0	0	0	0	0	0	0	0	0	0	0	192	
0	0	0	0	0	0	0	0	0	0	0	0	0	0	0	192	0	0	0	0	0	0	0	0	0	0	0	0	192	0	96	0	0	0	0	0	0	0	0	96	
0	0	0	0	0	0	0	0	0	0	0	0	0	0	0	0	0	0	0	48	192	500	0	0	0	0	0	0	0	0	0	0	0	0	0	0	0	0	0	0	
0	0	500	0	0	0	0	0	0	0	0	0	0	0	0	0	0	0	0	0	0	0	0	0	0	0	0	0	0	192	0	0	0	0	0	0	0	0	0	0	
192	0	0	0	0	0	0	0	0	0	0	0	0	0	0	0	0	0	0	0	0	0	0	192	0	0	0	0	0	0	0	48	0	0	0	0	0	0	0	0	
0	0	96	0	0	0	0	0	0	0	0	0	96	0	0	0	0	0	0	0	0	0	0	0	0	0	0	0	0	0	0	0	0	0	0	0	0	0	0	0	
0	0	0	0	0	0	0	0	0	0	0	0	0	0	0	0	0	0	0	0	0	0	0	0	0	0	192	0	0	0	0	0	0	0	0	0	0	48	0	0	
0	0	0	0	0	0	0	0	0	0	0	0	0	0	0	0	0	0	0	0	0	0	0	192	0	500	0	0	0	0	0	0	0	0	0	0	0	0	0	0	
0	96	0	0	0	0	0	0	0	96	0	0	0	0	0	0	0	0	0	0	0	0	0	0	0	0	96	0	0	0	0	0	0	0	0	96	0	0	0	0	
48	0	0	192	0	0	0	0	0	0	0	0	0	0	0	500	0	0	0	0	96	0	0	0	0	0	0	0	0	0	0	0	0	0	0	0	0	0	0	0	
0	0	0	0	0	0	0	0	0	0	0	0	0	0	0	0	0	0	192	0	0	0	0	0	0	0	0	0	192	0	0	0	0	0	0	0	0	0	0	0	
0	0	0	0	0	192	0	0	0	0	0	0	0	500	0	0	0	0	0	0	0	0	0	0	0	0	0	0	0	0	0	0	0	0	0	0	0	0	0	0	
0	0	0	0	0	0	0	0	0	0	0	0	0	0	0	0	0	0	0	0	0	0	0	0	0	0	0	0	0	0	0	0	48	0	500	0	0	0	0	0	
0	0	0	0	48	0	0	0	0	0	0	0	0	0	0	0	0	0	0	0	0	0	0	0	0	0	0	0	0	0	48	0	0	0	0	0	0	0	0	0	
0	0	0	0	0	0	0	0	0	0	0	0	0	0	192	0	0	0	0	0	0	0	0	0	0	0	0	0	192	0	0	0	0	0	0	0	0	0	0	0	
0	0	0	0	0	0	48	0	0	0	0	0	0	0	0	0	0	0	0	0	96	0	0	0	0	0	0	0	0	0	0	0	0	48	0	0	0	0	0	0	
0	0	0	48	0	0	192	0	0	0	0	0	0	96	0	0	0	0	0	96	0	0	0	0	0	0	0	0	0	0	0	0	0	0	0	0	0	0	0	0	
0	0	0	0	0	0	500	0	0	0	0	0	0	0	0	0	0	0	0	0	0	0	0	0	0	0	0	0	0	0	192	0	0	0	0	0	0	0	0	0	
0	0	0	0	0	0	0	0	0	0	0	0	0	0	0	0	0	0	0	0	0	0	0	0	48	0	0	0	0	0	0	0	0	0	0	192	0	0	0	0	
0	0	0	0	0	0	0	0	192	0	0	192	0	0	0	0	0	0	0	0	0	0	0	0	0	0	0	0	0	0	0	0	0	0	0	0	0	0	0	0	
0	0	0	0	0	0	0	0	0	0	0	0	0	0	0	0	0	0	0	0	0	0	48	0	0	0	0	0	0	0	0	0	192	0	0	0	0	0	0	0	
0	0	0	0	0	0	0	0	0	0	0	500	0	0	0	0	0	0	0	0	0	0	0	0	0	0	0	0	0	0	0	500	0	0	0	0	0	0	0	0	
0	500	0	0	0	0	0	0	0	0	192	0	96	0	0	0	0	0	0	0	0	0	0	0	0	0	0	0	0	0	0	0	0	0	0	0	0	0	0	0	
0	0	0	0	0	0	0	0	0	0	0	0	0	0	0	0	0	0	0	0	0	0	0	0	0	0	0	0	0	0	0	0	0	192	0	0	0	0	500	0	
0	0	0	0	0	192	0	0	0	0	0	0	0	0	192	0	0	0	192	0	0	0	0	0	0	0	0	0	0	0	0	0	0	0	0	0	0	0	0	0	
0	0	192	0	0	0	0	192	0	0	0	0	0	0	0	0	0	0	0	0	0	0	0	0	0	0	0	0	0	0	0	0	0	0	0	0	0	0	0	0	
0	0	0	0	0	96	0	0	0	0	0	0	0	0	0	0	0	48	0	0	0	192	0	0	0	0	0	0	0	0	0	0	0	0	0	0	0	0	0	0	
0	0	0	0	0	0	0	0	48	0	0	0	0	0	0	0	0	0	0	0	0	0	0	0	0	500	0	0	0	0	0	0	192	0	192	0	0	0	0	0	
0	0	0	0	0	0	0	0	0	0	0	0	0	0	0	0	48	0	0	0	0	0	0	0	192	0	0	0	0	0	0	192	0	0	0	0	192	0	0	0	
0	0	0	0	0	0	0	0	0	0	0	0	0	0	0	0	0	0	0	48	0	0	0	0	0	0	0	192	0	0	0	0	0	0	0	0	0	0	0	0	
0	0	0	0	0	0	0	0	0	0	0	0	0	0	0	0	500	0	0	0	0	0	0	0	0	0	0	0	0	0	0	192	0	0	0	0	0	0	0	0	
0	0	0	0	0	0	0	0	0	0	0	0	96	0	0	0	0	0	0	0	0	0	192	0	0	0	0	0	0	0	0	0	0	0	0	0	0	0	0	0	
0	0	500	0	0	0	0	0	0	0	0	0	0	0	0	0	0	0	0	0	0	0	0	0	0	0	0	0	0	0	0	0	192	0	0	0	0	0	0	0	
0	0	0	0	0	0	0	0	0	0	48	0	0	0	0	0	0	0	0	0	0	0	0	0	0	0	0	0	0	0	0	0	0	0	0	0	0	0	96	0	
0	0	0	0	0	0	0	0	0	0	0	0	0	0	0	0	0	0	0	0	0	0	0	0	0	0	0	500	0	0	0	0	0	0	0	0	0	96	0	0	
0	0	0	0	192	96	0	0	0	0	0	0	0	0	0	0	0	0	0	0	0	0	0	0	0	0	0	0	0	0	0	0	0	0	0	0	0	0	0	0	
14	34	28	9	15	29	27	2	5	24	8	19	9	19	19	5	20	7	13	32	6	29	0	29	2	23	12	14	31	36	3	20	39	14	12	7	34	39	27	33	27	6	6	2	33	38	32	28	7	38	1	24	4	17	34	14	26	39	13	24	10	17	18	6	4	24	2	26	3	5	7	12	6	9	1	30	39	5	17	33	15	2	9	37	39	34	9	28	31	28	35	22	26	18	38	5	15	22	37	2	24	0	17	13	22	8	33	15	1	25	16	3	4	11	31	15	38	7	5	7	25	22	29	26	38	9	31	1	38	18	21	38	18	32	39	10	26	37	14	21	17	3	12	1	30	1	17	31	27	18	6	23	17	37	29	10	32	29	14	10	11	10	26	32	1	13	19	36	12	31	16	16	13	1	5	5	37	4	8	19	13	25	4	11	29	34	25	8	15	30	25	16	12	39	4	15	29	7	35	20	35	14	0	0	39	36	18	37	17	28	29	4	3	30	39	29	22	3	11	34	35	28	17	12	27	26	27	3	30	38	8	32	31	1	20	21	37	21	13	3	34	25	30	2	15	7	15	36	13	33	18	34	28	23	22	4	22	9	15	19	13	26	35	18	8	26	29	23	8	34	5	38	16	11	4	38	8	22	12	32	16	4	29	30	2	6	33	25	7	38	31	9	32	27	26	24	29	16	35	30	9	4	2	13	19	18	24	14	13	2	14	9	0	36	14	0	13	27	0	3	37	31	21	28	16	33	31	11	8	10	22	26	14	20	35	18	19	6	0	35	32	34	13	31	14	26	27	6	37	5	28	18	7	30	32	12	21	12	24	28	8	10	14	27	33	32	2	12	8	23	13	5	32	32	1	2	32	36	30	34	34	28	37	38	39	1	8	0	23	36	15	17	5	15	19	25	32	1	30	2	18	37	0	13	28	10	18	10	31	35	14	18	20	8	20	15	35	18	21	2	23	34	10	4	39	1	13	36	37	16	23	14	17	32	7	17	38	34	8	15	19	23	10	32	11	1	7	6	5	7	23	1	3	12	27	19	13	31	36	36	38	35	20	31	5	24	11	26	29	39	3	25	5	8	4	10	15	30	23	25	35	18	6	29	12	3	8	23	9	35	33	17	28	27	39	36	6	13	21	25	16	16	35	23	11	31	2	18	8	33	28	25	23	33	9	14	18	15	19	17	2	20	10	36	8	25	7	7	37	39	19	4	9	15	24	3	30	2	22	30	5	9	15	30	15	37	
27	25	26	20	34	12	38	14	18	10	33	26	1	31	26	29	19	10	29	34	22	38	15	32	38	16	13	35	1	39	20	16	28	6	33	13	10	19	1	29	19	27	33	23	18	34	14	16	28	23	21	35	31	29	3	15	7	26	5	16	10	26	16	36	21	28	10	14	4	35	30	37	4	21	10	37	27	14	27	36	38	21	14	21	1	21	0	15	34	20	6	31	5	31	30	8	7	10	35	33	22	4	3	6	23	8	3	12	6	27	9	17	1	12	0	33	12	14	30	9	13	39	17	14	24	20	20	6	27	2	13	21	26	5	10	32	27	4	22	4	34	17	32	23	13	4	11	5	0	25	37	3	17	28	4	15	28	35	19	12	15	19	33	9	22	32	9	3	23	24	18	13	39	24	39	22	26	21	23	2	37	20	37	14	30	25	8	8	33	10	20	36	12	28	13	31	12	36	18	30	21	30	14	31	20	32	16	38	7	31	28	32	19	32	22	19	36	32	37	2	0	35	37	20	27	23	11	14	10	17	27	35	19	21	4	18	19	9	18	31	6	11	34	23	18	21	8	32	11	31	11	22	7	20	15	22	10	26	9	5	2	6	14	33	27	21	35	38	3	19	5	25	22	15	9	8	2	12	36	30	35	31	26	2	23	39	18	1	18	7	0	38	10	37	1	0	12	38	26	19	20	23	24	28	23	12	33	25	19	35	0	22	36	9	27	32	8	2	7	20	12	29	1	24	36	21	14	24	5	16	35	17	29	11	29	16	9	26	25	11	37	19	37	22	14	11	4	6	18	31	20	17	38	11	2	35	38	6	12	17	32	27	13	8	0	16	3	13	28	25	11	22	16	36	27	15	18	31	14	14	6	36	18	6	17	27	29	38	18	7	34	18	35	31	15	8	20	38	10	19	7	25	6	34	36	31	18	2	6	11	1	6	18	11	26	37	30	28	16	3	30	26	2	5	32	27	27	25	0	29	34	27	28	2	2	24	25	2	10	5	27	0	29	16	23	34	18	36	11	13	37	1	28	30	18	33	22	1	32	35	38	29	26	27	10	13	23	6	23	22	19	33	9	31	18	34	21	19	27	37	2	16	26	23	26	35	28	38	4	32	21	22	13	14	36	12	1	16	13	21	6	11	29	23	24	14	9	29	21	36	29	39	1	36	24	23	18	8	6	28	4	32	20	26	5	0	23	30	9	12	28	21	14	2	24	29	8	22	0	10	21	7	25	25	17	16	
25	21	32	31	20	22	30	40	29	24	20	36	26	37	26	28	34	37	22	34	23	22	29	37	37	26	25	31	20	29	24	29	37	36	28	38	38	21	38	22	28	40	39	34	35	20	21	29	21	38	32	34	31	22	28	27	40	36	29	29	24	34	34	22	31	22	26	28	36	38	38	24	35	26	28	26	32	37	26	23	35	22	27	39	38	28	32	20	26	32	30	24	37	21	20	27	40	39	20	38	38	35	28	35	29	32	37	37	20	40	35	26	29	30	29	22	27	40	28	28	27	23	40	36	32	22	25	24	31	37	38	40	34	27	25	23	24	22	32	39	31	38	21	28	21	39	22	40	23	26	36	36	33	32	24	21	27	30	33	38	29	29	37	29	34	30	22	37	20	33	39	20	34	39	38	28	37	26	36	32	35	28	29	27	26	21	26	28	27	22	32	29	25	20	32	29	30	25	30	24	39	37	32	39	33	40	25	37	37	34	22	36	34	22	23	30	39	37	23	31	34	30	35	38	28	28	38	35	37	28	24	28	31	39	40	34	29	33	31	21	40	29	28	20	21	30	36	40	31	29	24	32	37	39	21	33	34	32	33	27	32	33	39	22	39	31	39	35	29	22	34	38	28	34	34	38	29	34	34	31	22	25	35	26	28	21	27	31	28	37	24	34	39	30	32	30	21	27	32	30	20	35	20	20	32	31	40	32	20	40	32	33	28	29	21	36	30	21	29	33	27	27	39	25	27	39	38	38	26	22	32	20	21	21	25	38	36	27	39	37	32	24	30	26	26	32	39	36	40	24	23	27	40	28	31	29	20	30	37	35	38	22	31	22	22	27	22	24	21	20	24	37	20	36	33	27	40	20	33	33	34	31	22	30	37	32	39	26	29	28	22	31	20	27	37	37	40	37	23	23	27	22	30	23	35	31	23	37	31	39	23	25	22	29	40	28	35	31	24	40	23	27	33	33	28	21	24	40	29	21	22	29	36	23	37	26	35	35	33	23	39	38	23	32	35	40	27	31	38	22	40	37	26	38	32	30	28	23	31	32	35	36	26	24	37	24	29	21	26	32	23	36	38	24	29	23	36	28	21	33	21	38	39	20	28	31	38	24	21	31	25	35	40	36	29	29	35	36	36	31	36	22	27	29	26	30	31	26	21	38	40	22	37	31	28	32	31	33	29	22	25	30	40	32	21	34	30	39	40	36	37	21	27	31	24	39	40	31	23	31	29	34	30	36	35	39	
25	39	29	48	48	32	12	24	15	31	40	50	42	12	43	30	35	16	24	17	33	49	42	13	48	18	14	26	16	19	48	17	17	27	12	36	44	22	16	16	17	27	17	38	25	25	22	11	34	12	29	48	22	38	29	15	10	38	46	31	14	21	38	28	35	16	14	48	19	44	24	41	24	38	20	40	24	48	36	39	15	25	42	40	36	46	24	11	46	17	42	25	31	41	17	36	30	45	12	47	32	44	45	28	42	42	50	40	13	33	22	32	44	22	33	34	19	41	38	42	50	14	23	44	29	33	15	10	29	19	41	25	36	50	50	43	34	49	35	40	29	32	13	34	23	38	33	24	46	32	32	21	25	37	11	38	16	38	23	27	17	29	37	25	17	28	39	15	27	34	35	33	23	11	19	20	39	43	30	12	31	13	23	30	29	42	45	43	36	42	18	37	20	11	42	39	49	38	22	50	36	26	42	21	14	40	18	10	17	13	16	33	22	36	45	31	47	37	24	27	24	13	35	44	32	33	24	21	18	48	50	20	25	32	25	47	35	44	43	38	32	38	43	46	22	27	27	50	32	31	41	17	15	19	50	40	29	23	27	45	10	45	42	17	41	40	35	13	23	11	31	47	30	24	46	45	48	13	27	37	42	19	34	13	35	37	34	26	47	47	28	40	40	13	48	34	47	48	41	44	11	40	25	39	45	29	50	23	11	12	47	13	38	33	43	10	28	35	18	29	28	24	18	39	21	26	30	23	20	11	12	19	27	16	33	26	11	20	42	24	21	41	48	36	30	36	39	40	11	31	23	26	40	31	18	28	20	48	47	18	34	21	22	45	22	41	16	22	47	26	23	39	21	29	38	24	20	19	21	34	37	11	17	35	27	27	28	17	32	27	18	21	35	44	40	10	15	17	25	39	46	14	36	30	37	34	28	21	25	18	42	24	23	25	32	16	24	40	17	40	22	50	26	34	38	36	44	21	30	28	29	29	10	11	16	31	21	42	20	21	30	10	19	37	22	50	48	11	16	45	35	16	35	27	49	40	47	36	35	48	31	26	38	26	40	25	38	45	33	21	31	24	38	45	14	41	42	23	23	15	21	20	44	13	15	33	46	11	48	32	23	43	24	22	12	41	37	26	39	22	16	38	13	25	16	50	17	22	36	33	19	29	31	15	12	32	21	37	29	12	47	31	50	31	46	23	43	49	38	49	20	38	14	13	27	15	49	20	17	30	30	35	27	36	32	16	
10
70
