390
40
0	0	0	0	0	0	0	0	0	0	0	0	0	48	0	0	0	0	0	0	0	0	0	0	0	0	0	0	0	0	48	0	0	0	0	0	0	0	0	0	
0	0	0	0	0	0	192	192	0	0	0	0	0	0	0	0	0	0	0	0	0	0	0	0	0	0	0	0	0	0	0	0	0	0	0	0	0	0	0	0	
0	0	0	0	0	0	0	0	0	0	0	0	0	0	0	0	0	0	0	0	0	0	500	0	0	0	0	0	0	0	0	0	0	0	0	192	0	0	0	0	
0	0	0	0	0	0	500	0	0	0	0	0	0	0	0	0	0	0	0	0	0	0	0	0	0	192	0	0	0	0	0	0	192	0	0	0	48	0	0	48	
0	0	0	0	0	0	0	0	0	0	0	0	96	0	0	0	0	0	0	0	0	0	0	0	0	0	0	0	0	0	0	0	0	0	0	0	0	0	192	0	
0	0	0	0	0	0	0	0	0	0	0	0	0	0	0	0	0	0	0	0	0	48	0	96	0	0	0	0	0	0	0	48	0	0	0	0	0	0	0	0	
0	192	0	500	0	0	0	0	0	0	0	0	0	0	0	0	0	0	0	0	0	0	0	0	0	0	0	0	0	0	0	0	0	0	0	0	0	0	0	0	
0	192	0	0	0	0	0	0	0	0	0	0	0	0	0	0	0	192	0	0	0	0	0	0	0	0	0	0	0	0	0	0	0	0	0	0	0	0	0	0	
0	0	0	0	0	0	0	0	0	0	0	0	0	0	0	0	0	48	96	0	0	0	0	0	0	0	0	0	0	0	0	0	0	0	0	500	0	0	0	0	
0	0	0	0	0	0	0	0	0	0	0	0	0	0	0	0	0	0	0	0	0	0	0	0	0	0	0	0	0	0	0	0	0	192	500	0	0	0	0	0	
0	0	0	0	0	0	0	0	0	0	0	0	0	0	0	0	0	0	0	0	0	0	0	0	0	0	500	0	0	48	0	0	0	0	0	0	0	0	0	0	
0	0	0	0	0	0	0	0	0	0	0	0	0	0	0	0	0	0	96	0	0	0	192	0	0	0	0	0	0	0	0	0	0	0	0	0	0	0	0	0	
0	0	0	0	96	0	0	0	0	0	0	0	0	0	0	0	0	0	0	0	48	0	0	0	0	192	0	0	0	0	0	0	0	0	0	0	0	0	96	0	
48	0	0	0	0	0	0	0	0	0	0	0	0	0	0	0	0	0	0	0	0	0	0	0	0	0	48	0	0	0	96	0	0	0	0	0	0	0	0	0	
0	0	0	0	0	0	0	0	0	0	0	0	0	0	0	0	0	0	0	192	0	0	0	0	0	0	0	500	0	0	0	0	0	0	0	0	0	0	0	0	
0	0	0	0	0	0	0	0	0	0	0	0	0	0	0	0	0	0	0	0	0	0	0	0	0	0	0	0	96	0	0	0	0	0	96	0	0	0	0	0	
0	0	0	0	0	0	0	0	0	0	0	0	0	0	0	0	0	0	0	0	0	0	0	0	0	0	0	0	96	0	0	0	0	192	0	0	0	192	0	0	
0	0	0	0	0	0	0	192	48	0	0	0	0	0	0	0	0	0	0	0	0	0	0	0	0	0	0	0	0	0	0	0	0	0	0	0	0	0	0	0	
0	0	0	0	0	0	0	0	96	0	0	96	0	0	0	0	0	0	0	0	0	0	0	500	0	0	0	0	0	0	0	0	0	0	0	0	0	0	0	0	
0	0	0	0	0	0	0	0	0	0	0	0	0	0	192	0	0	0	0	0	0	0	0	0	0	0	0	192	500	0	0	0	0	0	0	0	0	0	0	0	
0	0	0	0	0	0	0	0	0	0	0	0	48	0	0	0	0	0	0	0	0	0	0	0	0	0	0	0	0	0	0	0	0	0	0	0	0	0	500	0	
0	0	0	0	0	48	0	0	0	0	0	0	0	0	0	0	0	0	0	0	0	0	0	0	0	0	0	0	0	0	0	192	0	0	0	0	192	0	0	0	
0	0	500	0	0	0	0	0	0	0	0	192	0	0	0	0	0	0	0	0	0	0	0	0	0	0	0	0	0	0	0	0	0	0	0	0	0	0	0	0	
0	0	0	0	0	96	0	0	0	0	0	0	0	0	0	0	0	0	500	0	0	0	0	0	0	0	0	0	0	0	0	0	0	0	0	0	0	0	0	0	
0	0	0	0	0	0	0	0	0	0	0	0	0	0	0	0	0	0	0	0	0	0	0	0	0	0	0	0	0	0	0	0	0	0	0	0	0	192	0	500	
0	0	0	192	0	0	0	0	0	0	0	0	192	0	0	0	0	0	0	0	0	0	0	0	0	0	0	0	0	0	0	0	0	0	0	0	0	0	0	0	
0	0	0	0	0	0	0	0	0	0	500	0	0	48	0	0	0	0	0	0	0	0	0	0	0	0	0	0	0	96	0	0	0	0	0	0	0	500	0	0	
0	0	0	0	0	0	0	0	0	0	0	0	0	0	500	0	0	0	0	192	0	0	0	0	0	0	0	0	0	0	0	0	192	500	0	0	0	0	0	0	
0	0	0	0	0	0	0	0	0	0	0	0	0	0	0	96	96	0	0	500	0	0	0	0	0	0	0	0	0	0	0	0	0	0	0	0	0	0	0	0	
0	0	0	0	0	0	0	0	0	0	48	0	0	0	0	0	0	0	0	0	0	0	0	0	0	0	96	0	0	0	0	0	0	96	0	0	0	0	0	0	
48	0	0	0	0	0	0	0	0	0	0	0	0	96	0	0	0	0	0	0	0	0	0	0	0	0	0	0	0	0	0	0	0	0	0	0	0	0	0	0	
0	0	0	0	0	48	0	0	0	0	0	0	0	0	0	0	0	0	0	0	0	192	0	0	0	0	0	0	0	0	0	0	0	0	0	0	0	0	0	0	
0	0	0	192	0	0	0	0	0	0	0	0	0	0	0	0	0	0	0	0	0	0	0	0	0	0	0	192	0	0	0	0	0	0	0	0	0	0	0	0	
0	0	0	0	0	0	0	0	0	192	0	0	0	0	0	0	192	0	0	0	0	0	0	0	0	0	0	500	0	96	0	0	0	0	0	0	0	0	0	0	
0	0	0	0	0	0	0	0	0	500	0	0	0	0	0	96	0	0	0	0	0	0	0	0	0	0	0	0	0	0	0	0	0	0	0	0	0	0	0	0	
0	0	192	0	0	0	0	0	500	0	0	0	0	0	0	0	0	0	0	0	0	0	0	0	0	0	0	0	0	0	0	0	0	0	0	0	0	0	0	0	
0	0	0	48	0	0	0	0	0	0	0	0	0	0	0	0	0	0	0	0	0	192	0	0	0	0	0	0	0	0	0	0	0	0	0	0	0	0	0	0	
0	0	0	0	0	0	0	0	0	0	0	0	0	0	0	0	192	0	0	0	0	0	0	0	192	0	500	0	0	0	0	0	0	0	0	0	0	0	0	0	
0	0	0	0	192	0	0	0	0	0	0	0	96	0	0	0	0	0	0	0	500	0	0	0	0	0	0	0	0	0	0	0	0	0	0	0	0	0	0	0	
0	0	0	48	0	0	0	0	0	0	0	0	0	0	0	0	0	0	0	0	0	0	0	0	500	0	0	0	0	0	0	0	0	0	0	0	0	0	0	0	
18	36	36	0	33	9	10	17	27	22	19	11	24	13	32	31	1	23	18	30	0	12	27	18	14	7	10	12	11	39	18	3	25	14	10	26	24	5	5	34	11	13	18	34	24	15	28	29	18	27	35	19	10	4	32	6	8	17	12	38	14	36	32	4	37	5	29	34	21	39	28	0	7	1	22	15	22	38	13	0	32	13	32	21	33	32	34	22	32	15	10	29	30	21	35	10	29	1	21	30	38	22	1	27	25	11	0	8	8	10	11	25	20	35	19	20	13	17	25	20	36	19	30	17	3	3	19	29	19	26	18	31	20	9	10	27	8	1	22	15	32	27	30	14	36	31	34	0	13	15	13	22	38	4	7	34	29	39	25	36	38	1	28	6	0	26	17	31	20	36	17	27	36	16	5	32	25	7	7	1	11	2	30	30	20	2	21	24	4	7	11	1	13	28	11	9	24	32	13	33	5	5	33	27	14	27	34	31	11	13	16	23	30	26	4	34	7	5	23	19	0	5	34	27	26	36	15	1	37	2	5	24	27	34	15	17	12	35	20	19	18	32	15	2	6	24	23	12	8	12	23	27	33	7	39	25	4	1	24	15	31	26	3	4	14	12	25	19	24	16	35	5	22	31	18	9	18	2	39	18	21	1	20	25	7	23	0	21	10	3	22	1	15	39	5	29	6	4	8	35	24	18	39	35	7	12	19	14	28	17	20	30	23	27	21	3	26	27	38	22	30	18	1	33	27	8	5	19	11	16	12	8	6	9	0	22	38	5	24	0	35	37	7	38	31	18	20	2	26	36	26	12	6	30	1	13	28	39	17	14	12	17	37	17	16	5	37	30	17	4	26	31	7	30	38	4	27	22	32	14	31	3	10	22	36	39	22	22	18	3	
17	24	17	28	3	13	30	36	13	39	1	0	4	5	8	30	22	1	39	33	15	11	37	24	12	29	37	22	18	31	13	33	31	19	33	39	31	17	32	19	15	12	13	36	29	1	6	21	13	38	16	21	36	39	23	15	23	2	18	2	27	35	20	1	30	24	19	35	28	22	35	27	35	9	35	32	22	22	6	37	12	35	2	1	25	13	11	8	19	8	16	14	29	1	28	10	30	22	29	16	3	4	15	12	39	7	1	13	25	36	38	23	5	33	4	38	16	19	8	33	32	6	22	36	24	24	29	4	39	21	32	29	26	27	29	38	36	30	0	35	36	36	24	1	30	1	16	21	8	27	6	20	29	6	38	27	12	24	15	30	1	37	20	36	10	35	3	1	3	14	25	18	25	36	26	36	33	25	28	20	16	27	36	7	28	6	15	34	25	0	26	18	5	22	25	12	27	28	2	13	2	7	18	18	22	5	14	33	28	19	34	29	26	29	4	12	36	16	25	11	7	2	6	15	17	24	39	21	5	38	26	18	34	9	28	12	37	15	10	22	25	29	33	22	37	7	5	17	37	27	20	21	6	37	35	21	30	10	22	15	1	1	36	32	12	28	0	38	36	2	16	12	39	32	8	24	0	34	15	8	39	22	0	15	6	24	33	36	4	22	7	10	29	5	14	7	14	16	12	33	36	39	30	11	13	21	9	28	29	39	33	15	9	35	29	11	23	5	32	27	3	27	32	30	18	2	33	8	17	37	18	13	22	20	30	20	29	2	19	8	3	20	21	16	21	32	35	24	17	35	24	12	35	25	34	27	24	0	21	17	38	36	16	26	0	26	22	37	29	16	37	30	34	35	10	1	34	23	10	13	12	34	1	6	36	24	29	25	23	15	
32	25	24	20	34	27	20	24	27	28	39	32	23	30	40	32	29	34	20	26	31	22	33	25	22	29	40	40	40	29	22	22	40	20	40	37	40	30	35	20	24	32	29	36	25	21	36	37	34	39	36	33	27	28	29	20	37	28	22	22	36	26	37	33	37	26	35	22	23	23	39	38	33	25	34	31	24	32	25	27	30	23	32	38	35	23	22	29	26	24	27	35	30	40	24	29	36	40	24	36	32	26	37	28	36	31	27	24	27	31	26	36	26	37	26	27	21	38	27	32	33	35	32	34	36	33	27	25	32	30	31	30	35	40	29	40	26	27	33	21	37	28	29	39	40	35	39	28	38	36	35	22	26	24	21	35	37	24	29	33	28	28	20	39	20	36	33	39	33	37	31	31	35	36	40	33	29	37	33	28	31	27	29	34	33	34	28	38	39	29	35	21	40	37	26	29	39	28	33	40	40	22	30	39	29	36	39	27	24	23	28	32	30	22	24	40	23	23	24	35	33	25	37	35	34	33	31	35	36	23	29	35	32	22	32	31	29	38	34	34	26	26	23	27	35	37	36	20	37	34	28	34	25	37	31	22	34	26	29	29	34	38	39	32	34	32	33	35	22	26	26	20	31	28	36	28	23	36	25	30	38	30	30	35	40	32	40	36	39	21	36	38	21	40	35	36	25	21	32	24	31	23	21	35	27	20	38	34	36	27	28	27	20	28	36	38	37	35	39	29	34	21	33	29	36	34	28	28	29	21	28	26	30	34	30	34	36	32	21	31	28	37	31	25	32	25	25	22	38	28	20	29	40	28	36	28	36	37	29	37	28	22	33	39	34	27	22	34	25	26	24	21	33	40	33	25	21	30	28	37	26	38	38	35	36	34	38	31	31	33	
28	47	11	32	31	29	26	43	29	45	28	21	25	17	19	47	13	22	26	31	38	20	46	44	28	26	49	40	10	47	11	42	17	21	22	26	49	17	12	37	27	27	37	27	20	28	33	29	13	33	36	48	12	38	47	30	47	22	48	35	41	12	36	18	41	14	14	42	16	27	12	44	38	31	11	42	18	14	38	23	48	18	10	17	33	10	22	33	39	28	46	29	18	46	21	11	43	42	45	29	49	44	37	43	33	41	40	46	19	42	43	38	31	36	48	47	14	33	49	24	49	36	50	32	16	13	15	22	34	19	41	16	48	11	31	33	29	42	28	47	27	24	25	36	27	31	46	39	38	29	44	12	19	32	30	13	37	28	35	29	39	10	31	36	34	38	12	25	44	28	25	38	24	18	43	25	46	29	20	20	48	15	26	48	42	34	20	14	24	28	19	24	28	43	32	26	32	36	30	30	13	16	17	39	14	18	42	17	33	33	30	25	13	27	22	19	29	43	21	45	20	14	33	26	18	29	44	20	36	22	20	47	30	41	13	17	29	41	31	12	39	10	44	31	10	39	42	40	23	46	20	34	36	37	38	45	27	16	20	35	46	30	11	37	13	47	31	16	41	49	28	19	47	37	48	29	31	14	20	15	40	17	33	31	47	48	18	32	40	18	12	41	24	47	11	29	20	19	48	35	23	19	42	50	20	15	20	40	37	42	25	11	27	33	39	30	14	43	43	47	18	42	37	30	45	25	38	45	31	33	50	13	38	25	27	31	40	21	49	23	20	45	17	14	31	30	45	49	30	37	29	10	36	40	30	22	21	13	28	32	19	23	37	22	18	44	25	47	20	31	40	38	16	29	30	16	33	50	30	16	38	26	46	11	14	40	43	16	25	13	
20
50
