390
40
0	0	0	0	0	0	0	0	0	0	0	0	0	0	0	0	0	0	0	0	0	500	0	0	0	0	0	0	500	0	0	0	0	0	0	0	0	0	0	0	
0	0	0	0	0	0	0	0	0	0	0	0	192	0	0	0	0	0	0	0	0	0	192	0	0	0	0	0	0	0	0	0	0	48	0	0	0	0	0	0	
0	0	0	0	0	48	0	0	0	0	192	48	0	0	0	0	0	0	0	48	0	0	0	0	0	0	0	0	0	0	0	0	0	0	0	0	0	0	0	0	
0	0	0	0	0	0	0	0	0	0	0	0	0	0	0	0	0	0	0	0	0	192	0	0	0	0	0	0	0	0	0	0	0	0	0	0	48	192	0	0	
0	0	0	0	0	0	0	0	0	192	0	0	0	0	48	0	0	0	0	0	0	0	0	0	0	0	0	0	0	0	0	0	0	0	0	0	0	48	0	0	
0	0	48	0	0	0	0	0	0	0	0	0	0	0	0	48	0	0	0	0	0	0	0	0	0	0	0	0	0	0	0	0	0	0	0	0	0	0	0	0	
0	0	0	0	0	0	0	0	48	0	0	500	0	0	0	0	0	0	0	0	0	0	0	0	0	0	0	0	0	0	0	0	0	0	0	96	0	0	0	0	
0	0	0	0	0	0	0	0	0	0	0	0	0	0	0	0	0	0	0	0	48	0	0	0	0	0	0	0	0	0	192	0	192	0	0	0	0	0	0	0	
0	0	0	0	0	0	48	0	0	0	0	0	0	0	0	0	0	0	0	192	0	0	0	0	0	0	0	0	0	0	0	0	0	0	0	48	0	0	0	0	
0	0	0	0	192	0	0	0	0	0	0	0	0	0	500	0	0	500	0	0	0	0	0	0	0	0	0	0	0	0	0	0	0	0	0	0	0	0	0	0	
0	0	192	0	0	0	0	0	0	0	0	0	0	48	0	0	0	0	0	0	0	0	0	0	0	0	0	0	0	0	0	0	0	192	0	0	0	0	0	0	
0	0	48	0	0	0	500	0	0	0	0	0	0	0	0	0	0	0	0	0	0	0	0	0	0	0	0	0	0	0	0	0	0	0	0	0	0	0	0	0	
0	192	0	0	0	0	0	0	0	0	0	0	0	0	0	0	0	0	0	0	0	0	0	0	0	0	0	0	0	0	0	0	0	0	192	0	0	0	0	0	
0	0	0	0	0	0	0	0	0	0	48	0	0	0	0	0	0	0	0	0	0	0	0	0	0	0	0	0	0	0	0	0	96	0	0	0	0	0	0	0	
0	0	0	0	48	0	0	0	0	500	0	0	0	0	0	0	0	96	0	0	0	0	0	0	0	0	0	0	0	0	0	0	0	0	0	0	0	0	0	0	
0	0	0	0	0	48	0	0	0	0	0	0	0	0	0	0	0	0	0	0	0	0	0	0	0	96	0	0	0	0	0	0	0	0	0	500	0	0	0	0	
0	0	0	0	0	0	0	0	0	0	0	0	0	0	0	0	0	0	0	0	96	0	0	0	0	0	0	0	0	0	500	0	0	0	0	0	0	0	0	0	
0	0	0	0	0	0	0	0	0	500	0	0	0	0	96	0	0	0	0	0	0	0	0	0	0	0	0	0	0	0	0	0	0	0	0	0	0	0	0	500	
0	0	0	0	0	0	0	0	0	0	0	0	0	0	0	0	0	0	0	0	0	0	0	0	0	0	0	0	0	48	0	0	0	0	0	0	192	0	0	0	
0	0	48	0	0	0	0	0	192	0	0	0	0	0	0	0	0	0	0	0	0	0	0	0	0	0	0	0	0	0	0	0	0	0	0	0	0	0	0	0	
0	0	0	0	0	0	0	48	0	0	0	0	0	0	0	0	96	0	0	0	0	0	0	0	0	0	0	0	0	0	0	0	0	0	0	0	500	0	0	0	
500	0	0	192	0	0	0	0	0	0	0	0	0	0	0	0	0	0	0	0	0	0	0	0	0	0	0	0	96	0	0	0	0	0	0	0	0	0	0	0	
0	192	0	0	0	0	0	0	0	0	0	0	0	0	0	0	0	0	0	0	0	0	0	0	0	0	0	0	0	0	0	0	0	0	500	0	0	0	0	0	
0	0	0	0	0	0	0	0	0	0	0	0	0	0	0	0	0	0	0	0	0	0	0	0	0	0	192	0	0	0	192	0	0	0	0	0	0	0	0	0	
0	0	0	0	0	0	0	0	0	0	0	0	0	0	0	0	0	0	0	0	0	0	0	0	0	0	96	0	0	192	0	96	0	0	0	0	0	0	0	0	
0	0	0	0	0	0	0	0	0	0	0	0	0	0	0	96	0	0	0	0	0	0	0	0	0	0	0	0	0	0	48	0	0	0	0	0	0	0	0	0	
0	0	0	0	0	0	0	0	0	0	0	0	0	0	0	0	0	0	0	0	0	0	0	192	96	0	0	0	0	0	0	0	0	0	0	0	0	0	0	0	
0	0	0	0	0	0	0	0	0	0	0	0	0	0	0	0	0	0	0	0	0	0	0	0	0	0	0	0	500	0	0	0	0	0	0	0	0	0	192	0	
500	0	0	0	0	0	0	0	0	0	0	0	0	0	0	0	0	0	0	0	0	96	0	0	0	0	0	500	0	0	0	0	0	0	0	0	0	0	500	0	
0	0	0	0	0	0	0	0	0	0	0	0	0	0	0	0	0	0	48	0	0	0	0	0	192	0	0	0	0	0	0	500	0	0	0	0	0	0	0	0	
0	0	0	0	0	0	0	192	0	0	0	0	0	0	0	0	500	0	0	0	0	0	0	192	0	48	0	0	0	0	0	0	0	0	0	0	0	0	0	96	
0	0	0	0	0	0	0	0	0	0	0	0	0	0	0	0	0	0	0	0	0	0	0	0	96	0	0	0	0	500	0	0	0	0	0	0	0	0	0	0	
0	0	0	0	0	0	0	192	0	0	0	0	0	96	0	0	0	0	0	0	0	0	0	0	0	0	0	0	0	0	0	0	0	0	0	0	0	0	0	0	
0	48	0	0	0	0	0	0	0	0	192	0	0	0	0	0	0	0	0	0	0	0	0	0	0	0	0	0	0	0	0	0	0	0	0	0	0	0	0	0	
0	0	0	0	0	0	0	0	0	0	0	0	192	0	0	0	0	0	0	0	0	0	500	0	0	0	0	0	0	0	0	0	0	0	0	0	0	0	0	0	
0	0	0	0	0	0	96	0	48	0	0	0	0	0	0	500	0	0	0	0	0	0	0	0	0	0	0	0	0	0	0	0	0	0	0	0	0	0	0	0	
0	0	0	48	0	0	0	0	0	0	0	0	0	0	0	0	0	0	192	0	500	0	0	0	0	0	0	0	0	0	0	0	0	0	0	0	0	0	0	0	
0	0	0	192	48	0	0	0	0	0	0	0	0	0	0	0	0	0	0	0	0	0	0	0	0	0	0	0	0	0	0	0	0	0	0	0	0	0	0	0	
0	0	0	0	0	0	0	0	0	0	0	0	0	0	0	0	0	0	0	0	0	0	0	0	0	0	0	192	500	0	0	0	0	0	0	0	0	0	0	96	
0	0	0	0	0	0	0	0	0	0	0	0	0	0	0	0	0	500	0	0	0	0	0	0	0	0	0	0	0	0	96	0	0	0	0	0	0	0	96	0	
32	32	16	30	5	16	34	19	14	32	11	4	25	15	35	32	9	31	29	18	38	9	24	10	34	5	31	1	13	37	33	32	33	2	33	32	14	28	14	3	6	38	2	33	17	23	30	35	17	0	36	2	38	3	35	0	1	17	13	21	36	19	11	34	8	1	30	24	4	22	39	8	4	16	39	36	14	11	14	27	14	6	23	24	10	11	34	27	29	35	8	38	24	14	17	0	27	6	8	12	39	12	12	34	6	8	16	27	1	36	3	0	23	33	0	27	20	0	6	20	30	1	23	12	33	30	5	4	35	31	23	21	23	15	7	33	38	37	14	24	8	3	37	19	38	9	5	27	10	25	23	1	28	20	20	23	6	11	21	37	16	14	27	20	20	39	7	5	34	39	34	9	12	38	12	10	34	30	16	8	14	32	30	12	16	12	14	23	25	20	11	18	3	17	36	39	22	36	4	30	36	37	18	32	13	6	16	14	19	32	32	1	14	27	17	11	16	9	5	20	25	19	37	29	26	18	18	31	13	14	5	12	18	33	39	35	27	4	9	15	1	39	20	16	35	36	33	31	13	20	1	38	29	39	5	21	14	15	21	4	25	29	28	39	22	18	34	28	7	38	39	29	11	27	30	4	30	34	14	33	39	27	10	37	39	16	25	33	16	10	6	31	2	25	0	30	23	7	1	1	23	13	34	32	3	12	29	5	21	36	33	15	6	39	0	17	30	38	3	19	38	9	19	22	8	10	33	11	12	10	38	28	12	34	34	33	32	2	24	11	2	20	32	11	2	32	19	18	33	1	9	26	9	22	37	26	35	8	22	29	7	10	15	35	6	27	23	30	18	21	25	21	27	8	12	19	35	39	26	32	2	9	21	37	18	31	20	28	19	36	
6	21	29	35	10	27	28	12	22	36	22	28	16	39	1	22	28	7	17	2	8	10	34	10	25	30	35	29	27	6	24	16	36	8	6	6	33	24	19	39	6	29	26	21	25	11	34	31	39	6	7	17	20	5	30	25	6	11	36	3	17	6	14	5	11	27	1	11	33	15	27	2	24	15	39	15	20	8	28	33	34	22	38	26	25	32	10	1	12	1	37	18	0	16	12	3	4	8	29	8	18	31	3	6	26	2	37	19	31	14	39	27	7	7	22	36	30	36	7	34	18	1	7	10	24	34	4	26	21	5	1	6	21	24	5	11	21	38	36	39	20	21	11	23	4	26	15	14	37	1	37	19	10	25	11	19	9	6	36	34	23	12	7	29	0	9	8	26	10	11	20	5	25	21	32	3	27	29	33	10	37	16	37	6	27	2	23	29	27	10	14	11	2	20	30	29	28	36	36	25	31	16	37	11	7	30	14	9	19	9	20	39	37	7	29	34	37	29	28	32	6	15	0	29	38	20	13	22	1	0	16	17	37	7	38	18	7	16	13	39	35	38	24	20	31	15	30	39	0	16	3	4	18	30	20	32	11	38	6	16	31	12	22	10	28	15	1	3	23	35	5	39	29	12	5	11	18	24	16	36	27	36	10	0	23	37	32	28	1	24	39	28	38	18	29	21	13	32	29	12	17	6	14	15	39	19	4	19	5	34	19	27	8	34	27	22	29	22	38	9	8	4	2	16	15	25	4	8	22	2	10	15	19	27	16	9	27	27	3	19	26	30	8	19	6	0	28	5	28	23	4	7	0	16	38	37	8	1	29	20	16	37	8	18	39	17	27	35	31	4	35	5	0	34	13	28	37	15	38	37	20	18	28	22	1	6	10	19	10	25	
39	26	27	38	23	35	31	40	29	38	20	24	27	30	38	25	24	36	32	24	35	29	25	29	29	30	26	34	20	34	31	38	32	38	40	27	34	30	34	39	39	21	39	35	21	38	26	26	38	21	30	21	35	32	28	38	40	38	34	38	20	28	40	37	35	24	38	23	20	38	38	23	21	37	40	22	37	20	40	22	33	24	21	37	26	33	35	35	22	33	36	36	39	40	36	20	39	31	22	32	21	21	38	38	30	30	34	40	40	39	25	36	20	31	33	29	20	38	21	20	28	28	27	29	27	39	37	29	40	33	35	33	35	36	26	30	20	40	26	38	34	40	31	23	25	23	40	32	29	32	29	33	22	31	36	35	20	26	33	26	24	22	35	37	36	27	34	30	24	26	27	40	35	28	24	27	24	30	28	21	28	29	23	26	23	33	21	27	39	29	21	27	21	30	26	25	38	40	25	26	26	28	21	33	23	30	33	24	22	33	20	21	37	35	20	26	39	34	40	31	39	23	37	23	21	37	40	28	30	20	22	35	23	39	40	36	35	30	24	21	37	31	23	20	31	27	21	25	37	25	30	28	30	23	30	27	25	20	39	27	31	21	27	40	20	23	39	28	28	23	26	31	25	36	32	40	30	27	32	21	25	35	20	33	25	22	39	38	28	34	23	27	25	30	26	35	34	28	32	20	35	35	27	40	38	34	25	38	30	33	20	37	31	27	26	30	28	39	37	22	34	24	35	36	23	30	35	37	22	26	34	31	22	29	33	24	27	32	20	35	30	38	23	34	21	35	27	20	31	39	36	25	29	24	26	36	22	29	25	29	30	36	38	32	32	34	40	35	23	21	37	22	34	27	39	28	25	38	39	28	36	21	33	34	22	32	34	22	28	39	
19	47	36	29	26	11	15	44	23	45	27	43	23	29	28	20	36	15	42	38	32	34	26	49	39	32	14	39	25	25	11	15	14	29	18	38	32	11	49	26	45	22	38	40	32	23	24	21	28	24	31	10	18	41	16	47	49	42	27	20	43	20	46	17	50	28	15	14	39	13	21	24	47	45	39	29	15	21	18	22	24	50	21	32	26	47	38	27	34	15	26	33	13	33	49	48	43	35	32	23	37	28	37	10	46	12	13	33	18	30	31	10	20	41	25	27	11	18	23	35	18	45	24	11	23	32	33	42	40	37	25	36	30	15	26	23	37	11	13	24	49	21	37	49	24	19	23	50	11	25	43	44	39	26	43	33	29	36	30	43	47	34	31	28	34	12	21	12	19	33	28	18	13	41	25	30	23	21	48	34	41	48	47	28	12	27	32	38	46	35	10	44	12	13	17	43	38	16	42	14	46	25	41	19	47	40	48	40	32	14	30	32	16	44	39	40	25	20	45	41	30	37	46	39	30	47	38	15	46	41	39	19	26	49	31	32	27	47	16	20	15	42	41	50	15	44	49	45	34	21	31	48	10	20	37	43	49	41	32	30	24	11	17	16	45	38	22	48	30	10	32	16	44	39	11	29	43	12	19	25	45	11	44	39	10	15	46	30	11	36	13	37	11	37	46	36	29	47	34	21	32	50	35	32	10	35	46	47	17	43	11	26	14	18	24	11	19	21	45	12	19	19	22	34	11	28	27	42	14	32	50	17	20	33	49	20	24	10	21	13	24	21	15	22	38	50	43	38	41	25	34	37	45	22	29	33	22	12	30	41	48	32	49	40	40	30	13	16	18	44	13	46	29	49	44	16	23	37	41	32	33	27	15	44	46	41	16	50	10	30	
0.5
50
