390
40
0	0	0	0	0	0	0	0	0	0	192	0	0	0	0	0	0	192	0	0	0	0	0	0	0	0	0	0	0	0	0	0	0	0	0	0	0	0	0	0	
0	0	0	0	48	0	0	0	0	0	0	0	0	0	0	48	0	0	0	0	0	0	0	0	0	0	0	0	0	0	0	0	0	0	0	0	0	0	0	0	
0	0	0	500	0	0	0	0	0	0	0	0	0	0	0	0	0	0	0	0	96	0	0	0	0	0	0	0	0	0	0	0	0	0	0	500	96	0	0	0	
0	0	500	0	0	0	0	0	0	0	0	0	0	0	0	0	0	0	0	0	500	0	0	0	0	0	0	0	0	0	0	0	0	0	0	0	0	0	0	0	
0	48	0	0	0	0	0	0	0	0	0	0	0	96	0	0	0	0	0	0	0	0	0	0	0	0	0	0	0	0	0	0	0	0	0	0	0	0	0	0	
0	0	0	0	0	0	0	0	0	0	0	0	0	0	0	0	0	0	0	0	0	0	0	0	0	0	0	0	0	0	0	192	0	0	0	0	0	192	0	0	
0	0	0	0	0	0	0	0	0	0	0	0	0	0	0	0	0	0	0	0	0	0	0	0	0	0	0	0	0	0	0	0	0	0	0	192	0	0	48	0	
0	0	0	0	0	0	0	0	0	0	0	0	0	0	0	0	0	0	0	0	0	0	48	0	0	0	0	0	0	0	0	0	0	192	0	0	0	0	0	0	
0	0	0	0	0	0	0	0	0	0	0	0	0	0	0	0	0	0	0	0	0	0	48	0	0	0	0	0	0	0	0	0	0	0	96	0	0	0	0	0	
0	0	0	0	0	0	0	0	0	0	0	0	0	0	0	0	0	0	0	0	0	96	0	0	0	0	0	0	0	0	0	0	0	0	500	0	0	0	0	0	
192	0	0	0	0	0	0	0	0	0	0	0	192	0	0	0	0	0	0	0	0	0	0	0	0	0	0	0	0	0	0	0	0	0	0	0	0	0	0	0	
0	0	0	0	0	0	0	0	0	0	0	0	0	0	0	0	0	0	0	0	0	0	0	0	0	0	0	0	0	0	0	0	0	500	192	0	0	192	0	0	
0	0	0	0	0	0	0	0	0	0	192	0	0	0	0	0	0	0	0	0	0	0	0	0	48	0	0	0	0	0	0	0	0	0	0	0	0	0	0	0	
0	0	0	0	96	0	0	0	0	0	0	0	0	0	0	0	0	48	0	0	0	0	0	192	0	0	0	0	0	0	0	0	0	0	0	0	0	0	0	0	
0	0	0	0	0	0	0	0	0	0	0	0	0	0	0	0	48	0	0	0	0	0	0	0	0	0	0	0	0	0	0	0	0	0	0	0	500	0	0	0	
0	48	0	0	0	0	0	0	0	0	0	0	0	0	0	0	0	500	0	0	0	0	0	48	0	0	0	0	0	0	0	0	0	0	0	0	0	0	0	0	
0	0	0	0	0	0	0	0	0	0	0	0	0	0	48	0	0	0	0	0	0	0	0	0	0	0	0	0	0	0	0	0	0	0	0	0	0	0	500	0	
192	0	0	0	0	0	0	0	0	0	0	0	0	48	0	500	0	0	0	0	0	0	0	0	0	0	0	0	0	0	0	0	0	0	0	0	0	0	0	0	
0	0	0	0	0	0	0	0	0	0	0	0	0	0	0	0	0	0	0	0	0	0	0	0	0	0	0	0	0	500	0	0	96	0	0	0	0	0	0	0	
0	0	0	0	0	0	0	0	0	0	0	0	0	0	0	0	0	0	0	0	0	0	0	0	0	0	0	0	500	0	0	0	0	48	0	0	0	0	0	500	
0	0	96	500	0	0	0	0	0	0	0	0	0	0	0	0	0	0	0	0	0	0	0	0	0	0	0	0	0	0	0	0	0	0	0	0	0	0	0	0	
0	0	0	0	0	0	0	0	0	96	0	0	0	0	0	0	0	0	0	0	0	0	0	0	96	48	0	0	0	0	0	0	0	0	0	0	0	0	0	0	
0	0	0	0	0	0	0	48	48	0	0	0	0	0	0	0	0	0	0	0	0	0	0	0	0	0	0	0	0	0	0	0	0	0	0	0	0	0	0	0	
0	0	0	0	0	0	0	0	0	0	0	0	0	192	0	48	0	0	0	0	0	0	0	0	0	0	0	0	0	0	0	0	0	0	0	0	0	0	0	0	
0	0	0	0	0	0	0	0	0	0	0	0	48	0	0	0	0	0	0	0	0	96	0	0	0	0	0	0	0	0	0	0	0	0	0	0	0	0	0	0	
0	0	0	0	0	0	0	0	0	0	0	0	0	0	0	0	0	0	0	0	0	48	0	0	0	0	0	0	48	0	0	0	0	0	0	500	0	0	0	48	
0	0	0	0	0	0	0	0	0	0	0	0	0	0	0	0	0	0	0	0	0	0	0	0	0	0	0	0	0	192	96	192	0	0	0	0	0	0	0	0	
0	0	0	0	0	0	0	0	0	0	0	0	0	0	0	0	0	0	0	0	0	0	0	0	0	0	0	0	0	0	500	48	500	0	0	0	0	0	0	96	
0	0	0	0	0	0	0	0	0	0	0	0	0	0	0	0	0	0	0	500	0	0	0	0	0	48	0	0	0	0	0	0	0	0	0	0	0	0	0	0	
0	0	0	0	0	0	0	0	0	0	0	0	0	0	0	0	0	0	500	0	0	0	0	0	0	0	192	0	0	0	0	0	0	0	0	0	0	0	0	0	
0	0	0	0	0	0	0	0	0	0	0	0	0	0	0	0	0	0	0	0	0	0	0	0	0	0	96	500	0	0	0	0	0	0	0	0	0	0	0	0	
0	0	0	0	0	192	0	0	0	0	0	0	0	0	0	0	0	0	0	0	0	0	0	0	0	0	192	48	0	0	0	0	0	0	0	0	0	0	0	0	
0	0	0	0	0	0	0	0	0	0	0	0	0	0	0	0	0	0	96	0	0	0	0	0	0	0	0	500	0	0	0	0	0	0	0	0	0	0	0	0	
0	0	0	0	0	0	0	192	0	0	0	500	0	0	0	0	0	0	0	48	0	0	0	0	0	0	0	0	0	0	0	0	0	0	0	0	0	0	0	0	
0	0	0	0	0	0	0	0	96	500	0	192	0	0	0	0	0	0	0	0	0	0	0	0	0	0	0	0	0	0	0	0	0	0	0	0	0	0	0	0	
0	0	500	0	0	0	192	0	0	0	0	0	0	0	0	0	0	0	0	0	0	0	0	0	0	500	0	0	0	0	0	0	0	0	0	0	0	0	0	0	
0	0	96	0	0	0	0	0	0	0	0	0	0	0	500	0	0	0	0	0	0	0	0	0	0	0	0	0	0	0	0	0	0	0	0	0	0	0	0	0	
0	0	0	0	0	192	0	0	0	0	0	192	0	0	0	0	0	0	0	0	0	0	0	0	0	0	0	0	0	0	0	0	0	0	0	0	0	0	0	0	
0	0	0	0	0	0	48	0	0	0	0	0	0	0	0	0	500	0	0	0	0	0	0	0	0	0	0	0	0	0	0	0	0	0	0	0	0	0	0	0	
0	0	0	0	0	0	0	0	0	0	0	0	0	0	0	0	0	0	0	500	0	0	0	0	0	48	0	96	0	0	0	0	0	0	0	0	0	0	0	0	
8	12	16	8	17	31	20	0	5	10	27	31	10	35	32	9	35	6	33	13	31	33	35	14	2	1	19	19	34	10	13	32	2	17	8	25	17	20	31	13	3	8	15	8	30	1	23	6	30	21	26	6	32	32	6	4	17	31	32	28	38	25	4	37	5	8	9	27	2	27	2	35	3	23	13	26	27	8	14	20	9	4	11	0	33	39	34	2	33	31	14	23	36	8	20	12	1	24	3	6	28	3	14	18	27	31	11	37	1	32	31	4	21	28	30	28	28	32	22	26	9	39	36	19	3	9	37	28	38	33	30	26	23	12	3	18	12	32	18	25	17	25	0	4	3	29	2	24	23	9	28	18	27	17	12	7	35	18	23	20	12	34	2	22	11	6	25	27	6	26	18	14	1	36	34	21	9	0	38	21	28	19	27	11	22	19	29	5	28	21	10	14	19	37	31	36	33	33	16	20	25	21	4	28	10	39	38	31	25	3	4	35	25	23	26	30	9	39	23	35	29	1	22	1	35	1	37	3	39	13	24	31	6	25	6	11	21	19	10	26	1	23	26	19	24	27	3	9	6	11	1	11	16	5	27	36	28	14	12	27	30	33	33	35	3	30	33	27	0	0	31	14	11	36	10	27	0	32	12	22	20	9	37	35	4	11	8	25	14	3	28	12	22	23	4	32	25	12	29	20	12	14	14	4	29	3	2	12	8	7	31	3	34	7	34	13	9	17	15	39	17	2	5	21	39	22	7	30	8	19	35	14	26	29	21	2	17	10	20	39	26	30	27	33	18	7	0	39	7	25	23	13	37	26	7	8	1	38	35	13	16	3	1	1	16	5	22	33	37	26	30	10	20	30	23	1	27	7	38	27	6	2	32	21	26	34	2	28	20	31	
20	10	7	22	15	18	6	17	0	1	39	6	24	31	4	8	25	38	38	6	2	39	38	3	14	25	36	14	21	16	26	33	24	2	9	6	33	10	1	4	31	33	20	21	29	31	35	2	27	22	15	20	10	6	32	36	28	0	16	11	25	22	31	18	1	24	24	18	7	32	18	36	28	6	38	17	39	20	15	34	27	2	20	31	0	10	7	19	15	36	32	22	33	1	26	24	8	3	36	28	3	10	39	33	21	16	22	2	6	14	0	22	16	35	23	0	26	26	11	39	15	4	22	37	39	33	9	3	19	19	21	3	28	34	2	20	4	15	26	16	2	12	14	8	1	34	6	21	33	16	20	24	28	18	9	2	33	14	37	11	3	16	27	30	34	14	34	35	15	27	35	35	35	0	32	6	16	29	26	15	14	35	18	13	14	20	9	19	17	25	23	8	32	17	6	31	21	32	6	7	15	4	25	26	17	1	16	18	11	5	20	22	23	35	21	32	36	4	29	1	29	32	13	10	26	8	38	12	20	14	8	16	37	18	5	31	20	38	5	18	36	19	2	18	37	0	37	32	24	24	15	5	31	36	32	25	25	20	27	23	1	2	14	39	39	38	5	17	12	25	39	8	34	37	30	11	32	2	10	21	9	34	22	37	5	21	9	5	22	37	37	39	27	10	10	34	15	22	26	32	17	25	30	2	12	28	38	9	33	25	37	14	31	25	26	18	1	11	38	6	15	11	35	11	18	39	3	18	11	3	12	36	3	21	18	34	4	24	12	13	38	13	12	13	10	20	2	37	17	39	24	4	29	5	39	5	14	26	16	23	20	37	27	13	34	15	35	30	1	18	38	29	0	38	32	25	10	37	8	28	39	7	16	23	0	37	32	12	6	1	
29	23	34	40	32	37	25	22	37	20	30	33	32	29	23	23	27	22	28	32	33	32	37	23	21	40	32	32	31	38	27	20	36	32	33	34	38	20	34	37	30	28	25	31	29	21	34	20	33	23	24	28	40	25	33	27	25	24	28	27	34	34	28	24	34	24	20	24	25	24	24	34	20	26	38	40	30	38	37	29	36	27	28	31	22	22	25	30	27	26	26	24	29	40	24	30	33	39	34	29	24	26	34	24	26	34	24	37	30	26	21	30	23	22	38	30	37	30	33	39	26	27	30	39	38	27	37	38	35	21	25	34	35	29	35	24	34	23	36	23	37	31	21	22	24	20	23	29	23	20	21	38	31	24	39	21	34	34	33	40	26	39	39	34	32	20	32	31	26	36	38	33	33	27	32	32	31	22	31	35	31	22	34	34	38	26	36	40	40	26	37	36	21	32	26	34	36	26	35	33	36	39	27	31	31	20	26	32	35	40	31	29	25	32	23	29	27	25	20	27	29	30	32	39	30	32	24	34	36	21	31	28	25	28	37	23	35	39	22	23	20	20	22	35	38	25	34	27	26	28	23	29	37	40	25	36	26	20	33	34	26	34	30	30	37	28	23	39	37	38	23	24	32	29	21	29	20	27	29	27	23	32	31	33	24	40	33	40	24	28	36	26	29	37	29	39	30	39	25	27	40	21	22	29	21	21	27	28	30	32	28	39	27	21	24	31	25	32	35	22	26	25	38	31	31	25	36	34	20	20	28	30	31	34	30	36	20	34	38	26	40	37	21	33	26	31	38	35	36	26	40	32	39	32	23	36	21	27	32	21	36	21	21	20	39	36	24	39	26	22	31	30	30	30	35	22	27	38	22	34	24	20	35	20	31	21	30	25	27	20	
38	44	26	46	48	50	44	17	45	29	45	16	35	41	13	25	22	17	23	43	25	49	42	47	43	31	46	18	50	48	26	22	16	43	15	26	39	22	45	22	21	43	23	15	38	14	40	42	12	31	10	16	22	25	49	13	44	11	43	50	13	38	18	10	28	32	33	15	14	35	31	45	33	39	46	28	20	13	19	40	25	36	41	42	27	18	29	24	22	39	16	41	42	14	23	40	13	13	27	41	43	43	30	40	12	11	18	34	43	34	17	41	25	27	20	41	26	34	20	41	39	14	34	18	37	29	13	32	47	15	14	35	31	50	38	10	21	38	48	21	28	20	31	22	31	49	16	42	47	25	10	20	25	46	11	44	31	46	41	25	28	17	41	25	39	42	32	35	11	50	11	41	19	26	39	37	48	15	16	25	12	20	25	13	14	14	48	14	46	10	29	19	50	38	37	22	37	41	42	42	36	41	47	32	36	47	37	41	45	10	48	49	15	39	22	40	29	37	50	23	45	15	36	44	34	10	14	45	39	33	31	11	35	40	31	23	43	38	22	35	27	31	25	12	18	29	18	38	40	37	22	25	38	49	19	38	33	40	24	34	47	13	18	45	44	18	31	16	10	10	43	50	13	40	18	48	24	33	11	29	50	18	15	24	39	42	46	12	18	20	23	49	31	26	31	39	50	10	42	49	31	23	24	22	40	32	13	23	22	16	27	32	29	48	43	38	17	21	22	45	33	25	46	37	46	35	25	14	39	22	44	19	27	18	34	46	14	11	38	37	16	44	23	26	23	18	34	24	17	40	24	16	49	19	31	49	11	35	37	32	41	48	22	10	10	20	19	36	10	13	48	20	39	41	16	31	11	35	16	26	11	43	32	36	37	39	48	25	22	30	
0.5
50
