468
40
0	0	0	0	0	0	0	0	0	0	0	48	500	0	0	0	0	0	0	0	0	0	0	0	0	0	0	0	0	0	0	0	0	0	0	0	0	0	0	0	
0	0	0	0	0	0	0	0	0	0	0	0	0	0	48	500	0	48	0	0	0	0	0	0	0	0	0	0	0	0	0	0	0	0	0	0	0	0	0	0	
0	0	0	0	0	0	0	0	0	0	0	96	0	0	0	0	0	0	0	0	0	0	0	0	0	0	0	0	500	0	0	0	0	0	0	0	0	0	0	0	
0	0	0	0	0	0	0	0	0	0	0	0	0	0	0	0	0	500	0	0	0	0	0	0	0	0	192	0	0	0	96	0	0	0	0	0	0	0	0	0	
0	0	0	0	0	48	0	0	0	0	192	0	0	0	0	0	0	0	0	0	0	0	0	0	0	0	0	500	0	96	0	0	0	500	0	0	0	0	0	0	
0	0	0	0	48	0	0	0	0	0	0	0	0	0	0	0	0	0	0	0	0	0	0	0	0	0	0	96	0	0	0	0	0	0	0	0	0	0	0	0	
0	0	0	0	0	0	0	48	0	0	0	0	0	0	0	0	0	0	0	0	0	0	0	0	0	0	0	0	0	0	0	0	192	0	0	0	0	0	0	0	
0	0	0	0	0	0	48	0	0	0	0	0	0	0	0	0	0	0	0	0	0	0	0	0	0	0	0	0	500	0	0	0	192	0	0	0	0	0	0	0	
0	0	0	0	0	0	0	0	0	0	0	0	0	0	192	0	0	0	0	0	0	0	0	0	0	0	48	0	0	0	0	0	0	0	0	0	0	0	0	0	
0	0	0	0	0	0	0	0	0	0	0	0	0	0	0	0	0	0	0	0	0	0	96	0	0	0	0	0	0	0	0	0	0	0	0	0	192	0	0	0	
0	0	0	0	192	0	0	0	0	0	0	0	0	0	0	0	0	0	0	0	0	0	0	0	96	0	0	0	0	0	0	0	0	500	0	0	0	0	0	0	
48	0	96	0	0	0	0	0	0	0	0	0	0	0	0	0	0	0	0	0	0	0	0	0	0	0	0	0	0	0	0	0	0	0	0	0	0	0	0	0	
500	0	0	0	0	0	0	0	0	0	0	0	0	0	0	0	0	0	0	0	0	0	0	0	0	0	0	0	0	0	0	0	0	0	0	0	0	500	0	0	
0	0	0	0	0	0	0	0	0	0	0	0	0	0	0	0	0	0	48	0	0	96	0	0	0	0	0	0	0	0	0	0	0	0	0	0	0	0	0	0	
0	48	0	0	0	0	0	0	192	0	0	0	0	0	0	500	0	0	0	0	0	0	0	0	0	0	192	0	0	0	96	0	0	0	0	0	0	0	0	0	
0	500	0	0	0	0	0	0	0	0	0	0	0	0	500	0	0	0	0	0	0	0	0	0	0	0	48	0	0	500	0	0	0	0	0	0	0	0	96	0	
0	0	0	0	0	0	0	0	0	0	0	0	0	0	0	0	0	0	0	0	0	0	0	0	0	96	0	0	0	0	0	0	0	0	0	48	500	0	0	0	
0	48	0	500	0	0	0	0	0	0	0	0	0	0	0	0	0	0	0	0	0	0	0	0	0	0	0	0	0	0	0	0	0	0	0	0	0	0	0	0	
0	0	0	0	0	0	0	0	0	0	0	0	0	48	0	0	0	0	0	0	0	0	0	0	0	500	0	0	0	0	0	0	0	0	0	0	0	0	0	0	
0	0	0	0	0	0	0	0	0	0	0	0	0	0	0	0	0	0	0	0	0	0	0	0	0	0	0	0	0	0	0	0	0	0	0	48	500	96	0	0	
0	0	0	0	0	0	0	0	0	0	0	0	0	0	0	0	0	0	0	0	0	48	0	0	192	0	0	0	0	0	0	0	0	0	500	0	0	0	96	192	
0	0	0	0	0	0	0	0	0	0	0	0	0	96	0	0	0	0	0	0	48	0	0	0	0	0	0	0	0	0	0	0	0	0	0	0	0	0	0	0	
0	0	0	0	0	0	0	0	0	96	0	0	0	0	0	0	0	0	0	0	0	0	0	0	0	0	0	0	192	0	0	0	0	0	0	0	0	0	0	0	
0	0	0	0	0	0	0	0	0	0	0	0	0	0	0	0	0	0	0	0	0	0	0	0	0	0	0	0	0	0	0	48	0	0	500	0	0	0	48	192	
0	0	0	0	0	0	0	0	0	0	96	0	0	0	0	0	0	0	0	0	192	0	0	0	0	0	0	0	0	0	0	0	0	0	0	0	0	0	0	0	
0	0	0	0	0	0	0	0	0	0	0	0	0	0	0	0	96	0	500	0	0	0	0	0	0	0	0	0	0	0	0	0	0	0	0	0	0	0	0	0	
0	0	0	192	0	0	0	0	48	0	0	0	0	0	192	48	0	0	0	0	0	0	0	0	0	0	0	0	0	0	0	0	0	0	0	0	0	0	0	0	
0	0	0	0	500	96	0	0	0	0	0	0	0	0	0	0	0	0	0	0	0	0	0	0	0	0	0	0	0	0	0	0	0	0	0	0	0	0	0	0	
0	0	500	0	0	0	0	500	0	0	0	0	0	0	0	0	0	0	0	0	0	0	192	0	0	0	0	0	0	0	0	0	0	0	0	0	0	0	0	0	
0	0	0	0	96	0	0	0	0	0	0	0	0	0	0	500	0	0	0	0	0	0	0	0	0	0	0	0	0	0	0	0	0	0	0	0	0	0	0	0	
0	0	0	96	0	0	0	0	0	0	0	0	0	0	96	0	0	0	0	0	0	0	0	0	0	0	0	0	0	0	0	0	0	0	0	0	0	0	0	0	
0	0	0	0	0	0	0	0	0	0	0	0	0	0	0	0	0	0	0	0	0	0	0	48	0	0	0	0	0	0	0	0	0	0	0	0	0	0	0	96	
0	0	0	0	0	0	192	192	0	0	0	0	0	0	0	0	0	0	0	0	0	0	0	0	0	0	0	0	0	0	0	0	0	0	0	0	0	0	0	0	
0	0	0	0	500	0	0	0	0	0	500	0	0	0	0	0	0	0	0	0	0	0	0	0	0	0	0	0	0	0	0	0	0	0	0	0	0	0	0	0	
0	0	0	0	0	0	0	0	0	0	0	0	0	0	0	0	0	0	0	0	500	0	0	500	0	0	0	0	0	0	0	0	0	0	0	0	0	0	0	0	
0	0	0	0	0	0	0	0	0	0	0	0	0	0	0	0	48	0	0	48	0	0	0	0	0	0	0	0	0	0	0	0	0	0	0	0	0	0	0	0	
0	0	0	0	0	0	0	0	0	192	0	0	0	0	0	0	500	0	0	500	0	0	0	0	0	0	0	0	0	0	0	0	0	0	0	0	0	0	0	0	
0	0	0	0	0	0	0	0	0	0	0	0	500	0	0	0	0	0	0	96	0	0	0	0	0	0	0	0	0	0	0	0	0	0	0	0	0	0	0	192	
0	0	0	0	0	0	0	0	0	0	0	0	0	0	0	96	0	0	0	0	96	0	0	48	0	0	0	0	0	0	0	0	0	0	0	0	0	0	0	0	
0	0	0	0	0	0	0	0	0	0	0	0	0	0	0	0	0	0	0	0	192	0	0	192	0	0	0	0	0	0	0	96	0	0	0	0	0	192	0	0	
27	8	35	9	30	11	38	21	2	14	31	28	19	0	25	39	16	19	27	32	34	15	7	31	35	39	15	5	3	9	10	19	11	1	2	18	5	14	16	12	2	3	13	8	10	38	27	1	30	27	17	8	8	33	25	28	33	34	28	32	0	14	26	19	25	0	22	16	10	15	32	32	23	20	1	34	22	2	18	33	10	8	19	12	36	0	39	22	28	26	5	16	35	16	8	17	19	35	7	12	28	36	29	16	16	27	33	24	31	26	6	37	19	26	3	14	36	3	2	14	4	23	36	5	35	15	10	20	2	28	22	36	11	6	39	30	7	23	39	4	22	7	39	14	33	17	0	37	34	36	10	10	33	9	0	23	8	11	2	11	15	33	17	1	15	21	37	9	18	7	17	21	33	34	37	4	12	37	1	9	12	17	32	28	11	33	25	38	25	36	14	32	8	3	9	27	0	33	25	33	3	37	32	34	1	25	8	7	19	22	32	33	36	20	26	34	26	5	39	2	0	10	32	2	38	27	6	3	22	2	18	30	24	24	37	29	6	13	0	7	32	28	27	39	16	11	1	29	38	6	10	35	4	20	14	32	10	39	8	23	33	32	16	32	27	8	38	12	16	31	21	20	18	31	36	26	17	16	13	38	15	20	26	9	4	36	10	4	2	17	23	24	17	19	26	31	3	20	5	17	32	5	39	23	25	7	26	18	24	2	15	35	21	32	15	4	10	9	18	29	31	23	27	31	6	19	18	27	15	30	32	2	36	0	14	30	5	19	4	15	27	32	29	38	32	8	16	12	37	19	16	34	10	27	20	2	24	8	31	12	9	13	0	1	21	33	2	26	30	5	4	24	12	36	8	21	0	5	7	1	28	26	10	13	1	11	3	18	23	11	9	34	23	24	30	12	3	38	3	11	35	12	17	31	9	4	0	9	37	39	27	35	17	22	34	37	37	33	30	39	19	34	23	37	27	9	16	37	14	24	33	25	22	24	26	35	4	18	30	3	39	14	4	2	27	38	30	25	22	19	30	10	4	14	3	28	19	23	7	26	38	24	12	20	14	17	9	36	
35	27	3	2	32	32	8	30	37	17	15	17	8	11	31	23	22	34	36	37	28	5	19	9	6	31	10	24	18	15	36	22	4	24	0	0	26	32	25	3	17	37	14	13	13	10	35	10	20	20	13	16	26	34	34	11	22	8	29	17	18	26	37	30	14	7	37	23	5	2	12	33	37	33	14	3	2	9	32	31	18	39	31	20	34	24	25	14	38	17	25	11	28	31	30	7	9	30	28	39	9	13	32	17	10	7	23	9	17	34	30	36	34	4	27	24	11	16	17	34	16	12	23	21	39	20	1	1	37	23	20	16	38	17	21	9	33	6	25	24	16	4	13	11	2	25	15	38	28	32	26	39	35	15	37	9	19	19	4	28	10	1	4	10	21	5	2	10	8	38	36	25	9	15	5	3	4	7	20	37	15	17	37	4	15	19	13	30	8	26	25	16	8	35	30	21	20	35	33	29	16	7	32	18	18	27	22	11	31	22	26	12	11	11	32	19	20	17	13	4	38	19	6	5	39	39	32	26	12	26	9	0	33	17	4	21	20	24	0	21	2	22	33	29	39	38	20	3	33	31	6	27	37	36	29	11	15	35	4	31	21	9	34	12	36	27	2	32	0	38	3	23	39	31	1	7	5	11	33	12	0	22	25	35	37	23	12	10	16	25	1	13	15	2	11	33	39	15	9	28	4	13	7	3	20	1	18	1	4	32	0	13	0	7	36	20	38	10	5	2	2	24	38	4	35	12	38	32	3	20	1	18	34	29	36	39	35	4	28	21	12	14	23	16	33	16	24	14	0	23	38	35	13	31	21	36	39	7	2	15	33	26	2	8	0	22	26	29	26	24	16	34	20	29	39	36	27	2	6	1	3	20	33	5	10	0	36	13	20	34	23	39	23	25	20	8	32	32	1	11	3	21	28	15	22	30	0	33	5	38	4	13	15	18	20	0	31	25	37	7	26	39	20	24	38	9	15	24	8	3	9	11	5	11	9	38	33	31	27	31	25	34	3	1	20	18	17	36	37	20	39	19	9	5	27	35	15	33	27	33	1	7	34	19	31	27	23	14	
31	27	32	23	30	25	23	26	22	28	27	27	37	23	20	30	26	38	38	28	33	27	37	36	34	40	21	35	26	24	40	33	24	36	29	20	35	29	22	25	32	38	28	21	28	40	23	30	35	28	27	34	32	30	25	26	33	21	39	29	23	34	40	29	32	22	31	39	34	28	31	22	32	35	25	24	33	29	31	32	24	26	38	37	27	34	35	31	28	33	39	36	24	29	21	40	38	20	21	27	30	34	29	21	22	20	24	23	30	30	40	38	37	31	29	36	30	32	31	33	25	29	29	24	31	29	35	23	33	28	20	28	37	26	40	39	40	25	22	38	28	35	29	29	38	37	36	32	37	35	22	32	22	21	30	24	28	33	26	28	29	39	24	31	36	37	27	22	27	22	38	40	25	23	27	31	37	27	27	34	34	23	23	34	35	22	37	25	28	26	37	30	35	24	23	25	20	20	35	22	25	25	32	40	27	36	29	30	40	29	30	33	30	23	40	25	36	32	29	29	20	22	20	24	37	38	21	34	33	26	29	27	28	32	34	36	24	37	27	31	23	37	24	29	24	20	27	32	28	35	30	24	22	28	27	22	39	26	39	32	26	37	32	20	36	23	30	28	20	39	24	36	38	26	24	34	20	33	27	34	30	39	32	22	34	35	20	24	24	20	23	35	30	36	30	31	32	30	34	28	27	29	20	26	30	40	32	36	22	29	33	34	40	27	22	32	37	21	38	21	37	34	21	27	22	31	39	36	20	33	22	36	27	25	32	40	35	28	21	23	29	32	25	21	27	36	37	27	36	34	32	21	37	32	21	23	33	26	25	28	33	31	26	21	26	35	29	38	25	31	40	20	29	30	33	27	23	20	22	33	22	25	25	28	40	27	31	33	35	36	22	40	26	23	30	36	22	22	36	22	23	35	28	36	29	21	29	39	26	37	27	31	21	30	24	29	37	27	25	25	31	39	20	39	25	21	32	39	32	29	32	31	22	39	21	38	25	32	22	26	34	37	31	23	22	24	36	36	32	37	38	23	32	26	23	22	27	39	21	29	26	24	25	25	24	21	40	30	
14	46	19	38	29	28	16	19	29	38	17	11	11	27	40	30	16	31	27	23	35	28	25	40	48	13	41	16	36	44	45	14	30	23	20	41	31	36	21	35	50	23	11	43	18	17	21	33	50	12	31	25	31	35	39	32	45	49	34	26	48	26	36	17	14	44	20	22	42	30	29	27	36	37	30	45	49	36	32	27	22	26	28	26	14	34	36	39	43	22	14	27	29	20	37	10	13	14	48	44	28	21	41	49	18	30	12	21	36	49	15	26	13	30	39	18	33	15	38	50	39	13	17	34	26	48	12	14	33	15	27	38	28	18	18	23	18	40	22	26	16	38	41	44	28	13	38	38	43	15	26	30	16	21	10	21	45	42	40	45	40	26	39	43	46	50	42	24	26	15	39	42	38	32	31	45	23	14	14	27	18	24	31	25	35	15	38	32	42	16	44	24	20	44	13	48	48	32	13	47	46	16	14	24	16	38	18	43	35	13	21	31	37	31	25	17	38	12	50	41	14	48	23	48	21	19	22	10	32	19	24	23	45	11	40	44	37	36	32	11	31	49	17	32	15	34	39	12	45	24	27	31	17	14	31	41	17	29	38	23	34	17	17	50	50	29	18	50	27	15	35	44	16	29	46	26	31	13	45	13	39	18	23	37	39	18	49	33	38	24	43	30	20	14	12	18	37	18	18	32	13	14	28	35	28	33	27	36	17	16	24	12	40	13	37	10	46	24	18	22	38	32	25	44	38	10	50	23	10	39	14	36	12	22	23	29	31	50	45	35	13	24	48	46	31	17	32	20	10	45	40	20	42	12	39	19	42	24	45	28	32	28	36	35	20	28	50	40	24	19	49	19	15	33	47	47	41	42	48	15	34	48	24	43	29	24	26	21	30	15	44	17	11	37	14	42	42	38	33	41	12	38	20	20	29	33	22	39	35	14	16	42	10	20	24	30	15	36	15	12	18	12	12	26	41	32	22	23	27	25	19	37	33	37	29	43	20	22	49	16	19	43	31	34	26	34	30	11	45	17	29	49	42	44	10	45	33	33	30	32	38	27	46	19	19	46	41	20	
0.5
60
