624
40
0	0	0	0	0	0	0	0	0	0	48	0	0	0	0	0	48	0	0	0	0	0	0	0	0	0	48	0	0	0	0	0	0	0	0	0	0	0	0	0	
0	0	0	0	0	0	0	0	0	0	0	0	0	0	0	0	0	0	0	0	0	0	0	0	0	0	0	0	0	0	0	0	96	0	0	0	96	0	0	0	
0	0	0	48	0	0	0	0	0	0	0	0	0	0	0	0	0	0	0	0	0	0	48	0	0	0	0	0	0	0	0	0	0	0	0	0	0	0	0	0	
0	0	48	0	0	0	0	0	0	0	0	0	0	0	0	0	0	0	0	0	0	0	48	0	0	0	0	0	0	0	0	0	0	0	0	0	0	0	0	0	
0	0	0	0	0	0	0	0	0	48	0	0	0	0	0	0	0	0	0	0	0	0	0	0	0	0	0	192	0	0	0	0	0	0	0	0	0	0	0	0	
0	0	0	0	0	0	0	0	0	0	0	0	0	0	0	0	0	0	0	0	0	96	500	0	0	0	0	0	0	0	0	0	0	0	0	0	0	0	0	0	
0	0	0	0	0	0	0	0	96	0	0	0	0	0	0	0	0	0	0	0	0	0	0	0	0	0	0	0	0	0	0	48	0	0	0	0	48	0	0	0	
0	0	0	0	0	0	0	0	0	48	0	0	0	0	0	0	0	0	0	0	0	192	0	0	0	500	0	0	0	0	0	0	0	0	0	0	0	0	0	0	
0	0	0	0	0	0	96	0	0	0	0	0	0	0	0	0	0	0	0	0	0	0	0	0	0	0	0	0	0	0	0	96	0	0	0	0	0	0	0	0	
0	0	0	0	48	0	0	48	0	0	0	0	0	0	0	0	0	0	0	0	0	0	0	0	0	0	0	0	0	0	0	0	0	0	0	0	0	0	0	0	
48	0	0	0	0	0	0	0	0	0	0	0	0	0	0	0	192	0	0	0	0	0	0	0	0	0	0	0	0	0	0	0	500	0	0	0	0	0	0	96	
0	0	0	0	0	0	0	0	0	0	0	0	0	48	0	0	0	0	0	0	0	0	0	192	0	0	0	0	0	0	0	0	0	0	0	0	0	0	0	0	
0	0	0	0	0	0	0	0	0	0	0	0	0	0	0	0	0	0	0	0	0	0	0	0	0	0	0	0	0	0	0	0	0	0	192	48	0	0	0	0	
0	0	0	0	0	0	0	0	0	0	0	48	0	0	0	192	0	0	0	0	0	0	0	96	0	0	0	0	0	0	0	0	0	0	0	0	0	0	0	0	
0	0	0	0	0	0	0	0	0	0	0	0	0	0	0	0	0	0	0	0	0	0	0	0	0	0	0	96	0	0	500	0	0	0	0	0	0	0	0	0	
0	0	0	0	0	0	0	0	0	0	0	0	0	192	0	0	0	0	0	0	0	0	0	0	500	0	0	0	0	0	0	0	0	0	0	0	0	0	0	0	
48	0	0	0	0	0	0	0	0	0	192	0	0	0	0	0	0	0	0	0	0	0	0	0	0	0	0	0	0	0	0	0	0	0	0	0	0	0	0	0	
0	0	0	0	0	0	0	0	0	0	0	0	0	0	0	0	0	0	192	96	500	0	0	0	0	0	0	0	0	0	0	0	0	0	0	0	0	192	96	0	
0	0	0	0	0	0	0	0	0	0	0	0	0	0	0	0	0	192	0	0	0	0	0	0	0	48	0	0	0	0	0	0	0	500	0	0	0	0	0	0	
0	0	0	0	0	0	0	0	0	0	0	0	0	0	0	0	0	96	0	0	192	0	0	0	0	0	0	0	0	0	0	0	0	0	0	0	0	0	0	0	
0	0	0	0	0	0	0	0	0	0	0	0	0	0	0	0	0	500	0	192	0	0	0	0	0	0	0	0	0	0	0	0	0	0	0	0	0	0	0	0	
0	0	0	0	0	96	0	192	0	0	0	0	0	0	0	0	0	0	0	0	0	0	0	0	0	0	0	0	0	0	0	0	0	0	0	0	0	0	0	0	
0	0	48	48	0	500	0	0	0	0	0	0	0	0	0	0	0	0	0	0	0	0	0	0	0	0	0	0	0	0	0	0	0	0	0	0	0	0	0	0	
0	0	0	0	0	0	0	0	0	0	0	192	0	96	0	0	0	0	0	0	0	0	0	0	0	0	0	0	0	0	0	0	0	0	0	0	0	0	0	0	
0	0	0	0	0	0	0	0	0	0	0	0	0	0	0	500	0	0	0	0	0	0	0	0	0	0	0	0	96	0	0	0	0	0	192	0	0	0	0	0	
0	0	0	0	0	0	0	500	0	0	0	0	0	0	0	0	0	0	48	0	0	0	0	0	0	0	0	0	0	0	0	0	0	0	0	0	0	0	0	0	
48	0	0	0	0	0	0	0	0	0	0	0	0	0	0	0	0	0	0	0	0	0	0	0	0	0	0	0	0	48	0	0	0	0	0	0	0	0	0	0	
0	0	0	0	192	0	0	0	0	0	0	0	0	0	96	0	0	0	0	0	0	0	0	0	0	0	0	0	0	0	96	0	0	96	0	0	0	0	0	0	
0	0	0	0	0	0	0	0	0	0	0	0	0	0	0	0	0	0	0	0	0	0	0	0	96	0	0	0	0	0	0	0	0	0	0	96	0	192	0	48	
0	0	0	0	0	0	0	0	0	0	0	0	0	0	0	0	0	0	0	0	0	0	0	0	0	0	48	0	0	0	0	0	0	500	0	0	0	0	0	500	
0	0	0	0	0	0	0	0	0	0	0	0	0	0	500	0	0	0	0	0	0	0	0	0	0	0	0	96	0	0	0	0	0	0	0	0	0	0	0	0	
0	0	0	0	0	0	48	0	96	0	0	0	0	0	0	0	0	0	0	0	0	0	0	0	0	0	0	0	0	0	0	0	0	0	0	0	0	0	0	0	
0	96	0	0	0	0	0	0	0	0	500	0	0	0	0	0	0	0	0	0	0	0	0	0	0	0	0	0	0	0	0	0	0	0	0	0	0	0	0	0	
0	0	0	0	0	0	0	0	0	0	0	0	0	0	0	0	0	0	500	0	0	0	0	0	0	0	0	96	0	500	0	0	0	0	0	0	0	0	0	0	
0	0	0	0	0	0	0	0	0	0	0	0	192	0	0	0	0	0	0	0	0	0	0	0	192	0	0	0	0	0	0	0	0	0	0	0	0	0	0	0	
0	0	0	0	0	0	0	0	0	0	0	0	48	0	0	0	0	0	0	0	0	0	0	0	0	0	0	0	96	0	0	0	0	0	0	0	0	0	192	0	
0	96	0	0	0	0	48	0	0	0	0	0	0	0	0	0	0	0	0	0	0	0	0	0	0	0	0	0	0	0	0	0	0	0	0	0	0	0	0	0	
0	0	0	0	0	0	0	0	0	0	0	0	0	0	0	0	0	192	0	0	0	0	0	0	0	0	0	0	192	0	0	0	0	0	0	0	0	0	0	0	
0	0	0	0	0	0	0	0	0	0	0	0	0	0	0	0	0	96	0	0	0	0	0	0	0	0	0	0	0	0	0	0	0	0	0	192	0	0	0	0	
0	0	0	0	0	0	0	0	0	0	96	0	0	0	0	0	0	0	0	0	0	0	0	0	0	0	0	0	48	500	0	0	0	0	0	0	0	0	0	0	
25	30	22	16	14	13	32	20	17	7	8	5	20	31	8	20	38	30	17	18	25	19	35	0	6	26	0	14	39	25	0	23	27	19	5	34	21	0	15	33	29	33	16	13	11	0	25	39	26	29	18	15	10	1	21	8	36	6	35	1	33	3	36	20	26	20	1	34	32	23	20	35	5	7	6	10	0	5	15	6	11	8	17	33	16	35	12	4	39	6	2	0	16	27	20	14	14	26	26	30	9	36	38	2	34	35	16	4	2	7	26	3	34	25	37	24	11	3	33	14	14	20	23	20	20	24	26	37	7	29	16	32	30	38	13	15	28	27	8	10	0	30	18	4	13	31	21	4	35	7	10	37	35	31	17	38	14	17	36	33	37	21	3	6	25	21	8	8	3	17	36	38	20	18	23	18	37	25	19	37	8	8	16	8	28	39	32	28	36	0	28	9	31	3	36	18	32	1	33	38	23	35	37	15	5	19	25	22	27	1	22	3	10	31	28	17	3	28	20	31	15	4	16	23	39	29	25	34	5	34	39	33	16	35	4	37	3	17	32	22	21	22	13	39	9	26	36	7	22	38	37	24	23	28	34	2	4	20	27	24	38	8	10	9	30	15	31	0	13	12	4	36	20	8	10	31	5	34	17	9	31	13	27	29	36	10	24	34	22	16	34	34	5	10	2	15	25	33	24	31	5	20	37	38	33	22	35	36	38	0	27	17	13	33	14	39	39	36	4	15	5	34	14	10	32	26	38	25	1	7	37	28	18	2	27	30	18	26	34	30	28	34	19	30	15	10	14	6	38	12	28	1	9	0	39	31	32	15	24	8	38	19	23	30	3	36	38	26	8	11	22	13	15	17	7	23	7	8	18	3	10	1	10	0	17	11	13	32	22	1	23	12	24	3	31	21	18	19	14	3	20	33	22	9	7	14	8	6	27	19	36	20	19	10	12	20	7	35	25	31	32	16	3	13	32	1	19	9	14	39	19	10	12	27	28	26	11	15	22	34	29	3	19	10	33	25	4	37	18	9	25	34	32	12	3	27	28	11	29	1	38	32	29	21	17	11	7	32	13	22	10	34	20	24	23	38	13	36	16	27	2	19	38	19	12	29	33	23	13	11	27	15	4	6	36	6	4	16	22	35	28	17	10	24	7	2	0	38	5	29	34	30	15	2	0	24	30	10	4	15	35	39	14	26	7	17	8	19	19	34	27	19	16	33	39	19	24	1	38	11	2	11	32	30	9	38	15	35	36	29	12	12	6	9	15	34	39	33	17	29	15	24	29	32	9	23	33	18	29	21	9	14	20	5	36	35	23	0	27	18	32	37	0	22	22	31	28	23	27	30	39	5	33	20	27	2	23	17	17	39	0	6	9	21	4	5	28	12	27	38	20	31	32	34	34	21	27	19	15	0	5	17	18	9	
16	27	28	27	39	10	13	0	12	13	34	38	28	39	24	27	20	38	20	4	32	7	20	37	23	15	12	4	28	19	25	37	20	9	1	13	30	36	7	2	29	10	18	17	31	0	31	6	9	20	33	31	39	25	23	24	0	21	13	15	7	22	17	0	18	31	14	9	29	22	11	6	7	25	28	5	3	11	7	2	31	18	39	35	0	28	11	36	10	4	16	35	3	25	33	4	32	30	5	13	22	26	0	2	18	32	7	33	16	39	32	23	30	10	14	7	9	8	25	25	21	4	11	16	17	5	18	9	0	39	28	2	24	38	21	16	21	25	35	39	30	11	18	36	14	11	7	5	3	29	39	39	10	29	15	14	7	34	21	32	16	32	21	17	10	4	12	30	2	18	24	13	29	9	29	35	7	21	32	28	38	27	30	14	31	39	29	29	6	8	8	23	2	34	38	8	30	18	36	30	8	5	6	5	13	32	8	27	1	16	26	4	2	34	22	22	21	11	3	21	7	31	5	31	28	5	1	0	27	33	13	6	23	0	12	22	21	15	29	27	4	19	5	13	39	33	15	31	20	39	18	38	8	16	26	24	24	34	21	26	0	26	6	0	6	37	12	23	39	32	3	29	0	16	17	15	29	10	26	9	21	12	18	8	35	17	1	2	4	23	25	12	23	35	25	26	31	18	21	10	26	26	18	0	29	38	38	18	13	20	5	36	22	10	4	3	14	27	24	14	10	13	31	39	7	30	13	6	9	9	7	37	14	12	10	20	35	13	12	29	13	15	25	0	24	33	6	0	2	30	25	26	0	13	5	36	31	1	17	26	20	25	34	26	3	16	35	24	26	21	27	18	30	19	30	21	3	17	33	5	8	2	34	31	8	13	5	9	9	13	7	0	15	25	29	24	17	37	29	6	26	5	11	16	16	16	36	27	8	26	14	11	30	15	12	5	24	38	5	39	11	11	6	22	28	19	18	22	24	2	32	21	35	23	20	39	3	30	11	18	29	12	11	26	6	14	16	29	10	32	23	7	31	17	29	22	18	37	0	38	8	17	36	21	13	18	38	39	31	5	20	2	19	31	33	18	22	13	20	21	28	20	34	7	36	17	6	22	9	25	31	30	0	1	9	21	16	22	1	32	12	5	29	27	18	35	17	35	31	13	2	38	0	24	13	33	1	33	24	16	8	13	15	8	10	9	39	15	12	19	29	18	27	22	7	13	11	8	17	29	26	22	8	32	4	29	10	19	24	19	35	18	1	11	8	3	21	19	30	18	1	24	18	4	10	24	26	0	36	6	2	16	37	32	24	12	26	28	31	38	32	21	38	21	19	17	9	38	25	30	38	30	39	23	33	24	18	11	6	36	14	13	37	36	25	27	16	24	24	27	30	27	0	0	19	10	30	1	4	27	22	9	23	18	
40	39	22	30	26	31	29	39	34	34	31	29	39	29	37	25	36	34	39	37	21	35	25	36	34	25	26	23	36	20	24	32	20	25	38	39	20	24	33	29	25	40	40	31	31	32	29	38	40	24	35	34	22	38	26	29	22	24	27	23	37	27	28	25	26	26	31	30	27	27	27	32	38	29	32	21	37	39	31	22	33	23	20	29	22	40	39	26	24	27	21	39	23	26	37	31	37	30	32	33	34	29	35	38	39	28	27	29	29	24	26	38	40	25	31	24	28	39	32	26	27	34	30	40	38	21	24	26	38	29	35	31	30	33	31	37	30	25	36	39	33	34	28	34	32	29	34	30	35	28	35	30	21	31	29	24	36	31	34	33	32	32	34	35	36	38	31	32	27	34	37	27	20	35	25	34	27	29	32	36	31	37	29	30	25	33	39	36	29	29	40	36	33	36	38	28	36	38	36	34	32	32	27	21	38	27	34	29	24	32	32	26	27	29	21	40	24	40	37	37	32	35	24	23	26	37	30	40	27	32	20	33	28	36	37	29	35	31	27	20	30	37	24	31	21	34	29	25	31	23	36	38	33	35	35	20	35	27	24	20	30	35	28	24	32	31	32	31	30	26	29	40	20	25	37	33	33	37	33	36	35	32	32	21	39	30	21	24	24	40	29	35	29	25	26	25	38	37	27	32	23	20	33	29	36	37	29	22	32	31	22	35	23	32	34	26	28	34	23	37	36	29	33	31	29	25	23	20	23	34	27	28	32	26	35	40	33	38	27	29	25	38	24	40	34	23	22	35	33	40	39	22	24	28	25	33	35	26	27	40	20	36	23	29	20	23	23	29	32	35	36	25	23	29	28	39	39	26	34	30	37	21	34	31	23	38	20	39	26	30	20	33	40	23	21	39	30	40	40	25	29	21	38	25	32	26	35	24	35	20	29	22	26	31	32	32	39	30	33	24	33	29	39	36	35	35	33	21	23	35	32	35	39	26	36	40	24	21	21	38	22	20	36	35	33	30	40	30	33	26	31	39	35	23	30	34	38	39	35	26	39	21	29	31	37	27	37	25	36	23	27	38	26	38	24	25	20	38	27	35	27	39	31	20	36	20	27	35	37	28	29	30	36	35	27	33	31	39	31	40	20	38	21	20	31	22	22	37	36	27	21	28	32	36	34	26	22	40	36	24	21	30	30	29	32	27	40	36	31	40	26	40	29	30	20	35	21	24	31	33	30	40	33	30	25	22	36	24	26	35	36	38	40	22	32	28	20	31	22	38	36	32	30	28	28	29	39	33	30	39	34	22	36	28	20	35	33	40	30	39	32	25	36	25	33	21	40	23	32	29	37	34	24	35	38	28	33	40	30	36	29	24	37	37	29	40	22	40	20	27	21	27	32	25	36	38	24	33	24	24	24	39	39	31	
18	14	22	12	47	39	42	47	26	23	11	16	16	50	10	33	43	13	29	11	10	49	50	38	35	25	26	17	14	12	48	24	29	39	48	47	34	25	45	28	10	42	19	44	21	37	16	24	47	30	45	43	27	30	12	34	18	31	10	35	16	27	26	28	43	30	18	12	25	16	35	41	48	10	30	14	46	27	39	18	40	28	38	43	23	38	18	42	13	34	30	32	30	34	48	38	14	49	37	24	18	24	13	46	36	12	39	23	16	41	13	39	30	17	40	36	47	10	39	46	40	42	49	16	24	36	46	48	33	22	27	18	41	17	24	20	13	16	15	25	50	29	49	24	37	40	13	18	20	30	18	42	43	48	26	40	16	50	33	34	27	34	12	30	21	28	10	39	16	32	15	15	17	10	31	47	36	14	23	37	17	15	40	46	31	40	37	30	33	29	32	40	32	12	43	43	26	34	14	39	46	29	50	49	42	26	11	13	38	50	31	13	23	17	14	11	13	40	26	21	34	31	47	33	48	38	33	43	34	47	28	12	14	49	22	41	36	46	32	28	36	17	30	47	15	37	25	45	24	36	11	39	46	18	37	16	11	10	15	15	11	17	15	35	12	20	24	47	33	39	46	38	23	48	31	17	42	21	25	50	25	21	18	37	37	39	29	47	39	41	22	26	17	12	17	35	49	24	49	21	12	38	37	36	42	30	18	15	19	35	17	13	10	12	41	31	43	24	41	29	50	29	26	29	29	26	18	13	30	41	16	31	12	30	16	38	13	46	34	34	27	14	24	50	20	11	39	17	23	45	41	47	21	23	50	50	24	27	28	28	12	21	25	28	29	48	26	49	35	33	32	26	10	10	17	14	32	20	48	11	45	49	15	27	20	17	25	25	20	25	33	33	46	24	13	31	23	20	42	34	43	24	12	10	20	24	21	30	31	15	27	16	35	29	13	45	15	29	48	28	45	20	34	14	37	19	46	23	28	47	43	30	25	29	50	11	33	16	48	26	37	48	11	49	13	43	12	13	24	18	15	13	15	33	33	36	33	39	12	49	46	30	13	29	29	26	16	31	34	47	48	36	17	21	44	13	46	44	48	30	24	37	35	38	40	14	13	44	21	20	50	36	20	38	27	18	34	48	44	39	34	43	47	45	30	10	35	16	20	49	21	49	33	44	18	15	47	22	28	23	11	47	48	17	11	31	14	12	15	33	27	37	18	38	15	47	21	41	28	20	35	20	17	46	28	19	47	43	31	19	20	50	19	47	48	29	26	19	40	39	33	21	26	41	26	42	27	26	30	49	49	33	36	47	45	15	37	44	44	35	25	14	31	26	23	30	36	46	11	44	25	18	22	14	25	38	14	34	36	10	13	45	25	49	23	19	41	32	17	46	41	24	31	49	24	19	42	29	13	13	26	25	44	50	
20
80
