702
40
0	0	0	0	0	0	0	0	0	0	48	0	0	0	0	0	48	0	0	0	0	0	0	0	0	0	48	0	0	0	0	0	0	0	0	0	0	0	0	0	
0	0	0	0	0	0	0	0	0	0	0	0	0	0	0	0	0	0	0	0	0	0	0	0	0	0	0	0	0	0	0	0	96	0	0	0	96	0	0	0	
0	0	0	48	0	0	0	0	0	0	0	0	0	0	0	0	0	0	0	0	0	0	48	0	0	0	0	0	0	0	0	0	0	0	0	0	0	0	0	0	
0	0	48	0	0	0	0	0	0	0	0	0	0	0	0	0	0	0	0	0	0	0	48	0	0	0	0	0	0	0	0	0	0	0	0	0	0	0	0	0	
0	0	0	0	0	0	0	0	0	48	0	0	0	0	0	0	0	0	0	0	0	0	0	0	0	0	0	192	0	0	0	0	0	0	0	0	0	0	0	0	
0	0	0	0	0	0	0	0	0	0	0	0	0	0	0	0	0	0	0	0	0	96	500	0	0	0	0	0	0	0	0	0	0	0	0	0	0	0	0	0	
0	0	0	0	0	0	0	0	96	0	0	0	0	0	0	0	0	0	0	0	0	0	0	0	0	0	0	0	0	0	0	48	0	0	0	0	48	0	0	0	
0	0	0	0	0	0	0	0	0	48	0	0	0	0	0	0	0	0	0	0	0	192	0	0	0	500	0	0	0	0	0	0	0	0	0	0	0	0	0	0	
0	0	0	0	0	0	96	0	0	0	0	0	0	0	0	0	0	0	0	0	0	0	0	0	0	0	0	0	0	0	0	96	0	0	0	0	0	0	0	0	
0	0	0	0	48	0	0	48	0	0	0	0	0	0	0	0	0	0	0	0	0	0	0	0	0	0	0	0	0	0	0	0	0	0	0	0	0	0	0	0	
48	0	0	0	0	0	0	0	0	0	0	0	0	0	0	0	192	0	0	0	0	0	0	0	0	0	0	0	0	0	0	0	500	0	0	0	0	0	0	96	
0	0	0	0	0	0	0	0	0	0	0	0	0	48	0	0	0	0	0	0	0	0	0	192	0	0	0	0	0	0	0	0	0	0	0	0	0	0	0	0	
0	0	0	0	0	0	0	0	0	0	0	0	0	0	0	0	0	0	0	0	0	0	0	0	0	0	0	0	0	0	0	0	0	0	192	48	0	0	0	0	
0	0	0	0	0	0	0	0	0	0	0	48	0	0	0	192	0	0	0	0	0	0	0	96	0	0	0	0	0	0	0	0	0	0	0	0	0	0	0	0	
0	0	0	0	0	0	0	0	0	0	0	0	0	0	0	0	0	0	0	0	0	0	0	0	0	0	0	96	0	0	500	0	0	0	0	0	0	0	0	0	
0	0	0	0	0	0	0	0	0	0	0	0	0	192	0	0	0	0	0	0	0	0	0	0	500	0	0	0	0	0	0	0	0	0	0	0	0	0	0	0	
48	0	0	0	0	0	0	0	0	0	192	0	0	0	0	0	0	0	0	0	0	0	0	0	0	0	0	0	0	0	0	0	0	0	0	0	0	0	0	0	
0	0	0	0	0	0	0	0	0	0	0	0	0	0	0	0	0	0	192	96	500	0	0	0	0	0	0	0	0	0	0	0	0	0	0	0	0	192	96	0	
0	0	0	0	0	0	0	0	0	0	0	0	0	0	0	0	0	192	0	0	0	0	0	0	0	48	0	0	0	0	0	0	0	500	0	0	0	0	0	0	
0	0	0	0	0	0	0	0	0	0	0	0	0	0	0	0	0	96	0	0	192	0	0	0	0	0	0	0	0	0	0	0	0	0	0	0	0	0	0	0	
0	0	0	0	0	0	0	0	0	0	0	0	0	0	0	0	0	500	0	192	0	0	0	0	0	0	0	0	0	0	0	0	0	0	0	0	0	0	0	0	
0	0	0	0	0	96	0	192	0	0	0	0	0	0	0	0	0	0	0	0	0	0	0	0	0	0	0	0	0	0	0	0	0	0	0	0	0	0	0	0	
0	0	48	48	0	500	0	0	0	0	0	0	0	0	0	0	0	0	0	0	0	0	0	0	0	0	0	0	0	0	0	0	0	0	0	0	0	0	0	0	
0	0	0	0	0	0	0	0	0	0	0	192	0	96	0	0	0	0	0	0	0	0	0	0	0	0	0	0	0	0	0	0	0	0	0	0	0	0	0	0	
0	0	0	0	0	0	0	0	0	0	0	0	0	0	0	500	0	0	0	0	0	0	0	0	0	0	0	0	96	0	0	0	0	0	192	0	0	0	0	0	
0	0	0	0	0	0	0	500	0	0	0	0	0	0	0	0	0	0	48	0	0	0	0	0	0	0	0	0	0	0	0	0	0	0	0	0	0	0	0	0	
48	0	0	0	0	0	0	0	0	0	0	0	0	0	0	0	0	0	0	0	0	0	0	0	0	0	0	0	0	48	0	0	0	0	0	0	0	0	0	0	
0	0	0	0	192	0	0	0	0	0	0	0	0	0	96	0	0	0	0	0	0	0	0	0	0	0	0	0	0	0	96	0	0	96	0	0	0	0	0	0	
0	0	0	0	0	0	0	0	0	0	0	0	0	0	0	0	0	0	0	0	0	0	0	0	96	0	0	0	0	0	0	0	0	0	0	96	0	192	0	48	
0	0	0	0	0	0	0	0	0	0	0	0	0	0	0	0	0	0	0	0	0	0	0	0	0	0	48	0	0	0	0	0	0	500	0	0	0	0	0	500	
0	0	0	0	0	0	0	0	0	0	0	0	0	0	500	0	0	0	0	0	0	0	0	0	0	0	0	96	0	0	0	0	0	0	0	0	0	0	0	0	
0	0	0	0	0	0	48	0	96	0	0	0	0	0	0	0	0	0	0	0	0	0	0	0	0	0	0	0	0	0	0	0	0	0	0	0	0	0	0	0	
0	96	0	0	0	0	0	0	0	0	500	0	0	0	0	0	0	0	0	0	0	0	0	0	0	0	0	0	0	0	0	0	0	0	0	0	0	0	0	0	
0	0	0	0	0	0	0	0	0	0	0	0	0	0	0	0	0	0	500	0	0	0	0	0	0	0	0	96	0	500	0	0	0	0	0	0	0	0	0	0	
0	0	0	0	0	0	0	0	0	0	0	0	192	0	0	0	0	0	0	0	0	0	0	0	192	0	0	0	0	0	0	0	0	0	0	0	0	0	0	0	
0	0	0	0	0	0	0	0	0	0	0	0	48	0	0	0	0	0	0	0	0	0	0	0	0	0	0	0	96	0	0	0	0	0	0	0	0	0	192	0	
0	96	0	0	0	0	48	0	0	0	0	0	0	0	0	0	0	0	0	0	0	0	0	0	0	0	0	0	0	0	0	0	0	0	0	0	0	0	0	0	
0	0	0	0	0	0	0	0	0	0	0	0	0	0	0	0	0	192	0	0	0	0	0	0	0	0	0	0	192	0	0	0	0	0	0	0	0	0	0	0	
0	0	0	0	0	0	0	0	0	0	0	0	0	0	0	0	0	96	0	0	0	0	0	0	0	0	0	0	0	0	0	0	0	0	0	192	0	0	0	0	
0	0	0	0	0	0	0	0	0	0	96	0	0	0	0	0	0	0	0	0	0	0	0	0	0	0	0	0	48	500	0	0	0	0	0	0	0	0	0	0	
7	5	23	25	10	16	13	25	7	28	22	1	16	33	26	19	28	25	3	32	22	4	1	17	37	35	6	15	28	8	18	3	10	11	16	29	18	5	6	7	20	7	32	2	33	19	12	23	10	33	14	7	8	11	21	35	4	9	26	3	7	4	23	9	3	29	13	22	39	14	21	11	30	7	14	9	39	18	12	8	29	7	22	3	39	23	30	33	16	35	20	12	24	37	9	21	24	21	8	28	9	36	32	4	4	28	2	20	26	29	8	6	5	33	19	35	36	31	11	28	33	3	34	18	6	19	1	29	10	10	15	15	0	24	24	1	24	6	3	12	35	14	18	1	17	8	13	25	29	13	22	28	23	7	22	36	1	22	21	2	26	35	28	23	12	8	13	12	16	29	17	2	32	28	32	9	27	12	4	35	36	8	38	9	18	1	6	28	32	38	6	21	6	2	14	4	21	30	32	12	14	9	4	28	18	30	20	30	34	37	8	27	7	16	19	27	27	31	3	9	37	19	20	28	31	22	36	30	11	24	15	8	24	2	4	35	33	6	12	8	14	28	34	23	32	13	12	3	0	35	38	35	15	29	15	33	14	7	8	5	38	39	27	10	16	16	33	0	37	2	26	23	31	31	0	33	29	7	3	39	34	11	13	2	37	29	39	10	9	36	25	18	14	12	4	1	13	35	35	33	39	36	4	11	13	23	3	23	0	22	23	24	9	33	33	29	1	9	36	1	1	7	22	3	19	29	19	20	38	11	26	7	29	27	12	36	39	36	19	11	23	2	0	6	37	3	35	14	18	2	38	28	7	7	33	9	29	35	6	5	37	24	29	2	24	6	25	10	39	39	32	4	28	34	37	33	6	10	33	12	15	32	13	20	25	20	33	4	36	15	30	11	16	10	30	35	16	7	34	36	20	6	34	25	5	16	8	10	36	23	29	31	26	19	33	26	16	5	5	12	8	15	27	37	17	17	4	32	5	12	17	4	6	18	33	28	11	35	8	23	7	16	29	7	26	35	2	20	21	20	15	33	17	20	30	37	7	29	23	10	0	23	28	9	5	19	22	35	39	35	13	1	7	7	18	27	7	32	8	12	38	32	38	35	31	15	5	2	17	38	23	26	39	31	21	19	25	10	15	16	7	0	15	0	4	34	21	21	16	34	11	24	36	17	17	10	9	6	33	35	25	36	20	38	3	19	10	2	25	21	37	25	5	18	21	28	22	3	20	12	7	1	19	10	16	22	18	30	33	11	3	18	21	23	14	31	20	29	21	22	7	37	32	0	31	25	33	21	29	32	33	0	35	6	16	0	24	33	23	39	30	28	17	22	7	15	5	14	2	11	36	39	10	18	16	19	15	20	18	28	34	35	2	1	11	31	26	35	5	1	2	5	0	18	20	39	29	20	25	33	38	31	33	29	34	29	21	20	27	37	8	23	35	34	32	30	17	37	33	4	16	38	34	16	23	38	36	4	9	14	25	17	6	8	34	8	7	28	15	9	29	35	18	7	33	31	28	9	20	16	21	9	15	15	14	8	27	6	2	23	26	5	7	30	35	13	25	24	17	8	31	12	35	22	26	12	28	8	4	9	19	32	
14	15	8	13	35	38	4	9	17	29	16	10	23	0	2	29	0	27	6	24	34	13	25	31	18	1	8	8	12	38	9	16	38	8	24	19	21	11	34	39	30	22	20	24	21	37	36	35	16	4	22	30	12	10	31	22	22	3	37	39	11	12	12	39	31	34	33	34	0	1	1	14	19	24	34	7	21	19	16	10	26	23	8	14	8	9	7	13	28	14	11	39	35	26	8	14	9	36	35	26	12	24	25	14	9	19	24	39	13	34	28	27	37	34	18	22	13	32	24	14	3	33	34	7	28	2	5	15	28	0	6	11	17	32	2	6	1	31	15	8	30	2	9	20	32	14	30	15	26	32	33	31	11	6	9	33	21	3	19	9	24	29	10	12	0	1	37	32	25	4	24	34	33	27	16	30	21	36	18	34	33	34	28	18	11	27	18	3	8	36	25	4	5	19	15	15	7	3	16	19	2	2	9	5	4	38	23	17	18	34	32	13	33	12	16	37	37	2	36	39	36	23	33	39	3	9	29	11	15	14	36	15	36	9	35	9	25	33	8	38	25	1	15	33	25	32	13	2	0	1	39	20	9	27	26	4	2	17	4	8	32	26	25	20	8	9	39	38	14	29	17	3	0	34	6	7	3	12	26	31	28	10	11	1	39	23	12	26	10	26	12	6	10	23	7	34	36	26	27	20	4	18	28	9	17	3	31	37	30	2	1	22	16	3	31	16	6	37	15	25	11	20	5	21	29	21	31	25	25	4	16	12	20	16	15	8	26	13	24	36	33	24	17	13	6	22	5	31	22	20	35	0	5	31	31	5	25	12	39	1	23	15	23	4	28	15	36	8	21	0	3	13	38	39	25	6	37	25	20	24	7	27	16	1	32	26	26	13	15	19	32	10	7	36	22	5	13	0	17	26	8	37	6	6	11	24	35	15	21	22	20	26	33	12	6	35	28	15	7	39	13	28	34	4	23	9	30	23	16	25	23	4	5	26	27	25	10	33	14	26	29	27	5	36	3	38	29	21	9	37	20	18	28	22	13	31	24	7	16	18	27	3	23	7	18	32	25	36	2	20	17	21	15	18	7	32	7	0	13	9	31	12	2	22	4	25	34	19	2	6	34	38	8	30	31	27	1	0	23	8	18	15	30	2	18	26	17	20	28	20	6	38	22	36	9	27	21	21	15	16	30	30	21	3	29	26	25	33	16	32	39	6	12	27	20	39	38	2	29	26	26	25	0	28	14	20	17	33	39	34	29	14	26	31	33	1	35	39	11	31	33	33	39	12	15	17	35	38	10	36	18	33	1	6	27	34	31	22	2	0	2	8	36	29	23	33	39	32	35	22	7	22	34	27	33	27	26	39	18	21	32	6	24	32	17	21	39	18	1	33	12	23	30	15	20	29	21	12	21	32	19	37	35	14	21	39	11	12	39	39	19	14	39	2	31	1	34	29	4	27	28	37	23	8	36	23	30	38	37	0	28	26	13	29	25	0	32	19	15	13	5	39	21	39	31	22	14	11	36	5	18	13	32	10	11	18	10	32	0	0	5	13	37	36	23	22	23	2	13	16	28	31	3	25	23	1	7	4	23	37	38	15	
28	35	40	29	33	38	24	22	29	24	23	26	24	33	38	29	39	26	21	34	23	21	34	37	20	23	24	36	30	36	29	35	32	26	20	23	36	21	22	29	36	36	35	26	25	30	37	25	25	29	27	27	39	28	30	35	32	39	26	40	21	38	37	32	28	20	39	20	22	24	34	24	27	26	26	35	36	29	34	38	20	37	40	31	22	37	20	21	25	27	32	33	24	40	30	30	20	27	28	36	31	35	33	20	36	22	33	35	38	39	24	39	30	21	35	29	35	30	38	32	37	22	39	40	21	29	38	35	36	38	24	27	32	38	34	26	39	39	22	29	27	32	22	30	37	24	26	38	25	25	27	32	33	22	38	37	39	31	28	29	25	26	22	37	40	34	20	25	36	35	39	36	36	28	39	29	26	38	38	20	34	38	21	37	33	23	34	20	28	25	22	37	21	32	22	37	29	24	27	21	32	23	27	38	22	21	32	33	32	37	30	20	25	26	24	37	40	31	29	28	35	35	37	26	34	37	35	37	35	27	28	31	24	32	32	38	26	31	20	31	24	34	25	37	32	25	20	22	40	24	22	36	31	24	32	21	30	40	35	32	27	31	33	31	33	40	21	34	31	39	36	33	34	21	25	30	23	21	23	29	31	37	32	20	22	26	37	33	39	40	22	40	25	20	22	38	22	29	29	21	23	35	23	31	29	36	37	24	27	21	38	22	33	24	37	39	32	23	40	31	29	26	20	24	27	40	26	22	38	38	31	39	35	36	22	40	38	34	23	30	20	32	27	38	37	38	34	22	33	20	29	26	30	23	31	23	31	31	31	21	31	33	35	28	22	27	23	36	28	24	26	31	35	40	24	24	26	38	25	25	30	38	34	34	34	20	29	24	30	23	26	23	40	21	23	33	25	23	25	24	31	40	21	23	37	39	35	35	36	25	30	40	28	30	35	33	33	21	30	33	27	30	20	20	36	30	32	31	22	23	26	22	37	28	22	31	30	28	31	31	28	34	33	21	20	22	20	24	31	36	34	23	37	23	36	21	32	34	21	38	25	34	25	37	26	27	26	38	27	36	29	23	22	22	36	28	38	30	27	40	35	35	31	36	21	32	26	31	33	38	28	31	38	28	33	35	30	33	32	32	33	34	29	35	24	24	38	37	30	25	23	21	36	20	29	24	28	29	21	38	24	21	25	34	34	35	36	31	39	38	37	33	40	30	29	23	25	20	29	21	38	20	22	28	39	24	36	27	27	25	35	25	37	27	37	37	38	40	32	22	33	35	29	28	24	23	21	24	24	32	24	22	33	31	20	35	36	28	21	26	37	24	31	33	36	27	36	35	33	21	33	34	22	24	30	37	27	28	30	28	38	30	25	33	34	37	39	33	24	31	33	34	38	31	29	26	26	34	30	34	34	22	37	27	28	27	20	27	25	39	27	33	27	36	21	20	31	30	20	23	36	40	33	32	33	26	31	33	20	22	25	29	24	34	22	32	33	36	24	23	31	34	39	34	20	30	40	39	30	39	40	33	24	28	29	31	29	23	33	34	23	32	26	39	36	37	28	20	35	31	22	37	29	33	37	21	27	39	29	32	23	22	
34	40	18	21	22	13	42	15	19	31	24	20	23	17	14	32	28	19	33	19	41	19	32	15	19	31	22	16	28	31	17	45	22	41	46	15	35	22	39	44	25	47	14	38	13	12	41	41	24	30	21	23	18	41	16	38	37	36	47	20	14	45	28	22	26	36	30	48	41	30	20	31	40	31	21	32	11	44	40	12	37	32	38	21	35	10	41	33	41	47	17	30	41	13	20	14	25	26	45	22	30	47	38	45	49	26	48	10	35	11	38	45	30	43	47	30	37	49	29	35	41	23	39	20	29	50	36	40	44	30	43	44	46	43	34	47	31	40	45	48	12	26	44	18	44	13	39	44	11	47	22	30	21	33	33	17	12	43	37	19	12	40	17	28	50	17	11	45	44	34	24	49	10	37	44	31	15	45	50	17	37	45	13	42	41	28	41	16	33	43	16	11	36	34	19	40	18	21	44	32	15	28	43	39	38	25	38	28	43	24	40	46	29	20	35	16	38	50	17	41	44	19	39	40	36	13	42	23	17	15	13	36	44	12	38	12	32	19	30	44	32	26	42	35	28	16	10	20	10	44	44	38	46	22	44	20	46	29	30	37	17	50	32	50	34	47	26	26	18	12	11	14	23	36	19	10	29	33	21	46	35	36	24	31	26	44	15	17	36	40	33	42	44	23	13	50	37	12	19	34	48	21	26	14	11	39	45	15	24	40	20	30	50	12	41	47	41	21	27	47	23	25	45	16	16	47	49	30	38	38	49	20	16	40	16	29	46	12	39	17	15	46	31	48	12	46	24	40	20	38	50	33	24	17	18	34	50	10	34	47	37	45	29	12	31	45	26	44	14	14	28	19	44	22	26	45	40	34	30	25	29	22	27	31	50	35	27	30	25	45	27	24	29	12	41	35	11	48	15	12	24	30	21	39	47	50	38	45	11	18	19	39	47	24	42	28	12	39	42	41	17	40	13	18	23	11	38	42	24	39	19	32	12	45	13	19	10	16	28	43	44	39	45	33	31	45	47	16	35	39	47	19	25	35	26	23	27	21	23	50	47	39	38	16	37	12	37	45	33	14	20	15	14	36	50	16	18	22	35	23	21	36	12	12	46	41	37	14	29	44	28	12	16	15	26	31	26	22	12	34	35	44	27	29	40	50	36	33	18	29	17	32	22	49	35	25	38	18	28	28	46	47	47	36	22	43	47	12	48	11	15	39	50	34	41	45	32	41	28	26	15	35	27	30	13	38	14	42	18	26	43	40	14	32	42	25	10	17	41	44	28	14	38	36	38	25	46	31	33	28	46	14	11	50	49	41	23	45	45	38	15	26	34	12	24	19	13	14	39	31	31	30	26	48	41	20	35	38	11	32	44	12	24	30	40	43	12	11	28	40	26	50	46	17	45	43	20	48	28	20	36	34	12	28	28	34	28	47	50	23	13	22	11	43	14	19	22	15	32	23	27	31	14	30	37	19	26	44	22	39	14	27	19	14	34	23	43	13	22	21	11	39	12	37	23	42	49	49	23	26	20	46	17	29	20	26	49	24	21	34	29	44	38	40	15	37	42	18	48	44	36	27	25	16	33	12	17	18	42	30	21	27	
20
90
