468
40
0	0	0	0	0	0	0	0	0	0	0	0	0	48	0	0	0	0	0	0	0	0	0	0	0	0	0	0	0	0	48	0	0	0	0	0	0	0	0	0	
0	0	0	0	0	0	192	192	0	0	0	0	0	0	0	0	0	0	0	0	0	0	0	0	0	0	0	0	0	0	0	0	0	0	0	0	0	0	0	0	
0	0	0	0	0	0	0	0	0	0	0	0	0	0	0	0	0	0	0	0	0	0	500	0	0	0	0	0	0	0	0	0	0	0	0	192	0	0	0	0	
0	0	0	0	0	0	500	0	0	0	0	0	0	0	0	0	0	0	0	0	0	0	0	0	0	192	0	0	0	0	0	0	192	0	0	0	48	0	0	48	
0	0	0	0	0	0	0	0	0	0	0	0	96	0	0	0	0	0	0	0	0	0	0	0	0	0	0	0	0	0	0	0	0	0	0	0	0	0	192	0	
0	0	0	0	0	0	0	0	0	0	0	0	0	0	0	0	0	0	0	0	0	48	0	96	0	0	0	0	0	0	0	48	0	0	0	0	0	0	0	0	
0	192	0	500	0	0	0	0	0	0	0	0	0	0	0	0	0	0	0	0	0	0	0	0	0	0	0	0	0	0	0	0	0	0	0	0	0	0	0	0	
0	192	0	0	0	0	0	0	0	0	0	0	0	0	0	0	0	192	0	0	0	0	0	0	0	0	0	0	0	0	0	0	0	0	0	0	0	0	0	0	
0	0	0	0	0	0	0	0	0	0	0	0	0	0	0	0	0	48	96	0	0	0	0	0	0	0	0	0	0	0	0	0	0	0	0	500	0	0	0	0	
0	0	0	0	0	0	0	0	0	0	0	0	0	0	0	0	0	0	0	0	0	0	0	0	0	0	0	0	0	0	0	0	0	192	500	0	0	0	0	0	
0	0	0	0	0	0	0	0	0	0	0	0	0	0	0	0	0	0	0	0	0	0	0	0	0	0	500	0	0	48	0	0	0	0	0	0	0	0	0	0	
0	0	0	0	0	0	0	0	0	0	0	0	0	0	0	0	0	0	96	0	0	0	192	0	0	0	0	0	0	0	0	0	0	0	0	0	0	0	0	0	
0	0	0	0	96	0	0	0	0	0	0	0	0	0	0	0	0	0	0	0	48	0	0	0	0	192	0	0	0	0	0	0	0	0	0	0	0	0	96	0	
48	0	0	0	0	0	0	0	0	0	0	0	0	0	0	0	0	0	0	0	0	0	0	0	0	0	48	0	0	0	96	0	0	0	0	0	0	0	0	0	
0	0	0	0	0	0	0	0	0	0	0	0	0	0	0	0	0	0	0	192	0	0	0	0	0	0	0	500	0	0	0	0	0	0	0	0	0	0	0	0	
0	0	0	0	0	0	0	0	0	0	0	0	0	0	0	0	0	0	0	0	0	0	0	0	0	0	0	0	96	0	0	0	0	0	96	0	0	0	0	0	
0	0	0	0	0	0	0	0	0	0	0	0	0	0	0	0	0	0	0	0	0	0	0	0	0	0	0	0	96	0	0	0	0	192	0	0	0	192	0	0	
0	0	0	0	0	0	0	192	48	0	0	0	0	0	0	0	0	0	0	0	0	0	0	0	0	0	0	0	0	0	0	0	0	0	0	0	0	0	0	0	
0	0	0	0	0	0	0	0	96	0	0	96	0	0	0	0	0	0	0	0	0	0	0	500	0	0	0	0	0	0	0	0	0	0	0	0	0	0	0	0	
0	0	0	0	0	0	0	0	0	0	0	0	0	0	192	0	0	0	0	0	0	0	0	0	0	0	0	192	500	0	0	0	0	0	0	0	0	0	0	0	
0	0	0	0	0	0	0	0	0	0	0	0	48	0	0	0	0	0	0	0	0	0	0	0	0	0	0	0	0	0	0	0	0	0	0	0	0	0	500	0	
0	0	0	0	0	48	0	0	0	0	0	0	0	0	0	0	0	0	0	0	0	0	0	0	0	0	0	0	0	0	0	192	0	0	0	0	192	0	0	0	
0	0	500	0	0	0	0	0	0	0	0	192	0	0	0	0	0	0	0	0	0	0	0	0	0	0	0	0	0	0	0	0	0	0	0	0	0	0	0	0	
0	0	0	0	0	96	0	0	0	0	0	0	0	0	0	0	0	0	500	0	0	0	0	0	0	0	0	0	0	0	0	0	0	0	0	0	0	0	0	0	
0	0	0	0	0	0	0	0	0	0	0	0	0	0	0	0	0	0	0	0	0	0	0	0	0	0	0	0	0	0	0	0	0	0	0	0	0	192	0	500	
0	0	0	192	0	0	0	0	0	0	0	0	192	0	0	0	0	0	0	0	0	0	0	0	0	0	0	0	0	0	0	0	0	0	0	0	0	0	0	0	
0	0	0	0	0	0	0	0	0	0	500	0	0	48	0	0	0	0	0	0	0	0	0	0	0	0	0	0	0	96	0	0	0	0	0	0	0	500	0	0	
0	0	0	0	0	0	0	0	0	0	0	0	0	0	500	0	0	0	0	192	0	0	0	0	0	0	0	0	0	0	0	0	192	500	0	0	0	0	0	0	
0	0	0	0	0	0	0	0	0	0	0	0	0	0	0	96	96	0	0	500	0	0	0	0	0	0	0	0	0	0	0	0	0	0	0	0	0	0	0	0	
0	0	0	0	0	0	0	0	0	0	48	0	0	0	0	0	0	0	0	0	0	0	0	0	0	0	96	0	0	0	0	0	0	96	0	0	0	0	0	0	
48	0	0	0	0	0	0	0	0	0	0	0	0	96	0	0	0	0	0	0	0	0	0	0	0	0	0	0	0	0	0	0	0	0	0	0	0	0	0	0	
0	0	0	0	0	48	0	0	0	0	0	0	0	0	0	0	0	0	0	0	0	192	0	0	0	0	0	0	0	0	0	0	0	0	0	0	0	0	0	0	
0	0	0	192	0	0	0	0	0	0	0	0	0	0	0	0	0	0	0	0	0	0	0	0	0	0	0	192	0	0	0	0	0	0	0	0	0	0	0	0	
0	0	0	0	0	0	0	0	0	192	0	0	0	0	0	0	192	0	0	0	0	0	0	0	0	0	0	500	0	96	0	0	0	0	0	0	0	0	0	0	
0	0	0	0	0	0	0	0	0	500	0	0	0	0	0	96	0	0	0	0	0	0	0	0	0	0	0	0	0	0	0	0	0	0	0	0	0	0	0	0	
0	0	192	0	0	0	0	0	500	0	0	0	0	0	0	0	0	0	0	0	0	0	0	0	0	0	0	0	0	0	0	0	0	0	0	0	0	0	0	0	
0	0	0	48	0	0	0	0	0	0	0	0	0	0	0	0	0	0	0	0	0	192	0	0	0	0	0	0	0	0	0	0	0	0	0	0	0	0	0	0	
0	0	0	0	0	0	0	0	0	0	0	0	0	0	0	0	192	0	0	0	0	0	0	0	192	0	500	0	0	0	0	0	0	0	0	0	0	0	0	0	
0	0	0	0	192	0	0	0	0	0	0	0	96	0	0	0	0	0	0	0	500	0	0	0	0	0	0	0	0	0	0	0	0	0	0	0	0	0	0	0	
0	0	0	48	0	0	0	0	0	0	0	0	0	0	0	0	0	0	0	0	0	0	0	0	500	0	0	0	0	0	0	0	0	0	0	0	0	0	0	0	
27	30	3	15	12	16	0	22	32	20	1	31	2	27	15	12	2	30	5	14	1	23	25	6	39	6	31	13	31	13	6	11	18	27	39	35	15	27	28	20	32	14	14	16	22	20	37	0	11	38	11	12	22	21	32	31	26	27	38	16	30	16	30	17	13	37	16	3	7	12	38	23	29	13	0	5	8	34	16	0	33	10	38	15	17	8	36	28	9	13	11	16	26	16	11	12	22	12	38	0	28	34	12	39	31	33	15	24	14	36	8	21	28	28	23	7	17	16	5	7	5	19	13	21	3	14	22	35	3	24	17	11	6	4	8	36	37	11	3	31	26	4	5	7	4	34	20	36	37	30	11	14	7	15	19	39	25	0	13	16	6	25	1	10	14	4	16	30	9	1	37	4	18	9	22	38	33	22	31	29	23	0	39	18	13	16	7	14	36	7	25	18	29	7	22	38	18	17	6	36	34	36	3	30	24	19	13	10	3	30	22	4	38	7	23	4	32	22	8	34	4	20	18	0	26	34	24	32	27	2	8	16	24	28	14	4	10	10	17	12	34	4	18	8	25	35	28	10	25	24	37	27	17	37	9	28	12	34	14	38	25	25	8	33	35	18	6	24	10	14	34	26	14	22	4	17	34	4	38	14	22	16	8	1	27	4	20	21	18	23	26	1	36	4	12	7	19	28	3	16	38	39	39	5	15	30	34	39	32	18	37	30	8	29	8	20	2	39	28	2	14	1	35	1	5	5	22	2	15	11	21	30	15	20	18	21	37	18	22	9	11	29	33	19	8	7	28	4	30	15	17	13	38	0	33	15	26	19	4	26	33	7	12	0	14	31	26	34	17	20	22	25	10	37	26	6	20	29	6	17	15	37	20	37	12	4	28	17	4	5	24	39	32	1	33	24	1	31	15	21	25	34	11	6	7	26	24	5	21	9	4	20	13	23	3	25	15	21	20	16	3	29	33	33	12	23	26	20	18	12	0	28	30	6	30	8	33	37	19	10	4	18	8	27	24	6	31	19	14	27	9	21	7	1	38	8	13	34	16	14	31	38	39	0	24	6	37	7	
3	19	19	27	31	32	20	17	0	39	23	0	17	12	25	34	24	28	24	39	25	4	24	33	35	9	22	32	1	32	31	38	17	38	1	19	24	32	24	10	34	19	25	24	29	36	34	27	31	0	15	15	26	4	21	18	6	29	1	1	30	16	25	31	16	18	1	4	33	0	22	35	6	39	21	25	35	28	28	20	22	28	7	33	28	12	27	20	34	25	37	26	20	25	11	17	33	23	1	38	4	1	28	21	26	36	10	36	26	37	30	15	23	18	23	19	7	14	2	39	23	15	10	29	19	10	6	20	26	37	10	33	23	27	20	16	8	34	15	31	33	8	10	26	1	24	1	15	3	25	18	18	13	14	32	17	12	29	34	16	20	4	5	5	27	22	12	21	22	34	6	11	18	19	23	39	20	0	28	28	8	28	35	23	36	30	31	22	29	1	15	5	23	36	0	2	25	2	21	2	30	2	37	17	4	0	36	36	39	8	0	17	22	17	29	29	4	23	15	28	39	14	14	35	20	21	4	8	7	32	8	0	22	11	6	7	38	21	35	3	12	34	13	32	37	15	15	28	37	32	9	19	18	20	37	18	9	39	1	8	38	22	3	23	32	6	7	6	26	27	27	2	10	12	3	39	5	37	19	3	7	35	11	19	22	3	21	18	15	34	32	0	15	37	16	31	18	1	18	39	7	3	36	35	33	16	17	32	5	37	0	28	34	15	14	11	27	27	30	27	14	22	7	17	32	21	13	1	14	37	6	8	4	11	21	12	0	36	1	26	31	38	22	22	14	4	18	21	33	36	24	13	23	27	7	3	11	30	20	3	10	2	26	19	27	37	8	39	9	2	34	12	26	15	13	0	3	17	7	0	1	14	28	24	32	1	17	30	22	24	3	6	8	17	16	6	26	23	12	18	27	24	28	16	6	10	37	4	25	8	37	36	1	25	8	12	10	0	3	18	26	12	28	10	38	8	30	10	35	35	32	7	6	8	23	20	27	30	14	33	32	0	28	17	18	13	21	33	29	16	22	23	8	24	13	32	6	16	38	0	37	23	22	12	17	25	2	10	
25	26	36	27	38	38	33	28	26	27	33	27	39	37	28	34	38	28	26	22	38	25	36	31	27	36	20	28	24	36	22	23	34	24	20	26	34	29	34	31	40	27	30	31	37	31	21	34	24	24	38	36	32	23	35	27	20	36	34	34	26	28	35	40	40	30	39	22	28	40	40	20	33	34	34	21	23	31	21	40	31	38	34	22	21	31	40	27	24	37	23	34	30	24	40	20	35	25	31	26	24	36	37	21	32	36	33	29	36	32	28	25	37	26	21	31	26	20	31	22	30	38	27	25	39	21	26	32	32	38	34	28	34	32	36	20	22	30	28	38	21	23	32	29	32	37	30	26	31	40	38	23	22	33	37	20	26	23	23	34	28	37	40	31	23	39	23	25	35	33	36	36	30	28	28	21	31	35	34	38	21	36	28	33	34	21	30	26	36	20	28	35	36	25	26	38	38	40	38	30	35	21	37	27	34	33	38	38	29	37	35	35	20	34	31	34	28	25	35	28	21	26	40	39	27	30	34	26	33	20	22	24	36	32	40	22	25	37	20	36	28	28	35	22	29	21	27	24	24	36	39	29	39	37	40	37	27	31	39	40	23	20	31	33	33	37	34	33	29	26	35	39	24	36	23	29	24	26	33	28	21	27	24	39	20	29	24	30	33	20	29	28	33	34	27	33	27	29	26	40	30	23	28	29	21	38	27	27	31	33	29	34	24	34	40	34	20	32	23	31	24	34	26	35	20	27	37	26	37	29	26	34	40	40	29	25	21	30	29	30	29	37	24	38	25	35	32	32	34	31	36	20	26	22	31	30	38	27	26	38	32	38	35	27	24	37	38	30	27	26	23	38	37	38	35	25	33	37	40	23	22	40	31	38	23	20	27	37	23	40	31	37	26	40	28	20	28	26	24	25	38	24	32	31	37	28	34	24	37	26	34	22	21	26	25	26	29	23	35	25	21	33	25	33	38	30	27	38	23	30	37	23	23	33	32	22	30	37	38	20	33	25	33	29	33	36	20	27	26	28	37	26	26	20	32	31	37	37	20	37	35	28	23	34	39	38	35	20	
40	24	47	26	36	10	17	20	20	16	34	39	43	35	26	48	24	36	16	30	19	14	40	34	20	20	18	35	29	32	28	44	50	29	47	17	24	49	26	38	22	38	33	30	44	26	43	29	36	34	23	35	23	44	29	48	18	29	18	41	37	21	14	26	37	17	31	40	19	28	49	33	26	25	30	31	11	20	36	46	23	20	47	28	17	43	39	43	19	25	49	13	37	34	36	49	50	40	34	30	30	28	27	31	23	44	48	34	36	26	23	44	13	35	49	50	20	12	40	30	30	50	20	49	46	41	26	34	43	15	15	13	42	38	14	26	49	48	18	48	30	47	14	17	16	18	13	29	19	34	16	19	30	14	16	28	17	50	46	29	48	35	41	15	34	39	33	35	31	45	37	35	44	19	43	15	16	42	41	25	12	46	10	34	44	27	30	42	25	22	39	48	27	20	33	39	14	11	46	11	37	47	42	21	14	16	29	48	32	35	25	21	28	49	15	30	42	40	23	11	23	17	40	16	14	28	32	11	41	35	15	21	35	22	19	32	40	47	40	43	23	16	19	12	42	12	33	40	40	31	20	42	28	27	17	41	44	21	33	48	10	49	13	50	34	43	42	12	50	42	45	35	26	18	47	16	33	18	16	42	17	33	32	31	42	22	37	43	44	48	36	20	30	46	35	42	29	17	39	29	28	10	28	10	16	18	38	25	49	45	48	19	31	25	11	12	18	10	11	41	41	20	35	28	28	43	40	32	29	48	37	34	25	42	40	33	35	19	17	26	36	44	40	40	17	15	32	10	46	11	42	28	34	48	15	15	22	43	23	37	43	43	36	45	36	50	26	17	38	30	36	43	13	34	26	24	27	37	48	12	23	49	21	12	20	49	35	25	30	45	16	10	16	43	40	15	11	11	28	30	23	20	29	30	28	16	49	22	13	28	27	10	39	30	33	46	39	16	39	25	20	38	32	27	48	48	32	11	27	17	38	46	27	22	15	46	19	32	20	26	18	30	36	23	47	26	39	14	45	19	21	50	28	44	12	14	34	38	13	18	12	27	19	19	10	14	21	42	
0.5
60
