468
40
0	0	0	0	0	0	0	0	0	0	0	0	0	0	0	0	0	0	0	0	0	0	0	0	0	192	0	0	0	0	0	0	0	0	0	0	48	0	500	0	
0	0	0	0	0	0	0	0	0	0	0	0	0	0	0	0	0	0	0	0	0	0	0	0	0	0	0	0	0	0	0	96	0	500	0	0	0	0	0	0	
0	0	0	0	0	0	0	0	96	0	0	0	0	0	0	0	0	0	0	0	0	0	0	0	0	0	0	0	0	0	0	0	0	192	0	0	0	0	0	0	
0	0	0	0	0	0	0	0	0	0	48	0	0	0	0	0	0	0	0	0	0	500	0	0	0	0	0	0	0	0	0	0	0	0	0	0	0	0	0	0	
0	0	0	0	0	48	0	0	0	0	0	0	0	0	0	0	0	0	0	0	0	0	0	0	0	0	0	0	500	0	0	0	0	0	48	0	0	0	0	0	
0	0	0	0	48	0	0	0	0	0	0	0	0	0	0	0	0	0	0	0	0	0	0	0	96	0	0	0	500	0	0	0	0	0	48	192	0	0	0	0	
0	0	0	0	0	0	0	0	0	0	48	0	0	0	0	0	0	0	0	192	0	0	48	0	0	0	0	0	0	0	0	0	192	0	0	0	0	0	0	0	
0	0	0	0	0	0	0	0	0	0	0	0	0	0	0	0	0	0	0	0	0	0	0	0	0	0	0	0	192	0	0	0	0	0	96	48	0	0	0	0	
0	0	96	0	0	0	0	0	0	0	0	0	0	0	0	0	0	0	0	0	96	0	48	0	0	0	0	0	0	48	0	0	0	0	0	0	0	0	0	0	
0	0	0	0	0	0	0	0	0	0	0	0	0	0	0	0	0	0	0	0	0	0	0	0	0	0	0	0	0	0	0	0	0	0	0	0	0	0	500	192	
0	0	0	48	0	0	48	0	0	0	0	0	0	0	0	0	0	0	0	0	0	0	0	0	0	0	0	0	0	0	0	0	0	0	0	0	0	0	0	0	
0	0	0	0	0	0	0	0	0	0	0	0	0	0	0	0	96	500	0	0	0	0	0	0	0	0	0	0	0	0	0	0	0	0	0	0	0	0	0	0	
0	0	0	0	0	0	0	0	0	0	0	0	0	0	0	0	0	192	0	0	0	0	0	0	96	0	0	0	0	0	0	0	0	0	0	0	0	0	0	0	
0	0	0	0	0	0	0	0	0	0	0	0	0	0	0	96	96	0	0	0	0	0	0	192	0	0	0	0	0	0	0	0	0	0	0	0	0	0	0	0	
0	0	0	0	0	0	0	0	0	0	0	0	0	0	0	0	0	0	0	0	500	0	0	0	0	0	0	0	0	500	0	0	0	0	0	0	0	0	0	0	
0	0	0	0	0	0	0	0	0	0	0	0	0	96	0	0	0	0	0	0	0	0	0	0	0	0	0	48	0	0	0	0	0	0	0	0	0	0	0	0	
0	0	0	0	0	0	0	0	0	0	0	96	0	96	0	0	0	96	0	0	0	0	0	0	0	0	0	0	0	0	0	0	0	0	0	0	0	0	0	0	
0	0	0	0	0	0	0	0	0	0	0	500	192	0	0	0	96	0	0	0	0	0	0	0	0	0	0	0	0	0	0	0	0	0	0	0	0	0	0	0	
0	0	0	0	0	0	0	0	0	0	0	0	0	0	0	0	0	0	0	0	0	0	0	0	0	500	0	192	0	0	0	0	0	0	0	0	0	0	0	0	
0	0	0	0	0	0	192	0	0	0	0	0	0	0	0	0	0	0	0	0	0	0	0	0	0	0	0	0	0	0	0	500	48	0	0	0	0	0	0	0	
0	0	0	0	0	0	0	0	96	0	0	0	0	0	500	0	0	0	0	0	0	0	0	0	0	0	0	192	0	0	0	0	0	0	0	0	0	0	0	0	
0	0	0	500	0	0	0	0	0	0	0	0	0	0	0	0	0	0	0	0	0	0	0	0	0	0	0	0	0	0	0	0	0	0	0	0	0	48	0	0	
0	0	0	0	0	0	48	0	48	0	0	0	0	0	0	0	0	0	0	0	0	0	0	0	0	0	0	0	0	0	0	0	0	0	0	0	0	0	0	0	
0	0	0	0	0	0	0	0	0	0	0	0	0	192	0	0	0	0	0	0	0	0	0	0	0	0	0	0	0	0	192	0	0	0	0	0	0	0	0	0	
0	0	0	0	0	96	0	0	0	0	0	0	96	0	0	0	0	0	0	0	0	0	0	0	0	0	0	0	0	0	0	0	0	0	0	0	0	0	0	0	
192	0	0	0	0	0	0	0	0	0	0	0	0	0	0	0	0	0	500	0	0	0	0	0	0	0	0	0	0	0	0	0	0	0	0	0	0	0	0	0	
0	0	0	0	0	0	0	0	0	0	0	0	0	0	0	0	0	0	0	0	0	0	0	0	0	0	0	0	0	0	0	0	48	0	0	0	48	0	0	0	
0	0	0	0	0	0	0	0	0	0	0	0	0	0	0	48	0	0	192	0	192	0	0	0	0	0	0	0	0	0	0	0	0	0	0	0	0	0	0	0	
0	0	0	0	500	500	0	192	0	0	0	0	0	0	0	0	0	0	0	0	0	0	0	0	0	0	0	0	0	0	0	0	0	0	0	0	0	0	0	0	
0	0	0	0	0	0	0	0	48	0	0	0	0	0	500	0	0	0	0	0	0	0	0	0	0	0	0	0	0	0	0	0	0	0	0	0	0	0	0	0	
0	0	0	0	0	0	0	0	0	0	0	0	0	0	0	0	0	0	0	0	0	0	0	192	0	0	0	0	0	0	0	0	0	0	0	0	192	0	0	0	
0	96	0	0	0	0	0	0	0	0	0	0	0	0	0	0	0	0	0	500	0	0	0	0	0	0	0	0	0	0	0	0	0	0	0	0	0	0	0	0	
0	0	0	0	0	0	192	0	0	0	0	0	0	0	0	0	0	0	0	48	0	0	0	0	0	0	48	0	0	0	0	0	0	0	0	0	0	0	0	0	
0	500	192	0	0	0	0	0	0	0	0	0	0	0	0	0	0	0	0	0	0	0	0	0	0	0	0	0	0	0	0	0	0	0	0	0	0	0	0	0	
0	0	0	0	48	48	0	96	0	0	0	0	0	0	0	0	0	0	0	0	0	0	0	0	0	0	0	0	0	0	0	0	0	0	0	192	0	0	0	0	
0	0	0	0	0	192	0	48	0	0	0	0	0	0	0	0	0	0	0	0	0	0	0	0	0	0	0	0	0	0	0	0	0	0	192	0	0	0	0	96	
48	0	0	0	0	0	0	0	0	0	0	0	0	0	0	0	0	0	0	0	0	0	0	0	0	0	48	0	0	0	192	0	0	0	0	0	0	0	0	0	
0	0	0	0	0	0	0	0	0	0	0	0	0	0	0	0	0	0	0	0	0	48	0	0	0	0	0	0	0	0	0	0	0	0	0	0	0	0	0	48	
500	0	0	0	0	0	0	0	0	500	0	0	0	0	0	0	0	0	0	0	0	0	0	0	0	0	0	0	0	0	0	0	0	0	0	0	0	0	0	0	
0	0	0	0	0	0	0	0	0	192	0	0	0	0	0	0	0	0	0	0	0	0	0	0	0	0	0	0	0	0	0	0	0	0	0	96	0	48	0	0	
9	26	39	1	23	25	19	20	15	1	5	21	25	28	13	12	14	11	5	36	16	30	6	28	14	30	1	30	11	21	14	36	15	3	23	21	27	9	13	27	33	1	8	15	32	36	10	10	19	34	20	38	10	28	30	2	22	4	2	24	8	11	1	9	10	16	20	13	36	31	19	15	15	38	16	31	28	1	36	22	36	6	7	5	33	32	3	36	35	16	1	14	11	6	33	34	10	3	30	35	17	33	23	24	34	16	21	28	13	18	2	38	19	31	23	9	5	1	21	20	5	8	21	9	26	38	7	1	15	35	13	37	12	8	39	23	10	7	15	14	27	9	30	4	14	6	5	26	38	31	20	0	11	38	21	17	7	11	17	29	33	23	24	37	4	21	4	18	32	35	38	36	22	28	15	6	15	9	7	16	20	26	24	18	15	24	35	7	24	29	32	14	16	25	17	1	32	14	15	18	34	12	18	24	30	29	29	29	13	25	14	35	16	25	33	1	8	23	29	17	38	36	4	36	36	24	39	3	26	12	14	31	33	34	12	17	19	34	39	26	7	38	3	3	24	38	39	4	30	28	29	24	10	32	14	23	13	28	26	33	9	16	11	25	13	21	26	31	20	37	23	35	7	0	20	16	13	32	10	29	33	21	2	36	10	33	20	23	19	4	34	37	20	0	28	0	23	29	13	25	35	20	4	17	27	7	11	26	39	15	10	35	16	4	19	14	8	23	15	4	22	18	39	29	21	37	35	12	5	10	29	17	15	17	29	21	5	20	30	17	38	35	15	5	21	23	2	4	18	2	31	13	6	37	24	19	11	32	14	21	8	28	2	38	0	3	36	13	3	13	14	21	2	12	33	13	39	32	13	7	17	18	36	20	19	28	39	13	13	15	23	28	25	35	28	24	22	9	8	11	23	19	20	14	4	33	16	33	30	29	38	7	38	39	23	24	13	25	27	13	37	3	36	15	6	7	11	22	1	21	1	5	31	22	30	36	2	4	4	27	25	24	4	37	31	1	30	1	20	11	4	33	2	28	31	23	0	24	7	2	17	37	30	20	5	14	5	23	
16	26	4	28	29	9	16	24	22	4	3	27	17	15	18	32	25	17	10	22	37	20	8	25	10	16	1	30	28	0	33	11	8	10	31	27	12	26	14	5	12	30	12	28	6	35	38	31	22	21	33	18	9	18	34	34	29	14	14	37	6	24	17	14	9	11	26	20	4	28	36	34	3	17	14	7	28	15	11	23	27	10	25	15	14	16	21	13	8	38	36	28	9	9	3	10	19	28	22	13	13	39	4	33	36	37	24	35	11	12	33	0	9	9	10	21	27	16	9	16	37	31	27	28	28	10	21	24	14	31	20	0	15	11	21	1	5	11	36	0	12	11	32	18	17	0	28	20	10	17	22	28	3	1	11	21	9	13	16	22	34	3	34	27	18	16	30	1	31	25	33	5	29	26	23	13	17	25	23	4	25	10	4	17	1	27	29	24	39	33	29	30	23	32	26	0	30	22	33	19	10	32	15	36	39	2	0	9	19	2	19	13	26	5	27	15	33	23	15	19	6	14	34	30	13	30	18	21	19	21	12	29	38	0	5	20	10	36	26	22	37	21	16	7	27	0	12	38	26	4	2	15	29	4	32	39	20	13	36	20	33	21	1	17	27	33	29	21	31	22	21	35	0	32	6	26	6	29	13	22	3	33	22	4	14	2	16	34	20	37	38	27	0	22	23	38	1	27	6	22	28	25	9	34	37	28	37	22	1	10	23	31	38	32	27	3	0	2	0	37	12	6	10	12	16	9	29	27	9	7	39	1	10	29	22	18	34	26	5	3	30	25	34	2	26	8	10	26	35	11	25	25	14	24	22	5	9	36	13	18	9	27	34	13	34	35	12	27	1	16	38	1	19	0	38	37	22	32	25	18	23	21	4	23	33	11	20	16	27	16	5	10	18	32	30	10	26	9	34	29	32	32	16	32	18	9	27	25	36	34	33	35	35	0	31	5	37	7	34	19	38	29	31	34	4	30	11	31	35	32	18	0	8	0	11	24	33	3	17	38	27	37	18	14	9	11	27	29	34	20	18	16	10	35	33	28	23	21	8	30	29	9	19	12	34	2	7	17	
31	33	24	33	34	22	28	25	22	34	32	21	33	28	33	30	29	28	32	21	33	32	31	28	26	39	20	36	22	25	26	40	36	32	28	27	26	34	39	30	38	33	26	33	31	24	34	29	23	31	28	26	21	39	29	37	20	40	33	37	40	23	38	34	29	21	29	28	29	38	25	39	33	33	34	33	32	38	29	22	32	34	28	22	30	35	27	33	40	35	24	38	20	24	26	29	20	31	20	38	34	38	29	21	28	28	26	28	27	24	35	23	35	32	24	30	29	21	37	36	32	36	28	29	36	31	29	33	40	25	36	29	28	25	40	24	29	32	23	26	38	23	33	34	30	24	24	37	31	20	37	33	26	26	22	27	23	29	26	33	40	37	34	24	36	32	32	36	22	34	24	27	28	27	29	27	20	35	33	25	34	37	37	31	39	38	33	20	36	29	25	37	40	27	26	38	32	21	31	21	25	40	28	26	24	22	21	25	26	26	22	20	27	35	38	32	25	34	20	35	31	34	30	31	28	29	40	28	33	38	30	24	35	39	21	31	25	37	36	34	26	32	33	33	20	32	21	38	22	26	23	31	39	37	20	25	35	39	27	33	21	32	35	33	25	29	36	29	40	26	33	30	20	22	37	28	28	26	35	28	39	26	26	25	34	20	36	26	34	23	40	30	26	28	31	25	27	29	26	27	37	30	39	32	40	34	26	27	35	27	29	22	37	30	37	23	32	36	36	21	22	30	26	37	39	38	31	30	28	21	21	27	30	24	31	37	34	25	34	39	35	28	23	38	33	29	35	27	23	28	33	31	30	26	36	32	37	32	27	35	39	32	24	36	39	34	23	22	23	40	40	22	38	31	24	28	23	22	39	30	30	28	32	30	39	21	30	22	35	27	27	35	20	38	39	36	31	23	21	26	40	22	29	26	33	28	23	25	37	39	34	20	35	39	20	34	38	33	27	25	25	21	29	39	23	37	32	40	37	22	31	39	38	24	27	25	30	24	35	39	29	37	34	27	20	25	22	35	36	25	21	40	40	20	39	37	24	31	28	22	29	22	26	24	25	29	21	40	
34	46	28	41	21	16	48	26	39	22	38	43	15	38	41	31	24	16	16	37	49	49	29	10	11	21	14	38	10	43	44	19	30	22	21	16	19	47	31	38	42	36	33	45	45	26	25	20	10	21	10	10	18	45	36	35	41	49	19	29	44	28	18	36	22	19	37	29	17	13	16	46	40	26	13	19	26	21	48	42	14	24	17	22	36	20	11	29	38	32	33	20	28	22	28	30	45	43	40	50	21	44	17	50	45	41	48	44	45	36	16	36	41	33	19	12	26	30	25	46	35	26	45	24	24	31	14	41	18	41	12	20	37	30	48	23	23	44	15	11	33	29	50	32	41	44	13	13	43	30	26	17	35	27	36	21	29	29	33	32	11	37	22	11	13	42	14	35	37	24	24	34	47	36	15	45	42	21	20	37	18	19	12	13	12	34	11	44	34	45	48	43	36	19	37	36	29	45	15	27	50	47	25	10	18	32	34	13	34	13	47	23	31	34	13	26	12	11	33	32	35	35	32	37	44	26	38	35	15	45	11	44	37	17	24	36	32	15	45	10	24	15	33	36	31	48	18	18	17	37	18	48	47	14	48	13	22	30	21	31	28	40	20	13	42	14	32	50	32	12	46	15	16	35	17	24	32	19	17	29	23	45	46	23	50	29	12	25	44	29	18	12	39	25	11	18	49	13	49	11	22	49	25	11	33	28	29	49	21	34	47	31	21	23	47	20	41	27	37	13	31	29	48	42	23	16	34	50	29	41	31	47	47	30	14	50	39	31	16	44	39	40	25	45	16	18	28	38	11	14	19	40	30	18	46	11	33	42	35	41	30	32	39	23	18	45	19	42	15	20	19	30	41	10	45	13	13	35	19	49	38	28	48	47	24	11	25	23	35	37	46	20	15	34	41	45	44	48	20	39	41	31	26	37	41	25	41	38	35	32	19	25	23	43	31	22	25	46	22	27	41	37	13	10	15	24	16	10	42	15	46	42	16	22	26	48	12	49	25	28	37	14	47	38	42	15	40	20	30	47	36	46	16	40	18	34	28	27	43	14	42	14	47	12	27	39	17	43	
10
60
