702
40
0	0	0	0	0	0	0	0	0	0	192	0	0	0	0	0	0	192	0	0	0	0	0	0	0	0	0	0	0	0	0	0	0	0	0	0	0	0	0	0	
0	0	0	0	48	0	0	0	0	0	0	0	0	0	0	48	0	0	0	0	0	0	0	0	0	0	0	0	0	0	0	0	0	0	0	0	0	0	0	0	
0	0	0	500	0	0	0	0	0	0	0	0	0	0	0	0	0	0	0	0	96	0	0	0	0	0	0	0	0	0	0	0	0	0	0	500	96	0	0	0	
0	0	500	0	0	0	0	0	0	0	0	0	0	0	0	0	0	0	0	0	500	0	0	0	0	0	0	0	0	0	0	0	0	0	0	0	0	0	0	0	
0	48	0	0	0	0	0	0	0	0	0	0	0	96	0	0	0	0	0	0	0	0	0	0	0	0	0	0	0	0	0	0	0	0	0	0	0	0	0	0	
0	0	0	0	0	0	0	0	0	0	0	0	0	0	0	0	0	0	0	0	0	0	0	0	0	0	0	0	0	0	0	192	0	0	0	0	0	192	0	0	
0	0	0	0	0	0	0	0	0	0	0	0	0	0	0	0	0	0	0	0	0	0	0	0	0	0	0	0	0	0	0	0	0	0	0	192	0	0	48	0	
0	0	0	0	0	0	0	0	0	0	0	0	0	0	0	0	0	0	0	0	0	0	48	0	0	0	0	0	0	0	0	0	0	192	0	0	0	0	0	0	
0	0	0	0	0	0	0	0	0	0	0	0	0	0	0	0	0	0	0	0	0	0	48	0	0	0	0	0	0	0	0	0	0	0	96	0	0	0	0	0	
0	0	0	0	0	0	0	0	0	0	0	0	0	0	0	0	0	0	0	0	0	96	0	0	0	0	0	0	0	0	0	0	0	0	500	0	0	0	0	0	
192	0	0	0	0	0	0	0	0	0	0	0	192	0	0	0	0	0	0	0	0	0	0	0	0	0	0	0	0	0	0	0	0	0	0	0	0	0	0	0	
0	0	0	0	0	0	0	0	0	0	0	0	0	0	0	0	0	0	0	0	0	0	0	0	0	0	0	0	0	0	0	0	0	500	192	0	0	192	0	0	
0	0	0	0	0	0	0	0	0	0	192	0	0	0	0	0	0	0	0	0	0	0	0	0	48	0	0	0	0	0	0	0	0	0	0	0	0	0	0	0	
0	0	0	0	96	0	0	0	0	0	0	0	0	0	0	0	0	48	0	0	0	0	0	192	0	0	0	0	0	0	0	0	0	0	0	0	0	0	0	0	
0	0	0	0	0	0	0	0	0	0	0	0	0	0	0	0	48	0	0	0	0	0	0	0	0	0	0	0	0	0	0	0	0	0	0	0	500	0	0	0	
0	48	0	0	0	0	0	0	0	0	0	0	0	0	0	0	0	500	0	0	0	0	0	48	0	0	0	0	0	0	0	0	0	0	0	0	0	0	0	0	
0	0	0	0	0	0	0	0	0	0	0	0	0	0	48	0	0	0	0	0	0	0	0	0	0	0	0	0	0	0	0	0	0	0	0	0	0	0	500	0	
192	0	0	0	0	0	0	0	0	0	0	0	0	48	0	500	0	0	0	0	0	0	0	0	0	0	0	0	0	0	0	0	0	0	0	0	0	0	0	0	
0	0	0	0	0	0	0	0	0	0	0	0	0	0	0	0	0	0	0	0	0	0	0	0	0	0	0	0	0	500	0	0	96	0	0	0	0	0	0	0	
0	0	0	0	0	0	0	0	0	0	0	0	0	0	0	0	0	0	0	0	0	0	0	0	0	0	0	0	500	0	0	0	0	48	0	0	0	0	0	500	
0	0	96	500	0	0	0	0	0	0	0	0	0	0	0	0	0	0	0	0	0	0	0	0	0	0	0	0	0	0	0	0	0	0	0	0	0	0	0	0	
0	0	0	0	0	0	0	0	0	96	0	0	0	0	0	0	0	0	0	0	0	0	0	0	96	48	0	0	0	0	0	0	0	0	0	0	0	0	0	0	
0	0	0	0	0	0	0	48	48	0	0	0	0	0	0	0	0	0	0	0	0	0	0	0	0	0	0	0	0	0	0	0	0	0	0	0	0	0	0	0	
0	0	0	0	0	0	0	0	0	0	0	0	0	192	0	48	0	0	0	0	0	0	0	0	0	0	0	0	0	0	0	0	0	0	0	0	0	0	0	0	
0	0	0	0	0	0	0	0	0	0	0	0	48	0	0	0	0	0	0	0	0	96	0	0	0	0	0	0	0	0	0	0	0	0	0	0	0	0	0	0	
0	0	0	0	0	0	0	0	0	0	0	0	0	0	0	0	0	0	0	0	0	48	0	0	0	0	0	0	48	0	0	0	0	0	0	500	0	0	0	48	
0	0	0	0	0	0	0	0	0	0	0	0	0	0	0	0	0	0	0	0	0	0	0	0	0	0	0	0	0	192	96	192	0	0	0	0	0	0	0	0	
0	0	0	0	0	0	0	0	0	0	0	0	0	0	0	0	0	0	0	0	0	0	0	0	0	0	0	0	0	0	500	48	500	0	0	0	0	0	0	96	
0	0	0	0	0	0	0	0	0	0	0	0	0	0	0	0	0	0	0	500	0	0	0	0	0	48	0	0	0	0	0	0	0	0	0	0	0	0	0	0	
0	0	0	0	0	0	0	0	0	0	0	0	0	0	0	0	0	0	500	0	0	0	0	0	0	0	192	0	0	0	0	0	0	0	0	0	0	0	0	0	
0	0	0	0	0	0	0	0	0	0	0	0	0	0	0	0	0	0	0	0	0	0	0	0	0	0	96	500	0	0	0	0	0	0	0	0	0	0	0	0	
0	0	0	0	0	192	0	0	0	0	0	0	0	0	0	0	0	0	0	0	0	0	0	0	0	0	192	48	0	0	0	0	0	0	0	0	0	0	0	0	
0	0	0	0	0	0	0	0	0	0	0	0	0	0	0	0	0	0	96	0	0	0	0	0	0	0	0	500	0	0	0	0	0	0	0	0	0	0	0	0	
0	0	0	0	0	0	0	192	0	0	0	500	0	0	0	0	0	0	0	48	0	0	0	0	0	0	0	0	0	0	0	0	0	0	0	0	0	0	0	0	
0	0	0	0	0	0	0	0	96	500	0	192	0	0	0	0	0	0	0	0	0	0	0	0	0	0	0	0	0	0	0	0	0	0	0	0	0	0	0	0	
0	0	500	0	0	0	192	0	0	0	0	0	0	0	0	0	0	0	0	0	0	0	0	0	0	500	0	0	0	0	0	0	0	0	0	0	0	0	0	0	
0	0	96	0	0	0	0	0	0	0	0	0	0	0	500	0	0	0	0	0	0	0	0	0	0	0	0	0	0	0	0	0	0	0	0	0	0	0	0	0	
0	0	0	0	0	192	0	0	0	0	0	192	0	0	0	0	0	0	0	0	0	0	0	0	0	0	0	0	0	0	0	0	0	0	0	0	0	0	0	0	
0	0	0	0	0	0	48	0	0	0	0	0	0	0	0	0	500	0	0	0	0	0	0	0	0	0	0	0	0	0	0	0	0	0	0	0	0	0	0	0	
0	0	0	0	0	0	0	0	0	0	0	0	0	0	0	0	0	0	0	500	0	0	0	0	0	48	0	96	0	0	0	0	0	0	0	0	0	0	0	0	
27	37	4	8	22	0	3	7	20	19	26	5	9	18	8	21	26	27	0	22	37	18	24	11	38	21	37	11	26	25	36	1	6	2	33	36	24	5	26	31	36	32	4	25	31	0	36	38	14	17	38	2	31	0	0	20	30	19	15	8	8	23	32	34	18	8	23	9	34	19	11	1	4	14	39	22	5	22	32	15	19	15	13	16	26	7	9	14	7	34	2	21	39	14	37	36	32	15	15	39	30	35	28	11	22	22	18	29	29	6	38	10	17	23	5	31	22	39	19	24	25	26	14	36	15	22	3	31	30	39	39	38	26	11	7	14	24	6	39	20	14	38	5	13	32	39	6	38	19	23	22	36	12	3	20	20	25	31	11	3	29	32	9	22	24	12	10	26	36	15	37	21	0	7	13	2	23	33	16	31	33	1	10	1	32	5	10	21	11	33	11	16	38	10	35	16	14	22	39	32	16	18	27	30	2	34	13	39	16	12	18	25	32	20	15	7	13	7	17	7	14	36	4	14	31	5	38	10	37	17	4	22	22	13	11	8	38	37	39	6	26	15	14	11	8	39	37	6	3	35	25	2	26	0	14	21	17	33	19	13	38	38	19	21	37	2	19	4	3	34	2	21	13	4	35	39	0	28	28	21	26	32	10	38	7	13	10	21	21	14	0	33	31	3	2	6	28	39	21	24	24	23	14	6	9	33	1	36	26	34	20	38	18	38	28	19	14	3	14	39	17	29	14	38	18	9	27	7	5	5	32	14	7	6	2	23	14	16	24	1	21	9	13	8	19	5	39	9	29	9	19	25	14	4	22	12	29	16	36	1	30	21	19	12	39	29	32	18	11	8	8	24	1	8	31	27	22	29	4	24	21	1	25	28	21	28	22	28	26	25	7	29	1	13	8	28	15	14	23	6	10	0	9	32	22	1	2	39	33	30	33	24	6	18	33	8	28	13	0	20	31	34	34	17	4	30	38	12	25	15	39	26	34	10	3	8	12	11	30	27	21	23	31	17	0	28	25	29	36	23	2	21	14	20	39	38	17	33	20	37	20	26	8	8	3	36	22	26	35	22	35	25	10	34	6	34	12	31	2	19	30	2	5	15	29	23	20	28	7	20	36	32	32	13	33	22	21	0	1	29	19	33	9	8	8	38	30	21	16	35	37	18	8	14	18	18	21	12	3	28	5	0	29	27	12	18	28	14	24	29	30	0	12	6	24	0	31	3	15	1	29	0	0	10	3	3	23	30	31	17	34	12	13	22	6	8	10	15	0	6	19	10	4	37	38	20	0	33	15	1	25	38	27	14	20	11	16	33	30	20	1	23	11	5	5	4	33	37	33	38	21	24	32	17	27	19	33	10	1	10	8	8	36	4	26	5	33	13	29	17	21	18	21	14	28	24	39	35	28	27	32	21	26	10	22	32	19	33	5	18	35	29	34	23	25	27	3	5	0	32	19	33	29	9	25	6	23	27	2	4	17	27	1	6	33	30	13	1	4	33	10	3	14	1	21	16	30	27	36	38	39	20	27	18	23	17	31	0	34	39	5	21	7	35	11	31	25	26	21	27	22	2	24	21	2	30	25	26	12	20	38	8	
10	17	1	26	13	32	17	13	17	33	23	22	39	20	3	38	17	35	16	6	6	14	5	6	25	38	36	17	26	5	29	6	26	12	10	24	3	26	4	6	28	19	12	3	8	30	2	6	15	20	0	26	10	6	7	14	27	31	39	28	17	21	2	29	7	11	1	10	29	26	37	20	37	10	38	5	30	36	30	28	11	2	30	19	4	12	22	2	18	20	24	12	6	10	37	33	25	32	21	18	13	6	10	32	34	38	5	35	1	32	7	30	11	37	0	25	10	23	26	36	37	38	13	10	31	4	4	26	0	26	14	30	34	15	37	0	12	7	33	31	17	8	4	29	9	5	39	12	29	31	3	27	6	30	24	28	14	19	0	8	12	16	20	0	3	30	28	21	19	13	34	24	6	22	39	26	35	3	12	20	21	20	9	30	28	18	32	35	25	15	33	3	13	4	39	22	2	33	25	7	8	23	24	38	8	24	39	27	11	21	21	25	18	6	12	7	39	36	12	39	17	17	39	35	11	37	22	18	30	17	34	14	17	7	11	24	7	8	19	1	15	12	27	27	20	28	4	5	22	26	22	1	39	7	11	7	22	26	11	2	38	7	25	10	39	36	20	0	10	29	13	37	9	32	23	2	27	32	25	39	19	14	4	15	1	10	27	1	23	13	5	16	20	25	28	3	27	22	25	5	11	38	28	13	15	33	15	22	32	1	27	31	29	38	8	2	17	18	32	24	4	5	36	26	31	32	12	34	27	29	3	7	17	29	32	19	3	39	28	31	25	7	26	27	4	28	9	18	5	15	10	4	38	1	24	2	6	37	34	37	0	9	2	21	4	24	16	29	3	3	31	29	15	26	22	29	16	22	30	16	7	25	2	29	13	27	33	30	35	38	36	5	2	18	14	1	28	9	30	4	17	19	6	16	26	17	7	12	0	5	9	18	21	8	38	19	25	26	7	32	29	20	36	2	10	8	15	10	33	6	9	33	4	16	10	8	34	38	37	23	14	34	32	17	32	12	7	30	10	30	33	22	27	16	0	28	14	3	5	0	27	9	17	2	27	2	12	5	15	0	7	24	25	35	13	29	9	37	13	22	0	14	17	2	23	0	34	3	15	35	16	18	34	0	21	0	16	9	2	23	18	15	7	22	25	26	31	23	22	27	32	3	27	20	6	26	24	5	32	23	38	16	24	10	22	21	7	36	9	22	29	22	1	19	20	24	14	21	37	29	33	14	33	20	19	23	24	8	13	15	12	16	9	2	5	39	23	31	30	20	32	39	30	10	29	12	30	8	31	30	1	32	32	14	38	3	0	22	39	10	32	31	28	23	9	17	7	9	29	5	25	26	3	29	19	27	30	1	37	4	30	19	17	0	20	19	24	39	10	27	3	26	8	19	18	10	22	21	15	31	7	33	2	36	12	32	21	17	4	36	33	22	2	30	31	6	38	13	7	16	9	5	35	30	4	12	36	34	17	30	3	11	31	25	32	27	1	32	13	12	15	12	26	5	35	5	18	16	36	28	4	14	29	3	9	24	22	11	28	7	24	4	36	20	20	7	3	16	20	22	1	20	24	33	0	16	0	1	25	15	16	8	
32	39	38	36	26	26	20	37	37	36	26	23	22	36	21	26	27	38	24	32	21	26	22	39	29	24	38	27	40	37	23	23	35	30	37	39	36	32	33	26	25	31	38	35	25	40	27	22	26	35	34	21	30	21	23	25	21	32	24	39	36	26	23	36	33	28	29	20	36	29	35	38	36	33	28	33	37	30	22	28	35	25	33	20	25	35	32	27	23	21	34	24	39	34	32	38	29	23	25	35	31	37	37	30	28	30	23	29	26	37	34	22	22	22	38	21	34	28	20	24	21	28	23	33	28	35	35	22	31	39	31	20	25	36	24	25	26	26	35	30	32	37	38	27	36	33	36	37	38	40	33	29	25	35	23	22	27	22	21	23	26	30	24	31	31	38	28	40	23	39	39	22	25	32	25	21	24	21	28	34	39	24	21	34	29	32	39	26	30	37	27	34	30	26	36	33	32	23	34	22	20	21	34	33	27	27	22	38	35	38	30	25	23	38	22	26	40	35	21	24	32	21	26	40	25	39	31	24	20	24	24	24	26	32	31	21	37	23	28	36	28	23	22	23	21	38	23	40	35	34	37	29	25	32	40	26	29	23	20	27	33	29	33	27	28	34	23	32	30	33	31	36	28	24	20	28	27	26	34	32	32	40	34	21	20	26	22	35	20	29	22	40	37	21	38	30	35	36	34	26	36	22	30	29	20	40	25	27	35	21	31	24	21	27	33	27	24	35	27	39	32	40	22	22	33	38	21	24	35	21	37	31	27	37	24	38	35	34	23	25	39	38	27	29	30	32	31	32	40	31	26	28	31	31	30	21	37	34	30	32	34	27	25	38	34	24	38	20	38	40	26	30	28	33	34	39	27	32	33	36	26	33	37	40	28	31	38	22	37	26	21	31	36	38	21	28	21	38	21	30	31	28	38	26	22	21	23	20	27	38	23	39	32	31	24	31	36	33	38	40	33	31	26	36	34	32	28	26	21	36	27	26	37	20	30	20	39	29	24	27	37	29	27	21	26	20	32	28	29	32	20	31	34	32	39	25	29	22	23	27	40	31	26	29	20	23	27	35	23	22	24	39	25	40	29	35	37	25	24	32	23	37	24	39	27	25	40	39	25	25	26	35	30	20	30	30	21	34	21	33	39	27	40	35	27	28	34	40	23	34	21	36	26	31	40	33	29	40	28	30	27	29	20	31	21	31	30	31	30	29	29	22	39	38	22	28	25	36	39	28	29	21	20	38	26	31	32	23	40	26	38	38	39	25	38	35	30	27	30	31	23	31	37	23	38	32	30	31	24	35	36	28	20	21	32	31	36	33	32	33	27	26	23	23	20	35	36	25	29	25	29	22	36	30	28	20	25	24	27	40	35	23	30	33	27	21	21	24	33	33	25	23	32	31	39	25	39	30	33	37	32	22	38	33	21	36	35	29	28	20	34	29	23	24	39	33	24	38	26	20	38	35	30	33	38	37	34	30	24	25	27	36	22	33	22	27	35	30	21	26	20	35	31	28	32	20	26	37	24	25	39	28	30	27	37	23	37	32	27	24	31	30	38	40	21	21	32	24	38	25	32	27	32	38	34	37	22	35	25	29	30	30	
11	30	30	28	37	13	38	32	40	24	47	38	14	39	35	48	33	49	45	22	29	17	21	41	39	39	23	43	38	47	36	11	32	42	44	50	45	37	49	27	36	10	50	20	14	19	23	39	33	17	41	21	13	29	23	32	31	29	33	14	11	25	11	13	29	25	23	25	25	48	25	45	28	29	32	17	37	20	41	49	46	25	41	42	40	40	45	41	17	10	19	12	21	26	29	29	14	25	34	22	28	50	43	16	11	15	37	19	38	46	26	27	12	26	22	47	31	34	43	47	39	36	18	14	48	12	38	47	31	38	33	22	18	38	10	19	36	15	13	27	37	43	24	32	17	26	20	22	39	17	43	10	38	11	26	41	46	12	32	37	10	34	30	44	15	25	26	16	43	40	27	38	37	22	13	45	30	28	24	29	35	32	33	20	48	30	21	32	34	29	23	19	36	41	39	25	21	29	14	34	35	37	26	22	49	20	21	43	24	18	29	47	22	34	42	28	16	38	40	46	25	25	24	22	48	23	30	19	41	22	34	12	15	49	39	40	46	32	12	39	41	41	45	14	12	19	14	22	20	39	29	32	22	38	44	48	48	23	38	21	21	48	41	43	36	32	19	30	30	21	37	19	44	18	44	23	26	39	37	30	30	37	15	31	29	21	40	21	50	37	10	35	30	13	21	43	37	30	28	11	22	32	10	46	23	37	38	30	17	41	49	24	16	18	28	41	33	27	47	16	24	19	24	48	14	43	36	12	22	37	28	46	16	11	50	15	11	42	31	37	38	18	26	32	33	45	31	33	20	44	45	21	14	15	26	38	10	19	17	21	33	27	49	31	41	10	13	21	30	37	41	32	28	35	24	15	42	22	34	16	21	34	28	24	32	18	45	18	37	18	15	40	42	16	17	27	43	16	25	50	34	26	16	27	22	26	13	10	22	26	42	29	37	41	26	36	49	42	25	15	27	44	17	16	29	19	30	13	10	42	24	42	42	44	42	17	50	37	28	30	10	20	33	34	31	21	25	36	36	33	45	10	13	10	28	11	29	38	23	50	27	33	38	47	27	15	46	46	15	41	16	12	26	40	35	26	15	18	20	12	37	25	42	22	18	43	25	34	22	20	26	35	23	43	13	14	22	47	35	20	29	13	15	16	40	17	12	49	11	17	32	48	23	32	21	29	43	15	47	42	11	17	24	28	44	18	36	34	17	39	36	32	45	18	42	23	48	20	24	19	11	33	23	50	47	50	34	44	29	44	39	28	50	17	23	10	19	10	35	24	48	50	27	29	43	40	12	11	28	10	17	18	28	19	14	47	29	40	43	44	50	20	20	40	17	31	34	41	42	47	15	16	11	19	12	31	26	44	36	50	35	33	28	35	42	10	31	50	24	30	36	28	15	11	36	28	16	47	10	50	33	19	45	18	34	48	44	17	15	23	26	18	39	34	35	18	16	12	31	38	11	24	32	38	30	21	23	40	18	27	31	34	15	35	21	30	45	26	45	39	45	23	11	37	33	26	43	49	42	28	32	31	25	27	36	20	45	13	20	37	17	15	41	36	31	27	21	32	48	21	42	45	46	40	11	35	40	45	30	27	42	43	
15
90
