546
40
0	0	0	0	0	0	0	0	0	0	0	0	0	0	0	0	0	0	0	0	0	0	0	48	0	0	0	0	0	0	192	0	0	0	0	0	0	0	0	0	
0	0	48	0	0	0	0	0	0	0	0	0	0	0	0	0	0	0	192	0	0	0	0	0	0	0	0	0	0	0	0	0	0	0	0	0	0	0	0	0	
0	48	0	0	0	0	0	0	0	0	0	0	0	0	0	0	0	500	48	0	0	0	0	0	0	0	0	0	0	0	0	0	0	0	0	0	0	0	0	0	
0	0	0	0	48	0	192	0	0	0	0	0	0	0	0	0	0	0	0	0	0	0	0	0	0	0	0	0	0	0	0	0	0	0	0	0	0	0	0	0	
0	0	0	48	0	0	96	0	0	0	0	0	0	0	0	0	0	0	0	0	0	0	0	0	0	0	0	0	0	0	0	0	0	0	0	0	0	0	0	0	
0	0	0	0	0	0	0	0	0	0	0	0	0	0	0	0	0	0	0	48	0	0	0	0	0	0	0	0	0	96	0	0	0	0	0	0	0	0	0	0	
0	0	0	192	96	0	0	0	0	0	0	0	0	0	0	0	0	0	0	0	0	0	0	0	0	0	0	0	0	0	0	0	0	0	500	0	0	0	0	0	
0	0	0	0	0	0	0	0	500	0	0	0	0	96	0	0	0	0	0	0	192	0	500	0	0	0	0	0	0	0	0	0	0	0	0	0	0	0	0	0	
0	0	0	0	0	0	0	500	0	0	0	0	0	96	0	0	0	0	0	0	0	0	500	0	0	0	0	0	0	0	0	0	0	0	0	0	0	0	0	0	
0	0	0	0	0	0	0	0	0	0	0	0	0	0	0	500	0	192	0	0	0	0	0	0	0	0	192	0	0	0	0	0	0	0	0	0	0	0	0	0	
0	0	0	0	0	0	0	0	0	0	0	0	0	0	0	0	0	48	0	0	0	0	0	0	0	0	0	0	48	0	0	500	0	0	0	0	0	0	0	0	
0	0	0	0	0	0	0	0	0	0	0	0	0	0	0	0	0	0	0	0	0	0	0	0	0	0	0	0	0	0	0	0	0	0	0	0	192	0	500	96	
0	0	0	0	0	0	0	0	0	0	0	0	0	0	96	0	0	0	0	0	0	48	0	0	0	0	0	0	0	0	0	0	0	0	0	0	0	0	0	0	
0	0	0	0	0	0	0	96	96	0	0	0	0	0	0	0	0	0	0	0	48	0	0	0	0	0	0	0	0	0	0	0	0	0	0	0	0	0	0	0	
0	0	0	0	0	0	0	0	0	0	0	0	96	0	0	0	0	0	0	0	0	0	0	0	0	0	0	192	0	0	0	500	0	0	0	0	0	0	0	0	
0	0	0	0	0	0	0	0	0	500	0	0	0	0	0	0	0	500	0	0	0	0	0	0	0	0	0	0	0	0	0	0	0	0	0	0	0	0	0	0	
0	0	0	0	0	0	0	0	0	0	0	0	0	0	0	0	0	0	0	0	0	0	0	0	48	0	0	0	0	0	0	0	0	0	0	500	0	0	0	0	
0	0	500	0	0	0	0	0	0	192	48	0	0	0	0	500	0	0	0	0	0	0	0	0	0	0	0	0	0	0	0	0	0	0	0	0	0	0	0	0	
0	192	48	0	0	0	0	0	0	0	0	0	0	0	0	0	0	0	0	0	0	0	0	0	0	0	0	0	0	0	0	0	0	0	0	0	0	0	0	0	
0	0	0	0	0	48	0	0	0	0	0	0	0	0	0	0	0	0	0	0	0	0	0	0	0	192	0	0	0	500	0	0	0	0	0	0	0	0	0	0	
0	0	0	0	0	0	0	192	0	0	0	0	0	48	0	0	0	0	0	0	0	0	0	0	0	0	0	96	0	0	0	0	0	0	0	0	192	192	0	0	
0	0	0	0	0	0	0	0	0	0	0	0	48	0	0	0	0	0	0	0	0	0	0	0	0	0	0	0	0	500	48	0	0	0	0	0	0	0	0	0	
0	0	0	0	0	0	0	500	500	0	0	0	0	0	0	0	0	0	0	0	0	0	0	0	0	0	0	0	0	0	0	0	0	0	0	0	0	0	0	0	
48	0	0	0	0	0	0	0	0	0	0	0	0	0	0	0	0	0	0	0	0	0	0	0	0	0	0	0	48	0	0	0	0	0	0	0	0	0	0	0	
0	0	0	0	0	0	0	0	0	0	0	0	0	0	0	0	48	0	0	0	0	0	0	0	0	0	0	0	0	0	0	0	500	48	0	48	0	0	0	0	
0	0	0	0	0	0	0	0	0	0	0	0	0	0	0	0	0	0	0	192	0	0	0	0	0	0	0	0	0	0	0	0	0	48	0	0	0	0	0	0	
0	0	0	0	0	0	0	0	0	192	0	0	0	0	0	0	0	0	0	0	0	0	0	0	0	0	0	0	0	0	0	0	0	0	0	0	0	48	0	0	
0	0	0	0	0	0	0	0	0	0	0	0	0	0	192	0	0	0	0	0	96	0	0	0	0	0	0	0	0	0	0	0	0	0	0	0	0	0	0	0	
0	0	0	0	0	0	0	0	0	0	48	0	0	0	0	0	0	0	0	0	0	0	0	48	0	0	0	0	0	0	0	0	0	0	0	0	0	0	0	0	
0	0	0	0	0	96	0	0	0	0	0	0	0	0	0	0	0	0	0	500	0	500	0	0	0	0	0	0	0	0	0	0	48	0	0	0	0	0	0	0	
192	0	0	0	0	0	0	0	0	0	0	0	0	0	0	0	0	0	0	0	0	48	0	0	0	0	0	0	0	0	0	0	0	0	0	0	0	0	0	0	
0	0	0	0	0	0	0	0	0	0	500	0	0	0	500	0	0	0	0	0	0	0	0	0	0	0	0	0	0	0	0	0	0	0	0	0	0	0	0	0	
0	0	0	0	0	0	0	0	0	0	0	0	0	0	0	0	0	0	0	0	0	0	0	0	500	0	0	0	0	48	0	0	0	0	0	0	192	0	0	500	
0	0	0	0	0	0	0	0	0	0	0	0	0	0	0	0	0	0	0	0	0	0	0	0	48	48	0	0	0	0	0	0	0	0	0	0	0	0	0	0	
0	0	0	0	0	0	500	0	0	0	0	0	0	0	0	0	0	0	0	0	0	0	0	0	0	0	0	0	0	0	0	0	0	0	0	0	0	96	48	0	
0	0	0	0	0	0	0	0	0	0	0	0	0	0	0	0	500	0	0	0	0	0	0	0	48	0	0	0	0	0	0	0	0	0	0	0	0	0	0	0	
0	0	0	0	0	0	0	0	0	0	0	192	0	0	0	0	0	0	0	0	192	0	0	0	0	0	0	0	0	0	0	0	192	0	0	0	0	0	0	0	
0	0	0	0	0	0	0	0	0	0	0	0	0	0	0	0	0	0	0	0	192	0	0	0	0	0	48	0	0	0	0	0	0	0	96	0	0	0	500	0	
0	0	0	0	0	0	0	0	0	0	0	500	0	0	0	0	0	0	0	0	0	0	0	0	0	0	0	0	0	0	0	0	0	0	48	0	0	500	0	0	
0	0	0	0	0	0	0	0	0	0	0	96	0	0	0	0	0	0	0	0	0	0	0	0	0	0	0	0	0	0	0	0	500	0	0	0	0	0	0	0	
18	29	36	23	16	15	7	24	6	11	9	35	20	31	32	27	37	23	26	7	14	10	26	11	13	19	31	29	6	16	20	17	23	38	8	36	4	25	14	11	3	8	21	3	32	38	24	18	33	25	30	28	11	37	34	39	26	33	11	30	27	0	12	0	12	8	28	1	34	21	39	7	9	38	1	29	30	22	33	26	7	11	3	11	25	9	35	27	8	31	32	1	17	8	30	33	11	10	1	24	32	2	24	4	31	21	23	0	21	23	11	35	6	38	33	10	0	39	13	32	7	30	6	4	17	18	16	2	10	38	24	24	8	8	3	33	31	28	22	4	5	33	6	6	30	34	23	2	8	5	0	31	23	31	29	17	1	36	3	13	34	10	7	32	8	15	30	8	7	21	29	25	29	36	9	1	15	23	7	35	17	28	4	38	24	32	5	14	2	16	16	33	12	32	8	10	26	38	27	24	17	15	22	31	23	0	14	37	33	5	8	21	35	5	25	22	18	18	15	37	36	20	37	29	30	23	25	13	28	15	0	1	20	26	32	6	26	37	36	2	19	20	10	33	30	30	0	0	5	38	17	36	16	18	3	35	17	22	28	25	32	33	15	35	7	38	34	30	38	11	19	32	7	13	37	21	26	0	31	34	33	34	20	20	36	0	26	9	14	23	7	5	28	4	30	30	4	3	22	7	34	10	26	23	4	22	25	34	15	35	31	5	15	0	32	38	9	32	11	9	19	9	27	27	25	31	23	1	1	9	11	33	8	18	11	31	18	0	14	0	13	24	16	18	5	22	37	24	39	32	20	9	1	27	33	10	32	4	9	30	8	32	0	36	15	35	29	24	17	19	20	23	12	21	10	7	12	37	35	4	30	2	38	27	9	23	7	17	39	26	19	20	32	39	39	32	6	13	32	18	33	39	19	32	36	27	5	21	28	22	35	24	31	12	10	38	1	36	23	18	32	17	7	27	32	16	39	37	31	24	36	37	2	12	11	9	21	34	25	29	29	31	27	22	16	8	38	17	26	17	7	20	1	8	19	19	10	2	23	27	25	36	32	1	3	10	12	35	39	11	6	21	15	26	36	4	26	36	27	6	5	0	32	14	28	1	17	19	13	37	9	10	12	25	6	14	6	34	6	14	33	12	20	38	26	37	6	36	13	10	1	35	24	31	11	2	7	19	7	37	16	25	36	10	15	31	13	12	2	34	16	34	29	6	3	25	30	33	1	4	2	32	33	34	4	8	
16	28	29	12	1	21	23	21	6	38	9	19	8	23	20	14	22	34	9	8	4	0	1	16	25	18	21	17	38	0	22	35	5	28	37	31	14	31	19	15	2	25	32	26	11	28	39	19	10	1	24	18	31	24	3	24	19	4	3	7	16	11	39	30	30	17	34	32	7	5	3	29	12	9	28	31	20	30	7	29	18	36	3	34	23	38	18	37	19	18	21	10	23	36	5	31	21	19	27	30	14	17	8	17	26	39	5	24	26	29	19	36	0	21	35	22	28	16	38	32	24	30	5	25	20	17	16	28	17	2	18	17	17	34	11	9	29	25	3	6	37	25	29	8	10	19	16	15	14	7	7	31	1	15	25	38	13	20	0	30	2	30	22	25	10	0	10	15	5	8	22	9	13	2	19	8	10	5	35	6	37	27	21	35	0	37	27	16	19	3	38	22	8	31	39	14	8	10	22	17	26	21	6	33	17	16	31	6	14	37	2	1	1	28	7	36	28	24	1	38	31	32	24	2	11	30	36	24	10	2	8	25	4	30	35	30	35	3	24	33	16	17	22	34	26	11	15	2	36	8	13	10	23	1	31	11	11	1	23	7	34	23	14	22	28	12	29	9	18	27	13	9	6	35	7	15	8	38	4	37	18	28	5	18	36	16	3	9	24	1	39	3	38	24	10	23	24	32	4	0	30	16	8	5	1	26	14	34	11	14	30	29	37	38	11	8	15	3	12	21	2	6	28	4	32	15	2	6	9	16	0	28	15	26	0	23	34	13	9	33	27	19	13	10	4	5	13	35	22	20	2	21	9	32	21	17	22	11	39	17	7	37	25	29	5	1	12	14	7	14	33	21	9	14	1	20	17	25	37	2	2	9	37	26	29	23	28	28	18	28	2	18	10	16	15	27	31	29	6	18	2	3	22	31	19	29	2	11	27	34	1	23	36	28	29	13	22	27	24	36	18	9	25	39	11	15	2	30	31	14	28	3	25	38	9	13	34	17	24	23	26	16	27	25	10	11	3	4	4	20	9	9	8	12	29	2	24	12	10	22	28	12	8	24	38	14	16	9	14	34	34	8	37	19	17	39	5	16	21	0	39	34	22	3	11	4	23	9	2	21	31	12	22	7	25	11	23	26	4	25	23	8	34	6	6	34	5	27	6	9	4	1	7	29	9	34	10	16	13	38	17	27	33	30	37	39	14	3	5	20	13	6	5	12	39	17	36	23	37	28	35	24	0	0	4	22	
32	22	20	21	27	26	22	32	29	36	39	24	36	34	29	26	26	39	37	25	31	24	26	29	23	24	23	38	32	22	36	32	22	28	26	32	30	38	39	40	30	22	37	21	25	28	24	35	31	28	20	27	37	26	29	25	27	33	33	23	28	34	31	32	21	20	23	22	22	27	38	20	34	24	22	29	27	23	33	28	39	39	32	26	23	32	40	29	29	33	33	30	21	33	33	26	38	38	23	40	33	31	32	24	39	34	28	34	39	32	27	21	24	22	37	37	21	24	34	36	33	22	38	38	23	30	27	20	36	30	20	24	26	28	34	38	26	35	21	38	30	39	23	24	34	32	28	34	32	36	27	26	22	40	38	30	22	31	36	39	38	36	21	20	37	38	31	22	26	40	35	35	36	40	24	31	35	37	40	30	30	31	36	36	39	22	35	24	35	34	30	33	25	21	39	21	34	28	27	33	23	32	20	27	34	30	31	28	30	29	23	36	29	35	25	24	32	29	27	40	37	29	29	27	30	36	31	21	29	34	32	38	32	36	39	29	39	31	36	38	38	34	27	38	24	25	21	22	33	30	36	20	32	22	27	35	20	25	20	34	40	26	37	38	30	25	37	35	36	22	26	29	33	28	37	39	24	20	38	22	24	31	34	31	37	32	30	29	20	33	31	30	24	34	21	21	32	29	32	34	40	28	22	29	39	24	30	39	25	38	35	40	22	29	40	23	40	20	24	34	26	32	37	36	23	36	26	23	22	27	40	33	36	20	21	33	25	27	36	25	30	21	23	37	23	37	27	21	32	21	37	30	27	26	24	20	39	39	23	25	31	36	32	34	24	37	26	28	28	26	26	28	37	32	24	26	36	31	22	38	22	25	26	31	33	40	25	22	40	39	32	21	40	35	29	39	28	21	34	22	38	29	35	35	20	32	39	32	39	38	32	28	27	38	40	33	20	31	35	20	28	27	26	26	26	33	23	26	33	40	32	38	37	25	40	25	25	40	37	26	25	27	21	33	30	21	22	28	39	39	24	20	36	22	33	33	25	38	27	34	33	22	20	28	28	33	21	22	39	32	27	24	35	38	33	36	40	22	29	28	31	20	20	37	40	23	24	33	34	25	28	36	26	35	33	36	35	29	20	33	26	29	36	29	28	27	29	21	27	26	38	39	26	27	30	38	26	34	33	32	29	27	26	26	40	28	40	35	35	34	21	27	36	36	28	20	28	34	40	34	21	28	30	20	37	38	
41	17	30	26	17	48	30	41	50	23	20	15	40	45	12	24	15	34	44	34	38	21	11	27	21	10	38	27	17	41	35	41	20	24	10	35	32	40	14	36	43	44	47	49	24	29	11	19	15	13	48	31	20	40	26	17	16	18	35	30	42	39	23	24	25	40	35	15	40	42	16	49	48	48	34	40	50	22	49	12	19	39	25	29	30	23	11	32	40	39	11	20	21	10	42	11	12	50	10	27	27	32	22	43	19	12	10	32	24	44	22	37	31	17	46	41	30	27	27	42	48	28	49	43	40	32	40	46	33	11	39	24	15	47	36	49	32	16	27	14	48	48	41	35	46	25	38	27	14	28	44	11	45	45	25	18	21	10	19	18	44	31	50	35	23	42	12	18	11	46	24	12	28	31	43	17	27	32	31	50	29	24	50	41	24	37	31	18	41	13	18	12	29	16	22	15	30	36	36	37	41	48	19	47	48	45	50	35	19	11	37	22	37	32	15	44	31	48	45	27	13	36	37	40	12	45	25	16	14	26	21	11	35	49	33	17	22	11	31	44	49	22	33	47	23	41	50	41	21	48	48	33	32	18	33	33	50	12	20	18	29	38	21	17	38	47	13	30	37	40	47	23	48	11	49	12	43	23	43	44	37	42	17	41	42	45	49	42	35	38	13	14	29	19	45	36	35	37	43	34	45	47	44	15	11	15	47	44	50	19	23	15	34	49	15	11	49	45	42	30	42	26	37	27	18	47	10	19	41	28	29	32	43	40	35	43	15	12	31	23	38	36	42	39	16	34	20	39	47	23	12	50	36	15	50	18	33	18	39	39	50	27	41	27	42	25	48	17	23	39	37	12	13	18	47	23	20	46	10	21	49	47	39	32	11	22	21	40	35	19	49	38	25	11	40	40	39	22	11	10	30	10	19	21	19	36	49	34	48	50	48	35	32	15	43	29	43	45	11	23	11	19	40	47	34	26	23	33	27	34	37	47	40	17	30	45	41	34	27	19	14	24	38	18	18	45	12	44	15	28	49	10	15	23	11	29	48	40	34	18	43	40	13	34	16	33	50	33	44	42	10	24	46	37	25	16	34	10	17	40	11	10	23	15	42	50	44	35	14	19	27	39	19	28	50	17	26	36	15	50	31	23	18	10	46	13	37	39	43	11	17	45	28	49	35	49	14	23	47	29	26	31	46	35	21	33	35	39	33	45	37	13	46	27	12	39	37	10	11	19	49	12	42	13	27	10	
0.5
70
