546
40
0	0	0	0	0	0	0	0	0	0	0	0	0	0	0	0	0	0	0	0	0	500	192	0	0	0	0	0	0	0	0	0	0	0	0	0	0	0	0	0	
0	0	0	0	0	0	0	0	0	0	0	0	0	0	0	0	0	500	0	0	0	0	0	0	0	0	0	0	0	0	0	48	0	0	0	0	0	0	0	0	
0	0	0	0	0	0	0	0	0	96	0	0	0	0	0	96	0	0	0	0	0	0	0	0	0	0	0	192	0	0	0	0	0	0	0	0	0	0	0	0	
0	0	0	0	0	0	0	0	0	0	0	0	0	500	0	0	96	0	96	0	96	0	0	0	0	0	0	0	0	0	0	0	0	0	0	0	0	0	0	0	
0	0	0	0	0	0	0	500	0	0	0	0	0	0	0	0	0	0	0	0	0	0	0	0	0	500	0	0	0	0	0	0	0	0	0	0	0	0	0	0	
0	0	0	0	0	0	192	0	0	0	0	0	0	0	0	0	0	0	0	0	0	0	0	0	0	0	0	0	0	0	0	0	0	0	0	0	0	0	192	0	
0	0	0	0	0	192	0	0	0	0	0	0	0	0	192	0	0	0	0	0	0	0	0	0	0	0	0	0	0	0	0	0	0	0	0	0	0	0	0	0	
0	0	0	0	500	0	0	0	0	0	0	0	0	0	0	0	0	0	0	0	0	0	0	0	0	0	0	0	0	0	0	0	0	0	500	0	0	0	0	0	
0	0	0	0	0	0	0	0	0	0	0	0	500	0	0	0	0	0	0	0	0	0	0	48	0	0	0	0	0	0	0	0	0	0	0	0	0	0	0	0	
0	0	96	0	0	0	0	0	0	0	0	0	0	0	0	0	0	0	0	0	0	0	0	0	0	0	0	48	0	0	0	0	0	0	0	0	0	0	0	0	
0	0	0	0	0	0	0	0	0	0	0	48	0	0	0	0	0	0	0	96	0	0	0	0	0	0	0	0	0	0	0	0	0	0	0	0	0	0	0	0	
0	0	0	0	0	0	0	0	0	0	48	0	0	0	0	0	0	0	0	0	0	0	0	0	0	0	0	0	0	0	0	192	0	0	0	0	0	0	0	0	
0	0	0	0	0	0	0	0	500	0	0	0	0	0	0	0	0	0	0	0	0	0	0	500	0	0	0	0	0	0	0	0	0	0	0	48	0	0	48	0	
0	0	0	500	0	0	0	0	0	0	0	0	0	0	0	0	0	0	0	0	0	0	0	0	0	0	0	0	0	0	0	0	0	0	0	0	0	192	0	0	
0	0	0	0	0	0	192	0	0	0	0	0	0	0	0	0	0	0	0	0	0	0	0	0	0	0	0	0	0	192	500	0	0	0	0	192	0	0	96	0	
0	0	96	0	0	0	0	0	0	0	0	0	0	0	0	0	0	0	0	0	0	0	0	0	0	0	0	0	0	96	48	0	0	0	0	0	0	0	0	0	
0	0	0	96	0	0	0	0	0	0	0	0	0	0	0	0	0	0	0	0	0	0	0	0	48	0	0	0	0	0	0	0	0	0	0	0	0	0	0	0	
0	500	0	0	0	0	0	0	0	0	0	0	0	0	0	0	0	0	0	0	0	0	0	0	0	0	0	0	0	0	0	500	0	0	0	0	0	500	0	0	
0	0	0	96	0	0	0	0	0	0	0	0	0	0	0	0	0	0	0	0	48	0	0	0	0	0	0	0	0	0	0	0	0	0	0	0	0	0	0	0	
0	0	0	0	0	0	0	0	0	0	96	0	0	0	0	0	0	0	0	0	0	0	0	0	0	0	0	0	96	0	0	0	0	0	0	0	0	0	0	96	
0	0	0	96	0	0	0	0	0	0	0	0	0	0	0	0	0	0	48	0	0	0	0	0	0	0	0	0	0	0	0	0	0	0	0	0	0	0	0	0	
500	0	0	0	0	0	0	0	0	0	0	0	0	0	0	0	0	0	0	0	0	0	192	0	0	0	0	0	0	0	0	0	0	0	500	0	0	0	0	0	
192	0	0	0	0	0	0	0	0	0	0	0	0	0	0	0	0	0	0	0	0	192	0	0	0	0	0	0	0	0	0	0	0	0	0	0	0	0	0	0	
0	0	0	0	0	0	0	0	48	0	0	0	500	0	0	0	0	0	0	0	0	0	0	0	0	0	0	0	0	0	0	0	0	0	0	0	0	0	0	0	
0	0	0	0	0	0	0	0	0	0	0	0	0	0	0	0	48	0	0	0	0	0	0	0	0	0	0	0	0	0	0	0	48	0	0	0	0	0	0	0	
0	0	0	0	500	0	0	0	0	0	0	0	0	0	0	0	0	0	0	0	0	0	0	0	0	0	0	0	0	0	0	0	48	0	0	0	0	0	0	0	
0	0	0	0	0	0	0	0	0	0	0	0	0	0	0	0	0	0	0	0	0	0	0	0	0	0	0	0	0	0	0	0	0	192	0	0	96	0	0	0	
0	0	192	0	0	0	0	0	0	48	0	0	0	0	0	0	0	0	0	0	0	0	0	0	0	0	0	0	0	0	0	0	0	0	0	0	0	0	0	0	
0	0	0	0	0	0	0	0	0	0	0	0	0	0	0	0	0	0	0	96	0	0	0	0	0	0	0	0	0	0	0	0	0	0	0	0	0	0	0	500	
0	0	0	0	0	0	0	0	0	0	0	0	0	0	192	96	0	0	0	0	0	0	0	0	0	0	0	0	0	0	0	0	0	0	0	0	500	0	0	0	
0	0	0	0	0	0	0	0	0	0	0	0	0	0	500	48	0	0	0	0	0	0	0	0	0	0	0	0	0	0	0	0	0	0	0	0	0	0	0	0	
0	48	0	0	0	0	0	0	0	0	0	192	0	0	0	0	0	500	0	0	0	0	0	0	0	0	0	0	0	0	0	0	0	0	0	0	0	0	0	0	
0	0	0	0	0	0	0	0	0	0	0	0	0	0	0	0	0	0	0	0	0	0	0	0	48	48	0	0	0	0	0	0	0	0	0	0	0	0	0	0	
0	0	0	0	0	0	0	0	0	0	0	0	0	0	0	0	0	0	0	0	0	0	0	0	0	0	192	0	0	0	0	0	0	0	0	0	48	0	0	500	
0	0	0	0	0	0	0	500	0	0	0	0	0	0	0	0	0	0	0	0	0	500	0	0	0	0	0	0	0	0	0	0	0	0	0	0	0	0	0	0	
0	0	0	0	0	0	0	0	0	0	0	0	48	0	192	0	0	0	0	0	0	0	0	0	0	0	0	0	0	0	0	0	0	0	0	0	0	0	0	0	
0	0	0	0	0	0	0	0	0	0	0	0	0	0	0	0	0	0	0	0	0	0	0	0	0	0	96	0	0	500	0	0	0	48	0	0	0	0	0	0	
0	0	0	0	0	0	0	0	0	0	0	0	0	192	0	0	0	500	0	0	0	0	0	0	0	0	0	0	0	0	0	0	0	0	0	0	0	0	0	0	
0	0	0	0	0	192	0	0	0	0	0	0	48	0	96	0	0	0	0	0	0	0	0	0	0	0	0	0	0	0	0	0	0	0	0	0	0	0	0	0	
0	0	0	0	0	0	0	0	0	0	0	0	0	0	0	0	0	0	0	96	0	0	0	0	0	0	0	0	500	0	0	0	0	500	0	0	0	0	0	0	
38	33	27	6	8	19	36	3	26	34	10	34	31	15	24	35	15	4	28	33	3	8	1	19	27	14	24	2	2	22	32	1	39	25	37	7	29	0	38	22	35	37	4	38	3	24	17	2	39	26	29	1	6	4	17	12	10	39	16	38	20	21	32	14	22	37	20	13	15	26	28	22	33	21	18	0	13	13	39	13	36	37	3	37	31	12	31	3	22	5	12	14	20	25	29	23	17	39	32	9	14	10	0	19	27	17	38	7	3	31	2	37	14	29	37	15	4	10	1	30	32	17	38	27	17	17	22	14	1	14	25	33	18	38	17	37	11	27	38	34	38	23	10	2	20	34	5	14	15	13	32	7	38	33	13	5	11	15	29	10	15	9	24	6	3	23	23	36	0	2	12	19	22	27	7	21	24	20	10	26	30	36	29	28	9	22	25	20	17	34	0	10	33	26	19	1	17	29	18	16	1	14	30	32	36	5	17	12	33	19	11	11	19	25	22	23	1	9	2	0	29	10	1	8	16	7	35	16	28	32	18	9	24	39	30	35	6	27	32	8	7	23	18	1	20	27	28	6	14	32	32	1	22	15	22	11	5	34	24	12	4	16	6	7	27	12	10	11	13	14	36	25	2	0	38	3	11	33	8	2	8	20	35	39	4	1	1	35	22	33	2	14	25	30	16	26	20	23	35	15	1	7	21	31	26	14	38	3	30	37	24	28	7	37	35	18	22	0	17	23	29	30	2	4	19	16	39	2	18	23	2	25	35	28	11	11	31	33	12	8	15	38	13	18	3	4	8	34	38	28	5	33	24	31	14	23	34	15	11	31	12	12	29	15	17	15	30	11	33	9	31	2	36	27	16	30	5	31	34	16	19	21	39	32	16	22	15	24	6	35	12	9	28	21	14	3	36	30	30	16	7	22	38	1	39	14	15	38	27	7	17	26	13	27	29	12	22	9	5	13	7	20	9	31	25	20	27	12	4	34	35	2	27	24	27	13	14	30	35	20	38	5	29	1	35	38	33	12	0	26	0	8	13	18	12	35	2	32	22	9	26	28	29	33	28	7	13	30	19	34	21	30	30	15	6	5	39	13	1	26	39	23	33	39	24	13	36	4	9	25	13	20	12	2	5	30	10	27	27	19	20	12	3	14	19	6	12	38	0	34	7	21	28	10	6	19	16	6	25	26	20	31	2	11	19	30	25	23	21	20	15	38	19	19	6	26	13	2	7	4	6	12	26	12	13	17	
25	22	23	39	0	33	32	24	4	37	32	20	34	13	37	31	15	17	27	7	32	3	25	33	19	18	2	35	27	27	19	24	23	34	18	29	3	4	20	33	4	30	6	24	31	38	28	38	17	9	35	2	8	34	10	15	39	0	36	19	29	16	38	27	14	6	23	4	39	15	26	35	5	17	4	21	21	8	3	23	13	17	28	21	16	10	12	38	13	24	7	29	24	14	3	32	22	3	36	4	36	28	0	14	23	21	28	11	13	3	36	24	1	3	14	18	10	19	15	13	36	32	19	24	28	22	32	22	15	26	19	5	18	9	24	34	2	1	5	10	21	39	14	26	15	14	17	15	28	21	35	6	35	9	0	35	24	14	38	21	17	1	2	15	1	24	16	7	31	15	38	19	30	3	9	22	29	34	13	6	32	32	16	7	4	27	30	0	38	39	22	37	12	18	34	10	17	31	10	6	20	22	25	20	24	17	21	2	20	23	34	21	20	20	14	10	6	6	22	38	37	17	14	6	23	19	36	14	34	0	20	21	18	37	37	6	12	16	9	31	13	29	0	6	34	1	13	38	0	2	22	13	5	13	39	39	12	37	38	35	36	17	32	29	9	22	33	9	24	16	15	14	22	28	31	23	32	16	21	10	28	8	23	36	37	25	26	2	18	9	2	1	7	20	13	38	17	39	7	13	29	16	38	29	32	20	39	1	8	39	30	24	8	14	25	13	39	30	37	14	9	21	14	0	35	15	2	24	18	10	14	11	11	34	30	29	20	21	0	37	16	39	16	30	14	13	36	23	34	28	25	19	9	11	28	8	24	12	33	27	28	22	37	25	35	29	7	31	0	39	18	1	34	24	35	22	29	21	9	9	30	36	22	9	34	25	2	25	38	17	24	23	31	10	38	16	35	17	32	33	6	1	13	7	4	2	23	31	20	14	14	37	10	20	37	8	20	24	17	35	13	0	25	12	3	24	32	8	28	14	35	12	36	37	1	37	24	21	12	8	5	24	28	26	0	29	28	7	38	25	34	22	5	16	34	10	9	31	34	26	38	19	7	17	11	2	37	5	36	17	10	11	23	3	3	32	15	0	28	0	18	26	11	26	38	24	37	25	15	30	22	20	2	2	36	30	12	16	19	13	18	38	10	38	33	24	19	22	31	11	38	18	23	21	22	31	8	2	0	1	22	7	35	31	14	10	34	28	29	23	26	23	24	12	10	3	21	21	28	6	31	39	24	37	29	32	
40	25	37	31	32	20	22	29	33	29	24	20	29	29	22	31	23	28	36	33	37	25	30	34	31	33	26	33	30	33	21	31	36	35	20	30	21	26	28	38	25	40	26	40	26	21	25	35	30	21	39	21	35	20	30	30	25	33	28	35	38	24	38	37	29	33	30	33	33	28	25	24	35	29	37	30	34	28	34	26	28	21	36	24	26	32	20	36	29	38	40	22	39	26	21	26	28	30	29	24	34	20	31	28	20	21	27	38	22	32	28	33	25	38	32	31	22	23	33	20	39	38	26	27	33	40	33	20	27	34	36	24	32	28	25	31	40	32	21	36	36	28	35	39	29	31	32	24	20	22	30	40	40	25	25	20	40	34	34	39	27	35	36	33	27	38	30	29	23	29	31	21	35	26	29	39	35	20	25	34	39	20	25	25	33	31	22	38	23	38	29	32	35	29	24	27	36	34	39	29	35	24	40	30	38	24	32	38	35	27	37	36	21	25	21	23	21	32	27	35	23	35	30	27	39	37	28	22	31	39	25	25	33	23	31	34	28	35	39	20	32	20	25	29	20	20	30	32	31	30	38	27	27	34	28	30	33	23	36	23	39	34	31	21	27	33	37	31	27	36	40	35	34	22	20	22	30	34	35	24	30	35	23	39	35	24	40	26	31	37	33	36	29	29	38	32	24	26	29	27	20	37	20	32	33	30	27	26	40	29	40	33	32	28	38	24	29	35	37	29	35	40	30	24	35	21	30	28	40	32	30	23	30	33	32	32	24	38	22	35	27	21	23	38	32	28	22	20	30	37	29	24	38	36	25	37	31	33	20	37	24	21	24	30	37	40	24	26	23	30	39	32	30	22	22	31	39	27	31	35	37	23	21	38	29	33	22	33	25	25	39	29	23	31	31	28	34	27	23	30	22	21	38	24	35	24	28	39	30	23	26	26	34	32	25	35	27	34	24	22	38	29	22	40	36	34	26	23	25	31	40	20	24	20	32	33	20	26	32	34	35	26	39	34	33	32	24	29	29	29	32	28	23	40	21	40	21	21	34	21	21	34	28	22	29	26	34	28	24	28	38	35	36	38	34	24	29	32	30	39	20	26	20	35	23	32	37	28	22	22	33	20	39	31	30	39	24	32	38	24	24	21	37	26	39	40	21	29	30	28	27	24	23	29	21	20	31	23	35	27	20	25	27	21	25	40	20	25	38	27	36	33	25	34	25	31	32	37	27	36	23	37	25	25	23	33	
11	15	34	41	47	23	37	13	11	24	45	36	37	39	31	50	11	48	25	27	12	32	26	21	38	22	43	34	46	48	17	40	42	26	22	50	31	38	45	24	20	16	37	38	32	15	26	17	46	46	41	37	19	14	24	15	41	45	33	31	16	49	31	21	49	49	30	33	40	46	21	45	26	19	13	19	45	24	41	31	12	37	45	45	40	47	47	26	34	28	16	22	15	49	28	48	24	25	44	38	22	20	25	10	32	15	34	16	25	31	41	49	13	45	43	50	27	20	29	13	13	28	32	45	34	14	12	36	29	40	31	45	33	24	22	22	37	18	24	10	25	18	32	20	30	35	32	30	21	12	15	13	28	25	35	47	11	48	22	17	44	28	37	20	12	22	26	29	45	33	38	49	37	31	11	22	12	28	18	34	44	15	35	40	40	49	41	28	11	32	24	20	43	34	17	16	39	28	27	38	13	33	34	31	41	12	16	45	45	21	48	34	27	23	13	17	40	49	48	49	45	14	22	43	46	40	20	30	29	47	30	20	38	23	40	36	18	37	21	37	46	47	38	44	42	29	37	49	50	38	19	16	23	25	47	24	13	42	41	30	30	20	40	23	27	35	39	12	31	48	14	38	28	18	24	37	21	18	32	18	43	14	25	20	15	19	30	13	37	30	15	27	36	43	47	36	34	15	19	31	20	50	10	26	22	31	22	50	34	15	25	29	16	48	41	48	26	21	20	30	10	11	43	28	16	30	33	48	40	36	18	48	39	25	38	50	41	19	20	41	22	41	32	37	15	47	30	41	47	35	44	32	11	30	25	13	23	45	27	48	34	21	10	44	46	20	31	49	25	44	33	32	48	12	50	24	40	50	13	37	16	25	28	48	46	19	42	21	28	20	34	25	31	26	32	26	13	38	27	22	46	21	17	28	43	31	45	36	11	46	24	33	39	22	49	28	21	42	39	50	23	42	12	27	20	22	42	24	35	30	32	29	45	15	10	11	47	22	12	23	10	25	31	20	22	24	42	10	10	13	33	39	29	11	39	34	23	47	13	18	38	24	34	37	33	29	50	50	24	50	31	45	41	23	27	18	20	44	43	24	24	45	20	17	26	45	16	35	12	19	15	15	17	11	48	35	42	37	38	30	44	27	35	29	22	24	33	33	15	22	10	17	37	13	46	34	38	14	44	28	17	48	13	27	43	38	30	13	12	13	35	46	48	19	13	35	46	40	12	47	27	38	29	30	47	12	
15
70
