546
40
0	0	0	0	0	0	0	0	0	0	0	0	0	48	0	0	0	0	0	0	0	0	0	0	0	0	0	0	0	0	48	0	0	0	0	0	0	0	0	0	
0	0	0	0	0	0	192	192	0	0	0	0	0	0	0	0	0	0	0	0	0	0	0	0	0	0	0	0	0	0	0	0	0	0	0	0	0	0	0	0	
0	0	0	0	0	0	0	0	0	0	0	0	0	0	0	0	0	0	0	0	0	0	500	0	0	0	0	0	0	0	0	0	0	0	0	192	0	0	0	0	
0	0	0	0	0	0	500	0	0	0	0	0	0	0	0	0	0	0	0	0	0	0	0	0	0	192	0	0	0	0	0	0	192	0	0	0	48	0	0	48	
0	0	0	0	0	0	0	0	0	0	0	0	96	0	0	0	0	0	0	0	0	0	0	0	0	0	0	0	0	0	0	0	0	0	0	0	0	0	192	0	
0	0	0	0	0	0	0	0	0	0	0	0	0	0	0	0	0	0	0	0	0	48	0	96	0	0	0	0	0	0	0	48	0	0	0	0	0	0	0	0	
0	192	0	500	0	0	0	0	0	0	0	0	0	0	0	0	0	0	0	0	0	0	0	0	0	0	0	0	0	0	0	0	0	0	0	0	0	0	0	0	
0	192	0	0	0	0	0	0	0	0	0	0	0	0	0	0	0	192	0	0	0	0	0	0	0	0	0	0	0	0	0	0	0	0	0	0	0	0	0	0	
0	0	0	0	0	0	0	0	0	0	0	0	0	0	0	0	0	48	96	0	0	0	0	0	0	0	0	0	0	0	0	0	0	0	0	500	0	0	0	0	
0	0	0	0	0	0	0	0	0	0	0	0	0	0	0	0	0	0	0	0	0	0	0	0	0	0	0	0	0	0	0	0	0	192	500	0	0	0	0	0	
0	0	0	0	0	0	0	0	0	0	0	0	0	0	0	0	0	0	0	0	0	0	0	0	0	0	500	0	0	48	0	0	0	0	0	0	0	0	0	0	
0	0	0	0	0	0	0	0	0	0	0	0	0	0	0	0	0	0	96	0	0	0	192	0	0	0	0	0	0	0	0	0	0	0	0	0	0	0	0	0	
0	0	0	0	96	0	0	0	0	0	0	0	0	0	0	0	0	0	0	0	48	0	0	0	0	192	0	0	0	0	0	0	0	0	0	0	0	0	96	0	
48	0	0	0	0	0	0	0	0	0	0	0	0	0	0	0	0	0	0	0	0	0	0	0	0	0	48	0	0	0	96	0	0	0	0	0	0	0	0	0	
0	0	0	0	0	0	0	0	0	0	0	0	0	0	0	0	0	0	0	192	0	0	0	0	0	0	0	500	0	0	0	0	0	0	0	0	0	0	0	0	
0	0	0	0	0	0	0	0	0	0	0	0	0	0	0	0	0	0	0	0	0	0	0	0	0	0	0	0	96	0	0	0	0	0	96	0	0	0	0	0	
0	0	0	0	0	0	0	0	0	0	0	0	0	0	0	0	0	0	0	0	0	0	0	0	0	0	0	0	96	0	0	0	0	192	0	0	0	192	0	0	
0	0	0	0	0	0	0	192	48	0	0	0	0	0	0	0	0	0	0	0	0	0	0	0	0	0	0	0	0	0	0	0	0	0	0	0	0	0	0	0	
0	0	0	0	0	0	0	0	96	0	0	96	0	0	0	0	0	0	0	0	0	0	0	500	0	0	0	0	0	0	0	0	0	0	0	0	0	0	0	0	
0	0	0	0	0	0	0	0	0	0	0	0	0	0	192	0	0	0	0	0	0	0	0	0	0	0	0	192	500	0	0	0	0	0	0	0	0	0	0	0	
0	0	0	0	0	0	0	0	0	0	0	0	48	0	0	0	0	0	0	0	0	0	0	0	0	0	0	0	0	0	0	0	0	0	0	0	0	0	500	0	
0	0	0	0	0	48	0	0	0	0	0	0	0	0	0	0	0	0	0	0	0	0	0	0	0	0	0	0	0	0	0	192	0	0	0	0	192	0	0	0	
0	0	500	0	0	0	0	0	0	0	0	192	0	0	0	0	0	0	0	0	0	0	0	0	0	0	0	0	0	0	0	0	0	0	0	0	0	0	0	0	
0	0	0	0	0	96	0	0	0	0	0	0	0	0	0	0	0	0	500	0	0	0	0	0	0	0	0	0	0	0	0	0	0	0	0	0	0	0	0	0	
0	0	0	0	0	0	0	0	0	0	0	0	0	0	0	0	0	0	0	0	0	0	0	0	0	0	0	0	0	0	0	0	0	0	0	0	0	192	0	500	
0	0	0	192	0	0	0	0	0	0	0	0	192	0	0	0	0	0	0	0	0	0	0	0	0	0	0	0	0	0	0	0	0	0	0	0	0	0	0	0	
0	0	0	0	0	0	0	0	0	0	500	0	0	48	0	0	0	0	0	0	0	0	0	0	0	0	0	0	0	96	0	0	0	0	0	0	0	500	0	0	
0	0	0	0	0	0	0	0	0	0	0	0	0	0	500	0	0	0	0	192	0	0	0	0	0	0	0	0	0	0	0	0	192	500	0	0	0	0	0	0	
0	0	0	0	0	0	0	0	0	0	0	0	0	0	0	96	96	0	0	500	0	0	0	0	0	0	0	0	0	0	0	0	0	0	0	0	0	0	0	0	
0	0	0	0	0	0	0	0	0	0	48	0	0	0	0	0	0	0	0	0	0	0	0	0	0	0	96	0	0	0	0	0	0	96	0	0	0	0	0	0	
48	0	0	0	0	0	0	0	0	0	0	0	0	96	0	0	0	0	0	0	0	0	0	0	0	0	0	0	0	0	0	0	0	0	0	0	0	0	0	0	
0	0	0	0	0	48	0	0	0	0	0	0	0	0	0	0	0	0	0	0	0	192	0	0	0	0	0	0	0	0	0	0	0	0	0	0	0	0	0	0	
0	0	0	192	0	0	0	0	0	0	0	0	0	0	0	0	0	0	0	0	0	0	0	0	0	0	0	192	0	0	0	0	0	0	0	0	0	0	0	0	
0	0	0	0	0	0	0	0	0	192	0	0	0	0	0	0	192	0	0	0	0	0	0	0	0	0	0	500	0	96	0	0	0	0	0	0	0	0	0	0	
0	0	0	0	0	0	0	0	0	500	0	0	0	0	0	96	0	0	0	0	0	0	0	0	0	0	0	0	0	0	0	0	0	0	0	0	0	0	0	0	
0	0	192	0	0	0	0	0	500	0	0	0	0	0	0	0	0	0	0	0	0	0	0	0	0	0	0	0	0	0	0	0	0	0	0	0	0	0	0	0	
0	0	0	48	0	0	0	0	0	0	0	0	0	0	0	0	0	0	0	0	0	192	0	0	0	0	0	0	0	0	0	0	0	0	0	0	0	0	0	0	
0	0	0	0	0	0	0	0	0	0	0	0	0	0	0	0	192	0	0	0	0	0	0	0	192	0	500	0	0	0	0	0	0	0	0	0	0	0	0	0	
0	0	0	0	192	0	0	0	0	0	0	0	96	0	0	0	0	0	0	0	500	0	0	0	0	0	0	0	0	0	0	0	0	0	0	0	0	0	0	0	
0	0	0	48	0	0	0	0	0	0	0	0	0	0	0	0	0	0	0	0	0	0	0	0	500	0	0	0	0	0	0	0	0	0	0	0	0	0	0	0	
7	4	27	11	7	39	33	15	8	11	8	2	11	22	35	6	25	3	33	12	11	10	19	12	34	29	3	9	15	28	34	18	19	16	32	10	7	2	22	32	5	28	39	6	4	30	34	28	23	18	32	29	29	39	11	24	33	9	36	39	11	30	27	3	28	17	18	21	29	2	9	14	15	18	26	30	35	19	21	7	34	37	21	19	37	26	32	17	30	17	25	26	4	30	9	17	34	7	1	21	7	31	1	1	6	14	26	20	22	5	30	8	26	14	22	6	34	9	10	14	31	39	4	11	34	34	37	36	4	10	5	11	14	8	21	17	18	38	32	7	23	20	36	37	31	27	21	29	28	5	18	25	30	34	28	16	37	28	13	28	12	18	14	13	11	7	23	30	11	3	10	22	21	32	15	23	34	22	24	26	19	22	22	16	33	26	1	2	37	10	2	8	25	23	4	37	12	19	14	16	33	30	25	35	31	9	7	31	9	30	33	12	7	37	23	5	1	15	35	33	10	37	21	18	2	17	7	9	10	28	25	15	36	29	29	5	7	7	12	11	13	2	14	35	31	16	21	38	15	25	9	37	28	30	12	9	25	1	39	19	6	33	34	11	35	26	39	35	35	2	30	28	6	12	1	31	21	24	16	5	33	16	13	14	28	27	1	13	21	29	4	17	6	20	32	12	16	11	29	15	37	34	29	19	36	19	8	0	16	13	24	8	25	3	6	29	32	14	10	14	21	30	38	36	11	28	26	34	26	17	32	32	11	7	1	30	8	38	21	14	8	16	29	17	37	4	20	16	17	13	16	19	3	28	13	13	22	9	10	37	1	5	24	21	39	1	2	22	24	39	14	25	13	31	8	39	15	26	38	16	15	34	4	6	38	15	17	2	37	26	38	5	5	5	30	32	8	8	7	27	29	4	21	17	23	35	23	1	13	37	38	5	34	19	36	14	6	23	10	21	17	33	16	18	6	34	32	8	37	4	18	6	31	7	16	30	5	28	19	1	25	29	3	39	34	2	18	35	34	12	32	28	19	29	7	20	4	21	7	28	8	5	2	5	38	39	25	16	1	3	20	21	25	18	37	6	15	13	4	21	4	38	3	1	33	6	26	19	7	36	27	22	7	27	23	9	3	11	22	7	10	38	2	15	39	12	3	3	25	38	19	27	35	21	19	34	20	27	27	23	7	16	21	13	28	22	25	27	12	37	1	27	32	30	29	5	1	3	31	36	16	3	8	39	14	2	
9	26	16	15	24	9	12	15	28	10	3	7	34	33	19	5	14	5	23	22	38	18	22	14	7	36	29	27	22	2	15	9	24	32	3	29	1	27	29	5	39	31	18	22	31	35	24	12	30	19	27	37	8	36	32	21	3	35	20	26	4	21	37	32	32	15	31	5	19	29	15	37	27	22	19	30	5	38	38	36	14	10	7	37	18	15	3	30	24	34	21	11	3	16	12	9	24	6	36	30	6	17	34	22	16	6	36	15	36	26	14	14	7	2	5	23	38	28	22	39	29	27	7	20	18	21	12	10	34	39	2	32	34	38	22	8	38	15	38	1	29	39	22	32	26	20	11	33	18	9	35	9	4	28	18	22	3	10	37	13	13	9	9	34	23	4	19	3	14	25	9	12	30	13	23	35	37	14	27	12	24	23	8	29	28	22	37	26	21	9	38	9	9	11	1	22	37	19	9	7	22	28	29	0	32	4	10	15	1	1	35	24	22	22	7	25	20	2	2	22	0	0	9	21	38	15	26	35	28	26	1	36	7	0	35	13	27	13	13	36	15	5	5	37	38	23	30	38	6	30	0	36	3	25	29	35	28	20	20	32	4	11	17	33	1	13	9	11	0	6	25	26	5	10	31	28	30	16	31	29	24	4	6	18	32	2	2	26	11	25	39	23	29	37	18	24	12	3	0	2	5	24	15	33	5	8	2	35	32	26	1	12	28	34	6	10	38	21	24	33	11	8	19	7	23	8	36	0	24	2	24	34	19	3	37	25	5	16	31	11	34	30	11	28	17	18	39	26	21	9	22	26	36	0	16	0	18	28	39	17	29	34	17	19	3	7	28	34	38	24	36	20	38	10	31	38	22	34	8	28	5	29	14	35	37	16	29	25	14	8	35	27	36	3	28	21	27	20	37	36	25	9	35	7	34	7	35	8	29	11	11	14	37	3	7	6	0	10	12	28	35	38	0	38	19	4	39	24	20	26	38	32	4	3	2	34	16	29	1	20	5	14	15	34	23	17	33	10	12	37	12	8	33	37	30	18	35	39	19	12	38	17	8	28	33	30	3	6	23	29	15	8	21	1	27	6	34	25	12	14	17	8	5	37	16	29	21	6	20	35	16	9	2	9	4	25	38	26	28	27	6	29	23	5	23	30	1	28	30	1	0	28	15	29	39	10	16	22	29	12	14	24	22	39	30	26	0	23	12	16	31	9	39	14	24	20	18	35	16	10	10	27	12	2	38	3	
34	20	35	38	34	25	37	25	24	29	36	33	33	22	28	22	34	21	33	28	29	37	37	21	35	33	24	40	27	33	26	30	20	22	26	29	24	33	20	21	38	40	28	32	37	20	30	33	36	22	36	31	28	26	38	33	20	24	25	39	33	24	38	32	36	22	28	21	29	30	27	20	23	20	26	28	27	30	31	23	39	25	22	27	24	30	25	22	32	37	39	39	30	33	26	26	22	25	21	30	40	35	24	32	32	33	32	25	24	28	40	20	34	33	23	38	28	24	34	21	26	29	33	25	21	32	21	26	21	39	35	25	22	28	40	20	32	21	32	27	25	38	32	40	25	37	30	27	27	39	40	39	36	23	24	21	21	27	22	40	30	38	29	30	29	31	23	23	31	22	23	23	30	30	21	39	40	35	20	25	32	37	36	30	25	31	25	30	25	35	39	33	33	40	28	23	37	30	23	23	31	34	20	30	36	27	23	20	36	34	34	34	20	36	26	34	27	34	21	21	27	25	40	23	23	32	25	26	25	24	40	22	27	29	25	31	35	29	20	28	23	20	36	33	39	24	32	21	26	31	25	26	31	20	40	36	32	38	37	22	31	20	30	33	21	29	32	38	32	20	28	32	21	21	30	24	32	22	21	26	35	29	33	39	36	39	34	26	37	26	23	30	28	33	34	37	29	34	37	39	32	29	27	30	37	31	22	22	31	23	24	40	22	36	24	26	20	36	37	32	30	20	21	24	20	28	21	32	31	37	21	31	27	37	34	30	33	27	40	35	21	40	40	20	37	23	38	23	28	30	30	21	24	33	24	36	20	33	28	21	38	39	33	39	30	36	21	38	34	26	37	23	29	40	37	22	21	40	33	20	33	36	31	27	38	23	36	35	33	34	26	27	27	38	28	39	38	31	26	28	21	34	28	30	24	20	32	37	36	31	26	28	38	39	39	30	28	32	29	33	30	38	34	21	26	22	28	32	22	25	29	32	24	29	24	40	25	26	26	34	31	37	30	29	37	27	22	22	34	26	20	31	28	31	31	34	38	38	35	25	30	30	33	40	29	34	24	29	20	21	28	25	40	39	22	26	33	27	32	33	27	39	31	20	21	28	33	27	36	40	30	27	31	27	25	21	27	40	26	20	30	26	26	32	26	28	23	25	33	24	34	26	33	37	37	24	34	28	22	32	23	34	28	34	31	37	29	33	38	27	37	26	22	28	29	38	36	27	29	34	28	27	39	31	23	20	
43	19	23	32	17	21	36	44	49	48	23	44	38	48	31	44	13	43	10	15	24	44	28	30	32	44	13	16	38	46	48	37	47	28	10	14	39	34	20	16	30	33	47	29	44	41	14	42	43	34	40	47	37	46	28	15	47	45	45	32	48	39	48	32	38	10	15	41	50	38	40	40	39	23	43	36	33	41	43	29	45	38	33	22	16	44	14	24	11	21	34	41	49	43	14	36	26	16	49	32	38	43	30	36	23	11	14	49	31	47	48	22	46	13	21	48	12	38	13	25	47	43	25	38	28	18	39	21	48	24	46	38	11	27	42	29	31	23	12	32	15	38	23	14	13	44	49	28	11	17	34	21	28	20	10	40	33	24	25	25	29	26	26	10	27	14	29	38	49	20	13	33	35	16	41	33	16	16	26	29	13	44	31	20	34	44	23	10	10	12	47	12	21	50	14	26	33	23	23	47	44	44	26	46	26	21	23	31	22	22	29	36	13	17	28	25	11	42	24	45	10	41	33	15	49	38	44	20	27	33	36	17	36	23	45	24	17	32	36	25	49	32	26	43	11	26	44	13	18	17	49	49	49	32	19	43	10	50	45	26	38	25	43	49	10	50	22	24	48	10	48	50	33	36	35	35	43	33	15	17	23	19	17	49	23	35	38	50	34	45	42	31	41	28	14	45	47	10	42	33	32	36	44	41	33	23	24	29	27	47	32	23	44	16	35	37	33	19	42	28	26	44	28	50	15	34	33	30	12	19	23	12	19	48	36	42	26	24	29	28	31	36	40	16	36	20	31	40	22	26	33	37	37	47	23	47	17	12	43	41	45	14	32	10	26	48	15	20	30	10	50	49	23	44	49	22	29	31	41	43	32	16	13	28	10	14	34	37	17	22	46	21	40	47	30	29	23	44	17	19	22	39	41	36	39	29	42	26	19	50	25	41	50	16	48	28	29	37	39	48	41	24	36	36	17	35	11	38	45	38	33	15	20	14	34	24	29	12	32	22	15	13	49	40	10	11	25	23	46	12	33	31	15	10	13	23	25	30	25	39	10	41	25	42	33	43	24	30	38	43	43	28	35	46	32	12	45	19	12	46	31	45	49	14	41	49	21	25	49	33	16	17	18	20	28	46	38	47	29	16	16	31	35	45	16	35	19	39	18	50	19	25	41	41	39	21	21	19	44	26	27	13	27	39	23	27	42	11	21	25	17	31	40	38	12	41	15	21	43	49	21	32	30	11	13	42	
15
70
