468
40
0	0	0	0	0	0	0	0	0	0	500	0	0	0	0	0	0	0	0	0	0	0	0	0	0	48	0	0	0	0	0	0	0	0	0	0	0	0	0	0	
0	0	0	0	0	0	0	0	0	0	0	500	0	0	0	0	0	0	0	0	0	0	0	192	0	0	0	0	0	0	0	0	0	0	0	0	0	0	0	0	
0	0	0	0	0	0	0	0	0	0	0	0	0	0	0	0	0	0	0	0	0	0	0	0	0	0	192	0	0	0	192	0	0	0	0	0	0	0	0	0	
0	0	0	0	0	0	0	0	0	0	0	0	0	0	0	0	0	0	0	0	0	0	0	0	0	0	96	0	0	0	0	48	0	0	0	0	0	0	0	0	
0	0	0	0	0	0	0	0	48	0	0	0	96	0	0	0	0	0	0	0	0	0	0	0	48	0	0	0	0	0	0	0	0	0	0	0	0	0	0	0	
0	0	0	0	0	0	0	0	0	0	0	0	0	0	192	0	0	0	0	0	0	0	0	0	0	0	0	48	0	0	0	0	0	0	0	0	0	0	0	0	
0	0	0	0	0	0	0	0	0	0	0	0	0	0	0	0	0	0	0	0	500	0	0	0	0	96	0	0	0	0	0	0	0	0	0	0	0	0	0	0	
0	0	0	0	0	0	0	0	0	0	0	0	0	0	0	0	0	0	0	0	0	0	0	0	0	0	0	0	500	0	0	0	0	0	0	0	0	0	192	0	
0	0	0	0	48	0	0	0	0	0	0	0	192	0	0	0	0	0	0	0	0	0	0	0	500	0	0	0	0	0	48	0	0	0	0	0	0	0	0	0	
0	0	0	0	0	0	0	0	0	0	0	0	0	0	96	0	0	0	0	48	0	0	192	0	0	0	0	48	0	0	0	0	0	0	0	0	0	0	0	0	
500	0	0	0	0	0	0	0	0	0	0	0	0	0	0	48	0	0	0	0	0	0	0	0	0	0	0	0	0	0	0	0	0	0	0	192	0	0	0	0	
0	500	0	0	0	0	0	0	0	0	0	0	0	0	0	0	0	0	0	0	0	0	0	192	0	0	0	0	0	0	0	0	0	0	0	0	192	0	0	0	
0	0	0	0	96	0	0	0	192	0	0	0	0	0	0	0	0	96	0	0	0	0	0	0	0	0	0	0	0	0	0	0	0	0	0	0	0	0	0	0	
0	0	0	0	0	0	0	0	0	0	0	0	0	0	0	0	0	0	0	0	0	0	0	0	0	0	0	0	500	0	0	0	0	0	0	0	0	500	0	0	
0	0	0	0	0	192	0	0	0	96	0	0	0	0	0	0	500	0	0	0	0	0	0	0	0	0	0	48	0	0	0	0	0	0	0	0	0	0	0	0	
0	0	0	0	0	0	0	0	0	0	48	0	0	0	0	0	500	0	0	96	0	0	0	0	0	0	0	0	0	0	0	0	0	0	0	48	0	0	0	0	
0	0	0	0	0	0	0	0	0	0	0	0	0	0	500	500	0	0	0	0	0	0	0	0	0	0	0	0	0	0	0	0	0	0	0	48	0	0	0	0	
0	0	0	0	0	0	0	0	0	0	0	0	96	0	0	0	0	0	0	0	0	0	0	0	48	0	0	0	0	0	0	192	96	0	0	0	0	0	0	0	
0	0	0	0	0	0	0	0	0	0	0	0	0	0	0	0	0	0	0	0	0	96	0	0	0	0	0	0	0	0	0	0	0	0	0	0	0	96	0	0	
0	0	0	0	0	0	0	0	0	48	0	0	0	0	0	96	0	0	0	0	0	0	0	0	0	0	0	0	0	0	0	0	0	0	0	0	0	0	0	0	
0	0	0	0	0	0	500	0	0	0	0	0	0	0	0	0	0	0	0	0	0	0	48	0	0	0	0	0	0	0	0	0	0	0	0	0	0	0	0	0	
0	0	0	0	0	0	0	0	0	0	0	0	0	0	0	0	0	0	96	0	0	0	0	0	0	0	0	0	192	0	0	0	0	0	0	0	0	0	0	0	
0	0	0	0	0	0	0	0	0	192	0	0	0	0	0	0	0	0	0	0	48	0	0	0	0	0	0	0	0	0	500	0	0	500	0	0	0	0	0	0	
0	192	0	0	0	0	0	0	0	0	0	192	0	0	0	0	0	0	0	0	0	0	0	0	0	0	0	0	0	0	0	0	0	0	0	0	0	0	0	0	
0	0	0	0	48	0	0	0	500	0	0	0	0	0	0	0	0	48	0	0	0	0	0	0	0	0	0	0	0	0	0	0	0	0	0	0	0	0	0	0	
48	0	0	0	0	0	96	0	0	0	0	0	0	0	0	0	0	0	0	0	0	0	0	0	0	0	0	0	0	0	0	0	0	0	0	0	0	0	0	0	
0	0	192	96	0	0	0	0	0	0	0	0	0	0	0	0	0	0	0	0	0	0	0	0	0	0	0	0	0	0	0	0	0	0	0	0	0	0	0	0	
0	0	0	0	0	48	0	0	0	48	0	0	0	0	48	0	0	0	0	0	0	0	0	0	0	0	0	0	0	0	0	0	0	0	0	0	0	0	0	0	
0	0	0	0	0	0	0	500	0	0	0	0	0	500	0	0	0	0	0	0	0	192	0	0	0	0	0	0	0	0	0	0	0	0	0	0	0	0	0	0	
0	0	0	0	0	0	0	0	0	0	0	0	0	0	0	0	0	0	0	0	0	0	0	0	0	0	0	0	0	0	0	0	0	0	48	0	0	0	0	48	
0	0	192	0	0	0	0	0	48	0	0	0	0	0	0	0	0	0	0	0	0	0	500	0	0	0	0	0	0	0	0	0	0	0	0	0	0	0	0	0	
0	0	0	48	0	0	0	0	0	0	0	0	0	0	0	0	0	192	0	0	0	0	0	0	0	0	0	0	0	0	0	0	0	0	0	0	0	0	0	0	
0	0	0	0	0	0	0	0	0	0	0	0	0	0	0	0	0	96	0	0	0	0	0	0	0	0	0	0	0	0	0	0	0	0	0	0	0	0	192	0	
0	0	0	0	0	0	0	0	0	0	0	0	0	0	0	0	0	0	0	0	0	0	500	0	0	0	0	0	0	0	0	0	0	0	48	0	0	0	0	0	
0	0	0	0	0	0	0	0	0	0	0	0	0	0	0	0	0	0	0	0	0	0	0	0	0	0	0	0	0	48	0	0	0	48	0	0	0	0	0	500	
0	0	0	0	0	0	0	0	0	0	192	0	0	0	0	48	48	0	0	0	0	0	0	0	0	0	0	0	0	0	0	0	0	0	0	0	0	0	0	0	
0	0	0	0	0	0	0	0	0	0	0	192	0	0	0	0	0	0	0	0	0	0	0	0	0	0	0	0	0	0	0	0	0	0	0	0	0	0	0	48	
0	0	0	0	0	0	0	0	0	0	0	0	0	500	0	0	0	0	96	0	0	0	0	0	0	0	0	0	0	0	0	0	0	0	0	0	0	0	0	0	
0	0	0	0	0	0	0	192	0	0	0	0	0	0	0	0	0	0	0	0	0	0	0	0	0	0	0	0	0	0	0	0	192	0	0	0	0	0	0	0	
0	0	0	0	0	0	0	0	0	0	0	0	0	0	0	0	0	0	0	0	0	0	0	0	0	0	0	0	0	48	0	0	0	0	500	0	48	0	0	0	
13	18	11	9	21	8	36	34	6	32	29	29	30	17	35	23	17	22	3	27	21	37	18	8	15	19	5	18	27	5	25	23	6	31	11	18	22	15	24	34	8	2	30	11	24	21	16	27	3	28	28	38	15	38	31	17	33	22	6	17	21	9	15	27	33	14	37	13	1	8	22	27	26	13	31	34	10	2	38	24	22	20	6	1	10	31	29	10	36	33	8	16	24	31	21	17	12	22	15	9	4	26	29	37	38	17	18	18	6	0	20	38	2	28	33	37	14	1	36	4	24	13	28	25	20	21	36	15	32	22	35	37	1	29	4	32	35	6	22	19	11	7	12	5	23	29	21	10	27	28	36	7	13	3	8	26	2	21	36	23	14	8	7	19	22	0	29	20	24	20	26	21	33	15	13	13	13	39	26	16	9	25	13	4	27	25	21	29	24	21	22	24	4	2	28	34	37	29	6	32	15	3	8	24	23	24	39	6	4	2	8	24	8	30	31	1	10	1	11	8	39	15	0	33	3	14	11	17	12	11	1	30	6	3	31	20	39	26	34	24	11	30	14	8	32	36	2	15	35	9	34	20	23	33	35	28	20	35	18	18	37	34	28	37	7	4	6	9	0	13	29	19	4	3	38	25	9	35	22	23	36	34	34	34	17	5	8	7	21	8	35	28	30	9	1	21	17	5	39	15	26	17	2	31	14	34	23	3	11	28	35	31	6	37	4	32	19	25	5	4	7	23	4	7	33	18	22	30	3	0	25	6	12	38	16	36	9	33	25	6	6	5	25	24	33	8	6	24	30	23	19	25	19	23	31	18	12	36	37	15	15	20	35	6	32	28	15	19	37	1	4	3	2	31	33	11	5	28	25	24	34	21	2	0	23	7	18	31	16	39	28	18	11	17	15	15	21	19	30	26	26	10	16	16	39	35	17	6	2	2	5	2	16	29	3	24	28	9	22	21	6	3	21	14	33	39	28	9	10	11	7	26	16	12	5	6	13	7	18	26	32	16	2	20	30	30	12	0	3	20	4	35	28	15	39	27	8	30	17	12	17	36	1	11	6	7	35	37	
34	1	35	9	12	20	1	16	1	15	39	5	19	3	38	38	10	0	32	29	7	8	20	28	12	19	4	3	1	36	33	35	8	2	20	21	10	23	5	35	22	11	23	37	39	32	26	4	6	7	31	25	19	9	6	21	24	6	2	10	37	16	3	39	19	24	17	7	28	31	7	11	32	29	36	2	25	35	27	22	32	20	27	1	36	31	38	11	0	22	14	37	21	18	34	17	11	11	4	30	20	27	21	7	0	19	14	4	0	11	8	22	22	30	20	7	34	10	19	22	22	27	6	6	2	0	14	15	16	19	4	18	24	29	9	33	4	30	37	11	4	24	19	35	25	12	27	25	21	35	13	14	33	37	28	4	21	28	23	18	2	24	1	3	10	4	33	31	37	7	33	15	5	18	35	13	10	16	6	32	5	8	36	27	17	4	14	6	20	4	37	35	17	34	34	33	16	23	6	19	27	36	10	17	3	33	7	4	7	16	14	5	19	34	16	21	37	8	38	30	24	18	16	16	37	2	1	4	28	16	17	11	14	14	16	7	21	29	33	31	10	38	3	30	5	1	1	20	7	0	34	19	26	4	17	2	14	14	13	12	21	38	32	17	23	14	19	34	13	38	39	24	33	9	38	21	4	38	31	32	30	30	12	20	8	28	30	17	12	7	14	1	2	25	20	35	4	34	19	34	26	20	35	14	38	0	29	16	24	23	2	9	17	1	10	19	35	24	0	38	15	37	35	19	21	0	30	19	14	19	32	23	28	15	12	1	39	13	33	16	25	37	33	31	34	1	6	23	12	10	39	7	15	8	6	10	28	13	28	39	13	26	18	33	3	7	33	17	30	30	10	14	31	16	22	18	24	6	38	23	17	32	3	5	36	16	22	21	17	15	24	17	9	29	25	16	38	12	20	21	1	37	17	8	34	32	0	35	18	0	36	21	27	4	12	33	30	29	11	6	18	5	16	39	11	13	29	13	23	6	20	7	9	1	12	32	10	6	23	16	34	38	6	8	35	4	2	9	12	39	4	36	1	1	13	11	33	19	22	14	21	5	0	22	15	17	4	12	
30	23	39	23	38	36	21	21	24	30	20	38	37	31	39	27	29	32	36	39	30	22	39	35	22	37	31	37	25	27	36	33	39	37	39	28	24	25	34	39	34	22	21	26	40	38	33	24	23	37	20	33	27	35	27	36	35	28	36	33	38	23	20	24	26	28	37	34	35	37	36	39	31	36	28	34	20	29	27	36	38	36	39	25	21	36	38	33	28	35	32	29	38	32	24	23	22	21	37	21	34	29	39	30	25	21	30	40	26	20	29	36	35	39	31	39	36	36	31	21	34	37	25	37	29	31	37	39	29	30	36	27	25	26	37	40	39	31	26	20	22	28	23	26	25	33	30	25	33	32	25	21	20	31	22	36	29	26	33	39	36	37	38	24	39	40	37	29	23	29	21	36	36	37	39	30	29	28	37	20	24	32	26	23	31	23	21	27	24	20	38	31	26	27	22	35	36	27	31	33	26	40	23	35	32	30	38	32	40	21	21	34	30	25	30	40	23	24	24	26	40	27	27	24	37	33	29	32	26	36	32	25	25	22	32	40	33	28	37	22	32	33	33	33	28	30	32	25	33	32	29	33	39	29	28	40	23	38	40	40	21	26	27	36	22	26	32	29	29	28	20	36	34	40	36	30	29	24	28	23	23	24	30	38	30	32	35	30	22	33	25	23	31	33	28	30	35	30	31	20	35	27	37	39	31	39	25	36	21	25	32	34	36	32	25	20	30	34	33	40	39	24	25	33	29	40	29	40	40	20	29	20	28	38	30	20	26	22	40	37	29	33	21	25	29	28	37	30	22	25	29	29	39	22	21	21	33	38	37	22	31	26	31	23	40	23	20	23	40	23	24	23	40	24	22	38	24	36	35	39	23	32	21	24	35	34	38	25	27	31	23	28	35	27	24	39	29	24	36	26	24	23	20	20	39	38	31	26	25	20	20	38	29	32	32	29	28	40	29	25	26	26	29	39	38	27	21	33	30	21	28	39	28	30	20	31	34	23	30	34	36	20	35	40	36	28	27	36	22	34	40	35	27	40	26	20	24	31	30	28	29	38	38	23	21	20	24	29	
18	38	27	40	34	19	42	17	24	17	17	30	46	43	18	29	40	29	37	37	34	50	38	36	25	22	43	43	10	25	31	35	38	34	46	24	25	38	29	33	37	27	48	36	49	47	19	25	22	14	36	11	21	39	45	22	20	28	49	10	10	27	41	45	39	14	29	31	27	44	44	19	15	29	50	33	38	28	18	43	25	14	17	28	30	28	14	36	21	24	35	48	31	19	10	43	46	17	13	13	10	24	14	30	16	18	41	33	19	24	20	24	30	25	42	19	14	38	24	30	42	39	11	30	45	40	50	50	33	19	11	32	11	38	11	44	14	15	42	48	26	11	20	10	32	34	50	19	49	31	45	34	26	17	17	16	38	26	31	19	34	18	42	50	34	50	12	15	12	15	32	49	15	36	46	24	17	37	27	41	27	28	24	42	37	37	12	43	23	23	42	21	46	40	35	28	24	38	39	47	37	45	22	48	29	28	45	18	39	21	17	22	15	24	44	34	12	36	27	48	36	18	42	50	30	32	28	39	27	39	19	18	11	21	41	39	32	40	27	44	11	46	50	48	16	37	22	13	44	19	40	45	22	21	20	46	24	32	32	35	13	40	24	24	19	43	27	11	11	42	14	43	19	35	30	50	36	33	50	23	38	47	20	35	44	45	37	42	30	25	26	37	42	28	31	25	26	25	41	40	18	31	34	49	17	48	42	29	19	20	25	44	48	23	48	32	38	29	22	28	45	41	29	38	13	40	12	43	17	35	12	15	50	33	47	41	41	40	34	48	28	14	49	46	29	26	42	46	17	41	46	30	31	24	22	20	26	14	35	50	37	30	20	30	18	36	11	33	13	39	33	28	39	23	28	34	15	43	24	41	17	36	45	37	23	13	15	26	12	26	31	38	40	28	15	24	50	46	18	18	19	32	43	14	26	45	46	10	11	20	31	36	42	33	31	11	27	34	46	27	17	23	36	30	38	24	45	23	19	30	47	25	13	47	50	25	15	25	18	36	22	36	23	27	45	37	33	46	36	26	44	43	25	33	13	27	19	48	30	16	18	26	35	50	31	39	34	33	
10
60
