624
40
0	0	0	0	0	0	0	0	0	0	0	0	0	0	0	0	0	0	0	0	0	0	0	48	0	0	0	0	0	0	192	0	0	0	0	0	0	0	0	0	
0	0	48	0	0	0	0	0	0	0	0	0	0	0	0	0	0	0	192	0	0	0	0	0	0	0	0	0	0	0	0	0	0	0	0	0	0	0	0	0	
0	48	0	0	0	0	0	0	0	0	0	0	0	0	0	0	0	500	48	0	0	0	0	0	0	0	0	0	0	0	0	0	0	0	0	0	0	0	0	0	
0	0	0	0	48	0	192	0	0	0	0	0	0	0	0	0	0	0	0	0	0	0	0	0	0	0	0	0	0	0	0	0	0	0	0	0	0	0	0	0	
0	0	0	48	0	0	96	0	0	0	0	0	0	0	0	0	0	0	0	0	0	0	0	0	0	0	0	0	0	0	0	0	0	0	0	0	0	0	0	0	
0	0	0	0	0	0	0	0	0	0	0	0	0	0	0	0	0	0	0	48	0	0	0	0	0	0	0	0	0	96	0	0	0	0	0	0	0	0	0	0	
0	0	0	192	96	0	0	0	0	0	0	0	0	0	0	0	0	0	0	0	0	0	0	0	0	0	0	0	0	0	0	0	0	0	500	0	0	0	0	0	
0	0	0	0	0	0	0	0	500	0	0	0	0	96	0	0	0	0	0	0	192	0	500	0	0	0	0	0	0	0	0	0	0	0	0	0	0	0	0	0	
0	0	0	0	0	0	0	500	0	0	0	0	0	96	0	0	0	0	0	0	0	0	500	0	0	0	0	0	0	0	0	0	0	0	0	0	0	0	0	0	
0	0	0	0	0	0	0	0	0	0	0	0	0	0	0	500	0	192	0	0	0	0	0	0	0	0	192	0	0	0	0	0	0	0	0	0	0	0	0	0	
0	0	0	0	0	0	0	0	0	0	0	0	0	0	0	0	0	48	0	0	0	0	0	0	0	0	0	0	48	0	0	500	0	0	0	0	0	0	0	0	
0	0	0	0	0	0	0	0	0	0	0	0	0	0	0	0	0	0	0	0	0	0	0	0	0	0	0	0	0	0	0	0	0	0	0	0	192	0	500	96	
0	0	0	0	0	0	0	0	0	0	0	0	0	0	96	0	0	0	0	0	0	48	0	0	0	0	0	0	0	0	0	0	0	0	0	0	0	0	0	0	
0	0	0	0	0	0	0	96	96	0	0	0	0	0	0	0	0	0	0	0	48	0	0	0	0	0	0	0	0	0	0	0	0	0	0	0	0	0	0	0	
0	0	0	0	0	0	0	0	0	0	0	0	96	0	0	0	0	0	0	0	0	0	0	0	0	0	0	192	0	0	0	500	0	0	0	0	0	0	0	0	
0	0	0	0	0	0	0	0	0	500	0	0	0	0	0	0	0	500	0	0	0	0	0	0	0	0	0	0	0	0	0	0	0	0	0	0	0	0	0	0	
0	0	0	0	0	0	0	0	0	0	0	0	0	0	0	0	0	0	0	0	0	0	0	0	48	0	0	0	0	0	0	0	0	0	0	500	0	0	0	0	
0	0	500	0	0	0	0	0	0	192	48	0	0	0	0	500	0	0	0	0	0	0	0	0	0	0	0	0	0	0	0	0	0	0	0	0	0	0	0	0	
0	192	48	0	0	0	0	0	0	0	0	0	0	0	0	0	0	0	0	0	0	0	0	0	0	0	0	0	0	0	0	0	0	0	0	0	0	0	0	0	
0	0	0	0	0	48	0	0	0	0	0	0	0	0	0	0	0	0	0	0	0	0	0	0	0	192	0	0	0	500	0	0	0	0	0	0	0	0	0	0	
0	0	0	0	0	0	0	192	0	0	0	0	0	48	0	0	0	0	0	0	0	0	0	0	0	0	0	96	0	0	0	0	0	0	0	0	192	192	0	0	
0	0	0	0	0	0	0	0	0	0	0	0	48	0	0	0	0	0	0	0	0	0	0	0	0	0	0	0	0	500	48	0	0	0	0	0	0	0	0	0	
0	0	0	0	0	0	0	500	500	0	0	0	0	0	0	0	0	0	0	0	0	0	0	0	0	0	0	0	0	0	0	0	0	0	0	0	0	0	0	0	
48	0	0	0	0	0	0	0	0	0	0	0	0	0	0	0	0	0	0	0	0	0	0	0	0	0	0	0	48	0	0	0	0	0	0	0	0	0	0	0	
0	0	0	0	0	0	0	0	0	0	0	0	0	0	0	0	48	0	0	0	0	0	0	0	0	0	0	0	0	0	0	0	500	48	0	48	0	0	0	0	
0	0	0	0	0	0	0	0	0	0	0	0	0	0	0	0	0	0	0	192	0	0	0	0	0	0	0	0	0	0	0	0	0	48	0	0	0	0	0	0	
0	0	0	0	0	0	0	0	0	192	0	0	0	0	0	0	0	0	0	0	0	0	0	0	0	0	0	0	0	0	0	0	0	0	0	0	0	48	0	0	
0	0	0	0	0	0	0	0	0	0	0	0	0	0	192	0	0	0	0	0	96	0	0	0	0	0	0	0	0	0	0	0	0	0	0	0	0	0	0	0	
0	0	0	0	0	0	0	0	0	0	48	0	0	0	0	0	0	0	0	0	0	0	0	48	0	0	0	0	0	0	0	0	0	0	0	0	0	0	0	0	
0	0	0	0	0	96	0	0	0	0	0	0	0	0	0	0	0	0	0	500	0	500	0	0	0	0	0	0	0	0	0	0	48	0	0	0	0	0	0	0	
192	0	0	0	0	0	0	0	0	0	0	0	0	0	0	0	0	0	0	0	0	48	0	0	0	0	0	0	0	0	0	0	0	0	0	0	0	0	0	0	
0	0	0	0	0	0	0	0	0	0	500	0	0	0	500	0	0	0	0	0	0	0	0	0	0	0	0	0	0	0	0	0	0	0	0	0	0	0	0	0	
0	0	0	0	0	0	0	0	0	0	0	0	0	0	0	0	0	0	0	0	0	0	0	0	500	0	0	0	0	48	0	0	0	0	0	0	192	0	0	500	
0	0	0	0	0	0	0	0	0	0	0	0	0	0	0	0	0	0	0	0	0	0	0	0	48	48	0	0	0	0	0	0	0	0	0	0	0	0	0	0	
0	0	0	0	0	0	500	0	0	0	0	0	0	0	0	0	0	0	0	0	0	0	0	0	0	0	0	0	0	0	0	0	0	0	0	0	0	96	48	0	
0	0	0	0	0	0	0	0	0	0	0	0	0	0	0	0	500	0	0	0	0	0	0	0	48	0	0	0	0	0	0	0	0	0	0	0	0	0	0	0	
0	0	0	0	0	0	0	0	0	0	0	192	0	0	0	0	0	0	0	0	192	0	0	0	0	0	0	0	0	0	0	0	192	0	0	0	0	0	0	0	
0	0	0	0	0	0	0	0	0	0	0	0	0	0	0	0	0	0	0	0	192	0	0	0	0	0	48	0	0	0	0	0	0	0	96	0	0	0	500	0	
0	0	0	0	0	0	0	0	0	0	0	500	0	0	0	0	0	0	0	0	0	0	0	0	0	0	0	0	0	0	0	0	0	0	48	0	0	500	0	0	
0	0	0	0	0	0	0	0	0	0	0	96	0	0	0	0	0	0	0	0	0	0	0	0	0	0	0	0	0	0	0	0	500	0	0	0	0	0	0	0	
38	7	20	30	31	0	5	6	39	35	36	14	5	3	7	3	28	0	2	25	27	28	27	31	13	6	15	32	9	9	2	18	19	37	25	9	23	12	34	12	4	13	26	6	38	4	29	21	33	38	32	14	36	16	33	29	11	16	37	32	10	26	0	4	24	27	32	6	17	1	33	3	34	16	1	39	31	21	20	32	15	5	7	19	14	22	1	36	25	3	12	2	21	12	24	8	31	35	7	20	27	31	33	3	32	35	0	33	34	7	28	36	22	37	7	25	25	4	17	29	0	32	5	36	8	22	24	29	22	28	24	27	39	29	9	11	24	32	33	12	38	2	20	33	14	22	0	0	5	27	10	6	8	29	6	16	12	34	17	10	30	29	17	34	3	5	3	29	1	38	19	16	35	22	6	7	15	17	34	1	34	20	28	9	25	12	32	28	18	14	36	33	32	8	36	27	17	22	13	0	18	37	5	5	33	3	17	7	1	36	21	34	0	37	23	20	35	27	27	10	0	28	7	9	18	20	31	13	24	16	17	12	21	5	33	3	23	1	29	7	4	24	17	4	23	15	3	8	31	28	15	8	23	10	19	9	14	32	12	16	23	27	6	1	1	30	30	18	31	32	2	16	8	21	14	39	31	2	24	38	27	13	37	8	7	2	33	35	34	38	33	35	16	7	27	15	13	16	36	26	8	24	24	26	29	3	36	36	24	23	30	28	16	32	11	16	1	27	15	37	31	29	0	16	9	3	10	6	3	3	26	3	2	1	15	37	19	35	27	9	18	4	5	4	14	35	18	10	27	20	6	9	30	36	7	6	12	25	1	6	10	23	34	5	13	3	14	25	1	3	11	15	37	2	30	12	13	31	34	36	38	31	23	30	13	29	24	37	15	8	34	15	33	36	27	32	16	14	39	38	33	4	12	22	33	26	15	5	29	29	20	8	27	2	8	11	6	23	9	20	4	16	36	16	2	26	5	36	5	10	1	37	34	6	6	15	22	26	17	8	15	11	14	36	0	15	26	26	23	26	4	21	1	9	22	11	4	1	23	25	27	7	28	4	12	33	33	32	28	35	36	27	25	27	25	34	22	20	38	34	18	13	23	7	24	18	18	39	22	17	3	15	10	6	16	12	7	14	29	26	4	6	8	7	20	3	13	0	13	19	34	18	21	10	19	10	31	5	6	4	18	10	24	14	33	37	37	21	27	3	18	30	4	25	37	29	8	13	35	8	30	27	31	20	1	24	1	22	32	25	28	26	39	28	5	6	26	21	11	31	32	25	24	2	21	21	19	35	21	15	1	9	15	27	38	39	39	22	15	34	26	22	35	17	36	15	4	39	28	22	1	26	30	32	39	23	31	27	34	3	3	27	0	34	33	29	5	26	29	30	23	8	28	36	2	17	35	27	20	9	7	16	33	6	
1	14	39	10	9	31	5	31	32	29	16	12	17	32	9	2	20	25	32	4	9	33	38	9	11	25	5	27	9	3	22	3	14	15	0	9	17	30	39	31	28	17	17	30	1	18	33	30	31	16	0	9	32	14	38	8	5	28	13	3	7	27	36	21	7	37	7	29	38	33	29	28	37	18	7	21	13	32	7	7	39	37	29	11	4	0	35	36	29	20	17	1	2	9	8	12	38	32	2	13	9	2	32	7	11	0	34	9	23	36	17	28	28	22	15	19	37	23	36	37	9	16	2	35	34	19	1	32	18	8	11	11	8	39	8	14	6	36	18	2	37	29	33	31	7	36	38	7	19	35	35	18	35	2	32	19	32	10	7	25	11	36	25	38	4	34	13	2	30	4	22	31	17	3	13	22	6	0	26	0	13	4	23	37	25	17	12	31	2	22	34	39	8	22	27	38	14	10	39	12	3	17	24	18	18	37	15	35	34	32	19	14	5	2	23	37	37	20	12	17	33	16	10	18	27	21	3	26	28	22	31	34	21	35	31	26	7	5	29	37	35	6	9	17	26	21	21	34	37	37	17	31	13	22	31	18	35	25	23	12	24	16	19	37	4	10	11	31	18	26	8	3	2	0	12	34	20	29	16	36	19	3	20	11	22	33	1	7	32	18	33	27	0	30	28	38	8	22	36	9	34	20	17	31	21	7	12	7	3	10	16	35	5	21	3	11	36	26	32	17	33	16	15	30	13	26	2	19	25	0	10	24	6	11	30	23	21	36	10	17	23	12	20	31	29	13	23	17	15	15	36	9	32	3	11	15	24	26	5	37	31	38	12	4	0	14	17	37	18	29	20	8	8	27	6	15	25	18	9	3	16	9	37	13	12	19	28	29	39	8	38	21	34	33	20	5	38	23	24	8	13	36	35	5	6	7	13	37	3	27	7	11	29	0	11	38	5	16	25	8	35	34	35	33	34	9	17	19	34	21	5	23	4	39	39	14	17	0	24	32	9	34	10	39	39	29	38	20	26	2	28	15	5	26	29	2	7	6	3	6	19	16	30	28	8	15	24	20	8	30	17	24	37	14	11	9	38	6	14	23	5	9	19	20	3	22	4	1	33	24	26	22	0	0	5	37	25	21	14	31	29	25	31	21	29	22	0	31	2	20	19	15	21	28	24	6	39	16	32	36	0	15	13	19	27	12	32	36	32	23	25	39	15	18	1	7	27	28	26	27	11	16	29	20	2	21	1	28	31	38	10	12	4	20	14	5	27	14	24	24	27	23	25	5	38	39	1	37	37	23	18	19	1	0	35	14	3	27	8	16	28	26	8	10	37	37	28	36	39	37	6	32	19	3	30	23	34	17	22	1	29	14	22	32	12	37	31	13	26	38	27	1	7	34	19	20	35	19	39	8	9	1	0	38	
32	32	20	25	39	40	20	30	26	40	26	27	29	27	27	24	20	38	39	35	38	26	20	23	35	33	39	30	38	30	29	36	20	20	26	29	28	22	31	30	36	30	20	36	34	28	33	38	20	32	35	40	38	29	33	39	37	22	35	20	40	27	20	33	35	25	25	29	28	35	22	32	35	27	25	26	34	38	40	34	22	27	38	33	34	29	21	38	23	40	34	23	30	28	35	35	27	32	27	32	38	26	32	27	28	25	38	23	21	23	22	22	26	23	22	40	40	21	38	34	28	36	32	40	35	34	28	24	24	32	29	34	24	31	37	28	23	31	20	37	24	27	40	28	32	28	38	40	36	29	22	30	24	31	25	32	28	30	37	36	33	31	20	34	33	22	39	31	33	21	23	34	27	39	34	31	33	29	27	22	20	37	40	32	25	34	30	39	29	36	29	38	40	31	23	36	23	37	36	35	36	36	29	23	30	37	20	20	40	36	26	34	40	28	25	29	38	32	30	38	29	29	38	29	36	33	22	26	35	22	35	31	26	36	27	25	20	31	30	21	28	23	33	32	29	23	23	21	40	34	34	35	22	31	37	20	23	25	26	34	29	39	28	31	31	23	36	23	31	36	25	39	36	37	30	39	32	25	22	34	25	40	39	20	22	25	36	25	21	37	32	38	38	22	38	27	22	20	29	22	35	34	29	24	39	34	26	29	29	34	25	37	20	25	26	25	36	24	39	26	22	21	34	23	28	20	33	28	20	34	38	34	30	30	32	36	32	34	24	33	21	24	30	28	32	31	21	22	34	32	21	22	38	25	24	35	25	27	32	21	38	25	23	22	25	35	37	38	40	40	22	36	40	24	40	26	33	32	25	22	31	21	20	38	24	27	32	23	29	32	21	36	34	29	32	33	38	35	31	35	39	39	36	20	32	37	35	29	22	31	29	36	34	26	32	31	39	25	26	20	39	20	26	38	21	27	30	22	22	32	20	32	29	31	20	32	24	34	27	35	34	28	29	28	20	30	20	33	35	29	37	25	36	37	23	39	28	21	23	31	32	28	20	34	40	26	33	38	22	40	25	21	34	24	34	38	25	26	20	29	40	32	20	34	40	34	27	35	26	39	40	27	39	38	34	25	20	27	36	40	40	39	33	27	28	35	27	35	34	36	21	23	32	30	27	38	35	34	23	34	36	20	29	39	30	35	31	36	33	31	27	23	37	29	34	22	30	28	25	25	20	35	27	27	32	37	39	23	29	31	39	24	29	29	22	34	31	21	27	33	21	36	22	40	32	31	29	33	33	37	24	40	24	36	21	32	39	20	32	27	35	27	38	39	26	39	26	20	29	20	25	34	21	28	38	33	31	24	30	29	22	32	28	37	37	30	25	36	26	30	23	28	40	37	30	28	40	31	21	40	37	29	31	29	
22	42	41	34	38	30	38	12	38	50	23	43	31	38	41	24	46	30	36	20	39	23	38	25	10	39	38	22	30	38	37	22	47	37	11	47	38	33	13	42	23	46	50	46	25	19	14	42	19	41	45	19	10	33	19	36	11	31	14	39	43	18	28	20	15	48	43	50	27	19	18	34	30	12	26	27	28	25	18	44	18	47	35	22	45	13	17	39	36	14	31	17	49	20	38	43	10	13	18	19	23	30	18	47	20	15	26	24	18	35	17	10	23	29	44	15	32	43	36	22	22	25	25	25	46	42	20	26	29	40	45	33	39	38	16	38	22	44	23	25	26	22	15	26	11	22	34	16	41	26	31	11	20	33	17	50	36	29	18	49	42	35	14	47	29	24	16	34	47	11	45	15	21	20	48	38	13	48	40	41	33	14	36	12	29	11	36	29	49	50	38	15	28	12	44	39	38	12	45	22	11	19	12	32	23	17	29	24	29	35	27	16	14	39	15	35	50	10	35	16	21	18	23	45	47	37	46	46	11	34	24	38	37	30	12	14	19	41	12	21	16	28	30	12	18	44	14	36	29	44	27	23	46	27	29	33	48	26	25	46	43	18	41	21	41	47	38	28	22	38	33	25	27	39	43	32	33	50	26	41	29	32	39	45	39	16	40	18	32	14	17	12	38	41	17	16	25	18	46	39	10	13	37	14	39	31	40	24	47	28	47	47	27	38	43	28	44	20	30	35	28	44	26	27	27	34	20	32	18	19	38	26	44	18	37	25	23	23	47	38	29	31	41	41	36	13	34	41	38	19	33	13	15	25	48	14	42	16	13	35	31	21	10	15	29	14	28	45	18	10	26	46	10	12	10	10	43	12	39	39	19	17	46	40	22	23	12	42	50	24	40	43	20	36	17	12	10	15	14	20	33	23	24	28	32	33	32	24	26	13	30	49	30	24	30	19	10	27	19	25	10	45	16	20	28	35	43	28	24	41	31	19	48	13	26	10	10	24	11	27	48	21	11	19	18	12	23	30	48	39	50	14	35	33	26	16	43	21	12	16	40	35	33	38	43	43	13	22	28	37	11	16	45	37	50	17	36	34	28	40	44	32	41	24	11	42	24	38	36	47	40	14	39	38	24	23	27	25	43	17	42	27	16	28	30	43	28	39	29	11	48	15	40	49	46	22	10	41	14	31	34	43	50	42	40	34	49	43	40	22	49	34	22	14	40	32	22	40	31	31	18	28	21	22	24	20	29	46	50	35	22	13	17	21	38	21	31	43	21	12	50	44	16	41	29	10	20	34	17	42	12	21	14	33	17	41	16	38	15	10	21	43	31	23	46	16	47	44	13	38	17	31	28	13	38	42	42	50	49	10	19	19	50	36	47	21	47	34	36	35	50	15	32	28	17	15	50	17	42	35	26	21	41	14	
15
80
