702
40
0	0	0	0	0	0	0	0	0	0	0	0	0	0	0	0	0	0	0	0	0	500	0	0	0	0	0	0	500	0	0	0	0	0	0	0	0	0	0	0	
0	0	0	0	0	0	0	0	0	0	0	0	192	0	0	0	0	0	0	0	0	0	192	0	0	0	0	0	0	0	0	0	0	48	0	0	0	0	0	0	
0	0	0	0	0	48	0	0	0	0	192	48	0	0	0	0	0	0	0	48	0	0	0	0	0	0	0	0	0	0	0	0	0	0	0	0	0	0	0	0	
0	0	0	0	0	0	0	0	0	0	0	0	0	0	0	0	0	0	0	0	0	192	0	0	0	0	0	0	0	0	0	0	0	0	0	0	48	192	0	0	
0	0	0	0	0	0	0	0	0	192	0	0	0	0	48	0	0	0	0	0	0	0	0	0	0	0	0	0	0	0	0	0	0	0	0	0	0	48	0	0	
0	0	48	0	0	0	0	0	0	0	0	0	0	0	0	48	0	0	0	0	0	0	0	0	0	0	0	0	0	0	0	0	0	0	0	0	0	0	0	0	
0	0	0	0	0	0	0	0	48	0	0	500	0	0	0	0	0	0	0	0	0	0	0	0	0	0	0	0	0	0	0	0	0	0	0	96	0	0	0	0	
0	0	0	0	0	0	0	0	0	0	0	0	0	0	0	0	0	0	0	0	48	0	0	0	0	0	0	0	0	0	192	0	192	0	0	0	0	0	0	0	
0	0	0	0	0	0	48	0	0	0	0	0	0	0	0	0	0	0	0	192	0	0	0	0	0	0	0	0	0	0	0	0	0	0	0	48	0	0	0	0	
0	0	0	0	192	0	0	0	0	0	0	0	0	0	500	0	0	500	0	0	0	0	0	0	0	0	0	0	0	0	0	0	0	0	0	0	0	0	0	0	
0	0	192	0	0	0	0	0	0	0	0	0	0	48	0	0	0	0	0	0	0	0	0	0	0	0	0	0	0	0	0	0	0	192	0	0	0	0	0	0	
0	0	48	0	0	0	500	0	0	0	0	0	0	0	0	0	0	0	0	0	0	0	0	0	0	0	0	0	0	0	0	0	0	0	0	0	0	0	0	0	
0	192	0	0	0	0	0	0	0	0	0	0	0	0	0	0	0	0	0	0	0	0	0	0	0	0	0	0	0	0	0	0	0	0	192	0	0	0	0	0	
0	0	0	0	0	0	0	0	0	0	48	0	0	0	0	0	0	0	0	0	0	0	0	0	0	0	0	0	0	0	0	0	96	0	0	0	0	0	0	0	
0	0	0	0	48	0	0	0	0	500	0	0	0	0	0	0	0	96	0	0	0	0	0	0	0	0	0	0	0	0	0	0	0	0	0	0	0	0	0	0	
0	0	0	0	0	48	0	0	0	0	0	0	0	0	0	0	0	0	0	0	0	0	0	0	0	96	0	0	0	0	0	0	0	0	0	500	0	0	0	0	
0	0	0	0	0	0	0	0	0	0	0	0	0	0	0	0	0	0	0	0	96	0	0	0	0	0	0	0	0	0	500	0	0	0	0	0	0	0	0	0	
0	0	0	0	0	0	0	0	0	500	0	0	0	0	96	0	0	0	0	0	0	0	0	0	0	0	0	0	0	0	0	0	0	0	0	0	0	0	0	500	
0	0	0	0	0	0	0	0	0	0	0	0	0	0	0	0	0	0	0	0	0	0	0	0	0	0	0	0	0	48	0	0	0	0	0	0	192	0	0	0	
0	0	48	0	0	0	0	0	192	0	0	0	0	0	0	0	0	0	0	0	0	0	0	0	0	0	0	0	0	0	0	0	0	0	0	0	0	0	0	0	
0	0	0	0	0	0	0	48	0	0	0	0	0	0	0	0	96	0	0	0	0	0	0	0	0	0	0	0	0	0	0	0	0	0	0	0	500	0	0	0	
500	0	0	192	0	0	0	0	0	0	0	0	0	0	0	0	0	0	0	0	0	0	0	0	0	0	0	0	96	0	0	0	0	0	0	0	0	0	0	0	
0	192	0	0	0	0	0	0	0	0	0	0	0	0	0	0	0	0	0	0	0	0	0	0	0	0	0	0	0	0	0	0	0	0	500	0	0	0	0	0	
0	0	0	0	0	0	0	0	0	0	0	0	0	0	0	0	0	0	0	0	0	0	0	0	0	0	192	0	0	0	192	0	0	0	0	0	0	0	0	0	
0	0	0	0	0	0	0	0	0	0	0	0	0	0	0	0	0	0	0	0	0	0	0	0	0	0	96	0	0	192	0	96	0	0	0	0	0	0	0	0	
0	0	0	0	0	0	0	0	0	0	0	0	0	0	0	96	0	0	0	0	0	0	0	0	0	0	0	0	0	0	48	0	0	0	0	0	0	0	0	0	
0	0	0	0	0	0	0	0	0	0	0	0	0	0	0	0	0	0	0	0	0	0	0	192	96	0	0	0	0	0	0	0	0	0	0	0	0	0	0	0	
0	0	0	0	0	0	0	0	0	0	0	0	0	0	0	0	0	0	0	0	0	0	0	0	0	0	0	0	500	0	0	0	0	0	0	0	0	0	192	0	
500	0	0	0	0	0	0	0	0	0	0	0	0	0	0	0	0	0	0	0	0	96	0	0	0	0	0	500	0	0	0	0	0	0	0	0	0	0	500	0	
0	0	0	0	0	0	0	0	0	0	0	0	0	0	0	0	0	0	48	0	0	0	0	0	192	0	0	0	0	0	0	500	0	0	0	0	0	0	0	0	
0	0	0	0	0	0	0	192	0	0	0	0	0	0	0	0	500	0	0	0	0	0	0	192	0	48	0	0	0	0	0	0	0	0	0	0	0	0	0	96	
0	0	0	0	0	0	0	0	0	0	0	0	0	0	0	0	0	0	0	0	0	0	0	0	96	0	0	0	0	500	0	0	0	0	0	0	0	0	0	0	
0	0	0	0	0	0	0	192	0	0	0	0	0	96	0	0	0	0	0	0	0	0	0	0	0	0	0	0	0	0	0	0	0	0	0	0	0	0	0	0	
0	48	0	0	0	0	0	0	0	0	192	0	0	0	0	0	0	0	0	0	0	0	0	0	0	0	0	0	0	0	0	0	0	0	0	0	0	0	0	0	
0	0	0	0	0	0	0	0	0	0	0	0	192	0	0	0	0	0	0	0	0	0	500	0	0	0	0	0	0	0	0	0	0	0	0	0	0	0	0	0	
0	0	0	0	0	0	96	0	48	0	0	0	0	0	0	500	0	0	0	0	0	0	0	0	0	0	0	0	0	0	0	0	0	0	0	0	0	0	0	0	
0	0	0	48	0	0	0	0	0	0	0	0	0	0	0	0	0	0	192	0	500	0	0	0	0	0	0	0	0	0	0	0	0	0	0	0	0	0	0	0	
0	0	0	192	48	0	0	0	0	0	0	0	0	0	0	0	0	0	0	0	0	0	0	0	0	0	0	0	0	0	0	0	0	0	0	0	0	0	0	0	
0	0	0	0	0	0	0	0	0	0	0	0	0	0	0	0	0	0	0	0	0	0	0	0	0	0	0	192	500	0	0	0	0	0	0	0	0	0	0	96	
0	0	0	0	0	0	0	0	0	0	0	0	0	0	0	0	0	500	0	0	0	0	0	0	0	0	0	0	0	0	96	0	0	0	0	0	0	0	96	0	
18	19	29	12	26	1	11	8	32	25	19	10	28	4	22	28	0	35	5	29	28	38	9	32	26	31	10	13	10	22	11	30	13	37	35	2	21	29	29	20	18	39	33	36	14	3	7	11	10	19	33	18	37	24	25	35	27	35	38	13	34	36	26	19	21	21	22	21	21	30	12	29	26	2	27	26	37	32	37	39	32	1	35	12	28	0	22	26	0	12	39	34	0	15	15	6	35	33	14	21	2	36	15	26	38	17	26	14	9	1	0	24	12	28	25	2	15	12	0	14	19	34	21	36	2	6	16	29	37	2	3	35	4	15	8	21	16	14	30	38	26	31	24	14	21	4	29	30	39	14	7	31	27	21	31	19	26	3	6	18	20	25	5	21	10	23	38	37	14	7	0	11	9	34	36	33	34	33	37	7	29	12	11	30	8	37	39	7	30	13	18	35	0	36	28	20	38	36	24	34	18	22	38	22	20	10	30	9	5	35	3	20	31	31	20	9	34	18	12	0	32	11	26	10	17	28	24	32	7	38	16	20	26	34	17	21	36	32	29	14	37	1	13	15	14	0	2	9	17	28	30	6	15	15	0	5	7	2	25	1	21	37	20	10	16	10	25	34	17	26	1	8	1	21	5	31	19	21	38	23	13	35	28	9	18	0	18	30	3	20	15	15	24	17	14	22	18	16	39	35	27	17	18	23	3	30	9	27	28	24	22	9	14	15	8	17	19	30	17	35	27	19	11	35	7	34	29	7	9	26	17	17	2	13	16	11	34	4	11	5	26	31	35	0	4	32	17	13	8	0	38	14	32	8	19	3	28	24	0	37	38	26	8	13	30	39	35	20	29	15	1	36	5	28	5	4	15	23	23	7	11	8	7	14	2	25	8	0	6	3	17	23	31	14	20	13	39	21	19	10	30	23	37	39	22	13	20	6	31	34	33	30	10	21	13	18	9	23	18	26	37	27	39	23	22	24	22	27	21	32	39	5	12	12	37	8	35	12	16	12	36	10	9	2	39	22	25	36	30	35	25	9	33	32	1	12	1	23	12	5	0	32	25	5	7	37	19	14	21	7	25	7	22	7	6	3	9	29	9	26	15	27	29	5	25	34	17	38	34	34	7	28	16	5	24	10	6	36	13	32	21	8	15	8	13	1	32	17	15	17	7	14	37	25	38	23	31	17	29	21	23	27	7	1	5	16	4	12	27	24	5	0	1	37	3	29	1	16	38	4	11	10	33	38	32	35	20	21	2	29	39	32	1	24	21	18	31	31	13	19	21	17	33	13	10	24	35	39	2	12	10	12	19	15	8	20	32	10	23	24	2	14	6	25	25	3	15	25	14	35	19	23	11	39	27	6	17	31	24	38	16	21	27	33	33	18	21	38	38	31	15	8	23	28	25	39	13	19	6	28	10	36	22	8	31	18	25	37	20	28	34	11	18	19	17	19	35	26	38	38	8	0	36	29	17	39	18	34	31	7	26	4	4	10	38	30	24	17	37	9	4	5	17	4	2	14	19	10	11	14	28	34	31	22	14	23	39	39	0	9	21	25	4	18	26	30	26	1	13	6	37	9	34	12	37	18	31	31	11	5	32	16	
19	25	1	25	38	39	27	29	9	39	0	38	9	39	11	10	18	4	35	13	26	19	36	13	29	8	36	38	10	26	22	13	3	28	9	32	16	29	8	3	36	8	34	12	13	35	19	31	15	19	8	1	24	37	14	16	21	38	26	8	26	3	26	39	5	24	34	25	18	4	22	35	32	18	5	27	9	25	35	13	13	12	13	30	7	25	17	12	21	21	2	3	3	21	31	17	31	5	12	2	38	36	5	12	20	14	9	18	39	23	5	36	20	29	20	28	7	37	12	9	6	29	19	32	6	31	21	4	35	35	14	13	3	37	14	37	10	34	23	27	22	30	31	28	12	8	19	11	32	27	25	7	16	13	21	29	1	19	19	9	15	18	18	32	32	39	31	32	1	15	29	21	30	31	10	4	13	27	20	19	2	34	39	15	35	31	23	35	29	16	35	38	21	2	31	29	31	18	33	4	24	37	12	8	31	8	39	14	7	24	13	36	29	1	29	15	32	10	11	27	2	6	12	29	35	35	5	10	22	14	4	0	1	36	28	12	17	2	20	25	34	37	16	14	33	2	13	0	13	37	32	11	9	29	14	20	26	5	36	25	23	19	0	6	19	21	6	24	35	38	10	5	22	12	35	17	14	11	13	34	3	2	38	28	0	29	9	28	35	8	20	8	8	18	37	12	37	6	24	30	7	18	34	2	2	19	24	5	12	38	15	37	10	8	4	22	16	30	29	22	20	36	13	1	3	33	27	36	9	24	3	29	36	31	26	32	16	11	37	34	36	18	26	25	26	6	28	2	26	23	10	8	15	1	7	18	22	25	10	5	6	27	15	37	18	6	4	23	31	13	12	32	28	22	29	38	27	14	13	6	20	10	0	4	34	15	10	21	11	18	26	6	3	7	37	13	25	21	30	15	31	15	11	0	37	12	2	13	30	31	15	11	39	6	38	8	15	22	14	32	25	4	4	17	34	29	3	15	16	21	9	32	32	3	12	0	23	2	8	4	17	9	9	17	4	3	6	29	12	14	19	5	7	7	38	5	18	35	18	2	33	7	30	34	18	15	37	33	26	26	30	4	5	11	21	9	1	33	15	4	26	15	25	10	7	19	33	9	34	26	18	38	35	33	35	28	5	29	24	27	6	34	6	37	18	31	34	25	15	8	1	19	10	25	32	33	15	32	13	15	4	34	20	11	22	20	9	24	17	3	27	38	35	20	22	31	32	12	16	34	7	31	20	12	2	28	0	24	1	38	34	14	39	36	14	0	34	33	9	5	14	11	32	34	33	7	32	26	16	33	38	13	31	16	8	13	4	8	9	17	3	13	32	29	27	22	9	15	22	22	9	3	12	27	21	23	8	34	19	7	16	32	30	8	32	34	37	7	22	5	11	27	15	5	31	30	39	33	21	39	36	12	2	34	35	13	4	13	32	31	22	4	25	8	23	28	18	29	35	3	2	35	22	29	35	30	7	16	5	13	11	24	35	36	29	34	3	31	3	12	33	4	3	2	35	33	25	33	22	33	33	7	30	26	18	25	25	1	17	2	4	26	9	33	11	4	0	3	4	3	36	36	3	19	8	1	14	2	11	16	2	38	
32	21	32	21	24	23	35	26	25	36	21	29	37	36	33	27	38	34	26	37	22	35	23	25	32	26	37	32	27	39	36	23	25	32	38	28	25	38	37	25	31	37	22	33	25	37	31	35	39	38	31	25	32	32	36	23	32	28	32	28	26	29	35	32	22	33	20	20	31	25	31	22	37	22	29	27	21	20	36	34	34	24	38	40	23	24	40	24	29	35	23	22	40	24	37	30	37	24	36	28	31	30	24	38	21	26	40	38	39	27	22	25	40	33	32	39	36	25	36	28	39	25	36	34	39	25	32	25	23	32	23	20	31	26	39	35	21	21	22	24	32	26	39	33	36	24	31	35	25	32	27	25	21	27	32	23	32	22	38	21	21	33	23	40	20	20	28	38	36	39	26	30	40	33	37	33	24	37	26	35	39	40	35	38	32	24	32	33	26	29	40	34	35	22	39	22	33	37	33	40	28	39	24	24	40	39	27	40	22	37	40	31	24	33	37	22	23	37	23	39	26	39	35	38	34	33	29	31	22	21	40	32	22	27	38	30	30	23	22	38	38	36	25	35	21	38	37	34	25	31	21	32	34	37	34	39	24	21	23	27	21	21	25	23	30	30	35	30	34	40	30	29	37	20	24	21	25	35	35	37	23	31	25	26	34	21	34	29	21	36	27	28	22	36	37	22	22	33	29	40	37	32	25	36	27	24	39	27	37	35	31	26	40	26	24	39	38	34	20	20	32	36	21	28	27	36	33	20	37	21	22	29	29	28	28	40	39	26	27	40	39	30	29	30	27	25	33	39	37	32	23	20	40	31	29	32	29	36	23	31	22	29	20	39	34	40	34	25	28	38	32	38	22	28	40	26	36	31	31	40	36	29	28	40	40	24	30	34	30	35	22	30	32	21	32	34	24	34	22	34	28	25	27	21	24	21	26	29	31	27	39	28	37	24	24	20	25	33	32	31	36	37	30	29	37	24	33	21	23	35	21	21	35	27	34	22	23	36	21	36	23	34	26	38	40	37	38	31	35	38	22	25	23	31	33	37	33	31	21	27	21	30	26	32	20	32	26	20	36	37	21	28	28	22	39	25	33	25	38	30	37	28	21	39	30	34	28	26	32	40	39	23	24	24	37	40	27	31	26	27	20	30	32	28	26	28	30	24	23	23	22	30	38	27	32	28	36	32	22	37	25	23	28	28	22	30	28	21	35	36	25	30	21	28	21	21	40	27	38	21	27	29	29	21	33	32	27	23	27	40	28	36	37	28	36	23	39	35	20	40	20	33	20	20	22	39	30	20	34	27	20	30	24	23	31	22	36	35	28	39	33	33	27	27	38	27	35	40	26	22	21	31	34	36	39	40	27	39	21	36	39	27	26	40	21	24	22	25	29	23	28	31	35	34	21	40	32	39	21	37	28	28	39	30	27	22	26	36	35	29	26	37	27	39	22	26	26	38	29	29	37	22	22	30	30	21	25	21	31	28	29	33	27	29	27	26	25	27	33	20	29	28	20	33	21	31	37	26	35	37	36	34	38	38	39	38	39	27	31	37	39	37	32	30	24	38	27	28	30	34	37	21	33	21	24	26	40	25	37	36	31	27	
25	12	24	44	19	12	31	32	27	32	36	40	31	44	23	33	43	15	46	40	42	41	35	10	46	43	44	32	37	22	16	29	28	31	31	50	47	31	49	35	45	11	27	35	12	10	22	21	44	35	16	15	45	17	33	10	31	18	23	45	50	27	25	18	50	33	14	24	23	19	37	42	28	50	19	39	30	33	26	28	50	12	45	46	40	21	45	38	10	26	22	23	13	37	24	50	45	29	17	29	43	24	16	49	32	16	11	17	41	50	39	19	49	50	42	26	43	22	35	15	28	17	14	23	44	40	37	47	21	37	50	31	24	26	19	29	22	19	47	22	42	10	19	47	48	31	29	49	49	29	34	39	11	20	40	26	28	27	43	41	15	36	34	34	12	23	49	37	27	17	37	37	30	43	29	45	10	19	19	49	47	21	15	31	27	32	20	27	10	36	25	19	32	24	40	29	36	13	23	46	11	31	43	26	20	48	32	28	15	42	43	38	20	36	16	48	10	44	28	19	21	15	35	13	39	22	42	12	37	17	36	29	23	27	37	35	50	12	27	49	28	26	33	23	47	24	42	30	49	44	11	38	42	34	33	27	22	28	29	47	37	33	36	32	18	26	18	47	26	25	36	32	46	34	18	16	35	22	11	13	39	29	15	16	13	43	21	36	39	40	22	48	18	50	47	37	11	17	40	24	13	17	31	33	34	12	21	33	38	12	48	22	46	22	31	16	29	48	32	12	45	38	45	47	40	16	31	49	31	48	43	22	49	37	34	32	30	41	23	45	45	40	30	28	27	28	47	45	16	20	13	42	45	29	28	40	47	11	37	33	34	18	49	14	40	31	35	26	31	29	46	26	39	38	43	38	18	29	37	34	42	47	11	17	38	24	10	50	26	24	27	19	44	37	39	14	42	30	15	38	20	13	30	23	50	20	46	23	26	22	12	28	33	38	23	33	19	41	38	41	24	44	25	36	39	31	44	37	11	23	37	33	18	16	39	16	32	41	50	31	49	36	23	43	43	13	23	21	46	50	28	27	37	28	29	34	36	12	36	45	26	50	32	32	38	34	43	44	42	24	37	11	50	21	22	19	12	20	32	38	33	49	24	22	32	38	43	18	31	28	37	12	20	16	31	32	37	25	42	46	36	33	30	40	36	15	50	42	44	47	39	47	17	27	27	40	23	40	16	43	30	27	27	25	31	34	47	16	21	11	49	38	44	23	17	11	37	47	39	46	47	35	50	30	38	32	49	45	30	23	10	41	39	39	39	34	47	11	38	37	19	29	13	23	47	26	12	18	25	26	18	35	34	31	30	24	36	35	29	10	26	49	40	17	46	13	12	36	10	37	17	28	14	38	20	26	43	29	46	36	48	31	43	32	26	15	17	10	33	43	32	40	10	34	22	26	16	27	32	43	31	40	38	27	26	16	29	41	20	41	10	36	45	41	20	41	48	25	49	45	43	35	47	17	28	49	10	50	45	30	25	38	34	28	18	23	38	35	10	10	34	31	47	25	38	15	45	37	13	11	27	10	21	20	45	28	35	19	17	44	32	11	36	17	16	31	43	22	38	21	27	30	42	40	25	25	26	31	27	24	43	43	
15
90
