546
40
0	0	0	0	0	0	0	0	0	0	500	0	0	0	0	0	0	0	0	0	0	0	0	0	0	48	0	0	0	0	0	0	0	0	0	0	0	0	0	0	
0	0	0	0	0	0	0	0	0	0	0	500	0	0	0	0	0	0	0	0	0	0	0	192	0	0	0	0	0	0	0	0	0	0	0	0	0	0	0	0	
0	0	0	0	0	0	0	0	0	0	0	0	0	0	0	0	0	0	0	0	0	0	0	0	0	0	192	0	0	0	192	0	0	0	0	0	0	0	0	0	
0	0	0	0	0	0	0	0	0	0	0	0	0	0	0	0	0	0	0	0	0	0	0	0	0	0	96	0	0	0	0	48	0	0	0	0	0	0	0	0	
0	0	0	0	0	0	0	0	48	0	0	0	96	0	0	0	0	0	0	0	0	0	0	0	48	0	0	0	0	0	0	0	0	0	0	0	0	0	0	0	
0	0	0	0	0	0	0	0	0	0	0	0	0	0	192	0	0	0	0	0	0	0	0	0	0	0	0	48	0	0	0	0	0	0	0	0	0	0	0	0	
0	0	0	0	0	0	0	0	0	0	0	0	0	0	0	0	0	0	0	0	500	0	0	0	0	96	0	0	0	0	0	0	0	0	0	0	0	0	0	0	
0	0	0	0	0	0	0	0	0	0	0	0	0	0	0	0	0	0	0	0	0	0	0	0	0	0	0	0	500	0	0	0	0	0	0	0	0	0	192	0	
0	0	0	0	48	0	0	0	0	0	0	0	192	0	0	0	0	0	0	0	0	0	0	0	500	0	0	0	0	0	48	0	0	0	0	0	0	0	0	0	
0	0	0	0	0	0	0	0	0	0	0	0	0	0	96	0	0	0	0	48	0	0	192	0	0	0	0	48	0	0	0	0	0	0	0	0	0	0	0	0	
500	0	0	0	0	0	0	0	0	0	0	0	0	0	0	48	0	0	0	0	0	0	0	0	0	0	0	0	0	0	0	0	0	0	0	192	0	0	0	0	
0	500	0	0	0	0	0	0	0	0	0	0	0	0	0	0	0	0	0	0	0	0	0	192	0	0	0	0	0	0	0	0	0	0	0	0	192	0	0	0	
0	0	0	0	96	0	0	0	192	0	0	0	0	0	0	0	0	96	0	0	0	0	0	0	0	0	0	0	0	0	0	0	0	0	0	0	0	0	0	0	
0	0	0	0	0	0	0	0	0	0	0	0	0	0	0	0	0	0	0	0	0	0	0	0	0	0	0	0	500	0	0	0	0	0	0	0	0	500	0	0	
0	0	0	0	0	192	0	0	0	96	0	0	0	0	0	0	500	0	0	0	0	0	0	0	0	0	0	48	0	0	0	0	0	0	0	0	0	0	0	0	
0	0	0	0	0	0	0	0	0	0	48	0	0	0	0	0	500	0	0	96	0	0	0	0	0	0	0	0	0	0	0	0	0	0	0	48	0	0	0	0	
0	0	0	0	0	0	0	0	0	0	0	0	0	0	500	500	0	0	0	0	0	0	0	0	0	0	0	0	0	0	0	0	0	0	0	48	0	0	0	0	
0	0	0	0	0	0	0	0	0	0	0	0	96	0	0	0	0	0	0	0	0	0	0	0	48	0	0	0	0	0	0	192	96	0	0	0	0	0	0	0	
0	0	0	0	0	0	0	0	0	0	0	0	0	0	0	0	0	0	0	0	0	96	0	0	0	0	0	0	0	0	0	0	0	0	0	0	0	96	0	0	
0	0	0	0	0	0	0	0	0	48	0	0	0	0	0	96	0	0	0	0	0	0	0	0	0	0	0	0	0	0	0	0	0	0	0	0	0	0	0	0	
0	0	0	0	0	0	500	0	0	0	0	0	0	0	0	0	0	0	0	0	0	0	48	0	0	0	0	0	0	0	0	0	0	0	0	0	0	0	0	0	
0	0	0	0	0	0	0	0	0	0	0	0	0	0	0	0	0	0	96	0	0	0	0	0	0	0	0	0	192	0	0	0	0	0	0	0	0	0	0	0	
0	0	0	0	0	0	0	0	0	192	0	0	0	0	0	0	0	0	0	0	48	0	0	0	0	0	0	0	0	0	500	0	0	500	0	0	0	0	0	0	
0	192	0	0	0	0	0	0	0	0	0	192	0	0	0	0	0	0	0	0	0	0	0	0	0	0	0	0	0	0	0	0	0	0	0	0	0	0	0	0	
0	0	0	0	48	0	0	0	500	0	0	0	0	0	0	0	0	48	0	0	0	0	0	0	0	0	0	0	0	0	0	0	0	0	0	0	0	0	0	0	
48	0	0	0	0	0	96	0	0	0	0	0	0	0	0	0	0	0	0	0	0	0	0	0	0	0	0	0	0	0	0	0	0	0	0	0	0	0	0	0	
0	0	192	96	0	0	0	0	0	0	0	0	0	0	0	0	0	0	0	0	0	0	0	0	0	0	0	0	0	0	0	0	0	0	0	0	0	0	0	0	
0	0	0	0	0	48	0	0	0	48	0	0	0	0	48	0	0	0	0	0	0	0	0	0	0	0	0	0	0	0	0	0	0	0	0	0	0	0	0	0	
0	0	0	0	0	0	0	500	0	0	0	0	0	500	0	0	0	0	0	0	0	192	0	0	0	0	0	0	0	0	0	0	0	0	0	0	0	0	0	0	
0	0	0	0	0	0	0	0	0	0	0	0	0	0	0	0	0	0	0	0	0	0	0	0	0	0	0	0	0	0	0	0	0	0	48	0	0	0	0	48	
0	0	192	0	0	0	0	0	48	0	0	0	0	0	0	0	0	0	0	0	0	0	500	0	0	0	0	0	0	0	0	0	0	0	0	0	0	0	0	0	
0	0	0	48	0	0	0	0	0	0	0	0	0	0	0	0	0	192	0	0	0	0	0	0	0	0	0	0	0	0	0	0	0	0	0	0	0	0	0	0	
0	0	0	0	0	0	0	0	0	0	0	0	0	0	0	0	0	96	0	0	0	0	0	0	0	0	0	0	0	0	0	0	0	0	0	0	0	0	192	0	
0	0	0	0	0	0	0	0	0	0	0	0	0	0	0	0	0	0	0	0	0	0	500	0	0	0	0	0	0	0	0	0	0	0	48	0	0	0	0	0	
0	0	0	0	0	0	0	0	0	0	0	0	0	0	0	0	0	0	0	0	0	0	0	0	0	0	0	0	0	48	0	0	0	48	0	0	0	0	0	500	
0	0	0	0	0	0	0	0	0	0	192	0	0	0	0	48	48	0	0	0	0	0	0	0	0	0	0	0	0	0	0	0	0	0	0	0	0	0	0	0	
0	0	0	0	0	0	0	0	0	0	0	192	0	0	0	0	0	0	0	0	0	0	0	0	0	0	0	0	0	0	0	0	0	0	0	0	0	0	0	48	
0	0	0	0	0	0	0	0	0	0	0	0	0	500	0	0	0	0	96	0	0	0	0	0	0	0	0	0	0	0	0	0	0	0	0	0	0	0	0	0	
0	0	0	0	0	0	0	192	0	0	0	0	0	0	0	0	0	0	0	0	0	0	0	0	0	0	0	0	0	0	0	0	192	0	0	0	0	0	0	0	
0	0	0	0	0	0	0	0	0	0	0	0	0	0	0	0	0	0	0	0	0	0	0	0	0	0	0	0	0	48	0	0	0	0	500	0	48	0	0	0	
36	20	20	0	15	8	8	16	37	15	14	18	18	39	18	19	4	29	25	25	23	22	0	0	1	6	4	13	6	27	10	37	36	26	39	30	39	32	8	36	5	26	2	4	3	20	18	28	20	28	5	16	8	15	8	13	2	1	32	24	23	16	34	30	21	26	27	37	32	25	32	9	14	21	22	32	4	1	10	21	38	20	9	23	33	8	32	35	27	5	36	12	9	23	19	17	23	2	0	14	35	36	9	8	33	26	35	12	30	8	35	32	24	28	7	16	28	19	2	1	6	26	2	25	28	38	21	28	26	3	38	7	6	7	11	31	20	31	17	18	34	32	30	20	28	14	37	10	0	15	37	9	18	8	33	15	32	14	23	24	14	13	29	25	2	20	22	16	24	6	1	17	30	0	25	9	0	9	37	29	28	36	32	18	23	23	25	14	21	23	19	21	11	33	5	5	15	25	34	17	5	13	33	16	19	26	38	6	38	13	37	33	2	18	13	20	36	39	10	14	10	17	24	3	1	13	30	9	13	23	24	20	12	14	2	9	10	13	11	29	20	9	15	5	8	9	3	15	11	0	19	23	33	4	30	19	8	34	8	38	4	39	14	23	11	31	29	26	1	0	18	21	36	7	33	35	8	1	25	35	3	26	22	9	25	8	13	35	24	0	3	37	28	31	29	4	3	34	32	21	33	21	1	21	4	22	5	18	1	34	33	32	4	21	10	4	26	22	5	4	17	32	31	20	13	1	21	25	28	13	36	0	3	35	17	7	14	30	33	10	2	4	2	38	29	33	15	1	4	4	30	38	27	0	12	36	7	11	6	15	22	34	18	13	21	1	19	2	24	6	15	27	5	6	3	21	0	6	5	30	31	27	24	9	30	25	10	22	2	22	16	31	18	15	8	3	24	17	21	13	4	0	22	37	24	18	14	29	36	20	19	20	10	11	19	6	18	19	33	0	15	35	28	7	22	38	31	25	13	9	25	18	32	35	29	23	13	7	18	6	24	27	35	19	7	20	39	3	39	15	33	3	4	32	24	33	11	13	23	9	26	3	37	24	38	23	38	35	19	5	6	8	14	27	36	11	37	14	20	9	21	11	2	32	18	6	37	3	9	6	17	1	32	6	10	15	28	11	15	0	9	36	4	3	5	4	6	12	20	33	1	8	4	32	36	5	9	6	11	23	1	23	35	35	32	1	9	38	4	33	34	30	33	28	35	7	37	38	16	22	4	22	32	8	36	38	
31	0	27	18	39	18	30	23	15	25	5	38	24	6	27	39	4	34	32	11	20	5	20	28	8	33	2	10	25	31	1	14	1	31	36	9	32	35	10	20	16	36	6	0	1	34	31	7	13	32	23	33	12	4	23	7	16	10	0	18	9	9	12	36	32	35	34	29	23	25	20	6	6	19	3	24	15	20	32	20	11	10	11	4	17	17	7	23	37	16	36	32	13	17	35	31	36	37	29	30	27	4	26	4	18	24	5	20	18	26	37	22	37	34	29	35	36	2	12	36	6	11	5	19	39	30	7	16	21	3	20	12	3	36	6	24	2	33	20	21	26	21	8	21	21	31	11	0	11	33	6	7	5	19	18	11	29	23	16	5	35	30	9	7	1	9	30	9	15	24	0	28	31	21	0	17	1	24	39	25	15	28	5	6	9	8	21	8	8	14	15	8	6	30	19	15	20	26	4	6	18	3	17	31	17	10	13	2	3	23	7	16	24	12	1	34	18	10	5	9	1	17	26	15	15	35	10	28	36	17	38	17	33	4	15	39	16	4	6	8	1	11	36	11	30	10	10	3	0	33	25	0	38	10	10	35	4	6	22	6	8	5	30	25	37	33	18	36	20	11	5	34	5	4	15	20	25	28	0	33	34	5	3	28	33	16	7	5	38	29	23	37	2	6	26	29	31	28	19	31	37	23	1	2	22	17	30	25	26	3	11	4	34	38	33	5	0	2	34	19	29	1	29	17	33	36	28	39	37	3	0	14	35	0	10	31	11	28	10	28	31	0	11	37	7	28	37	10	13	34	17	31	1	10	0	2	20	39	2	37	32	16	34	18	22	14	39	25	30	12	36	27	17	33	16	34	1	23	30	37	22	38	37	23	18	17	31	16	21	14	6	25	17	17	17	12	38	33	10	32	29	33	2	16	16	31	26	4	24	39	3	13	5	0	30	12	32	12	36	19	35	35	30	2	14	8	29	18	27	34	10	12	2	18	30	1	12	19	1	19	35	28	14	2	32	14	29	23	27	28	30	19	29	29	12	39	0	3	38	5	13	39	7	29	3	25	6	8	30	19	37	39	12	30	30	4	16	18	16	22	27	1	13	32	13	20	38	26	24	36	12	13	28	17	0	11	34	37	27	35	28	32	22	16	34	29	10	18	14	35	24	35	24	19	1	34	2	16	38	26	12	25	7	19	15	32	15	22	21	29	6	4	23	11	4	30	5	1	12	6	24	24	29	20	2	27	
37	26	20	20	37	26	28	20	27	22	23	36	21	40	39	38	26	22	27	36	24	30	35	26	24	26	29	25	27	25	33	37	35	39	23	34	39	23	22	20	32	28	38	35	35	30	38	40	28	34	26	25	27	28	23	34	38	22	38	27	28	21	37	29	34	25	37	24	40	22	36	36	34	40	33	34	24	28	28	30	40	38	30	38	23	40	20	20	27	36	29	23	40	37	37	26	21	37	34	37	27	20	30	39	29	40	31	29	27	20	32	22	25	25	38	21	27	25	34	33	27	23	21	23	27	33	33	36	21	39	36	35	33	25	28	33	34	21	39	34	40	23	36	33	35	22	29	23	23	25	23	33	36	25	36	34	25	22	39	35	22	33	33	39	25	39	40	31	24	36	27	37	38	28	23	35	38	20	24	33	29	23	21	22	27	30	32	29	24	38	24	23	35	35	35	36	20	34	35	37	37	33	23	26	25	20	37	38	23	28	28	37	39	40	20	36	27	33	22	39	35	36	26	21	37	34	24	37	35	34	23	22	35	39	20	22	23	39	35	27	28	40	27	37	22	22	28	27	22	35	40	38	37	34	29	32	28	28	30	34	32	32	28	32	35	31	33	21	32	26	38	27	29	26	36	35	30	39	37	39	39	23	39	31	23	32	33	29	28	28	33	35	28	31	39	38	33	28	32	24	38	35	37	39	36	24	20	37	39	40	39	24	38	35	24	29	22	27	31	36	37	26	36	30	40	37	25	36	25	20	37	24	30	23	21	28	30	25	26	34	38	21	21	26	22	21	29	39	37	29	29	24	40	27	27	32	29	27	21	26	28	26	29	38	20	35	36	37	23	36	20	32	21	24	38	31	22	28	20	29	24	25	33	30	32	36	20	23	40	33	36	25	25	31	27	32	25	35	39	28	38	32	36	33	23	24	27	36	28	37	39	35	33	25	38	35	38	22	34	32	21	40	39	33	25	25	38	36	25	29	32	36	22	25	31	39	30	21	22	40	29	22	29	30	33	34	28	34	25	33	28	38	31	38	32	25	32	35	34	30	20	21	35	34	35	34	20	23	39	32	30	24	20	21	38	29	35	23	25	40	30	38	37	24	24	33	26	35	21	30	35	28	38	36	40	31	24	24	23	21	34	35	37	32	20	39	25	34	21	31	40	22	25	21	38	24	30	36	23	33	30	21	35	34	26	31	33	28	20	33	40	34	22	29	21	37	24	25	37	27	20	21	40	37	39	37	
27	31	37	33	32	26	22	34	23	16	22	23	15	33	20	29	50	11	21	10	27	13	40	15	26	31	45	22	36	36	16	32	41	29	32	13	14	28	23	27	29	27	25	43	39	35	44	37	37	26	50	15	25	19	45	14	22	21	14	34	32	25	14	44	19	27	41	29	36	38	30	43	49	29	22	19	32	26	22	38	31	24	27	20	49	14	33	25	26	34	44	18	46	34	40	29	14	23	34	43	30	25	21	28	46	36	24	13	28	26	37	43	36	33	24	30	20	43	24	28	17	26	31	25	10	18	10	50	14	12	31	35	21	45	24	19	24	26	20	28	24	41	38	25	48	40	18	14	49	43	29	17	14	46	47	19	40	37	47	20	13	12	11	40	23	24	20	26	10	36	19	44	31	15	35	27	28	50	22	26	25	41	37	13	40	18	11	11	50	45	17	40	23	30	35	37	23	41	19	31	17	43	42	14	37	10	25	20	13	32	22	38	25	35	16	28	29	12	34	44	44	40	23	41	41	33	41	40	32	10	49	26	40	45	36	42	45	11	10	48	39	23	31	10	44	11	37	24	46	13	12	18	17	40	42	17	20	28	49	10	37	32	50	34	42	28	22	47	17	25	19	49	37	20	26	38	12	37	29	13	25	50	49	26	14	41	45	31	45	32	38	32	43	22	22	15	50	29	50	42	32	28	31	37	34	49	38	41	40	20	21	39	22	38	50	20	39	30	30	11	40	43	28	45	20	38	14	24	36	26	18	39	10	18	24	46	35	48	44	41	40	37	24	41	39	35	17	23	37	35	38	11	31	47	30	20	28	45	27	30	36	15	37	50	21	21	11	15	33	22	48	10	25	34	26	22	22	38	19	37	12	11	50	25	21	30	41	33	39	30	39	38	44	23	36	28	35	17	20	28	42	31	13	22	31	38	38	35	17	44	28	32	50	18	20	34	16	31	22	32	49	12	40	17	25	48	45	44	49	50	30	17	48	30	16	17	11	47	48	42	26	20	40	22	32	11	33	39	19	26	11	11	10	29	39	31	14	26	32	20	15	26	11	43	14	38	11	40	21	38	27	23	37	22	24	18	26	18	28	21	15	22	10	22	18	34	17	31	15	26	18	39	30	47	33	18	18	19	11	28	37	38	43	22	29	20	34	22	36	26	41	24	10	37	48	38	28	47	43	31	32	12	32	32	38	25	34	35	30	24	43	18	31	13	26	42	22	17	16	48	25	31	34	20	48	16	
0.5
70
