624
40
0	0	0	0	0	0	0	0	0	0	0	0	0	0	0	0	0	0	0	0	0	500	192	0	0	0	0	0	0	0	0	0	0	0	0	0	0	0	0	0	
0	0	0	0	0	0	0	0	0	0	0	0	0	0	0	0	0	500	0	0	0	0	0	0	0	0	0	0	0	0	0	48	0	0	0	0	0	0	0	0	
0	0	0	0	0	0	0	0	0	96	0	0	0	0	0	96	0	0	0	0	0	0	0	0	0	0	0	192	0	0	0	0	0	0	0	0	0	0	0	0	
0	0	0	0	0	0	0	0	0	0	0	0	0	500	0	0	96	0	96	0	96	0	0	0	0	0	0	0	0	0	0	0	0	0	0	0	0	0	0	0	
0	0	0	0	0	0	0	500	0	0	0	0	0	0	0	0	0	0	0	0	0	0	0	0	0	500	0	0	0	0	0	0	0	0	0	0	0	0	0	0	
0	0	0	0	0	0	192	0	0	0	0	0	0	0	0	0	0	0	0	0	0	0	0	0	0	0	0	0	0	0	0	0	0	0	0	0	0	0	192	0	
0	0	0	0	0	192	0	0	0	0	0	0	0	0	192	0	0	0	0	0	0	0	0	0	0	0	0	0	0	0	0	0	0	0	0	0	0	0	0	0	
0	0	0	0	500	0	0	0	0	0	0	0	0	0	0	0	0	0	0	0	0	0	0	0	0	0	0	0	0	0	0	0	0	0	500	0	0	0	0	0	
0	0	0	0	0	0	0	0	0	0	0	0	500	0	0	0	0	0	0	0	0	0	0	48	0	0	0	0	0	0	0	0	0	0	0	0	0	0	0	0	
0	0	96	0	0	0	0	0	0	0	0	0	0	0	0	0	0	0	0	0	0	0	0	0	0	0	0	48	0	0	0	0	0	0	0	0	0	0	0	0	
0	0	0	0	0	0	0	0	0	0	0	48	0	0	0	0	0	0	0	96	0	0	0	0	0	0	0	0	0	0	0	0	0	0	0	0	0	0	0	0	
0	0	0	0	0	0	0	0	0	0	48	0	0	0	0	0	0	0	0	0	0	0	0	0	0	0	0	0	0	0	0	192	0	0	0	0	0	0	0	0	
0	0	0	0	0	0	0	0	500	0	0	0	0	0	0	0	0	0	0	0	0	0	0	500	0	0	0	0	0	0	0	0	0	0	0	48	0	0	48	0	
0	0	0	500	0	0	0	0	0	0	0	0	0	0	0	0	0	0	0	0	0	0	0	0	0	0	0	0	0	0	0	0	0	0	0	0	0	192	0	0	
0	0	0	0	0	0	192	0	0	0	0	0	0	0	0	0	0	0	0	0	0	0	0	0	0	0	0	0	0	192	500	0	0	0	0	192	0	0	96	0	
0	0	96	0	0	0	0	0	0	0	0	0	0	0	0	0	0	0	0	0	0	0	0	0	0	0	0	0	0	96	48	0	0	0	0	0	0	0	0	0	
0	0	0	96	0	0	0	0	0	0	0	0	0	0	0	0	0	0	0	0	0	0	0	0	48	0	0	0	0	0	0	0	0	0	0	0	0	0	0	0	
0	500	0	0	0	0	0	0	0	0	0	0	0	0	0	0	0	0	0	0	0	0	0	0	0	0	0	0	0	0	0	500	0	0	0	0	0	500	0	0	
0	0	0	96	0	0	0	0	0	0	0	0	0	0	0	0	0	0	0	0	48	0	0	0	0	0	0	0	0	0	0	0	0	0	0	0	0	0	0	0	
0	0	0	0	0	0	0	0	0	0	96	0	0	0	0	0	0	0	0	0	0	0	0	0	0	0	0	0	96	0	0	0	0	0	0	0	0	0	0	96	
0	0	0	96	0	0	0	0	0	0	0	0	0	0	0	0	0	0	48	0	0	0	0	0	0	0	0	0	0	0	0	0	0	0	0	0	0	0	0	0	
500	0	0	0	0	0	0	0	0	0	0	0	0	0	0	0	0	0	0	0	0	0	192	0	0	0	0	0	0	0	0	0	0	0	500	0	0	0	0	0	
192	0	0	0	0	0	0	0	0	0	0	0	0	0	0	0	0	0	0	0	0	192	0	0	0	0	0	0	0	0	0	0	0	0	0	0	0	0	0	0	
0	0	0	0	0	0	0	0	48	0	0	0	500	0	0	0	0	0	0	0	0	0	0	0	0	0	0	0	0	0	0	0	0	0	0	0	0	0	0	0	
0	0	0	0	0	0	0	0	0	0	0	0	0	0	0	0	48	0	0	0	0	0	0	0	0	0	0	0	0	0	0	0	48	0	0	0	0	0	0	0	
0	0	0	0	500	0	0	0	0	0	0	0	0	0	0	0	0	0	0	0	0	0	0	0	0	0	0	0	0	0	0	0	48	0	0	0	0	0	0	0	
0	0	0	0	0	0	0	0	0	0	0	0	0	0	0	0	0	0	0	0	0	0	0	0	0	0	0	0	0	0	0	0	0	192	0	0	96	0	0	0	
0	0	192	0	0	0	0	0	0	48	0	0	0	0	0	0	0	0	0	0	0	0	0	0	0	0	0	0	0	0	0	0	0	0	0	0	0	0	0	0	
0	0	0	0	0	0	0	0	0	0	0	0	0	0	0	0	0	0	0	96	0	0	0	0	0	0	0	0	0	0	0	0	0	0	0	0	0	0	0	500	
0	0	0	0	0	0	0	0	0	0	0	0	0	0	192	96	0	0	0	0	0	0	0	0	0	0	0	0	0	0	0	0	0	0	0	0	500	0	0	0	
0	0	0	0	0	0	0	0	0	0	0	0	0	0	500	48	0	0	0	0	0	0	0	0	0	0	0	0	0	0	0	0	0	0	0	0	0	0	0	0	
0	48	0	0	0	0	0	0	0	0	0	192	0	0	0	0	0	500	0	0	0	0	0	0	0	0	0	0	0	0	0	0	0	0	0	0	0	0	0	0	
0	0	0	0	0	0	0	0	0	0	0	0	0	0	0	0	0	0	0	0	0	0	0	0	48	48	0	0	0	0	0	0	0	0	0	0	0	0	0	0	
0	0	0	0	0	0	0	0	0	0	0	0	0	0	0	0	0	0	0	0	0	0	0	0	0	0	192	0	0	0	0	0	0	0	0	0	48	0	0	500	
0	0	0	0	0	0	0	500	0	0	0	0	0	0	0	0	0	0	0	0	0	500	0	0	0	0	0	0	0	0	0	0	0	0	0	0	0	0	0	0	
0	0	0	0	0	0	0	0	0	0	0	0	48	0	192	0	0	0	0	0	0	0	0	0	0	0	0	0	0	0	0	0	0	0	0	0	0	0	0	0	
0	0	0	0	0	0	0	0	0	0	0	0	0	0	0	0	0	0	0	0	0	0	0	0	0	0	96	0	0	500	0	0	0	48	0	0	0	0	0	0	
0	0	0	0	0	0	0	0	0	0	0	0	0	192	0	0	0	500	0	0	0	0	0	0	0	0	0	0	0	0	0	0	0	0	0	0	0	0	0	0	
0	0	0	0	0	192	0	0	0	0	0	0	48	0	96	0	0	0	0	0	0	0	0	0	0	0	0	0	0	0	0	0	0	0	0	0	0	0	0	0	
0	0	0	0	0	0	0	0	0	0	0	0	0	0	0	0	0	0	0	96	0	0	0	0	0	0	0	0	500	0	0	0	0	500	0	0	0	0	0	0	
32	29	37	3	11	5	5	1	3	16	7	38	34	21	37	34	16	22	22	30	22	36	20	12	15	7	16	19	17	25	36	38	15	27	39	29	18	37	35	17	9	34	33	28	24	8	18	21	38	35	39	23	28	26	0	18	12	23	0	23	38	27	31	0	27	6	6	12	37	10	5	6	5	8	15	14	19	33	12	29	8	5	4	21	22	14	2	29	37	20	13	16	39	2	7	6	4	7	10	16	14	36	5	24	13	4	2	13	11	38	18	34	16	36	31	23	29	14	0	5	36	22	7	38	6	37	37	18	19	20	27	9	12	35	2	6	35	28	2	18	24	0	14	12	13	23	6	31	26	4	35	11	32	37	5	33	9	6	15	34	14	14	25	24	15	39	35	18	37	18	24	27	2	15	7	35	30	24	35	4	11	38	35	5	9	18	1	17	26	28	38	16	22	14	4	19	23	16	2	19	29	28	34	26	9	11	37	15	5	14	20	5	1	22	8	36	39	3	10	6	15	14	19	34	35	26	20	27	11	22	21	9	17	12	33	29	5	21	32	32	17	9	27	4	37	2	34	9	26	25	32	16	34	14	12	10	29	35	33	8	13	1	22	28	2	1	29	13	38	19	0	6	9	25	14	0	13	4	9	2	2	12	2	38	2	3	19	14	29	18	3	34	12	1	12	19	1	34	39	35	36	6	29	1	7	38	31	16	34	34	13	16	23	20	2	18	14	5	14	16	33	21	34	25	32	14	38	32	4	1	21	37	7	14	7	33	34	32	4	22	21	37	23	11	9	33	39	11	16	27	38	38	26	37	6	30	25	0	22	26	5	28	24	21	31	20	21	6	1	22	23	1	28	30	29	20	16	19	1	1	6	15	20	2	24	27	39	23	14	15	19	25	18	29	16	25	12	38	33	0	14	18	6	0	8	27	16	33	4	2	7	28	2	16	6	18	27	21	21	21	33	11	36	37	5	11	38	2	15	37	10	16	16	3	3	21	34	6	16	19	21	38	3	12	26	22	5	24	12	28	8	8	25	36	27	13	20	37	24	33	22	1	8	4	7	25	28	6	0	21	13	3	27	23	12	25	0	32	18	34	9	33	0	24	6	34	14	35	17	29	15	36	26	26	27	37	34	36	3	5	11	18	31	31	14	6	18	19	27	0	19	18	11	2	5	29	24	13	39	14	18	25	27	5	11	17	35	3	19	4	14	9	28	3	14	24	30	17	28	10	2	13	10	7	2	0	39	23	7	29	21	22	16	27	21	18	9	12	32	22	25	24	31	17	33	34	10	38	3	25	36	14	7	6	5	0	38	4	6	31	34	26	23	34	36	18	3	28	36	4	34	30	35	34	12	23	11	13	12	18	20	14	17	39	16	37	37	39	39	20	18	27	11	12	39	28	20	13	14	4	12	9	8	11	
1	21	19	4	13	35	30	9	16	35	27	27	1	20	39	15	2	25	0	19	3	0	1	35	39	23	33	12	19	17	20	4	14	36	7	24	27	13	31	35	23	24	9	4	16	20	27	8	3	29	0	3	5	39	7	10	10	24	20	11	24	22	12	26	27	20	28	36	33	32	33	23	7	39	25	7	9	21	39	18	13	9	10	12	8	15	6	34	14	3	8	18	37	11	21	24	33	5	26	26	1	4	20	12	7	14	9	35	11	16	28	5	8	15	12	6	4	31	21	27	11	15	20	34	19	2	39	8	1	15	25	16	9	9	16	25	17	22	26	16	14	35	3	25	12	5	8	33	1	17	38	37	9	20	26	36	11	34	33	24	1	2	1	0	19	23	38	32	12	15	12	6	34	23	34	5	1	4	36	37	39	27	23	9	9	9	17	30	11	11	29	9	35	38	2	16	21	38	28	24	16	25	24	12	14	13	11	27	39	13	26	18	30	15	2	21	33	0	1	17	20	37	2	4	29	27	20	34	25	6	35	32	36	5	12	36	4	27	36	34	14	6	0	24	22	12	38	2	18	32	9	21	30	32	8	23	9	8	39	20	21	31	11	10	34	9	25	21	3	26	6	34	38	25	24	23	7	1	26	0	36	8	11	3	10	19	39	36	29	39	27	24	11	33	4	13	1	38	39	7	3	35	26	27	39	4	16	31	25	24	24	31	39	2	30	9	38	32	31	9	2	31	0	28	2	36	6	8	16	36	7	9	12	36	38	21	9	33	18	16	4	15	15	15	3	5	10	16	27	14	32	31	1	24	30	26	25	32	25	13	9	4	23	29	21	30	11	32	28	6	4	26	8	16	14	17	33	8	6	24	18	5	33	39	0	34	13	32	2	38	5	26	11	36	24	10	0	2	10	36	23	37	24	29	13	10	7	27	23	29	36	10	17	21	4	31	25	21	5	24	11	20	2	25	29	5	26	24	20	14	9	33	28	36	28	33	11	20	8	30	30	27	35	28	17	22	16	33	34	9	22	0	14	3	1	17	9	31	14	6	1	19	2	31	2	29	34	14	2	8	3	26	38	34	35	39	19	23	37	35	5	30	16	18	9	3	24	1	6	10	2	14	23	18	35	38	33	14	16	12	18	36	39	31	31	25	3	12	21	34	11	14	32	28	27	37	38	28	0	3	3	15	23	7	5	25	5	37	25	9	32	3	36	26	27	13	10	2	13	1	24	30	2	27	21	3	15	32	11	14	33	22	18	4	37	1	29	1	25	22	26	4	32	35	38	24	25	20	21	36	24	15	29	11	26	32	26	11	28	13	18	1	19	33	34	34	36	4	14	3	29	8	36	0	18	4	25	0	8	13	17	30	35	14	34	33	19	7	24	4	2	34	18	13	30	6	18	25	37	23	0	29	26	11	
26	38	35	28	36	25	22	21	28	22	27	22	38	30	37	29	27	33	31	37	21	39	29	37	20	28	37	27	29	25	25	20	38	34	35	31	32	24	35	23	32	37	33	27	27	25	29	32	21	38	31	30	31	30	38	22	40	21	37	20	22	39	32	22	21	21	26	34	38	23	27	38	38	38	23	24	40	28	22	20	36	33	40	33	24	31	33	37	29	32	25	20	37	31	28	39	36	38	37	39	34	34	26	25	21	36	40	36	30	21	24	21	22	33	23	39	38	27	36	21	40	35	37	31	24	36	40	28	29	25	26	35	35	22	40	27	22	32	36	32	32	21	22	40	39	34	37	36	30	23	40	34	29	34	39	26	35	23	28	23	28	34	22	32	21	36	34	35	24	32	25	20	36	36	37	36	34	30	21	23	25	27	25	28	20	37	39	22	38	22	40	30	28	23	20	40	28	25	39	37	31	34	29	24	32	23	30	34	20	27	31	21	27	31	28	29	40	35	37	36	40	23	30	36	22	34	29	40	27	30	20	21	26	39	23	20	39	37	22	30	23	31	35	34	35	33	29	24	23	35	36	22	37	27	20	23	34	25	39	21	31	24	40	33	29	24	21	32	34	36	21	26	32	28	32	36	37	34	21	24	30	23	20	24	28	32	24	36	34	28	20	35	21	40	38	40	23	24	29	39	33	38	27	24	31	30	29	39	40	32	39	37	29	24	20	39	23	23	23	23	34	22	27	29	32	35	29	30	33	24	38	39	37	38	35	21	24	31	23	35	32	32	31	39	26	33	30	39	27	35	31	26	37	36	26	26	24	37	36	36	29	21	38	22	20	32	40	40	32	21	33	23	20	37	24	32	39	25	23	23	37	40	21	36	20	25	33	36	23	24	30	38	37	26	25	22	35	31	34	36	28	22	35	24	21	36	40	34	24	24	28	34	23	29	23	40	31	23	27	27	21	37	26	24	38	20	21	37	33	36	33	24	25	33	28	37	25	22	25	39	33	39	24	27	39	30	23	20	24	38	37	22	28	20	34	40	32	33	40	35	25	29	37	35	36	32	40	33	38	30	34	24	30	31	27	37	39	34	22	37	32	20	37	39	29	40	32	26	36	21	28	32	27	36	28	23	21	31	26	32	21	24	29	39	26	25	37	21	23	34	22	28	37	38	28	30	34	36	23	33	28	32	28	31	32	20	39	34	27	31	26	34	23	30	29	37	32	21	27	22	35	36	29	26	24	34	24	34	20	20	40	23	25	30	33	27	30	39	25	27	25	30	29	38	24	35	22	23	25	39	28	29	38	33	40	39	33	37	39	40	26	33	38	31	39	29	24	38	37	26	35	20	25	22	29	36	31	23	24	33	23	36	39	30	23	23	24	20	26	31	34	29	36	32	37	35	40	22	36	38	20	39	35	36	
28	28	45	36	17	11	12	25	13	30	26	35	27	31	38	19	16	21	26	29	19	22	22	28	12	16	39	32	26	42	34	24	20	38	36	43	13	37	27	23	12	43	19	17	36	24	28	43	17	36	23	41	10	18	37	18	40	10	39	17	28	19	13	45	44	12	17	17	37	40	11	38	47	15	12	21	22	45	45	36	36	22	38	17	24	14	47	49	50	29	10	41	11	22	45	16	32	21	18	45	38	32	49	43	21	17	18	47	23	11	29	42	47	16	44	14	26	47	34	20	41	10	36	35	11	10	31	32	30	22	28	50	39	20	10	11	35	15	27	42	45	32	43	35	47	27	20	44	14	26	12	17	26	44	44	13	36	12	41	18	37	45	21	23	28	25	38	38	13	21	11	27	44	25	27	29	33	24	39	31	42	20	42	24	35	19	39	29	40	17	17	28	16	29	27	33	42	45	32	47	43	42	42	49	35	21	44	30	43	15	23	40	17	20	33	44	43	32	41	49	31	23	11	35	39	30	49	30	16	37	14	20	49	27	10	49	47	16	34	18	10	22	21	33	27	32	39	43	36	15	42	13	45	18	47	12	38	21	15	19	28	22	46	45	27	45	28	41	45	32	19	40	13	50	28	17	38	35	19	42	21	15	21	48	40	34	40	45	18	40	42	14	43	30	29	11	17	13	36	22	26	17	21	20	17	31	44	22	45	20	48	48	14	11	42	47	38	18	37	36	10	35	14	20	48	27	34	15	33	34	15	13	46	20	30	29	11	11	48	37	14	15	12	42	42	44	46	14	19	50	17	30	19	45	10	19	19	34	33	21	22	24	18	29	11	28	50	23	49	21	22	10	24	29	39	19	30	20	44	12	31	45	22	41	18	18	37	16	34	49	48	11	40	13	37	34	18	22	48	17	15	10	11	39	40	40	44	45	17	18	28	48	46	17	14	33	29	34	16	25	48	20	27	31	34	40	11	42	14	41	19	23	11	47	23	36	28	48	32	50	48	20	18	21	13	22	32	29	33	32	21	19	37	18	26	13	10	13	12	27	14	34	44	15	20	49	30	25	24	40	34	41	48	31	47	49	18	31	41	33	20	42	23	44	38	41	25	44	23	42	44	10	47	47	13	49	39	47	46	12	26	48	32	30	15	24	35	34	28	50	29	29	36	29	11	41	48	28	14	33	22	35	15	20	14	11	39	14	24	28	18	18	40	18	46	42	35	14	14	21	38	20	20	12	45	16	18	14	31	27	47	49	12	31	38	48	16	47	21	39	22	33	10	41	23	41	17	31	24	12	16	33	15	29	43	46	46	41	47	20	27	18	31	42	31	28	35	26	20	31	13	16	39	49	35	29	29	45	50	10	30	18	43	33	36	48	22	13	43	11	46	22	41	40	31	49	44	38	46	33	40	32	37	30	
5
80
