546
40
0	0	0	0	0	0	0	0	0	0	48	0	0	0	0	0	48	0	0	0	0	0	0	0	0	0	48	0	0	0	0	0	0	0	0	0	0	0	0	0	
0	0	0	0	0	0	0	0	0	0	0	0	0	0	0	0	0	0	0	0	0	0	0	0	0	0	0	0	0	0	0	0	96	0	0	0	96	0	0	0	
0	0	0	48	0	0	0	0	0	0	0	0	0	0	0	0	0	0	0	0	0	0	48	0	0	0	0	0	0	0	0	0	0	0	0	0	0	0	0	0	
0	0	48	0	0	0	0	0	0	0	0	0	0	0	0	0	0	0	0	0	0	0	48	0	0	0	0	0	0	0	0	0	0	0	0	0	0	0	0	0	
0	0	0	0	0	0	0	0	0	48	0	0	0	0	0	0	0	0	0	0	0	0	0	0	0	0	0	192	0	0	0	0	0	0	0	0	0	0	0	0	
0	0	0	0	0	0	0	0	0	0	0	0	0	0	0	0	0	0	0	0	0	96	500	0	0	0	0	0	0	0	0	0	0	0	0	0	0	0	0	0	
0	0	0	0	0	0	0	0	96	0	0	0	0	0	0	0	0	0	0	0	0	0	0	0	0	0	0	0	0	0	0	48	0	0	0	0	48	0	0	0	
0	0	0	0	0	0	0	0	0	48	0	0	0	0	0	0	0	0	0	0	0	192	0	0	0	500	0	0	0	0	0	0	0	0	0	0	0	0	0	0	
0	0	0	0	0	0	96	0	0	0	0	0	0	0	0	0	0	0	0	0	0	0	0	0	0	0	0	0	0	0	0	96	0	0	0	0	0	0	0	0	
0	0	0	0	48	0	0	48	0	0	0	0	0	0	0	0	0	0	0	0	0	0	0	0	0	0	0	0	0	0	0	0	0	0	0	0	0	0	0	0	
48	0	0	0	0	0	0	0	0	0	0	0	0	0	0	0	192	0	0	0	0	0	0	0	0	0	0	0	0	0	0	0	500	0	0	0	0	0	0	96	
0	0	0	0	0	0	0	0	0	0	0	0	0	48	0	0	0	0	0	0	0	0	0	192	0	0	0	0	0	0	0	0	0	0	0	0	0	0	0	0	
0	0	0	0	0	0	0	0	0	0	0	0	0	0	0	0	0	0	0	0	0	0	0	0	0	0	0	0	0	0	0	0	0	0	192	48	0	0	0	0	
0	0	0	0	0	0	0	0	0	0	0	48	0	0	0	192	0	0	0	0	0	0	0	96	0	0	0	0	0	0	0	0	0	0	0	0	0	0	0	0	
0	0	0	0	0	0	0	0	0	0	0	0	0	0	0	0	0	0	0	0	0	0	0	0	0	0	0	96	0	0	500	0	0	0	0	0	0	0	0	0	
0	0	0	0	0	0	0	0	0	0	0	0	0	192	0	0	0	0	0	0	0	0	0	0	500	0	0	0	0	0	0	0	0	0	0	0	0	0	0	0	
48	0	0	0	0	0	0	0	0	0	192	0	0	0	0	0	0	0	0	0	0	0	0	0	0	0	0	0	0	0	0	0	0	0	0	0	0	0	0	0	
0	0	0	0	0	0	0	0	0	0	0	0	0	0	0	0	0	0	192	96	500	0	0	0	0	0	0	0	0	0	0	0	0	0	0	0	0	192	96	0	
0	0	0	0	0	0	0	0	0	0	0	0	0	0	0	0	0	192	0	0	0	0	0	0	0	48	0	0	0	0	0	0	0	500	0	0	0	0	0	0	
0	0	0	0	0	0	0	0	0	0	0	0	0	0	0	0	0	96	0	0	192	0	0	0	0	0	0	0	0	0	0	0	0	0	0	0	0	0	0	0	
0	0	0	0	0	0	0	0	0	0	0	0	0	0	0	0	0	500	0	192	0	0	0	0	0	0	0	0	0	0	0	0	0	0	0	0	0	0	0	0	
0	0	0	0	0	96	0	192	0	0	0	0	0	0	0	0	0	0	0	0	0	0	0	0	0	0	0	0	0	0	0	0	0	0	0	0	0	0	0	0	
0	0	48	48	0	500	0	0	0	0	0	0	0	0	0	0	0	0	0	0	0	0	0	0	0	0	0	0	0	0	0	0	0	0	0	0	0	0	0	0	
0	0	0	0	0	0	0	0	0	0	0	192	0	96	0	0	0	0	0	0	0	0	0	0	0	0	0	0	0	0	0	0	0	0	0	0	0	0	0	0	
0	0	0	0	0	0	0	0	0	0	0	0	0	0	0	500	0	0	0	0	0	0	0	0	0	0	0	0	96	0	0	0	0	0	192	0	0	0	0	0	
0	0	0	0	0	0	0	500	0	0	0	0	0	0	0	0	0	0	48	0	0	0	0	0	0	0	0	0	0	0	0	0	0	0	0	0	0	0	0	0	
48	0	0	0	0	0	0	0	0	0	0	0	0	0	0	0	0	0	0	0	0	0	0	0	0	0	0	0	0	48	0	0	0	0	0	0	0	0	0	0	
0	0	0	0	192	0	0	0	0	0	0	0	0	0	96	0	0	0	0	0	0	0	0	0	0	0	0	0	0	0	96	0	0	96	0	0	0	0	0	0	
0	0	0	0	0	0	0	0	0	0	0	0	0	0	0	0	0	0	0	0	0	0	0	0	96	0	0	0	0	0	0	0	0	0	0	96	0	192	0	48	
0	0	0	0	0	0	0	0	0	0	0	0	0	0	0	0	0	0	0	0	0	0	0	0	0	0	48	0	0	0	0	0	0	500	0	0	0	0	0	500	
0	0	0	0	0	0	0	0	0	0	0	0	0	0	500	0	0	0	0	0	0	0	0	0	0	0	0	96	0	0	0	0	0	0	0	0	0	0	0	0	
0	0	0	0	0	0	48	0	96	0	0	0	0	0	0	0	0	0	0	0	0	0	0	0	0	0	0	0	0	0	0	0	0	0	0	0	0	0	0	0	
0	96	0	0	0	0	0	0	0	0	500	0	0	0	0	0	0	0	0	0	0	0	0	0	0	0	0	0	0	0	0	0	0	0	0	0	0	0	0	0	
0	0	0	0	0	0	0	0	0	0	0	0	0	0	0	0	0	0	500	0	0	0	0	0	0	0	0	96	0	500	0	0	0	0	0	0	0	0	0	0	
0	0	0	0	0	0	0	0	0	0	0	0	192	0	0	0	0	0	0	0	0	0	0	0	192	0	0	0	0	0	0	0	0	0	0	0	0	0	0	0	
0	0	0	0	0	0	0	0	0	0	0	0	48	0	0	0	0	0	0	0	0	0	0	0	0	0	0	0	96	0	0	0	0	0	0	0	0	0	192	0	
0	96	0	0	0	0	48	0	0	0	0	0	0	0	0	0	0	0	0	0	0	0	0	0	0	0	0	0	0	0	0	0	0	0	0	0	0	0	0	0	
0	0	0	0	0	0	0	0	0	0	0	0	0	0	0	0	0	192	0	0	0	0	0	0	0	0	0	0	192	0	0	0	0	0	0	0	0	0	0	0	
0	0	0	0	0	0	0	0	0	0	0	0	0	0	0	0	0	96	0	0	0	0	0	0	0	0	0	0	0	0	0	0	0	0	0	192	0	0	0	0	
0	0	0	0	0	0	0	0	0	0	96	0	0	0	0	0	0	0	0	0	0	0	0	0	0	0	0	0	48	500	0	0	0	0	0	0	0	0	0	0	
16	29	23	3	33	25	38	25	1	17	18	35	22	22	30	35	4	0	33	24	34	9	14	5	25	2	5	11	3	36	14	9	9	0	20	19	3	31	39	31	11	33	16	8	10	8	0	22	0	21	0	10	14	1	34	22	23	21	5	2	9	2	4	15	0	16	30	31	11	9	6	18	3	30	27	17	26	16	24	22	17	24	21	25	16	30	3	35	9	37	27	30	36	12	14	10	19	21	37	32	31	33	33	18	32	25	11	24	32	21	21	35	31	7	6	28	31	0	9	29	0	17	21	7	4	3	21	33	4	15	17	6	8	13	34	22	2	32	24	11	34	31	30	13	18	4	36	37	26	8	12	5	36	11	37	37	1	24	25	30	17	22	10	25	38	7	7	16	16	12	3	12	17	30	21	20	2	5	0	11	35	12	12	25	38	34	33	8	11	17	34	32	4	10	7	10	1	37	1	39	12	29	10	17	14	9	33	8	15	36	16	14	33	29	9	19	4	5	11	16	26	31	1	38	19	27	18	23	17	25	17	35	21	11	6	28	31	2	18	17	25	23	5	13	3	3	18	33	23	38	18	29	14	26	4	34	16	9	2	17	38	18	13	4	27	14	23	35	30	0	31	31	16	23	16	26	19	6	17	4	39	12	5	23	7	27	12	18	1	4	7	32	9	7	39	18	29	39	21	16	9	35	34	11	20	37	31	12	0	22	29	29	5	15	22	38	13	0	33	16	8	27	33	13	32	26	13	29	37	28	16	17	9	19	18	19	13	7	35	3	25	19	6	26	15	30	27	18	31	2	11	19	11	8	32	30	36	9	9	21	18	30	0	23	39	23	30	8	19	31	21	30	32	5	36	20	6	19	30	11	39	34	11	26	36	2	19	4	13	22	33	25	28	13	13	35	9	9	32	10	14	19	27	7	4	4	39	12	11	37	21	33	4	38	15	23	33	17	28	31	27	23	15	3	27	25	23	27	17	24	31	25	30	5	22	37	36	24	7	24	4	19	10	4	6	23	32	0	4	29	26	0	14	22	33	26	22	18	30	9	5	12	26	37	35	27	39	0	34	25	36	17	10	15	36	28	21	6	30	31	27	6	13	21	6	1	1	38	39	25	2	3	38	13	11	6	21	22	12	39	20	31	38	24	5	32	26	25	33	25	1	35	0	4	21	31	12	10	5	39	21	20	3	3	21	10	1	28	4	39	6	4	20	10	21	27	22	13	14	27	18	25	34	35	25	31	
38	38	20	26	23	12	23	3	8	15	16	31	5	27	36	19	3	14	16	12	7	4	24	8	23	19	18	10	38	24	27	24	12	15	16	7	11	21	37	12	26	8	0	36	12	29	14	20	1	24	4	33	19	30	6	24	17	21	10	7	23	18	37	9	34	33	20	4	39	8	36	13	12	11	1	33	37	39	9	14	16	18	1	39	16	25	29	18	20	0	12	13	24	21	9	11	1	12	26	10	5	19	19	16	16	14	11	16	23	19	29	24	16	6	39	30	22	5	13	5	0	20	30	12	10	1	21	14	2	8	24	10	36	7	12	11	5	27	29	0	18	16	18	28	24	19	30	22	29	10	23	17	29	25	1	36	30	30	19	10	27	14	16	18	27	29	14	16	10	16	1	16	38	29	8	17	18	33	6	38	37	8	25	38	28	31	13	13	26	12	1	23	30	4	0	27	36	3	16	29	33	31	14	10	19	28	6	6	37	7	39	24	6	31	36	12	19	6	19	23	7	11	0	30	33	19	34	21	29	10	12	19	9	30	12	4	16	19	38	29	33	31	17	11	32	22	24	3	3	22	9	10	30	4	9	21	22	19	4	25	0	19	0	19	33	23	26	24	39	36	15	29	6	24	4	15	12	15	21	35	12	7	16	30	29	29	26	21	35	13	24	21	27	36	14	19	3	0	26	12	31	14	17	21	20	34	0	28	32	17	27	12	14	17	0	27	21	15	4	14	10	7	12	34	0	22	13	29	14	19	35	34	32	32	4	39	11	20	29	25	37	28	18	38	18	4	34	33	15	10	16	16	9	2	34	9	30	26	20	39	2	6	5	24	34	12	0	26	27	24	19	0	3	24	11	17	38	16	28	24	33	6	20	19	1	38	0	0	4	6	29	2	6	34	24	24	36	8	37	5	36	29	34	8	18	37	20	12	19	13	15	32	36	19	10	8	3	3	0	8	12	11	15	15	20	32	27	8	24	14	3	2	30	18	26	1	18	27	14	9	9	3	4	1	17	1	16	5	21	26	16	10	28	2	25	20	11	14	24	2	5	37	2	0	9	1	3	35	11	17	25	39	16	34	9	27	14	8	31	3	1	33	10	36	38	25	37	3	26	6	6	37	3	12	25	22	29	33	37	29	21	1	37	38	33	26	39	22	12	0	16	10	37	17	12	15	8	2	26	34	11	30	5	0	18	5	34	14	34	26	24	33	16	18	18	30	10	27	6	10	20	25	9	18	11	34	
24	37	25	39	26	21	29	20	22	40	25	39	30	27	23	22	23	27	25	26	36	27	33	32	29	31	21	26	39	26	36	35	36	21	20	30	40	23	33	27	35	40	33	34	20	30	36	21	39	27	35	27	40	30	37	30	22	21	20	27	22	31	24	32	28	39	22	35	28	31	38	26	35	27	25	31	36	37	24	36	20	22	38	36	28	38	27	39	26	32	34	24	29	26	40	37	20	22	34	34	20	30	33	32	31	33	21	23	33	28	24	20	38	36	36	39	32	20	35	22	40	31	34	29	35	23	36	33	23	35	28	40	39	27	26	23	39	40	40	32	31	24	37	20	39	39	25	35	38	28	25	30	32	30	25	31	33	31	21	22	23	36	31	20	29	39	35	27	33	29	39	22	27	31	26	23	32	40	39	26	36	25	32	40	32	33	21	35	32	33	24	24	23	27	33	21	29	33	31	38	37	21	37	23	36	36	30	37	26	30	20	24	26	21	30	32	29	20	38	28	27	27	33	32	38	39	32	23	32	34	32	21	23	39	33	33	39	20	28	25	35	25	22	23	24	27	34	36	22	33	27	23	29	29	29	34	29	27	29	26	34	40	38	38	28	31	39	25	31	27	39	25	29	23	23	30	33	24	34	20	29	31	22	35	30	29	37	36	32	38	40	30	23	34	25	29	34	21	38	26	27	36	32	34	35	27	22	39	40	38	37	30	38	39	28	38	34	38	40	37	29	24	37	30	21	38	35	25	36	20	24	24	29	40	21	39	36	27	37	28	32	24	25	30	30	35	21	21	21	25	24	39	27	27	26	36	24	22	23	29	35	39	34	25	34	31	24	22	25	35	26	33	20	40	26	39	33	33	30	29	34	35	30	20	29	20	39	39	34	27	36	32	31	31	28	23	20	39	20	35	27	23	40	32	25	21	30	32	36	33	23	40	35	29	25	28	37	34	40	20	24	38	32	23	30	23	22	37	40	35	28	31	27	32	39	32	29	32	30	35	40	36	21	40	30	26	32	38	25	40	22	33	30	33	29	27	32	23	31	34	38	33	30	31	37	23	35	35	40	23	24	36	29	25	21	32	30	21	21	27	21	27	22	33	27	23	39	25	38	36	38	36	24	20	27	35	29	28	38	40	39	38	31	20	36	20	36	39	22	33	22	31	23	39	33	21	24	33	27	24	22	38	21	25	29	23	24	22	33	37	35	25	29	33	21	35	29	22	29	30	22	31	24	36	22	26	
32	47	11	20	14	21	14	33	27	46	40	37	41	35	34	23	36	26	50	14	43	11	11	24	45	16	48	18	24	23	38	16	23	37	18	21	25	28	38	36	39	34	48	35	46	43	12	39	40	48	38	31	30	47	11	30	27	34	33	38	24	44	16	17	12	38	36	36	25	30	47	10	12	43	26	32	38	48	48	34	26	14	45	36	41	33	20	20	20	45	21	10	11	26	37	18	49	36	33	45	41	19	16	40	21	18	48	19	33	42	30	32	37	21	41	30	26	35	23	23	33	45	29	18	43	27	37	21	38	48	36	47	42	13	46	21	26	36	37	15	41	12	15	29	16	24	42	23	38	40	31	29	28	50	45	50	41	50	25	34	20	27	45	13	20	47	32	26	31	39	32	30	16	23	23	49	14	48	36	25	20	31	29	49	30	45	45	46	46	12	19	19	40	31	14	34	11	24	33	26	28	45	11	24	32	29	20	29	26	36	21	37	15	45	25	43	42	33	38	35	11	15	46	25	48	22	34	19	47	11	26	30	10	48	34	47	50	16	34	20	35	16	35	28	25	25	48	31	23	21	42	10	21	19	24	32	39	17	41	30	18	34	21	48	19	34	44	20	22	40	43	23	11	12	44	40	34	37	15	12	49	14	33	20	26	17	30	21	13	10	12	34	39	47	43	48	41	36	10	34	23	15	22	39	38	20	18	10	12	18	43	38	31	19	31	44	12	12	32	22	47	18	38	34	11	24	20	24	13	31	33	17	23	15	23	46	50	23	24	22	25	11	11	28	13	48	21	34	38	12	48	25	18	44	32	38	29	42	20	44	33	45	47	11	14	49	21	45	26	40	38	34	35	32	36	33	27	26	44	39	48	43	46	10	44	14	35	49	35	45	11	49	29	41	30	35	23	48	45	46	32	31	39	25	42	36	35	14	26	31	45	29	36	26	21	17	34	45	24	35	39	18	21	28	37	25	32	48	10	50	20	18	20	15	34	37	40	39	37	38	21	47	41	15	43	28	14	17	33	49	26	46	27	28	48	13	40	33	49	12	18	28	47	35	42	16	11	30	22	34	50	48	38	27	11	46	31	16	11	50	41	43	18	12	40	29	47	23	17	19	38	18	49	38	22	34	41	30	18	23	31	49	18	22	36	20	13	33	35	34	20	13	44	21	50	14	41	45	27	17	33	39	18	35	46	25	11	25	19	40	34	17	19	36	43	43	18	28	15	37	46	25	29	22	10	41	
10
70
