390
40
0	0	0	0	0	0	0	0	0	0	0	0	0	0	0	0	0	0	0	0	0	0	0	0	0	192	0	0	0	0	0	0	0	0	0	0	48	0	500	0	
0	0	0	0	0	0	0	0	0	0	0	0	0	0	0	0	0	0	0	0	0	0	0	0	0	0	0	0	0	0	0	96	0	500	0	0	0	0	0	0	
0	0	0	0	0	0	0	0	96	0	0	0	0	0	0	0	0	0	0	0	0	0	0	0	0	0	0	0	0	0	0	0	0	192	0	0	0	0	0	0	
0	0	0	0	0	0	0	0	0	0	48	0	0	0	0	0	0	0	0	0	0	500	0	0	0	0	0	0	0	0	0	0	0	0	0	0	0	0	0	0	
0	0	0	0	0	48	0	0	0	0	0	0	0	0	0	0	0	0	0	0	0	0	0	0	0	0	0	0	500	0	0	0	0	0	48	0	0	0	0	0	
0	0	0	0	48	0	0	0	0	0	0	0	0	0	0	0	0	0	0	0	0	0	0	0	96	0	0	0	500	0	0	0	0	0	48	192	0	0	0	0	
0	0	0	0	0	0	0	0	0	0	48	0	0	0	0	0	0	0	0	192	0	0	48	0	0	0	0	0	0	0	0	0	192	0	0	0	0	0	0	0	
0	0	0	0	0	0	0	0	0	0	0	0	0	0	0	0	0	0	0	0	0	0	0	0	0	0	0	0	192	0	0	0	0	0	96	48	0	0	0	0	
0	0	96	0	0	0	0	0	0	0	0	0	0	0	0	0	0	0	0	0	96	0	48	0	0	0	0	0	0	48	0	0	0	0	0	0	0	0	0	0	
0	0	0	0	0	0	0	0	0	0	0	0	0	0	0	0	0	0	0	0	0	0	0	0	0	0	0	0	0	0	0	0	0	0	0	0	0	0	500	192	
0	0	0	48	0	0	48	0	0	0	0	0	0	0	0	0	0	0	0	0	0	0	0	0	0	0	0	0	0	0	0	0	0	0	0	0	0	0	0	0	
0	0	0	0	0	0	0	0	0	0	0	0	0	0	0	0	96	500	0	0	0	0	0	0	0	0	0	0	0	0	0	0	0	0	0	0	0	0	0	0	
0	0	0	0	0	0	0	0	0	0	0	0	0	0	0	0	0	192	0	0	0	0	0	0	96	0	0	0	0	0	0	0	0	0	0	0	0	0	0	0	
0	0	0	0	0	0	0	0	0	0	0	0	0	0	0	96	96	0	0	0	0	0	0	192	0	0	0	0	0	0	0	0	0	0	0	0	0	0	0	0	
0	0	0	0	0	0	0	0	0	0	0	0	0	0	0	0	0	0	0	0	500	0	0	0	0	0	0	0	0	500	0	0	0	0	0	0	0	0	0	0	
0	0	0	0	0	0	0	0	0	0	0	0	0	96	0	0	0	0	0	0	0	0	0	0	0	0	0	48	0	0	0	0	0	0	0	0	0	0	0	0	
0	0	0	0	0	0	0	0	0	0	0	96	0	96	0	0	0	96	0	0	0	0	0	0	0	0	0	0	0	0	0	0	0	0	0	0	0	0	0	0	
0	0	0	0	0	0	0	0	0	0	0	500	192	0	0	0	96	0	0	0	0	0	0	0	0	0	0	0	0	0	0	0	0	0	0	0	0	0	0	0	
0	0	0	0	0	0	0	0	0	0	0	0	0	0	0	0	0	0	0	0	0	0	0	0	0	500	0	192	0	0	0	0	0	0	0	0	0	0	0	0	
0	0	0	0	0	0	192	0	0	0	0	0	0	0	0	0	0	0	0	0	0	0	0	0	0	0	0	0	0	0	0	500	48	0	0	0	0	0	0	0	
0	0	0	0	0	0	0	0	96	0	0	0	0	0	500	0	0	0	0	0	0	0	0	0	0	0	0	192	0	0	0	0	0	0	0	0	0	0	0	0	
0	0	0	500	0	0	0	0	0	0	0	0	0	0	0	0	0	0	0	0	0	0	0	0	0	0	0	0	0	0	0	0	0	0	0	0	0	48	0	0	
0	0	0	0	0	0	48	0	48	0	0	0	0	0	0	0	0	0	0	0	0	0	0	0	0	0	0	0	0	0	0	0	0	0	0	0	0	0	0	0	
0	0	0	0	0	0	0	0	0	0	0	0	0	192	0	0	0	0	0	0	0	0	0	0	0	0	0	0	0	0	192	0	0	0	0	0	0	0	0	0	
0	0	0	0	0	96	0	0	0	0	0	0	96	0	0	0	0	0	0	0	0	0	0	0	0	0	0	0	0	0	0	0	0	0	0	0	0	0	0	0	
192	0	0	0	0	0	0	0	0	0	0	0	0	0	0	0	0	0	500	0	0	0	0	0	0	0	0	0	0	0	0	0	0	0	0	0	0	0	0	0	
0	0	0	0	0	0	0	0	0	0	0	0	0	0	0	0	0	0	0	0	0	0	0	0	0	0	0	0	0	0	0	0	48	0	0	0	48	0	0	0	
0	0	0	0	0	0	0	0	0	0	0	0	0	0	0	48	0	0	192	0	192	0	0	0	0	0	0	0	0	0	0	0	0	0	0	0	0	0	0	0	
0	0	0	0	500	500	0	192	0	0	0	0	0	0	0	0	0	0	0	0	0	0	0	0	0	0	0	0	0	0	0	0	0	0	0	0	0	0	0	0	
0	0	0	0	0	0	0	0	48	0	0	0	0	0	500	0	0	0	0	0	0	0	0	0	0	0	0	0	0	0	0	0	0	0	0	0	0	0	0	0	
0	0	0	0	0	0	0	0	0	0	0	0	0	0	0	0	0	0	0	0	0	0	0	192	0	0	0	0	0	0	0	0	0	0	0	0	192	0	0	0	
0	96	0	0	0	0	0	0	0	0	0	0	0	0	0	0	0	0	0	500	0	0	0	0	0	0	0	0	0	0	0	0	0	0	0	0	0	0	0	0	
0	0	0	0	0	0	192	0	0	0	0	0	0	0	0	0	0	0	0	48	0	0	0	0	0	0	48	0	0	0	0	0	0	0	0	0	0	0	0	0	
0	500	192	0	0	0	0	0	0	0	0	0	0	0	0	0	0	0	0	0	0	0	0	0	0	0	0	0	0	0	0	0	0	0	0	0	0	0	0	0	
0	0	0	0	48	48	0	96	0	0	0	0	0	0	0	0	0	0	0	0	0	0	0	0	0	0	0	0	0	0	0	0	0	0	0	192	0	0	0	0	
0	0	0	0	0	192	0	48	0	0	0	0	0	0	0	0	0	0	0	0	0	0	0	0	0	0	0	0	0	0	0	0	0	0	192	0	0	0	0	96	
48	0	0	0	0	0	0	0	0	0	0	0	0	0	0	0	0	0	0	0	0	0	0	0	0	0	48	0	0	0	192	0	0	0	0	0	0	0	0	0	
0	0	0	0	0	0	0	0	0	0	0	0	0	0	0	0	0	0	0	0	0	48	0	0	0	0	0	0	0	0	0	0	0	0	0	0	0	0	0	48	
500	0	0	0	0	0	0	0	0	500	0	0	0	0	0	0	0	0	0	0	0	0	0	0	0	0	0	0	0	0	0	0	0	0	0	0	0	0	0	0	
0	0	0	0	0	0	0	0	0	192	0	0	0	0	0	0	0	0	0	0	0	0	0	0	0	0	0	0	0	0	0	0	0	0	0	96	0	48	0	0	
27	5	12	37	27	3	31	24	7	21	18	11	7	13	30	24	22	18	20	32	11	22	30	18	39	34	28	2	5	30	31	15	36	37	24	34	13	39	17	20	3	13	25	16	5	32	19	36	37	8	39	19	3	16	14	14	18	8	2	29	9	16	35	9	25	19	18	4	13	0	16	6	28	17	38	17	15	24	21	5	17	12	7	4	25	7	20	38	1	19	5	12	10	23	3	24	12	29	16	19	17	6	20	37	2	3	24	39	15	37	13	27	18	29	4	1	12	12	31	27	5	27	37	33	0	10	9	21	11	12	19	31	34	33	37	1	36	9	6	27	27	39	9	30	24	3	22	4	28	5	6	13	23	8	10	35	18	27	4	14	32	0	20	8	8	1	11	25	28	5	34	11	29	38	26	22	3	5	21	35	0	19	19	20	21	2	5	10	26	1	36	37	26	10	25	38	35	6	30	23	25	5	19	16	35	34	1	35	19	5	33	8	34	23	36	33	16	17	12	14	15	27	17	0	32	0	20	17	4	39	38	34	11	11	0	26	23	3	4	13	8	18	26	26	25	39	11	2	25	21	32	39	25	19	18	1	4	19	11	17	17	6	11	25	2	29	11	34	7	26	28	36	18	4	24	32	28	13	14	32	22	22	17	28	8	39	1	30	36	3	23	22	11	18	13	30	6	21	11	22	5	37	33	32	34	10	34	12	21	7	7	35	32	20	15	23	12	1	5	1	18	25	33	16	2	11	36	8	14	9	31	15	39	29	20	1	30	38	2	4	11	14	28	35	32	39	18	31	13	32	22	8	5	19	15	31	7	25	8	6	28	19	1	14	39	26	11	15	31	31	15	26	38	19	31	17	28	23	19	12	35	27	19	12	20	34	27	11	8	36	
8	8	24	13	16	10	8	1	4	24	15	2	11	15	10	8	33	12	7	38	34	4	26	1	13	4	1	24	5	2	16	22	32	34	21	8	35	8	36	4	19	11	2	39	5	15	4	6	37	18	8	37	10	39	35	26	8	28	33	9	11	39	15	0	9	4	34	20	31	24	24	25	18	32	38	5	39	1	32	13	27	16	11	13	19	11	12	3	28	13	33	12	34	5	23	12	11	7	33	9	37	32	30	39	27	29	27	12	19	36	36	29	2	24	22	15	13	8	15	30	8	23	3	15	26	12	7	1	31	35	33	15	3	25	29	30	36	20	9	29	16	7	25	38	18	17	18	25	24	5	10	25	22	34	37	20	3	36	17	14	11	17	34	37	2	20	29	6	39	19	0	14	21	28	39	25	34	19	0	20	35	4	14	14	29	30	17	1	37	5	19	5	24	23	4	37	19	31	30	7	18	12	8	0	20	25	14	4	4	5	14	25	0	4	20	11	5	27	37	24	8	32	23	29	14	22	6	6	4	36	16	33	15	21	1	35	3	32	38	32	23	1	5	38	30	29	18	17	22	9	35	8	12	3	12	29	21	38	34	32	22	17	19	36	36	16	27	31	4	16	39	13	10	22	5	36	29	23	2	17	0	32	9	32	18	31	9	7	30	7	23	35	34	31	23	24	19	27	22	36	13	0	26	3	31	3	39	3	29	2	18	17	35	32	9	26	32	4	8	10	23	34	21	6	14	31	28	29	10	24	26	2	8	2	13	34	37	18	25	20	22	22	11	19	39	33	9	20	15	26	8	37	1	13	3	35	3	15	10	19	11	29	15	1	28	5	9	19	20	26	12	13	39	27	22	21	12	11	19	24	39	1	16	34	20	9	19	33	26	16	
38	27	26	29	24	40	40	36	26	21	31	32	31	22	23	40	27	23	39	28	33	36	36	25	30	40	32	30	21	31	26	29	22	21	36	20	29	27	32	38	31	28	39	21	32	23	38	30	39	26	22	36	28	29	36	33	24	32	34	29	20	26	26	27	37	35	38	32	37	37	29	24	30	24	25	32	25	32	27	20	38	33	35	29	37	31	31	20	40	25	24	34	36	20	30	36	31	28	40	34	38	36	25	20	27	31	30	27	29	28	34	24	24	36	21	40	33	31	24	26	33	25	25	29	31	39	24	39	26	30	32	24	29	32	38	39	29	22	33	26	24	28	27	23	38	30	40	23	30	35	32	28	24	33	34	27	33	27	30	40	20	39	29	21	23	33	36	33	37	33	38	25	28	30	29	31	38	23	38	32	34	24	21	24	26	23	32	30	36	38	20	30	35	38	37	28	28	34	34	23	20	21	40	23	36	38	29	29	28	22	27	38	22	25	23	31	26	37	29	39	36	27	22	22	27	28	35	38	40	27	29	35	35	33	22	37	24	36	38	31	23	37	21	30	37	22	28	40	35	36	27	40	27	30	36	39	23	28	26	25	20	36	30	29	31	30	34	37	35	36	30	39	30	33	38	26	35	26	36	20	24	33	23	21	37	39	24	23	29	34	20	29	27	40	20	31	28	25	38	35	38	28	34	25	40	39	24	38	22	26	38	40	30	36	40	39	36	35	24	28	25	21	36	35	27	26	29	40	27	30	29	27	33	29	34	34	32	21	33	36	33	36	21	40	29	27	38	36	23	20	37	24	22	21	37	25	20	23	25	40	39	39	32	20	28	39	24	35	31	21	37	25	32	23	38	40	34	33	35	33	34	22	25	28	21	31	37	31	24	39	
45	13	43	32	39	34	18	18	32	29	43	50	21	48	36	20	18	19	12	22	22	27	44	32	50	28	21	41	10	42	22	22	44	23	35	18	30	34	10	41	37	17	32	45	44	13	34	40	15	32	33	15	30	28	32	34	48	28	30	50	32	21	14	38	28	25	26	40	42	12	44	26	13	16	28	49	19	49	41	50	21	49	18	47	17	43	12	48	15	17	20	12	36	24	36	41	34	41	21	12	15	31	27	11	33	37	11	16	47	12	37	16	15	49	15	22	13	11	38	50	40	39	37	14	11	22	30	18	11	11	11	22	45	40	29	34	34	21	29	26	14	39	29	36	44	46	46	39	48	29	42	35	39	45	13	30	46	39	10	18	30	38	34	26	22	11	10	28	24	49	12	44	21	47	21	14	49	40	43	11	28	12	38	43	23	47	12	15	30	23	22	14	48	14	20	21	27	16	37	22	25	43	16	36	18	41	44	48	27	42	42	28	35	48	40	38	42	34	30	50	43	28	30	26	13	19	25	31	15	27	20	31	33	34	15	38	10	50	46	45	48	26	36	35	25	11	11	25	43	39	49	17	10	44	25	37	37	25	22	35	17	34	38	43	39	36	21	48	20	24	16	50	21	30	20	17	10	39	49	44	24	15	33	35	25	42	44	35	36	13	25	48	13	50	30	33	30	46	32	31	44	50	43	29	24	27	16	42	37	20	12	49	38	10	46	30	45	14	28	25	32	46	40	26	11	24	43	37	46	37	37	34	23	43	49	30	48	40	40	27	24	37	10	16	19	39	11	39	27	22	23	15	30	23	38	48	30	19	10	12	36	22	43	14	44	17	24	39	40	16	46	26	23	19	43	23	29	41	15	36	33	38	43	42	11	16	34	38	37	48	
20
50
