468
40
0	0	0	0	0	0	0	0	0	0	0	0	0	0	0	0	0	0	0	0	0	0	0	48	0	0	0	0	0	0	192	0	0	0	0	0	0	0	0	0	
0	0	48	0	0	0	0	0	0	0	0	0	0	0	0	0	0	0	192	0	0	0	0	0	0	0	0	0	0	0	0	0	0	0	0	0	0	0	0	0	
0	48	0	0	0	0	0	0	0	0	0	0	0	0	0	0	0	500	48	0	0	0	0	0	0	0	0	0	0	0	0	0	0	0	0	0	0	0	0	0	
0	0	0	0	48	0	192	0	0	0	0	0	0	0	0	0	0	0	0	0	0	0	0	0	0	0	0	0	0	0	0	0	0	0	0	0	0	0	0	0	
0	0	0	48	0	0	96	0	0	0	0	0	0	0	0	0	0	0	0	0	0	0	0	0	0	0	0	0	0	0	0	0	0	0	0	0	0	0	0	0	
0	0	0	0	0	0	0	0	0	0	0	0	0	0	0	0	0	0	0	48	0	0	0	0	0	0	0	0	0	96	0	0	0	0	0	0	0	0	0	0	
0	0	0	192	96	0	0	0	0	0	0	0	0	0	0	0	0	0	0	0	0	0	0	0	0	0	0	0	0	0	0	0	0	0	500	0	0	0	0	0	
0	0	0	0	0	0	0	0	500	0	0	0	0	96	0	0	0	0	0	0	192	0	500	0	0	0	0	0	0	0	0	0	0	0	0	0	0	0	0	0	
0	0	0	0	0	0	0	500	0	0	0	0	0	96	0	0	0	0	0	0	0	0	500	0	0	0	0	0	0	0	0	0	0	0	0	0	0	0	0	0	
0	0	0	0	0	0	0	0	0	0	0	0	0	0	0	500	0	192	0	0	0	0	0	0	0	0	192	0	0	0	0	0	0	0	0	0	0	0	0	0	
0	0	0	0	0	0	0	0	0	0	0	0	0	0	0	0	0	48	0	0	0	0	0	0	0	0	0	0	48	0	0	500	0	0	0	0	0	0	0	0	
0	0	0	0	0	0	0	0	0	0	0	0	0	0	0	0	0	0	0	0	0	0	0	0	0	0	0	0	0	0	0	0	0	0	0	0	192	0	500	96	
0	0	0	0	0	0	0	0	0	0	0	0	0	0	96	0	0	0	0	0	0	48	0	0	0	0	0	0	0	0	0	0	0	0	0	0	0	0	0	0	
0	0	0	0	0	0	0	96	96	0	0	0	0	0	0	0	0	0	0	0	48	0	0	0	0	0	0	0	0	0	0	0	0	0	0	0	0	0	0	0	
0	0	0	0	0	0	0	0	0	0	0	0	96	0	0	0	0	0	0	0	0	0	0	0	0	0	0	192	0	0	0	500	0	0	0	0	0	0	0	0	
0	0	0	0	0	0	0	0	0	500	0	0	0	0	0	0	0	500	0	0	0	0	0	0	0	0	0	0	0	0	0	0	0	0	0	0	0	0	0	0	
0	0	0	0	0	0	0	0	0	0	0	0	0	0	0	0	0	0	0	0	0	0	0	0	48	0	0	0	0	0	0	0	0	0	0	500	0	0	0	0	
0	0	500	0	0	0	0	0	0	192	48	0	0	0	0	500	0	0	0	0	0	0	0	0	0	0	0	0	0	0	0	0	0	0	0	0	0	0	0	0	
0	192	48	0	0	0	0	0	0	0	0	0	0	0	0	0	0	0	0	0	0	0	0	0	0	0	0	0	0	0	0	0	0	0	0	0	0	0	0	0	
0	0	0	0	0	48	0	0	0	0	0	0	0	0	0	0	0	0	0	0	0	0	0	0	0	192	0	0	0	500	0	0	0	0	0	0	0	0	0	0	
0	0	0	0	0	0	0	192	0	0	0	0	0	48	0	0	0	0	0	0	0	0	0	0	0	0	0	96	0	0	0	0	0	0	0	0	192	192	0	0	
0	0	0	0	0	0	0	0	0	0	0	0	48	0	0	0	0	0	0	0	0	0	0	0	0	0	0	0	0	500	48	0	0	0	0	0	0	0	0	0	
0	0	0	0	0	0	0	500	500	0	0	0	0	0	0	0	0	0	0	0	0	0	0	0	0	0	0	0	0	0	0	0	0	0	0	0	0	0	0	0	
48	0	0	0	0	0	0	0	0	0	0	0	0	0	0	0	0	0	0	0	0	0	0	0	0	0	0	0	48	0	0	0	0	0	0	0	0	0	0	0	
0	0	0	0	0	0	0	0	0	0	0	0	0	0	0	0	48	0	0	0	0	0	0	0	0	0	0	0	0	0	0	0	500	48	0	48	0	0	0	0	
0	0	0	0	0	0	0	0	0	0	0	0	0	0	0	0	0	0	0	192	0	0	0	0	0	0	0	0	0	0	0	0	0	48	0	0	0	0	0	0	
0	0	0	0	0	0	0	0	0	192	0	0	0	0	0	0	0	0	0	0	0	0	0	0	0	0	0	0	0	0	0	0	0	0	0	0	0	48	0	0	
0	0	0	0	0	0	0	0	0	0	0	0	0	0	192	0	0	0	0	0	96	0	0	0	0	0	0	0	0	0	0	0	0	0	0	0	0	0	0	0	
0	0	0	0	0	0	0	0	0	0	48	0	0	0	0	0	0	0	0	0	0	0	0	48	0	0	0	0	0	0	0	0	0	0	0	0	0	0	0	0	
0	0	0	0	0	96	0	0	0	0	0	0	0	0	0	0	0	0	0	500	0	500	0	0	0	0	0	0	0	0	0	0	48	0	0	0	0	0	0	0	
192	0	0	0	0	0	0	0	0	0	0	0	0	0	0	0	0	0	0	0	0	48	0	0	0	0	0	0	0	0	0	0	0	0	0	0	0	0	0	0	
0	0	0	0	0	0	0	0	0	0	500	0	0	0	500	0	0	0	0	0	0	0	0	0	0	0	0	0	0	0	0	0	0	0	0	0	0	0	0	0	
0	0	0	0	0	0	0	0	0	0	0	0	0	0	0	0	0	0	0	0	0	0	0	0	500	0	0	0	0	48	0	0	0	0	0	0	192	0	0	500	
0	0	0	0	0	0	0	0	0	0	0	0	0	0	0	0	0	0	0	0	0	0	0	0	48	48	0	0	0	0	0	0	0	0	0	0	0	0	0	0	
0	0	0	0	0	0	500	0	0	0	0	0	0	0	0	0	0	0	0	0	0	0	0	0	0	0	0	0	0	0	0	0	0	0	0	0	0	96	48	0	
0	0	0	0	0	0	0	0	0	0	0	0	0	0	0	0	500	0	0	0	0	0	0	0	48	0	0	0	0	0	0	0	0	0	0	0	0	0	0	0	
0	0	0	0	0	0	0	0	0	0	0	192	0	0	0	0	0	0	0	0	192	0	0	0	0	0	0	0	0	0	0	0	192	0	0	0	0	0	0	0	
0	0	0	0	0	0	0	0	0	0	0	0	0	0	0	0	0	0	0	0	192	0	0	0	0	0	48	0	0	0	0	0	0	0	96	0	0	0	500	0	
0	0	0	0	0	0	0	0	0	0	0	500	0	0	0	0	0	0	0	0	0	0	0	0	0	0	0	0	0	0	0	0	0	0	48	0	0	500	0	0	
0	0	0	0	0	0	0	0	0	0	0	96	0	0	0	0	0	0	0	0	0	0	0	0	0	0	0	0	0	0	0	0	500	0	0	0	0	0	0	0	
13	38	27	9	20	6	31	1	35	33	10	18	32	2	0	39	24	32	24	39	23	5	37	38	26	17	22	18	39	31	39	30	19	22	4	25	34	1	36	7	9	21	11	38	30	25	13	18	22	0	17	8	29	24	11	5	24	22	8	6	38	6	4	9	25	31	38	18	0	4	2	39	16	3	29	11	21	24	20	5	5	26	35	9	36	28	17	5	0	12	34	12	29	22	11	37	33	17	25	20	0	32	17	31	32	9	24	26	37	1	11	2	13	20	23	12	5	32	25	21	8	34	6	11	14	23	27	10	18	4	37	15	9	21	1	8	25	32	20	17	14	18	3	31	22	32	35	39	14	22	33	15	10	26	26	3	39	9	35	24	19	8	9	28	27	11	2	10	35	32	33	33	25	36	28	21	25	36	32	20	0	21	10	10	12	27	0	20	26	12	37	39	30	5	7	9	14	34	12	21	14	2	7	19	36	16	38	37	28	10	31	10	36	4	29	13	16	37	30	30	14	32	0	7	34	3	30	31	26	18	22	10	26	12	22	29	24	20	1	37	32	8	6	16	8	29	0	10	28	7	22	8	10	13	35	16	23	26	38	22	7	20	10	31	31	23	38	24	13	9	22	15	13	32	38	24	13	22	21	8	10	19	38	4	24	35	8	2	4	26	31	6	20	6	31	21	21	19	15	28	27	16	19	9	12	32	23	8	36	9	34	22	0	8	24	33	14	17	30	13	27	11	32	15	27	9	13	36	12	9	17	18	18	39	9	5	19	18	26	10	19	29	25	22	24	30	2	31	30	25	28	33	3	5	27	9	19	13	36	12	12	15	28	8	2	24	16	9	19	4	37	20	35	33	24	31	24	20	6	22	31	18	36	30	28	8	39	28	20	26	20	38	13	38	32	7	11	17	24	39	4	32	33	0	5	23	8	17	18	28	10	5	24	36	37	20	21	4	4	8	14	32	21	8	23	30	5	32	13	3	25	29	23	20	39	13	31	22	2	35	36	5	8	38	19	23	22	11	32	1	34	37	17	31	31	19	10	24	19	9	9	15	28	36	34	2	37	26	
22	13	13	15	35	7	35	36	38	29	21	16	16	6	11	20	3	4	21	26	15	32	29	2	14	26	13	37	8	20	4	36	31	15	4	0	35	35	23	3	38	2	4	29	24	21	13	23	26	12	35	34	22	18	15	16	21	22	2	0	7	9	29	21	5	6	9	7	9	28	7	32	35	28	24	31	37	17	29	7	23	18	30	16	10	33	14	27	32	38	37	33	2	36	3	35	0	17	35	19	27	1	20	33	13	4	9	6	38	34	17	11	24	12	6	2	27	21	34	27	1	20	4	38	34	3	14	7	8	18	33	4	3	12	30	7	4	24	15	34	21	15	27	21	6	4	4	33	33	38	34	23	30	7	24	9	31	31	38	15	12	24	29	26	39	3	14	35	24	25	1	35	9	10	33	4	2	8	38	29	12	20	32	9	33	22	34	0	25	1	27	4	6	11	22	4	0	32	10	27	33	23	17	9	33	18	29	31	2	10	29	15	36	23	27	16	33	3	0	29	17	31	5	14	5	3	19	20	39	26	35	25	7	2	22	20	39	31	37	16	23	16	25	5	1	23	19	12	13	13	36	31	13	18	12	13	9	8	22	33	10	8	1	19	18	3	32	4	10	33	11	6	18	12	2	16	19	4	31	21	39	20	4	29	14	35	8	25	2	18	6	35	35	36	5	10	10	16	15	17	17	8	37	32	9	4	32	25	2	14	25	3	29	7	17	25	36	8	1	10	7	33	10	26	8	4	13	39	15	18	11	35	38	12	13	16	29	26	19	14	6	29	0	6	33	24	20	17	39	26	7	9	10	29	12	37	11	10	34	16	18	25	36	2	32	12	25	21	23	36	35	24	31	2	12	6	17	22	3	39	0	2	26	20	2	38	10	22	10	37	29	23	1	6	2	38	23	34	27	14	21	28	9	15	21	11	21	19	31	32	23	9	29	30	26	28	7	28	14	36	15	4	4	10	37	23	12	23	34	13	33	37	0	0	3	28	32	1	34	37	34	16	1	1	39	31	23	1	17	23	23	23	32	25	8	18	30	13	20	29	11	5	21	1	1	26	2	5	
33	21	30	36	39	20	22	35	31	38	30	32	24	39	31	24	24	30	35	36	26	21	39	35	34	38	24	33	37	35	23	31	36	30	22	22	27	28	30	31	27	37	40	23	23	23	23	36	23	38	35	39	35	31	26	32	37	38	32	20	33	32	23	31	28	22	26	27	21	27	31	38	32	28	35	29	22	36	24	34	28	29	35	27	35	34	28	36	40	37	26	36	32	39	37	20	29	26	34	27	37	30	30	35	28	38	32	24	38	21	20	27	20	22	26	38	30	24	39	27	31	26	34	28	28	27	20	21	40	22	20	21	20	34	28	30	26	35	26	37	33	31	38	36	32	28	20	23	24	23	24	22	23	22	40	24	39	21	22	23	31	39	23	32	26	23	36	33	35	27	34	26	37	35	30	36	39	40	40	33	35	30	24	22	31	24	39	25	20	21	22	33	24	23	38	20	34	23	21	38	30	37	20	31	20	26	28	27	29	40	21	27	28	30	31	33	23	39	36	35	36	28	33	32	40	32	29	21	34	32	38	32	35	29	24	28	25	36	21	26	27	21	20	21	37	21	31	25	25	26	30	39	35	23	26	35	27	26	23	30	24	26	25	31	27	22	34	29	35	34	28	25	37	20	23	24	21	27	26	33	31	34	23	26	32	23	38	23	30	31	26	26	33	39	35	35	22	34	35	34	25	25	34	28	26	30	21	29	34	21	33	30	38	33	35	24	32	40	24	32	38	39	33	33	22	21	27	33	24	36	25	22	20	30	40	35	32	28	21	37	22	33	33	38	21	35	37	22	40	37	33	22	28	33	20	24	31	29	22	20	20	20	34	33	28	38	31	34	38	25	24	31	32	20	25	32	40	23	21	27	34	26	38	21	36	26	24	27	33	24	33	30	29	23	26	30	34	34	22	25	40	40	29	24	37	22	37	26	21	38	37	28	28	20	25	39	31	35	29	31	34	29	27	24	33	25	20	29	33	29	24	33	34	37	34	33	26	37	40	22	29	21	22	23	37	28	28	28	23	39	22	38	29	20	28	30	28	20	25	20	21	29	39	29	37	27	28	38	
22	40	45	26	33	12	14	33	34	43	11	18	48	20	33	22	34	49	45	35	26	16	27	26	48	21	23	41	14	13	50	25	39	24	12	21	37	46	46	19	44	20	42	47	24	19	47	43	16	15	39	30	17	48	20	30	49	49	38	12	32	41	46	20	28	45	46	26	16	49	46	35	12	24	30	39	43	26	36	32	46	40	11	48	50	28	23	44	42	28	37	44	19	26	40	45	26	15	11	20	47	40	26	35	14	35	36	47	25	37	33	22	46	28	23	11	31	45	26	23	38	36	38	47	28	13	30	21	29	13	50	37	20	15	48	29	21	48	39	33	30	30	37	36	20	18	20	13	22	34	48	28	33	19	31	34	47	20	36	10	39	18	18	18	44	43	25	39	21	49	18	50	39	11	25	43	36	28	14	16	40	34	18	30	22	46	25	27	47	45	28	47	21	33	10	47	41	29	33	18	26	27	25	28	39	38	42	16	16	22	25	32	50	30	38	31	50	22	10	18	23	33	26	30	50	28	13	12	15	10	38	29	21	49	48	20	32	17	43	29	46	10	42	32	13	11	14	45	39	16	36	29	11	11	50	12	41	41	46	50	11	46	40	41	12	31	25	29	23	35	47	23	48	38	24	29	17	44	48	42	17	34	34	23	46	18	47	37	46	25	49	40	47	10	19	17	43	40	17	34	40	20	17	49	49	10	10	24	46	44	36	25	36	43	49	10	20	31	28	35	11	50	32	43	22	21	46	42	26	15	35	31	12	19	30	30	11	29	11	30	33	40	23	14	42	40	35	45	41	46	14	50	14	21	33	14	45	16	16	24	40	42	26	40	17	49	17	17	22	17	15	18	12	17	14	46	48	21	19	15	40	49	32	21	25	49	12	13	47	31	24	28	15	25	10	23	19	25	47	24	35	34	25	32	21	46	11	27	49	14	32	38	44	38	44	33	50	37	32	13	15	14	15	44	18	26	39	42	43	25	39	11	13	35	36	11	12	39	34	24	40	38	42	22	24	31	47	17	23	32	39	48	33	33	42	26	14	48	19	50	21	18	33	42	33	39	19	31	
15
60
