468
40
0	0	0	0	0	0	0	0	0	0	48	0	0	0	0	0	48	0	0	0	0	0	0	0	0	0	48	0	0	0	0	0	0	0	0	0	0	0	0	0	
0	0	0	0	0	0	0	0	0	0	0	0	0	0	0	0	0	0	0	0	0	0	0	0	0	0	0	0	0	0	0	0	96	0	0	0	96	0	0	0	
0	0	0	48	0	0	0	0	0	0	0	0	0	0	0	0	0	0	0	0	0	0	48	0	0	0	0	0	0	0	0	0	0	0	0	0	0	0	0	0	
0	0	48	0	0	0	0	0	0	0	0	0	0	0	0	0	0	0	0	0	0	0	48	0	0	0	0	0	0	0	0	0	0	0	0	0	0	0	0	0	
0	0	0	0	0	0	0	0	0	48	0	0	0	0	0	0	0	0	0	0	0	0	0	0	0	0	0	192	0	0	0	0	0	0	0	0	0	0	0	0	
0	0	0	0	0	0	0	0	0	0	0	0	0	0	0	0	0	0	0	0	0	96	500	0	0	0	0	0	0	0	0	0	0	0	0	0	0	0	0	0	
0	0	0	0	0	0	0	0	96	0	0	0	0	0	0	0	0	0	0	0	0	0	0	0	0	0	0	0	0	0	0	48	0	0	0	0	48	0	0	0	
0	0	0	0	0	0	0	0	0	48	0	0	0	0	0	0	0	0	0	0	0	192	0	0	0	500	0	0	0	0	0	0	0	0	0	0	0	0	0	0	
0	0	0	0	0	0	96	0	0	0	0	0	0	0	0	0	0	0	0	0	0	0	0	0	0	0	0	0	0	0	0	96	0	0	0	0	0	0	0	0	
0	0	0	0	48	0	0	48	0	0	0	0	0	0	0	0	0	0	0	0	0	0	0	0	0	0	0	0	0	0	0	0	0	0	0	0	0	0	0	0	
48	0	0	0	0	0	0	0	0	0	0	0	0	0	0	0	192	0	0	0	0	0	0	0	0	0	0	0	0	0	0	0	500	0	0	0	0	0	0	96	
0	0	0	0	0	0	0	0	0	0	0	0	0	48	0	0	0	0	0	0	0	0	0	192	0	0	0	0	0	0	0	0	0	0	0	0	0	0	0	0	
0	0	0	0	0	0	0	0	0	0	0	0	0	0	0	0	0	0	0	0	0	0	0	0	0	0	0	0	0	0	0	0	0	0	192	48	0	0	0	0	
0	0	0	0	0	0	0	0	0	0	0	48	0	0	0	192	0	0	0	0	0	0	0	96	0	0	0	0	0	0	0	0	0	0	0	0	0	0	0	0	
0	0	0	0	0	0	0	0	0	0	0	0	0	0	0	0	0	0	0	0	0	0	0	0	0	0	0	96	0	0	500	0	0	0	0	0	0	0	0	0	
0	0	0	0	0	0	0	0	0	0	0	0	0	192	0	0	0	0	0	0	0	0	0	0	500	0	0	0	0	0	0	0	0	0	0	0	0	0	0	0	
48	0	0	0	0	0	0	0	0	0	192	0	0	0	0	0	0	0	0	0	0	0	0	0	0	0	0	0	0	0	0	0	0	0	0	0	0	0	0	0	
0	0	0	0	0	0	0	0	0	0	0	0	0	0	0	0	0	0	192	96	500	0	0	0	0	0	0	0	0	0	0	0	0	0	0	0	0	192	96	0	
0	0	0	0	0	0	0	0	0	0	0	0	0	0	0	0	0	192	0	0	0	0	0	0	0	48	0	0	0	0	0	0	0	500	0	0	0	0	0	0	
0	0	0	0	0	0	0	0	0	0	0	0	0	0	0	0	0	96	0	0	192	0	0	0	0	0	0	0	0	0	0	0	0	0	0	0	0	0	0	0	
0	0	0	0	0	0	0	0	0	0	0	0	0	0	0	0	0	500	0	192	0	0	0	0	0	0	0	0	0	0	0	0	0	0	0	0	0	0	0	0	
0	0	0	0	0	96	0	192	0	0	0	0	0	0	0	0	0	0	0	0	0	0	0	0	0	0	0	0	0	0	0	0	0	0	0	0	0	0	0	0	
0	0	48	48	0	500	0	0	0	0	0	0	0	0	0	0	0	0	0	0	0	0	0	0	0	0	0	0	0	0	0	0	0	0	0	0	0	0	0	0	
0	0	0	0	0	0	0	0	0	0	0	192	0	96	0	0	0	0	0	0	0	0	0	0	0	0	0	0	0	0	0	0	0	0	0	0	0	0	0	0	
0	0	0	0	0	0	0	0	0	0	0	0	0	0	0	500	0	0	0	0	0	0	0	0	0	0	0	0	96	0	0	0	0	0	192	0	0	0	0	0	
0	0	0	0	0	0	0	500	0	0	0	0	0	0	0	0	0	0	48	0	0	0	0	0	0	0	0	0	0	0	0	0	0	0	0	0	0	0	0	0	
48	0	0	0	0	0	0	0	0	0	0	0	0	0	0	0	0	0	0	0	0	0	0	0	0	0	0	0	0	48	0	0	0	0	0	0	0	0	0	0	
0	0	0	0	192	0	0	0	0	0	0	0	0	0	96	0	0	0	0	0	0	0	0	0	0	0	0	0	0	0	96	0	0	96	0	0	0	0	0	0	
0	0	0	0	0	0	0	0	0	0	0	0	0	0	0	0	0	0	0	0	0	0	0	0	96	0	0	0	0	0	0	0	0	0	0	96	0	192	0	48	
0	0	0	0	0	0	0	0	0	0	0	0	0	0	0	0	0	0	0	0	0	0	0	0	0	0	48	0	0	0	0	0	0	500	0	0	0	0	0	500	
0	0	0	0	0	0	0	0	0	0	0	0	0	0	500	0	0	0	0	0	0	0	0	0	0	0	0	96	0	0	0	0	0	0	0	0	0	0	0	0	
0	0	0	0	0	0	48	0	96	0	0	0	0	0	0	0	0	0	0	0	0	0	0	0	0	0	0	0	0	0	0	0	0	0	0	0	0	0	0	0	
0	96	0	0	0	0	0	0	0	0	500	0	0	0	0	0	0	0	0	0	0	0	0	0	0	0	0	0	0	0	0	0	0	0	0	0	0	0	0	0	
0	0	0	0	0	0	0	0	0	0	0	0	0	0	0	0	0	0	500	0	0	0	0	0	0	0	0	96	0	500	0	0	0	0	0	0	0	0	0	0	
0	0	0	0	0	0	0	0	0	0	0	0	192	0	0	0	0	0	0	0	0	0	0	0	192	0	0	0	0	0	0	0	0	0	0	0	0	0	0	0	
0	0	0	0	0	0	0	0	0	0	0	0	48	0	0	0	0	0	0	0	0	0	0	0	0	0	0	0	96	0	0	0	0	0	0	0	0	0	192	0	
0	96	0	0	0	0	48	0	0	0	0	0	0	0	0	0	0	0	0	0	0	0	0	0	0	0	0	0	0	0	0	0	0	0	0	0	0	0	0	0	
0	0	0	0	0	0	0	0	0	0	0	0	0	0	0	0	0	192	0	0	0	0	0	0	0	0	0	0	192	0	0	0	0	0	0	0	0	0	0	0	
0	0	0	0	0	0	0	0	0	0	0	0	0	0	0	0	0	96	0	0	0	0	0	0	0	0	0	0	0	0	0	0	0	0	0	192	0	0	0	0	
0	0	0	0	0	0	0	0	0	0	96	0	0	0	0	0	0	0	0	0	0	0	0	0	0	0	0	0	48	500	0	0	0	0	0	0	0	0	0	0	
20	36	13	20	24	31	27	30	20	1	34	0	34	10	28	10	27	13	0	21	31	17	9	3	16	17	30	20	15	28	2	33	4	3	37	20	1	1	32	21	22	30	35	37	21	34	33	6	14	39	34	0	35	14	0	36	20	8	26	28	28	14	2	32	25	16	33	1	31	17	25	1	4	0	1	32	20	31	20	39	14	30	34	8	19	24	3	18	38	21	10	17	29	21	23	11	12	10	19	35	34	5	23	1	24	15	12	23	24	8	4	13	27	19	38	4	1	15	28	22	36	14	24	3	4	17	1	28	3	25	34	26	18	14	11	15	17	3	28	19	17	31	8	16	21	28	7	22	4	27	34	30	7	5	18	33	16	18	8	17	39	13	38	14	31	21	19	2	14	12	17	37	16	11	18	0	20	18	37	12	11	4	21	3	7	8	10	5	9	32	4	20	1	5	38	32	17	32	8	18	1	18	19	19	3	19	8	21	15	6	32	0	0	34	37	5	28	33	30	38	38	36	37	19	15	27	28	22	32	25	27	30	25	37	34	38	35	17	4	39	16	14	1	25	33	13	34	37	38	14	0	4	9	36	36	16	35	6	7	25	28	6	26	16	5	29	22	39	24	20	36	6	6	3	30	30	24	21	19	1	37	1	14	15	17	1	23	1	3	38	30	25	29	33	22	23	31	18	23	28	35	3	26	34	17	22	32	17	11	10	2	18	26	0	25	23	22	35	15	32	8	3	11	22	3	32	8	27	6	12	13	23	34	8	21	3	25	13	15	16	36	12	14	0	3	37	34	12	24	18	12	3	11	4	29	8	22	20	22	35	33	19	16	22	14	18	20	9	6	17	20	13	1	10	23	12	17	31	7	29	22	6	14	12	10	11	11	7	30	6	1	25	18	15	8	10	32	32	17	12	32	18	13	39	36	6	21	4	20	37	26	12	26	16	21	9	7	39	39	19	35	4	10	4	16	16	21	36	30	36	34	12	39	17	27	21	3	23	24	17	36	33	9	0	27	14	33	36	24	8	32	28	37	24	23	28	10	22	23	34	33	37	9	25	11	36	30	9	
7	35	32	1	1	12	12	5	34	25	20	2	6	22	22	6	10	0	7	30	35	13	36	15	14	18	9	23	9	35	37	25	32	30	27	27	24	23	17	34	15	27	19	4	1	9	16	20	11	35	19	32	18	17	9	14	4	37	9	1	5	7	39	15	26	1	7	38	8	27	31	17	5	23	27	15	29	29	26	35	5	7	39	3	3	37	0	5	26	10	34	20	9	35	17	23	37	38	12	9	9	39	6	9	20	12	36	27	26	18	13	35	9	13	20	16	20	10	24	21	26	23	35	33	31	8	5	31	9	27	33	14	3	21	14	34	36	10	7	7	8	8	1	12	37	11	27	13	31	8	0	7	11	37	14	6	38	15	2	25	29	18	24	36	38	12	23	4	29	1	34	29	32	23	31	30	26	2	26	11	10	7	10	25	4	21	34	21	14	22	32	28	35	34	16	18	10	19	9	22	7	9	14	4	24	7	21	25	25	34	11	10	23	0	4	28	7	13	14	12	6	23	14	23	2	18	17	26	15	4	28	26	26	34	11	28	1	16	36	29	8	35	4	26	28	33	16	24	34	22	36	5	0	24	22	36	18	12	3	3	37	22	16	7	22	27	17	5	27	9	4	26	32	37	14	35	18	35	36	14	31	9	3	22	35	3	15	17	19	14	22	12	28	25	13	29	12	6	32	7	22	28	22	32	33	16	26	38	26	6	34	12	4	20	26	16	14	22	25	24	29	34	18	39	28	20	19	36	10	18	8	10	11	8	16	39	28	12	38	9	10	35	24	11	11	24	35	4	35	27	3	39	15	31	31	27	29	9	18	3	25	15	18	38	8	29	11	31	15	33	3	13	4	8	16	28	27	22	20	8	25	16	23	16	35	12	21	7	23	7	10	12	33	13	20	3	14	11	15	32	27	39	2	34	30	38	32	5	27	12	7	22	39	23	4	9	16	19	11	37	10	14	35	30	10	4	39	1	21	2	13	26	33	39	25	24	26	21	34	7	21	12	35	28	15	22	18	4	14	27	11	12	14	29	37	9	12	4	3	24	29	2	3	38	7	31	18	39	
39	29	23	39	33	36	40	37	21	25	22	38	32	34	34	23	35	21	23	36	24	31	31	33	27	24	38	39	21	38	24	23	20	31	27	32	24	34	30	23	30	22	22	30	31	27	40	25	27	40	21	30	25	24	28	36	39	40	29	28	27	39	40	33	22	33	30	25	29	36	25	22	32	20	38	38	25	20	30	27	29	37	31	22	35	25	26	38	26	24	29	22	27	39	27	30	31	20	22	21	23	32	38	20	34	22	21	25	37	33	38	37	37	23	36	26	27	31	31	39	40	27	22	34	27	36	21	28	28	34	22	38	28	38	40	24	26	31	32	21	21	33	40	33	23	30	36	20	38	34	33	40	25	32	29	30	27	25	33	34	23	21	30	29	32	31	20	28	37	23	40	40	34	25	37	30	24	27	27	27	20	28	38	25	27	30	39	38	36	38	20	33	31	28	22	36	36	35	27	23	25	37	31	25	36	31	37	36	30	30	37	25	26	31	39	23	26	30	31	23	20	23	23	34	34	36	33	22	36	20	31	32	30	20	37	40	21	21	28	22	20	37	23	34	21	27	31	29	31	36	31	26	32	33	30	30	31	21	24	24	33	37	31	20	31	25	23	27	27	36	20	30	32	30	23	34	29	39	36	40	30	30	23	36	30	28	30	33	40	30	30	29	23	40	32	27	23	20	21	32	22	40	34	25	38	33	31	26	36	22	31	31	32	32	20	36	31	21	39	31	29	22	35	21	28	27	39	28	22	39	38	24	26	20	33	35	21	23	30	24	32	23	27	28	31	22	27	28	35	35	22	30	26	39	23	29	36	30	22	29	30	26	27	25	28	40	22	21	24	24	24	35	24	31	30	40	37	25	28	40	32	39	32	39	25	32	29	40	35	23	22	37	21	37	31	36	37	33	27	35	27	39	36	37	23	40	25	30	36	40	36	37	30	36	34	27	31	35	35	38	26	26	38	30	32	38	22	20	21	27	40	30	25	37	33	37	36	37	31	20	32	39	34	40	38	24	39	32	22	36	34	39	26	40	33	31	29	26	29	28	29	36	32	26	29	37	22	36	
16	41	17	50	11	36	16	44	39	20	35	24	29	33	38	46	38	50	28	34	50	23	27	39	33	41	50	49	44	21	49	10	15	30	34	35	18	40	18	37	35	42	12	32	20	20	31	17	20	36	17	22	14	47	39	14	31	45	48	35	31	41	32	24	43	50	14	49	17	29	17	28	22	48	23	10	40	44	21	40	23	50	35	20	20	11	24	42	13	21	33	20	32	29	13	23	42	20	46	29	42	13	29	25	35	22	15	10	41	40	25	44	41	12	17	45	27	41	41	41	21	14	23	48	30	11	17	39	25	41	27	40	13	25	10	48	35	42	46	40	25	10	22	31	42	21	13	49	48	31	17	20	18	39	36	37	38	14	22	43	16	23	14	19	37	20	31	48	24	42	42	11	36	14	20	18	44	12	50	43	15	16	11	23	28	41	18	46	39	21	38	12	17	34	36	26	43	13	48	35	27	24	23	15	15	27	37	48	24	38	23	35	23	13	50	17	20	46	49	28	34	18	49	20	21	19	50	43	24	41	27	19	46	39	15	39	15	20	18	41	40	25	14	37	22	48	20	14	30	16	34	10	18	40	24	45	30	11	43	18	14	46	29	42	33	48	35	26	20	41	12	14	22	49	18	48	16	42	21	13	40	41	32	16	33	23	32	38	46	20	25	24	15	47	30	41	41	26	44	25	33	36	48	42	43	45	44	48	28	12	30	26	31	34	11	23	31	50	39	26	12	15	30	39	20	45	47	17	11	10	36	15	13	48	11	22	24	16	37	27	30	16	15	21	18	19	39	11	13	48	14	44	20	37	19	14	22	18	18	12	19	25	19	38	27	12	42	35	32	28	38	38	45	25	12	48	11	32	12	44	15	21	35	19	15	17	49	18	23	40	41	36	35	46	45	22	45	36	36	10	35	50	33	16	45	47	21	19	46	49	19	17	38	25	27	34	39	11	26	43	25	48	45	27	43	37	26	42	20	22	10	40	18	11	40	37	12	26	28	33	32	23	38	24	25	46	50	26	12	15	39	17	12	34	14	16	45	14	43	42	16	48	25	42	34	42	36	36	
0.5
60
