702
40
0	0	0	0	0	0	0	0	192	0	0	0	0	48	0	0	0	0	0	0	0	0	0	0	0	0	0	0	0	0	0	0	0	0	0	0	0	0	0	0	
0	0	0	0	0	0	0	0	0	0	0	0	96	0	0	0	0	0	0	0	0	0	0	0	0	0	500	0	0	0	0	0	0	0	0	0	0	0	0	0	
0	0	0	0	0	0	0	500	0	96	0	0	0	0	0	0	0	0	0	0	0	0	0	0	0	0	0	0	0	192	0	0	0	0	0	0	500	0	0	0	
0	0	0	0	0	0	0	0	0	0	0	0	0	192	0	0	0	0	0	0	48	0	0	0	0	0	0	0	0	0	0	0	0	0	0	0	0	0	0	0	
0	0	0	0	0	0	0	0	0	0	0	0	0	0	0	0	0	48	0	0	0	0	0	0	0	0	0	0	0	0	0	0	0	0	0	0	0	0	0	192	
0	0	0	0	0	0	0	0	0	0	0	0	0	0	0	192	0	0	0	0	0	0	0	0	0	0	0	0	192	0	96	0	0	0	0	0	0	0	0	96	
0	0	0	0	0	0	0	0	0	0	0	0	0	0	0	0	0	0	0	48	192	500	0	0	0	0	0	0	0	0	0	0	0	0	0	0	0	0	0	0	
0	0	500	0	0	0	0	0	0	0	0	0	0	0	0	0	0	0	0	0	0	0	0	0	0	0	0	0	0	192	0	0	0	0	0	0	0	0	0	0	
192	0	0	0	0	0	0	0	0	0	0	0	0	0	0	0	0	0	0	0	0	0	0	192	0	0	0	0	0	0	0	48	0	0	0	0	0	0	0	0	
0	0	96	0	0	0	0	0	0	0	0	0	96	0	0	0	0	0	0	0	0	0	0	0	0	0	0	0	0	0	0	0	0	0	0	0	0	0	0	0	
0	0	0	0	0	0	0	0	0	0	0	0	0	0	0	0	0	0	0	0	0	0	0	0	0	0	192	0	0	0	0	0	0	0	0	0	0	48	0	0	
0	0	0	0	0	0	0	0	0	0	0	0	0	0	0	0	0	0	0	0	0	0	0	192	0	500	0	0	0	0	0	0	0	0	0	0	0	0	0	0	
0	96	0	0	0	0	0	0	0	96	0	0	0	0	0	0	0	0	0	0	0	0	0	0	0	0	96	0	0	0	0	0	0	0	0	96	0	0	0	0	
48	0	0	192	0	0	0	0	0	0	0	0	0	0	0	500	0	0	0	0	96	0	0	0	0	0	0	0	0	0	0	0	0	0	0	0	0	0	0	0	
0	0	0	0	0	0	0	0	0	0	0	0	0	0	0	0	0	0	192	0	0	0	0	0	0	0	0	0	192	0	0	0	0	0	0	0	0	0	0	0	
0	0	0	0	0	192	0	0	0	0	0	0	0	500	0	0	0	0	0	0	0	0	0	0	0	0	0	0	0	0	0	0	0	0	0	0	0	0	0	0	
0	0	0	0	0	0	0	0	0	0	0	0	0	0	0	0	0	0	0	0	0	0	0	0	0	0	0	0	0	0	0	0	48	0	500	0	0	0	0	0	
0	0	0	0	48	0	0	0	0	0	0	0	0	0	0	0	0	0	0	0	0	0	0	0	0	0	0	0	0	0	48	0	0	0	0	0	0	0	0	0	
0	0	0	0	0	0	0	0	0	0	0	0	0	0	192	0	0	0	0	0	0	0	0	0	0	0	0	0	192	0	0	0	0	0	0	0	0	0	0	0	
0	0	0	0	0	0	48	0	0	0	0	0	0	0	0	0	0	0	0	0	96	0	0	0	0	0	0	0	0	0	0	0	0	48	0	0	0	0	0	0	
0	0	0	48	0	0	192	0	0	0	0	0	0	96	0	0	0	0	0	96	0	0	0	0	0	0	0	0	0	0	0	0	0	0	0	0	0	0	0	0	
0	0	0	0	0	0	500	0	0	0	0	0	0	0	0	0	0	0	0	0	0	0	0	0	0	0	0	0	0	0	192	0	0	0	0	0	0	0	0	0	
0	0	0	0	0	0	0	0	0	0	0	0	0	0	0	0	0	0	0	0	0	0	0	0	48	0	0	0	0	0	0	0	0	0	0	192	0	0	0	0	
0	0	0	0	0	0	0	0	192	0	0	192	0	0	0	0	0	0	0	0	0	0	0	0	0	0	0	0	0	0	0	0	0	0	0	0	0	0	0	0	
0	0	0	0	0	0	0	0	0	0	0	0	0	0	0	0	0	0	0	0	0	0	48	0	0	0	0	0	0	0	0	0	192	0	0	0	0	0	0	0	
0	0	0	0	0	0	0	0	0	0	0	500	0	0	0	0	0	0	0	0	0	0	0	0	0	0	0	0	0	0	0	500	0	0	0	0	0	0	0	0	
0	500	0	0	0	0	0	0	0	0	192	0	96	0	0	0	0	0	0	0	0	0	0	0	0	0	0	0	0	0	0	0	0	0	0	0	0	0	0	0	
0	0	0	0	0	0	0	0	0	0	0	0	0	0	0	0	0	0	0	0	0	0	0	0	0	0	0	0	0	0	0	0	0	192	0	0	0	0	500	0	
0	0	0	0	0	192	0	0	0	0	0	0	0	0	192	0	0	0	192	0	0	0	0	0	0	0	0	0	0	0	0	0	0	0	0	0	0	0	0	0	
0	0	192	0	0	0	0	192	0	0	0	0	0	0	0	0	0	0	0	0	0	0	0	0	0	0	0	0	0	0	0	0	0	0	0	0	0	0	0	0	
0	0	0	0	0	96	0	0	0	0	0	0	0	0	0	0	0	48	0	0	0	192	0	0	0	0	0	0	0	0	0	0	0	0	0	0	0	0	0	0	
0	0	0	0	0	0	0	0	48	0	0	0	0	0	0	0	0	0	0	0	0	0	0	0	0	500	0	0	0	0	0	0	192	0	192	0	0	0	0	0	
0	0	0	0	0	0	0	0	0	0	0	0	0	0	0	0	48	0	0	0	0	0	0	0	192	0	0	0	0	0	0	192	0	0	0	0	192	0	0	0	
0	0	0	0	0	0	0	0	0	0	0	0	0	0	0	0	0	0	0	48	0	0	0	0	0	0	0	192	0	0	0	0	0	0	0	0	0	0	0	0	
0	0	0	0	0	0	0	0	0	0	0	0	0	0	0	0	500	0	0	0	0	0	0	0	0	0	0	0	0	0	0	192	0	0	0	0	0	0	0	0	
0	0	0	0	0	0	0	0	0	0	0	0	96	0	0	0	0	0	0	0	0	0	192	0	0	0	0	0	0	0	0	0	0	0	0	0	0	0	0	0	
0	0	500	0	0	0	0	0	0	0	0	0	0	0	0	0	0	0	0	0	0	0	0	0	0	0	0	0	0	0	0	0	192	0	0	0	0	0	0	0	
0	0	0	0	0	0	0	0	0	0	48	0	0	0	0	0	0	0	0	0	0	0	0	0	0	0	0	0	0	0	0	0	0	0	0	0	0	0	96	0	
0	0	0	0	0	0	0	0	0	0	0	0	0	0	0	0	0	0	0	0	0	0	0	0	0	0	0	500	0	0	0	0	0	0	0	0	0	96	0	0	
0	0	0	0	192	96	0	0	0	0	0	0	0	0	0	0	0	0	0	0	0	0	0	0	0	0	0	0	0	0	0	0	0	0	0	0	0	0	0	0	
12	31	16	12	6	11	34	4	0	11	30	16	13	39	28	33	37	9	39	7	26	1	14	29	20	9	19	27	12	25	15	27	20	27	26	12	4	8	39	0	37	32	13	33	24	5	6	30	31	31	35	18	27	32	29	4	27	1	4	23	26	34	35	11	0	37	25	0	7	26	8	25	39	27	17	14	1	8	4	8	6	35	28	9	32	29	24	0	15	14	11	23	29	0	28	32	26	3	12	2	7	1	30	16	37	10	10	9	14	32	8	16	2	12	26	29	3	22	25	9	16	32	14	36	20	18	10	25	0	30	21	33	12	37	1	11	33	7	8	25	8	21	25	36	11	18	5	30	34	13	7	14	22	31	22	23	33	34	37	16	3	14	11	4	6	38	18	3	9	0	19	14	15	32	22	6	17	28	6	12	15	8	10	33	34	3	20	30	11	31	21	12	28	28	30	5	13	12	7	8	39	7	18	24	28	15	17	4	20	36	11	31	16	8	18	9	2	36	6	18	2	16	34	13	17	38	13	2	33	38	25	18	2	18	15	15	5	27	24	24	4	25	21	39	14	6	38	5	23	10	38	28	21	31	4	27	11	37	18	29	18	6	33	34	1	11	25	26	11	12	5	0	8	3	20	4	18	24	32	39	25	13	10	26	30	3	19	14	35	10	20	4	32	19	13	30	30	8	16	19	38	34	22	6	26	2	16	38	10	32	31	22	0	29	4	5	20	3	7	14	7	11	10	17	3	29	14	31	7	27	4	1	39	29	37	8	1	5	17	37	32	28	27	33	4	2	2	6	15	9	32	19	32	17	22	35	27	12	13	13	38	18	37	12	12	21	32	0	13	30	0	25	18	29	12	10	5	28	13	3	14	3	14	13	31	20	23	1	24	24	8	8	34	39	11	12	22	35	17	36	6	20	11	18	18	12	17	24	27	19	14	29	11	11	9	20	26	37	12	21	18	9	24	25	26	24	6	0	21	5	39	21	20	39	35	16	14	7	28	35	22	31	3	5	29	8	25	8	18	18	15	37	9	39	21	22	16	7	14	26	2	4	33	20	39	22	24	12	0	23	12	2	31	8	6	17	28	17	6	17	0	12	39	19	29	2	24	0	26	3	35	1	35	0	9	15	14	35	2	20	6	13	25	23	36	14	21	26	39	24	32	15	26	11	19	6	21	17	39	7	10	35	37	21	1	33	13	16	27	21	17	25	26	31	35	1	22	25	34	33	16	12	39	34	34	32	37	37	27	6	3	35	39	9	36	38	36	31	31	29	29	36	6	11	18	31	17	31	5	25	11	4	22	36	35	2	30	17	36	10	38	0	37	21	32	19	8	20	28	18	29	8	36	31	23	2	0	27	21	35	33	30	1	12	8	2	4	39	23	31	23	27	38	23	35	27	7	19	0	38	2	19	17	39	24	32	21	14	18	36	14	4	26	0	21	26	16	5	26	33	6	11	16	26	27	19	14	30	11	15	30	22	28	8	9	36	1	6	0	31	10	3	12	26	24	15	37	4	37	4	38	16	33	19	14	37	29	4	31	30	27	1	25	19	11	26	7	13	15	17	24	37	22	38	31	28	3	35	27	27	15	9	
16	19	15	33	39	13	12	8	17	5	3	11	37	23	34	31	22	0	38	8	11	13	27	5	39	27	30	33	33	16	29	10	4	32	12	12	31	17	1	14	29	38	1	3	21	38	0	33	3	21	27	28	3	17	32	3	36	5	36	9	25	0	11	4	33	15	18	24	24	37	7	36	10	33	23	27	6	31	6	35	32	28	34	1	13	22	23	1	1	8	2	10	27	33	34	23	23	22	17	30	10	2	6	35	33	20	30	29	8	16	13	39	38	28	25	39	15	3	6	33	0	28	18	28	22	3	17	19	22	38	33	20	5	9	31	12	0	25	30	39	28	3	14	35	6	36	2	21	11	10	15	18	8	25	3	23	2	39	10	16	30	31	10	35	33	32	8	29	8	22	16	27	32	6	23	9	14	30	19	21	7	18	25	28	16	23	5	19	23	11	4	22	15	9	12	19	6	0	26	15	9	29	2	15	21	11	1	8	0	25	30	38	37	11	35	15	10	38	23	8	36	0	7	21	17	37	31	13	28	26	13	27	27	4	21	37	4	25	37	15	34	29	9	16	11	37	15	11	5	30	27	38	19	30	27	14	4	9	35	15	35	20	1	39	6	20	17	11	11	15	9	0	5	25	29	27	19	23	3	16	0	31	24	21	3	21	32	31	15	6	24	10	19	15	6	29	11	6	14	11	35	7	6	18	26	23	27	38	19	27	1	22	5	1	5	21	12	5	22	25	28	20	14	31	36	12	28	35	24	8	37	35	13	15	37	36	7	30	33	3	21	32	16	21	19	4	28	38	22	22	4	36	34	11	37	4	38	33	27	18	30	12	28	29	7	1	12	8	6	29	25	25	24	14	23	12	9	8	4	32	24	16	20	16	1	4	21	2	9	15	11	3	5	24	12	31	2	35	21	5	5	38	1	24	11	13	16	29	17	37	37	27	4	35	29	37	9	13	14	9	5	7	28	36	29	30	13	3	22	39	38	18	37	24	3	39	32	5	33	23	18	11	30	23	17	23	7	19	34	39	16	26	26	23	39	23	38	28	16	7	20	36	16	17	39	2	37	16	5	13	12	26	35	34	1	20	23	20	34	26	28	34	3	3	0	0	2	2	25	36	11	5	18	33	4	16	33	30	33	34	36	15	32	6	14	2	29	2	29	10	22	27	7	38	39	21	39	35	14	38	36	4	7	27	25	8	8	17	13	35	29	13	11	10	12	19	18	3	10	9	29	9	34	4	3	36	20	32	7	14	35	20	32	5	4	35	2	15	29	19	1	0	27	16	20	30	10	33	38	21	7	25	14	18	24	38	32	34	34	29	8	34	25	18	29	32	19	11	11	32	28	13	15	23	1	5	21	35	16	0	12	16	38	26	32	27	7	33	6	9	1	10	34	0	32	17	19	3	2	5	29	25	19	25	37	23	33	11	24	1	0	24	11	11	30	28	35	5	7	5	29	25	1	0	14	30	16	26	18	24	10	39	8	20	3	30	28	24	1	34	35	31	9	32	10	16	14	31	14	8	8	2	36	2	2	7	18	29	25	27	11	29	35	27	13	16	21	3	37	1	27	17	8	15	2	18	35	14	8	27	27	4	
25	32	34	23	37	27	33	35	37	30	38	23	26	31	35	37	24	28	39	24	21	32	34	22	22	30	25	23	23	31	23	35	37	26	33	33	35	35	20	26	30	24	39	32	31	23	34	31	40	32	36	29	28	30	28	30	29	38	26	35	31	31	20	40	30	28	36	27	22	36	30	27	36	34	30	32	28	38	28	25	26	30	28	25	33	20	33	40	26	34	37	22	33	23	24	23	26	27	31	29	40	33	24	21	27	30	21	37	21	30	37	32	34	26	33	27	26	25	25	36	39	32	40	22	36	23	30	33	26	30	23	24	39	37	34	36	25	23	25	32	20	34	22	36	34	33	25	31	35	40	32	32	22	20	38	29	26	34	27	39	35	39	21	38	34	27	34	29	31	28	36	28	28	25	37	29	21	20	36	36	40	38	20	31	27	36	29	34	39	22	20	40	28	29	37	21	33	33	30	30	36	27	22	23	24	33	28	37	29	24	22	20	21	29	24	39	23	39	29	26	32	37	27	26	32	23	33	28	20	35	38	20	21	27	25	39	21	38	33	31	29	25	33	36	26	36	23	27	23	30	37	34	33	27	30	33	24	28	39	35	32	37	27	24	27	39	39	37	20	29	38	29	23	31	33	28	28	24	31	21	40	26	25	33	36	21	32	22	34	33	39	34	26	32	21	25	39	20	40	36	34	34	36	23	31	32	25	28	25	25	27	27	32	36	21	38	40	40	30	20	20	39	21	30	30	37	39	38	24	31	25	37	22	21	31	26	39	36	33	22	26	25	33	22	23	27	33	32	26	40	21	20	25	30	39	28	39	31	21	25	38	29	20	22	39	28	21	34	20	23	25	35	24	34	20	38	31	21	38	20	27	20	23	25	34	39	34	28	37	33	20	32	25	33	32	39	39	40	39	28	36	30	27	37	25	20	31	33	22	27	26	36	24	33	31	21	32	21	36	27	24	35	31	32	34	21	40	31	32	27	36	25	26	39	36	27	30	24	29	33	25	33	22	30	29	24	22	40	36	40	29	38	23	20	31	29	22	25	25	30	22	24	24	25	23	24	26	24	40	35	39	23	32	27	35	32	23	22	27	26	35	22	22	24	26	23	31	28	25	31	39	21	27	40	23	38	30	20	37	35	33	29	29	35	22	39	40	31	26	30	22	32	20	37	27	32	33	40	26	28	36	21	32	38	35	22	26	22	36	30	22	21	36	26	24	25	32	28	22	36	32	22	38	36	23	32	35	33	36	38	35	20	27	31	27	37	38	27	24	24	23	28	21	39	37	37	34	35	25	32	39	26	40	27	31	36	37	29	39	33	37	39	40	24	20	30	34	37	37	28	28	36	32	30	24	21	21	27	22	28	22	39	39	35	36	27	37	30	29	25	39	22	22	30	31	36	22	30	24	36	32	21	29	34	28	37	26	24	31	40	24	31	39	21	34	30	22	29	27	24	25	27	36	40	33	22	40	37	24	37	32	27	37	28	20	31	26	23	25	39	31	31	32	26	26	24	33	34	39	23	32	37	34	37	34	24	20	23	20	31	36	29	37	21	23	24	21	32	33	33	37	28	30	20	34	27	25	28	32	30	23	38	
21	11	29	49	26	36	15	16	18	34	19	12	30	20	37	39	33	15	10	26	30	20	47	38	49	14	26	37	45	34	29	27	23	19	14	12	13	47	50	42	36	29	10	50	33	43	10	13	43	24	34	50	41	40	38	34	33	25	30	19	43	29	50	13	48	34	30	41	14	24	42	24	17	12	44	16	50	47	40	11	48	34	20	26	31	28	24	19	50	41	30	33	10	37	44	38	47	18	39	22	40	43	16	39	28	33	15	24	40	23	48	24	16	29	44	46	50	18	32	30	37	22	31	35	47	19	36	49	31	44	48	23	20	16	41	14	31	37	31	19	15	39	19	16	30	42	10	44	28	44	36	27	45	11	16	32	23	41	28	45	17	42	21	43	35	25	28	49	25	24	45	19	15	23	44	26	26	45	33	39	47	17	32	35	25	10	45	44	30	23	30	20	39	37	15	38	14	33	35	39	22	30	33	42	11	49	42	41	48	21	49	50	26	30	12	24	28	35	28	38	38	49	44	26	25	23	15	16	41	22	15	43	30	46	30	15	11	39	40	29	23	13	43	11	25	25	26	19	32	15	25	49	14	31	45	30	35	50	14	27	10	45	35	38	11	44	30	15	27	17	23	49	33	22	19	23	45	47	46	31	29	34	37	29	10	10	29	26	21	21	40	25	46	46	39	42	23	47	41	42	18	25	26	47	49	34	24	22	13	47	37	35	38	35	42	21	18	12	12	16	41	29	36	50	28	25	12	23	19	18	16	32	34	26	16	30	39	18	21	27	23	27	27	50	19	20	23	27	16	48	28	26	15	18	37	49	14	26	30	49	16	30	40	12	37	11	38	17	45	40	19	45	34	21	17	22	23	32	17	22	46	29	32	23	26	29	10	39	47	34	28	14	16	46	30	32	35	25	25	26	44	19	28	22	47	31	25	31	10	23	48	35	45	30	31	36	11	15	48	29	15	17	40	11	30	16	39	38	40	10	22	34	30	41	48	18	40	41	37	33	40	27	21	32	46	44	27	41	13	10	38	46	40	42	12	25	25	26	43	28	20	17	37	18	12	16	50	31	14	21	45	26	23	46	33	33	18	41	39	46	40	26	14	17	10	39	10	24	36	17	27	39	16	32	23	38	49	19	11	25	19	45	36	39	18	32	48	14	12	38	28	30	12	13	34	41	50	31	19	26	39	11	17	39	40	23	15	19	12	10	28	33	26	35	25	47	28	28	49	33	38	12	42	10	21	38	27	24	13	22	33	49	46	22	48	46	50	17	30	30	42	25	32	48	35	15	16	28	21	18	14	28	25	30	36	44	37	30	35	15	24	12	37	38	15	13	14	37	17	15	22	48	17	24	22	39	15	28	18	33	39	22	17	15	45	12	35	29	18	24	28	32	12	27	48	34	40	25	41	30	41	18	15	41	28	41	11	25	49	26	32	46	19	15	45	14	36	33	32	32	25	11	14	11	17	38	19	32	47	12	14	34	31	21	36	37	37	27	46	22	24	20	45	28	35	40	40	32	49	45	14	12	50	26	19	42	50	27	17	32	30	47	18	35	40	48	29	43	12	27	40	49	41	26	31	22	24	26	30	25	44	18	
10
90
