390
40
0	0	0	0	0	0	0	0	0	0	0	0	0	0	0	0	0	0	0	0	0	0	0	48	0	0	0	0	0	0	192	0	0	0	0	0	0	0	0	0	
0	0	48	0	0	0	0	0	0	0	0	0	0	0	0	0	0	0	192	0	0	0	0	0	0	0	0	0	0	0	0	0	0	0	0	0	0	0	0	0	
0	48	0	0	0	0	0	0	0	0	0	0	0	0	0	0	0	500	48	0	0	0	0	0	0	0	0	0	0	0	0	0	0	0	0	0	0	0	0	0	
0	0	0	0	48	0	192	0	0	0	0	0	0	0	0	0	0	0	0	0	0	0	0	0	0	0	0	0	0	0	0	0	0	0	0	0	0	0	0	0	
0	0	0	48	0	0	96	0	0	0	0	0	0	0	0	0	0	0	0	0	0	0	0	0	0	0	0	0	0	0	0	0	0	0	0	0	0	0	0	0	
0	0	0	0	0	0	0	0	0	0	0	0	0	0	0	0	0	0	0	48	0	0	0	0	0	0	0	0	0	96	0	0	0	0	0	0	0	0	0	0	
0	0	0	192	96	0	0	0	0	0	0	0	0	0	0	0	0	0	0	0	0	0	0	0	0	0	0	0	0	0	0	0	0	0	500	0	0	0	0	0	
0	0	0	0	0	0	0	0	500	0	0	0	0	96	0	0	0	0	0	0	192	0	500	0	0	0	0	0	0	0	0	0	0	0	0	0	0	0	0	0	
0	0	0	0	0	0	0	500	0	0	0	0	0	96	0	0	0	0	0	0	0	0	500	0	0	0	0	0	0	0	0	0	0	0	0	0	0	0	0	0	
0	0	0	0	0	0	0	0	0	0	0	0	0	0	0	500	0	192	0	0	0	0	0	0	0	0	192	0	0	0	0	0	0	0	0	0	0	0	0	0	
0	0	0	0	0	0	0	0	0	0	0	0	0	0	0	0	0	48	0	0	0	0	0	0	0	0	0	0	48	0	0	500	0	0	0	0	0	0	0	0	
0	0	0	0	0	0	0	0	0	0	0	0	0	0	0	0	0	0	0	0	0	0	0	0	0	0	0	0	0	0	0	0	0	0	0	0	192	0	500	96	
0	0	0	0	0	0	0	0	0	0	0	0	0	0	96	0	0	0	0	0	0	48	0	0	0	0	0	0	0	0	0	0	0	0	0	0	0	0	0	0	
0	0	0	0	0	0	0	96	96	0	0	0	0	0	0	0	0	0	0	0	48	0	0	0	0	0	0	0	0	0	0	0	0	0	0	0	0	0	0	0	
0	0	0	0	0	0	0	0	0	0	0	0	96	0	0	0	0	0	0	0	0	0	0	0	0	0	0	192	0	0	0	500	0	0	0	0	0	0	0	0	
0	0	0	0	0	0	0	0	0	500	0	0	0	0	0	0	0	500	0	0	0	0	0	0	0	0	0	0	0	0	0	0	0	0	0	0	0	0	0	0	
0	0	0	0	0	0	0	0	0	0	0	0	0	0	0	0	0	0	0	0	0	0	0	0	48	0	0	0	0	0	0	0	0	0	0	500	0	0	0	0	
0	0	500	0	0	0	0	0	0	192	48	0	0	0	0	500	0	0	0	0	0	0	0	0	0	0	0	0	0	0	0	0	0	0	0	0	0	0	0	0	
0	192	48	0	0	0	0	0	0	0	0	0	0	0	0	0	0	0	0	0	0	0	0	0	0	0	0	0	0	0	0	0	0	0	0	0	0	0	0	0	
0	0	0	0	0	48	0	0	0	0	0	0	0	0	0	0	0	0	0	0	0	0	0	0	0	192	0	0	0	500	0	0	0	0	0	0	0	0	0	0	
0	0	0	0	0	0	0	192	0	0	0	0	0	48	0	0	0	0	0	0	0	0	0	0	0	0	0	96	0	0	0	0	0	0	0	0	192	192	0	0	
0	0	0	0	0	0	0	0	0	0	0	0	48	0	0	0	0	0	0	0	0	0	0	0	0	0	0	0	0	500	48	0	0	0	0	0	0	0	0	0	
0	0	0	0	0	0	0	500	500	0	0	0	0	0	0	0	0	0	0	0	0	0	0	0	0	0	0	0	0	0	0	0	0	0	0	0	0	0	0	0	
48	0	0	0	0	0	0	0	0	0	0	0	0	0	0	0	0	0	0	0	0	0	0	0	0	0	0	0	48	0	0	0	0	0	0	0	0	0	0	0	
0	0	0	0	0	0	0	0	0	0	0	0	0	0	0	0	48	0	0	0	0	0	0	0	0	0	0	0	0	0	0	0	500	48	0	48	0	0	0	0	
0	0	0	0	0	0	0	0	0	0	0	0	0	0	0	0	0	0	0	192	0	0	0	0	0	0	0	0	0	0	0	0	0	48	0	0	0	0	0	0	
0	0	0	0	0	0	0	0	0	192	0	0	0	0	0	0	0	0	0	0	0	0	0	0	0	0	0	0	0	0	0	0	0	0	0	0	0	48	0	0	
0	0	0	0	0	0	0	0	0	0	0	0	0	0	192	0	0	0	0	0	96	0	0	0	0	0	0	0	0	0	0	0	0	0	0	0	0	0	0	0	
0	0	0	0	0	0	0	0	0	0	48	0	0	0	0	0	0	0	0	0	0	0	0	48	0	0	0	0	0	0	0	0	0	0	0	0	0	0	0	0	
0	0	0	0	0	96	0	0	0	0	0	0	0	0	0	0	0	0	0	500	0	500	0	0	0	0	0	0	0	0	0	0	48	0	0	0	0	0	0	0	
192	0	0	0	0	0	0	0	0	0	0	0	0	0	0	0	0	0	0	0	0	48	0	0	0	0	0	0	0	0	0	0	0	0	0	0	0	0	0	0	
0	0	0	0	0	0	0	0	0	0	500	0	0	0	500	0	0	0	0	0	0	0	0	0	0	0	0	0	0	0	0	0	0	0	0	0	0	0	0	0	
0	0	0	0	0	0	0	0	0	0	0	0	0	0	0	0	0	0	0	0	0	0	0	0	500	0	0	0	0	48	0	0	0	0	0	0	192	0	0	500	
0	0	0	0	0	0	0	0	0	0	0	0	0	0	0	0	0	0	0	0	0	0	0	0	48	48	0	0	0	0	0	0	0	0	0	0	0	0	0	0	
0	0	0	0	0	0	500	0	0	0	0	0	0	0	0	0	0	0	0	0	0	0	0	0	0	0	0	0	0	0	0	0	0	0	0	0	0	96	48	0	
0	0	0	0	0	0	0	0	0	0	0	0	0	0	0	0	500	0	0	0	0	0	0	0	48	0	0	0	0	0	0	0	0	0	0	0	0	0	0	0	
0	0	0	0	0	0	0	0	0	0	0	192	0	0	0	0	0	0	0	0	192	0	0	0	0	0	0	0	0	0	0	0	192	0	0	0	0	0	0	0	
0	0	0	0	0	0	0	0	0	0	0	0	0	0	0	0	0	0	0	0	192	0	0	0	0	0	48	0	0	0	0	0	0	0	96	0	0	0	500	0	
0	0	0	0	0	0	0	0	0	0	0	500	0	0	0	0	0	0	0	0	0	0	0	0	0	0	0	0	0	0	0	0	0	0	48	0	0	500	0	0	
0	0	0	0	0	0	0	0	0	0	0	96	0	0	0	0	0	0	0	0	0	0	0	0	0	0	0	0	0	0	0	0	500	0	0	0	0	0	0	0	
29	14	28	25	16	27	30	36	0	6	11	11	18	5	17	20	11	4	37	4	32	32	27	23	30	22	24	4	2	12	26	30	2	6	30	3	9	1	0	32	21	18	29	9	27	31	11	4	16	20	31	14	9	30	37	36	4	19	11	26	36	39	21	23	15	15	32	38	34	32	27	37	3	31	24	16	13	34	38	37	38	13	34	34	4	22	24	17	26	32	22	26	30	2	24	24	14	32	20	18	5	16	14	11	9	6	4	24	0	30	18	8	21	32	22	6	15	14	20	32	1	39	18	3	26	7	13	3	21	27	25	15	9	17	3	18	25	37	25	25	20	20	31	27	29	11	27	19	19	24	2	7	1	14	8	36	6	21	18	15	30	15	6	28	5	3	25	18	34	29	31	20	17	2	13	7	38	15	17	10	0	26	8	16	3	7	38	39	27	19	9	36	15	4	29	3	11	30	23	3	20	22	38	39	39	9	4	21	8	5	0	33	22	38	39	9	37	1	29	3	34	19	24	10	10	18	36	19	10	26	23	21	39	8	13	35	13	25	12	27	27	11	17	33	37	26	31	20	0	3	30	39	17	36	1	8	29	17	5	28	33	15	8	8	10	27	38	0	21	18	29	18	15	26	34	3	22	15	17	39	37	31	31	29	2	5	18	24	18	32	15	22	10	5	10	4	31	15	32	14	30	21	31	26	20	11	20	13	39	6	3	28	18	19	17	36	3	8	29	25	15	25	25	1	28	11	36	1	37	36	3	29	8	24	10	12	3	36	7	33	1	29	38	26	8	25	21	27	22	36	16	27	30	19	13	5	14	3	8	7	36	10	39	5	27	12	30	38	18	6	11	5	4	6	2	16	31	7	9	36	17	17	13	5	5	30	17	18	34	12	
30	22	39	29	14	36	3	3	7	39	28	26	2	33	11	36	1	2	26	26	3	10	1	20	34	21	2	36	6	25	21	11	26	8	12	10	38	20	7	1	27	5	8	10	2	12	7	5	19	3	22	37	33	1	21	9	36	17	37	2	36	19	24	19	20	24	38	3	3	33	9	36	12	24	9	6	14	5	0	20	3	17	14	21	29	37	13	34	11	26	37	38	39	18	32	8	10	4	14	1	37	11	0	36	9	8	8	16	31	10	6	15	32	12	36	25	29	13	2	33	39	0	34	6	15	6	28	17	13	6	18	13	28	11	36	25	36	28	3	31	37	28	25	15	34	20	39	27	19	35	13	36	16	20	20	35	11	23	6	8	30	21	35	13	24	39	29	19	3	14	20	18	17	12	33	36	9	33	6	18	37	22	36	13	22	36	19	29	37	20	36	20	35	32	9	18	33	16	10	2	8	37	33	35	9	0	22	7	13	11	3	38	5	13	16	10	25	1	7	4	20	7	16	5	22	17	4	5	15	14	29	14	10	17	36	16	14	26	17	38	14	2	21	31	17	2	18	21	33	4	24	8	8	7	8	2	13	6	13	36	26	33	13	7	24	18	19	27	8	16	8	10	12	22	35	13	35	36	32	20	15	35	14	33	8	28	22	37	1	25	26	0	26	25	26	29	12	15	8	35	0	35	12	35	14	7	7	0	33	18	35	9	9	15	1	7	22	14	17	13	3	0	12	2	23	23	4	16	21	34	33	23	28	4	37	1	38	21	0	7	5	30	35	26	32	16	9	26	17	21	0	9	17	13	19	16	33	1	19	32	18	34	31	9	21	9	3	5	35	24	30	20	13	31	33	32	4	31	38	26	1	25	29	27	20	14	15	19	8	16	
27	20	29	31	26	34	39	30	27	39	39	20	21	28	30	39	34	24	40	28	35	25	23	22	21	27	23	34	37	21	27	29	29	22	34	35	24	38	32	40	34	30	26	26	20	28	27	24	33	23	20	24	38	30	27	22	26	25	38	20	22	34	20	35	34	28	27	35	39	35	38	36	30	30	20	21	29	29	30	33	28	26	31	39	21	32	20	37	26	21	34	39	21	31	23	23	23	39	34	27	21	40	38	34	20	21	27	31	33	23	29	30	28	36	29	29	29	32	40	23	36	28	24	39	33	39	33	31	37	30	20	27	20	34	22	23	20	24	20	37	25	34	33	26	23	40	38	34	30	25	20	33	31	21	36	27	29	20	25	37	39	36	20	36	20	32	26	34	27	21	31	26	26	22	37	39	35	38	25	39	35	33	35	39	29	22	33	33	21	38	25	40	37	25	33	32	21	28	35	33	28	32	29	24	29	37	39	40	23	20	28	25	37	22	23	23	20	24	24	22	27	24	40	23	31	38	30	22	31	24	22	37	23	33	22	33	24	37	21	21	40	28	38	21	24	38	22	33	40	31	21	39	30	34	33	32	33	30	29	28	34	35	27	38	26	39	29	40	28	25	21	27	24	28	35	37	28	36	23	38	24	36	25	22	21	30	35	24	37	29	37	32	38	34	23	40	35	36	32	34	25	37	35	22	31	28	31	24	30	28	35	24	37	32	27	29	39	26	35	32	29	37	31	27	35	31	29	35	30	26	26	20	28	26	37	24	25	26	35	27	20	35	20	21	28	31	29	25	25	37	22	39	22	39	21	21	38	33	26	40	37	33	30	40	33	34	33	33	20	40	22	23	21	24	29	28	38	38	28	27	34	30	34	31	37	26	38	31	34	21	
13	20	50	29	50	32	18	29	36	34	17	39	37	50	42	23	17	42	49	33	16	22	28	49	43	31	18	29	29	42	33	27	15	17	25	11	49	48	27	24	49	18	41	34	50	48	43	18	42	32	20	23	43	20	47	13	12	50	40	40	16	35	27	10	19	18	31	50	19	47	16	30	19	25	46	44	48	32	48	37	30	32	29	27	50	31	38	42	47	49	21	16	20	46	27	32	20	36	21	18	44	32	19	32	50	28	45	49	31	14	19	28	42	12	40	10	41	19	14	49	46	49	13	33	29	36	38	48	40	49	31	36	21	33	42	27	38	20	16	44	29	39	44	27	16	27	17	21	34	36	34	23	36	44	45	30	22	17	12	45	47	44	24	49	21	44	37	44	43	21	11	25	22	44	35	29	13	38	35	25	19	11	38	23	38	46	37	10	19	41	27	10	31	49	35	44	21	36	42	27	46	36	35	11	28	33	18	46	12	25	17	41	15	40	21	13	22	36	36	26	40	31	14	12	42	27	38	39	33	21	27	46	25	44	42	39	18	18	17	49	33	23	49	25	32	33	10	12	50	24	36	40	13	39	41	15	29	32	18	50	36	11	29	48	41	38	18	14	22	12	17	50	14	12	27	44	19	22	50	48	26	37	31	32	10	36	31	30	42	24	20	36	18	50	35	27	31	50	26	46	17	48	21	43	16	36	12	13	26	49	30	34	44	32	27	37	50	34	18	10	20	26	39	10	40	27	24	12	17	22	11	40	24	34	17	17	50	25	41	24	34	37	20	50	10	44	26	43	21	44	16	25	34	30	37	34	31	36	16	41	18	27	50	33	14	15	26	49	31	32	28	50	30	37	23	32	18	35	25	38	43	21	11	39	11	17	20	12	11	48	
15
50
