348
30
0	0	0	0	0	0	0	192	0	0	0	0	0	0	0	0	0	0	0	0	0	0	0	0	0	0	48	0	0	0	
0	0	0	0	0	0	0	0	0	0	0	0	0	0	0	0	0	0	0	192	0	0	0	0	0	0	0	96	0	0	
0	0	0	0	0	0	0	0	0	96	0	0	0	0	0	0	0	0	0	0	0	0	0	96	0	0	0	0	0	0	
0	0	0	0	192	0	0	0	0	0	0	0	0	0	0	0	0	192	0	0	0	0	0	0	0	0	0	0	0	0	
0	0	0	192	0	0	0	0	0	0	0	0	0	0	0	0	0	0	0	0	0	0	0	0	0	192	0	0	0	0	
0	0	0	0	0	0	0	0	0	0	0	0	0	0	0	0	192	0	0	0	0	0	0	0	0	0	0	0	0	500	
0	0	0	0	0	0	0	0	0	0	0	0	48	0	0	0	0	0	0	0	0	0	0	48	0	0	0	0	0	0	
192	0	0	0	0	0	0	0	0	0	0	0	0	0	0	0	0	0	0	0	0	192	0	0	0	0	0	0	0	0	
0	0	0	0	0	0	0	0	0	0	0	0	0	0	0	96	0	0	0	0	0	0	0	0	96	0	0	0	0	0	
0	0	96	0	0	0	0	0	0	0	0	0	0	0	96	0	0	0	0	0	0	0	0	0	0	0	0	0	0	0	
0	0	0	0	0	0	0	0	0	0	0	0	96	0	0	0	0	192	0	0	0	0	0	0	0	48	0	0	0	0	
0	0	0	0	0	0	0	0	0	0	0	0	0	96	0	500	0	0	500	0	0	0	0	0	500	0	0	0	0	0	
0	0	0	0	0	0	48	0	0	0	96	0	0	0	0	0	0	0	0	0	0	0	0	0	0	0	0	0	0	0	
0	0	0	0	0	0	0	0	0	0	0	96	0	0	0	0	96	0	96	0	0	0	0	0	0	0	0	96	0	0	
0	0	0	0	0	0	0	0	0	96	0	0	0	0	0	48	0	500	0	0	48	0	0	0	0	0	0	0	0	0	
0	0	0	0	0	0	0	0	96	0	0	500	0	0	48	0	0	0	0	0	48	0	0	0	0	0	0	0	48	0	
0	0	0	0	0	192	0	0	0	0	0	0	0	96	0	0	0	0	0	0	0	0	0	0	0	0	0	500	0	0	
0	0	0	192	0	0	0	0	0	0	192	0	0	0	500	0	0	0	0	0	0	0	0	0	0	0	0	0	0	0	
0	0	0	0	0	0	0	0	0	0	0	500	0	96	0	0	0	0	0	0	0	0	0	0	0	0	0	192	0	0	
0	192	0	0	0	0	0	0	0	0	0	0	0	0	0	0	0	0	0	0	0	0	0	0	0	0	0	192	0	0	
0	0	0	0	0	0	0	0	0	0	0	0	0	0	48	48	0	0	0	0	0	0	0	0	0	0	0	0	500	0	
0	0	0	0	0	0	0	192	0	0	0	0	0	0	0	0	0	0	0	0	0	0	48	0	0	0	48	0	0	500	
0	0	0	0	0	0	0	0	0	0	0	0	0	0	0	0	0	0	0	0	0	48	0	0	0	0	0	0	0	500	
0	0	96	0	0	0	48	0	0	0	0	0	0	0	0	0	0	0	0	0	0	0	0	0	0	0	0	0	0	0	
0	0	0	0	0	0	0	0	96	0	0	500	0	0	0	0	0	0	0	0	0	0	0	0	0	0	0	0	0	0	
0	0	0	0	192	0	0	0	0	0	48	0	0	0	0	0	0	0	0	0	0	0	0	0	0	0	0	0	0	0	
48	0	0	0	0	0	0	0	0	0	0	0	0	0	0	0	0	0	0	0	0	48	0	0	0	0	0	0	0	0	
0	96	0	0	0	0	0	0	0	0	0	0	0	96	0	0	500	0	192	192	0	0	0	0	0	0	0	0	0	0	
0	0	0	0	0	0	0	0	0	0	0	0	0	0	0	48	0	0	0	0	500	0	0	0	0	0	0	0	0	0	
0	0	0	0	0	500	0	0	0	0	0	0	0	0	0	0	0	0	0	0	0	500	500	0	0	0	0	0	0	0	
24	10	14	16	11	23	19	22	0	16	26	29	8	24	1	1	15	23	26	12	25	25	21	19	10	13	27	1	26	19	26	9	8	23	3	19	4	10	19	2	15	16	21	25	17	13	4	18	18	12	22	18	14	1	16	5	27	28	18	14	28	24	25	28	7	20	18	19	21	8	14	18	17	13	16	20	26	12	18	29	14	6	29	4	2	11	3	8	10	29	26	1	4	10	12	0	21	21	7	22	4	5	8	1	15	24	1	26	26	0	25	12	2	15	21	7	19	29	18	4	18	19	11	0	12	16	12	13	28	18	14	26	20	25	5	26	29	7	24	5	3	26	14	16	6	11	2	3	5	3	11	21	13	0	29	7	16	8	7	13	6	15	11	28	8	19	1	21	8	23	23	7	9	22	17	24	2	18	28	13	21	11	10	27	3	4	16	0	22	17	15	21	8	12	25	14	0	1	8	2	13	21	23	8	14	0	17	6	0	16	20	19	13	10	9	28	26	4	14	5	10	23	17	27	2	13	9	3	25	20	22	25	12	5	27	6	4	12	3	27	29	29	28	12	12	23	14	0	13	8	20	22	22	20	11	14	27	18	9	1	22	2	9	0	22	28	19	15	23	1	15	16	20	7	3	7	18	24	5	1	4	3	6	4	23	18	0	26	23	1	1	6	9	25	11	13	20	10	16	17	27	8	28	11	21	4	9	22	1	13	2	29	20	29	29	0	28	11	18	9	20	0	25	1	29	23	2	19	28	4	29	4	8	25	8	25	22	0	12	12	0	24	15	8	17	7	11	18	
25	14	18	18	13	6	8	18	18	29	19	22	19	14	19	17	21	9	23	24	12	27	0	5	19	20	14	12	29	26	29	9	24	24	16	0	10	9	16	9	12	24	3	10	27	15	13	29	22	6	3	16	25	10	19	18	24	24	2	28	26	7	3	2	25	16	25	19	9	4	17	8	1	2	8	23	10	5	20	24	15	22	26	9	12	20	20	29	23	18	6	20	23	12	27	13	11	4	10	18	9	9	15	20	7	17	8	5	12	16	6	14	23	21	21	9	19	22	16	29	10	5	6	28	6	27	12	4	12	22	29	27	24	25	20	27	22	2	21	0	12	4	11	27	8	5	12	29	6	16	26	8	27	2	14	29	3	1	29	23	19	24	9	20	24	7	14	4	16	21	5	28	14	1	18	23	9	12	26	13	12	27	6	3	24	9	3	6	16	27	0	18	4	14	14	19	1	11	7	3	11	21	2	10	5	1	5	8	0	14	0	12	0	11	22	24	21	13	12	23	6	7	26	7	10	14	2	13	15	8	25	13	7	12	14	14	21	28	7	24	20	13	10	16	12	22	0	18	4	17	25	4	24	19	18	12	7	12	21	21	28	13	4	1	18	10	1	29	2	8	12	9	1	25	1	1	20	2	28	27	9	13	20	13	4	3	20	7	24	9	14	21	2	0	0	27	15	8	25	23	8	3	24	21	18	14	14	9	22	6	10	27	0	26	25	11	5	23	19	28	17	28	9	2	26	22	9	20	18	10	1	24	1	7	24	28	17	12	29	8	3	18	26	1	19	20	12	27	
33	33	31	24	22	34	22	28	28	26	31	35	38	32	22	36	30	33	20	35	34	22	31	33	26	28	21	24	33	30	28	39	32	20	36	30	40	36	29	25	37	23	37	39	38	27	32	33	35	34	28	26	20	24	23	38	32	29	22	23	31	34	26	24	37	31	25	35	31	22	34	21	26	36	28	37	34	20	36	32	33	40	38	31	33	34	21	25	27	27	31	39	34	32	40	22	22	33	26	27	35	27	33	38	25	38	25	39	40	33	36	29	21	35	38	32	22	25	35	25	38	40	31	39	31	39	36	30	23	32	28	24	21	22	27	30	23	36	36	21	28	35	26	20	28	27	21	32	36	29	31	27	34	22	36	27	21	33	38	32	23	29	20	23	37	36	33	37	37	37	30	28	22	22	36	31	22	31	33	29	29	37	32	28	21	20	22	35	32	21	20	36	26	31	22	26	25	35	23	28	38	40	23	20	29	20	21	29	37	33	25	26	37	39	20	25	26	21	30	33	34	40	25	27	34	36	32	25	40	24	22	40	23	39	28	26	39	25	22	39	23	33	22	34	35	21	36	28	39	33	28	22	24	32	40	29	34	40	28	21	25	32	23	29	33	28	22	32	38	35	28	31	27	31	37	35	23	27	23	34	24	40	33	35	23	26	34	24	28	36	20	27	25	33	22	20	33	27	33	36	29	35	27	35	33	40	26	32	39	27	35	40	28	38	25	34	28	21	36	36	27	36	39	31	20	24	20	22	40	22	22	20	40	21	21	35	34	20	31	23	35	22	20	40	23	24	26	36	
49	14	48	26	17	11	11	42	25	25	32	32	48	30	49	13	16	15	43	32	29	20	10	18	46	11	42	33	37	20	36	27	24	46	45	25	34	49	35	40	36	45	50	21	28	45	33	35	30	39	17	18	36	25	32	42	26	10	47	34	32	25	25	37	20	20	39	23	39	10	19	26	36	47	37	45	12	14	15	45	34	20	20	32	23	32	32	17	22	47	13	17	48	14	37	26	15	14	32	15	25	45	15	24	19	50	27	47	20	21	36	14	45	16	14	44	17	44	19	17	34	39	23	17	22	22	23	50	28	42	17	34	34	23	48	12	28	14	22	14	10	44	17	22	10	20	11	23	17	19	29	28	48	30	40	19	20	35	28	22	34	20	36	17	44	36	29	32	47	22	16	21	49	11	42	42	10	43	34	44	11	19	44	35	41	38	14	49	20	35	12	10	11	21	34	38	39	21	19	12	14	11	50	11	34	38	14	40	31	11	37	10	16	11	36	23	22	31	13	11	22	11	50	29	28	46	21	33	30	43	25	36	18	23	27	44	23	10	15	10	50	26	20	38	50	30	37	27	19	44	15	11	30	45	11	42	42	32	31	38	33	48	26	38	47	18	40	31	24	29	48	28	43	31	27	22	49	11	10	23	39	12	44	44	36	15	22	25	31	30	16	36	36	37	15	14	35	16	41	38	34	46	24	28	30	11	11	38	22	39	19	46	28	20	13	45	24	21	34	14	32	32	19	23	46	11	17	29	25	16	23	20	43	40	19	47	19	41	45	21	37	31	36	40	45	36	46	17	
10
80
