391
30
0	0	0	0	0	0	0	192	0	0	0	0	0	0	0	0	0	0	0	0	0	0	0	0	0	0	48	0	0	0	
0	0	0	0	0	0	0	0	0	0	0	0	0	0	0	0	0	0	0	192	0	0	0	0	0	0	0	96	0	0	
0	0	0	0	0	0	0	0	0	96	0	0	0	0	0	0	0	0	0	0	0	0	0	96	0	0	0	0	0	0	
0	0	0	0	192	0	0	0	0	0	0	0	0	0	0	0	0	192	0	0	0	0	0	0	0	0	0	0	0	0	
0	0	0	192	0	0	0	0	0	0	0	0	0	0	0	0	0	0	0	0	0	0	0	0	0	192	0	0	0	0	
0	0	0	0	0	0	0	0	0	0	0	0	0	0	0	0	192	0	0	0	0	0	0	0	0	0	0	0	0	500	
0	0	0	0	0	0	0	0	0	0	0	0	48	0	0	0	0	0	0	0	0	0	0	48	0	0	0	0	0	0	
192	0	0	0	0	0	0	0	0	0	0	0	0	0	0	0	0	0	0	0	0	192	0	0	0	0	0	0	0	0	
0	0	0	0	0	0	0	0	0	0	0	0	0	0	0	96	0	0	0	0	0	0	0	0	96	0	0	0	0	0	
0	0	96	0	0	0	0	0	0	0	0	0	0	0	96	0	0	0	0	0	0	0	0	0	0	0	0	0	0	0	
0	0	0	0	0	0	0	0	0	0	0	0	96	0	0	0	0	192	0	0	0	0	0	0	0	48	0	0	0	0	
0	0	0	0	0	0	0	0	0	0	0	0	0	96	0	500	0	0	500	0	0	0	0	0	500	0	0	0	0	0	
0	0	0	0	0	0	48	0	0	0	96	0	0	0	0	0	0	0	0	0	0	0	0	0	0	0	0	0	0	0	
0	0	0	0	0	0	0	0	0	0	0	96	0	0	0	0	96	0	96	0	0	0	0	0	0	0	0	96	0	0	
0	0	0	0	0	0	0	0	0	96	0	0	0	0	0	48	0	500	0	0	48	0	0	0	0	0	0	0	0	0	
0	0	0	0	0	0	0	0	96	0	0	500	0	0	48	0	0	0	0	0	48	0	0	0	0	0	0	0	48	0	
0	0	0	0	0	192	0	0	0	0	0	0	0	96	0	0	0	0	0	0	0	0	0	0	0	0	0	500	0	0	
0	0	0	192	0	0	0	0	0	0	192	0	0	0	500	0	0	0	0	0	0	0	0	0	0	0	0	0	0	0	
0	0	0	0	0	0	0	0	0	0	0	500	0	96	0	0	0	0	0	0	0	0	0	0	0	0	0	192	0	0	
0	192	0	0	0	0	0	0	0	0	0	0	0	0	0	0	0	0	0	0	0	0	0	0	0	0	0	192	0	0	
0	0	0	0	0	0	0	0	0	0	0	0	0	0	48	48	0	0	0	0	0	0	0	0	0	0	0	0	500	0	
0	0	0	0	0	0	0	192	0	0	0	0	0	0	0	0	0	0	0	0	0	0	48	0	0	0	48	0	0	500	
0	0	0	0	0	0	0	0	0	0	0	0	0	0	0	0	0	0	0	0	0	48	0	0	0	0	0	0	0	500	
0	0	96	0	0	0	48	0	0	0	0	0	0	0	0	0	0	0	0	0	0	0	0	0	0	0	0	0	0	0	
0	0	0	0	0	0	0	0	96	0	0	500	0	0	0	0	0	0	0	0	0	0	0	0	0	0	0	0	0	0	
0	0	0	0	192	0	0	0	0	0	48	0	0	0	0	0	0	0	0	0	0	0	0	0	0	0	0	0	0	0	
48	0	0	0	0	0	0	0	0	0	0	0	0	0	0	0	0	0	0	0	0	48	0	0	0	0	0	0	0	0	
0	96	0	0	0	0	0	0	0	0	0	0	0	96	0	0	500	0	192	192	0	0	0	0	0	0	0	0	0	0	
0	0	0	0	0	0	0	0	0	0	0	0	0	0	0	48	0	0	0	0	500	0	0	0	0	0	0	0	0	0	
0	0	0	0	0	500	0	0	0	0	0	0	0	0	0	0	0	0	0	0	0	500	500	0	0	0	0	0	0	0	
13	1	0	14	26	3	18	8	0	20	0	17	9	22	26	26	4	25	20	9	3	19	8	28	13	28	20	9	17	11	8	2	18	19	20	15	3	18	15	24	19	4	17	3	2	27	2	21	15	19	28	17	14	11	17	22	11	26	3	26	28	22	24	12	11	17	5	11	27	19	18	11	20	29	19	7	5	21	6	3	11	29	7	8	5	0	27	15	24	22	8	18	19	12	25	22	16	18	5	16	22	6	16	11	18	8	10	11	11	13	28	0	0	28	29	18	13	26	4	21	22	17	7	21	14	22	16	2	9	24	29	20	4	13	0	7	26	1	24	7	7	7	10	10	4	19	1	14	29	23	27	1	14	12	28	11	28	6	7	8	0	15	9	29	3	10	16	21	2	11	5	7	13	26	18	9	9	10	7	26	3	23	26	19	6	11	13	8	1	5	17	18	9	15	0	20	11	1	18	6	27	10	9	2	8	12	25	26	29	26	22	7	23	6	12	22	13	14	28	26	23	13	28	28	16	18	28	11	15	8	22	20	26	22	18	29	15	4	26	5	20	10	20	14	1	26	3	9	21	25	7	25	26	19	6	24	19	11	14	25	5	21	19	1	15	5	20	2	18	28	27	5	4	22	6	17	3	3	19	6	22	15	16	19	25	15	15	25	20	28	16	14	12	24	6	14	9	5	19	11	10	25	23	2	19	6	12	21	1	21	18	28	3	15	27	6	14	26	29	6	25	24	7	14	14	29	29	7	0	10	27	22	0	4	3	24	13	22	5	15	16	22	4	6	6	29	16	14	0	2	15	5	27	9	13	9	19	6	20	29	25	6	10	21	16	21	17	9	0	21	12	23	25	8	11	4	18	19	7	19	13	5	5	10	5	23	16	20	11	19	3	
18	25	3	27	23	5	23	13	26	4	27	8	28	1	13	14	3	14	14	12	21	27	27	26	24	11	18	13	8	12	1	11	7	12	13	26	18	22	14	24	9	10	12	2	29	5	20	21	7	17	21	1	14	17	5	23	15	9	13	24	25	10	17	8	23	9	23	5	9	15	24	1	11	3	20	18	29	23	26	12	11	20	25	1	5	20	25	27	7	28	22	2	4	1	25	23	13	8	14	2	20	6	10	26	18	6	16	7	12	21	19	17	8	0	8	24	6	0	16	29	23	18	17	28	25	2	15	0	15	5	3	13	12	13	14	28	6	15	20	27	8	14	17	25	20	19	19	0	10	19	27	25	23	18	26	0	22	21	11	28	5	0	18	21	7	14	17	12	13	15	5	7	1	26	2	26	17	19	22	3	25	11	0	14	1	28	5	15	15	15	19	0	7	2	24	3	4	5	7	22	23	15	27	7	29	7	14	18	21	8	6	7	6	22	22	8	15	21	12	25	14	8	17	10	12	22	0	29	27	22	10	24	14	25	6	24	24	24	19	29	24	4	5	26	11	25	22	13	28	5	11	6	1	25	11	11	11	14	20	17	15	9	22	26	21	24	14	17	0	13	13	26	19	7	29	4	3	12	24	27	3	12	0	1	0	6	26	10	6	12	11	15	12	26	0	1	24	27	1	8	25	13	22	15	4	27	1	7	5	8	17	24	28	14	3	14	9	20	11	25	10	0	29	15	18	1	2	22	6	0	1	2	23	2	12	17	2	20	19	25	15	29	13	18	7	28	9	6	22	26	10	26	0	4	9	13	24	25	23	13	5	26	2	11	24	20	1	6	13	18	20	4	18	25	15	29	20	16	23	27	8	22	9	23	0	24	1	9	24	23	29	
31	40	26	21	22	33	29	38	20	21	34	39	33	28	39	36	27	32	33	32	25	33	40	32	23	26	35	21	33	28	40	37	37	40	20	24	40	23	34	36	25	32	23	40	38	23	37	34	30	30	28	25	36	24	20	28	28	40	20	32	30	21	39	27	38	28	21	35	30	25	30	30	20	20	25	36	38	22	32	37	21	26	31	39	27	40	30	35	28	29	24	36	33	33	33	26	31	40	24	35	33	32	24	37	29	27	33	30	27	24	27	27	24	34	23	33	27	21	21	22	22	34	37	30	40	40	37	27	37	33	30	37	24	24	40	33	24	35	22	34	22	31	35	23	33	21	40	28	20	34	31	34	35	20	37	24	28	25	24	21	40	22	39	30	26	36	22	27	31	33	22	28	23	34	25	40	22	21	34	38	24	27	26	40	32	31	30	28	32	40	40	33	37	36	36	30	34	33	22	32	34	24	34	24	27	35	20	36	27	27	22	20	39	31	30	30	25	36	20	26	34	26	23	38	28	30	34	22	21	34	29	36	25	37	25	33	26	33	28	21	38	40	27	20	20	28	30	28	31	31	34	28	27	22	24	40	39	28	29	35	40	22	21	23	31	27	33	37	32	35	31	32	40	24	22	26	35	38	22	32	31	22	37	23	38	37	23	29	33	29	21	33	40	37	37	37	21	23	38	26	23	27	29	37	39	22	30	22	29	39	20	29	21	37	24	29	28	21	37	30	36	32	21	32	28	22	24	33	35	28	28	25	32	32	25	36	25	26	26	30	25	34	28	25	22	20	31	30	32	25	26	23	39	39	24	22	21	36	23	37	31	31	33	30	22	33	22	23	26	24	25	37	31	28	39	23	22	28	27	20	35	25	39	28	28	36	23	22	34	35	24	
22	16	40	24	43	15	24	14	32	30	43	29	20	29	29	34	13	10	33	28	37	18	50	15	21	16	43	22	49	19	12	50	30	50	50	18	42	23	50	36	31	45	45	38	10	15	43	32	19	49	19	29	11	23	29	37	33	28	44	36	35	31	47	24	34	18	41	45	15	24	33	43	41	34	16	43	33	25	44	33	14	35	20	11	40	17	37	30	18	25	39	26	12	30	42	39	11	46	32	27	13	19	15	27	50	38	40	36	46	37	49	30	15	28	29	34	30	20	14	22	35	28	14	50	39	19	19	37	21	11	47	20	20	27	39	39	33	37	28	36	46	34	17	16	24	21	40	50	30	31	24	15	43	45	19	20	43	15	34	22	30	46	49	10	37	49	16	30	10	13	23	44	31	44	42	10	35	31	12	35	26	20	38	17	28	29	49	44	19	12	15	43	25	37	30	42	19	44	30	45	29	35	50	29	39	18	17	36	48	19	30	24	18	30	32	22	17	38	45	25	17	28	30	12	24	28	24	40	14	33	33	43	27	22	38	33	27	16	35	49	16	36	37	42	33	37	15	15	10	34	29	30	46	31	48	46	36	37	32	40	41	16	27	34	32	25	12	34	24	39	16	33	23	42	36	35	15	34	31	31	33	25	15	12	10	15	20	39	39	23	17	36	37	35	36	28	10	45	24	15	38	48	17	13	13	16	27	28	48	41	24	46	24	23	16	29	41	38	23	18	49	30	44	46	50	18	23	17	31	42	26	13	13	28	17	17	44	30	45	15	26	16	35	13	41	27	23	34	43	21	48	25	12	26	42	12	26	25	39	37	11	44	43	11	10	45	42	29	13	22	42	21	26	43	17	40	11	49	31	12	34	23	26	28	10	21	35	11	25	47	18	
5
90
