261
30
0	0	0	0	0	0	0	0	48	0	192	0	0	0	0	96	0	0	500	0	0	0	0	0	0	0	0	0	0	0	
0	0	0	0	0	500	0	0	0	0	0	0	0	0	0	0	0	0	0	0	0	192	192	0	0	0	0	0	0	0	
0	0	0	0	0	192	0	0	0	0	0	0	0	192	0	0	0	0	0	48	0	0	0	0	0	0	0	0	0	0	
0	0	0	0	0	0	0	0	0	0	0	0	0	0	0	0	0	0	0	0	96	0	0	0	0	192	0	0	48	0	
0	0	0	0	0	0	500	0	0	0	0	0	0	0	0	0	0	0	0	0	0	0	0	0	192	0	0	0	0	0	
0	500	192	0	0	0	0	0	0	0	0	0	0	0	0	0	0	0	0	0	0	0	0	0	0	0	0	0	0	0	
0	0	0	0	500	0	0	0	0	0	0	0	0	0	0	0	0	0	0	0	0	0	0	0	192	0	0	0	0	0	
0	0	0	0	0	0	0	0	0	0	0	0	0	0	0	0	192	0	0	0	0	0	0	500	0	0	0	0	0	0	
48	0	0	0	0	0	0	0	0	0	192	0	0	0	0	192	0	0	0	0	0	0	0	0	0	0	0	0	0	0	
0	0	0	0	0	0	0	0	0	0	0	192	0	0	0	0	96	0	0	0	0	0	0	0	0	0	0	0	0	0	
192	0	0	0	0	0	0	0	192	0	0	0	0	0	0	0	0	0	0	0	0	0	0	0	0	0	0	0	0	0	
0	0	0	0	0	0	0	0	0	192	0	0	0	0	0	0	0	0	0	0	0	0	0	48	0	0	0	0	0	0	
0	0	0	0	0	0	0	0	0	0	0	0	0	0	0	0	0	0	0	0	0	0	0	192	0	0	0	0	0	48	
0	0	192	0	0	0	0	0	0	0	0	0	0	0	0	0	0	0	0	500	0	0	0	0	0	0	0	0	0	0	
0	0	0	0	0	0	0	0	0	0	0	0	0	0	0	0	0	0	0	0	0	48	96	0	0	0	0	0	0	0	
96	0	0	0	0	0	0	0	192	0	0	0	0	0	0	0	0	0	0	0	0	0	0	0	0	0	0	0	0	0	
0	0	0	0	0	0	0	192	0	96	0	0	0	0	0	0	0	0	96	0	0	0	0	0	0	0	0	0	0	0	
0	0	0	0	0	0	0	0	0	0	0	0	0	0	0	0	0	0	0	48	0	0	0	0	48	96	500	0	0	0	
500	0	0	0	0	0	0	0	0	0	0	0	0	0	0	0	96	0	0	0	0	0	0	0	0	0	0	0	0	0	
0	0	48	0	0	0	0	0	0	0	0	0	0	500	0	0	0	48	0	0	0	0	0	0	0	0	0	0	0	0	
0	0	0	96	0	0	0	0	0	0	0	0	0	0	0	0	0	0	0	0	0	0	0	0	0	0	0	0	96	48	
0	192	0	0	0	0	0	0	0	0	0	0	0	0	48	0	0	0	0	0	0	0	0	0	0	0	0	0	0	0	
0	192	0	0	0	0	0	0	0	0	0	0	0	0	96	0	0	0	0	0	0	0	0	0	0	0	0	0	0	0	
0	0	0	0	0	0	0	500	0	0	0	48	192	0	0	0	0	0	0	0	0	0	0	0	0	0	0	0	0	0	
0	0	0	0	192	0	192	0	0	0	0	0	0	0	0	0	0	48	0	0	0	0	0	0	0	0	192	0	0	0	
0	0	0	192	0	0	0	0	0	0	0	0	0	0	0	0	0	96	0	0	0	0	0	0	0	0	0	0	0	500	
0	0	0	0	0	0	0	0	0	0	0	0	0	0	0	0	0	500	0	0	0	0	0	0	192	0	0	48	0	0	
0	0	0	0	0	0	0	0	0	0	0	0	0	0	0	0	0	0	0	0	0	0	0	0	0	0	48	0	0	0	
0	0	0	48	0	0	0	0	0	0	0	0	0	0	0	0	0	0	0	0	96	0	0	0	0	0	0	0	0	0	
0	0	0	0	0	0	0	0	0	0	0	0	48	0	0	0	0	0	0	0	48	0	0	0	0	500	0	0	0	0	
6	1	10	21	1	11	6	14	1	21	2	25	10	17	2	9	4	21	19	9	14	2	14	26	12	1	27	3	0	20	27	12	5	19	8	21	28	12	5	20	22	11	15	15	29	16	12	5	27	4	10	3	26	23	1	16	3	4	29	1	25	27	20	1	6	19	0	18	2	10	27	26	2	15	23	4	13	0	18	21	21	20	24	10	8	13	8	5	20	18	9	23	10	29	7	22	7	27	29	13	8	16	11	22	27	22	10	2	10	19	13	23	21	21	16	24	17	0	3	9	11	28	29	1	1	25	9	11	11	20	5	24	6	0	19	6	3	14	6	24	16	3	19	26	5	13	6	9	12	4	10	22	4	14	27	12	4	25	17	12	27	3	17	21	21	18	26	20	8	4	3	6	27	10	6	2	8	16	3	27	3	23	19	8	9	27	27	28	27	6	11	29	1	18	29	22	19	2	10	27	16	14	23	1	2	8	18	5	26	28	21	26	1	25	9	0	29	13	11	14	24	11	26	16	18	19	24	5	26	9	23	12	15	25	6	11	25	16	3	21	17	9	1	16	3	0	17	20	17	14	19	22	4	14	9	14	27	2	10	10	8	
7	5	24	7	11	10	3	5	7	3	11	28	26	2	28	23	19	15	10	25	8	10	11	20	11	29	1	5	19	6	7	24	1	29	2	28	14	26	4	12	4	5	1	20	21	19	6	11	20	18	4	28	12	11	27	10	4	2	23	12	8	6	4	9	12	5	13	20	9	15	7	14	8	14	5	0	28	16	6	4	21	28	9	23	9	14	4	18	3	15	5	27	20	29	5	1	22	13	20	2	28	21	20	7	9	21	0	7	23	5	12	6	27	29	19	5	11	5	18	4	5	23	25	6	21	29	16	17	13	9	3	20	11	14	22	1	3	20	10	28	25	24	4	12	29	13	12	14	16	27	10	14	29	2	29	20	18	6	2	9	12	13	15	25	28	0	0	22	4	16	21	15	2	3	13	24	15	2	13	0	6	3	4	16	13	13	21	5	13	26	1	24	3	3	4	14	3	2	28	12	9	1	19	0	10	25	16	1	29	3	28	27	1	17	9	10	22	0	29	1	5	21	7	20	5	7	1	25	22	2	3	27	6	27	20	25	24	23	1	5	7	6	0	7	5	0	25	2	7	24	27	26	29	5	6	14	0	3	8	18	17	
26	27	36	38	33	24	33	35	35	24	28	29	27	32	40	20	22	24	29	29	36	25	22	20	40	33	30	22	30	21	29	22	40	39	36	27	22	32	27	25	33	32	29	28	27	34	35	35	23	22	23	21	22	32	35	26	22	39	24	38	34	21	31	34	25	31	26	40	25	35	37	23	34	40	30	28	21	26	31	37	21	33	26	29	32	24	26	35	34	34	27	35	36	26	38	28	38	21	39	27	23	26	34	29	40	37	26	21	35	37	28	40	23	27	30	33	29	31	40	27	39	38	35	24	35	24	40	40	25	34	24	22	31	33	22	35	24	26	40	28	38	31	23	21	40	21	27	23	24	35	28	24	20	39	26	28	29	20	35	35	37	25	22	32	38	40	34	33	35	30	35	21	37	37	34	23	35	31	35	21	25	21	35	37	40	33	40	29	40	37	29	25	33	30	29	22	29	36	27	39	28	34	24	40	34	37	40	25	40	34	31	28	32	39	33	39	31	37	25	24	30	22	26	33	28	33	36	20	21	31	26	29	31	24	32	23	23	29	30	40	20	25	26	34	28	22	24	23	30	34	21	38	34	34	25	29	23	36	36	39	23	
31	39	30	23	31	22	22	39	19	50	15	48	25	28	10	38	38	12	48	18	16	46	13	50	10	39	45	33	29	15	34	16	38	48	38	12	42	37	37	18	17	35	24	19	12	50	33	42	48	46	49	21	48	38	41	22	42	50	42	16	39	26	27	25	14	41	39	17	40	15	27	38	13	23	32	27	39	44	21	20	28	24	32	35	32	10	32	38	13	15	11	31	35	28	24	17	23	32	45	28	20	41	28	47	19	48	36	21	17	46	43	40	11	34	18	30	44	17	33	12	15	20	32	16	38	15	13	21	26	46	26	13	42	37	27	47	38	34	24	20	48	10	13	32	19	38	11	35	14	11	29	36	30	19	50	42	20	31	20	15	26	15	28	26	29	39	10	35	50	15	22	35	23	22	31	26	15	30	29	20	45	29	40	50	50	25	11	27	32	32	34	12	44	48	38	21	41	50	48	22	49	37	18	12	26	36	13	31	50	48	29	14	49	35	12	32	48	24	34	10	28	20	40	31	50	26	34	11	32	17	45	28	24	14	50	46	27	15	27	27	14	13	37	37	14	31	32	10	43	20	24	34	38	24	36	10	40	35	12	14	24	
15
60
