391
30
0	0	0	0	96	0	0	0	0	0	0	0	192	0	0	0	0	0	0	0	0	192	0	0	0	0	48	0	0	0	
0	0	0	0	0	0	192	96	0	0	0	0	0	0	0	0	0	500	0	0	0	0	0	0	0	0	0	0	0	0	
0	0	0	0	0	0	96	0	0	0	0	0	0	0	0	96	0	0	0	0	0	0	0	0	0	0	0	0	0	0	
0	0	0	0	0	0	0	0	96	0	0	0	0	0	0	0	0	0	0	0	0	0	0	0	48	0	0	0	48	0	
96	0	0	0	0	0	0	0	0	0	0	0	500	0	0	0	0	0	0	0	0	0	0	0	0	0	0	0	0	0	
0	0	0	0	0	0	0	0	0	192	0	0	0	0	0	0	0	0	0	0	0	0	0	0	0	0	48	500	0	500	
0	192	96	0	0	0	0	0	0	0	0	0	0	0	0	0	0	0	0	0	0	0	0	0	0	0	0	0	0	0	
0	96	0	0	0	0	0	0	0	0	0	0	0	0	0	48	0	0	0	0	0	0	0	0	0	0	0	0	192	0	
0	0	0	96	0	0	0	0	0	0	0	0	0	0	0	0	0	192	0	0	0	0	0	0	192	0	0	0	0	0	
0	0	0	0	0	192	0	0	0	0	0	0	0	0	0	0	0	0	0	0	0	0	0	0	0	0	0	500	0	192	
0	0	0	0	0	0	0	0	0	0	0	0	0	0	192	0	0	0	0	0	0	0	0	192	0	0	0	0	0	0	
0	0	0	0	0	0	0	0	0	0	0	0	0	48	96	0	0	0	0	0	0	0	0	0	0	0	0	0	0	0	
192	0	0	0	500	0	0	0	0	0	0	0	0	0	0	0	0	0	0	0	0	192	0	0	0	0	0	0	0	0	
0	0	0	0	0	0	0	0	0	0	0	48	0	0	0	0	0	0	0	0	192	0	0	0	0	500	0	0	0	0	
0	0	0	0	0	0	0	0	0	0	192	96	0	0	0	0	0	0	0	0	0	0	0	192	0	500	0	0	0	0	
0	0	96	0	0	0	0	48	0	0	0	0	0	0	0	0	0	0	0	192	0	0	0	0	0	0	0	0	0	0	
0	0	0	0	0	0	0	0	0	0	0	0	0	0	0	0	0	0	500	0	0	0	500	0	0	0	0	0	0	0	
0	500	0	0	0	0	0	0	192	0	0	0	0	0	0	0	0	0	0	0	0	0	0	0	0	0	0	0	0	0	
0	0	0	0	0	0	0	0	0	0	0	0	0	0	0	0	500	0	0	0	48	96	192	0	0	0	0	500	0	0	
0	0	0	0	0	0	0	0	0	0	0	0	0	0	0	192	0	0	0	0	0	96	0	0	48	0	0	0	0	0	
0	0	0	0	0	0	0	0	0	0	0	0	0	192	0	0	0	0	48	0	0	0	0	0	0	0	0	0	0	0	
192	0	0	0	0	0	0	0	0	0	0	0	192	0	0	0	0	0	96	96	0	0	0	0	0	0	0	0	0	0	
0	0	0	0	0	0	0	0	0	0	0	0	0	0	0	0	500	0	192	0	0	0	0	0	0	0	0	0	0	0	
0	0	0	0	0	0	0	0	0	0	192	0	0	0	192	0	0	0	0	0	0	0	0	0	0	0	0	0	0	0	
0	0	0	48	0	0	0	0	192	0	0	0	0	0	0	0	0	0	0	48	0	0	0	0	0	0	0	0	0	0	
0	0	0	0	0	0	0	0	0	0	0	0	0	500	500	0	0	0	0	0	0	0	0	0	0	0	0	0	0	0	
48	0	0	0	0	48	0	0	0	0	0	0	0	0	0	0	0	0	0	0	0	0	0	0	0	0	0	0	0	0	
0	0	0	0	0	500	0	0	0	500	0	0	0	0	0	0	0	0	500	0	0	0	0	0	0	0	0	0	0	0	
0	0	0	48	0	0	0	192	0	0	0	0	0	0	0	0	0	0	0	0	0	0	0	0	0	0	0	0	0	0	
0	0	0	0	0	500	0	0	0	192	0	0	0	0	0	0	0	0	0	0	0	0	0	0	0	0	0	0	0	0	
13	6	20	8	12	28	25	10	8	5	3	19	13	4	27	17	4	19	25	14	27	13	16	13	8	25	11	28	25	4	17	10	6	0	5	9	13	15	10	29	21	3	27	16	0	25	28	5	19	16	2	2	13	25	26	3	25	7	23	7	13	29	12	8	10	20	26	23	26	6	8	24	18	2	16	21	12	12	15	27	22	19	16	6	5	24	22	6	3	25	6	22	27	5	28	10	22	25	3	28	8	5	5	17	13	23	6	15	16	3	28	2	0	16	15	0	27	16	6	24	28	7	15	1	13	28	27	25	14	20	25	20	1	19	24	12	8	20	21	22	14	24	27	22	17	0	29	14	10	6	23	29	0	21	2	5	18	14	3	12	13	5	1	15	9	9	3	10	23	6	15	15	11	23	21	13	17	21	6	29	25	24	4	1	19	3	6	22	15	21	0	1	23	23	1	23	28	17	11	12	8	9	3	24	11	26	19	1	25	17	28	10	0	7	11	25	15	21	6	7	18	17	17	18	27	3	23	8	10	4	10	0	21	5	17	22	2	11	11	24	25	2	14	9	23	29	13	3	6	11	0	24	0	8	12	3	11	13	1	10	25	15	16	19	12	22	18	11	4	4	7	9	20	5	22	16	28	20	17	14	4	10	11	22	0	0	14	27	10	20	9	23	11	16	0	26	9	28	14	24	5	13	5	20	20	14	23	23	28	15	3	22	5	25	26	3	18	13	7	25	6	29	11	27	8	28	12	17	6	7	13	9	18	5	7	20	22	22	25	4	20	22	14	7	13	14	5	20	10	1	15	5	26	18	14	24	5	13	1	22	9	9	29	13	29	7	19	11	16	11	28	19	6	8	6	15	2	23	9	25	4	22	0	14	4	14	9	8	22	22	27	
10	0	1	7	8	12	14	3	25	29	4	0	8	1	15	7	22	2	2	17	5	22	4	3	1	7	11	27	23	9	9	10	15	6	21	0	10	16	12	14	21	9	8	29	17	12	22	16	19	19	27	12	26	1	22	26	22	12	4	17	8	24	14	14	18	3	20	28	20	16	23	8	3	27	24	14	20	13	15	21	13	10	8	29	2	22	28	1	4	16	8	0	4	10	10	3	16	19	7	3	16	16	18	26	17	27	20	15	29	3	4	22	0	12	21	0	13	17	13	11	17	8	23	16	7	17	12	15	13	22	24	9	11	7	3	22	17	8	12	19	8	3	24	6	5	8	13	19	0	13	15	3	5	18	25	13	13	21	26	8	19	2	12	18	16	1	15	29	3	20	6	20	23	1	22	28	26	2	28	10	7	7	10	19	16	21	0	0	11	12	29	12	1	25	23	9	3	12	25	25	19	23	18	21	22	4	14	28	20	8	27	7	13	21	6	14	16	20	22	17	3	9	7	15	21	5	12	12	21	22	1	20	21	16	16	6	19	25	28	2	20	22	12	24	0	14	25	11	1	1	23	13	8	20	4	25	8	16	23	22	7	21	27	0	6	25	24	8	15	0	28	24	8	14	4	5	0	21	29	14	27	5	3	26	22	18	12	6	18	10	3	3	15	15	3	28	1	11	2	22	21	26	13	8	25	2	3	25	24	26	10	8	0	22	14	6	3	17	23	28	17	23	13	9	12	24	20	6	22	2	12	2	27	18	26	6	20	24	23	25	2	3	19	24	27	5	26	28	15	7	16	9	24	7	13	12	17	16	3	3	7	19	14	11	27	18	17	13	21	22	11	1	19	26	6	20	16	20	23	28	16	0	25	10	11	20	12	28	24	4	10	
21	36	39	21	34	37	35	30	23	28	30	39	40	34	36	40	40	21	27	28	30	22	40	33	37	38	28	25	30	20	36	39	21	38	39	37	24	20	27	31	32	30	20	28	29	29	29	38	35	35	26	22	28	22	36	34	32	32	28	36	29	38	34	37	37	20	38	20	22	36	24	32	35	39	34	20	27	34	33	36	39	27	40	27	25	36	37	20	27	33	33	35	34	40	36	31	26	20	28	36	37	28	25	21	31	34	35	28	35	29	24	36	32	21	21	28	28	27	27	38	39	23	21	23	27	20	24	38	32	22	35	34	28	25	21	25	23	38	29	24	20	34	23	29	22	36	35	34	34	26	40	25	40	22	39	28	29	26	26	35	39	35	30	29	40	33	40	22	26	40	27	29	33	23	27	38	20	33	39	38	37	22	32	31	39	31	29	20	27	31	32	36	25	21	31	37	26	26	37	35	30	37	27	31	28	29	36	33	34	36	32	31	39	20	22	35	40	33	24	30	27	27	28	21	21	34	30	34	36	23	37	29	34	34	30	27	40	40	39	24	23	21	39	35	22	29	37	37	28	39	23	28	33	37	25	24	28	20	40	36	37	40	34	37	28	38	31	34	24	39	23	37	24	35	25	38	27	20	40	29	28	39	25	29	30	38	21	20	22	26	37	21	25	25	40	39	27	36	23	36	21	25	40	30	40	38	22	38	30	36	36	27	20	36	27	32	31	25	38	20	36	32	21	26	22	39	30	23	34	30	33	21	28	33	26	32	24	20	29	29	33	27	39	23	34	28	29	39	39	37	37	25	20	38	39	27	29	35	32	37	27	35	38	28	25	33	22	21	32	26	23	38	22	36	31	38	29	24	20	28	28	37	38	36	22	37	25	27	21	24	32	
11	47	16	48	13	48	38	17	41	49	22	36	48	30	30	27	42	18	37	30	39	38	41	50	17	11	11	21	11	14	39	30	41	22	39	16	35	44	33	30	27	33	35	11	18	39	19	21	24	36	31	43	39	19	31	33	35	43	33	44	35	19	48	36	46	12	30	31	33	46	18	46	49	27	15	23	10	17	16	11	49	42	44	36	48	45	37	50	25	26	31	28	31	21	17	25	28	36	39	31	33	15	19	13	29	16	48	43	24	13	22	38	27	21	42	10	27	26	11	29	39	16	40	33	11	39	19	31	22	14	11	18	44	43	15	35	31	35	43	47	46	30	21	39	24	41	44	48	10	31	37	12	11	41	30	10	39	25	48	23	28	45	36	41	10	50	14	18	27	10	27	38	45	44	32	46	18	44	37	13	21	34	17	50	34	44	17	29	36	45	33	11	31	32	11	20	25	12	25	28	49	35	18	15	45	50	23	30	36	16	28	13	41	39	44	39	28	18	21	39	45	45	32	15	42	41	44	48	21	46	43	50	10	36	43	31	50	22	21	50	29	34	36	25	44	23	20	11	50	32	17	42	50	50	21	16	14	27	12	10	19	14	36	46	33	39	20	13	10	37	35	15	49	31	39	18	50	10	46	19	38	28	25	25	12	12	20	43	20	47	33	40	36	24	22	24	31	47	49	11	20	39	11	28	38	11	12	34	34	28	50	31	17	34	11	21	15	32	46	15	22	22	33	49	49	20	19	19	45	36	43	28	13	13	47	48	32	23	15	42	39	37	48	48	30	33	45	40	11	21	34	16	13	50	23	13	35	28	36	16	20	41	43	31	40	35	21	44	50	21	17	10	26	46	28	48	28	21	21	10	35	45	36	13	37	36	29	16	44	42	27	
20
90
