261
30
0	0	0	0	48	0	0	0	0	0	0	0	0	0	0	0	0	0	0	0	0	0	0	0	0	0	0	0	192	0	
0	0	0	192	0	0	0	0	0	0	0	0	0	0	0	0	0	0	0	0	0	0	0	96	0	0	0	0	0	0	
0	0	0	0	0	0	0	0	500	0	0	0	0	0	0	0	0	0	0	0	48	0	0	0	0	0	0	0	192	0	
0	192	0	0	0	500	0	0	0	0	0	0	0	0	0	0	0	0	0	0	0	0	0	500	0	0	0	0	0	0	
48	0	0	0	0	0	0	0	0	0	0	0	0	96	0	0	0	0	0	0	0	0	0	0	0	0	0	0	0	0	
0	0	0	500	0	0	0	0	0	0	0	0	0	0	0	0	0	0	0	0	0	96	0	0	0	0	0	0	0	0	
0	0	0	0	0	0	0	0	0	0	0	500	0	0	0	0	0	0	0	0	0	0	48	0	0	0	0	0	0	0	
0	0	0	0	0	0	0	0	0	0	0	500	0	0	0	48	0	0	0	48	0	0	0	0	0	0	0	0	0	0	
0	0	500	0	0	0	0	0	0	0	0	0	0	0	192	0	0	0	0	0	0	0	0	0	0	0	0	0	0	0	
0	0	0	0	0	0	0	0	0	0	0	0	0	0	0	0	0	0	0	0	0	0	0	0	0	96	500	0	0	0	
0	0	0	0	0	0	0	0	0	0	0	0	96	0	0	0	48	0	0	0	0	0	0	0	0	0	0	0	0	0	
0	0	0	0	0	0	500	500	0	0	0	0	0	0	0	0	0	0	0	0	0	0	0	0	0	0	0	0	0	0	
0	0	0	0	0	0	0	0	0	0	96	0	0	0	0	0	0	500	0	0	0	0	0	0	0	0	0	0	0	0	
0	0	0	0	96	0	0	0	0	0	0	0	0	0	0	0	0	0	0	0	0	0	0	0	0	192	0	0	0	0	
0	0	0	0	0	0	0	0	192	0	0	0	0	0	0	0	0	0	0	0	192	0	0	0	0	0	0	192	0	0	
0	0	0	0	0	0	0	48	0	0	0	0	0	0	0	0	0	0	0	192	0	0	0	0	0	0	0	0	0	0	
0	0	0	0	0	0	0	0	0	0	48	0	0	0	0	0	0	500	0	0	0	0	192	0	0	0	500	0	0	0	
0	0	0	0	0	0	0	0	0	0	0	0	500	0	0	0	500	0	0	0	0	0	0	0	0	0	0	0	0	0	
0	0	0	0	0	0	0	0	0	0	0	0	0	0	0	0	0	0	0	0	500	500	0	0	0	0	0	0	0	192	
0	0	0	0	0	0	0	48	0	0	0	0	0	0	0	192	0	0	0	0	0	0	0	0	0	0	0	0	0	0	
0	0	48	0	0	0	0	0	0	0	0	0	0	0	192	0	0	0	500	0	0	0	0	0	0	0	0	0	0	0	
0	0	0	0	0	96	0	0	0	0	0	0	0	0	0	0	0	0	500	0	0	0	0	0	0	0	0	0	0	0	
0	0	0	0	0	0	48	0	0	0	0	0	0	0	0	0	192	0	0	0	0	0	0	0	48	0	0	0	0	0	
0	96	0	500	0	0	0	0	0	0	0	0	0	0	0	0	0	0	0	0	0	0	0	0	0	0	0	0	0	0	
0	0	0	0	0	0	0	0	0	0	0	0	0	0	0	0	0	0	0	0	0	0	48	0	0	0	0	0	48	0	
0	0	0	0	0	0	0	0	0	96	0	0	0	192	0	0	0	0	0	0	0	0	0	0	0	0	0	0	0	0	
0	0	0	0	0	0	0	0	0	500	0	0	0	0	0	0	500	0	0	0	0	0	0	0	0	0	0	0	0	0	
0	0	0	0	0	0	0	0	0	0	0	0	0	0	192	0	0	0	0	0	0	0	0	0	0	0	0	0	0	48	
192	0	192	0	0	0	0	0	0	0	0	0	0	0	0	0	0	0	0	0	0	0	0	0	48	0	0	0	0	0	
0	0	0	0	0	0	0	0	0	0	0	0	0	0	0	0	0	0	192	0	0	0	0	0	0	0	0	48	0	0	
6	25	10	2	8	25	29	16	16	6	15	0	28	19	16	5	16	24	10	2	9	14	16	26	1	9	4	10	13	0	7	7	5	26	1	1	6	8	0	11	20	3	22	22	16	24	5	20	3	25	5	21	0	16	8	20	15	0	14	20	25	18	1	5	20	10	29	9	17	4	4	25	15	6	28	14	3	21	21	27	12	20	3	8	23	20	16	25	29	29	19	19	19	3	28	16	6	20	10	3	21	1	1	29	17	9	9	22	13	26	16	16	8	25	17	14	13	24	2	19	6	23	0	15	18	25	25	10	17	4	24	19	4	25	27	5	28	9	15	22	2	15	5	11	24	8	21	0	25	15	14	15	21	8	17	14	15	28	14	9	25	27	9	12	28	13	26	22	12	25	7	29	11	12	20	10	6	24	28	28	29	5	0	15	4	10	6	23	6	0	22	5	23	25	7	12	11	11	12	26	15	29	19	14	16	6	8	7	25	8	15	6	5	3	8	10	13	2	19	14	6	27	8	28	7	16	23	11	23	24	5	4	9	10	26	27	28	24	27	22	29	18	22	2	21	7	0	22	22	18	23	22	24	15	10	10	22	26	27	9	20	
28	28	13	10	4	8	20	26	18	21	21	22	22	24	23	11	5	22	6	17	0	12	15	28	20	28	26	14	2	20	19	16	23	29	28	13	12	2	9	18	24	9	6	12	19	23	17	14	14	11	14	6	27	11	3	4	15	23	25	19	12	24	16	22	19	1	29	24	9	16	27	18	5	8	16	19	28	16	28	5	14	3	7	16	23	19	15	18	4	16	11	22	5	5	18	15	3	0	14	23	29	22	29	2	24	8	26	21	6	8	27	12	23	11	7	17	19	12	29	11	22	13	21	2	13	13	3	11	25	9	20	11	23	19	27	17	25	21	0	11	0	24	26	22	0	1	20	19	21	24	13	5	20	2	15	6	2	1	7	26	4	26	10	25	7	12	14	5	25	7	11	29	22	4	2	8	29	8	8	22	0	23	5	9	14	13	8	18	12	25	21	16	25	18	26	1	0	27	12	27	20	16	21	8	6	27	16	14	23	1	22	28	12	13	26	3	23	10	22	25	9	0	23	27	10	27	24	5	12	10	27	23	28	8	13	2	2	6	12	12	8	12	10	7	6	22	29	24	28	1	11	0	3	6	12	22	5	4	2	25	10	
35	25	28	32	24	21	25	25	30	23	20	36	35	20	27	27	28	22	38	37	35	27	24	39	23	35	39	23	32	28	33	22	35	39	24	29	33	25	40	27	32	38	32	33	26	36	24	30	28	26	33	31	24	22	30	35	37	31	36	33	20	28	27	34	24	39	20	21	38	40	32	40	38	26	39	27	38	33	36	33	27	29	22	36	27	37	31	33	27	36	29	30	34	26	22	34	24	40	24	34	40	31	25	40	23	24	37	32	31	24	33	35	29	35	30	37	31	21	32	24	37	39	36	34	37	37	33	32	27	36	29	31	26	29	28	33	27	27	30	37	29	26	37	26	33	36	33	25	35	22	40	20	24	39	33	33	24	21	29	38	33	30	30	25	36	29	24	30	35	35	35	21	29	39	31	20	20	28	25	25	25	29	39	27	29	25	22	35	34	35	21	39	21	35	27	26	21	31	21	20	27	30	27	23	34	38	32	20	30	33	37	36	21	27	26	28	39	32	22	28	20	31	30	31	33	25	21	26	37	22	33	40	30	20	23	20	32	23	36	40	36	31	39	27	30	20	37	27	25	35	40	33	29	32	28	35	32	31	33	38	34	
44	19	19	42	30	19	20	12	15	47	26	14	32	18	44	33	17	35	20	13	22	41	21	39	12	50	44	29	31	29	50	25	48	10	45	22	30	29	17	33	19	15	15	37	35	21	26	22	10	50	28	39	13	18	21	13	36	18	20	40	26	14	10	21	11	11	29	28	49	50	36	49	29	50	19	43	44	31	48	46	30	30	22	40	23	37	35	36	20	36	38	40	28	11	45	23	28	24	16	38	14	13	39	13	47	20	11	19	28	44	23	50	15	37	28	42	31	21	45	22	46	18	13	41	34	50	34	19	36	28	42	48	38	12	23	28	38	41	27	11	27	30	28	21	27	33	17	33	25	31	28	31	22	24	30	47	47	43	24	38	23	19	20	45	48	19	32	48	45	20	13	30	10	41	26	37	43	31	27	10	15	20	38	18	48	26	43	45	12	43	31	33	40	17	45	15	15	35	19	18	47	24	30	29	28	41	12	44	34	32	19	31	14	49	29	20	23	19	24	12	41	21	38	33	27	33	30	29	19	32	31	41	23	42	15	46	39	17	40	19	38	17	31	21	27	50	38	47	47	31	31	28	13	30	38	26	12	22	11	41	37	
20
60
