348
30
0	0	0	0	96	0	0	0	0	0	0	0	0	0	0	0	0	0	500	0	0	0	0	0	0	0	0	0	0	0	
0	0	0	0	0	0	500	0	500	0	0	0	0	0	0	0	0	0	0	0	0	0	0	0	0	0	48	0	0	0	
0	0	0	0	0	0	0	0	0	0	0	0	0	0	0	0	0	0	0	0	0	0	48	0	0	0	0	0	0	192	
0	0	0	0	96	0	0	0	96	0	0	192	0	0	0	0	0	0	500	0	0	500	0	0	0	0	0	0	0	0	
96	0	0	96	0	0	0	0	0	0	0	0	0	0	0	0	0	0	0	0	0	0	0	0	500	0	0	0	0	0	
0	0	0	0	0	0	0	0	0	0	0	0	0	0	0	192	0	0	0	0	0	0	0	0	96	0	0	0	0	0	
0	500	0	0	0	0	0	0	0	0	0	0	0	0	0	0	0	0	0	0	0	0	96	0	0	0	192	0	0	0	
0	0	0	0	0	0	0	0	0	0	0	0	0	0	0	0	0	500	0	0	0	0	0	192	0	0	0	0	0	0	
0	500	0	96	0	0	0	0	0	0	0	0	0	0	0	0	0	0	0	0	0	0	0	0	0	0	0	0	0	0	
0	0	0	0	0	0	0	0	0	0	0	0	0	0	96	0	0	0	0	0	0	0	0	0	0	0	0	0	0	48	
0	0	0	0	0	0	0	0	0	0	0	192	0	0	0	96	0	0	0	0	0	0	0	0	0	0	0	0	0	0	
0	0	0	192	0	0	0	0	0	0	192	0	0	0	0	0	48	0	0	0	0	0	0	0	0	0	0	0	0	0	
0	0	0	0	0	0	0	0	0	0	0	0	0	0	192	0	0	0	0	0	0	0	0	0	0	500	0	0	500	96	
0	0	0	0	0	0	0	0	0	0	0	0	0	0	0	0	0	0	0	0	500	192	0	0	0	0	0	0	0	0	
0	0	0	0	0	0	0	0	0	96	0	0	192	0	0	0	0	0	0	0	0	500	0	0	0	500	0	0	96	0	
0	0	0	0	0	192	0	0	0	0	96	0	0	0	0	0	0	0	0	0	0	0	0	0	0	0	0	0	0	0	
0	0	0	0	0	0	0	0	0	0	0	48	0	0	0	0	0	500	0	500	0	0	0	0	0	0	0	0	0	0	
0	0	0	0	0	0	0	500	0	0	0	0	0	0	0	0	500	0	0	0	0	0	0	0	0	0	0	0	0	0	
500	0	0	500	0	0	0	0	0	0	0	0	0	0	0	0	0	0	0	0	0	0	0	0	0	0	0	0	0	0	
0	0	0	0	0	0	0	0	0	0	0	0	0	0	0	0	500	0	0	0	0	96	0	96	0	0	0	96	0	0	
0	0	0	0	0	0	0	0	0	0	0	0	0	500	0	0	0	0	0	0	0	0	0	96	0	0	0	48	0	0	
0	0	0	500	0	0	0	0	0	0	0	0	0	192	500	0	0	0	0	96	0	0	0	0	0	0	0	0	0	0	
0	0	48	0	0	0	96	0	0	0	0	0	0	0	0	0	0	0	0	0	0	0	0	0	0	0	0	0	0	0	
0	0	0	0	0	0	0	192	0	0	0	0	0	0	0	0	0	0	0	96	96	0	0	0	0	0	0	0	0	0	
0	0	0	0	500	96	0	0	0	0	0	0	0	0	0	0	0	0	0	0	0	0	0	0	0	0	0	0	0	0	
0	0	0	0	0	0	0	0	0	0	0	0	500	0	500	0	0	0	0	0	0	0	0	0	0	0	0	0	0	0	
0	48	0	0	0	0	192	0	0	0	0	0	0	0	0	0	0	0	0	0	0	0	0	0	0	0	0	0	0	0	
0	0	0	0	0	0	0	0	0	0	0	0	0	0	0	0	0	0	0	96	48	0	0	0	0	0	0	0	0	0	
0	0	0	0	0	0	0	0	0	0	0	0	500	0	96	0	0	0	0	0	0	0	0	0	0	0	0	0	0	0	
0	0	192	0	0	0	0	0	0	48	0	0	96	0	0	0	0	0	0	0	0	0	0	0	0	0	0	0	0	0	
9	21	12	10	26	9	17	25	2	26	13	22	0	12	23	0	18	18	26	9	6	25	22	13	3	17	0	11	5	1	14	7	11	16	14	2	28	22	1	20	9	0	16	26	7	15	18	8	23	21	29	23	15	17	1	5	16	0	19	27	8	8	5	17	7	15	14	20	4	15	11	15	20	22	14	25	1	4	7	22	19	5	21	19	21	23	17	16	11	22	25	2	22	20	4	24	21	9	2	29	22	2	24	26	11	28	29	6	22	17	0	24	10	28	2	23	20	10	24	18	12	5	18	12	6	27	15	14	29	18	2	23	6	9	23	24	29	18	22	1	14	12	2	21	6	11	24	20	22	28	14	27	8	15	13	29	14	28	18	27	9	11	12	5	25	27	10	20	9	2	25	18	24	19	29	22	19	0	19	12	9	15	17	15	17	4	16	17	13	19	25	28	27	6	18	19	14	3	27	28	9	18	29	15	20	19	27	15	29	6	17	0	21	21	26	28	21	8	20	0	0	21	7	23	9	10	26	8	1	7	24	22	24	2	26	22	5	17	26	1	2	19	2	24	24	13	9	8	23	17	17	2	21	2	25	23	20	5	0	19	10	8	22	24	11	28	15	27	27	5	18	17	24	14	12	25	23	21	11	1	11	21	22	25	21	20	1	14	11	20	12	22	9	5	4	22	6	2	12	0	14	1	3	15	9	13	1	27	4	4	10	9	18	18	19	17	11	27	26	20	22	13	4	4	22	16	10	8	18	14	24	19	0	13	11	18	26	5	21	2	24	12	20	18	26	6	15	11	
11	7	9	6	16	1	4	21	3	24	21	18	29	24	22	18	1	23	6	27	14	10	3	14	2	10	17	17	27	3	17	27	20	27	14	26	8	6	16	7	17	7	15	11	8	18	4	25	22	25	19	6	23	0	2	29	0	3	10	20	7	0	3	0	16	17	17	3	19	17	23	2	25	21	14	17	17	13	26	25	6	10	9	13	23	18	16	8	16	1	29	13	4	11	4	13	10	8	20	29	2	4	11	15	27	19	9	3	14	7	7	6	25	28	6	8	4	12	0	8	22	10	17	5	0	0	6	22	16	7	23	10	5	4	12	6	4	3	12	7	29	8	2	0	10	27	12	16	16	2	16	17	18	14	4	14	15	10	17	17	1	26	28	16	11	15	26	0	6	7	0	26	4	23	9	11	9	20	27	8	10	4	4	8	14	13	23	20	1	25	1	14	6	6	5	13	11	29	26	7	15	17	19	11	21	4	9	11	13	15	1	12	0	0	12	5	1	13	12	27	8	6	11	3	23	21	2	4	23	8	10	14	21	1	24	16	8	12	3	26	26	11	16	15	13	14	17	27	22	6	4	7	26	29	27	22	25	18	25	21	22	26	11	3	14	5	3	15	9	23	5	6	16	14	14	18	1	28	12	2	5	7	7	8	29	25	4	9	17	25	2	7	14	7	7	7	6	3	9	2	13	21	18	7	25	8	11	5	13	5	15	9	24	28	15	17	23	29	18	2	5	19	23	26	4	3	14	20	17	19	19	26	9	7	21	9	6	0	23	28	3	20	10	26	15	10	7	2	
34	24	20	36	25	20	40	31	31	25	35	36	23	33	27	30	29	29	23	21	22	26	33	33	31	29	28	23	40	21	34	21	33	23	37	34	35	23	33	26	26	23	22	21	20	26	25	40	30	22	34	24	22	30	32	22	24	39	35	40	23	25	24	33	28	39	21	21	40	23	32	20	25	40	25	25	30	38	32	32	33	26	31	36	27	25	31	22	25	36	24	39	29	22	37	36	23	21	38	37	23	22	40	33	37	28	35	32	34	32	23	40	32	40	27	36	31	22	30	30	29	39	32	37	34	23	39	26	31	33	40	21	35	30	29	25	21	34	38	29	39	31	40	22	21	28	26	24	28	29	31	21	38	30	39	29	36	31	40	27	35	29	23	27	32	38	23	29	36	33	30	29	34	24	37	20	23	26	33	34	20	31	34	40	26	33	40	32	22	28	38	20	27	29	33	20	34	34	37	23	26	22	36	31	33	30	35	33	32	32	40	24	31	36	36	33	27	31	27	31	26	39	39	24	24	26	21	28	25	35	30	30	34	37	37	29	40	22	22	34	29	27	36	36	32	34	29	34	31	24	34	32	31	31	33	20	26	32	32	36	22	37	22	28	35	20	26	30	40	31	26	35	29	22	34	21	39	28	23	23	24	26	24	28	29	21	39	40	29	22	30	25	26	24	27	30	30	22	31	39	35	28	25	23	26	40	25	40	33	29	39	32	22	24	21	33	31	21	34	23	33	34	34	20	38	32	40	27	34	40	38	22	40	28	28	40	22	37	35	31	29	24	32	28	33	30	39	32	
34	25	29	21	19	42	26	50	35	46	44	22	23	36	47	44	17	43	28	35	13	16	18	25	31	21	34	15	20	34	47	37	21	15	50	35	36	32	22	37	10	28	11	48	24	35	38	15	41	45	45	38	14	49	32	33	33	34	42	36	15	48	40	25	11	40	44	22	23	10	37	31	34	16	16	11	31	49	32	40	41	11	48	31	31	48	39	27	23	36	10	21	13	21	33	27	50	31	48	12	34	23	42	20	27	26	46	24	48	22	15	39	38	28	25	22	28	17	17	16	14	39	50	40	26	22	46	21	16	24	39	48	29	24	25	15	42	31	38	46	44	19	24	50	35	48	14	12	25	42	12	30	39	31	42	31	34	14	41	29	14	23	47	46	30	16	47	45	40	35	30	35	32	16	36	12	44	18	32	30	24	36	43	40	38	15	39	14	31	34	29	37	46	23	26	15	31	37	11	38	35	24	48	41	25	26	49	48	36	40	44	45	39	35	15	23	23	35	45	40	37	43	24	49	41	19	45	17	21	48	47	25	38	11	39	45	33	12	49	33	46	20	20	47	40	43	38	10	39	47	37	49	25	37	27	20	13	24	18	40	26	46	49	16	11	24	40	24	11	32	22	19	22	42	45	14	29	23	35	10	14	45	13	37	29	30	12	10	45	24	46	45	35	33	47	40	15	24	38	41	28	28	48	26	49	29	25	38	20	11	16	12	34	32	40	47	29	38	37	23	28	22	42	21	11	47	44	17	14	16	20	41	38	35	31	33	48	50	30	27	24	43	27	28	48	14	25	17	
10
80
