304
30
0	0	0	0	96	0	0	0	0	0	0	0	192	0	0	0	0	0	0	0	0	192	0	0	0	0	48	0	0	0	
0	0	0	0	0	0	192	96	0	0	0	0	0	0	0	0	0	500	0	0	0	0	0	0	0	0	0	0	0	0	
0	0	0	0	0	0	96	0	0	0	0	0	0	0	0	96	0	0	0	0	0	0	0	0	0	0	0	0	0	0	
0	0	0	0	0	0	0	0	96	0	0	0	0	0	0	0	0	0	0	0	0	0	0	0	48	0	0	0	48	0	
96	0	0	0	0	0	0	0	0	0	0	0	500	0	0	0	0	0	0	0	0	0	0	0	0	0	0	0	0	0	
0	0	0	0	0	0	0	0	0	192	0	0	0	0	0	0	0	0	0	0	0	0	0	0	0	0	48	500	0	500	
0	192	96	0	0	0	0	0	0	0	0	0	0	0	0	0	0	0	0	0	0	0	0	0	0	0	0	0	0	0	
0	96	0	0	0	0	0	0	0	0	0	0	0	0	0	48	0	0	0	0	0	0	0	0	0	0	0	0	192	0	
0	0	0	96	0	0	0	0	0	0	0	0	0	0	0	0	0	192	0	0	0	0	0	0	192	0	0	0	0	0	
0	0	0	0	0	192	0	0	0	0	0	0	0	0	0	0	0	0	0	0	0	0	0	0	0	0	0	500	0	192	
0	0	0	0	0	0	0	0	0	0	0	0	0	0	192	0	0	0	0	0	0	0	0	192	0	0	0	0	0	0	
0	0	0	0	0	0	0	0	0	0	0	0	0	48	96	0	0	0	0	0	0	0	0	0	0	0	0	0	0	0	
192	0	0	0	500	0	0	0	0	0	0	0	0	0	0	0	0	0	0	0	0	192	0	0	0	0	0	0	0	0	
0	0	0	0	0	0	0	0	0	0	0	48	0	0	0	0	0	0	0	0	192	0	0	0	0	500	0	0	0	0	
0	0	0	0	0	0	0	0	0	0	192	96	0	0	0	0	0	0	0	0	0	0	0	192	0	500	0	0	0	0	
0	0	96	0	0	0	0	48	0	0	0	0	0	0	0	0	0	0	0	192	0	0	0	0	0	0	0	0	0	0	
0	0	0	0	0	0	0	0	0	0	0	0	0	0	0	0	0	0	500	0	0	0	500	0	0	0	0	0	0	0	
0	500	0	0	0	0	0	0	192	0	0	0	0	0	0	0	0	0	0	0	0	0	0	0	0	0	0	0	0	0	
0	0	0	0	0	0	0	0	0	0	0	0	0	0	0	0	500	0	0	0	48	96	192	0	0	0	0	500	0	0	
0	0	0	0	0	0	0	0	0	0	0	0	0	0	0	192	0	0	0	0	0	96	0	0	48	0	0	0	0	0	
0	0	0	0	0	0	0	0	0	0	0	0	0	192	0	0	0	0	48	0	0	0	0	0	0	0	0	0	0	0	
192	0	0	0	0	0	0	0	0	0	0	0	192	0	0	0	0	0	96	96	0	0	0	0	0	0	0	0	0	0	
0	0	0	0	0	0	0	0	0	0	0	0	0	0	0	0	500	0	192	0	0	0	0	0	0	0	0	0	0	0	
0	0	0	0	0	0	0	0	0	0	192	0	0	0	192	0	0	0	0	0	0	0	0	0	0	0	0	0	0	0	
0	0	0	48	0	0	0	0	192	0	0	0	0	0	0	0	0	0	0	48	0	0	0	0	0	0	0	0	0	0	
0	0	0	0	0	0	0	0	0	0	0	0	0	500	500	0	0	0	0	0	0	0	0	0	0	0	0	0	0	0	
48	0	0	0	0	48	0	0	0	0	0	0	0	0	0	0	0	0	0	0	0	0	0	0	0	0	0	0	0	0	
0	0	0	0	0	500	0	0	0	500	0	0	0	0	0	0	0	0	500	0	0	0	0	0	0	0	0	0	0	0	
0	0	0	48	0	0	0	192	0	0	0	0	0	0	0	0	0	0	0	0	0	0	0	0	0	0	0	0	0	0	
0	0	0	0	0	500	0	0	0	192	0	0	0	0	0	0	0	0	0	0	0	0	0	0	0	0	0	0	0	0	
28	26	23	11	3	29	21	29	2	7	6	15	3	22	5	10	18	6	13	7	18	8	5	21	22	7	0	13	22	18	17	28	27	25	14	7	13	23	8	13	22	19	0	1	11	5	11	3	4	18	10	23	2	10	13	21	11	16	5	18	6	13	14	10	3	11	11	25	16	27	2	14	26	12	5	3	19	24	15	13	5	0	18	4	0	11	28	28	16	11	16	24	19	3	25	6	27	12	24	24	22	18	4	4	8	14	29	13	24	5	23	28	18	11	7	3	14	25	11	6	1	8	20	25	5	16	10	12	27	26	22	6	21	3	12	14	12	23	4	20	8	27	7	4	25	19	8	2	20	12	10	26	9	25	2	1	19	6	0	28	9	28	13	25	9	16	27	18	11	7	27	11	20	27	4	11	7	9	5	23	4	0	16	20	28	10	6	14	15	24	3	6	11	26	10	1	20	19	28	17	22	18	10	24	10	21	13	29	28	7	13	18	18	3	7	29	18	19	26	6	18	14	11	6	2	9	1	18	20	16	5	13	21	0	4	24	5	6	6	14	24	12	18	10	18	19	5	17	27	8	8	0	24	5	10	16	23	21	15	26	13	15	5	29	27	5	3	0	10	9	11	6	7	23	12	8	18	24	25	17	29	25	14	8	15	11	22	22	2	0	29	20	3	4	13	25	19	1	21	26	27	0	0	7	
1	7	28	19	10	9	21	21	24	12	28	3	23	17	18	24	28	0	26	14	4	14	10	26	5	24	12	26	6	22	15	24	9	24	4	15	26	28	25	6	14	14	19	28	7	5	2	19	26	28	24	29	0	11	2	27	7	25	29	2	9	29	7	13	13	27	27	13	21	19	2	19	19	11	0	28	12	22	25	12	15	21	14	19	12	14	28	6	19	16	25	2	1	10	23	24	3	26	29	6	29	9	20	4	27	9	16	27	4	20	11	11	22	0	0	24	26	22	26	15	5	10	29	14	16	17	18	11	12	29	10	25	0	10	3	28	4	28	29	27	9	27	7	25	19	21	29	0	2	3	20	27	15	6	5	0	3	16	6	0	6	25	13	28	28	19	3	3	28	28	25	22	1	2	9	26	17	15	18	2	2	8	8	7	21	0	3	2	28	29	1	22	25	11	18	8	11	6	28	13	21	7	2	28	13	13	4	16	13	10	3	0	16	3	6	21	5	13	25	18	18	14	18	10	21	9	8	18	5	20	24	21	15	14	6	9	25	11	7	3	9	26	0	11	8	1	4	28	0	14	2	7	6	9	5	12	3	7	13	2	14	29	29	23	22	27	13	4	4	16	16	27	24	1	7	29	6	16	12	6	1	21	15	8	12	2	29	28	7	13	25	13	18	0	5	20	0	27	2	23	20	12	16	14	
28	40	31	40	33	28	29	33	28	29	20	30	28	22	29	34	39	37	20	23	31	37	29	34	34	30	24	24	39	40	33	35	31	21	35	26	29	29	40	32	22	30	37	24	25	22	27	23	40	40	21	39	21	27	26	26	32	28	36	36	20	24	38	38	36	25	30	35	28	38	28	23	40	28	36	34	21	30	22	21	33	25	40	26	22	36	37	39	22	38	21	39	35	32	30	21	37	28	34	38	39	37	32	29	27	20	20	26	23	39	33	36	34	32	34	24	36	22	39	24	21	38	34	35	21	20	21	27	28	39	26	38	29	24	31	28	33	32	32	27	20	33	31	31	23	22	20	29	24	21	24	36	31	32	38	36	26	20	28	28	35	29	25	40	20	31	22	27	40	32	20	38	21	37	21	27	38	40	26	26	40	30	27	29	38	21	38	36	21	26	37	38	36	28	21	36	29	25	25	33	22	23	32	36	36	39	37	26	38	21	22	35	35	33	22	21	23	38	26	21	23	30	25	29	21	20	20	37	36	39	39	40	21	29	38	38	22	38	21	27	40	31	20	37	34	32	23	21	32	23	28	20	40	29	20	23	31	35	27	32	37	40	26	26	40	26	36	20	39	35	20	38	24	39	40	39	22	37	23	21	29	38	36	25	33	39	25	40	21	36	34	29	25	39	28	27	39	40	25	20	25	22	39	22	
33	14	19	45	16	42	18	31	26	34	39	13	31	28	45	24	24	24	38	43	13	22	25	39	38	14	43	32	49	12	30	18	11	44	16	42	20	30	32	27	32	45	24	28	34	13	29	16	24	14	48	39	38	10	32	38	45	10	49	11	39	49	19	32	23	28	15	18	21	34	41	10	35	37	33	35	48	32	49	50	19	37	34	26	37	16	42	28	49	25	30	12	15	20	45	44	20	43	46	14	21	46	20	32	46	12	19	36	49	38	32	46	50	36	23	12	10	12	33	12	22	12	14	36	45	22	10	23	15	31	24	22	22	44	30	42	49	21	34	39	14	47	37	47	21	48	47	50	43	47	21	31	29	29	10	42	48	50	38	11	32	20	47	29	17	20	38	19	14	25	45	23	42	14	40	20	14	16	28	16	45	33	16	21	21	29	36	42	17	40	34	18	23	43	44	36	40	43	29	46	39	40	37	21	21	46	11	26	32	48	16	45	11	37	45	26	11	39	28	13	35	34	14	13	40	36	31	44	43	15	23	10	22	21	30	11	27	37	17	17	28	47	20	22	23	44	44	13	22	10	14	28	15	41	38	46	35	35	27	22	28	11	18	44	27	34	41	27	19	31	35	42	34	39	25	32	35	48	13	35	17	42	42	26	40	23	34	29	33	23	10	21	38	50	20	26	16	22	37	13	23	44	42	30	
0.5
70
