261
30
0	0	0	0	96	0	0	0	0	0	0	0	192	0	0	0	0	0	0	0	0	192	0	0	0	0	48	0	0	0	
0	0	0	0	0	0	192	96	0	0	0	0	0	0	0	0	0	500	0	0	0	0	0	0	0	0	0	0	0	0	
0	0	0	0	0	0	96	0	0	0	0	0	0	0	0	96	0	0	0	0	0	0	0	0	0	0	0	0	0	0	
0	0	0	0	0	0	0	0	96	0	0	0	0	0	0	0	0	0	0	0	0	0	0	0	48	0	0	0	48	0	
96	0	0	0	0	0	0	0	0	0	0	0	500	0	0	0	0	0	0	0	0	0	0	0	0	0	0	0	0	0	
0	0	0	0	0	0	0	0	0	192	0	0	0	0	0	0	0	0	0	0	0	0	0	0	0	0	48	500	0	500	
0	192	96	0	0	0	0	0	0	0	0	0	0	0	0	0	0	0	0	0	0	0	0	0	0	0	0	0	0	0	
0	96	0	0	0	0	0	0	0	0	0	0	0	0	0	48	0	0	0	0	0	0	0	0	0	0	0	0	192	0	
0	0	0	96	0	0	0	0	0	0	0	0	0	0	0	0	0	192	0	0	0	0	0	0	192	0	0	0	0	0	
0	0	0	0	0	192	0	0	0	0	0	0	0	0	0	0	0	0	0	0	0	0	0	0	0	0	0	500	0	192	
0	0	0	0	0	0	0	0	0	0	0	0	0	0	192	0	0	0	0	0	0	0	0	192	0	0	0	0	0	0	
0	0	0	0	0	0	0	0	0	0	0	0	0	48	96	0	0	0	0	0	0	0	0	0	0	0	0	0	0	0	
192	0	0	0	500	0	0	0	0	0	0	0	0	0	0	0	0	0	0	0	0	192	0	0	0	0	0	0	0	0	
0	0	0	0	0	0	0	0	0	0	0	48	0	0	0	0	0	0	0	0	192	0	0	0	0	500	0	0	0	0	
0	0	0	0	0	0	0	0	0	0	192	96	0	0	0	0	0	0	0	0	0	0	0	192	0	500	0	0	0	0	
0	0	96	0	0	0	0	48	0	0	0	0	0	0	0	0	0	0	0	192	0	0	0	0	0	0	0	0	0	0	
0	0	0	0	0	0	0	0	0	0	0	0	0	0	0	0	0	0	500	0	0	0	500	0	0	0	0	0	0	0	
0	500	0	0	0	0	0	0	192	0	0	0	0	0	0	0	0	0	0	0	0	0	0	0	0	0	0	0	0	0	
0	0	0	0	0	0	0	0	0	0	0	0	0	0	0	0	500	0	0	0	48	96	192	0	0	0	0	500	0	0	
0	0	0	0	0	0	0	0	0	0	0	0	0	0	0	192	0	0	0	0	0	96	0	0	48	0	0	0	0	0	
0	0	0	0	0	0	0	0	0	0	0	0	0	192	0	0	0	0	48	0	0	0	0	0	0	0	0	0	0	0	
192	0	0	0	0	0	0	0	0	0	0	0	192	0	0	0	0	0	96	96	0	0	0	0	0	0	0	0	0	0	
0	0	0	0	0	0	0	0	0	0	0	0	0	0	0	0	500	0	192	0	0	0	0	0	0	0	0	0	0	0	
0	0	0	0	0	0	0	0	0	0	192	0	0	0	192	0	0	0	0	0	0	0	0	0	0	0	0	0	0	0	
0	0	0	48	0	0	0	0	192	0	0	0	0	0	0	0	0	0	0	48	0	0	0	0	0	0	0	0	0	0	
0	0	0	0	0	0	0	0	0	0	0	0	0	500	500	0	0	0	0	0	0	0	0	0	0	0	0	0	0	0	
48	0	0	0	0	48	0	0	0	0	0	0	0	0	0	0	0	0	0	0	0	0	0	0	0	0	0	0	0	0	
0	0	0	0	0	500	0	0	0	500	0	0	0	0	0	0	0	0	500	0	0	0	0	0	0	0	0	0	0	0	
0	0	0	48	0	0	0	192	0	0	0	0	0	0	0	0	0	0	0	0	0	0	0	0	0	0	0	0	0	0	
0	0	0	0	0	500	0	0	0	192	0	0	0	0	0	0	0	0	0	0	0	0	0	0	0	0	0	0	0	0	
5	9	2	29	12	7	8	13	27	13	22	12	8	28	24	22	2	27	29	14	25	23	0	29	11	20	27	16	21	25	9	12	8	26	0	9	10	12	5	18	8	29	3	18	17	9	0	0	8	24	3	23	2	21	1	2	12	24	17	26	9	4	25	15	25	0	2	8	28	22	25	14	12	6	18	6	20	25	23	3	14	15	29	12	18	3	17	22	15	26	20	27	18	12	21	16	27	9	20	4	22	28	21	16	3	16	3	15	4	3	9	1	12	16	0	29	15	5	17	24	6	28	12	19	13	16	23	17	8	13	15	11	2	8	15	10	21	25	25	15	23	17	24	2	21	2	17	12	3	22	27	20	3	6	29	10	24	18	9	16	16	29	23	23	22	14	12	3	8	7	23	15	18	2	7	28	28	8	14	15	27	20	2	19	15	14	8	13	10	1	13	23	7	11	28	24	10	2	18	3	18	26	1	5	23	21	14	5	19	6	10	15	9	19	1	21	5	28	9	24	9	21	19	28	29	6	12	22	26	15	1	9	1	26	27	2	1	28	22	15	11	23	10	11	18	7	20	27	15	20	7	26	17	14	18	11	8	4	20	17	22	
13	15	19	23	9	22	16	13	21	13	11	17	17	13	18	15	28	27	3	4	22	13	13	19	18	4	9	16	18	22	5	15	29	13	11	19	24	4	23	13	4	10	27	19	5	23	13	7	21	1	29	2	25	9	26	5	14	7	17	0	1	9	2	20	27	0	11	3	15	1	26	10	6	27	23	12	25	28	0	1	7	14	4	11	13	15	13	15	2	4	20	6	17	14	21	0	7	23	5	15	0	1	14	4	20	15	7	26	4	16	20	25	10	25	8	17	18	17	25	25	23	23	24	24	15	13	9	28	16	12	11	8	17	0	22	24	12	14	12	23	10	21	19	4	1	14	1	27	26	20	8	20	25	12	4	26	3	14	9	16	11	0	21	12	2	23	4	26	5	20	14	25	6	9	25	28	20	14	19	17	1	21	12	23	10	15	24	24	28	23	25	14	0	12	23	18	21	0	16	1	22	29	10	2	26	29	12	29	8	7	14	2	13	6	5	10	2	18	15	28	25	4	19	16	1	0	25	12	18	2	6	17	29	7	22	28	3	15	24	29	27	11	14	20	10	24	29	18	26	19	27	28	16	7	9	21	14	5	15	9	23	
36	33	23	26	25	22	20	38	31	40	20	38	36	28	22	30	36	30	34	25	28	21	35	20	35	34	30	24	27	34	30	31	24	28	28	22	32	38	22	39	25	23	28	24	33	25	23	35	38	38	22	21	22	20	24	33	32	38	40	22	30	20	28	36	37	26	40	20	25	34	40	39	21	29	31	20	29	24	35	32	29	23	21	35	33	31	23	27	33	39	36	34	26	39	39	34	27	23	20	36	27	25	29	25	32	25	22	38	39	25	34	31	28	21	30	22	29	36	35	22	24	23	20	37	28	24	30	38	22	32	20	30	28	34	38	32	37	20	29	30	33	31	30	40	20	26	21	37	26	36	37	38	27	22	23	29	29	40	34	32	29	38	24	27	24	37	33	31	23	23	39	34	34	37	34	39	22	21	23	22	31	32	32	38	22	22	37	29	29	31	21	28	27	33	21	23	29	25	36	40	32	35	37	21	20	30	28	26	39	21	21	32	30	33	23	39	36	26	22	22	37	28	34	33	37	34	35	20	33	25	23	38	35	31	39	25	40	26	22	20	30	20	22	30	39	35	21	30	34	28	22	27	21	40	22	30	38	28	22	21	40	
31	36	24	50	29	42	22	34	37	50	42	21	42	10	48	13	43	40	10	43	13	32	14	27	49	30	23	49	50	28	32	13	26	39	10	39	39	32	45	15	43	48	12	17	29	33	40	26	46	10	16	22	16	23	46	29	14	18	43	15	41	30	20	16	11	47	37	33	34	35	50	16	47	40	36	35	14	41	42	11	30	11	35	47	41	27	18	37	47	50	38	45	44	49	14	15	39	20	18	42	46	20	24	39	18	42	38	45	16	45	38	26	35	28	20	33	49	47	37	18	19	44	43	43	27	25	41	46	28	35	18	12	14	14	41	36	30	33	23	32	45	20	33	24	31	20	37	20	48	36	15	31	29	36	34	18	43	14	45	37	38	43	23	41	11	27	46	50	20	38	47	45	20	18	33	39	19	40	41	26	17	44	10	21	38	26	37	29	41	17	20	45	28	14	18	16	24	43	25	33	39	18	15	22	33	32	34	24	18	22	48	37	22	47	48	47	48	50	46	21	42	38	24	39	10	45	39	46	36	14	11	27	47	16	10	20	44	24	29	29	30	19	43	20	16	16	50	27	35	17	46	35	14	37	19	46	16	35	28	18	34	
10
60
