348
30
0	0	0	0	0	0	0	0	0	0	0	0	0	0	0	48	0	0	0	96	0	0	0	0	0	0	0	0	0	0	
0	0	0	96	0	0	0	0	0	0	0	48	0	0	0	0	0	0	0	0	0	0	0	0	0	0	96	0	0	96	
0	0	0	0	0	0	0	0	0	192	0	0	0	500	0	0	0	0	0	0	0	0	0	0	0	0	0	0	192	0	
0	96	0	0	0	0	0	0	0	0	0	96	0	0	0	0	0	0	0	0	0	0	0	0	0	0	0	0	0	0	
0	0	0	0	0	0	0	0	0	0	0	0	0	0	0	96	0	0	0	0	0	0	192	0	0	0	0	0	0	0	
0	0	0	0	0	0	0	0	0	0	0	0	0	0	0	0	0	0	0	500	0	48	48	0	0	0	0	0	0	0	
0	0	0	0	0	0	0	0	0	0	0	0	0	0	0	0	96	0	0	0	48	0	0	0	0	0	0	0	0	0	
0	0	0	0	0	0	0	0	0	0	96	0	0	0	0	0	0	0	96	192	96	0	0	0	0	0	0	0	0	0	
0	0	0	0	0	0	0	0	0	0	0	0	500	0	48	0	0	0	0	0	0	0	0	0	0	0	0	0	0	0	
0	0	192	0	0	0	0	0	0	0	0	0	0	48	0	0	0	0	0	0	0	0	0	0	0	0	0	0	0	0	
0	0	0	0	0	0	0	96	0	0	0	0	0	0	0	0	48	0	0	0	0	0	0	0	0	0	0	48	0	0	
0	48	0	96	0	0	0	0	0	0	0	0	0	0	0	0	0	0	0	0	0	0	0	0	0	0	48	0	0	0	
0	0	0	0	0	0	0	0	500	0	0	0	0	0	0	0	0	500	0	0	0	0	0	0	0	0	0	0	0	0	
0	0	500	0	0	0	0	0	0	48	0	0	0	0	0	0	0	0	0	0	0	0	0	0	0	0	0	0	0	0	
0	0	0	0	0	0	0	0	48	0	0	0	0	0	0	0	0	96	0	0	0	0	0	0	0	0	0	48	0	48	
48	0	0	0	96	0	0	0	0	0	0	0	0	0	0	0	0	0	0	0	0	0	0	0	0	0	0	0	0	0	
0	0	0	0	0	0	96	0	0	0	48	0	0	0	0	0	0	0	0	0	0	0	0	0	0	0	0	0	0	0	
0	0	0	0	0	0	0	0	0	0	0	0	500	0	96	0	0	0	500	0	0	0	0	0	0	0	0	48	0	0	
0	0	0	0	0	0	0	96	0	0	0	0	0	0	0	0	0	500	0	0	0	0	0	0	0	0	0	48	0	0	
96	0	0	0	0	500	0	192	0	0	0	0	0	0	0	0	0	0	0	0	0	0	0	0	0	0	0	0	0	0	
0	0	0	0	0	0	48	96	0	0	0	0	0	0	0	0	0	0	0	0	0	0	0	0	0	0	0	0	0	0	
0	0	0	0	0	48	0	0	0	0	0	0	0	0	0	0	0	0	0	0	0	0	0	0	500	0	0	0	0	0	
0	0	0	0	192	48	0	0	0	0	0	0	0	0	0	0	0	0	0	0	0	0	0	0	0	0	0	0	0	0	
0	0	0	0	0	0	0	0	0	0	0	0	0	0	0	0	0	0	0	0	0	0	0	0	96	48	0	0	0	0	
0	0	0	0	0	0	0	0	0	0	0	0	0	0	0	0	0	0	0	0	0	500	0	96	0	0	0	0	0	0	
0	0	0	0	0	0	0	0	0	0	0	0	0	0	0	0	0	0	0	0	0	0	0	48	0	0	0	0	192	500	
0	96	0	0	0	0	0	0	0	0	0	48	0	0	0	0	0	0	0	0	0	0	0	0	0	0	0	0	0	0	
0	0	0	0	0	0	0	0	0	0	48	0	0	0	48	0	0	48	48	0	0	0	0	0	0	0	0	0	0	0	
0	0	192	0	0	0	0	0	0	0	0	0	0	0	0	0	0	0	0	0	0	0	0	0	0	192	0	0	0	96	
0	96	0	0	0	0	0	0	0	0	0	0	0	0	48	0	0	0	0	0	0	0	0	0	0	500	0	0	96	0	
20	23	4	4	7	23	15	5	15	19	9	13	2	14	16	12	18	18	0	27	26	5	16	0	23	10	16	10	8	15	10	18	18	11	19	29	11	1	1	8	15	4	28	1	5	17	28	5	10	2	24	6	17	12	17	16	23	23	24	21	22	1	6	5	0	5	0	10	0	6	27	10	21	18	6	4	24	12	0	2	9	26	22	8	3	15	17	17	27	17	14	14	9	16	13	29	4	29	8	21	10	8	3	8	8	16	21	10	25	13	10	9	5	2	10	15	5	24	2	22	18	15	6	25	27	29	18	12	18	7	7	27	26	23	15	26	4	0	15	1	16	13	7	7	13	11	5	8	15	8	12	21	19	1	14	11	14	20	21	2	6	1	15	10	28	5	3	26	15	21	21	3	23	21	0	13	29	9	26	13	8	18	27	17	10	28	12	21	6	10	3	19	8	9	18	17	23	22	9	16	16	19	23	28	24	5	7	11	22	26	27	11	11	12	3	22	6	14	9	15	9	15	18	14	10	25	26	24	25	22	3	9	7	17	18	4	15	26	15	26	20	24	11	14	2	18	10	24	13	12	28	25	13	5	17	27	17	3	2	12	2	27	3	10	15	23	22	3	3	3	10	1	15	11	27	27	8	0	28	5	22	28	21	27	2	24	22	11	10	5	26	29	5	24	3	21	24	22	7	21	17	16	1	24	11	25	29	14	4	2	13	29	7	11	18	23	3	5	6	6	13	21	23	27	16	25	12	10	16	13	13	10	1	22	22	15	8	20	28	10	20	10	5	24	5	13	7	11	
1	6	20	4	19	12	5	12	22	29	6	17	24	20	8	24	9	9	8	13	7	6	29	8	1	16	2	18	3	23	28	26	4	18	22	16	6	22	10	28	26	21	11	23	26	28	19	6	1	19	29	11	23	24	26	26	17	8	1	8	13	28	24	25	13	24	0	15	13	19	7	27	10	8	6	16	25	25	3	3	8	28	7	16	12	7	10	13	2	0	18	22	4	21	8	10	16	4	14	10	28	10	8	26	20	28	1	22	4	11	21	20	28	28	4	16	24	0	5	4	14	12	1	16	20	18	5	17	4	23	22	7	29	3	5	23	7	27	5	15	15	0	9	21	13	11	6	16	27	23	5	23	21	29	27	18	14	25	17	24	6	28	24	23	26	5	16	13	28	4	25	13	17	22	20	25	29	8	7	10	11	25	4	29	21	0	0	22	12	6	1	29	18	13	7	23	19	8	3	14	15	21	13	12	29	17	10	20	28	9	9	9	4	29	18	11	26	5	4	26	5	11	17	5	1	29	26	5	26	26	0	0	24	9	22	0	29	29	19	18	15	7	27	17	26	17	27	1	5	7	11	16	29	4	22	29	14	7	21	24	25	6	21	11	25	20	29	11	28	28	2	29	12	24	5	0	23	20	9	26	14	29	8	27	7	5	19	9	15	9	18	15	4	2	10	28	7	24	16	3	2	6	15	19	8	0	26	7	29	0	4	23	22	1	25	18	25	24	22	29	3	26	9	28	15	5	11	3	27	5	6	1	0	23	21	22	1	25	16	2	28	10	29	0	11	23	11	5	
28	24	24	29	31	32	28	32	31	28	24	40	21	30	23	40	25	22	35	24	24	36	31	30	27	25	25	24	38	31	38	27	26	25	21	20	27	22	39	20	26	39	24	31	22	31	24	30	25	25	34	36	20	28	37	20	34	21	27	34	25	27	33	32	32	31	22	27	38	39	31	21	24	36	33	20	38	26	40	25	37	20	33	35	23	21	39	21	30	23	20	24	39	40	27	40	24	21	30	37	38	24	24	34	26	20	22	32	25	27	20	33	35	26	28	23	34	33	34	33	34	38	39	30	35	34	21	31	26	29	21	22	25	23	32	35	32	28	36	26	34	26	21	23	24	20	33	30	23	22	38	36	20	36	22	34	23	28	28	35	21	23	32	27	36	30	35	26	36	32	22	32	40	28	29	23	35	22	38	32	36	40	29	26	28	21	25	35	29	28	23	27	26	32	28	34	26	27	26	35	35	29	25	30	34	37	30	23	31	22	26	20	32	32	31	33	27	21	34	31	34	32	37	29	37	24	37	30	29	29	33	39	26	40	24	37	32	26	31	23	28	27	36	33	32	38	33	24	25	40	35	29	30	38	32	21	32	20	37	24	39	31	20	29	26	29	32	20	40	33	39	39	24	27	35	38	24	27	30	21	36	27	35	32	32	31	26	29	33	38	30	37	33	35	38	23	27	20	28	22	24	24	27	24	34	29	24	24	25	39	37	32	26	39	20	26	37	30	36	23	23	36	28	25	27	24	38	31	22	27	28	31	33	30	23	23	37	36	35	32	26	32	32	26	35	30	38	30	
14	25	36	19	17	31	49	22	14	25	33	20	11	41	15	10	22	32	13	17	36	33	15	19	39	25	47	40	48	31	41	17	22	50	17	45	49	50	45	45	11	25	24	19	34	13	26	19	12	26	32	48	10	15	16	31	11	20	26	18	35	27	44	33	12	38	30	20	10	10	17	16	42	14	14	29	21	24	45	39	21	50	24	37	40	20	40	32	13	37	17	23	48	22	20	12	10	25	14	19	38	12	50	36	11	26	36	43	37	12	41	23	27	16	38	34	37	11	48	34	14	44	37	18	13	11	19	36	43	43	42	43	14	40	39	41	15	22	36	13	28	35	24	44	22	14	12	33	36	20	16	31	16	36	48	26	24	35	41	27	21	15	42	46	28	22	26	41	50	18	15	23	27	28	36	32	34	23	20	27	44	32	28	14	45	22	17	10	39	39	25	50	44	12	32	20	11	18	21	29	17	42	15	34	21	11	46	21	15	19	32	19	25	35	45	27	36	10	37	43	29	41	43	33	24	39	47	17	42	44	25	39	34	22	46	30	25	32	14	36	13	19	15	41	45	28	43	23	24	38	37	15	43	50	25	44	28	46	14	11	11	28	15	41	28	15	36	22	44	38	42	47	33	34	21	46	48	38	15	34	35	23	48	31	43	11	29	11	41	28	24	24	50	48	26	10	50	50	36	35	43	36	38	47	18	49	19	45	10	33	22	22	13	33	50	13	37	16	49	40	48	35	48	30	28	20	26	39	28	11	38	30	27	14	22	29	25	40	42	14	15	48	31	31	34	45	10	34	
15
80
