391
30
0	0	0	48	0	0	0	0	0	0	0	0	0	0	0	0	0	0	0	0	48	0	0	0	0	0	0	192	0	0	
0	0	0	0	0	0	0	500	0	0	0	0	0	0	0	0	0	0	0	0	0	0	0	0	0	0	500	0	0	0	
0	0	0	0	0	0	0	0	0	0	0	0	0	0	0	0	0	48	0	0	0	0	0	192	0	0	0	0	0	0	
48	0	0	0	0	0	0	0	0	0	0	500	0	0	0	0	0	0	0	0	0	0	0	0	0	0	0	0	0	0	
0	0	0	0	0	0	0	0	0	96	0	0	0	0	0	0	0	0	0	0	0	0	0	0	0	500	0	0	0	0	
0	0	0	0	0	0	0	0	0	0	0	500	0	0	0	0	0	0	0	0	0	0	0	0	0	0	48	0	0	0	
0	0	0	0	0	0	0	0	0	0	0	0	0	0	0	0	0	96	192	0	0	0	0	192	0	0	0	0	0	0	
0	500	0	0	0	0	0	0	0	0	96	0	0	0	0	0	0	0	0	0	0	0	0	0	0	0	0	0	0	0	
0	0	0	0	0	0	0	0	0	0	0	0	0	0	0	192	0	0	500	0	0	0	0	0	0	0	0	0	0	0	
0	0	0	0	96	0	0	0	0	0	0	0	0	0	0	0	0	0	0	0	0	0	0	0	0	96	0	0	0	0	
0	0	0	0	0	0	0	96	0	0	0	0	0	48	0	0	0	0	0	0	0	0	0	0	0	0	0	0	0	0	
0	0	0	500	0	500	0	0	0	0	0	0	0	0	0	0	0	0	0	0	0	0	0	0	0	0	0	0	0	0	
0	0	0	0	0	0	0	0	0	0	0	0	0	0	192	0	0	0	0	0	0	0	0	0	192	0	0	0	96	48	
0	0	0	0	0	0	0	0	0	0	48	0	0	0	0	0	0	0	0	500	0	0	0	0	0	0	0	0	0	0	
0	0	0	0	0	0	0	0	0	0	0	0	192	0	0	0	0	0	0	0	0	0	0	0	0	0	0	96	0	48	
0	0	0	0	0	0	0	0	192	0	0	0	0	0	0	0	0	0	0	0	0	192	0	0	0	0	0	0	0	0	
0	0	0	0	0	0	0	0	0	0	0	0	0	0	0	0	0	0	0	500	0	0	0	0	0	96	0	0	0	0	
0	0	48	0	0	0	96	0	0	0	0	0	0	0	0	0	0	0	192	0	0	0	0	0	0	0	0	0	0	0	
0	0	0	0	0	0	192	0	500	0	0	0	0	0	0	0	0	192	0	0	0	0	0	0	0	0	0	0	0	0	
0	0	0	0	0	0	0	0	0	0	0	0	0	500	0	0	500	0	0	0	0	0	0	0	0	0	0	0	0	96	
48	0	0	0	0	0	0	0	0	0	0	0	0	0	0	0	0	0	0	0	0	500	0	0	0	0	0	0	0	0	
0	0	0	0	0	0	0	0	0	0	0	0	0	0	0	192	0	0	0	0	500	0	500	0	0	0	0	0	0	0	
0	0	0	0	0	0	0	0	0	0	0	0	0	0	0	0	0	0	0	0	0	500	0	0	0	0	500	0	0	0	
0	0	192	0	0	0	192	0	0	0	0	0	0	0	0	0	0	0	0	0	0	0	0	0	0	0	0	192	0	0	
0	0	0	0	0	0	0	0	0	0	0	0	192	0	0	0	0	0	0	0	0	0	0	0	0	0	96	0	192	0	
0	0	0	0	500	0	0	0	0	96	0	0	0	0	0	0	96	0	0	0	0	0	0	0	0	0	0	0	0	0	
0	500	0	0	0	48	0	0	0	0	0	0	0	0	0	0	0	0	0	0	0	0	500	0	96	0	0	0	0	0	
192	0	0	0	0	0	0	0	0	0	0	0	0	0	96	0	0	0	0	0	0	0	0	192	0	0	0	0	0	0	
0	0	0	0	0	0	0	0	0	0	0	0	96	0	0	0	0	0	0	0	0	0	0	0	192	0	0	0	0	0	
0	0	0	0	0	0	0	0	0	0	0	0	48	0	48	0	0	0	0	96	0	0	0	0	0	0	0	0	0	0	
9	1	24	3	27	9	9	5	24	9	1	2	8	11	8	27	2	6	2	1	17	14	12	9	1	11	7	11	29	13	6	3	29	24	0	0	18	29	2	6	19	29	0	26	12	8	8	7	13	27	2	12	11	18	15	20	13	27	28	14	23	29	21	21	2	27	22	16	3	21	2	12	7	7	16	16	8	18	4	14	16	5	24	7	12	28	20	27	27	2	18	28	5	23	1	13	21	18	26	1	0	13	11	25	16	13	20	10	29	18	2	23	24	0	8	25	24	27	4	0	5	27	10	19	26	25	22	17	26	17	19	4	23	20	0	11	20	22	22	6	12	28	28	12	11	4	23	24	15	6	13	4	25	16	2	5	8	4	26	23	28	10	2	3	0	26	7	10	9	17	7	20	23	3	6	0	14	15	3	13	5	3	10	20	11	22	19	26	9	12	13	4	9	17	7	3	12	23	25	17	3	22	29	4	29	26	6	27	5	11	8	20	28	16	5	26	3	21	18	18	11	17	7	13	27	24	26	28	12	17	4	14	14	20	14	4	11	19	28	29	5	20	18	2	21	1	21	20	23	21	13	13	26	26	16	18	3	13	25	23	18	8	4	10	11	10	0	18	13	5	14	24	5	12	3	29	28	22	13	10	7	21	21	15	7	9	12	14	11	29	11	4	14	2	20	9	26	22	10	16	2	21	24	22	15	0	17	20	0	21	29	23	13	11	7	4	18	25	3	2	18	13	29	4	18	29	6	21	20	17	24	26	19	27	29	19	26	0	16	11	25	2	24	10	15	14	7	20	4	20	13	2	28	29	7	27	22	5	9	26	13	16	13	4	18	16	10	18	28	3	16	11	25	27	6	17	27	6	16	29	7	24	20	16	0	11	5	16	6	4	15	
2	9	22	10	8	15	13	14	19	11	7	11	7	12	20	17	27	6	9	9	7	17	15	2	17	8	14	11	0	13	12	24	18	2	14	12	6	25	13	8	23	10	8	6	1	28	5	8	10	19	19	16	25	11	6	28	14	23	16	14	13	25	1	8	16	21	24	3	20	14	9	2	21	24	5	15	26	13	17	29	18	10	11	29	26	21	28	17	13	10	1	12	0	27	15	27	17	4	27	4	14	8	19	3	28	25	16	29	16	7	21	25	7	23	7	26	18	9	11	27	6	15	3	11	17	20	28	13	28	12	5	13	3	9	26	26	0	9	25	11	1	20	9	1	23	3	10	4	10	24	18	19	16	11	26	3	10	29	0	10	15	24	22	21	25	26	27	15	27	8	26	25	27	2	5	3	7	26	9	15	8	25	3	1	0	17	0	8	11	20	25	16	29	14	9	20	6	11	10	16	5	24	11	27	4	15	9	6	25	28	24	4	29	4	29	8	2	3	11	26	5	9	17	15	3	7	20	25	5	25	10	25	24	15	12	13	8	17	7	23	12	12	0	9	14	10	18	24	24	11	27	17	21	0	18	13	29	26	16	24	10	4	2	13	18	21	20	7	25	10	29	2	28	16	15	5	7	24	12	3	12	19	6	3	25	9	10	24	2	1	9	18	28	2	12	1	9	14	2	13	17	12	10	7	13	29	20	13	25	16	15	3	13	17	6	20	15	10	27	25	11	23	25	5	7	28	29	1	21	12	6	9	8	26	29	2	21	15	7	3	0	5	17	0	6	27	1	14	9	11	29	28	22	20	25	29	22	20	22	28	1	25	0	29	6	0	2	14	1	22	9	26	17	24	13	23	27	8	17	29	5	2	20	10	26	23	19	7	7	23	15	
39	37	29	32	39	28	37	35	26	36	21	27	31	25	38	20	34	40	24	20	30	26	39	31	21	29	24	20	37	37	25	27	38	22	39	33	23	23	40	23	25	28	28	26	33	34	35	21	28	35	33	40	27	27	28	33	37	39	21	21	32	36	31	21	25	31	37	31	21	22	28	33	32	36	30	22	32	27	31	29	33	26	37	27	28	36	34	28	31	32	26	35	26	38	25	35	35	31	37	30	39	33	35	25	23	28	38	40	40	21	32	37	21	27	30	31	29	37	21	34	20	24	31	36	29	27	35	24	38	21	32	20	38	36	27	27	34	30	25	27	28	20	30	40	39	32	29	39	32	40	29	36	28	37	21	29	22	26	39	21	22	26	20	26	39	34	37	26	20	25	24	27	24	23	20	38	22	34	37	37	25	31	38	23	21	24	22	25	23	28	36	28	38	29	28	20	32	31	36	38	24	26	21	38	20	26	20	27	35	23	29	35	33	27	34	35	26	39	29	38	34	35	25	26	27	29	36	24	35	25	31	34	37	22	22	36	36	20	36	34	33	31	34	40	31	32	21	27	22	31	31	40	23	39	21	22	27	22	34	32	22	35	22	38	26	31	33	20	38	38	40	39	39	35	22	39	21	25	40	39	21	37	36	40	21	32	28	24	31	20	23	37	22	22	35	29	22	24	40	26	22	20	38	37	34	24	22	32	33	21	37	26	23	24	23	38	30	29	32	39	30	27	30	27	33	34	33	36	27	40	34	22	39	22	22	37	37	33	25	22	37	20	36	28	39	21	39	29	31	31	40	35	20	34	32	32	36	40	32	25	22	34	22	35	22	26	26	37	27	22	23	30	34	39	25	29	38	27	26	34	29	40	22	40	23	32	30	37	21	38	36	
23	13	43	26	28	21	11	14	47	14	38	11	34	49	18	13	47	50	49	24	36	36	39	33	41	37	47	34	27	50	46	18	31	32	24	29	16	19	47	29	34	15	29	40	20	34	48	41	16	16	13	19	46	47	10	12	41	30	40	32	25	28	44	41	42	26	32	43	31	14	23	41	15	13	36	48	15	21	50	43	28	26	29	37	47	48	12	34	19	47	31	20	40	21	35	16	47	41	42	39	44	44	20	31	46	15	14	16	48	48	25	24	17	37	12	48	14	38	25	10	38	37	41	19	36	48	40	46	42	35	25	18	29	24	27	21	19	16	26	16	38	40	32	16	18	44	23	12	42	21	46	32	21	14	26	30	50	42	34	32	50	45	21	24	32	33	43	42	19	14	30	30	20	33	40	39	24	13	30	13	13	46	25	29	14	15	18	47	41	49	29	45	44	45	17	15	35	45	14	25	29	24	13	37	42	43	17	34	29	33	12	43	31	26	41	16	48	39	46	36	37	18	23	16	21	32	12	36	44	16	44	43	14	34	15	10	11	17	23	14	26	17	48	49	12	41	42	31	39	49	26	44	20	36	46	48	11	44	36	36	39	25	18	25	27	18	17	21	16	44	26	20	42	45	47	36	28	25	49	39	50	12	20	28	36	26	14	19	20	46	37	46	17	37	46	35	33	46	24	10	19	37	46	22	26	10	38	36	42	46	27	38	36	47	35	32	35	28	39	46	12	43	13	29	42	49	36	22	24	10	18	40	45	12	30	43	26	30	18	37	20	39	49	31	29	27	19	48	45	47	28	46	10	34	26	25	37	35	18	49	26	30	27	43	47	39	19	24	45	22	19	13	16	31	12	19	25	10	34	15	16	48	20	41	10	15	42	47	25	24	32	
0.5
90
