348
30
0	0	0	0	96	0	0	0	0	0	0	500	0	0	0	0	48	0	0	0	0	0	0	0	0	0	0	0	0	48	
0	0	0	0	0	0	0	0	0	0	0	0	0	0	0	0	0	0	0	0	0	192	96	0	0	0	0	0	0	0	
0	0	0	0	0	0	0	500	0	0	0	0	0	0	0	96	0	0	0	0	0	0	0	0	0	0	0	0	0	0	
0	0	0	0	0	0	192	0	0	0	0	0	0	0	0	0	0	0	0	500	0	0	0	0	0	0	192	0	0	0	
96	0	0	0	0	0	0	0	0	0	0	0	0	0	0	0	500	0	0	0	0	0	0	0	0	0	0	0	0	0	
0	0	0	0	0	0	0	0	0	0	0	500	48	0	0	500	0	0	0	0	0	0	0	0	0	0	0	0	96	0	
0	0	0	192	0	0	0	0	0	0	0	0	0	0	0	0	0	0	0	500	0	0	0	0	0	0	500	0	0	0	
0	0	500	0	0	0	0	0	0	0	0	0	0	0	0	192	0	0	0	0	0	0	0	0	0	0	0	0	0	0	
0	0	0	0	0	0	0	0	0	0	0	0	0	96	0	0	0	0	0	96	0	0	0	0	0	0	0	0	0	0	
0	0	0	0	0	0	0	0	0	0	0	0	192	0	0	0	0	0	0	0	0	0	0	0	192	0	0	0	0	0	
0	0	0	0	0	0	0	0	0	0	0	0	0	48	0	0	0	0	0	0	0	48	96	96	0	0	0	0	0	0	
500	0	0	0	0	500	0	0	0	0	0	0	0	0	0	0	0	0	0	0	0	0	0	0	0	0	0	0	500	192	
0	0	0	0	0	48	0	0	0	192	0	0	0	0	0	0	0	0	0	0	0	0	0	0	0	0	0	0	0	0	
0	0	0	0	0	0	0	0	96	0	48	0	0	0	0	0	0	192	0	0	0	0	0	0	0	0	0	0	0	0	
0	0	0	0	0	0	0	0	0	0	0	0	0	0	0	0	0	0	0	0	500	0	0	0	0	192	0	0	0	0	
0	0	96	0	0	500	0	192	0	0	0	0	0	0	0	0	0	0	0	0	0	0	0	0	0	0	0	0	0	0	
48	0	0	0	500	0	0	0	0	0	0	0	0	0	0	0	0	0	0	0	0	0	0	0	0	0	0	0	0	0	
0	0	0	0	0	0	0	0	0	0	0	0	0	192	0	0	0	0	0	0	0	0	0	48	0	0	0	0	0	0	
0	0	0	0	0	0	0	0	0	0	0	0	0	0	0	0	0	0	0	0	500	0	0	500	0	48	0	48	0	0	
0	0	0	500	0	0	500	0	96	0	0	0	0	0	0	0	0	0	0	0	0	0	0	0	0	0	0	0	0	0	
0	0	0	0	0	0	0	0	0	0	0	0	0	0	500	0	0	0	500	0	0	0	0	0	0	192	0	500	0	0	
0	192	0	0	0	0	0	0	0	0	48	0	0	0	0	0	0	0	0	0	0	0	0	0	0	0	0	0	0	0	
0	96	0	0	0	0	0	0	0	0	96	0	0	0	0	0	0	0	0	0	0	0	0	0	0	0	0	0	0	0	
0	0	0	0	0	0	0	0	0	0	96	0	0	0	0	0	0	48	500	0	0	0	0	0	0	0	0	0	0	0	
0	0	0	0	0	0	0	0	0	192	0	0	0	0	0	0	0	0	0	0	0	0	0	0	0	0	0	48	192	0	
0	0	0	0	0	0	0	0	0	0	0	0	0	0	192	0	0	0	48	0	192	0	0	0	0	0	0	0	0	0	
0	0	0	192	0	0	500	0	0	0	0	0	0	0	0	0	0	0	0	0	0	0	0	0	0	0	0	0	0	0	
0	0	0	0	0	0	0	0	0	0	0	0	0	0	0	0	0	0	48	0	500	0	0	0	48	0	0	0	0	0	
0	0	0	0	0	96	0	0	0	0	0	500	0	0	0	0	0	0	0	0	0	0	0	0	192	0	0	0	0	0	
48	0	0	0	0	0	0	0	0	0	0	192	0	0	0	0	0	0	0	0	0	0	0	0	0	0	0	0	0	0	
22	0	24	21	26	18	9	12	15	21	25	22	6	3	15	1	4	7	28	20	10	11	20	0	29	2	7	21	18	20	11	25	16	23	18	24	0	15	16	7	9	10	4	19	14	18	26	15	20	1	7	9	4	26	19	19	2	24	21	24	27	17	21	17	29	7	10	29	29	26	0	0	20	13	16	10	25	25	0	27	4	25	24	26	14	15	10	28	29	15	25	3	20	20	16	8	17	8	11	26	9	7	11	3	12	16	29	23	4	18	3	15	8	1	29	10	16	3	11	26	2	17	11	1	15	0	15	4	11	0	11	24	10	23	17	17	17	24	11	7	25	3	18	23	27	21	29	12	22	23	14	5	17	10	14	18	21	21	10	13	7	1	24	29	26	2	16	13	29	18	20	29	9	18	11	7	25	15	7	26	8	5	23	17	26	28	15	16	15	19	28	27	20	15	24	19	5	0	28	11	12	8	16	27	24	17	11	17	5	16	27	13	15	4	22	1	13	28	22	17	1	20	28	8	22	14	17	8	17	6	13	4	12	5	19	3	20	0	16	25	3	11	20	10	8	8	15	3	4	8	15	21	10	12	18	8	29	18	0	26	9	0	7	22	23	14	28	29	13	10	8	22	0	28	7	25	23	20	24	0	21	23	2	20	19	21	9	27	12	29	17	13	1	15	22	20	25	21	9	24	20	6	16	29	13	1	14	4	12	0	15	28	8	9	24	27	10	13	29	27	27	29	5	14	22	3	26	26	27	23	13	3	19	12	6	18	12	10	2	23	19	11	2	12	9	14	26	0	
7	25	23	25	6	21	9	21	5	20	24	7	11	25	22	28	14	0	19	29	22	2	7	12	0	8	18	5	4	0	1	10	13	22	4	12	28	29	20	2	6	26	21	13	18	5	20	18	25	15	25	28	0	7	10	3	10	29	23	21	14	7	18	20	9	11	27	29	14	11	18	25	1	13	1	20	17	0	24	0	24	17	4	2	26	13	19	14	12	24	25	20	17	12	14	9	19	20	14	26	24	7	9	3	23	15	29	14	2	29	2	0	19	27	0	27	19	18	3	19	0	15	16	11	9	28	3	23	17	16	11	25	3	8	1	4	14	22	9	11	1	24	29	24	7	3	5	29	27	4	19	25	7	28	11	16	14	23	29	10	28	19	16	14	29	5	22	22	0	16	22	27	6	3	22	8	20	18	25	2	7	21	17	25	8	9	0	0	14	1	24	24	9	11	7	0	7	0	4	6	29	25	13	26	1	2	9	18	2	2	8	14	9	21	23	29	11	6	28	24	11	12	1	13	24	11	26	14	7	23	7	0	21	1	6	23	16	18	5	28	15	6	12	29	12	24	1	22	6	3	11	20	23	17	6	1	24	3	15	6	2	24	29	29	24	16	14	28	11	2	16	6	25	10	29	3	12	20	1	6	9	27	9	6	16	26	0	12	2	6	8	12	18	24	2	27	25	8	28	4	10	6	13	15	20	27	21	5	18	21	9	10	23	29	7	4	22	8	27	24	16	2	20	14	6	14	9	17	22	11	4	19	17	11	8	4	11	26	2	27	28	8	15	0	1	23	25	23	
30	40	38	20	40	31	26	34	38	26	40	21	35	24	25	32	25	37	27	29	27	26	40	24	27	40	27	24	37	37	30	38	30	33	31	32	33	28	27	21	39	36	20	23	26	34	26	33	38	33	26	39	25	39	39	34	35	37	21	36	37	22	28	24	34	23	37	36	37	34	27	23	39	31	39	40	33	33	35	32	33	39	20	23	24	24	26	30	29	40	33	36	27	28	26	29	21	39	33	29	39	20	34	21	23	32	21	23	33	25	35	27	33	35	26	34	31	21	27	29	21	30	32	26	36	31	27	20	25	39	22	24	32	36	23	31	26	22	33	25	28	23	22	37	28	33	32	29	32	32	36	30	40	22	33	23	27	38	20	34	33	33	33	34	35	37	26	34	28	40	29	36	21	31	34	32	28	30	29	33	31	37	21	32	28	22	20	39	29	30	37	22	37	28	30	40	20	23	25	36	27	21	26	20	30	33	33	37	36	38	27	37	25	40	37	23	35	29	32	24	34	35	30	29	37	34	29	29	37	23	31	35	37	23	28	38	29	20	28	22	20	37	28	39	39	26	28	31	31	28	21	37	21	29	26	28	25	24	25	32	29	24	32	20	38	30	23	38	36	39	36	35	34	25	21	37	22	39	20	34	31	34	27	36	24	32	33	32	22	34	37	33	36	36	24	28	28	24	36	26	20	39	27	37	35	22	31	30	34	38	22	20	29	36	23	38	30	25	20	33	28	25	39	32	38	33	39	32	21	29	21	34	25	25	23	21	38	33	25	35	37	40	39	38	22	33	35	21	
47	23	39	31	26	34	29	30	46	16	36	15	49	14	50	27	49	39	40	21	28	50	32	50	11	45	19	20	11	44	47	44	34	16	45	16	50	50	33	15	15	27	18	35	32	16	28	48	21	24	38	45	19	10	48	31	27	32	31	30	44	37	22	13	43	37	29	13	22	31	47	31	33	19	27	33	22	11	25	48	30	19	42	30	17	49	26	47	12	25	24	16	22	37	33	26	34	41	27	50	42	22	47	23	15	22	45	38	18	36	18	14	24	27	27	11	24	37	34	21	20	16	25	38	15	24	18	36	36	15	43	41	41	13	48	18	45	30	47	44	29	37	29	33	14	10	17	26	19	47	44	13	28	18	37	18	34	10	46	13	27	11	31	14	46	28	44	23	29	13	38	39	36	19	34	50	21	30	38	13	30	31	10	19	17	12	25	27	17	30	40	45	20	17	36	28	37	16	38	37	28	35	32	10	26	24	16	45	22	18	11	39	38	10	10	26	14	40	33	42	34	32	34	35	43	20	44	49	26	21	27	35	12	16	13	26	50	25	33	13	38	48	15	29	12	36	46	22	32	34	47	17	14	10	34	44	34	49	36	13	31	47	46	43	10	41	27	34	48	41	16	23	16	28	11	32	22	23	32	42	48	36	30	23	19	26	42	37	12	15	30	39	41	31	16	32	42	40	37	37	48	27	10	21	50	25	37	14	38	23	13	24	43	18	26	46	26	42	14	40	31	14	30	32	27	18	25	15	37	34	30	46	19	34	33	44	35	37	13	33	48	25	25	46	35	43	32	41	
20
80
