391
30
0	0	0	0	0	0	0	0	0	0	0	0	48	0	0	0	0	48	0	0	0	0	0	0	0	0	0	0	0	0	
0	0	0	0	0	0	0	0	500	0	0	0	0	0	0	0	0	0	0	500	0	0	0	0	0	0	0	0	0	0	
0	0	0	0	0	0	0	0	0	0	0	0	0	0	0	0	0	0	0	0	0	96	0	0	192	0	0	0	0	0	
0	0	0	0	0	0	0	0	48	0	0	0	0	0	0	0	500	0	0	0	0	0	0	0	0	0	0	0	0	0	
0	0	0	0	0	0	0	0	0	0	0	0	0	0	0	96	0	0	0	0	0	0	0	0	0	0	500	0	0	0	
0	0	0	0	0	0	0	500	0	500	0	192	0	0	0	0	0	0	0	0	0	0	0	0	0	0	0	0	48	0	
0	0	0	0	0	0	0	0	0	0	0	0	0	0	0	0	0	0	0	0	0	0	0	500	0	0	0	500	0	0	
0	0	0	0	0	500	0	0	0	0	0	96	0	0	0	0	0	0	0	0	0	0	0	0	0	0	0	0	500	0	
0	500	0	48	0	0	0	0	0	0	0	0	0	0	0	0	0	0	0	0	0	0	0	0	0	0	0	0	0	0	
0	0	0	0	0	500	0	0	0	0	0	0	0	0	0	0	0	0	0	0	0	0	0	0	0	0	96	0	0	0	
0	0	0	0	0	0	0	0	0	0	0	0	0	48	0	0	0	48	0	0	0	0	48	0	0	0	0	0	0	0	
0	0	0	0	0	192	0	96	0	0	0	0	0	0	0	0	0	0	0	0	0	0	0	0	0	0	0	0	0	0	
48	0	0	0	0	0	0	0	0	0	0	0	0	0	0	0	0	0	0	0	0	0	0	0	0	0	0	192	0	0	
0	0	0	0	0	0	0	0	0	0	48	0	0	0	0	0	0	0	0	0	0	0	0	0	0	96	0	0	0	0	
0	0	0	0	0	0	0	0	0	0	0	0	0	0	0	500	0	0	0	0	0	48	0	0	0	0	48	0	0	0	
0	0	0	0	96	0	0	0	0	0	0	0	0	0	500	0	0	0	0	0	0	0	0	0	0	0	0	0	0	0	
0	0	0	500	0	0	0	0	0	0	0	0	0	0	0	0	0	0	0	0	96	0	0	48	0	0	0	0	0	0	
48	0	0	0	0	0	0	0	0	0	48	0	0	0	0	0	0	0	0	0	0	0	0	0	0	0	0	0	0	0	
0	0	0	0	0	0	0	0	0	0	0	0	0	0	0	0	0	0	0	96	0	192	0	0	0	0	0	0	0	500	
0	500	0	0	0	0	0	0	0	0	0	0	0	0	0	0	0	0	96	0	0	0	0	0	0	0	0	0	0	500	
0	0	0	0	0	0	0	0	0	0	0	0	0	0	0	0	96	0	0	0	0	0	0	0	192	0	0	0	0	0	
0	0	96	0	0	0	0	0	0	0	0	0	0	0	48	0	0	0	192	0	0	0	0	0	0	0	0	0	0	0	
0	0	0	0	0	0	0	0	0	0	48	0	0	0	0	0	0	0	0	0	0	0	0	0	0	192	0	0	0	0	
0	0	0	0	0	0	500	0	0	0	0	0	0	0	0	0	48	0	0	0	0	0	0	0	0	0	0	0	0	0	
0	0	192	0	0	0	0	0	0	0	0	0	0	0	0	0	0	0	0	0	192	0	0	0	0	0	0	0	0	0	
0	0	0	0	0	0	0	0	0	0	0	0	0	96	0	0	0	0	0	0	0	0	192	0	0	0	0	0	0	0	
0	0	0	0	500	0	0	0	0	96	0	0	0	0	48	0	0	0	0	0	0	0	0	0	0	0	0	0	0	0	
0	0	0	0	0	0	500	0	0	0	0	0	192	0	0	0	0	0	0	0	0	0	0	0	0	0	0	0	0	0	
0	0	0	0	0	48	0	500	0	0	0	0	0	0	0	0	0	0	0	0	0	0	0	0	0	0	0	0	0	0	
0	0	0	0	0	0	0	0	0	0	0	0	0	0	0	0	0	0	500	500	0	0	0	0	0	0	0	0	0	0	
24	13	28	13	1	1	26	15	22	26	27	17	27	2	24	28	6	3	12	26	10	23	16	12	1	0	25	21	22	27	8	22	27	19	15	12	17	2	5	14	15	9	8	7	4	19	7	26	7	4	25	20	29	29	2	26	28	17	4	19	2	22	2	5	24	7	17	1	3	5	21	23	19	26	20	18	28	13	9	29	24	0	15	11	19	3	28	2	27	16	23	25	22	4	2	12	21	25	18	10	6	18	0	19	0	1	12	22	27	4	14	9	7	3	4	9	29	18	6	14	0	23	20	9	12	24	18	0	5	13	25	27	0	0	8	19	22	29	4	21	27	20	0	20	5	27	23	0	23	20	24	27	13	29	3	26	4	18	11	2	1	27	24	22	11	8	22	3	27	10	19	0	16	13	19	18	14	16	2	8	28	29	7	13	6	2	16	3	18	15	24	10	29	21	14	21	18	12	6	24	27	23	19	15	6	26	3	13	22	6	2	28	3	5	16	18	23	1	7	8	19	28	29	20	2	29	25	8	5	22	11	23	18	8	4	7	29	5	5	13	26	17	15	0	2	14	3	22	20	6	12	20	24	1	25	16	27	13	2	25	11	16	21	26	10	0	26	14	7	23	23	20	28	17	26	1	0	8	15	26	24	16	17	4	17	15	3	9	20	21	23	18	2	5	22	18	7	3	17	24	18	24	12	28	17	4	11	25	8	15	29	16	2	7	28	28	28	9	9	8	20	23	3	21	12	24	20	0	5	22	7	6	28	22	10	0	19	20	23	14	28	3	13	1	0	22	23	19	11	23	19	21	1	15	10	5	29	5	15	28	22	19	18	2	25	29	1	0	22	11	16	22	27	1	21	13	16	27	8	1	12	13	27	6	18	27	28	7	18	4	7	
29	11	26	19	4	12	22	19	7	15	29	29	0	3	2	8	3	20	25	9	3	12	8	14	29	11	20	1	17	21	9	23	21	14	20	6	18	2	19	16	17	28	8	18	27	14	16	24	21	17	17	9	7	11	10	2	9	19	19	12	20	15	25	14	24	21	10	11	16	27	20	10	19	21	24	9	15	21	16	9	19	7	15	24	20	29	19	2	18	17	26	24	16	4	7	14	11	26	14	28	12	3	25	3	4	29	3	22	22	6	17	19	23	20	3	20	10	27	15	12	23	3	3	17	20	16	24	16	12	3	17	8	16	20	6	29	22	22	13	14	21	23	26	5	17	2	6	7	19	13	20	2	8	22	20	17	18	29	10	26	16	14	12	0	28	17	15	8	17	28	10	2	20	2	17	13	11	5	2	24	7	16	5	8	14	29	9	12	25	19	3	15	27	12	17	28	12	22	9	10	17	25	26	6	14	3	18	2	4	21	7	9	24	19	10	0	0	6	18	5	8	8	19	17	13	10	9	14	6	20	5	1	13	18	1	4	9	24	3	20	1	26	24	9	14	8	28	6	18	6	1	20	23	2	0	3	16	2	12	4	20	25	17	29	15	23	27	16	8	29	1	26	20	20	21	26	5	4	15	4	19	21	14	16	1	1	6	1	18	22	11	17	8	29	10	14	6	9	22	7	3	14	13	28	1	9	23	12	9	12	17	14	22	28	25	11	6	11	1	28	17	4	24	4	26	17	23	4	6	4	2	16	13	18	27	23	6	16	16	21	24	26	20	22	19	17	8	15	29	2	1	4	25	28	6	19	20	1	18	17	13	8	13	3	20	18	19	21	5	23	17	19	17	7	9	26	13	3	29	24	6	9	22	6	24	12	3	13	8	4	4	
30	40	29	26	32	36	40	32	24	30	27	24	40	31	34	33	36	30	30	23	33	30	40	26	21	38	38	40	27	23	27	31	23	33	26	22	39	26	33	35	28	33	22	38	38	22	26	27	23	34	20	25	31	30	26	39	24	20	33	40	35	28	33	37	35	21	35	27	32	20	24	23	28	35	23	39	35	30	34	35	34	30	28	28	37	29	38	29	34	34	21	27	36	31	29	28	26	30	23	25	33	20	27	33	26	26	33	25	25	29	34	36	21	37	35	33	25	36	32	36	38	21	29	34	23	20	34	21	39	38	39	32	38	31	28	36	21	29	32	31	31	30	39	30	21	29	28	38	37	25	32	33	24	32	27	39	34	21	26	31	28	37	39	40	27	26	26	24	31	34	20	36	27	23	25	31	29	31	38	23	26	23	39	31	21	29	40	23	28	28	22	23	28	37	35	20	28	32	25	39	21	22	35	40	26	37	39	37	37	31	29	23	37	33	27	40	38	37	30	39	27	30	21	25	28	40	23	21	30	35	30	39	35	33	35	27	39	36	31	28	21	32	33	36	20	35	31	29	25	36	32	26	32	39	21	21	26	22	31	29	27	40	37	37	38	27	38	34	31	28	40	38	39	40	26	34	34	33	28	21	23	30	28	32	39	35	33	26	21	21	29	22	34	36	20	20	27	28	28	32	38	37	21	26	33	34	37	26	37	31	21	27	29	23	32	35	27	38	22	39	32	21	34	29	31	25	35	35	22	33	31	34	28	40	24	32	27	26	26	23	32	38	37	35	26	32	26	29	26	21	39	33	27	21	24	21	27	34	21	27	33	24	30	40	37	39	30	28	31	24	28	26	35	37	32	30	35	33	37	26	24	23	28	20	20	21	40	32	31	28	24	
15	11	47	42	20	50	24	34	45	10	28	27	47	45	42	36	42	48	38	48	15	23	23	26	34	15	17	13	15	30	35	43	28	32	16	24	41	43	20	38	40	15	12	14	44	20	20	39	48	16	29	16	46	39	12	20	12	41	20	17	46	31	14	24	22	15	37	50	19	27	10	12	43	31	15	26	39	50	14	34	33	31	14	38	30	22	33	45	19	40	47	41	50	42	47	39	17	37	33	33	37	19	21	18	34	14	25	24	46	16	19	42	33	46	19	19	29	50	23	19	37	16	21	35	31	48	41	34	16	29	23	50	26	41	30	42	48	16	18	36	43	13	15	31	26	32	42	29	37	34	20	32	27	37	33	38	40	11	22	31	39	18	35	41	40	38	44	14	24	25	50	43	26	18	38	41	16	50	19	29	25	11	50	35	41	34	17	20	49	19	20	40	41	50	33	47	39	13	49	45	47	43	50	23	15	12	43	22	24	30	36	48	14	36	19	33	11	34	23	10	20	24	29	17	42	36	27	35	37	45	23	23	15	34	44	36	12	13	40	22	13	48	23	24	48	11	46	21	20	49	47	20	15	23	47	37	45	22	22	37	44	14	43	50	45	35	38	13	40	34	34	44	34	28	24	18	15	23	28	36	41	35	35	27	28	18	41	24	29	12	38	11	32	38	25	32	26	48	20	23	10	38	12	33	50	46	28	41	43	27	41	47	43	27	24	20	39	47	18	21	31	42	28	48	46	39	28	30	20	20	39	13	24	12	43	42	33	23	12	49	20	34	32	44	31	29	41	10	11	30	45	15	30	25	21	47	14	20	47	46	30	44	28	25	46	40	41	19	34	38	21	44	49	31	29	36	33	36	25	18	45	14	19	19	29	48	45	35	31	10	30	
15
90
