217
30
0	0	0	0	48	0	0	0	0	0	0	0	0	0	0	0	0	0	0	0	0	0	0	0	0	0	0	0	192	0	
0	0	0	192	0	0	0	0	0	0	0	0	0	0	0	0	0	0	0	0	0	0	0	96	0	0	0	0	0	0	
0	0	0	0	0	0	0	0	500	0	0	0	0	0	0	0	0	0	0	0	48	0	0	0	0	0	0	0	192	0	
0	192	0	0	0	500	0	0	0	0	0	0	0	0	0	0	0	0	0	0	0	0	0	500	0	0	0	0	0	0	
48	0	0	0	0	0	0	0	0	0	0	0	0	96	0	0	0	0	0	0	0	0	0	0	0	0	0	0	0	0	
0	0	0	500	0	0	0	0	0	0	0	0	0	0	0	0	0	0	0	0	0	96	0	0	0	0	0	0	0	0	
0	0	0	0	0	0	0	0	0	0	0	500	0	0	0	0	0	0	0	0	0	0	48	0	0	0	0	0	0	0	
0	0	0	0	0	0	0	0	0	0	0	500	0	0	0	48	0	0	0	48	0	0	0	0	0	0	0	0	0	0	
0	0	500	0	0	0	0	0	0	0	0	0	0	0	192	0	0	0	0	0	0	0	0	0	0	0	0	0	0	0	
0	0	0	0	0	0	0	0	0	0	0	0	0	0	0	0	0	0	0	0	0	0	0	0	0	96	500	0	0	0	
0	0	0	0	0	0	0	0	0	0	0	0	96	0	0	0	48	0	0	0	0	0	0	0	0	0	0	0	0	0	
0	0	0	0	0	0	500	500	0	0	0	0	0	0	0	0	0	0	0	0	0	0	0	0	0	0	0	0	0	0	
0	0	0	0	0	0	0	0	0	0	96	0	0	0	0	0	0	500	0	0	0	0	0	0	0	0	0	0	0	0	
0	0	0	0	96	0	0	0	0	0	0	0	0	0	0	0	0	0	0	0	0	0	0	0	0	192	0	0	0	0	
0	0	0	0	0	0	0	0	192	0	0	0	0	0	0	0	0	0	0	0	192	0	0	0	0	0	0	192	0	0	
0	0	0	0	0	0	0	48	0	0	0	0	0	0	0	0	0	0	0	192	0	0	0	0	0	0	0	0	0	0	
0	0	0	0	0	0	0	0	0	0	48	0	0	0	0	0	0	500	0	0	0	0	192	0	0	0	500	0	0	0	
0	0	0	0	0	0	0	0	0	0	0	0	500	0	0	0	500	0	0	0	0	0	0	0	0	0	0	0	0	0	
0	0	0	0	0	0	0	0	0	0	0	0	0	0	0	0	0	0	0	0	500	500	0	0	0	0	0	0	0	192	
0	0	0	0	0	0	0	48	0	0	0	0	0	0	0	192	0	0	0	0	0	0	0	0	0	0	0	0	0	0	
0	0	48	0	0	0	0	0	0	0	0	0	0	0	192	0	0	0	500	0	0	0	0	0	0	0	0	0	0	0	
0	0	0	0	0	96	0	0	0	0	0	0	0	0	0	0	0	0	500	0	0	0	0	0	0	0	0	0	0	0	
0	0	0	0	0	0	48	0	0	0	0	0	0	0	0	0	192	0	0	0	0	0	0	0	48	0	0	0	0	0	
0	96	0	500	0	0	0	0	0	0	0	0	0	0	0	0	0	0	0	0	0	0	0	0	0	0	0	0	0	0	
0	0	0	0	0	0	0	0	0	0	0	0	0	0	0	0	0	0	0	0	0	0	48	0	0	0	0	0	48	0	
0	0	0	0	0	0	0	0	0	96	0	0	0	192	0	0	0	0	0	0	0	0	0	0	0	0	0	0	0	0	
0	0	0	0	0	0	0	0	0	500	0	0	0	0	0	0	500	0	0	0	0	0	0	0	0	0	0	0	0	0	
0	0	0	0	0	0	0	0	0	0	0	0	0	0	192	0	0	0	0	0	0	0	0	0	0	0	0	0	0	48	
192	0	192	0	0	0	0	0	0	0	0	0	0	0	0	0	0	0	0	0	0	0	0	0	48	0	0	0	0	0	
0	0	0	0	0	0	0	0	0	0	0	0	0	0	0	0	0	0	192	0	0	0	0	0	0	0	0	48	0	0	
5	12	19	1	13	5	7	23	0	28	1	0	10	26	22	0	0	29	24	15	3	26	21	21	1	14	28	18	12	10	26	8	7	11	15	25	19	28	5	17	25	24	27	13	19	16	7	6	17	11	11	16	10	28	24	20	24	10	3	7	0	4	6	27	1	13	0	27	6	2	9	16	20	24	23	6	4	12	9	0	25	3	2	11	24	14	0	7	18	18	9	25	20	17	22	17	15	26	1	11	19	11	27	19	1	23	13	0	19	25	23	16	23	23	11	0	6	18	27	12	27	12	4	16	5	21	11	14	28	0	26	28	26	11	12	6	4	16	25	16	3	4	9	8	5	11	25	10	10	25	11	8	21	7	14	16	7	9	29	0	16	11	28	16	29	4	5	14	23	17	24	20	29	9	22	10	0	23	2	22	27	6	29	9	0	27	5	15	26	7	20	11	18	1	26	25	10	15	8	25	10	29	27	11	9	28	19	22	0	21	28	14	5	17	27	4	8	
23	7	28	13	29	3	24	27	24	29	1	2	7	1	8	22	13	12	10	4	0	26	11	4	20	16	20	27	26	25	8	11	20	26	5	20	14	6	17	26	11	9	29	17	23	7	6	9	20	5	0	6	7	1	2	20	27	28	29	1	4	21	1	12	16	7	27	21	16	21	6	26	28	4	27	1	0	13	3	18	13	11	14	23	6	13	12	24	29	24	9	9	16	13	20	24	13	14	16	21	21	8	21	4	11	19	21	12	6	23	3	13	15	11	6	9	19	12	15	2	4	7	26	22	0	1	19	17	12	12	1	19	15	13	5	10	12	2	16	12	14	10	4	29	26	21	24	17	25	2	9	5	6	8	2	9	20	20	2	27	13	19	22	23	13	18	15	7	11	10	10	15	22	14	10	27	9	0	0	21	19	7	29	17	5	25	0	6	1	12	26	16	17	15	2	2	25	17	5	2	22	15	16	21	25	14	18	1	12	27	4	22	7	1	3	0	3	
33	20	29	33	29	28	34	36	40	25	25	27	20	27	26	28	31	25	37	25	27	21	37	33	24	20	30	40	29	39	20	27	30	21	30	26	21	23	37	21	31	31	24	31	27	21	27	23	28	39	21	21	30	34	37	30	20	36	35	34	32	27	25	22	25	23	36	34	32	23	26	20	32	23	21	28	25	40	24	21	22	40	40	25	26	38	32	38	24	24	39	23	20	37	20	30	28	40	37	40	34	39	40	37	25	21	37	22	33	34	29	21	38	20	25	22	30	22	24	34	20	31	21	36	35	30	23	25	31	28	38	32	30	23	27	39	29	37	34	23	36	36	35	36	38	28	33	27	38	32	33	20	25	23	31	24	27	23	32	34	39	25	21	27	26	23	24	30	29	39	31	33	38	27	28	33	21	29	23	37	34	34	35	36	26	26	37	37	40	21	33	23	21	21	23	36	20	25	36	27	36	38	24	20	30	27	25	38	28	30	33	36	22	20	24	34	32	
40	21	39	40	49	14	16	23	46	33	37	16	16	12	15	39	39	14	34	33	34	35	33	26	36	21	18	42	32	17	29	37	39	46	42	22	27	34	29	34	30	28	33	20	15	34	23	11	48	46	44	22	50	50	44	10	50	15	48	41	42	46	32	33	33	10	47	27	30	10	49	43	47	33	28	48	19	26	40	16	24	21	39	12	37	42	11	45	13	45	34	42	15	47	25	22	48	24	34	19	43	28	13	12	36	28	48	15	17	49	46	47	36	21	14	48	25	43	26	24	19	17	19	49	20	38	30	30	23	17	24	34	13	34	49	11	33	31	32	14	44	23	44	18	31	45	20	10	18	42	11	44	38	32	46	25	12	49	48	31	34	50	43	36	18	15	35	11	25	31	34	33	48	26	36	24	35	11	39	18	26	18	19	25	26	21	24	38	42	10	19	10	38	29	39	18	27	25	35	48	40	30	14	33	14	30	45	10	36	40	31	34	44	41	21	37	50	
10
50
