348
30
0	0	0	0	0	0	48	0	0	0	0	0	0	0	48	0	0	0	0	0	0	0	0	0	0	0	0	0	0	0	
0	0	0	0	0	0	0	0	0	0	0	0	0	0	0	0	0	0	0	0	0	0	0	0	0	0	500	0	192	0	
0	0	0	0	0	0	0	0	0	0	0	96	0	0	0	0	0	0	0	0	0	48	0	0	0	0	0	0	0	0	
0	0	0	0	0	0	0	48	192	0	0	0	0	0	0	0	500	0	0	0	0	0	0	0	0	0	500	0	48	0	
0	0	0	0	0	0	0	0	0	0	0	0	0	192	0	0	0	0	0	0	0	192	0	0	0	48	0	0	0	48	
0	0	0	0	0	0	0	0	0	0	0	0	96	0	0	0	0	0	500	0	0	0	0	0	0	0	0	0	0	0	
48	0	0	0	0	0	0	0	0	0	48	0	0	0	0	0	0	0	0	0	0	0	0	0	0	0	0	0	0	0	
0	0	0	48	0	0	0	0	192	0	0	0	0	0	0	0	0	0	0	0	0	0	0	0	0	0	0	0	0	0	
0	0	0	192	0	0	0	192	0	0	0	0	0	0	0	0	0	0	0	0	0	0	0	0	0	0	0	0	0	0	
0	0	0	0	0	0	0	0	0	0	0	0	0	0	48	0	192	192	0	0	0	0	48	0	0	0	0	0	0	0	
0	0	0	0	0	0	48	0	0	0	0	0	0	0	0	0	0	0	0	0	96	0	0	0	0	0	0	0	0	0	
0	0	96	0	0	0	0	0	0	0	0	0	0	0	0	0	0	0	96	0	0	0	0	0	0	0	0	0	0	0	
0	0	0	0	0	96	0	0	0	0	0	0	0	0	48	0	0	0	0	0	0	0	0	192	0	0	0	0	0	0	
0	0	0	0	192	0	0	0	0	0	0	0	0	0	0	0	0	0	0	96	0	48	0	0	0	48	0	0	0	192	
48	0	0	0	0	0	0	0	0	48	0	0	48	0	0	0	0	0	0	0	0	0	0	0	0	0	0	0	0	0	
0	0	0	0	0	0	0	0	0	0	0	0	0	0	0	0	0	0	0	0	500	0	0	0	0	0	0	500	0	0	
0	0	0	500	0	0	0	0	0	192	0	0	0	0	0	0	0	0	0	0	0	0	0	0	0	0	0	0	0	0	
0	0	0	0	0	0	0	0	0	192	0	0	0	0	0	0	0	0	0	0	0	0	0	0	48	0	0	0	0	0	
0	0	0	0	0	500	0	0	0	0	0	96	0	0	0	0	0	0	0	0	0	0	0	0	0	0	0	0	0	0	
0	0	0	0	0	0	0	0	0	0	0	0	0	96	0	0	0	0	0	0	0	0	0	0	0	192	0	0	0	0	
0	0	0	0	0	0	0	0	0	0	96	0	0	0	0	500	0	0	0	0	0	0	0	0	0	0	0	48	0	0	
0	0	48	0	192	0	0	0	0	0	0	0	0	48	0	0	0	0	0	0	0	0	0	0	0	0	0	0	0	192	
0	0	0	0	0	0	0	0	0	48	0	0	0	0	0	0	0	0	0	0	0	0	0	0	500	0	0	0	0	0	
0	0	0	0	0	0	0	0	0	0	0	0	192	0	0	0	0	0	0	0	0	0	0	0	192	500	0	500	0	0	
0	0	0	0	0	0	0	0	0	0	0	0	0	0	0	0	0	48	0	0	0	0	500	192	0	0	0	0	0	0	
0	0	0	0	48	0	0	0	0	0	0	0	0	48	0	0	0	0	0	192	0	0	0	500	0	0	0	0	0	0	
0	500	0	500	0	0	0	0	0	0	0	0	0	0	0	0	0	0	0	0	0	0	0	0	0	0	0	0	0	0	
0	0	0	0	0	0	0	0	0	0	0	0	0	0	0	500	0	0	0	0	48	0	0	500	0	0	0	0	0	0	
0	192	0	48	0	0	0	0	0	0	0	0	0	0	0	0	0	0	0	0	0	0	0	0	0	0	0	0	0	0	
0	0	0	0	48	0	0	0	0	0	0	0	0	192	0	0	0	0	0	0	0	192	0	0	0	0	0	0	0	0	
27	25	13	4	11	22	19	16	16	24	27	6	15	2	8	25	27	27	19	7	23	14	4	22	4	17	15	3	27	22	20	17	0	16	15	12	3	3	12	23	23	16	23	1	29	6	16	2	28	2	15	25	23	11	27	6	5	8	11	11	4	2	25	6	2	14	27	9	21	5	22	14	24	17	17	7	6	21	29	15	25	1	6	28	17	27	9	25	13	10	19	18	11	27	7	2	4	29	10	9	4	15	22	23	7	24	19	24	22	19	29	20	11	18	25	1	1	12	23	3	14	11	20	1	6	12	15	19	6	27	28	4	14	15	12	21	25	1	7	28	25	26	6	0	10	13	12	16	11	14	5	22	24	28	4	20	4	17	11	3	25	26	27	7	29	29	11	23	25	11	5	3	18	22	10	14	22	24	0	6	5	22	6	6	21	13	13	13	21	17	5	7	10	6	3	12	5	9	23	11	3	12	20	9	7	24	15	10	11	11	24	15	5	14	23	20	7	21	15	26	12	15	19	21	13	15	23	24	26	2	16	1	3	1	19	22	9	0	19	9	1	28	0	28	21	17	0	6	29	2	14	3	3	27	3	0	21	11	29	13	18	25	1	13	5	24	6	26	18	11	12	24	29	19	29	5	15	19	10	15	25	3	0	6	1	21	17	18	21	20	20	15	19	16	22	3	10	24	17	21	13	23	28	11	1	16	18	29	5	0	13	15	6	22	23	18	0	13	3	7	19	14	0	13	1	6	16	21	25	5	18	13	16	24	27	21	14	23	11	17	5	8	22	6	24	8	13	22	
25	27	22	16	25	4	2	20	18	26	8	11	6	7	29	25	24	0	17	26	27	20	2	5	10	5	2	8	29	26	3	15	21	14	11	9	12	13	21	28	25	15	3	12	13	13	5	9	4	0	13	9	19	27	18	15	27	8	8	10	23	11	3	20	2	24	14	26	26	2	24	19	4	28	17	16	7	11	22	24	1	26	27	7	22	29	4	10	19	1	6	26	2	1	15	19	2	11	11	19	19	24	17	18	20	17	5	2	23	27	6	12	28	10	16	0	23	25	2	14	19	11	5	15	8	10	1	15	11	27	24	18	3	17	2	21	25	19	29	4	11	9	25	29	19	2	18	21	22	15	15	24	19	22	21	17	0	6	15	19	17	2	17	5	5	3	2	7	1	2	6	9	14	15	19	1	4	18	3	18	21	19	5	10	14	17	25	5	6	2	19	9	17	10	4	26	13	10	24	23	5	27	12	27	15	6	4	22	7	24	25	10	4	7	26	5	24	26	9	25	7	14	22	27	17	13	25	25	10	22	10	21	3	0	25	0	8	27	25	18	20	6	24	29	26	14	10	5	14	18	26	20	15	9	3	21	20	1	5	11	0	23	5	24	22	26	0	27	22	22	16	15	7	6	8	25	24	1	11	4	14	13	11	9	12	9	20	3	16	4	3	23	17	19	16	27	14	13	21	8	16	14	8	15	20	2	23	8	26	28	8	21	19	24	22	22	2	20	9	3	1	12	7	21	21	25	23	12	13	14	21	4	16	2	23	6	1	28	17	18	20	26	29	4	10	7	16	10	
21	39	39	25	30	26	31	30	30	28	29	26	29	33	35	28	26	24	32	24	28	35	36	37	23	32	35	30	40	29	33	20	38	22	32	28	27	23	36	23	36	39	21	24	26	37	38	27	21	32	40	21	31	34	23	34	21	40	40	25	29	29	21	30	38	39	33	35	30	33	40	20	32	26	20	36	40	30	21	38	26	28	24	32	35	20	22	23	24	37	27	39	37	24	28	20	34	27	31	40	38	29	39	28	32	35	37	39	33	38	20	37	27	27	35	35	20	28	27	26	39	30	26	22	28	36	36	22	32	36	31	27	21	21	29	23	28	22	32	21	34	30	31	21	28	23	27	39	38	38	35	37	20	35	33	39	29	25	40	40	37	25	40	38	28	21	40	23	33	38	24	30	27	40	37	24	23	38	30	30	21	22	27	36	33	31	29	32	25	31	23	36	36	37	21	33	24	40	26	38	34	37	26	22	25	34	26	22	31	32	34	25	24	25	34	39	32	26	31	21	38	38	27	21	34	31	31	31	21	27	33	25	29	38	36	29	36	28	21	25	32	33	27	36	24	39	25	36	33	36	35	23	37	36	29	30	23	36	38	37	26	34	20	38	24	29	36	33	22	22	40	33	25	40	25	33	22	26	29	20	32	39	24	37	37	30	32	24	24	39	39	40	38	34	25	31	25	27	34	27	33	24	22	27	35	37	32	20	29	39	28	27	32	24	26	31	29	31	31	28	37	27	28	27	35	26	31	24	25	22	20	35	32	29	40	20	22	23	22	35	24	40	32	37	21	40	25	31	
13	19	30	28	39	15	25	12	21	12	33	47	18	49	43	48	49	35	18	39	22	35	10	49	10	31	40	41	14	30	34	45	22	48	16	14	35	50	27	38	10	34	25	50	24	25	21	22	43	37	12	45	24	44	42	29	10	19	47	29	48	19	36	18	44	24	34	36	39	27	29	44	48	15	30	46	15	28	31	39	14	39	44	48	25	31	15	40	32	10	42	46	35	45	20	11	18	21	39	26	49	26	13	18	42	41	31	23	49	30	38	14	11	40	39	14	39	37	33	16	26	15	32	23	45	32	25	23	32	19	22	15	45	21	16	16	31	20	24	46	25	12	15	35	47	35	41	31	30	23	21	34	30	34	21	23	37	36	32	49	27	30	20	49	34	33	29	44	45	15	41	21	44	46	50	17	45	33	33	47	12	12	41	10	41	31	40	27	40	27	46	33	41	46	47	11	46	11	48	49	23	47	38	27	41	22	50	39	46	36	30	34	40	45	18	42	32	44	46	24	34	38	31	35	22	47	43	20	20	50	47	45	13	17	36	38	28	44	12	34	19	35	35	22	37	10	37	34	49	38	20	30	34	49	18	28	50	45	24	43	36	16	47	22	46	28	50	10	13	20	33	31	13	43	23	35	35	12	50	35	42	10	49	31	13	49	14	11	23	41	26	35	10	47	13	35	27	20	35	22	15	45	43	45	18	18	38	11	21	32	11	49	31	48	14	35	18	44	14	20	21	38	22	42	45	50	41	49	28	15	14	48	24	27	16	33	21	46	32	48	27	11	15	33	31	26	31	46	
5
80
