261
30
0	0	0	0	96	0	0	0	0	0	0	0	0	0	0	0	0	0	500	0	0	0	0	0	0	0	0	0	0	0	
0	0	0	0	0	0	500	0	500	0	0	0	0	0	0	0	0	0	0	0	0	0	0	0	0	0	48	0	0	0	
0	0	0	0	0	0	0	0	0	0	0	0	0	0	0	0	0	0	0	0	0	0	48	0	0	0	0	0	0	192	
0	0	0	0	96	0	0	0	96	0	0	192	0	0	0	0	0	0	500	0	0	500	0	0	0	0	0	0	0	0	
96	0	0	96	0	0	0	0	0	0	0	0	0	0	0	0	0	0	0	0	0	0	0	0	500	0	0	0	0	0	
0	0	0	0	0	0	0	0	0	0	0	0	0	0	0	192	0	0	0	0	0	0	0	0	96	0	0	0	0	0	
0	500	0	0	0	0	0	0	0	0	0	0	0	0	0	0	0	0	0	0	0	0	96	0	0	0	192	0	0	0	
0	0	0	0	0	0	0	0	0	0	0	0	0	0	0	0	0	500	0	0	0	0	0	192	0	0	0	0	0	0	
0	500	0	96	0	0	0	0	0	0	0	0	0	0	0	0	0	0	0	0	0	0	0	0	0	0	0	0	0	0	
0	0	0	0	0	0	0	0	0	0	0	0	0	0	96	0	0	0	0	0	0	0	0	0	0	0	0	0	0	48	
0	0	0	0	0	0	0	0	0	0	0	192	0	0	0	96	0	0	0	0	0	0	0	0	0	0	0	0	0	0	
0	0	0	192	0	0	0	0	0	0	192	0	0	0	0	0	48	0	0	0	0	0	0	0	0	0	0	0	0	0	
0	0	0	0	0	0	0	0	0	0	0	0	0	0	192	0	0	0	0	0	0	0	0	0	0	500	0	0	500	96	
0	0	0	0	0	0	0	0	0	0	0	0	0	0	0	0	0	0	0	0	500	192	0	0	0	0	0	0	0	0	
0	0	0	0	0	0	0	0	0	96	0	0	192	0	0	0	0	0	0	0	0	500	0	0	0	500	0	0	96	0	
0	0	0	0	0	192	0	0	0	0	96	0	0	0	0	0	0	0	0	0	0	0	0	0	0	0	0	0	0	0	
0	0	0	0	0	0	0	0	0	0	0	48	0	0	0	0	0	500	0	500	0	0	0	0	0	0	0	0	0	0	
0	0	0	0	0	0	0	500	0	0	0	0	0	0	0	0	500	0	0	0	0	0	0	0	0	0	0	0	0	0	
500	0	0	500	0	0	0	0	0	0	0	0	0	0	0	0	0	0	0	0	0	0	0	0	0	0	0	0	0	0	
0	0	0	0	0	0	0	0	0	0	0	0	0	0	0	0	500	0	0	0	0	96	0	96	0	0	0	96	0	0	
0	0	0	0	0	0	0	0	0	0	0	0	0	500	0	0	0	0	0	0	0	0	0	96	0	0	0	48	0	0	
0	0	0	500	0	0	0	0	0	0	0	0	0	192	500	0	0	0	0	96	0	0	0	0	0	0	0	0	0	0	
0	0	48	0	0	0	96	0	0	0	0	0	0	0	0	0	0	0	0	0	0	0	0	0	0	0	0	0	0	0	
0	0	0	0	0	0	0	192	0	0	0	0	0	0	0	0	0	0	0	96	96	0	0	0	0	0	0	0	0	0	
0	0	0	0	500	96	0	0	0	0	0	0	0	0	0	0	0	0	0	0	0	0	0	0	0	0	0	0	0	0	
0	0	0	0	0	0	0	0	0	0	0	0	500	0	500	0	0	0	0	0	0	0	0	0	0	0	0	0	0	0	
0	48	0	0	0	0	192	0	0	0	0	0	0	0	0	0	0	0	0	0	0	0	0	0	0	0	0	0	0	0	
0	0	0	0	0	0	0	0	0	0	0	0	0	0	0	0	0	0	0	96	48	0	0	0	0	0	0	0	0	0	
0	0	0	0	0	0	0	0	0	0	0	0	500	0	96	0	0	0	0	0	0	0	0	0	0	0	0	0	0	0	
0	0	192	0	0	0	0	0	0	48	0	0	96	0	0	0	0	0	0	0	0	0	0	0	0	0	0	0	0	0	
2	17	16	0	9	0	24	23	6	2	0	10	8	19	26	24	21	20	4	8	5	24	9	6	27	3	16	15	8	25	15	19	7	21	15	19	7	25	3	18	3	13	7	16	28	22	29	3	25	13	27	19	29	24	4	24	16	25	6	16	2	11	16	25	26	27	26	25	29	17	11	16	16	27	7	4	3	4	21	5	6	1	13	14	0	26	4	6	13	13	6	19	8	11	13	2	21	14	3	1	11	10	0	17	24	18	28	27	23	7	14	9	2	3	5	5	2	28	7	14	5	3	8	23	26	23	24	2	26	8	3	9	6	0	27	5	13	26	0	9	16	19	14	5	16	13	7	2	29	24	4	16	24	11	8	27	21	12	27	24	3	13	23	18	15	13	2	10	6	17	10	26	20	29	3	16	18	20	2	9	24	26	13	28	27	13	27	17	10	26	10	24	0	8	25	4	26	29	12	2	29	25	28	24	28	1	25	4	17	29	26	13	1	14	3	18	14	17	26	0	23	8	17	23	17	7	27	13	10	0	16	25	15	8	13	3	14	0	24	0	23	18	9	21	15	7	2	10	2	21	9	11	26	8	0	7	12	11	7	29	12	
2	2	29	7	3	3	28	7	15	11	26	26	23	2	26	8	4	11	18	13	5	7	16	16	15	26	8	9	18	1	6	3	7	28	15	24	28	28	7	2	7	18	7	10	23	20	23	27	24	9	28	25	14	1	14	22	24	7	26	22	25	2	23	10	25	10	17	11	8	12	14	14	29	12	9	6	10	21	17	8	25	12	24	18	11	27	28	22	0	8	5	28	21	14	18	25	15	24	25	12	21	6	2	15	0	13	9	20	19	10	14	28	24	18	19	8	26	1	18	20	13	25	2	28	16	5	19	6	1	4	2	14	25	12	23	13	5	10	5	10	20	13	14	29	3	1	4	2	19	10	7	22	21	19	19	14	5	9	12	28	17	10	22	12	0	7	1	24	26	17	5	21	10	14	1	20	9	11	25	4	14	5	1	16	12	2	1	3	8	24	18	25	27	22	1	20	24	25	10	4	28	15	7	24	7	1	11	15	8	16	27	21	23	0	23	24	4	17	8	11	12	2	12	26	20	2	8	17	3	18	11	7	20	10	11	21	22	18	14	1	2	20	17	9	10	14	3	26	7	22	16	2	19	15	10	27	7	20	9	28	29	
40	30	38	31	23	25	38	24	23	35	27	34	37	35	20	39	20	35	37	29	25	28	25	20	36	24	20	26	24	30	23	35	27	32	24	25	38	32	28	37	40	31	28	23	26	40	32	40	21	34	25	27	38	30	36	37	31	34	22	35	21	30	28	22	31	37	29	23	20	22	25	30	22	21	32	24	24	22	24	38	31	27	21	30	21	21	40	29	29	24	30	28	35	38	39	33	31	38	34	22	24	31	27	32	28	33	37	39	24	31	20	22	38	38	20	23	31	27	38	20	20	23	32	38	21	35	37	38	27	29	24	34	29	40	20	39	40	27	38	39	32	25	31	29	32	28	39	38	37	31	26	30	40	27	32	29	38	22	21	27	24	33	40	37	35	22	31	30	25	39	38	21	25	28	39	40	35	36	24	25	20	25	38	21	25	29	26	33	39	29	35	36	29	31	40	35	21	21	20	36	30	37	35	27	40	34	27	27	27	40	29	31	20	34	26	34	29	22	40	20	28	23	26	24	23	30	26	40	34	31	40	33	21	21	37	39	35	25	37	27	40	24	21	40	30	29	34	38	28	31	39	23	36	32	25	32	39	32	29	36	40	
22	33	44	33	12	18	16	30	24	16	22	19	33	18	23	41	44	46	18	13	32	47	13	42	49	35	39	45	26	12	14	36	10	11	37	30	29	45	43	16	22	45	50	26	13	19	36	22	21	50	44	29	41	23	21	32	35	20	31	37	25	26	42	32	37	28	14	21	18	41	35	23	39	12	21	10	28	43	46	49	12	50	30	28	41	50	46	48	14	44	15	37	20	44	30	46	39	39	19	27	49	27	44	39	44	33	21	49	17	50	27	48	14	26	13	48	42	38	41	45	25	14	47	48	39	36	21	15	29	31	38	11	10	38	26	49	34	37	36	39	30	44	14	35	29	13	45	26	34	10	10	18	47	15	47	50	20	37	20	17	25	49	43	33	13	13	24	50	19	38	38	26	15	14	42	19	45	31	40	49	35	40	39	29	10	18	35	28	24	35	13	30	17	15	28	47	35	37	34	29	12	46	13	20	34	28	35	36	50	44	26	46	49	28	32	32	14	36	31	21	21	26	22	18	14	21	40	33	38	40	20	47	41	25	15	26	23	32	28	34	46	31	14	29	40	25	43	23	48	20	23	23	40	30	25	41	47	40	23	36	28	
15
60
