261
30
0	0	0	0	96	0	0	0	0	0	0	500	0	0	0	0	48	0	0	0	0	0	0	0	0	0	0	0	0	48	
0	0	0	0	0	0	0	0	0	0	0	0	0	0	0	0	0	0	0	0	0	192	96	0	0	0	0	0	0	0	
0	0	0	0	0	0	0	500	0	0	0	0	0	0	0	96	0	0	0	0	0	0	0	0	0	0	0	0	0	0	
0	0	0	0	0	0	192	0	0	0	0	0	0	0	0	0	0	0	0	500	0	0	0	0	0	0	192	0	0	0	
96	0	0	0	0	0	0	0	0	0	0	0	0	0	0	0	500	0	0	0	0	0	0	0	0	0	0	0	0	0	
0	0	0	0	0	0	0	0	0	0	0	500	48	0	0	500	0	0	0	0	0	0	0	0	0	0	0	0	96	0	
0	0	0	192	0	0	0	0	0	0	0	0	0	0	0	0	0	0	0	500	0	0	0	0	0	0	500	0	0	0	
0	0	500	0	0	0	0	0	0	0	0	0	0	0	0	192	0	0	0	0	0	0	0	0	0	0	0	0	0	0	
0	0	0	0	0	0	0	0	0	0	0	0	0	96	0	0	0	0	0	96	0	0	0	0	0	0	0	0	0	0	
0	0	0	0	0	0	0	0	0	0	0	0	192	0	0	0	0	0	0	0	0	0	0	0	192	0	0	0	0	0	
0	0	0	0	0	0	0	0	0	0	0	0	0	48	0	0	0	0	0	0	0	48	96	96	0	0	0	0	0	0	
500	0	0	0	0	500	0	0	0	0	0	0	0	0	0	0	0	0	0	0	0	0	0	0	0	0	0	0	500	192	
0	0	0	0	0	48	0	0	0	192	0	0	0	0	0	0	0	0	0	0	0	0	0	0	0	0	0	0	0	0	
0	0	0	0	0	0	0	0	96	0	48	0	0	0	0	0	0	192	0	0	0	0	0	0	0	0	0	0	0	0	
0	0	0	0	0	0	0	0	0	0	0	0	0	0	0	0	0	0	0	0	500	0	0	0	0	192	0	0	0	0	
0	0	96	0	0	500	0	192	0	0	0	0	0	0	0	0	0	0	0	0	0	0	0	0	0	0	0	0	0	0	
48	0	0	0	500	0	0	0	0	0	0	0	0	0	0	0	0	0	0	0	0	0	0	0	0	0	0	0	0	0	
0	0	0	0	0	0	0	0	0	0	0	0	0	192	0	0	0	0	0	0	0	0	0	48	0	0	0	0	0	0	
0	0	0	0	0	0	0	0	0	0	0	0	0	0	0	0	0	0	0	0	500	0	0	500	0	48	0	48	0	0	
0	0	0	500	0	0	500	0	96	0	0	0	0	0	0	0	0	0	0	0	0	0	0	0	0	0	0	0	0	0	
0	0	0	0	0	0	0	0	0	0	0	0	0	0	500	0	0	0	500	0	0	0	0	0	0	192	0	500	0	0	
0	192	0	0	0	0	0	0	0	0	48	0	0	0	0	0	0	0	0	0	0	0	0	0	0	0	0	0	0	0	
0	96	0	0	0	0	0	0	0	0	96	0	0	0	0	0	0	0	0	0	0	0	0	0	0	0	0	0	0	0	
0	0	0	0	0	0	0	0	0	0	96	0	0	0	0	0	0	48	500	0	0	0	0	0	0	0	0	0	0	0	
0	0	0	0	0	0	0	0	0	192	0	0	0	0	0	0	0	0	0	0	0	0	0	0	0	0	0	48	192	0	
0	0	0	0	0	0	0	0	0	0	0	0	0	0	192	0	0	0	48	0	192	0	0	0	0	0	0	0	0	0	
0	0	0	192	0	0	500	0	0	0	0	0	0	0	0	0	0	0	0	0	0	0	0	0	0	0	0	0	0	0	
0	0	0	0	0	0	0	0	0	0	0	0	0	0	0	0	0	0	48	0	500	0	0	0	48	0	0	0	0	0	
0	0	0	0	0	96	0	0	0	0	0	500	0	0	0	0	0	0	0	0	0	0	0	0	192	0	0	0	0	0	
48	0	0	0	0	0	0	0	0	0	0	192	0	0	0	0	0	0	0	0	0	0	0	0	0	0	0	0	0	0	
24	24	12	13	17	24	22	23	17	0	17	10	25	8	29	15	4	15	5	29	4	13	19	8	11	17	7	14	10	27	23	23	3	16	23	13	11	10	23	28	13	8	21	12	15	15	24	5	7	16	29	25	24	12	11	8	9	24	27	20	20	6	22	1	20	13	10	23	9	3	10	20	20	11	20	6	16	4	3	26	0	19	26	7	27	3	26	5	22	29	10	3	3	14	5	20	5	18	27	4	5	20	22	12	29	26	23	0	11	1	29	7	26	4	22	5	19	4	16	19	4	28	4	21	12	8	29	26	28	23	12	14	27	9	24	8	12	15	14	12	24	28	8	16	17	2	13	16	0	16	21	18	16	14	28	12	29	18	1	1	19	23	11	14	1	25	22	29	19	12	2	4	24	29	18	11	25	14	9	0	0	3	15	21	10	19	24	26	11	9	27	4	23	20	0	0	15	17	24	6	6	1	20	2	11	19	17	22	28	28	0	6	3	19	24	28	25	29	19	1	24	5	22	1	19	22	25	23	11	23	14	3	18	7	28	6	28	21	16	0	10	29	18	12	9	19	28	28	23	16	23	25	9	22	5	13	19	9	23	29	1	
19	13	4	19	29	23	6	23	6	1	27	14	4	28	18	18	16	9	19	0	4	21	17	22	16	29	3	26	5	20	0	15	7	20	14	12	14	8	7	7	13	24	10	15	5	6	6	1	20	23	19	3	8	25	16	22	1	16	24	14	6	25	17	3	0	27	27	9	19	2	21	16	13	18	20	14	22	14	4	11	3	0	14	14	17	27	9	9	0	28	27	25	18	10	15	2	6	12	18	25	6	1	16	12	8	0	3	9	29	22	22	2	4	10	16	19	17	25	15	14	20	2	0	29	27	25	14	12	11	25	1	1	15	8	27	9	6	6	15	8	3	28	22	26	15	11	23	23	16	27	24	11	24	14	17	24	4	5	4	8	8	0	17	9	8	17	20	29	23	7	24	9	28	18	22	29	23	21	9	26	8	23	18	16	8	15	6	18	9	12	28	22	7	1	25	26	3	9	0	26	24	21	19	20	21	3	6	12	15	6	2	4	1	0	16	27	0	23	18	17	29	20	14	29	23	0	17	22	14	10	26	22	15	5	14	2	8	10	14	17	5	28	7	9	27	27	2	0	26	27	14	5	12	1	13	20	20	9	26	4	21	
22	26	26	26	39	20	23	36	35	31	26	21	34	25	38	39	36	33	23	38	30	22	38	23	22	25	27	25	28	29	32	32	30	39	28	37	32	35	22	23	26	38	26	35	28	27	36	39	38	29	22	30	26	31	26	25	32	20	40	39	32	33	36	35	37	32	37	40	25	39	27	40	22	31	20	30	22	20	29	34	25	29	39	22	22	29	36	21	35	20	36	32	22	40	29	28	38	37	33	32	24	39	34	38	26	38	35	37	39	38	32	29	39	25	26	21	22	37	39	38	36	36	39	34	38	30	24	36	26	22	24	25	32	34	28	38	23	24	33	37	30	26	39	34	26	38	27	20	39	26	38	21	24	27	20	28	22	25	32	34	33	40	40	20	35	30	26	26	33	36	28	40	31	31	31	22	35	39	36	40	40	38	35	28	20	27	37	30	29	23	40	39	36	21	26	29	37	37	29	20	23	39	35	38	32	31	23	20	23	36	34	29	20	24	24	23	21	36	37	38	35	30	27	26	33	37	20	40	21	29	24	37	21	35	21	38	32	36	30	22	20	26	28	27	23	32	33	30	24	26	20	34	38	21	30	20	22	36	35	36	35	
17	20	14	29	26	15	31	12	37	32	40	13	31	46	41	42	37	47	11	23	43	16	31	16	16	50	46	45	23	36	10	40	29	34	20	42	44	26	24	33	41	48	42	49	13	11	48	45	14	22	10	33	35	49	10	23	49	21	29	37	16	38	23	40	11	41	14	42	34	12	11	19	38	20	34	46	32	37	13	19	32	42	50	15	14	41	40	21	34	10	24	33	27	45	31	48	33	13	29	15	24	23	37	14	26	20	18	18	34	22	42	29	48	36	20	21	15	43	41	46	39	26	35	39	36	36	36	28	41	18	15	47	19	48	48	12	22	26	49	42	47	16	11	19	48	33	23	39	26	13	15	11	19	26	31	49	28	31	20	46	31	37	46	19	37	16	30	19	33	17	47	22	26	50	29	34	27	44	21	39	35	43	17	43	34	13	25	25	33	50	17	25	23	39	22	40	26	39	13	28	44	45	33	13	40	10	33	37	38	16	17	50	36	30	16	14	48	14	30	14	13	31	48	10	20	43	17	41	22	44	41	36	35	25	42	17	26	41	27	13	12	10	32	42	17	34	26	10	39	10	47	42	21	35	34	47	42	39	22	17	12	
20
60
