261
30
0	0	0	0	0	0	0	192	0	0	0	0	0	0	0	0	0	0	0	0	0	0	0	0	0	0	48	0	0	0	
0	0	0	0	0	0	0	0	0	0	0	0	0	0	0	0	0	0	0	192	0	0	0	0	0	0	0	96	0	0	
0	0	0	0	0	0	0	0	0	96	0	0	0	0	0	0	0	0	0	0	0	0	0	96	0	0	0	0	0	0	
0	0	0	0	192	0	0	0	0	0	0	0	0	0	0	0	0	192	0	0	0	0	0	0	0	0	0	0	0	0	
0	0	0	192	0	0	0	0	0	0	0	0	0	0	0	0	0	0	0	0	0	0	0	0	0	192	0	0	0	0	
0	0	0	0	0	0	0	0	0	0	0	0	0	0	0	0	192	0	0	0	0	0	0	0	0	0	0	0	0	500	
0	0	0	0	0	0	0	0	0	0	0	0	48	0	0	0	0	0	0	0	0	0	0	48	0	0	0	0	0	0	
192	0	0	0	0	0	0	0	0	0	0	0	0	0	0	0	0	0	0	0	0	192	0	0	0	0	0	0	0	0	
0	0	0	0	0	0	0	0	0	0	0	0	0	0	0	96	0	0	0	0	0	0	0	0	96	0	0	0	0	0	
0	0	96	0	0	0	0	0	0	0	0	0	0	0	96	0	0	0	0	0	0	0	0	0	0	0	0	0	0	0	
0	0	0	0	0	0	0	0	0	0	0	0	96	0	0	0	0	192	0	0	0	0	0	0	0	48	0	0	0	0	
0	0	0	0	0	0	0	0	0	0	0	0	0	96	0	500	0	0	500	0	0	0	0	0	500	0	0	0	0	0	
0	0	0	0	0	0	48	0	0	0	96	0	0	0	0	0	0	0	0	0	0	0	0	0	0	0	0	0	0	0	
0	0	0	0	0	0	0	0	0	0	0	96	0	0	0	0	96	0	96	0	0	0	0	0	0	0	0	96	0	0	
0	0	0	0	0	0	0	0	0	96	0	0	0	0	0	48	0	500	0	0	48	0	0	0	0	0	0	0	0	0	
0	0	0	0	0	0	0	0	96	0	0	500	0	0	48	0	0	0	0	0	48	0	0	0	0	0	0	0	48	0	
0	0	0	0	0	192	0	0	0	0	0	0	0	96	0	0	0	0	0	0	0	0	0	0	0	0	0	500	0	0	
0	0	0	192	0	0	0	0	0	0	192	0	0	0	500	0	0	0	0	0	0	0	0	0	0	0	0	0	0	0	
0	0	0	0	0	0	0	0	0	0	0	500	0	96	0	0	0	0	0	0	0	0	0	0	0	0	0	192	0	0	
0	192	0	0	0	0	0	0	0	0	0	0	0	0	0	0	0	0	0	0	0	0	0	0	0	0	0	192	0	0	
0	0	0	0	0	0	0	0	0	0	0	0	0	0	48	48	0	0	0	0	0	0	0	0	0	0	0	0	500	0	
0	0	0	0	0	0	0	192	0	0	0	0	0	0	0	0	0	0	0	0	0	0	48	0	0	0	48	0	0	500	
0	0	0	0	0	0	0	0	0	0	0	0	0	0	0	0	0	0	0	0	0	48	0	0	0	0	0	0	0	500	
0	0	96	0	0	0	48	0	0	0	0	0	0	0	0	0	0	0	0	0	0	0	0	0	0	0	0	0	0	0	
0	0	0	0	0	0	0	0	96	0	0	500	0	0	0	0	0	0	0	0	0	0	0	0	0	0	0	0	0	0	
0	0	0	0	192	0	0	0	0	0	48	0	0	0	0	0	0	0	0	0	0	0	0	0	0	0	0	0	0	0	
48	0	0	0	0	0	0	0	0	0	0	0	0	0	0	0	0	0	0	0	0	48	0	0	0	0	0	0	0	0	
0	96	0	0	0	0	0	0	0	0	0	0	0	96	0	0	500	0	192	192	0	0	0	0	0	0	0	0	0	0	
0	0	0	0	0	0	0	0	0	0	0	0	0	0	0	48	0	0	0	0	500	0	0	0	0	0	0	0	0	0	
0	0	0	0	0	500	0	0	0	0	0	0	0	0	0	0	0	0	0	0	0	500	500	0	0	0	0	0	0	0	
7	9	27	9	22	2	8	29	22	22	9	17	26	20	0	11	22	21	6	9	13	18	13	9	22	12	29	25	21	20	18	12	7	23	7	8	9	21	17	21	5	29	9	27	12	20	10	6	25	11	15	15	10	9	21	22	16	10	11	16	15	10	8	0	0	26	15	16	6	22	3	14	1	11	7	29	8	26	1	2	26	25	29	5	14	21	17	15	7	22	8	12	9	16	22	12	6	26	13	8	7	7	20	20	17	12	15	25	0	26	14	17	3	9	28	7	23	16	13	23	22	6	0	1	7	6	1	24	9	15	12	8	23	12	26	5	3	3	3	21	29	19	11	4	12	16	6	24	13	2	1	13	17	21	20	17	9	27	22	1	29	9	15	29	7	9	7	10	12	28	19	19	19	27	25	25	9	25	11	0	21	9	15	17	3	28	22	4	19	4	21	14	12	0	22	29	27	5	11	3	13	28	28	17	6	6	6	17	13	26	29	20	5	15	3	11	2	15	25	4	29	3	21	1	2	26	28	21	12	13	24	17	24	25	7	17	18	0	17	6	29	7	1	0	10	12	21	27	25	25	1	27	29	25	2	16	11	27	14	7	27	
2	14	7	12	1	0	27	12	29	21	11	19	26	15	16	24	21	13	25	27	8	6	27	16	20	12	8	6	7	13	11	27	2	12	4	20	1	22	10	14	5	17	28	5	2	2	18	1	9	17	19	8	8	8	29	9	13	12	1	5	20	10	11	12	29	29	8	17	16	13	0	14	0	24	0	27	18	27	20	7	12	29	1	5	0	18	8	23	4	28	22	7	26	0	27	20	20	11	5	22	14	3	13	20	5	13	12	19	2	16	25	7	13	17	27	16	18	19	25	7	23	13	26	0	6	13	25	3	27	26	27	15	15	15	13	7	24	18	18	1	13	19	27	7	8	5	29	28	24	11	16	5	21	19	14	18	6	11	6	1	9	14	16	7	9	9	24	24	10	26	21	5	11	16	21	23	4	14	24	15	6	15	3	4	11	24	4	19	29	24	16	18	2	11	9	2	2	16	18	13	21	22	7	13	25	19	21	15	14	5	23	24	24	25	4	22	7	12	27	21	21	14	18	4	18	26	2	18	6	6	11	23	25	26	8	5	13	22	8	15	4	10	2	1	14	10	27	3	13	5	16	6	1	11	16	1	3	19	4	22	27	
29	39	30	33	25	40	27	40	26	24	23	33	25	23	36	37	27	29	22	23	21	38	30	31	36	30	23	23	40	28	33	22	27	35	23	23	37	34	26	24	27	31	22	21	34	40	40	26	22	25	23	40	21	26	39	28	30	37	40	22	35	27	40	33	31	23	33	36	39	30	35	23	39	26	33	24	30	35	36	32	26	40	23	33	40	24	37	38	26	36	38	37	20	20	20	29	30	31	32	26	38	25	38	22	31	26	31	23	23	24	20	22	40	24	30	31	39	39	22	30	30	40	33	35	22	24	35	37	35	33	33	37	30	32	30	34	35	38	35	21	36	21	31	34	39	32	28	30	29	32	24	40	21	29	38	38	23	20	37	28	36	30	24	34	24	22	39	34	20	32	31	38	27	40	31	40	29	40	20	22	21	26	36	28	21	32	24	29	26	38	33	31	27	28	32	27	33	34	22	31	23	20	21	30	32	34	30	23	35	39	39	26	39	37	22	25	22	21	28	35	21	28	30	23	21	30	21	38	24	26	37	26	21	27	38	38	40	25	31	27	37	23	29	29	23	38	33	38	26	30	21	26	33	32	35	32	36	30	29	22	35	
35	17	43	20	38	40	29	27	13	36	27	49	38	47	19	50	10	36	48	10	13	49	48	29	48	35	38	45	32	19	24	44	18	50	46	35	20	34	20	20	31	16	25	47	44	42	25	36	41	46	29	24	36	37	17	38	41	15	21	41	43	36	10	39	34	11	42	37	46	31	47	24	34	30	33	45	47	48	46	36	10	49	14	43	26	36	35	18	25	30	25	12	24	49	17	18	26	49	32	19	10	26	45	42	33	14	32	34	23	19	30	22	34	31	33	18	48	33	11	12	24	50	19	42	31	19	33	47	19	17	35	16	20	10	48	24	36	36	43	27	16	14	17	18	17	11	36	24	15	46	39	45	33	50	35	42	19	21	16	14	41	49	21	19	28	19	26	15	37	32	24	47	34	33	10	34	24	46	42	21	36	35	14	46	20	49	21	14	13	34	41	35	44	39	12	40	21	29	28	47	21	43	37	16	30	30	18	24	41	32	42	45	44	34	10	48	36	16	41	33	47	15	13	31	12	45	37	22	24	10	24	32	14	22	31	16	39	46	50	21	12	19	25	15	43	21	46	46	50	17	41	10	17	34	47	25	46	14	24	50	22	
0.5
60
