217
30
0	0	0	0	0	0	0	0	0	0	0	0	48	0	0	0	0	48	0	0	0	0	0	0	0	0	0	0	0	0	
0	0	0	0	0	0	0	0	500	0	0	0	0	0	0	0	0	0	0	500	0	0	0	0	0	0	0	0	0	0	
0	0	0	0	0	0	0	0	0	0	0	0	0	0	0	0	0	0	0	0	0	96	0	0	192	0	0	0	0	0	
0	0	0	0	0	0	0	0	48	0	0	0	0	0	0	0	500	0	0	0	0	0	0	0	0	0	0	0	0	0	
0	0	0	0	0	0	0	0	0	0	0	0	0	0	0	96	0	0	0	0	0	0	0	0	0	0	500	0	0	0	
0	0	0	0	0	0	0	500	0	500	0	192	0	0	0	0	0	0	0	0	0	0	0	0	0	0	0	0	48	0	
0	0	0	0	0	0	0	0	0	0	0	0	0	0	0	0	0	0	0	0	0	0	0	500	0	0	0	500	0	0	
0	0	0	0	0	500	0	0	0	0	0	96	0	0	0	0	0	0	0	0	0	0	0	0	0	0	0	0	500	0	
0	500	0	48	0	0	0	0	0	0	0	0	0	0	0	0	0	0	0	0	0	0	0	0	0	0	0	0	0	0	
0	0	0	0	0	500	0	0	0	0	0	0	0	0	0	0	0	0	0	0	0	0	0	0	0	0	96	0	0	0	
0	0	0	0	0	0	0	0	0	0	0	0	0	48	0	0	0	48	0	0	0	0	48	0	0	0	0	0	0	0	
0	0	0	0	0	192	0	96	0	0	0	0	0	0	0	0	0	0	0	0	0	0	0	0	0	0	0	0	0	0	
48	0	0	0	0	0	0	0	0	0	0	0	0	0	0	0	0	0	0	0	0	0	0	0	0	0	0	192	0	0	
0	0	0	0	0	0	0	0	0	0	48	0	0	0	0	0	0	0	0	0	0	0	0	0	0	96	0	0	0	0	
0	0	0	0	0	0	0	0	0	0	0	0	0	0	0	500	0	0	0	0	0	48	0	0	0	0	48	0	0	0	
0	0	0	0	96	0	0	0	0	0	0	0	0	0	500	0	0	0	0	0	0	0	0	0	0	0	0	0	0	0	
0	0	0	500	0	0	0	0	0	0	0	0	0	0	0	0	0	0	0	0	96	0	0	48	0	0	0	0	0	0	
48	0	0	0	0	0	0	0	0	0	48	0	0	0	0	0	0	0	0	0	0	0	0	0	0	0	0	0	0	0	
0	0	0	0	0	0	0	0	0	0	0	0	0	0	0	0	0	0	0	96	0	192	0	0	0	0	0	0	0	500	
0	500	0	0	0	0	0	0	0	0	0	0	0	0	0	0	0	0	96	0	0	0	0	0	0	0	0	0	0	500	
0	0	0	0	0	0	0	0	0	0	0	0	0	0	0	0	96	0	0	0	0	0	0	0	192	0	0	0	0	0	
0	0	96	0	0	0	0	0	0	0	0	0	0	0	48	0	0	0	192	0	0	0	0	0	0	0	0	0	0	0	
0	0	0	0	0	0	0	0	0	0	48	0	0	0	0	0	0	0	0	0	0	0	0	0	0	192	0	0	0	0	
0	0	0	0	0	0	500	0	0	0	0	0	0	0	0	0	48	0	0	0	0	0	0	0	0	0	0	0	0	0	
0	0	192	0	0	0	0	0	0	0	0	0	0	0	0	0	0	0	0	0	192	0	0	0	0	0	0	0	0	0	
0	0	0	0	0	0	0	0	0	0	0	0	0	96	0	0	0	0	0	0	0	0	192	0	0	0	0	0	0	0	
0	0	0	0	500	0	0	0	0	96	0	0	0	0	48	0	0	0	0	0	0	0	0	0	0	0	0	0	0	0	
0	0	0	0	0	0	500	0	0	0	0	0	192	0	0	0	0	0	0	0	0	0	0	0	0	0	0	0	0	0	
0	0	0	0	0	48	0	500	0	0	0	0	0	0	0	0	0	0	0	0	0	0	0	0	0	0	0	0	0	0	
0	0	0	0	0	0	0	0	0	0	0	0	0	0	0	0	0	0	500	500	0	0	0	0	0	0	0	0	0	0	
13	26	29	20	5	25	19	20	1	15	7	4	20	25	18	26	27	8	11	1	24	11	7	10	28	15	0	27	26	23	2	9	24	24	28	1	14	25	3	9	9	14	7	28	10	9	22	22	1	11	1	14	12	4	11	16	28	14	2	9	18	20	24	7	14	12	27	5	23	22	10	14	0	19	18	20	18	27	18	16	10	7	18	13	7	17	18	9	29	10	14	26	29	6	3	14	6	26	28	17	22	19	21	15	17	3	14	24	24	19	18	0	24	19	6	17	15	8	8	9	9	19	0	16	29	13	10	28	28	9	13	17	13	8	18	11	2	21	12	22	19	11	17	1	27	5	13	1	14	8	23	0	4	21	25	7	11	27	25	17	13	15	22	4	16	22	3	1	13	13	2	28	3	3	19	16	19	4	27	17	26	3	22	16	15	2	9	19	11	20	29	23	14	0	28	6	3	9	26	11	6	19	25	0	11	5	20	15	21	23	22	2	5	24	21	25	10	
20	6	10	0	21	22	19	3	24	14	24	1	22	13	4	23	7	25	15	15	25	19	29	13	3	23	21	29	27	27	6	10	2	18	19	4	12	27	2	21	25	25	21	27	10	7	15	12	21	27	13	26	29	27	1	5	7	28	16	7	19	24	5	14	28	26	28	19	19	17	8	26	15	29	3	20	12	29	14	4	25	28	16	22	26	17	5	7	11	4	3	0	23	24	25	20	18	6	18	16	2	11	6	24	2	5	20	7	27	5	15	22	3	24	14	17	16	1	11	1	17	24	8	22	4	29	26	14	17	26	0	29	3	11	28	29	2	3	24	20	27	22	14	18	2	18	20	24	23	12	22	24	17	20	6	19	0	13	6	17	19	16	12	29	20	12	13	11	9	10	4	11	27	9	17	15	9	12	14	7	3	29	28	25	7	19	18	21	6	8	21	4	2	14	19	0	19	18	11	14	10	22	12	18	15	26	13	27	8	9	25	17	2	4	26	22	15	
28	39	21	32	31	37	38	27	28	20	26	23	21	30	33	32	37	27	24	37	26	40	39	27	31	32	24	40	39	29	35	39	30	22	25	33	40	37	35	33	27	28	27	38	40	30	24	40	24	40	35	30	30	25	35	33	20	39	39	27	39	20	20	36	28	34	27	23	25	28	37	33	35	28	40	34	31	30	36	23	23	29	27	37	39	21	36	36	35	23	30	35	37	38	40	32	33	27	35	32	21	29	23	39	22	38	38	29	40	35	34	36	25	23	36	26	28	37	36	38	23	32	23	33	25	34	35	31	29	33	37	22	39	29	31	26	20	20	35	40	37	32	28	39	21	35	22	29	39	34	24	24	26	38	29	40	21	35	39	21	29	27	25	23	36	32	20	24	35	31	30	30	21	33	33	34	37	23	34	27	26	34	28	36	20	20	34	28	23	21	27	27	30	36	40	31	29	37	25	29	23	28	34	27	38	40	35	27	27	21	27	39	31	24	21	22	31	
45	42	20	40	40	15	44	19	21	27	27	44	50	47	36	44	12	27	41	50	35	14	25	14	44	13	26	14	35	21	47	12	40	16	30	36	19	40	23	49	13	45	13	39	32	29	26	46	32	22	38	36	48	46	35	31	44	22	30	17	47	16	46	24	34	30	16	23	49	20	34	46	45	10	19	17	39	43	12	11	17	44	32	15	45	19	42	20	42	21	33	37	16	38	28	24	33	29	38	36	44	39	39	43	14	46	24	24	26	29	18	15	20	20	44	33	20	25	16	40	48	28	16	39	28	25	14	49	15	44	10	17	23	44	19	47	40	29	22	46	21	46	44	21	13	44	36	10	43	10	44	23	26	33	24	26	22	29	48	13	50	35	24	24	31	15	25	41	26	19	25	14	11	25	32	24	14	31	11	16	20	28	23	12	45	45	26	33	24	29	10	32	18	30	21	29	48	20	11	50	43	18	12	47	42	43	36	36	21	24	31	12	18	16	28	35	42	
10
50
