304
30
0	0	0	0	0	0	0	0	0	0	0	0	0	0	0	48	0	0	0	96	0	0	0	0	0	0	0	0	0	0	
0	0	0	96	0	0	0	0	0	0	0	48	0	0	0	0	0	0	0	0	0	0	0	0	0	0	96	0	0	96	
0	0	0	0	0	0	0	0	0	192	0	0	0	500	0	0	0	0	0	0	0	0	0	0	0	0	0	0	192	0	
0	96	0	0	0	0	0	0	0	0	0	96	0	0	0	0	0	0	0	0	0	0	0	0	0	0	0	0	0	0	
0	0	0	0	0	0	0	0	0	0	0	0	0	0	0	96	0	0	0	0	0	0	192	0	0	0	0	0	0	0	
0	0	0	0	0	0	0	0	0	0	0	0	0	0	0	0	0	0	0	500	0	48	48	0	0	0	0	0	0	0	
0	0	0	0	0	0	0	0	0	0	0	0	0	0	0	0	96	0	0	0	48	0	0	0	0	0	0	0	0	0	
0	0	0	0	0	0	0	0	0	0	96	0	0	0	0	0	0	0	96	192	96	0	0	0	0	0	0	0	0	0	
0	0	0	0	0	0	0	0	0	0	0	0	500	0	48	0	0	0	0	0	0	0	0	0	0	0	0	0	0	0	
0	0	192	0	0	0	0	0	0	0	0	0	0	48	0	0	0	0	0	0	0	0	0	0	0	0	0	0	0	0	
0	0	0	0	0	0	0	96	0	0	0	0	0	0	0	0	48	0	0	0	0	0	0	0	0	0	0	48	0	0	
0	48	0	96	0	0	0	0	0	0	0	0	0	0	0	0	0	0	0	0	0	0	0	0	0	0	48	0	0	0	
0	0	0	0	0	0	0	0	500	0	0	0	0	0	0	0	0	500	0	0	0	0	0	0	0	0	0	0	0	0	
0	0	500	0	0	0	0	0	0	48	0	0	0	0	0	0	0	0	0	0	0	0	0	0	0	0	0	0	0	0	
0	0	0	0	0	0	0	0	48	0	0	0	0	0	0	0	0	96	0	0	0	0	0	0	0	0	0	48	0	48	
48	0	0	0	96	0	0	0	0	0	0	0	0	0	0	0	0	0	0	0	0	0	0	0	0	0	0	0	0	0	
0	0	0	0	0	0	96	0	0	0	48	0	0	0	0	0	0	0	0	0	0	0	0	0	0	0	0	0	0	0	
0	0	0	0	0	0	0	0	0	0	0	0	500	0	96	0	0	0	500	0	0	0	0	0	0	0	0	48	0	0	
0	0	0	0	0	0	0	96	0	0	0	0	0	0	0	0	0	500	0	0	0	0	0	0	0	0	0	48	0	0	
96	0	0	0	0	500	0	192	0	0	0	0	0	0	0	0	0	0	0	0	0	0	0	0	0	0	0	0	0	0	
0	0	0	0	0	0	48	96	0	0	0	0	0	0	0	0	0	0	0	0	0	0	0	0	0	0	0	0	0	0	
0	0	0	0	0	48	0	0	0	0	0	0	0	0	0	0	0	0	0	0	0	0	0	0	500	0	0	0	0	0	
0	0	0	0	192	48	0	0	0	0	0	0	0	0	0	0	0	0	0	0	0	0	0	0	0	0	0	0	0	0	
0	0	0	0	0	0	0	0	0	0	0	0	0	0	0	0	0	0	0	0	0	0	0	0	96	48	0	0	0	0	
0	0	0	0	0	0	0	0	0	0	0	0	0	0	0	0	0	0	0	0	0	500	0	96	0	0	0	0	0	0	
0	0	0	0	0	0	0	0	0	0	0	0	0	0	0	0	0	0	0	0	0	0	0	48	0	0	0	0	192	500	
0	96	0	0	0	0	0	0	0	0	0	48	0	0	0	0	0	0	0	0	0	0	0	0	0	0	0	0	0	0	
0	0	0	0	0	0	0	0	0	0	48	0	0	0	48	0	0	48	48	0	0	0	0	0	0	0	0	0	0	0	
0	0	192	0	0	0	0	0	0	0	0	0	0	0	0	0	0	0	0	0	0	0	0	0	0	192	0	0	0	96	
0	96	0	0	0	0	0	0	0	0	0	0	0	0	48	0	0	0	0	0	0	0	0	0	0	500	0	0	96	0	
27	15	1	7	11	0	9	24	17	25	7	18	24	24	5	5	13	27	24	10	20	21	27	17	4	4	6	6	22	7	23	7	13	3	26	28	7	19	0	14	19	4	6	9	26	17	1	28	14	10	25	0	18	22	25	12	28	6	26	29	23	9	0	29	8	8	19	18	25	19	14	11	5	0	29	18	19	16	2	5	7	13	11	24	16	12	13	15	21	28	3	9	24	17	2	22	26	0	5	28	24	29	9	10	26	22	25	21	15	28	18	14	0	0	5	20	13	21	17	1	11	20	29	18	17	7	8	25	27	25	9	6	25	21	1	17	29	8	17	20	28	1	22	14	27	15	3	29	23	11	15	27	18	25	8	22	14	18	14	8	17	7	17	3	12	9	8	13	10	11	17	21	4	17	6	9	6	0	22	25	14	21	3	27	25	7	11	25	6	13	21	9	24	14	16	8	20	9	24	16	6	17	26	10	22	24	11	3	16	5	18	4	14	19	27	22	2	9	0	23	16	28	1	12	2	16	25	1	2	6	21	8	15	18	15	9	0	29	9	0	2	10	9	21	0	6	7	23	14	11	16	28	16	12	15	20	1	29	28	9	10	21	1	15	22	23	10	4	25	18	25	4	10	21	11	8	28	20	27	18	29	12	1	6	8	18	15	28	27	7	6	6	19	26	4	11	7	0	19	1	21	6	29	4	
6	19	4	16	21	6	28	25	29	19	28	10	8	7	6	23	0	2	15	24	8	9	5	27	29	3	13	4	1	0	16	5	20	21	27	12	21	15	23	20	27	19	25	5	26	6	22	8	26	3	25	11	3	28	23	29	29	0	29	29	20	23	20	16	19	18	7	3	24	6	19	1	24	15	17	18	3	27	18	6	9	25	11	28	28	22	13	21	17	18	29	19	4	1	20	12	6	2	28	23	12	10	26	19	18	19	28	17	27	18	27	12	8	29	12	5	1	21	15	6	12	11	23	6	19	16	20	19	5	3	24	9	21	11	0	25	29	10	14	10	20	15	22	24	11	17	9	5	8	24	29	10	3	17	12	24	24	22	5	17	19	5	18	29	10	10	3	13	25	3	7	11	19	12	9	6	25	10	8	15	25	25	21	29	20	27	19	9	11	27	29	18	16	8	6	6	1	5	21	10	4	26	2	28	12	21	21	0	3	21	21	3	4	15	13	20	29	5	2	17	29	24	4	2	24	4	11	18	13	19	26	13	9	13	21	6	28	22	22	24	9	8	24	16	27	16	1	11	22	24	0	14	24	25	13	3	11	24	27	23	0	6	12	8	6	14	21	24	19	27	7	22	27	28	29	27	22	27	15	5	26	10	20	10	15	9	14	17	27	28	18	26	26	5	17	0	24	0	12	24	0	16	6	27	
23	37	32	39	37	38	34	25	21	37	31	31	27	28	37	36	39	23	31	36	20	23	34	39	36	22	37	27	26	34	35	36	36	37	25	32	30	20	25	33	28	36	20	36	23	38	26	25	40	26	34	30	31	22	31	40	37	31	33	37	33	31	24	40	25	22	32	23	36	40	38	40	38	30	35	31	38	33	22	28	33	36	27	20	37	21	21	35	35	21	22	30	30	23	33	27	27	28	20	27	35	25	31	30	33	31	33	36	27	32	30	36	35	37	39	33	36	24	26	29	35	24	20	28	20	28	40	26	40	24	37	30	39	31	30	30	24	25	29	28	28	27	29	33	21	21	27	32	22	27	31	34	38	25	40	27	35	25	39	29	32	37	26	29	23	21	30	27	35	30	22	40	38	37	22	33	24	21	27	29	37	40	38	26	23	29	32	28	23	31	24	21	21	39	38	33	25	29	38	35	35	37	27	36	20	26	40	24	31	28	38	29	20	29	37	36	33	28	33	32	22	27	28	35	25	25	36	23	37	23	20	29	35	24	29	36	31	39	37	23	36	28	33	38	24	38	24	34	31	28	22	22	28	30	32	35	26	31	37	40	39	32	36	39	38	32	29	30	34	22	26	31	24	39	40	35	31	20	26	26	26	40	33	33	24	24	27	34	27	39	39	26	35	40	26	32	34	23	28	25	26	20	29	36	
32	47	41	36	29	20	20	33	47	19	31	17	12	37	15	44	43	41	15	28	28	10	23	30	17	50	37	12	29	23	30	37	34	14	50	24	32	26	33	32	48	24	26	47	28	47	21	45	29	44	36	17	41	36	49	14	20	17	42	41	19	40	20	49	24	45	50	44	25	25	29	31	47	43	40	47	38	39	18	42	41	30	28	24	26	24	21	32	43	25	33	26	26	25	46	26	27	11	49	16	36	17	25	48	13	14	20	21	18	18	38	27	14	50	41	41	41	22	40	36	46	49	34	42	15	39	18	34	30	43	49	25	17	38	33	19	39	36	50	10	35	25	26	13	15	47	34	29	31	40	34	27	48	36	32	50	14	49	28	44	17	38	10	30	35	46	43	43	10	36	47	50	10	46	17	33	47	22	28	21	29	24	35	32	32	34	18	43	24	40	14	29	22	45	42	48	24	29	43	50	43	41	23	50	33	49	19	38	36	11	23	30	21	31	32	11	25	22	13	23	14	23	16	42	23	50	15	17	21	45	26	22	41	28	27	14	25	20	35	23	27	23	20	30	34	39	48	48	22	16	17	15	27	23	36	44	13	20	10	45	10	30	50	12	39	15	21	15	12	50	42	29	35	35	37	32	10	17	29	13	15	44	31	30	47	10	11	19	17	25	15	50	26	34	26	14	13	43	13	16	43	34	40	19	
20
70
