217
30
0	0	0	0	0	0	48	0	0	0	0	0	0	0	48	0	0	0	0	0	0	0	0	0	0	0	0	0	0	0	
0	0	0	0	0	0	0	0	0	0	0	0	0	0	0	0	0	0	0	0	0	0	0	0	0	0	500	0	192	0	
0	0	0	0	0	0	0	0	0	0	0	96	0	0	0	0	0	0	0	0	0	48	0	0	0	0	0	0	0	0	
0	0	0	0	0	0	0	48	192	0	0	0	0	0	0	0	500	0	0	0	0	0	0	0	0	0	500	0	48	0	
0	0	0	0	0	0	0	0	0	0	0	0	0	192	0	0	0	0	0	0	0	192	0	0	0	48	0	0	0	48	
0	0	0	0	0	0	0	0	0	0	0	0	96	0	0	0	0	0	500	0	0	0	0	0	0	0	0	0	0	0	
48	0	0	0	0	0	0	0	0	0	48	0	0	0	0	0	0	0	0	0	0	0	0	0	0	0	0	0	0	0	
0	0	0	48	0	0	0	0	192	0	0	0	0	0	0	0	0	0	0	0	0	0	0	0	0	0	0	0	0	0	
0	0	0	192	0	0	0	192	0	0	0	0	0	0	0	0	0	0	0	0	0	0	0	0	0	0	0	0	0	0	
0	0	0	0	0	0	0	0	0	0	0	0	0	0	48	0	192	192	0	0	0	0	48	0	0	0	0	0	0	0	
0	0	0	0	0	0	48	0	0	0	0	0	0	0	0	0	0	0	0	0	96	0	0	0	0	0	0	0	0	0	
0	0	96	0	0	0	0	0	0	0	0	0	0	0	0	0	0	0	96	0	0	0	0	0	0	0	0	0	0	0	
0	0	0	0	0	96	0	0	0	0	0	0	0	0	48	0	0	0	0	0	0	0	0	192	0	0	0	0	0	0	
0	0	0	0	192	0	0	0	0	0	0	0	0	0	0	0	0	0	0	96	0	48	0	0	0	48	0	0	0	192	
48	0	0	0	0	0	0	0	0	48	0	0	48	0	0	0	0	0	0	0	0	0	0	0	0	0	0	0	0	0	
0	0	0	0	0	0	0	0	0	0	0	0	0	0	0	0	0	0	0	0	500	0	0	0	0	0	0	500	0	0	
0	0	0	500	0	0	0	0	0	192	0	0	0	0	0	0	0	0	0	0	0	0	0	0	0	0	0	0	0	0	
0	0	0	0	0	0	0	0	0	192	0	0	0	0	0	0	0	0	0	0	0	0	0	0	48	0	0	0	0	0	
0	0	0	0	0	500	0	0	0	0	0	96	0	0	0	0	0	0	0	0	0	0	0	0	0	0	0	0	0	0	
0	0	0	0	0	0	0	0	0	0	0	0	0	96	0	0	0	0	0	0	0	0	0	0	0	192	0	0	0	0	
0	0	0	0	0	0	0	0	0	0	96	0	0	0	0	500	0	0	0	0	0	0	0	0	0	0	0	48	0	0	
0	0	48	0	192	0	0	0	0	0	0	0	0	48	0	0	0	0	0	0	0	0	0	0	0	0	0	0	0	192	
0	0	0	0	0	0	0	0	0	48	0	0	0	0	0	0	0	0	0	0	0	0	0	0	500	0	0	0	0	0	
0	0	0	0	0	0	0	0	0	0	0	0	192	0	0	0	0	0	0	0	0	0	0	0	192	500	0	500	0	0	
0	0	0	0	0	0	0	0	0	0	0	0	0	0	0	0	0	48	0	0	0	0	500	192	0	0	0	0	0	0	
0	0	0	0	48	0	0	0	0	0	0	0	0	48	0	0	0	0	0	192	0	0	0	500	0	0	0	0	0	0	
0	500	0	500	0	0	0	0	0	0	0	0	0	0	0	0	0	0	0	0	0	0	0	0	0	0	0	0	0	0	
0	0	0	0	0	0	0	0	0	0	0	0	0	0	0	500	0	0	0	0	48	0	0	500	0	0	0	0	0	0	
0	192	0	48	0	0	0	0	0	0	0	0	0	0	0	0	0	0	0	0	0	0	0	0	0	0	0	0	0	0	
0	0	0	0	48	0	0	0	0	0	0	0	0	192	0	0	0	0	0	0	0	192	0	0	0	0	0	0	0	0	
13	26	14	17	27	6	13	5	7	5	6	19	24	16	12	23	8	13	15	11	14	9	0	8	13	26	21	7	7	2	10	7	10	29	0	5	1	29	28	19	5	18	18	20	8	2	6	28	17	9	6	16	27	19	12	26	12	29	27	3	29	23	12	28	23	15	8	6	16	17	23	24	14	13	18	9	28	23	10	22	27	5	12	23	9	23	10	13	19	3	9	6	8	3	29	11	14	29	0	8	11	0	29	14	16	20	10	18	16	25	11	23	20	3	25	0	2	6	9	25	25	22	11	20	24	1	17	16	2	23	24	21	26	14	18	0	22	16	1	13	12	1	26	19	8	0	25	8	3	13	24	21	29	18	20	25	21	17	22	19	20	20	26	11	22	21	28	8	2	6	15	26	8	1	1	6	19	26	12	12	18	12	5	1	3	5	0	1	5	12	8	20	0	13	1	19	19	5	23	3	19	14	29	16	22	2	29	8	28	27	10	2	6	11	12	22	29	
3	3	7	0	3	29	14	16	26	19	0	9	4	25	16	3	8	5	25	18	6	18	19	12	22	28	11	20	23	9	20	16	1	19	29	13	9	9	27	27	4	29	1	15	13	27	6	10	18	5	4	8	20	0	23	22	12	6	23	25	27	5	3	14	26	18	21	10	5	1	20	7	13	16	29	6	12	21	27	26	0	9	4	3	24	18	17	10	8	4	21	28	28	10	18	16	26	10	2	26	0	16	26	5	1	4	28	10	23	27	14	5	20	3	21	17	14	16	25	21	17	1	4	6	12	12	3	0	17	13	13	22	10	12	26	15	7	12	17	19	10	7	27	21	6	21	7	18	11	11	16	1	17	29	15	4	9	21	22	8	29	29	0	28	5	13	12	12	7	10	24	1	17	18	23	12	24	20	4	20	8	4	8	9	23	8	10	26	5	9	27	18	18	8	25	27	23	15	9	10	18	17	0	0	1	25	0	0	24	1	24	7	7	15	0	13	15	
20	28	21	38	35	37	35	25	37	30	33	29	34	37	35	36	20	21	21	38	40	34	33	30	27	20	25	23	22	24	31	20	36	27	33	27	24	32	25	29	33	24	32	24	20	20	32	38	36	32	31	26	29	24	22	25	39	33	33	20	28	35	36	34	34	20	37	34	25	22	31	39	34	30	20	39	34	39	30	22	36	35	23	32	34	31	35	31	22	31	34	37	32	29	27	34	21	24	34	26	28	22	31	34	20	31	24	20	29	21	21	23	25	30	25	35	33	38	28	25	34	30	33	32	28	34	32	35	23	38	35	35	28	20	27	30	30	26	29	20	21	25	32	29	26	24	20	37	27	36	28	24	28	33	22	29	34	37	21	23	26	37	20	23	28	23	36	34	32	33	28	31	37	29	34	40	20	39	23	40	25	29	28	29	36	20	22	28	39	21	22	21	30	20	28	40	30	24	24	35	40	33	27	35	40	36	27	22	25	27	33	22	31	29	20	20	40	
41	43	48	46	26	27	16	47	33	26	24	12	16	24	23	18	16	20	27	28	43	27	14	43	43	47	17	27	32	33	32	24	29	47	43	20	25	21	42	18	50	15	30	46	36	20	17	41	36	19	16	39	12	42	36	50	34	14	23	29	34	28	24	34	39	48	12	37	46	46	47	46	30	23	37	25	44	28	10	16	34	19	41	47	27	24	22	44	35	11	10	36	23	12	32	49	33	34	16	28	46	24	40	32	36	13	33	46	22	12	43	31	24	48	27	23	12	19	41	47	19	26	27	47	46	41	11	41	18	30	20	16	46	35	32	28	31	43	50	15	15	50	31	43	20	39	45	32	20	35	10	31	42	33	22	34	27	21	43	42	24	13	47	39	21	45	29	34	31	49	35	38	48	27	27	32	27	29	43	13	25	36	32	27	34	29	26	19	37	41	24	22	49	49	11	20	48	49	31	14	40	15	36	44	43	21	38	22	27	26	10	29	32	42	23	15	10	
10
50
