261
30
0	0	0	0	0	0	48	0	0	0	0	0	0	0	48	0	0	0	0	0	0	0	0	0	0	0	0	0	0	0	
0	0	0	0	0	0	0	0	0	0	0	0	0	0	0	0	0	0	0	0	0	0	0	0	0	0	500	0	192	0	
0	0	0	0	0	0	0	0	0	0	0	96	0	0	0	0	0	0	0	0	0	48	0	0	0	0	0	0	0	0	
0	0	0	0	0	0	0	48	192	0	0	0	0	0	0	0	500	0	0	0	0	0	0	0	0	0	500	0	48	0	
0	0	0	0	0	0	0	0	0	0	0	0	0	192	0	0	0	0	0	0	0	192	0	0	0	48	0	0	0	48	
0	0	0	0	0	0	0	0	0	0	0	0	96	0	0	0	0	0	500	0	0	0	0	0	0	0	0	0	0	0	
48	0	0	0	0	0	0	0	0	0	48	0	0	0	0	0	0	0	0	0	0	0	0	0	0	0	0	0	0	0	
0	0	0	48	0	0	0	0	192	0	0	0	0	0	0	0	0	0	0	0	0	0	0	0	0	0	0	0	0	0	
0	0	0	192	0	0	0	192	0	0	0	0	0	0	0	0	0	0	0	0	0	0	0	0	0	0	0	0	0	0	
0	0	0	0	0	0	0	0	0	0	0	0	0	0	48	0	192	192	0	0	0	0	48	0	0	0	0	0	0	0	
0	0	0	0	0	0	48	0	0	0	0	0	0	0	0	0	0	0	0	0	96	0	0	0	0	0	0	0	0	0	
0	0	96	0	0	0	0	0	0	0	0	0	0	0	0	0	0	0	96	0	0	0	0	0	0	0	0	0	0	0	
0	0	0	0	0	96	0	0	0	0	0	0	0	0	48	0	0	0	0	0	0	0	0	192	0	0	0	0	0	0	
0	0	0	0	192	0	0	0	0	0	0	0	0	0	0	0	0	0	0	96	0	48	0	0	0	48	0	0	0	192	
48	0	0	0	0	0	0	0	0	48	0	0	48	0	0	0	0	0	0	0	0	0	0	0	0	0	0	0	0	0	
0	0	0	0	0	0	0	0	0	0	0	0	0	0	0	0	0	0	0	0	500	0	0	0	0	0	0	500	0	0	
0	0	0	500	0	0	0	0	0	192	0	0	0	0	0	0	0	0	0	0	0	0	0	0	0	0	0	0	0	0	
0	0	0	0	0	0	0	0	0	192	0	0	0	0	0	0	0	0	0	0	0	0	0	0	48	0	0	0	0	0	
0	0	0	0	0	500	0	0	0	0	0	96	0	0	0	0	0	0	0	0	0	0	0	0	0	0	0	0	0	0	
0	0	0	0	0	0	0	0	0	0	0	0	0	96	0	0	0	0	0	0	0	0	0	0	0	192	0	0	0	0	
0	0	0	0	0	0	0	0	0	0	96	0	0	0	0	500	0	0	0	0	0	0	0	0	0	0	0	48	0	0	
0	0	48	0	192	0	0	0	0	0	0	0	0	48	0	0	0	0	0	0	0	0	0	0	0	0	0	0	0	192	
0	0	0	0	0	0	0	0	0	48	0	0	0	0	0	0	0	0	0	0	0	0	0	0	500	0	0	0	0	0	
0	0	0	0	0	0	0	0	0	0	0	0	192	0	0	0	0	0	0	0	0	0	0	0	192	500	0	500	0	0	
0	0	0	0	0	0	0	0	0	0	0	0	0	0	0	0	0	48	0	0	0	0	500	192	0	0	0	0	0	0	
0	0	0	0	48	0	0	0	0	0	0	0	0	48	0	0	0	0	0	192	0	0	0	500	0	0	0	0	0	0	
0	500	0	500	0	0	0	0	0	0	0	0	0	0	0	0	0	0	0	0	0	0	0	0	0	0	0	0	0	0	
0	0	0	0	0	0	0	0	0	0	0	0	0	0	0	500	0	0	0	0	48	0	0	500	0	0	0	0	0	0	
0	192	0	48	0	0	0	0	0	0	0	0	0	0	0	0	0	0	0	0	0	0	0	0	0	0	0	0	0	0	
0	0	0	0	48	0	0	0	0	0	0	0	0	192	0	0	0	0	0	0	0	192	0	0	0	0	0	0	0	0	
27	28	3	10	15	12	17	29	28	26	1	0	10	11	3	11	22	9	16	8	26	21	7	23	2	27	17	25	0	17	12	5	16	20	13	26	26	0	18	20	14	25	6	5	6	16	25	20	24	22	20	6	27	7	5	3	19	5	22	11	25	21	20	4	17	9	26	6	14	17	21	25	0	16	14	25	29	24	29	6	24	10	25	24	20	26	20	2	9	12	29	29	16	9	2	17	20	25	22	6	23	19	4	10	22	13	29	29	11	21	24	11	16	2	26	26	3	13	18	10	16	4	2	3	11	13	21	2	2	2	27	1	6	22	25	3	19	4	23	19	26	16	6	17	21	24	3	12	13	4	1	17	2	5	5	26	8	11	21	3	23	17	13	27	9	4	24	9	14	11	22	16	28	9	6	0	22	9	12	23	12	16	3	13	11	23	3	14	14	5	21	0	29	2	6	20	23	26	29	9	27	14	28	10	1	9	0	16	5	24	25	18	14	22	26	3	26	22	13	0	22	10	21	0	12	26	16	0	9	16	26	17	13	5	16	14	4	2	27	3	12	27	23	11	3	20	6	13	11	10	17	14	14	27	18	0	24	15	8	3	5	
15	18	27	8	16	22	4	22	28	20	24	29	13	6	6	18	6	25	29	23	14	22	13	4	28	12	15	14	15	16	4	22	2	14	6	18	29	27	12	19	1	18	27	21	23	9	24	16	23	13	28	7	27	3	13	20	5	8	20	17	13	17	4	8	22	8	21	29	22	0	24	25	19	0	26	8	26	21	1	18	3	28	10	15	12	23	28	10	26	25	7	23	21	29	20	24	11	27	4	19	4	15	10	10	18	2	29	6	24	2	19	3	3	21	19	9	3	18	12	22	9	7	10	9	26	20	26	14	1	10	5	18	15	6	20	12	22	12	3	15	5	7	15	10	23	6	1	12	8	0	9	3	18	18	14	15	21	17	7	21	1	19	23	3	27	3	24	25	20	28	29	21	2	6	5	23	14	16	0	19	17	19	17	12	9	26	17	26	26	22	29	9	23	21	21	0	6	0	4	11	20	8	17	2	23	24	24	21	17	11	14	6	8	11	28	15	24	27	19	11	20	4	16	16	16	15	25	8	14	10	6	24	25	18	18	27	27	12	25	12	2	17	5	5	6	26	10	10	12	3	10	18	12	19	5	27	12	3	20	27	23	
28	32	29	24	33	20	35	26	33	33	37	31	20	24	32	24	34	32	37	37	31	24	33	22	38	20	28	20	20	25	32	27	34	31	27	20	33	21	20	35	38	40	36	20	30	23	33	22	24	37	22	28	38	22	31	34	27	20	28	27	33	27	32	29	36	23	30	37	34	40	38	27	25	34	25	33	22	25	20	36	23	38	26	37	35	32	32	37	38	24	40	38	23	40	34	27	32	37	25	35	28	39	20	31	21	21	25	26	31	25	27	33	27	21	29	20	26	35	36	33	22	31	21	24	39	36	26	32	38	31	20	23	38	25	31	30	37	23	24	20	31	40	20	25	36	29	33	32	35	40	31	32	23	35	37	39	35	26	30	39	26	23	35	21	35	33	35	40	35	29	28	26	20	23	22	26	31	39	31	38	34	36	31	23	21	27	37	29	36	32	39	35	28	21	25	22	37	40	21	23	27	21	25	33	38	28	40	20	25	36	38	30	26	39	37	37	31	40	39	24	33	39	21	33	26	37	39	36	20	32	25	29	25	30	31	30	40	25	21	29	35	21	34	40	23	20	36	26	24	26	29	36	38	32	37	20	34	29	22	39	31	
20	26	24	32	23	35	13	23	44	26	32	35	22	49	29	39	12	23	25	46	37	12	16	25	17	26	29	23	36	13	19	16	44	21	39	27	38	25	28	44	36	38	13	21	26	39	39	35	44	46	43	48	33	29	21	35	16	30	25	44	15	41	19	34	25	41	36	34	28	22	25	42	50	47	18	27	42	10	14	50	37	43	37	45	13	19	43	30	31	38	41	27	17	15	37	20	10	44	37	36	13	25	49	32	22	31	46	19	27	13	19	38	27	21	31	50	26	39	30	15	49	12	25	18	47	45	45	36	28	49	32	30	17	24	41	20	41	40	20	50	20	16	24	24	13	41	36	38	18	27	44	13	35	50	40	49	31	48	42	15	44	14	43	28	19	47	39	27	40	20	19	13	16	39	29	12	49	12	12	31	12	15	27	28	44	50	17	25	38	45	41	44	31	19	33	13	43	12	48	19	49	35	48	44	22	38	48	25	43	13	11	25	30	41	32	35	16	42	18	19	42	34	23	14	20	45	10	32	36	29	17	40	40	49	25	33	13	13	28	26	40	42	16	34	44	12	16	38	15	24	35	36	40	13	10	31	16	38	19	15	46	
0.5
60
