391
30
0	0	0	0	0	0	0	0	48	0	192	0	0	0	0	96	0	0	500	0	0	0	0	0	0	0	0	0	0	0	
0	0	0	0	0	500	0	0	0	0	0	0	0	0	0	0	0	0	0	0	0	192	192	0	0	0	0	0	0	0	
0	0	0	0	0	192	0	0	0	0	0	0	0	192	0	0	0	0	0	48	0	0	0	0	0	0	0	0	0	0	
0	0	0	0	0	0	0	0	0	0	0	0	0	0	0	0	0	0	0	0	96	0	0	0	0	192	0	0	48	0	
0	0	0	0	0	0	500	0	0	0	0	0	0	0	0	0	0	0	0	0	0	0	0	0	192	0	0	0	0	0	
0	500	192	0	0	0	0	0	0	0	0	0	0	0	0	0	0	0	0	0	0	0	0	0	0	0	0	0	0	0	
0	0	0	0	500	0	0	0	0	0	0	0	0	0	0	0	0	0	0	0	0	0	0	0	192	0	0	0	0	0	
0	0	0	0	0	0	0	0	0	0	0	0	0	0	0	0	192	0	0	0	0	0	0	500	0	0	0	0	0	0	
48	0	0	0	0	0	0	0	0	0	192	0	0	0	0	192	0	0	0	0	0	0	0	0	0	0	0	0	0	0	
0	0	0	0	0	0	0	0	0	0	0	192	0	0	0	0	96	0	0	0	0	0	0	0	0	0	0	0	0	0	
192	0	0	0	0	0	0	0	192	0	0	0	0	0	0	0	0	0	0	0	0	0	0	0	0	0	0	0	0	0	
0	0	0	0	0	0	0	0	0	192	0	0	0	0	0	0	0	0	0	0	0	0	0	48	0	0	0	0	0	0	
0	0	0	0	0	0	0	0	0	0	0	0	0	0	0	0	0	0	0	0	0	0	0	192	0	0	0	0	0	48	
0	0	192	0	0	0	0	0	0	0	0	0	0	0	0	0	0	0	0	500	0	0	0	0	0	0	0	0	0	0	
0	0	0	0	0	0	0	0	0	0	0	0	0	0	0	0	0	0	0	0	0	48	96	0	0	0	0	0	0	0	
96	0	0	0	0	0	0	0	192	0	0	0	0	0	0	0	0	0	0	0	0	0	0	0	0	0	0	0	0	0	
0	0	0	0	0	0	0	192	0	96	0	0	0	0	0	0	0	0	96	0	0	0	0	0	0	0	0	0	0	0	
0	0	0	0	0	0	0	0	0	0	0	0	0	0	0	0	0	0	0	48	0	0	0	0	48	96	500	0	0	0	
500	0	0	0	0	0	0	0	0	0	0	0	0	0	0	0	96	0	0	0	0	0	0	0	0	0	0	0	0	0	
0	0	48	0	0	0	0	0	0	0	0	0	0	500	0	0	0	48	0	0	0	0	0	0	0	0	0	0	0	0	
0	0	0	96	0	0	0	0	0	0	0	0	0	0	0	0	0	0	0	0	0	0	0	0	0	0	0	0	96	48	
0	192	0	0	0	0	0	0	0	0	0	0	0	0	48	0	0	0	0	0	0	0	0	0	0	0	0	0	0	0	
0	192	0	0	0	0	0	0	0	0	0	0	0	0	96	0	0	0	0	0	0	0	0	0	0	0	0	0	0	0	
0	0	0	0	0	0	0	500	0	0	0	48	192	0	0	0	0	0	0	0	0	0	0	0	0	0	0	0	0	0	
0	0	0	0	192	0	192	0	0	0	0	0	0	0	0	0	0	48	0	0	0	0	0	0	0	0	192	0	0	0	
0	0	0	192	0	0	0	0	0	0	0	0	0	0	0	0	0	96	0	0	0	0	0	0	0	0	0	0	0	500	
0	0	0	0	0	0	0	0	0	0	0	0	0	0	0	0	0	500	0	0	0	0	0	0	192	0	0	48	0	0	
0	0	0	0	0	0	0	0	0	0	0	0	0	0	0	0	0	0	0	0	0	0	0	0	0	0	48	0	0	0	
0	0	0	48	0	0	0	0	0	0	0	0	0	0	0	0	0	0	0	0	96	0	0	0	0	0	0	0	0	0	
0	0	0	0	0	0	0	0	0	0	0	0	48	0	0	0	0	0	0	0	48	0	0	0	0	500	0	0	0	0	
22	22	24	15	26	29	16	20	21	15	15	4	8	3	18	14	20	8	6	23	21	25	22	11	28	17	13	13	18	29	28	29	5	3	6	23	8	18	12	26	8	27	19	27	27	18	9	16	26	29	27	3	14	29	27	15	29	15	22	27	20	7	1	11	3	28	13	29	8	17	28	8	5	15	7	22	1	17	22	22	8	26	6	13	15	16	2	2	16	20	0	22	17	25	1	10	14	19	3	22	25	24	26	2	8	3	1	21	11	28	14	6	10	20	29	13	13	16	25	12	24	16	23	16	7	21	0	0	6	15	6	7	27	10	23	24	8	11	26	22	1	7	26	9	14	11	28	20	13	13	7	19	21	19	24	5	10	18	22	0	29	0	2	22	4	20	21	4	11	19	17	19	22	13	12	19	26	20	29	0	21	15	1	19	18	27	7	16	1	8	1	26	29	5	15	20	14	0	14	4	0	9	26	24	27	15	28	23	28	11	24	17	19	28	25	0	15	26	17	5	24	21	29	1	18	12	2	12	25	26	26	13	1	13	18	18	20	29	6	27	26	13	9	29	29	0	28	26	17	0	26	7	16	11	24	17	24	8	23	22	19	28	22	28	13	13	17	10	0	2	1	26	24	18	6	23	10	12	25	24	6	1	28	10	27	16	26	26	7	21	5	17	2	15	24	21	4	19	26	6	18	29	8	29	22	17	19	5	11	28	4	14	1	29	8	10	3	12	20	17	3	8	10	24	24	2	19	4	9	13	21	0	2	8	27	20	8	12	25	22	10	9	4	29	18	24	0	3	16	16	10	14	24	3	2	7	16	9	17	1	18	27	13	4	3	4	16	8	4	16	3	18	25	15	2	5	0	22	27	15	12	10	3	14	16	23	5	23	12	7	4	
15	2	27	17	27	1	25	25	4	21	27	1	8	14	21	10	17	24	4	15	19	2	26	14	10	13	4	23	14	25	2	19	26	10	7	1	20	3	24	29	16	26	8	26	24	27	22	19	26	11	29	4	18	20	12	20	24	23	13	28	22	3	15	18	28	29	0	22	0	17	21	29	24	14	18	6	25	27	0	27	1	25	4	25	12	4	19	16	0	24	4	21	15	9	13	15	29	7	2	26	26	1	16	25	18	2	15	27	3	8	16	8	15	5	9	24	8	28	11	4	11	2	10	13	8	1	23	6	27	21	23	9	16	8	29	28	13	26	17	6	2	16	0	28	21	29	0	27	18	27	22	5	11	3	18	24	13	23	1	5	14	11	21	7	13	24	16	27	24	0	5	13	14	0	7	23	21	8	18	10	5	2	2	17	0	5	2	5	24	3	18	14	12	8	5	2	8	5	27	6	11	20	25	23	15	12	9	21	19	2	22	21	13	13	29	14	13	9	17	16	23	16	2	10	13	6	11	6	25	19	10	6	19	14	14	13	5	9	9	4	9	12	28	0	26	18	23	16	14	3	12	0	26	3	24	6	15	21	10	1	17	8	1	2	11	4	4	15	20	7	19	21	25	10	3	17	15	23	10	13	16	16	15	15	23	18	26	12	19	10	28	15	19	9	0	22	21	0	29	28	22	22	18	26	9	27	10	18	14	15	0	26	11	28	4	5	0	9	11	12	15	25	15	8	3	10	27	3	20	16	1	26	25	18	10	16	4	10	13	7	8	27	19	27	5	1	7	27	29	8	5	2	2	15	19	14	12	26	16	24	14	18	6	0	21	3	18	3	23	15	2	20	19	27	17	15	28	5	3	13	13	8	19	26	18	4	28	23	0	21	1	
20	38	20	30	21	25	24	37	29	20	28	39	40	27	22	30	29	39	36	33	36	34	24	23	22	30	27	27	21	22	27	30	38	26	22	33	27	32	30	33	35	24	26	40	32	22	31	23	31	24	39	37	27	23	24	35	39	27	23	24	36	25	36	21	26	31	32	28	35	29	30	27	38	27	20	40	21	34	34	29	29	38	29	35	23	32	23	30	38	22	24	20	40	33	23	36	21	21	40	31	23	40	25	20	24	40	20	39	22	32	33	28	25	27	39	26	34	23	34	20	39	25	22	30	31	30	36	27	29	28	34	37	34	29	37	28	40	27	24	25	32	35	40	21	39	27	35	28	29	22	36	23	27	23	25	27	25	34	31	39	24	24	20	38	30	36	27	39	40	20	26	20	39	29	33	31	31	20	22	40	31	20	21	33	38	33	38	26	33	24	38	35	36	32	25	38	27	38	26	24	28	25	38	25	34	23	35	30	32	34	21	38	29	29	31	36	36	39	27	37	37	31	28	26	35	31	21	29	31	25	24	37	26	32	25	28	26	29	37	22	23	36	39	20	28	27	24	21	29	32	34	34	40	31	23	27	29	26	30	22	29	36	23	28	33	26	36	38	32	40	39	34	38	33	20	40	22	23	34	24	33	25	22	22	37	32	34	25	37	36	29	38	25	37	21	27	29	32	22	27	23	38	32	34	21	37	26	28	38	33	40	39	20	22	33	33	26	23	20	36	20	22	32	22	28	38	20	21	39	20	32	33	40	29	26	36	27	23	23	20	20	37	21	26	31	28	34	40	23	22	36	39	37	40	40	32	29	37	23	27	38	36	22	27	25	33	25	36	36	40	37	31	28	22	32	34	38	27	36	24	39	37	27	23	20	24	22	21	37	40	40	
11	14	11	24	19	20	31	24	39	23	50	28	35	14	46	23	29	22	40	12	29	42	50	43	38	29	19	31	43	36	45	38	19	18	21	46	30	44	32	15	16	33	17	12	26	22	18	24	39	12	14	50	19	46	50	47	26	27	45	41	41	47	20	50	39	33	28	38	17	26	20	43	15	43	42	50	33	10	32	34	14	17	42	15	10	38	48	38	37	39	42	38	34	28	46	11	27	35	34	12	14	35	26	17	31	48	14	40	44	49	44	23	50	24	23	49	22	13	41	28	26	12	12	24	15	16	40	48	36	22	36	44	17	50	18	43	36	28	44	27	29	42	24	37	49	38	25	34	26	33	31	29	48	22	33	13	30	48	11	25	10	20	36	32	31	33	27	30	16	10	30	21	17	37	32	46	16	28	29	12	17	20	47	12	37	16	36	16	24	11	21	19	37	27	31	29	17	13	31	20	25	40	22	35	11	42	40	21	37	40	12	46	39	24	18	22	49	23	40	35	10	42	41	11	38	11	32	37	44	41	49	18	49	14	50	31	14	22	44	15	34	20	28	49	48	43	14	28	45	37	24	11	24	28	25	34	39	26	18	29	44	49	12	43	10	42	11	30	23	38	46	30	34	28	22	49	38	31	15	43	13	37	48	28	20	47	17	28	14	43	50	16	42	16	20	18	35	46	31	26	40	34	43	39	42	19	48	42	22	16	30	38	46	20	11	15	11	45	47	46	39	15	25	42	11	18	31	35	28	38	32	40	21	17	37	44	10	31	42	47	27	25	48	48	17	44	14	18	15	18	10	10	26	22	45	37	19	34	46	26	10	13	17	35	50	45	16	34	34	40	44	18	15	47	39	21	36	42	35	47	13	35	50	44	22	41	48	13	39	10	43	
10
90
