348
30
0	0	0	48	0	0	0	0	0	0	0	0	0	0	0	0	0	0	0	0	48	0	0	0	0	0	0	192	0	0	
0	0	0	0	0	0	0	500	0	0	0	0	0	0	0	0	0	0	0	0	0	0	0	0	0	0	500	0	0	0	
0	0	0	0	0	0	0	0	0	0	0	0	0	0	0	0	0	48	0	0	0	0	0	192	0	0	0	0	0	0	
48	0	0	0	0	0	0	0	0	0	0	500	0	0	0	0	0	0	0	0	0	0	0	0	0	0	0	0	0	0	
0	0	0	0	0	0	0	0	0	96	0	0	0	0	0	0	0	0	0	0	0	0	0	0	0	500	0	0	0	0	
0	0	0	0	0	0	0	0	0	0	0	500	0	0	0	0	0	0	0	0	0	0	0	0	0	0	48	0	0	0	
0	0	0	0	0	0	0	0	0	0	0	0	0	0	0	0	0	96	192	0	0	0	0	192	0	0	0	0	0	0	
0	500	0	0	0	0	0	0	0	0	96	0	0	0	0	0	0	0	0	0	0	0	0	0	0	0	0	0	0	0	
0	0	0	0	0	0	0	0	0	0	0	0	0	0	0	192	0	0	500	0	0	0	0	0	0	0	0	0	0	0	
0	0	0	0	96	0	0	0	0	0	0	0	0	0	0	0	0	0	0	0	0	0	0	0	0	96	0	0	0	0	
0	0	0	0	0	0	0	96	0	0	0	0	0	48	0	0	0	0	0	0	0	0	0	0	0	0	0	0	0	0	
0	0	0	500	0	500	0	0	0	0	0	0	0	0	0	0	0	0	0	0	0	0	0	0	0	0	0	0	0	0	
0	0	0	0	0	0	0	0	0	0	0	0	0	0	192	0	0	0	0	0	0	0	0	0	192	0	0	0	96	48	
0	0	0	0	0	0	0	0	0	0	48	0	0	0	0	0	0	0	0	500	0	0	0	0	0	0	0	0	0	0	
0	0	0	0	0	0	0	0	0	0	0	0	192	0	0	0	0	0	0	0	0	0	0	0	0	0	0	96	0	48	
0	0	0	0	0	0	0	0	192	0	0	0	0	0	0	0	0	0	0	0	0	192	0	0	0	0	0	0	0	0	
0	0	0	0	0	0	0	0	0	0	0	0	0	0	0	0	0	0	0	500	0	0	0	0	0	96	0	0	0	0	
0	0	48	0	0	0	96	0	0	0	0	0	0	0	0	0	0	0	192	0	0	0	0	0	0	0	0	0	0	0	
0	0	0	0	0	0	192	0	500	0	0	0	0	0	0	0	0	192	0	0	0	0	0	0	0	0	0	0	0	0	
0	0	0	0	0	0	0	0	0	0	0	0	0	500	0	0	500	0	0	0	0	0	0	0	0	0	0	0	0	96	
48	0	0	0	0	0	0	0	0	0	0	0	0	0	0	0	0	0	0	0	0	500	0	0	0	0	0	0	0	0	
0	0	0	0	0	0	0	0	0	0	0	0	0	0	0	192	0	0	0	0	500	0	500	0	0	0	0	0	0	0	
0	0	0	0	0	0	0	0	0	0	0	0	0	0	0	0	0	0	0	0	0	500	0	0	0	0	500	0	0	0	
0	0	192	0	0	0	192	0	0	0	0	0	0	0	0	0	0	0	0	0	0	0	0	0	0	0	0	192	0	0	
0	0	0	0	0	0	0	0	0	0	0	0	192	0	0	0	0	0	0	0	0	0	0	0	0	0	96	0	192	0	
0	0	0	0	500	0	0	0	0	96	0	0	0	0	0	0	96	0	0	0	0	0	0	0	0	0	0	0	0	0	
0	500	0	0	0	48	0	0	0	0	0	0	0	0	0	0	0	0	0	0	0	0	500	0	96	0	0	0	0	0	
192	0	0	0	0	0	0	0	0	0	0	0	0	0	96	0	0	0	0	0	0	0	0	192	0	0	0	0	0	0	
0	0	0	0	0	0	0	0	0	0	0	0	96	0	0	0	0	0	0	0	0	0	0	0	192	0	0	0	0	0	
0	0	0	0	0	0	0	0	0	0	0	0	48	0	48	0	0	0	0	96	0	0	0	0	0	0	0	0	0	0	
22	3	21	9	19	22	24	10	0	10	7	24	27	26	21	1	8	18	11	20	8	9	2	2	27	13	28	22	16	4	27	23	24	4	15	5	23	25	11	6	14	3	8	5	24	8	26	16	5	19	3	28	11	6	10	12	21	10	8	29	2	18	1	18	11	8	29	18	28	27	20	24	11	24	23	19	7	17	27	4	9	20	7	22	0	16	22	17	4	23	1	0	5	22	3	3	12	29	1	6	8	11	6	16	2	28	6	24	16	29	8	5	16	3	16	26	13	2	22	11	18	24	9	12	7	20	21	2	29	29	24	25	13	1	23	6	1	16	12	0	4	13	16	6	2	22	16	5	0	6	19	28	23	18	10	0	5	6	18	26	24	0	8	17	25	24	11	28	5	22	20	3	0	7	7	5	1	29	0	24	5	21	8	18	9	27	28	28	5	0	9	11	15	8	16	16	4	27	24	24	17	1	22	13	6	2	27	11	3	10	8	9	8	9	3	21	19	13	19	8	12	18	12	20	15	15	2	24	0	18	25	28	29	13	28	27	21	12	10	12	27	8	3	23	17	6	13	3	3	11	20	26	22	20	11	17	23	5	5	28	3	18	2	26	8	5	0	15	27	21	24	25	27	22	23	11	27	4	11	12	12	23	27	3	2	14	16	29	11	8	19	4	17	10	22	24	17	27	16	4	7	21	3	2	0	0	23	3	5	18	3	28	14	24	25	22	4	20	28	20	9	22	22	5	10	10	19	14	18	4	0	20	9	4	23	28	10	22	7	27	3	0	6	17	13	6	0	29	
4	5	5	19	7	17	9	2	28	7	6	13	6	13	2	7	2	16	6	11	19	2	29	10	11	17	26	12	22	17	1	26	11	4	5	22	17	5	23	15	29	2	7	16	2	7	15	6	7	27	6	16	12	0	28	28	8	28	12	21	7	12	20	21	13	8	19	17	21	26	23	28	25	6	26	1	18	11	0	19	3	3	5	20	21	18	22	25	5	17	13	5	26	10	23	16	10	27	8	3	21	22	27	7	2	8	28	6	0	3	9	29	14	15	28	15	12	12	23	15	16	14	3	1	13	12	20	4	25	11	29	25	24	19	11	28	12	16	16	13	25	2	15	20	11	11	7	7	5	16	5	4	13	9	16	21	13	8	16	13	0	0	10	5	16	11	7	5	27	11	20	8	3	10	22	19	0	2	5	2	25	8	10	28	10	3	12	4	3	7	23	6	10	3	16	10	27	16	6	22	9	25	26	10	10	7	11	12	28	21	4	6	5	8	12	19	9	13	25	2	23	18	23	9	3	24	22	17	21	14	13	7	4	8	4	18	24	12	26	12	6	24	16	10	27	8	1	5	2	13	7	13	28	15	13	29	9	20	24	16	20	7	0	22	20	8	9	10	23	17	18	3	16	22	15	22	11	5	10	0	21	19	0	29	25	15	19	28	13	23	11	29	18	4	11	25	13	19	0	13	16	11	20	4	29	18	12	9	23	24	15	18	12	5	8	18	24	19	8	13	3	21	4	16	15	25	4	10	13	15	5	10	17	4	16	17	23	20	13	23	12	21	5	27	23	9	5	24	
40	30	35	23	34	30	39	23	23	26	40	24	28	20	24	25	33	29	24	31	24	35	37	38	38	38	24	39	33	35	36	28	23	28	20	35	30	28	24	27	40	32	20	30	29	38	26	25	30	38	38	30	40	34	22	20	27	26	21	24	30	34	40	25	27	26	33	37	40	20	23	35	33	35	30	32	26	31	25	29	36	21	21	26	24	21	36	32	34	39	30	35	40	40	32	32	20	25	40	24	37	24	38	28	23	31	25	30	29	39	36	26	31	22	21	20	29	29	37	40	40	29	21	37	28	21	34	21	34	36	24	38	26	24	25	28	22	40	26	28	27	38	26	23	35	33	32	37	24	27	25	31	21	31	35	30	37	24	30	35	27	33	30	32	35	30	27	37	38	24	20	37	30	34	40	28	20	24	37	25	30	29	26	26	29	34	29	21	26	38	28	20	39	38	26	27	27	20	35	33	20	29	39	32	27	38	32	36	38	20	22	23	24	30	27	28	37	22	26	20	28	20	20	24	22	25	25	31	25	20	27	31	39	37	34	21	34	24	26	26	22	25	35	37	22	29	25	29	29	21	35	21	39	37	25	36	37	26	22	31	38	32	31	20	28	28	40	34	33	35	39	40	39	23	40	35	40	22	21	33	33	28	37	24	31	38	28	20	29	34	34	22	28	35	32	28	24	26	25	27	40	23	37	38	35	40	38	23	40	28	33	30	33	20	31	36	24	27	30	35	22	31	22	25	33	26	29	20	39	35	21	25	23	31	32	22	20	23	40	24	30	24	35	37	31	28	29	25	
25	41	19	28	38	42	15	45	49	36	13	24	23	27	46	25	22	39	15	43	19	40	35	43	18	27	29	14	34	10	14	47	15	50	44	20	39	47	33	49	43	29	47	13	13	26	15	14	39	37	32	17	24	46	45	18	47	48	18	49	33	47	17	46	50	18	22	45	32	19	37	27	42	45	36	14	44	48	48	10	44	47	42	29	11	48	15	18	39	45	12	40	45	44	25	33	40	50	42	11	20	14	17	19	35	38	21	29	37	41	10	14	42	23	33	49	17	41	48	44	40	32	32	41	44	39	18	38	29	43	35	22	18	29	42	39	43	15	39	17	31	18	21	46	46	23	46	19	24	42	37	26	23	38	44	50	42	29	35	33	32	21	38	50	41	21	29	34	31	14	40	33	25	19	31	39	31	33	28	50	37	47	35	26	33	36	28	32	45	29	24	49	22	45	50	12	10	44	41	50	23	42	11	24	46	48	28	13	10	20	50	34	19	11	39	27	45	16	23	17	35	26	15	17	45	16	19	35	31	14	42	45	22	21	25	45	37	21	50	41	28	29	18	41	45	33	40	18	31	33	18	27	26	37	47	41	43	36	17	36	28	42	23	23	44	22	37	37	10	18	38	14	19	50	23	45	28	49	35	11	46	33	11	43	14	17	28	38	10	47	31	19	13	29	44	33	19	19	38	29	13	11	39	43	37	23	35	26	32	44	13	30	22	24	23	45	22	13	27	44	20	37	19	24	42	45	22	30	45	18	24	35	17	30	32	29	13	20	20	14	21	14	45	14	14	20	11	16	
20
80
