304
30
0	0	0	0	96	0	0	0	0	0	0	0	0	0	0	0	0	0	500	0	0	0	0	0	0	0	0	0	0	0	
0	0	0	0	0	0	500	0	500	0	0	0	0	0	0	0	0	0	0	0	0	0	0	0	0	0	48	0	0	0	
0	0	0	0	0	0	0	0	0	0	0	0	0	0	0	0	0	0	0	0	0	0	48	0	0	0	0	0	0	192	
0	0	0	0	96	0	0	0	96	0	0	192	0	0	0	0	0	0	500	0	0	500	0	0	0	0	0	0	0	0	
96	0	0	96	0	0	0	0	0	0	0	0	0	0	0	0	0	0	0	0	0	0	0	0	500	0	0	0	0	0	
0	0	0	0	0	0	0	0	0	0	0	0	0	0	0	192	0	0	0	0	0	0	0	0	96	0	0	0	0	0	
0	500	0	0	0	0	0	0	0	0	0	0	0	0	0	0	0	0	0	0	0	0	96	0	0	0	192	0	0	0	
0	0	0	0	0	0	0	0	0	0	0	0	0	0	0	0	0	500	0	0	0	0	0	192	0	0	0	0	0	0	
0	500	0	96	0	0	0	0	0	0	0	0	0	0	0	0	0	0	0	0	0	0	0	0	0	0	0	0	0	0	
0	0	0	0	0	0	0	0	0	0	0	0	0	0	96	0	0	0	0	0	0	0	0	0	0	0	0	0	0	48	
0	0	0	0	0	0	0	0	0	0	0	192	0	0	0	96	0	0	0	0	0	0	0	0	0	0	0	0	0	0	
0	0	0	192	0	0	0	0	0	0	192	0	0	0	0	0	48	0	0	0	0	0	0	0	0	0	0	0	0	0	
0	0	0	0	0	0	0	0	0	0	0	0	0	0	192	0	0	0	0	0	0	0	0	0	0	500	0	0	500	96	
0	0	0	0	0	0	0	0	0	0	0	0	0	0	0	0	0	0	0	0	500	192	0	0	0	0	0	0	0	0	
0	0	0	0	0	0	0	0	0	96	0	0	192	0	0	0	0	0	0	0	0	500	0	0	0	500	0	0	96	0	
0	0	0	0	0	192	0	0	0	0	96	0	0	0	0	0	0	0	0	0	0	0	0	0	0	0	0	0	0	0	
0	0	0	0	0	0	0	0	0	0	0	48	0	0	0	0	0	500	0	500	0	0	0	0	0	0	0	0	0	0	
0	0	0	0	0	0	0	500	0	0	0	0	0	0	0	0	500	0	0	0	0	0	0	0	0	0	0	0	0	0	
500	0	0	500	0	0	0	0	0	0	0	0	0	0	0	0	0	0	0	0	0	0	0	0	0	0	0	0	0	0	
0	0	0	0	0	0	0	0	0	0	0	0	0	0	0	0	500	0	0	0	0	96	0	96	0	0	0	96	0	0	
0	0	0	0	0	0	0	0	0	0	0	0	0	500	0	0	0	0	0	0	0	0	0	96	0	0	0	48	0	0	
0	0	0	500	0	0	0	0	0	0	0	0	0	192	500	0	0	0	0	96	0	0	0	0	0	0	0	0	0	0	
0	0	48	0	0	0	96	0	0	0	0	0	0	0	0	0	0	0	0	0	0	0	0	0	0	0	0	0	0	0	
0	0	0	0	0	0	0	192	0	0	0	0	0	0	0	0	0	0	0	96	96	0	0	0	0	0	0	0	0	0	
0	0	0	0	500	96	0	0	0	0	0	0	0	0	0	0	0	0	0	0	0	0	0	0	0	0	0	0	0	0	
0	0	0	0	0	0	0	0	0	0	0	0	500	0	500	0	0	0	0	0	0	0	0	0	0	0	0	0	0	0	
0	48	0	0	0	0	192	0	0	0	0	0	0	0	0	0	0	0	0	0	0	0	0	0	0	0	0	0	0	0	
0	0	0	0	0	0	0	0	0	0	0	0	0	0	0	0	0	0	0	96	48	0	0	0	0	0	0	0	0	0	
0	0	0	0	0	0	0	0	0	0	0	0	500	0	96	0	0	0	0	0	0	0	0	0	0	0	0	0	0	0	
0	0	192	0	0	0	0	0	0	48	0	0	96	0	0	0	0	0	0	0	0	0	0	0	0	0	0	0	0	0	
4	28	11	18	22	15	23	1	14	6	16	22	0	1	9	16	2	0	2	24	28	27	0	3	13	3	3	16	2	6	14	6	28	1	28	2	3	10	17	13	1	21	1	8	16	0	23	4	15	26	10	12	25	19	18	18	4	22	29	22	6	29	20	7	10	15	0	28	7	10	27	14	4	29	29	5	8	4	1	19	14	16	2	21	10	25	26	3	23	19	0	18	3	0	24	16	13	29	17	24	22	13	2	20	23	6	11	15	25	3	18	26	1	13	10	7	7	22	18	13	5	28	14	12	26	13	12	21	25	5	11	13	14	24	16	3	11	2	27	24	4	18	1	17	18	23	16	11	6	1	22	13	5	3	2	14	5	0	5	23	4	0	4	27	10	19	9	25	16	7	10	26	29	23	14	9	7	29	22	9	9	10	10	25	21	0	10	24	3	10	3	15	14	12	18	22	26	11	3	4	26	19	20	23	7	9	28	4	26	13	18	4	6	26	17	15	18	11	15	16	0	18	6	23	21	8	1	29	15	4	28	10	24	28	12	1	17	26	6	26	1	10	6	29	22	2	20	5	22	10	9	26	8	8	28	10	5	2	19	6	9	12	9	21	10	10	22	22	1	4	6	9	19	26	6	0	22	24	13	20	12	18	6	28	6	6	1	21	8	29	20	14	20	25	12	16	27	7	13	20	8	9	22	0	
14	20	19	14	28	23	26	11	23	16	2	25	14	3	14	9	14	8	14	10	16	17	6	2	1	18	29	12	8	27	7	16	4	28	18	12	6	12	13	1	7	17	26	19	16	28	0	14	6	9	6	7	4	3	3	3	1	6	23	16	6	24	1	26	20	11	6	18	18	9	19	24	5	24	0	10	9	16	5	15	9	2	16	9	26	10	23	9	29	24	13	8	14	14	27	25	23	29	13	27	23	26	29	25	21	19	14	15	13	26	22	20	4	26	24	4	29	0	22	8	14	28	22	26	13	11	9	23	3	27	3	18	3	11	1	4	1	3	9	16	18	14	1	27	21	28	0	2	17	17	2	9	28	17	12	16	14	0	25	16	10	29	22	11	15	0	9	10	15	12	9	0	14	15	3	14	3	28	13	29	3	23	24	10	9	18	22	8	17	9	7	14	26	18	4	1	5	23	19	9	10	8	1	15	5	20	6	9	15	3	20	13	21	24	20	20	29	3	2	29	16	15	2	5	11	8	17	19	22	10	16	12	13	5	7	19	11	23	18	12	25	14	13	2	8	28	15	27	18	14	5	0	27	10	19	7	8	29	17	3	4	15	7	13	28	25	28	0	0	7	11	21	0	13	2	29	23	3	9	26	10	7	1	5	6	8	20	0	13	26	28	0	15	20	18	15	23	22	6	6	6	15	22	14	
33	22	29	40	28	26	20	29	27	20	40	33	33	25	21	30	22	40	31	38	36	20	33	25	36	29	25	27	30	31	35	39	34	35	33	29	37	29	25	36	22	26	29	20	20	29	22	39	31	24	32	27	22	29	27	31	39	40	20	37	36	21	21	23	22	32	24	38	37	24	38	36	33	38	33	28	27	24	33	38	39	32	26	36	22	20	24	32	26	26	29	40	35	30	27	26	27	29	27	38	22	33	27	26	34	23	37	29	28	31	31	30	33	39	37	35	28	39	35	22	28	20	30	35	29	21	36	35	29	32	26	29	28	35	34	31	25	34	23	37	39	22	22	33	22	20	37	39	28	24	25	27	30	24	27	24	33	22	26	21	30	40	33	32	23	25	35	25	35	40	25	37	26	26	30	29	27	21	37	33	31	30	32	33	23	27	24	32	20	26	30	26	24	33	32	39	27	38	35	38	32	36	22	22	32	39	27	33	23	38	27	32	30	22	26	34	34	39	36	25	21	40	24	21	34	31	28	30	29	40	39	20	32	26	37	27	31	23	37	38	23	38	34	34	29	34	34	21	23	22	30	24	21	40	28	27	25	40	39	24	24	34	31	34	40	39	34	37	23	37	32	30	39	33	35	20	34	25	25	22	33	28	39	21	24	23	39	31	28	33	36	35	33	23	29	39	33	26	32	24	40	22	36	36	
34	16	16	11	27	30	31	35	21	24	48	21	27	50	50	41	36	26	12	41	42	13	46	18	50	33	13	43	41	22	33	39	31	19	15	49	22	31	22	18	16	20	26	36	12	30	14	19	30	17	45	13	14	48	11	50	47	42	36	33	28	50	13	27	34	40	32	19	15	43	18	31	21	19	26	20	30	15	49	48	12	20	26	35	39	39	29	41	12	47	31	17	14	42	21	12	14	26	11	23	26	39	33	14	14	15	14	11	11	42	20	42	42	30	26	34	38	24	47	11	11	11	18	35	50	22	26	46	24	20	13	39	16	46	26	17	22	14	49	11	49	24	26	23	43	10	31	40	23	47	41	12	33	20	34	23	27	16	23	26	26	27	44	39	40	27	13	20	43	10	44	49	24	39	23	32	25	46	28	23	48	20	27	32	39	20	16	35	28	19	19	23	41	43	48	10	18	27	44	12	22	39	29	22	30	48	39	27	34	41	13	45	23	40	13	50	34	22	42	48	34	44	14	46	31	20	45	22	11	50	42	11	28	31	30	32	46	15	20	27	48	42	23	42	29	41	38	36	29	22	26	42	40	44	21	34	40	46	41	26	24	32	35	38	15	15	36	17	27	50	45	42	31	11	26	44	10	47	46	50	45	15	28	38	15	16	20	16	48	41	12	30	18	36	42	23	37	44	41	29	25	50	17	12	
0.5
70
