261
30
0	0	0	0	0	0	0	0	0	0	0	0	0	0	0	48	0	0	0	96	0	0	0	0	0	0	0	0	0	0	
0	0	0	96	0	0	0	0	0	0	0	48	0	0	0	0	0	0	0	0	0	0	0	0	0	0	96	0	0	96	
0	0	0	0	0	0	0	0	0	192	0	0	0	500	0	0	0	0	0	0	0	0	0	0	0	0	0	0	192	0	
0	96	0	0	0	0	0	0	0	0	0	96	0	0	0	0	0	0	0	0	0	0	0	0	0	0	0	0	0	0	
0	0	0	0	0	0	0	0	0	0	0	0	0	0	0	96	0	0	0	0	0	0	192	0	0	0	0	0	0	0	
0	0	0	0	0	0	0	0	0	0	0	0	0	0	0	0	0	0	0	500	0	48	48	0	0	0	0	0	0	0	
0	0	0	0	0	0	0	0	0	0	0	0	0	0	0	0	96	0	0	0	48	0	0	0	0	0	0	0	0	0	
0	0	0	0	0	0	0	0	0	0	96	0	0	0	0	0	0	0	96	192	96	0	0	0	0	0	0	0	0	0	
0	0	0	0	0	0	0	0	0	0	0	0	500	0	48	0	0	0	0	0	0	0	0	0	0	0	0	0	0	0	
0	0	192	0	0	0	0	0	0	0	0	0	0	48	0	0	0	0	0	0	0	0	0	0	0	0	0	0	0	0	
0	0	0	0	0	0	0	96	0	0	0	0	0	0	0	0	48	0	0	0	0	0	0	0	0	0	0	48	0	0	
0	48	0	96	0	0	0	0	0	0	0	0	0	0	0	0	0	0	0	0	0	0	0	0	0	0	48	0	0	0	
0	0	0	0	0	0	0	0	500	0	0	0	0	0	0	0	0	500	0	0	0	0	0	0	0	0	0	0	0	0	
0	0	500	0	0	0	0	0	0	48	0	0	0	0	0	0	0	0	0	0	0	0	0	0	0	0	0	0	0	0	
0	0	0	0	0	0	0	0	48	0	0	0	0	0	0	0	0	96	0	0	0	0	0	0	0	0	0	48	0	48	
48	0	0	0	96	0	0	0	0	0	0	0	0	0	0	0	0	0	0	0	0	0	0	0	0	0	0	0	0	0	
0	0	0	0	0	0	96	0	0	0	48	0	0	0	0	0	0	0	0	0	0	0	0	0	0	0	0	0	0	0	
0	0	0	0	0	0	0	0	0	0	0	0	500	0	96	0	0	0	500	0	0	0	0	0	0	0	0	48	0	0	
0	0	0	0	0	0	0	96	0	0	0	0	0	0	0	0	0	500	0	0	0	0	0	0	0	0	0	48	0	0	
96	0	0	0	0	500	0	192	0	0	0	0	0	0	0	0	0	0	0	0	0	0	0	0	0	0	0	0	0	0	
0	0	0	0	0	0	48	96	0	0	0	0	0	0	0	0	0	0	0	0	0	0	0	0	0	0	0	0	0	0	
0	0	0	0	0	48	0	0	0	0	0	0	0	0	0	0	0	0	0	0	0	0	0	0	500	0	0	0	0	0	
0	0	0	0	192	48	0	0	0	0	0	0	0	0	0	0	0	0	0	0	0	0	0	0	0	0	0	0	0	0	
0	0	0	0	0	0	0	0	0	0	0	0	0	0	0	0	0	0	0	0	0	0	0	0	96	48	0	0	0	0	
0	0	0	0	0	0	0	0	0	0	0	0	0	0	0	0	0	0	0	0	0	500	0	96	0	0	0	0	0	0	
0	0	0	0	0	0	0	0	0	0	0	0	0	0	0	0	0	0	0	0	0	0	0	48	0	0	0	0	192	500	
0	96	0	0	0	0	0	0	0	0	0	48	0	0	0	0	0	0	0	0	0	0	0	0	0	0	0	0	0	0	
0	0	0	0	0	0	0	0	0	0	48	0	0	0	48	0	0	48	48	0	0	0	0	0	0	0	0	0	0	0	
0	0	192	0	0	0	0	0	0	0	0	0	0	0	0	0	0	0	0	0	0	0	0	0	0	192	0	0	0	96	
0	96	0	0	0	0	0	0	0	0	0	0	0	0	48	0	0	0	0	0	0	0	0	0	0	500	0	0	96	0	
0	9	15	26	3	8	23	20	27	13	18	27	19	23	13	0	4	11	1	27	16	7	0	27	16	19	26	11	20	24	16	11	4	7	10	9	0	14	21	9	12	28	12	28	3	18	3	12	11	4	1	7	25	19	14	14	22	26	4	19	0	4	12	5	5	21	3	22	8	22	20	10	10	18	2	22	29	5	15	8	28	25	20	6	9	9	26	22	16	18	6	1	4	19	21	8	15	5	22	22	14	20	20	10	12	10	17	3	21	10	14	14	23	11	5	12	3	19	20	0	26	2	11	13	26	14	4	6	8	9	8	2	10	1	7	20	4	12	4	3	4	18	14	16	20	28	26	12	9	19	20	26	11	12	11	11	20	19	1	10	10	3	0	26	5	7	25	18	21	13	25	24	20	11	1	2	11	6	14	14	16	6	2	27	19	9	22	13	10	1	3	20	17	5	18	13	18	0	0	29	29	4	18	16	5	12	20	11	4	27	15	13	22	15	27	19	23	7	6	19	1	4	18	9	19	0	19	9	17	22	14	18	19	29	23	25	15	9	3	14	21	21	13	19	29	16	6	20	29	26	23	19	20	26	15	1	4	17	26	1	5	
7	4	2	1	10	21	7	29	16	13	20	29	11	28	28	16	21	14	25	8	25	19	5	24	2	23	9	29	20	20	26	22	5	10	12	24	18	3	16	23	29	17	9	20	29	6	12	27	25	18	20	9	19	29	28	29	7	15	24	22	3	25	1	15	26	8	17	7	3	2	29	23	2	4	28	16	1	1	10	22	29	29	9	10	7	23	8	22	15	27	10	21	9	26	15	4	22	20	25	6	13	2	25	14	14	2	2	25	11	11	4	15	27	29	24	11	22	11	10	17	15	25	11	18	9	23	22	4	3	5	20	14	14	7	10	28	1	1	29	28	26	18	17	1	9	3	25	7	29	22	6	18	11	9	4	25	25	4	13	8	3	7	24	25	2	14	14	21	19	21	12	9	13	20	28	4	7	13	14	6	18	25	17	17	28	27	5	10	28	21	28	20	18	29	15	3	3	1	7	25	5	0	1	15	18	16	19	26	18	6	3	27	5	16	20	1	17	19	5	23	22	19	28	25	6	11	29	1	5	9	11	26	5	18	19	26	16	2	22	23	1	2	24	16	4	8	23	3	20	3	12	11	11	9	27	24	23	18	22	15	13	
34	32	30	32	40	40	37	24	38	25	39	30	38	38	30	33	39	34	36	26	36	39	29	37	33	25	36	31	28	34	38	36	32	37	37	39	37	23	40	37	38	37	29	22	35	22	35	20	20	33	30	31	38	25	29	31	27	25	24	22	37	38	26	23	32	20	25	29	39	28	29	35	35	25	29	23	21	34	36	31	32	23	22	34	23	27	27	28	24	20	22	27	34	40	35	23	27	35	40	30	23	40	23	32	31	20	36	35	20	25	29	25	32	22	26	27	22	31	31	35	27	20	32	23	34	33	36	24	34	20	21	23	39	40	20	24	25	39	34	27	27	24	34	37	39	24	24	40	21	33	30	25	39	23	29	27	39	25	35	31	33	21	27	20	24	33	21	21	35	24	23	32	35	29	29	32	31	21	35	23	30	29	37	26	24	24	38	24	22	30	35	39	20	23	29	23	31	37	21	27	28	26	21	24	35	35	39	30	27	23	39	32	29	36	23	37	35	34	40	21	35	40	37	40	38	34	32	31	25	39	35	40	27	36	20	29	33	27	21	25	39	40	39	38	35	31	35	39	38	30	30	37	38	36	38	21	25	31	27	30	38	
38	18	19	28	31	24	48	25	33	32	39	23	22	18	30	36	26	38	22	27	28	38	38	11	14	13	16	25	40	17	47	44	41	44	50	40	40	23	20	48	45	30	24	15	36	46	12	24	35	30	38	10	40	41	23	15	37	42	22	39	49	16	34	29	36	38	10	16	41	47	43	48	27	40	13	17	20	11	29	28	11	45	34	43	27	48	11	17	25	12	18	37	30	23	16	43	48	10	10	49	27	15	29	27	40	23	23	49	19	21	17	19	22	50	37	47	40	45	20	29	43	41	37	29	17	30	36	32	29	43	17	15	33	11	12	27	28	28	42	40	24	29	44	37	36	48	15	40	33	17	27	10	20	32	40	48	21	23	37	38	40	33	48	48	50	19	36	35	23	17	46	21	29	11	37	12	39	24	27	22	48	40	41	42	30	21	28	31	25	29	39	21	47	13	50	35	49	35	50	35	37	47	44	44	46	34	23	34	31	36	50	37	18	49	17	23	36	23	20	29	24	31	17	23	29	11	21	27	46	25	10	12	13	23	13	47	16	10	11	24	16	37	20	20	15	47	35	44	21	33	32	33	28	16	31	31	20	42	40	25	20	
10
60
