391
30
0	0	0	0	0	0	0	0	0	0	0	0	0	0	0	48	0	0	0	96	0	0	0	0	0	0	0	0	0	0	
0	0	0	96	0	0	0	0	0	0	0	48	0	0	0	0	0	0	0	0	0	0	0	0	0	0	96	0	0	96	
0	0	0	0	0	0	0	0	0	192	0	0	0	500	0	0	0	0	0	0	0	0	0	0	0	0	0	0	192	0	
0	96	0	0	0	0	0	0	0	0	0	96	0	0	0	0	0	0	0	0	0	0	0	0	0	0	0	0	0	0	
0	0	0	0	0	0	0	0	0	0	0	0	0	0	0	96	0	0	0	0	0	0	192	0	0	0	0	0	0	0	
0	0	0	0	0	0	0	0	0	0	0	0	0	0	0	0	0	0	0	500	0	48	48	0	0	0	0	0	0	0	
0	0	0	0	0	0	0	0	0	0	0	0	0	0	0	0	96	0	0	0	48	0	0	0	0	0	0	0	0	0	
0	0	0	0	0	0	0	0	0	0	96	0	0	0	0	0	0	0	96	192	96	0	0	0	0	0	0	0	0	0	
0	0	0	0	0	0	0	0	0	0	0	0	500	0	48	0	0	0	0	0	0	0	0	0	0	0	0	0	0	0	
0	0	192	0	0	0	0	0	0	0	0	0	0	48	0	0	0	0	0	0	0	0	0	0	0	0	0	0	0	0	
0	0	0	0	0	0	0	96	0	0	0	0	0	0	0	0	48	0	0	0	0	0	0	0	0	0	0	48	0	0	
0	48	0	96	0	0	0	0	0	0	0	0	0	0	0	0	0	0	0	0	0	0	0	0	0	0	48	0	0	0	
0	0	0	0	0	0	0	0	500	0	0	0	0	0	0	0	0	500	0	0	0	0	0	0	0	0	0	0	0	0	
0	0	500	0	0	0	0	0	0	48	0	0	0	0	0	0	0	0	0	0	0	0	0	0	0	0	0	0	0	0	
0	0	0	0	0	0	0	0	48	0	0	0	0	0	0	0	0	96	0	0	0	0	0	0	0	0	0	48	0	48	
48	0	0	0	96	0	0	0	0	0	0	0	0	0	0	0	0	0	0	0	0	0	0	0	0	0	0	0	0	0	
0	0	0	0	0	0	96	0	0	0	48	0	0	0	0	0	0	0	0	0	0	0	0	0	0	0	0	0	0	0	
0	0	0	0	0	0	0	0	0	0	0	0	500	0	96	0	0	0	500	0	0	0	0	0	0	0	0	48	0	0	
0	0	0	0	0	0	0	96	0	0	0	0	0	0	0	0	0	500	0	0	0	0	0	0	0	0	0	48	0	0	
96	0	0	0	0	500	0	192	0	0	0	0	0	0	0	0	0	0	0	0	0	0	0	0	0	0	0	0	0	0	
0	0	0	0	0	0	48	96	0	0	0	0	0	0	0	0	0	0	0	0	0	0	0	0	0	0	0	0	0	0	
0	0	0	0	0	48	0	0	0	0	0	0	0	0	0	0	0	0	0	0	0	0	0	0	500	0	0	0	0	0	
0	0	0	0	192	48	0	0	0	0	0	0	0	0	0	0	0	0	0	0	0	0	0	0	0	0	0	0	0	0	
0	0	0	0	0	0	0	0	0	0	0	0	0	0	0	0	0	0	0	0	0	0	0	0	96	48	0	0	0	0	
0	0	0	0	0	0	0	0	0	0	0	0	0	0	0	0	0	0	0	0	0	500	0	96	0	0	0	0	0	0	
0	0	0	0	0	0	0	0	0	0	0	0	0	0	0	0	0	0	0	0	0	0	0	48	0	0	0	0	192	500	
0	96	0	0	0	0	0	0	0	0	0	48	0	0	0	0	0	0	0	0	0	0	0	0	0	0	0	0	0	0	
0	0	0	0	0	0	0	0	0	0	48	0	0	0	48	0	0	48	48	0	0	0	0	0	0	0	0	0	0	0	
0	0	192	0	0	0	0	0	0	0	0	0	0	0	0	0	0	0	0	0	0	0	0	0	0	192	0	0	0	96	
0	96	0	0	0	0	0	0	0	0	0	0	0	0	48	0	0	0	0	0	0	0	0	0	0	500	0	0	96	0	
16	2	9	2	14	8	3	9	4	17	27	1	12	28	4	18	7	6	14	2	10	20	27	20	1	17	6	10	15	12	13	1	16	14	26	25	21	11	20	3	27	0	24	15	26	6	20	27	25	12	9	18	17	9	18	8	5	28	18	26	11	9	13	13	9	11	5	19	8	14	24	12	9	26	23	3	19	15	25	11	9	11	8	6	3	25	13	17	7	9	5	12	22	2	5	27	15	9	1	11	5	19	17	2	0	21	16	13	11	24	0	18	1	26	7	16	28	16	12	13	15	10	15	7	17	22	26	19	18	22	16	3	8	24	0	14	29	29	15	13	8	5	27	0	0	11	23	7	6	4	10	23	10	11	4	23	0	17	3	13	8	5	1	8	25	1	29	8	26	14	12	5	7	17	19	21	13	19	12	4	19	27	18	27	13	3	12	26	8	17	22	7	29	12	8	14	23	16	23	3	4	20	11	8	16	29	16	9	6	29	13	5	5	3	6	22	24	23	11	20	9	23	1	19	11	12	10	25	15	3	6	17	29	25	12	13	2	29	12	14	9	1	0	13	22	6	29	12	10	13	3	17	10	3	26	1	28	21	17	15	15	28	18	23	25	29	27	14	1	0	17	2	26	12	26	9	8	22	8	24	28	9	12	5	29	26	8	1	18	1	24	26	13	3	1	5	12	10	18	8	11	9	17	29	5	25	18	13	29	21	25	8	4	5	26	26	21	2	16	17	1	12	1	17	1	24	9	10	19	29	19	0	7	6	0	9	24	8	24	6	1	3	1	21	17	7	1	15	15	21	16	13	29	1	11	20	13	24	13	12	28	16	8	0	19	20	28	6	8	0	23	5	20	28	21	7	12	17	29	0	7	24	8	25	23	0	4	10	19	12	25	
22	6	4	27	29	19	12	20	24	29	28	29	17	1	14	3	22	3	14	18	19	15	7	20	10	26	16	22	17	17	14	2	18	18	11	19	29	12	27	3	23	29	23	12	3	26	6	26	19	14	17	19	22	16	23	11	17	3	20	26	0	6	12	17	12	24	24	3	25	11	11	24	8	13	14	22	29	11	13	14	27	10	4	5	8	5	20	9	3	23	13	6	18	21	29	18	22	6	19	4	13	24	5	13	0	10	2	2	18	18	28	15	5	21	12	2	26	18	8	3	2	27	3	11	23	22	8	29	17	4	29	9	22	28	15	25	6	20	18	10	11	16	9	25	5	1	29	6	16	10	25	17	28	5	8	0	29	11	1	18	25	8	19	2	13	14	23	3	6	26	12	11	16	19	17	10	2	18	25	21	27	11	21	26	25	10	28	13	10	0	3	9	28	4	3	21	4	28	5	19	0	0	6	23	5	27	15	18	15	4	9	28	27	21	4	10	7	12	13	9	3	28	0	29	3	28	22	26	2	17	2	16	14	1	12	12	24	2	21	23	6	3	7	29	6	16	14	25	16	4	17	7	4	12	24	7	28	6	3	28	20	2	23	11	10	13	14	4	24	4	6	13	24	23	4	13	22	12	28	24	20	14	26	1	4	18	17	19	12	4	28	14	24	29	16	10	14	5	8	16	2	17	1	14	15	18	2	6	13	16	28	7	9	19	12	26	15	9	18	19	5	0	24	4	21	14	29	0	18	1	24	24	18	19	16	22	28	10	17	4	28	4	29	9	19	5	21	2	21	16	19	15	6	22	1	22	16	3	24	6	18	0	12	23	8	15	22	25	3	7	20	3	29	29	25	26	2	17	25	24	12	13	1	13	25	20	14	14	21	25	27	
29	40	38	21	21	32	33	30	40	36	31	31	24	26	37	35	39	35	39	36	35	20	35	30	36	32	23	32	24	21	35	35	39	25	27	24	23	26	31	40	20	31	21	33	29	30	34	22	33	25	22	32	39	29	24	27	26	23	36	38	25	29	25	39	27	25	24	20	25	27	35	21	25	33	35	34	34	31	22	22	26	33	34	31	22	32	37	33	39	31	32	24	20	40	36	28	27	25	29	26	31	37	32	34	32	28	30	33	27	22	32	23	29	29	32	31	34	28	33	34	25	40	23	28	20	32	25	34	28	23	35	35	32	39	35	21	23	40	28	20	21	32	26	26	37	26	30	32	27	28	31	40	27	29	38	38	36	22	28	27	32	30	21	30	29	38	30	36	22	21	35	23	25	20	22	40	28	29	24	29	33	26	27	39	36	37	35	26	29	25	22	21	39	39	22	26	26	26	40	29	26	37	39	23	36	33	36	32	24	21	33	38	21	38	31	25	35	22	35	37	31	24	32	20	35	35	38	30	29	29	22	40	32	32	38	38	37	34	26	40	37	38	22	20	35	23	34	21	20	36	24	24	32	23	35	22	25	21	36	39	26	31	25	40	37	26	28	25	38	37	26	36	28	34	27	38	25	21	26	37	38	37	30	32	27	24	38	34	27	32	34	33	34	24	35	33	31	28	20	37	36	24	23	24	29	30	26	32	22	30	21	24	27	30	40	33	35	23	27	25	38	32	20	29	23	34	38	32	22	27	37	26	20	30	38	39	30	31	34	39	21	20	28	21	20	20	25	36	25	24	38	36	39	24	36	20	31	32	28	22	24	31	22	28	37	31	21	27	34	33	37	38	28	31	23	27	21	33	35	37	34	29	28	23	35	22	33	23	33	36	33	
37	49	21	12	44	36	13	40	22	45	34	38	36	41	20	50	20	20	45	37	50	18	28	12	41	44	35	11	33	18	13	16	42	38	27	50	44	24	34	14	49	28	42	11	28	33	33	47	41	42	17	12	45	50	17	24	31	38	13	30	44	38	17	32	23	42	38	17	43	50	47	11	13	26	28	32	13	38	28	14	41	38	39	16	26	21	29	43	20	16	46	24	13	23	43	36	39	38	12	46	17	50	14	50	29	49	33	12	33	11	33	26	48	43	39	24	21	33	15	40	33	28	22	10	38	32	17	37	23	12	43	38	10	33	35	24	10	33	28	35	34	32	40	12	45	27	50	47	32	30	26	38	16	19	34	41	40	42	47	12	20	46	26	47	39	27	19	34	46	47	13	12	31	48	18	38	28	38	50	28	16	11	41	40	35	29	40	26	45	30	45	20	15	12	25	15	16	48	19	25	50	16	39	18	28	25	18	24	12	32	40	19	28	14	50	39	43	14	10	50	29	14	37	47	25	33	29	25	41	24	12	30	14	41	43	22	43	33	41	13	34	48	30	13	11	47	23	37	16	23	37	16	18	21	40	43	44	13	28	31	24	14	31	50	47	50	49	10	18	47	15	39	37	33	31	35	13	46	20	37	29	33	38	47	15	10	25	12	16	43	43	33	33	45	12	39	44	36	43	24	22	27	32	45	46	45	42	15	39	19	34	21	19	12	24	24	28	49	32	36	49	36	42	26	12	44	31	48	47	50	28	25	47	10	20	10	16	10	33	26	32	36	41	33	29	36	38	11	19	23	22	28	46	33	16	11	28	39	33	11	24	20	45	38	38	44	21	32	35	39	14	21	17	32	43	25	35	25	15	29	14	11	24	20	42	11	18	21	34	28	41	
10
90
