217
30
0	0	0	0	0	0	0	192	0	0	0	0	0	0	0	0	0	0	0	0	0	0	0	0	0	0	48	0	0	0	
0	0	0	0	0	0	0	0	0	0	0	0	0	0	0	0	0	0	0	192	0	0	0	0	0	0	0	96	0	0	
0	0	0	0	0	0	0	0	0	96	0	0	0	0	0	0	0	0	0	0	0	0	0	96	0	0	0	0	0	0	
0	0	0	0	192	0	0	0	0	0	0	0	0	0	0	0	0	192	0	0	0	0	0	0	0	0	0	0	0	0	
0	0	0	192	0	0	0	0	0	0	0	0	0	0	0	0	0	0	0	0	0	0	0	0	0	192	0	0	0	0	
0	0	0	0	0	0	0	0	0	0	0	0	0	0	0	0	192	0	0	0	0	0	0	0	0	0	0	0	0	500	
0	0	0	0	0	0	0	0	0	0	0	0	48	0	0	0	0	0	0	0	0	0	0	48	0	0	0	0	0	0	
192	0	0	0	0	0	0	0	0	0	0	0	0	0	0	0	0	0	0	0	0	192	0	0	0	0	0	0	0	0	
0	0	0	0	0	0	0	0	0	0	0	0	0	0	0	96	0	0	0	0	0	0	0	0	96	0	0	0	0	0	
0	0	96	0	0	0	0	0	0	0	0	0	0	0	96	0	0	0	0	0	0	0	0	0	0	0	0	0	0	0	
0	0	0	0	0	0	0	0	0	0	0	0	96	0	0	0	0	192	0	0	0	0	0	0	0	48	0	0	0	0	
0	0	0	0	0	0	0	0	0	0	0	0	0	96	0	500	0	0	500	0	0	0	0	0	500	0	0	0	0	0	
0	0	0	0	0	0	48	0	0	0	96	0	0	0	0	0	0	0	0	0	0	0	0	0	0	0	0	0	0	0	
0	0	0	0	0	0	0	0	0	0	0	96	0	0	0	0	96	0	96	0	0	0	0	0	0	0	0	96	0	0	
0	0	0	0	0	0	0	0	0	96	0	0	0	0	0	48	0	500	0	0	48	0	0	0	0	0	0	0	0	0	
0	0	0	0	0	0	0	0	96	0	0	500	0	0	48	0	0	0	0	0	48	0	0	0	0	0	0	0	48	0	
0	0	0	0	0	192	0	0	0	0	0	0	0	96	0	0	0	0	0	0	0	0	0	0	0	0	0	500	0	0	
0	0	0	192	0	0	0	0	0	0	192	0	0	0	500	0	0	0	0	0	0	0	0	0	0	0	0	0	0	0	
0	0	0	0	0	0	0	0	0	0	0	500	0	96	0	0	0	0	0	0	0	0	0	0	0	0	0	192	0	0	
0	192	0	0	0	0	0	0	0	0	0	0	0	0	0	0	0	0	0	0	0	0	0	0	0	0	0	192	0	0	
0	0	0	0	0	0	0	0	0	0	0	0	0	0	48	48	0	0	0	0	0	0	0	0	0	0	0	0	500	0	
0	0	0	0	0	0	0	192	0	0	0	0	0	0	0	0	0	0	0	0	0	0	48	0	0	0	48	0	0	500	
0	0	0	0	0	0	0	0	0	0	0	0	0	0	0	0	0	0	0	0	0	48	0	0	0	0	0	0	0	500	
0	0	96	0	0	0	48	0	0	0	0	0	0	0	0	0	0	0	0	0	0	0	0	0	0	0	0	0	0	0	
0	0	0	0	0	0	0	0	96	0	0	500	0	0	0	0	0	0	0	0	0	0	0	0	0	0	0	0	0	0	
0	0	0	0	192	0	0	0	0	0	48	0	0	0	0	0	0	0	0	0	0	0	0	0	0	0	0	0	0	0	
48	0	0	0	0	0	0	0	0	0	0	0	0	0	0	0	0	0	0	0	0	48	0	0	0	0	0	0	0	0	
0	96	0	0	0	0	0	0	0	0	0	0	0	96	0	0	500	0	192	192	0	0	0	0	0	0	0	0	0	0	
0	0	0	0	0	0	0	0	0	0	0	0	0	0	0	48	0	0	0	0	500	0	0	0	0	0	0	0	0	0	
0	0	0	0	0	500	0	0	0	0	0	0	0	0	0	0	0	0	0	0	0	500	500	0	0	0	0	0	0	0	
10	29	17	18	5	8	21	14	7	12	23	26	0	2	26	1	3	21	20	8	12	16	6	12	18	10	9	12	24	27	26	19	9	23	14	26	5	9	16	10	1	16	29	8	27	29	18	27	24	10	17	7	6	5	21	22	29	2	15	0	6	12	20	28	5	20	21	20	21	11	18	2	6	0	11	19	11	22	15	29	14	8	28	8	7	6	13	11	15	13	1	11	18	3	20	2	1	19	9	1	21	12	26	1	26	18	1	1	2	10	17	15	0	21	25	11	19	1	5	19	25	25	29	2	27	8	24	3	25	8	8	8	7	18	12	1	6	21	13	8	18	21	24	11	22	17	29	27	24	12	11	25	11	14	16	11	7	2	4	3	28	10	26	15	15	5	5	13	0	22	3	28	10	9	7	25	10	9	25	28	10	21	24	17	22	16	22	3	23	4	26	4	28	16	26	14	1	23	5	29	13	21	15	17	6	24	10	23	12	19	7	8	19	28	15	4	23	
4	15	6	23	20	5	26	29	4	2	6	27	10	20	12	13	10	10	5	20	5	28	24	2	9	20	14	17	10	14	15	0	13	28	13	25	29	14	17	11	6	14	26	22	4	26	4	5	28	22	7	27	11	22	12	15	7	14	6	11	12	12	11	13	17	16	12	16	20	18	28	7	21	2	10	9	29	8	13	25	5	10	26	4	4	17	11	27	20	3	11	27	5	1	17	9	13	29	1	20	17	29	11	9	14	11	12	22	12	18	15	27	5	4	2	7	24	2	5	2	6	14	29	12	23	1	1	26	3	27	17	2	26	8	28	20	5	24	15	15	11	0	25	15	23	22	9	7	23	7	2	23	13	17	14	20	25	10	0	14	28	0	17	22	25	27	1	27	18	7	18	14	21	28	21	3	19	4	17	19	11	21	24	26	23	9	4	23	5	26	22	11	3	14	5	29	12	1	0	0	29	19	15	19	7	16	10	17	18	7	18	9	22	12	3	4	16	
37	37	34	27	25	24	24	35	31	20	20	37	25	34	20	38	22	34	34	22	28	21	31	21	31	33	29	30	22	25	40	26	22	36	40	21	30	21	34	23	26	38	37	39	23	40	25	27	24	23	30	30	30	30	33	20	30	40	36	23	23	38	34	34	27	22	38	34	22	22	25	40	33	38	35	25	38	25	23	23	36	35	38	40	35	25	33	32	32	31	24	40	23	30	39	30	23	40	32	38	33	21	24	20	24	24	35	31	40	29	37	30	36	25	21	23	31	31	36	38	24	29	28	23	29	23	40	21	40	30	35	34	28	31	21	30	24	26	34	22	34	26	33	38	34	23	26	37	40	33	26	29	27	26	30	23	30	29	27	36	40	32	30	36	39	20	22	38	34	29	32	39	39	26	34	33	27	29	37	32	37	39	28	28	39	32	37	33	35	39	35	30	37	20	32	30	23	32	33	27	22	21	26	21	34	21	36	37	27	36	39	29	31	26	23	34	38	
24	33	14	31	16	14	25	40	25	50	29	40	19	22	48	37	20	28	47	26	36	41	26	22	13	34	10	11	24	43	33	12	31	27	42	18	30	30	11	34	33	31	10	13	18	14	23	39	12	44	37	38	42	13	21	11	41	47	26	40	46	19	13	45	29	28	19	45	32	48	14	50	45	14	31	29	11	26	26	38	38	24	18	10	13	31	41	28	43	10	44	19	21	28	12	40	21	21	22	20	17	21	29	50	24	16	37	27	14	44	14	35	18	33	10	11	15	18	42	33	35	21	31	41	49	25	24	37	10	41	10	28	17	48	15	42	43	22	37	39	37	21	24	30	27	17	20	33	18	39	22	45	29	41	45	25	15	26	49	38	19	32	10	13	36	41	31	38	15	27	50	43	34	16	25	44	17	41	26	45	15	31	42	47	16	48	15	22	21	16	41	22	10	11	40	10	15	35	31	47	14	14	19	48	38	12	24	36	30	18	15	16	40	36	13	26	40	
10
50
