304
30
0	0	0	0	0	0	0	0	0	0	0	0	48	0	0	0	0	48	0	0	0	0	0	0	0	0	0	0	0	0	
0	0	0	0	0	0	0	0	500	0	0	0	0	0	0	0	0	0	0	500	0	0	0	0	0	0	0	0	0	0	
0	0	0	0	0	0	0	0	0	0	0	0	0	0	0	0	0	0	0	0	0	96	0	0	192	0	0	0	0	0	
0	0	0	0	0	0	0	0	48	0	0	0	0	0	0	0	500	0	0	0	0	0	0	0	0	0	0	0	0	0	
0	0	0	0	0	0	0	0	0	0	0	0	0	0	0	96	0	0	0	0	0	0	0	0	0	0	500	0	0	0	
0	0	0	0	0	0	0	500	0	500	0	192	0	0	0	0	0	0	0	0	0	0	0	0	0	0	0	0	48	0	
0	0	0	0	0	0	0	0	0	0	0	0	0	0	0	0	0	0	0	0	0	0	0	500	0	0	0	500	0	0	
0	0	0	0	0	500	0	0	0	0	0	96	0	0	0	0	0	0	0	0	0	0	0	0	0	0	0	0	500	0	
0	500	0	48	0	0	0	0	0	0	0	0	0	0	0	0	0	0	0	0	0	0	0	0	0	0	0	0	0	0	
0	0	0	0	0	500	0	0	0	0	0	0	0	0	0	0	0	0	0	0	0	0	0	0	0	0	96	0	0	0	
0	0	0	0	0	0	0	0	0	0	0	0	0	48	0	0	0	48	0	0	0	0	48	0	0	0	0	0	0	0	
0	0	0	0	0	192	0	96	0	0	0	0	0	0	0	0	0	0	0	0	0	0	0	0	0	0	0	0	0	0	
48	0	0	0	0	0	0	0	0	0	0	0	0	0	0	0	0	0	0	0	0	0	0	0	0	0	0	192	0	0	
0	0	0	0	0	0	0	0	0	0	48	0	0	0	0	0	0	0	0	0	0	0	0	0	0	96	0	0	0	0	
0	0	0	0	0	0	0	0	0	0	0	0	0	0	0	500	0	0	0	0	0	48	0	0	0	0	48	0	0	0	
0	0	0	0	96	0	0	0	0	0	0	0	0	0	500	0	0	0	0	0	0	0	0	0	0	0	0	0	0	0	
0	0	0	500	0	0	0	0	0	0	0	0	0	0	0	0	0	0	0	0	96	0	0	48	0	0	0	0	0	0	
48	0	0	0	0	0	0	0	0	0	48	0	0	0	0	0	0	0	0	0	0	0	0	0	0	0	0	0	0	0	
0	0	0	0	0	0	0	0	0	0	0	0	0	0	0	0	0	0	0	96	0	192	0	0	0	0	0	0	0	500	
0	500	0	0	0	0	0	0	0	0	0	0	0	0	0	0	0	0	96	0	0	0	0	0	0	0	0	0	0	500	
0	0	0	0	0	0	0	0	0	0	0	0	0	0	0	0	96	0	0	0	0	0	0	0	192	0	0	0	0	0	
0	0	96	0	0	0	0	0	0	0	0	0	0	0	48	0	0	0	192	0	0	0	0	0	0	0	0	0	0	0	
0	0	0	0	0	0	0	0	0	0	48	0	0	0	0	0	0	0	0	0	0	0	0	0	0	192	0	0	0	0	
0	0	0	0	0	0	500	0	0	0	0	0	0	0	0	0	48	0	0	0	0	0	0	0	0	0	0	0	0	0	
0	0	192	0	0	0	0	0	0	0	0	0	0	0	0	0	0	0	0	0	192	0	0	0	0	0	0	0	0	0	
0	0	0	0	0	0	0	0	0	0	0	0	0	96	0	0	0	0	0	0	0	0	192	0	0	0	0	0	0	0	
0	0	0	0	500	0	0	0	0	96	0	0	0	0	48	0	0	0	0	0	0	0	0	0	0	0	0	0	0	0	
0	0	0	0	0	0	500	0	0	0	0	0	192	0	0	0	0	0	0	0	0	0	0	0	0	0	0	0	0	0	
0	0	0	0	0	48	0	500	0	0	0	0	0	0	0	0	0	0	0	0	0	0	0	0	0	0	0	0	0	0	
0	0	0	0	0	0	0	0	0	0	0	0	0	0	0	0	0	0	500	500	0	0	0	0	0	0	0	0	0	0	
27	17	6	22	5	3	8	8	16	25	3	10	12	27	29	20	20	17	26	17	24	13	23	28	5	15	27	0	6	0	6	19	7	15	3	13	20	24	27	17	5	22	13	18	21	2	6	13	21	4	1	13	20	12	18	11	2	22	8	24	1	21	6	7	15	14	18	23	9	27	24	10	22	29	1	26	24	1	12	26	21	23	21	10	20	8	14	16	8	28	8	15	20	21	4	15	15	19	6	8	8	11	15	1	21	23	26	14	3	24	24	13	0	14	18	23	19	21	3	6	3	23	3	5	11	5	23	21	26	12	28	0	25	18	6	23	10	9	27	12	29	15	28	8	21	26	6	26	13	18	23	5	0	27	2	18	17	17	3	12	7	6	22	16	6	17	21	11	17	29	20	16	29	10	15	4	14	26	1	4	28	13	28	15	15	16	17	18	26	24	5	20	28	29	4	26	5	4	12	9	14	6	4	18	1	21	23	24	12	6	1	18	22	11	10	13	7	9	27	29	4	2	11	23	10	19	2	25	12	8	11	28	21	29	0	5	22	10	28	26	25	22	22	4	29	10	21	19	10	20	16	6	0	15	22	9	10	26	17	29	29	11	16	16	3	4	10	18	6	17	7	18	5	14	25	7	29	21	9	2	12	2	6	21	8	9	1	8	0	18	26	10	7	20	13	6	7	4	25	3	0	20	14	10	
25	11	22	24	14	21	14	26	15	1	9	14	9	8	9	11	7	8	23	1	12	2	16	3	8	22	4	7	21	9	25	25	2	2	11	22	0	23	1	14	5	2	26	14	0	21	21	11	19	20	27	28	27	0	15	11	23	22	4	15	21	24	9	1	1	23	1	18	28	23	2	1	9	22	9	21	19	2	16	29	1	15	5	0	0	1	15	25	1	10	6	24	25	4	22	16	10	27	22	12	19	14	4	14	7	1	5	15	25	5	26	17	27	23	18	3	1	11	2	15	14	2	25	14	29	15	28	20	12	5	16	10	22	11	2	1	28	5	0	13	8	4	28	21	25	21	17	3	29	22	6	9	22	10	24	12	9	27	28	9	5	25	13	12	29	4	24	11	8	18	10	5	10	23	10	8	17	7	0	24	6	17	29	24	6	27	21	18	13	24	22	1	23	26	15	16	29	0	22	2	22	10	21	8	13	22	17	19	22	18	14	18	4	20	27	9	26	16	0	21	2	28	27	14	26	14	29	8	25	0	24	0	4	17	27	10	15	17	13	2	13	8	2	17	13	14	15	22	25	11	1	25	27	7	21	20	4	10	21	22	9	16	26	7	5	1	6	20	20	20	13	22	20	7	0	9	2	13	3	12	23	6	25	3	16	29	20	23	29	0	28	0	8	3	12	19	24	6	12	6	26	17	27	22	
36	34	21	30	36	33	24	28	36	23	35	38	27	24	38	34	29	23	27	38	27	39	30	32	27	30	27	34	26	25	36	33	20	28	24	30	29	35	26	28	31	35	20	25	34	31	34	23	22	34	31	40	26	24	34	21	38	25	38	31	35	37	40	31	25	31	27	40	26	24	24	20	31	34	32	37	33	38	26	34	28	26	29	28	27	29	24	23	20	30	30	26	32	35	38	32	30	39	20	32	23	30	21	32	24	37	20	39	25	21	21	40	36	25	20	23	32	22	21	25	30	32	29	20	28	28	30	39	22	40	21	28	20	23	23	37	37	40	30	22	25	26	28	32	32	33	24	38	35	27	21	32	20	29	24	21	28	27	21	40	20	24	30	39	34	33	28	25	32	40	40	22	34	29	25	39	26	26	29	39	30	33	24	31	34	24	28	21	27	35	35	28	34	36	23	33	36	35	34	27	31	31	40	38	40	32	32	32	25	28	22	22	40	38	39	27	24	33	33	21	35	21	23	22	20	32	40	21	38	25	40	34	40	39	28	28	39	24	24	32	30	28	33	34	38	20	32	36	26	20	20	24	39	36	29	23	36	34	29	26	32	36	34	24	29	31	32	33	22	23	21	22	37	28	20	29	26	22	20	21	21	26	26	26	26	21	40	24	32	38	25	38	27	27	23	33	24	32	40	26	35	31	35	20	
15	39	50	22	39	10	40	15	27	33	23	35	32	13	39	27	25	34	34	10	36	25	30	27	26	41	14	29	34	28	40	38	26	34	28	19	30	22	17	50	27	11	14	20	36	38	43	43	48	47	44	23	20	31	23	30	47	25	20	23	20	47	15	38	39	34	20	28	18	23	49	36	39	45	43	37	30	35	27	24	38	11	17	16	22	28	46	19	12	10	12	28	35	48	24	28	24	11	13	27	13	48	11	41	35	47	13	26	44	50	37	20	46	11	21	18	22	50	43	13	40	32	17	47	42	19	42	28	34	43	26	12	20	19	35	36	25	23	45	47	39	35	20	21	35	42	42	40	23	12	11	32	28	36	40	34	13	45	36	26	22	50	15	28	26	13	12	18	13	48	33	38	20	45	43	45	50	26	37	39	37	39	11	22	10	35	18	33	40	47	13	33	18	19	47	29	18	34	34	30	43	14	16	19	48	16	12	23	37	39	33	15	26	45	46	37	18	24	20	42	45	13	23	19	16	46	37	10	24	36	15	11	22	19	20	10	35	43	37	32	33	46	16	39	11	35	45	46	45	39	10	20	49	46	29	31	28	33	13	17	40	23	23	38	26	37	34	31	42	48	32	26	48	32	16	49	36	11	14	45	29	11	30	38	15	40	20	21	25	35	44	10	44	22	15	32	26	29	11	10	33	18	25	50	
20
70
