735
50
0	0	0	0	0	0	0	500	0	0	48	0	0	0	0	0	0	0	0	0	0	0	0	0	0	0	0	0	0	0	0	0	0	0	0	0	0	0	0	0	48	96	0	0	0	0	0	0	0	0	
0	0	0	0	0	0	0	0	0	0	0	0	0	0	0	0	96	0	0	0	0	0	0	0	0	0	0	0	0	0	0	0	500	0	0	0	0	0	0	0	0	0	0	0	0	0	0	0	0	0	
0	0	0	0	0	0	0	0	0	0	0	0	0	0	96	0	0	0	0	0	0	0	0	0	0	0	0	0	0	0	0	0	0	0	0	0	0	0	0	0	0	0	0	0	0	0	0	0	0	96	
0	0	0	0	0	0	0	0	0	0	0	96	0	0	0	0	0	0	0	0	0	0	0	0	0	0	0	0	0	0	0	0	0	0	500	0	0	0	0	0	0	0	0	0	0	0	0	0	0	0	
0	0	0	0	0	0	0	0	0	0	0	0	0	0	0	0	0	0	0	0	0	0	0	0	0	192	0	0	0	0	0	0	0	0	0	0	500	0	48	0	0	0	0	0	48	0	0	0	0	0	
0	0	0	0	0	0	0	0	0	0	0	0	0	0	0	0	0	0	48	0	0	0	0	0	0	0	0	0	0	0	0	0	0	0	500	0	0	0	0	0	0	0	0	0	0	0	0	0	0	0	
0	0	0	0	0	0	0	0	0	0	0	0	0	0	96	0	0	0	0	0	0	0	0	0	0	0	0	0	0	0	0	0	0	48	0	0	0	0	0	0	0	0	0	0	0	0	0	0	0	500	
500	0	0	0	0	0	0	0	0	0	0	0	0	0	0	0	0	0	0	0	0	0	0	0	0	0	0	0	0	0	0	96	0	0	0	0	0	96	0	0	0	96	0	0	0	0	0	0	0	0	
0	0	0	0	0	0	0	0	0	0	0	0	0	0	0	0	0	0	0	0	0	0	0	0	500	0	0	0	0	0	0	96	0	0	0	0	0	96	0	0	0	0	0	0	0	0	0	0	0	0	
0	0	0	0	0	0	0	0	0	0	0	0	0	0	0	192	0	0	0	0	0	0	0	0	0	0	0	0	0	0	0	0	0	0	0	0	0	0	0	0	0	0	0	48	0	48	0	0	0	0	
48	0	0	0	0	0	0	0	0	0	0	0	0	0	0	0	0	0	0	0	0	0	0	0	0	0	0	0	0	0	0	0	0	0	0	0	0	0	0	0	192	0	0	0	0	0	0	48	0	0	
0	0	0	96	0	0	0	0	0	0	0	0	0	0	0	0	0	0	0	0	0	0	0	0	0	0	0	0	0	0	0	0	0	0	0	0	0	0	0	0	0	0	0	0	0	0	0	0	48	0	
0	0	0	0	0	0	0	0	0	0	0	0	0	500	0	0	0	0	0	0	0	0	500	0	0	0	0	0	0	48	0	0	0	0	0	0	0	0	0	0	0	0	0	0	0	0	0	0	0	0	
0	0	0	0	0	0	0	0	0	0	0	0	500	0	0	0	0	96	0	0	0	0	0	0	0	0	0	0	0	0	0	0	0	0	0	0	0	0	0	0	0	0	0	0	48	0	0	0	0	0	
0	0	96	0	0	0	96	0	0	0	0	0	0	0	0	0	0	0	0	0	0	0	0	0	0	0	0	0	0	0	0	0	0	500	0	0	0	0	0	0	0	0	0	0	0	0	500	0	0	0	
0	0	0	0	0	0	0	0	0	192	0	0	0	0	0	0	0	0	0	0	0	0	0	0	0	48	0	0	0	0	0	0	0	0	0	0	0	0	0	0	0	0	0	500	0	0	0	0	0	0	
0	96	0	0	0	0	0	0	0	0	0	0	0	0	0	0	0	0	0	0	0	0	0	0	0	0	0	0	0	0	0	0	96	0	0	0	0	0	0	0	0	0	0	0	0	0	0	0	0	0	
0	0	0	0	0	0	0	0	0	0	0	0	0	96	0	0	0	0	0	0	0	0	0	0	0	0	0	0	0	0	0	0	0	0	0	0	0	0	0	0	0	0	0	0	96	0	0	0	0	0	
0	0	0	0	0	48	0	0	0	0	0	0	0	0	0	0	0	0	0	0	0	0	0	192	0	0	0	0	0	0	0	0	0	0	0	0	0	0	0	0	0	0	0	0	0	0	0	0	0	0	
0	0	0	0	0	0	0	0	0	0	0	0	0	0	0	0	0	0	0	0	0	0	0	0	0	0	0	96	0	0	0	0	0	0	0	0	0	0	0	0	0	0	0	0	0	0	0	0	500	0	
0	0	0	0	0	0	0	0	0	0	0	0	0	0	0	0	0	0	0	0	0	0	0	500	0	0	0	0	0	0	0	0	192	0	0	0	0	0	0	0	0	0	500	0	0	0	0	0	0	0	
0	0	0	0	0	0	0	0	0	0	0	0	0	0	0	0	0	0	0	0	0	0	0	0	0	0	0	0	192	0	0	0	0	0	0	96	500	0	0	0	0	0	0	0	0	0	0	0	0	0	
0	0	0	0	0	0	0	0	0	0	0	0	500	0	0	0	0	0	0	0	0	0	0	0	0	0	0	0	0	0	0	0	0	0	0	0	0	0	0	192	0	0	0	0	0	0	0	0	0	0	
0	0	0	0	0	0	0	0	0	0	0	0	0	0	0	0	0	0	192	0	500	0	0	0	0	0	0	0	0	0	0	0	192	0	0	0	0	0	0	0	0	0	192	0	0	0	0	0	0	0	
0	0	0	0	0	0	0	0	500	0	0	0	0	0	0	0	0	0	0	0	0	0	0	0	0	0	0	0	0	0	0	192	0	0	0	0	0	0	0	0	0	0	0	0	0	0	0	0	0	0	
0	0	0	0	192	0	0	0	0	0	0	0	0	0	0	48	0	0	0	0	0	0	0	0	0	0	0	0	0	0	0	0	0	0	0	0	0	0	0	0	0	0	0	0	0	0	0	0	0	0	
0	0	0	0	0	0	0	0	0	0	0	0	0	0	0	0	0	0	0	0	0	0	0	0	0	0	0	500	0	96	0	0	0	0	0	0	0	0	0	0	0	0	0	0	0	0	500	0	0	0	
0	0	0	0	0	0	0	0	0	0	0	0	0	0	0	0	0	0	0	96	0	0	0	0	0	0	500	0	0	0	0	0	0	0	0	0	0	0	0	0	0	0	0	0	0	0	192	48	0	0	
0	0	0	0	0	0	0	0	0	0	0	0	0	0	0	0	0	0	0	0	0	192	0	0	0	0	0	0	0	0	0	0	0	0	0	192	0	0	0	0	0	0	0	0	0	0	0	0	0	0	
0	0	0	0	0	0	0	0	0	0	0	0	48	0	0	0	0	0	0	0	0	0	0	0	0	0	96	0	0	0	0	0	0	0	0	0	0	0	0	0	0	0	0	0	48	0	0	0	0	0	
0	0	0	0	0	0	0	0	0	0	0	0	0	0	0	0	0	0	0	0	0	0	0	0	0	0	0	0	0	0	0	0	0	0	0	0	48	0	192	0	0	0	0	0	0	0	0	0	0	0	
0	0	0	0	0	0	0	96	96	0	0	0	0	0	0	0	0	0	0	0	0	0	0	0	192	0	0	0	0	0	0	0	0	0	0	0	0	0	0	0	0	0	0	0	0	0	0	0	0	0	
0	500	0	0	0	0	0	0	0	0	0	0	0	0	0	0	96	0	0	0	192	0	0	192	0	0	0	0	0	0	0	0	0	0	0	0	0	0	0	0	0	0	500	0	0	0	0	0	0	0	
0	0	0	0	0	0	48	0	0	0	0	0	0	0	500	0	0	0	0	0	0	0	0	0	0	0	0	0	0	0	0	0	0	0	0	0	0	0	0	0	0	0	0	0	0	0	0	0	0	0	
0	0	0	500	0	500	0	0	0	0	0	0	0	0	0	0	0	0	0	0	0	0	0	0	0	0	0	0	0	0	0	0	0	0	0	0	0	0	0	0	0	0	0	0	0	0	0	0	0	0	
0	0	0	0	0	0	0	0	0	0	0	0	0	0	0	0	0	0	0	0	0	96	0	0	0	0	0	0	192	0	0	0	0	0	0	0	0	0	0	48	0	0	0	0	0	0	0	0	0	0	
0	0	0	0	500	0	0	0	0	0	0	0	0	0	0	0	0	0	0	0	0	500	0	0	0	0	0	0	0	0	48	0	0	0	0	0	0	0	0	0	0	0	0	0	0	0	0	0	0	0	
0	0	0	0	0	0	0	96	96	0	0	0	0	0	0	0	0	0	0	0	0	0	0	0	0	0	0	0	0	0	0	0	0	0	0	0	0	0	0	0	0	0	0	0	0	0	0	0	0	0	
0	0	0	0	48	0	0	0	0	0	0	0	0	0	0	0	0	0	0	0	0	0	0	0	0	0	0	0	0	0	192	0	0	0	0	0	0	0	0	0	0	0	0	0	0	0	0	0	0	0	
0	0	0	0	0	0	0	0	0	0	0	0	0	0	0	0	0	0	0	0	0	0	192	0	0	0	0	0	0	0	0	0	0	0	0	48	0	0	0	0	0	0	0	0	0	0	0	0	0	0	
48	0	0	0	0	0	0	0	0	0	192	0	0	0	0	0	0	0	0	0	0	0	0	0	0	0	0	0	0	0	0	0	0	0	0	0	0	0	0	0	0	0	0	0	0	0	0	0	0	0	
96	0	0	0	0	0	0	96	0	0	0	0	0	0	0	0	0	0	0	0	0	0	0	0	0	0	0	0	0	0	0	0	0	0	0	0	0	0	0	0	0	0	0	0	0	0	0	0	0	0	
0	0	0	0	0	0	0	0	0	0	0	0	0	0	0	0	0	0	0	0	500	0	0	192	0	0	0	0	0	0	0	0	500	0	0	0	0	0	0	0	0	0	0	0	0	500	0	0	0	0	
0	0	0	0	0	0	0	0	0	48	0	0	0	0	0	500	0	0	0	0	0	0	0	0	0	0	0	0	0	0	0	0	0	0	0	0	0	0	0	0	0	0	0	0	0	0	0	0	0	0	
0	0	0	0	48	0	0	0	0	0	0	0	0	48	0	0	0	96	0	0	0	0	0	0	0	0	0	0	0	48	0	0	0	0	0	0	0	0	0	0	0	0	0	0	0	0	0	0	0	0	
0	0	0	0	0	0	0	0	0	48	0	0	0	0	0	0	0	0	0	0	0	0	0	0	0	0	0	0	0	0	0	0	0	0	0	0	0	0	0	0	0	0	500	0	0	0	0	0	0	0	
0	0	0	0	0	0	0	0	0	0	0	0	0	0	500	0	0	0	0	0	0	0	0	0	0	0	500	192	0	0	0	0	0	0	0	0	0	0	0	0	0	0	0	0	0	0	0	0	0	0	
0	0	0	0	0	0	0	0	0	0	48	0	0	0	0	0	0	0	0	0	0	0	0	0	0	0	0	48	0	0	0	0	0	0	0	0	0	0	0	0	0	0	0	0	0	0	0	0	0	0	
0	0	0	0	0	0	0	0	0	0	0	48	0	0	0	0	0	0	0	500	0	0	0	0	0	0	0	0	0	0	0	0	0	0	0	0	0	0	0	0	0	0	0	0	0	0	0	0	0	0	
0	0	96	0	0	0	500	0	0	0	0	0	0	0	0	0	0	0	0	0	0	0	0	0	0	0	0	0	0	0	0	0	0	0	0	0	0	0	0	0	0	0	0	0	0	0	0	0	0	0	
24	32	49	6	40	19	20	29	1	6	48	36	31	36	17	40	32	16	9	40	23	30	24	39	36	17	15	27	19	18	38	29	6	21	6	14	3	29	48	42	30	9	23	29	35	3	20	6	41	48	11	15	38	27	19	24	18	6	34	22	13	46	2	47	17	12	8	15	38	2	21	1	39	35	41	3	4	15	41	45	12	45	2	38	12	34	19	28	31	19	5	19	9	17	43	28	43	13	26	21	1	2	27	20	48	48	36	34	42	37	16	5	19	17	2	5	31	49	11	13	28	14	14	46	41	44	49	2	38	40	46	12	27	39	36	9	44	25	31	2	21	45	48	47	15	46	30	12	32	17	35	9	15	38	32	49	33	7	39	32	24	2	22	13	38	27	36	14	14	46	12	19	9	19	44	49	17	24	8	4	35	15	23	10	45	37	47	25	1	33	35	10	38	12	8	24	2	45	29	13	28	38	34	29	10	3	36	8	49	15	41	44	45	41	33	28	4	22	29	49	37	0	6	35	14	0	26	20	8	19	36	20	41	15	48	30	46	45	49	18	46	47	13	10	49	22	33	25	46	5	49	3	7	22	40	33	7	42	8	49	8	46	43	27	22	37	26	49	35	3	18	40	11	16	30	29	31	35	45	13	25	15	25	47	17	9	39	16	39	36	30	5	41	4	39	16	41	17	23	14	49	42	29	38	18	32	44	32	14	46	6	22	27	49	46	27	19	25	9	15	28	8	42	32	43	39	26	47	4	17	22	20	42	41	3	41	34	9	25	29	2	46	49	46	24	15	14	22	19	30	1	40	46	38	16	28	17	29	42	34	27	32	31	15	32	44	29	24	12	25	29	33	14	16	0	47	2	10	17	43	1	20	5	4	11	38	20	18	1	21	39	19	1	8	19	7	9	13	7	37	8	27	8	39	20	36	41	37	15	49	44	4	39	41	22	1	14	38	43	34	48	41	23	16	45	23	38	12	41	42	26	23	42	41	32	43	25	15	30	28	48	22	45	47	17	21	8	12	39	14	6	5	12	36	46	21	29	22	25	6	32	47	7	44	34	46	21	40	15	16	17	32	25	12	41	4	23	6	15	29	23	14	45	7	28	34	28	12	41	17	20	19	36	18	36	11	37	20	31	43	45	1	42	11	13	29	38	18	9	6	12	33	20	15	14	20	20	31	7	49	33	39	24	13	7	38	16	38	4	45	46	44	49	33	24	27	2	20	20	36	49	35	39	36	34	44	31	6	23	38	21	13	42	30	24	33	49	0	36	36	41	13	22	43	0	39	32	10	42	11	44	18	27	20	15	33	19	17	4	27	41	35	4	49	41	4	42	7	48	34	32	17	1	38	29	14	34	17	38	36	23	31	28	29	31	9	10	34	11	42	33	26	10	33	12	3	46	20	47	30	40	2	39	10	1	30	19	38	6	26	28	3	31	45	25	44	13	29	44	20	33	35	40	3	33	10	16	35	49	12	9	32	15	30	14	43	33	3	30	28	18	30	24	37	20	29	41	27	47	8	23	3	1	4	43	33	34	12	34	41	16	21	33	25	42	34	25	45	32	35	0	26	7	38	27	18	26	12	28	6	49	42	30	28	38	47	0	46	30	35	37	35	2	11	5	3	23	22	43	28	15	4	31	31	28	16	10	26	2	41	7	45	43	27	5	
26	8	31	14	12	20	7	15	24	25	20	10	21	5	2	40	14	45	26	40	21	35	39	41	11	30	39	42	24	48	24	48	8	29	49	7	6	33	13	8	13	21	10	17	43	27	8	31	2	49	26	45	25	49	15	28	48	40	1	8	42	30	1	26	6	4	17	22	34	42	33	47	34	14	10	23	38	48	31	19	1	45	31	5	24	46	26	28	9	37	42	36	43	17	14	30	28	43	9	10	18	7	27	48	24	19	12	23	44	29	11	0	49	15	45	2	6	42	44	19	1	19	3	9	20	22	37	11	11	14	13	0	31	46	48	5	7	0	1	33	34	2	20	19	20	24	40	0	45	17	28	1	13	34	22	5	23	27	8	30	42	13	35	4	10	19	36	2	21	3	35	34	16	32	30	28	20	34	24	13	48	19	30	21	17	31	22	42	46	27	1	3	15	3	32	24	31	44	12	1	4	28	36	21	9	17	31	22	37	43	33	37	1	9	23	41	34	38	8	48	7	38	36	9	48	1	39	36	31	31	0	0	29	4	8	28	37	0	45	33	28	31	26	4	11	23	15	26	7	36	36	38	0	9	37	31	17	35	34	24	15	48	39	30	4	28	27	18	6	17	26	39	29	14	23	28	34	4	43	40	22	23	12	42	25	0	10	13	8	36	2	32	41	23	33	4	48	32	29	36	22	29	0	39	33	21	47	5	26	18	13	15	18	47	42	25	44	28	43	6	29	3	32	11	46	6	40	20	3	12	4	16	5	2	3	49	10	34	20	34	26	13	48	15	20	6	13	33	7	5	42	38	35	32	16	8	4	7	13	26	39	18	23	3	47	47	7	46	16	0	14	13	38	1	39	18	14	44	34	48	7	48	13	10	13	4	25	35	2	44	44	20	30	29	28	28	36	14	38	48	7	49	37	5	37	48	20	24	39	13	7	34	15	35	12	48	39	18	12	40	48	13	4	46	13	24	40	25	10	18	32	15	39	29	43	6	43	34	0	47	38	7	42	6	3	15	45	35	49	2	37	21	29	28	15	6	14	21	31	3	43	2	29	14	0	38	4	16	30	39	19	33	29	25	41	26	11	18	32	4	1	37	20	25	36	35	16	26	2	30	23	29	23	2	1	7	14	37	11	31	37	11	14	14	19	13	45	41	43	42	15	31	0	40	35	17	23	34	31	8	1	1	24	1	6	29	20	11	19	44	2	33	36	48	41	4	33	20	9	1	7	0	32	17	1	39	3	27	31	21	31	46	17	31	20	32	48	13	44	4	21	6	32	0	48	30	23	49	7	26	39	34	7	24	21	8	44	15	13	3	29	10	6	24	37	49	19	35	37	37	9	17	26	35	23	32	15	5	32	31	30	11	8	40	1	27	6	19	33	17	21	7	11	15	27	18	19	5	25	26	47	15	23	16	40	29	15	25	7	3	9	14	27	41	21	16	25	39	43	30	26	23	34	5	46	18	0	30	36	27	45	18	16	26	8	14	1	36	48	11	49	4	24	12	34	28	16	24	36	27	2	38	27	1	5	27	40	47	32	5	8	33	35	24	0	18	36	7	16	36	44	36	27	24	32	21	8	20	35	29	41	37	7	8	44	11	8	20	48	20	45	24	41	34	16	28	23	38	29	27	39	26	8	31	30	43	41	41	24	15	48	45	26	14	14	
28	25	34	38	29	38	32	31	32	28	35	37	22	20	40	23	24	31	34	39	24	24	21	33	28	34	28	38	23	32	33	39	22	23	32	27	31	24	26	31	29	36	22	36	40	23	36	33	33	27	24	20	40	26	27	31	30	36	36	34	29	37	25	38	21	37	27	21	38	36	30	31	35	24	34	34	36	39	31	40	33	20	39	28	21	32	25	22	40	38	36	26	21	25	33	26	29	26	39	32	32	22	22	29	39	35	30	39	37	29	29	38	24	38	27	22	40	33	39	27	37	33	37	36	40	35	29	28	39	31	25	26	29	34	27	29	30	35	28	25	26	20	24	21	35	26	24	31	33	22	36	38	32	38	28	36	34	22	21	33	26	27	24	24	37	35	23	21	36	30	20	31	25	21	20	22	35	28	25	40	31	20	26	21	33	33	26	33	31	25	39	23	34	31	28	39	31	35	30	20	31	33	32	23	22	28	30	22	31	39	32	29	30	28	22	25	36	38	35	34	21	25	39	40	36	26	29	31	24	37	30	40	25	40	36	38	26	32	38	20	26	23	40	25	32	38	37	37	34	35	28	25	32	35	24	26	34	36	24	33	22	39	25	32	25	35	35	39	38	28	27	31	23	37	21	29	36	30	26	20	36	27	30	21	33	36	29	27	37	39	26	26	25	36	39	39	28	20	22	26	33	35	25	20	35	31	23	20	26	37	31	32	38	33	33	33	23	30	26	24	33	28	27	38	34	39	29	26	28	26	36	23	20	35	31	27	31	28	36	33	37	21	36	38	20	35	20	31	34	25	31	29	31	31	32	39	23	38	35	33	32	24	27	40	21	40	21	27	40	26	25	40	24	20	38	37	20	36	40	26	39	28	24	39	32	36	38	39	37	23	35	35	32	36	30	30	24	30	21	26	36	28	35	34	28	39	29	24	30	26	34	25	20	36	36	34	32	39	24	29	29	31	20	30	40	33	27	30	38	38	31	31	35	36	31	29	38	37	30	25	27	29	22	22	26	33	34	35	33	23	37	24	21	26	23	40	33	24	24	37	30	33	26	36	31	29	32	25	21	26	30	40	27	22	24	32	39	29	26	22	29	20	40	32	21	36	22	37	23	27	26	25	22	39	34	32	35	22	37	31	37	31	21	29	36	29	31	24	32	34	34	21	35	21	25	37	32	27	28	22	36	38	25	36	39	25	33	21	34	34	36	24	35	27	24	34	24	32	39	36	37	24	22	28	34	27	31	26	36	35	35	28	24	20	35	20	24	37	28	31	20	38	35	39	25	40	28	39	39	29	37	40	32	24	35	40	40	21	36	35	26	29	38	22	31	32	30	27	23	29	37	40	20	34	40	22	32	29	34	39	22	36	34	35	28	31	37	32	28	23	26	21	31	20	39	31	30	29	24	36	37	39	30	21	21	24	20	20	21	27	37	33	37	22	21	28	40	26	21	30	20	34	39	33	28	40	34	35	31	33	22	26	20	36	22	36	36	40	32	34	36	38	38	36	21	27	26	34	21	35	40	22	33	37	33	23	38	21	35	40	28	31	37	39	28	31	38	24	34	30	21	23	37	24	34	27	22	25	27	39	28	26	29	26	27	30	26	32	28	24	28	34	24	37	33	20	28	27	28	26	38	30	39	27	33	29	25	27	32	27	20	28	30	25	23	
25	48	28	44	14	40	11	39	10	13	15	24	13	11	41	40	37	28	27	44	33	47	30	19	28	44	25	11	22	31	25	32	42	28	14	46	27	36	41	49	20	17	44	22	17	17	19	10	19	43	27	47	46	31	36	38	39	27	12	34	50	13	22	40	35	47	21	16	29	50	38	44	36	14	38	18	40	43	44	37	20	45	33	30	34	46	41	48	49	40	29	43	40	29	44	27	40	41	26	37	31	26	44	25	27	37	13	31	34	35	13	50	43	50	30	21	38	35	22	16	26	27	12	50	10	14	50	46	25	45	15	36	25	41	34	20	20	32	30	30	42	49	25	16	38	13	35	45	11	35	47	35	15	23	29	22	19	35	26	15	26	35	20	16	47	28	27	20	48	23	14	48	16	31	15	19	40	50	50	37	37	21	42	16	39	13	48	43	12	13	40	34	35	46	46	36	16	14	10	37	40	37	34	22	40	23	44	28	10	13	28	49	19	19	36	26	10	14	45	42	30	47	10	24	44	22	50	14	48	43	31	39	30	28	27	35	25	44	46	21	23	21	18	41	48	31	28	17	22	28	40	27	36	40	45	34	25	31	19	35	21	42	27	27	43	20	41	24	46	36	41	31	40	49	40	23	36	35	13	41	25	33	50	42	12	18	40	26	34	15	44	26	12	12	17	43	17	41	23	21	23	27	45	27	13	49	20	47	17	47	41	24	22	13	11	13	44	16	14	50	49	10	20	47	13	44	26	33	49	24	21	38	40	50	28	10	17	17	34	30	26	38	38	18	30	44	23	34	41	10	24	24	15	42	16	48	26	28	46	29	20	14	14	43	40	10	15	49	22	41	43	15	31	16	33	25	26	29	22	22	48	35	39	19	46	46	39	41	43	11	41	43	13	29	27	46	25	13	26	45	45	44	32	30	17	47	43	44	46	35	17	30	24	44	36	16	32	16	35	35	27	20	18	43	21	20	29	16	38	46	28	26	22	10	18	17	27	13	45	22	31	47	35	25	46	45	42	27	38	28	45	39	20	17	28	30	46	47	39	27	31	10	38	26	20	37	12	46	13	44	16	25	25	50	44	10	14	41	25	37	24	18	14	15	37	20	48	14	40	20	23	16	38	24	35	12	32	39	40	25	28	20	37	29	40	38	30	34	32	49	44	31	26	10	42	13	18	21	24	46	46	48	19	34	20	21	44	36	28	41	28	47	45	39	32	45	49	28	43	27	32	31	44	27	45	40	25	34	28	29	13	44	48	44	25	32	11	38	35	26	33	36	37	49	35	15	32	34	23	13	28	29	27	36	34	25	32	11	20	14	28	16	25	29	15	23	38	29	13	17	24	24	49	43	11	24	32	14	32	45	38	21	35	20	40	17	23	37	32	31	46	38	10	29	38	33	15	13	15	35	19	27	31	40	28	14	31	21	30	21	41	48	12	36	32	31	43	41	47	39	36	44	30	33	10	31	27	25	17	15	16	42	31	20	31	34	14	47	12	10	29	12	45	45	12	11	13	32	27	20	24	16	48	36	40	31	38	30	11	24	46	38	28	37	33	12	35	25	39	15	44	42	23	30	43	35	41	45	30	34	28	12	31	36	10	40	45	21	37	30	50	22	22	36	26	44	36	40	37	46	24	34	22	45	23	21	23	47	26	50	18	13	37	20	27	
5
60
