612
50
0	0	0	0	0	0	0	0	0	0	0	0	0	500	0	0	0	0	0	0	0	0	0	0	0	0	0	0	0	0	0	0	0	0	0	0	0	0	0	0	0	0	0	96	0	0	0	0	0	0	
0	0	0	0	0	0	0	0	0	0	0	0	0	0	0	0	0	0	0	0	0	0	0	0	0	0	0	0	0	0	0	0	0	0	0	0	0	0	0	500	0	0	500	0	0	0	0	0	0	0	
0	0	0	0	192	0	0	500	0	0	0	0	0	0	0	0	0	0	0	96	0	0	0	0	0	0	0	0	0	0	0	0	0	0	0	0	0	0	192	0	0	0	0	0	0	0	0	0	0	0	
0	0	0	0	0	0	0	0	0	0	0	0	0	0	0	0	0	0	0	0	0	0	0	192	0	0	0	96	0	192	0	0	0	0	192	0	0	0	0	0	0	0	0	0	0	0	0	0	0	0	
0	0	192	0	0	0	0	500	0	0	0	0	0	0	0	0	0	0	0	0	0	0	0	0	0	0	0	0	0	0	0	0	0	0	0	0	0	0	0	0	0	0	0	0	0	0	0	0	0	0	
0	0	0	0	0	0	0	0	0	0	0	0	0	192	0	0	0	48	0	0	0	0	0	0	0	0	0	0	0	0	0	0	0	0	0	0	0	0	0	0	0	0	0	96	0	0	0	0	0	0	
0	0	0	0	0	0	0	0	0	0	0	0	0	0	0	192	0	0	0	0	0	0	96	0	0	0	0	0	0	0	0	0	0	0	0	0	0	0	0	0	0	0	0	0	0	0	0	0	0	0	
0	0	500	0	500	0	0	0	0	0	0	0	0	0	0	0	0	0	0	0	0	0	0	0	0	0	0	0	0	0	0	0	0	0	0	0	0	0	0	0	0	0	0	0	0	0	0	0	0	0	
0	0	0	0	0	0	0	0	0	0	0	0	0	0	0	0	0	48	0	0	0	0	0	0	0	0	0	0	0	0	0	0	0	0	0	0	0	0	0	0	0	0	0	0	0	0	0	192	0	0	
0	0	0	0	0	0	0	0	0	0	0	0	0	0	0	0	0	0	0	0	0	96	0	0	0	0	0	0	192	0	0	48	0	0	0	0	0	0	0	0	0	0	0	0	0	0	0	0	0	0	
0	0	0	0	0	0	0	0	0	0	0	0	0	0	96	0	0	0	0	0	0	0	0	0	0	48	0	0	0	0	0	0	0	0	0	0	0	0	0	0	0	0	0	0	0	0	0	0	0	0	
0	0	0	0	0	0	0	0	0	0	0	0	0	0	0	0	0	0	0	0	0	0	0	0	0	0	0	0	0	0	500	0	48	0	0	0	0	0	48	0	0	0	0	0	0	0	0	0	0	0	
0	0	0	0	0	0	0	0	0	0	0	0	0	0	500	0	0	0	0	0	0	0	0	0	0	0	0	0	0	500	0	0	0	0	0	0	0	0	0	0	0	0	192	0	0	0	0	0	0	0	
500	0	0	0	0	192	0	0	0	0	0	0	0	0	0	0	0	0	0	0	0	0	0	0	0	0	0	0	0	0	0	0	0	0	0	0	0	0	0	0	0	0	0	0	0	0	0	0	0	0	
0	0	0	0	0	0	0	0	0	0	96	0	500	0	0	0	0	0	0	0	0	0	0	0	0	500	0	0	0	0	0	0	0	0	0	0	0	0	0	0	0	0	0	0	0	96	0	0	0	0	
0	0	0	0	0	0	192	0	0	0	0	0	0	0	0	0	0	0	0	0	0	0	0	0	0	0	0	0	0	0	0	0	0	0	0	0	0	0	0	0	0	0	0	0	0	48	0	0	0	0	
0	0	0	0	0	0	0	0	0	0	0	0	0	0	0	0	0	0	48	0	0	0	0	0	0	0	0	0	0	0	0	0	0	0	0	0	500	0	0	0	192	0	0	0	0	0	0	0	0	0	
0	0	0	0	0	48	0	0	48	0	0	0	0	0	0	0	0	0	0	0	0	0	0	0	0	0	0	0	0	0	0	0	0	0	0	0	0	0	0	0	0	192	0	0	0	0	0	0	0	0	
0	0	0	0	0	0	0	0	0	0	0	0	0	0	0	0	48	0	0	0	0	0	0	0	0	0	0	0	0	0	0	0	0	192	0	0	0	0	0	0	192	0	0	0	0	0	0	500	0	0	
0	0	96	0	0	0	0	0	0	0	0	0	0	0	0	0	0	0	0	0	0	0	0	0	0	0	0	0	0	0	0	48	0	0	0	0	0	0	0	0	0	0	0	0	0	0	0	0	0	0	
0	0	0	0	0	0	0	0	0	0	0	0	0	0	0	0	0	0	0	0	0	0	0	0	0	0	0	0	0	0	48	0	0	0	48	0	0	0	0	0	0	0	0	0	0	0	0	0	0	0	
0	0	0	0	0	0	0	0	0	96	0	0	0	0	0	0	0	0	0	0	0	0	0	0	0	0	192	0	0	0	0	0	0	0	0	0	0	0	0	0	0	0	0	0	0	0	0	0	0	0	
0	0	0	0	0	0	96	0	0	0	0	0	0	0	0	0	0	0	0	0	0	0	0	500	0	0	0	0	0	0	0	0	0	0	0	0	0	96	0	0	0	0	0	0	0	0	0	0	0	0	
0	0	0	192	0	0	0	0	0	0	0	0	0	0	0	0	0	0	0	0	0	0	500	0	0	0	0	0	0	0	0	0	0	0	0	0	0	0	0	0	0	0	0	0	0	0	0	0	0	0	
0	0	0	0	0	0	0	0	0	0	0	0	0	0	0	0	0	0	0	0	0	0	0	0	0	0	0	0	0	0	0	0	96	0	0	96	0	0	0	0	0	0	0	0	0	0	0	0	0	0	
0	0	0	0	0	0	0	0	0	0	48	0	0	0	500	0	0	0	0	0	0	0	0	0	0	0	0	0	0	0	0	0	0	0	0	0	0	0	0	0	0	0	0	0	0	0	0	0	0	0	
0	0	0	0	0	0	0	0	0	0	0	0	0	0	0	0	0	0	0	0	0	192	0	0	0	0	0	0	192	0	0	0	0	0	0	0	0	0	0	0	0	0	0	0	0	0	0	0	0	0	
0	0	0	96	0	0	0	0	0	0	0	0	0	0	0	0	0	0	0	0	0	0	0	0	0	0	0	0	0	0	0	0	0	0	0	48	0	0	0	192	0	0	0	0	48	0	0	0	96	0	
0	0	0	0	0	0	0	0	0	192	0	0	0	0	0	0	0	0	0	0	0	0	0	0	0	0	192	0	0	0	0	0	0	0	0	0	0	0	0	0	0	0	0	0	0	0	0	0	0	0	
0	0	0	192	0	0	0	0	0	0	0	0	500	0	0	0	0	0	0	0	0	0	0	0	0	0	0	0	0	0	0	0	0	0	0	0	0	0	0	0	0	0	0	0	0	0	0	0	0	0	
0	0	0	0	0	0	0	0	0	0	0	500	0	0	0	0	0	0	0	0	48	0	0	0	0	0	0	0	0	0	0	0	0	0	0	0	0	0	0	0	0	0	0	0	0	0	0	0	0	0	
0	0	0	0	0	0	0	0	0	48	0	0	0	0	0	0	0	0	0	48	0	0	0	0	0	0	0	0	0	0	0	0	0	0	0	0	0	0	0	0	0	0	0	0	0	0	48	0	0	500	
0	0	0	0	0	0	0	0	0	0	0	48	0	0	0	0	0	0	0	0	0	0	0	0	96	0	0	0	0	0	0	0	0	0	0	96	0	0	0	0	0	0	0	0	0	0	0	0	0	0	
0	0	0	0	0	0	0	0	0	0	0	0	0	0	0	0	0	0	192	0	0	0	0	0	0	0	0	0	0	0	0	0	0	0	0	0	0	0	0	0	48	0	0	0	0	0	0	0	0	0	
0	0	0	192	0	0	0	0	0	0	0	0	0	0	0	0	0	0	0	0	48	0	0	0	0	0	0	0	0	0	0	0	0	0	0	0	0	0	0	0	0	0	0	0	0	0	0	0	0	0	
0	0	0	0	0	0	0	0	0	0	0	0	0	0	0	0	0	0	0	0	0	0	0	0	96	0	0	48	0	0	0	0	96	0	0	0	0	0	0	0	0	0	0	0	0	0	0	0	0	0	
0	0	0	0	0	0	0	0	0	0	0	0	0	0	0	0	500	0	0	0	0	0	0	0	0	0	0	0	0	0	0	0	0	0	0	0	0	0	0	0	48	96	0	0	96	0	0	0	0	0	
0	0	0	0	0	0	0	0	0	0	0	0	0	0	0	0	0	0	0	0	0	0	96	0	0	0	0	0	0	0	0	0	0	0	0	0	0	0	0	0	0	0	0	0	48	0	0	0	192	0	
0	0	192	0	0	0	0	0	0	0	0	48	0	0	0	0	0	0	0	0	0	0	0	0	0	0	0	0	0	0	0	0	0	0	0	0	0	0	0	0	0	0	0	0	0	0	0	0	0	0	
0	500	0	0	0	0	0	0	0	0	0	0	0	0	0	0	0	0	0	0	0	0	0	0	0	0	0	192	0	0	0	0	0	0	0	0	0	0	0	0	0	0	0	0	0	0	0	0	0	0	
0	0	0	0	0	0	0	0	0	0	0	0	0	0	0	0	192	0	192	0	0	0	0	0	0	0	0	0	0	0	0	0	0	48	0	0	48	0	0	0	0	192	0	0	0	0	0	0	0	0	
0	0	0	0	0	0	0	0	0	0	0	0	0	0	0	0	0	192	0	0	0	0	0	0	0	0	0	0	0	0	0	0	0	0	0	0	96	0	0	0	192	0	0	0	0	0	0	0	0	500	
0	500	0	0	0	0	0	0	0	0	0	0	192	0	0	0	0	0	0	0	0	0	0	0	0	0	0	0	0	0	0	0	0	0	0	0	0	0	0	0	0	0	0	0	0	0	0	0	0	0	
96	0	0	0	0	96	0	0	0	0	0	0	0	0	0	0	0	0	0	0	0	0	0	0	0	0	0	0	0	0	0	0	0	0	0	0	0	0	0	0	0	0	0	0	0	0	0	0	0	0	
0	0	0	0	0	0	0	0	0	0	0	0	0	0	0	0	0	0	0	0	0	0	0	0	0	0	0	48	0	0	0	0	0	0	0	0	96	48	0	0	0	0	0	0	0	0	0	0	0	0	
0	0	0	0	0	0	0	0	0	0	0	0	0	0	96	48	0	0	0	0	0	0	0	0	0	0	0	0	0	0	0	0	0	0	0	0	0	0	0	0	0	0	0	0	0	0	0	0	0	0	
0	0	0	0	0	0	0	0	0	0	0	0	0	0	0	0	0	0	0	0	0	0	0	0	0	0	0	0	0	0	0	48	0	0	0	0	0	0	0	0	0	0	0	0	0	0	0	0	500	0	
0	0	0	0	0	0	0	0	192	0	0	0	0	0	0	0	0	0	500	0	0	0	0	0	0	0	0	0	0	0	0	0	0	0	0	0	0	0	0	0	0	0	0	0	0	0	0	0	0	0	
0	0	0	0	0	0	0	0	0	0	0	0	0	0	0	0	0	0	0	0	0	0	0	0	0	0	0	96	0	0	0	0	0	0	0	0	0	192	0	0	0	0	0	0	0	0	500	0	0	0	
0	0	0	0	0	0	0	0	0	0	0	0	0	0	0	0	0	0	0	0	0	0	0	0	0	0	0	0	0	0	0	500	0	0	0	0	0	0	0	0	0	500	0	0	0	0	0	0	0	0	
19	25	2	41	17	10	13	22	22	0	18	39	11	32	42	25	12	39	18	38	9	0	41	13	47	28	26	4	21	42	22	49	39	37	8	12	39	6	5	33	32	10	36	37	12	45	42	17	9	24	42	41	42	31	19	22	24	42	6	6	17	20	18	9	49	36	36	20	10	41	13	22	44	40	28	1	33	41	40	25	21	30	20	25	16	4	49	6	11	15	29	22	42	34	29	33	17	44	30	21	46	22	21	47	26	49	14	7	6	42	5	11	32	0	47	33	28	28	43	3	43	5	45	7	25	26	4	43	25	37	41	6	31	23	10	17	29	28	43	44	48	10	1	12	40	26	27	19	14	43	3	41	18	34	36	20	38	20	13	0	5	6	19	1	31	5	48	37	15	1	14	22	26	49	46	38	47	15	5	45	6	8	27	26	20	28	2	19	10	40	19	43	42	25	15	29	45	22	17	1	3	10	43	15	22	35	4	31	1	24	33	33	4	47	48	0	16	45	43	45	25	10	39	48	17	35	9	32	5	17	17	31	25	29	28	30	17	26	43	28	0	13	10	41	23	1	17	19	20	42	41	40	31	40	39	4	12	12	20	34	28	14	30	21	32	49	21	25	14	12	46	41	46	20	4	27	28	10	32	43	31	11	28	9	30	36	36	21	13	28	45	27	30	6	6	43	4	11	20	25	27	37	11	11	5	23	11	49	5	1	27	29	1	27	40	46	19	40	11	24	16	9	18	35	27	15	27	23	42	7	9	22	5	5	39	26	7	11	48	47	18	30	0	35	28	30	23	24	16	26	48	35	39	13	4	14	35	16	43	1	46	10	4	4	33	10	44	14	22	41	17	14	17	6	34	18	29	28	45	34	36	18	14	29	14	48	21	42	20	1	4	3	31	47	3	0	7	42	44	30	30	23	49	25	35	1	30	2	36	29	38	2	45	8	40	49	9	5	34	7	16	27	41	20	30	6	40	14	30	9	21	0	15	14	26	34	5	10	18	47	48	41	2	19	27	20	10	17	38	40	9	19	39	2	6	7	43	15	31	21	1	1	26	15	25	21	16	3	9	21	18	9	49	22	19	8	48	46	23	26	19	30	29	34	37	33	48	8	3	44	24	31	34	12	39	49	12	36	0	4	47	43	10	30	6	11	39	27	6	10	28	33	48	47	45	44	45	48	49	13	26	38	39	0	46	14	29	44	24	33	12	13	1	16	27	34	15	36	30	3	2	18	9	46	29	35	37	41	9	0	41	48	27	20	20	20	4	15	10	24	27	4	19	20	40	17	20	13	29	36	38	23	18	48	33	40	8	16	24	31	32	1	42	35	24	32	5	48	8	23	32	12	37	24	35	0	25	2	37	23	46	19	31	31	37	38	13	22	21	16	2	6	
44	5	42	38	27	2	48	44	22	46	23	11	46	26	45	9	4	21	24	25	1	16	42	3	7	47	19	31	5	27	6	45	46	15	37	17	1	7	48	46	37	12	14	17	0	39	30	6	23	41	48	32	7	38	27	32	37	1	3	27	35	35	36	8	20	48	5	1	37	39	44	41	35	9	5	35	21	1	27	9	39	20	26	9	4	42	9	1	43	26	17	32	11	43	12	44	16	43	46	1	39	27	2	40	3	31	44	40	11	20	6	16	4	2	14	29	40	41	37	36	10	31	31	19	47	33	35	27	38	14	14	7	8	13	27	1	9	21	19	43	40	22	33	49	20	14	29	19	3	25	49	14	9	26	48	18	47	11	9	17	37	35	41	48	27	8	2	3	4	39	28	20	42	37	28	38	21	30	20	41	28	7	12	13	22	21	18	38	29	5	16	10	46	16	14	48	18	38	11	21	40	46	8	15	1	37	26	23	27	13	7	4	47	29	44	7	2	26	9	39	29	7	10	31	1	36	17	21	46	28	23	31	19	18	28	36	37	2	8	34	4	21	43	49	13	0	13	23	34	0	39	31	29	45	9	38	38	2	19	24	31	24	24	44	25	31	36	13	16	8	48	29	5	48	27	24	28	46	4	5	18	38	12	6	1	29	13	10	7	42	20	33	38	33	15	3	42	29	38	36	8	31	26	34	48	20	29	2	27	48	19	30	7	14	10	42	9	1	26	7	45	49	38	27	7	35	30	34	7	20	0	48	47	47	30	12	0	13	16	42	28	44	43	8	36	23	19	31	24	21	30	3	17	16	27	30	3	19	38	48	20	15	23	46	35	0	44	18	31	39	41	24	48	29	12	31	5	42	7	1	31	35	11	44	27	3	5	20	27	49	7	37	18	10	44	2	6	16	20	0	25	6	38	39	7	29	7	26	35	13	9	44	30	31	23	22	25	20	5	7	1	0	6	12	17	44	11	14	29	21	24	30	16	27	42	46	39	6	16	37	25	14	27	20	25	41	30	47	15	27	29	2	22	47	19	31	19	29	30	4	40	27	44	6	24	40	20	7	47	37	24	23	11	19	46	39	48	21	4	29	29	17	46	13	28	36	47	23	44	9	49	34	22	10	46	0	1	26	42	49	13	28	49	44	10	23	16	29	3	49	27	10	21	33	24	33	34	42	27	31	7	24	5	30	45	28	0	10	45	25	42	14	8	24	9	28	43	21	41	14	22	35	35	36	42	3	31	22	30	41	7	13	12	4	49	3	25	43	22	8	12	49	40	43	48	37	3	49	42	19	21	22	27	7	14	31	25	2	35	8	13	26	42	30	10	25	15	46	32	31	0	24	0	42	35	34	3	8	37	34	10	12	24	30	0	21	32	23	24	5	4	34	
37	31	27	39	36	20	23	29	22	23	20	37	22	34	29	31	27	26	29	26	26	20	26	23	37	28	32	33	23	26	30	30	36	38	25	30	22	27	31	35	36	27	39	33	27	39	30	37	29	36	30	32	21	31	25	35	36	26	24	35	32	22	38	31	28	38	35	27	31	32	36	32	31	36	34	22	25	38	36	27	27	34	33	39	32	23	21	29	31	28	40	24	40	38	32	35	39	27	30	28	25	34	39	29	26	35	38	34	29	26	36	27	38	22	20	38	28	39	25	37	38	29	40	38	24	30	28	33	25	21	36	30	20	22	37	25	35	34	38	25	23	38	40	26	35	36	37	33	31	30	24	20	27	37	29	22	36	24	22	29	21	20	26	31	28	32	24	25	31	26	37	35	28	33	21	30	25	20	22	23	26	40	34	21	40	31	34	33	22	40	30	22	20	25	39	20	20	30	38	39	31	26	25	28	23	33	26	28	33	39	26	38	32	20	40	27	40	27	33	21	31	30	22	29	40	37	36	32	29	29	20	30	29	35	39	34	34	25	36	34	32	37	40	22	21	26	34	23	40	25	22	33	22	30	32	20	26	36	25	28	36	32	21	23	31	34	25	31	40	38	24	21	29	38	31	34	28	20	27	28	35	33	29	37	35	33	25	28	20	22	30	40	32	39	22	38	22	21	28	22	33	38	24	23	28	25	29	23	30	29	37	32	21	33	38	38	22	36	35	36	33	20	27	24	29	24	27	30	37	22	30	34	40	20	22	32	36	24	38	35	20	33	25	38	27	30	22	28	29	30	32	26	24	28	39	27	22	28	24	38	32	27	21	23	32	39	28	29	39	21	25	40	25	20	33	39	31	27	28	30	34	38	24	33	20	26	26	39	28	40	38	38	21	20	22	40	30	27	39	28	36	37	33	29	30	38	30	38	25	32	21	36	38	33	23	26	26	38	27	36	29	25	21	21	39	33	23	29	26	35	23	31	39	37	40	40	28	33	34	26	22	24	27	21	26	38	37	22	21	23	32	24	34	20	24	33	21	29	22	27	33	35	37	31	29	39	25	22	38	22	40	35	22	40	26	35	39	23	28	20	26	21	33	34	38	25	25	31	36	40	32	27	22	20	28	30	23	21	21	37	32	24	22	21	30	30	22	30	26	35	25	24	26	28	36	22	32	27	25	33	35	21	31	40	22	27	35	33	28	20	29	32	37	27	25	37	32	26	24	32	36	22	32	38	40	39	27	27	24	34	26	28	33	20	32	20	22	22	26	40	25	35	24	25	25	27	25	31	36	33	29	33	20	31	23	32	27	26	32	34	39	40	24	29	26	26	20	21	38	34	37	24	31	21	31	29	36	35	38	38	30	33	31	22	39	32	23	31	39	24	32	33	
26	30	27	26	48	10	49	31	13	23	37	17	43	37	18	46	27	28	19	48	30	31	17	38	27	31	41	41	42	44	28	28	44	32	37	18	20	34	17	20	37	22	13	48	11	10	42	49	12	33	15	10	22	50	15	44	15	38	40	28	32	45	15	31	32	33	10	30	19	33	37	24	10	46	33	46	27	49	33	41	40	24	46	19	16	45	30	28	33	16	49	43	36	41	26	17	22	47	49	34	27	27	31	19	21	37	13	19	30	11	23	28	27	22	44	49	34	47	26	46	38	28	48	20	50	20	35	42	42	24	38	28	49	30	12	41	40	47	48	35	27	49	17	15	35	19	23	47	40	37	50	45	20	14	20	18	23	37	13	31	42	25	40	19	26	24	28	39	35	27	38	38	30	14	20	33	21	18	29	18	24	37	50	40	48	37	44	21	36	41	49	11	18	23	18	11	37	47	28	35	35	29	29	47	14	50	46	14	24	50	12	11	48	19	23	19	30	37	50	17	26	45	32	30	43	50	20	35	29	23	48	19	20	45	35	44	32	32	36	45	24	23	41	22	37	14	33	29	46	45	21	12	43	39	28	12	22	44	35	22	43	22	22	36	37	14	19	10	41	39	27	25	29	31	25	16	12	44	35	35	45	33	45	12	24	37	31	45	37	19	20	11	17	27	45	12	36	39	47	50	38	37	10	18	49	25	43	31	12	49	21	34	14	23	43	14	41	27	25	36	25	15	28	41	30	17	49	15	37	21	41	28	14	29	22	12	10	49	34	32	26	10	26	32	34	46	48	24	20	32	13	39	36	37	34	43	32	47	38	21	47	12	15	34	30	48	36	21	24	29	13	16	12	30	33	26	44	33	16	30	12	24	10	11	48	41	10	47	20	35	37	34	45	13	24	22	11	33	25	44	39	41	26	29	30	10	47	22	11	15	32	15	25	43	40	31	20	32	10	19	23	33	18	44	31	26	40	50	28	37	43	27	44	45	46	38	38	44	41	26	36	46	47	50	49	11	15	33	21	42	50	45	32	24	17	14	43	11	29	23	29	20	24	35	37	21	46	30	34	17	30	26	36	34	26	16	30	42	42	44	42	18	42	41	34	37	18	33	11	20	45	28	44	26	22	14	48	32	31	20	39	47	26	46	41	33	22	34	50	33	42	30	38	47	20	14	29	36	34	17	32	27	29	32	30	44	33	13	25	50	33	46	10	10	44	24	50	33	41	37	46	48	40	47	41	46	28	41	46	21	28	11	38	38	18	39	49	25	48	28	48	23	39	32	18	33	48	16	41	16	16	13	17	27	39	33	38	29	32	15	32	44	16	23	35	50	26	39	25	13	31	32	24	48	31	15	21	42	43	19	13	43	41	50	44	42	46	45	29	25	13	48	
20
50
