612
50
0	0	0	0	0	0	0	0	0	0	0	0	0	0	0	0	0	0	0	0	0	0	0	0	96	0	0	0	0	192	0	0	0	0	0	0	0	0	0	96	0	0	0	0	0	0	0	0	0	0	
0	0	0	0	0	0	0	0	0	0	0	0	0	0	0	0	0	0	0	0	0	0	0	0	0	0	0	96	0	0	0	0	0	0	0	0	0	192	0	0	0	0	0	0	0	0	0	0	0	0	
0	0	0	0	0	0	0	0	0	192	0	0	0	0	500	0	0	0	0	0	96	0	0	0	0	0	0	0	0	0	0	0	500	0	0	0	0	0	0	0	0	0	0	0	0	0	0	0	0	0	
0	0	0	0	500	0	0	0	48	0	0	0	0	0	0	0	0	0	0	0	0	0	0	0	0	0	0	0	0	0	0	0	0	0	0	0	48	0	0	0	0	0	0	0	0	0	0	0	0	0	
0	0	0	500	0	0	0	0	0	0	0	0	0	0	0	0	0	0	0	0	0	0	0	0	0	0	0	0	0	0	0	0	0	0	0	0	48	0	0	0	0	0	0	0	0	0	0	0	0	0	
0	0	0	0	0	0	0	0	0	0	0	0	0	0	0	0	0	0	0	0	0	0	0	0	0	0	0	0	0	192	0	500	0	0	0	0	0	0	0	0	0	0	0	0	0	0	0	0	0	0	
0	0	0	0	0	0	0	0	0	0	0	0	0	96	0	0	0	0	0	0	0	0	0	0	0	500	0	0	0	0	0	0	0	0	0	0	0	0	0	0	0	0	192	0	0	0	0	0	0	0	
0	0	0	0	0	0	0	0	0	0	0	0	0	0	0	0	0	96	0	0	0	96	0	0	0	0	0	0	0	0	0	0	0	0	0	0	0	0	0	0	0	0	0	0	0	0	0	0	0	0	
0	0	0	48	0	0	0	0	0	0	0	0	0	0	0	0	0	0	0	0	0	0	0	0	0	0	0	0	0	0	0	0	0	500	0	0	0	0	0	0	0	0	0	0	0	0	0	0	0	0	
0	0	192	0	0	0	0	0	0	0	0	0	0	0	96	0	0	0	0	0	0	0	0	0	0	0	0	0	0	0	0	0	0	0	0	0	0	0	0	0	0	0	0	0	0	0	0	0	0	0	
0	0	0	0	0	0	0	0	0	0	0	0	0	0	0	0	0	0	0	0	0	0	500	0	0	0	0	0	0	0	0	0	0	0	0	0	0	0	0	0	0	0	0	0	0	0	0	0	0	48	
0	0	0	0	0	0	0	0	0	0	0	0	0	0	0	0	0	0	0	192	0	0	0	0	500	0	0	0	0	0	0	0	0	0	0	0	0	0	0	0	0	0	0	0	0	0	0	0	0	0	
0	0	0	0	0	0	0	0	0	0	0	0	0	0	0	0	0	0	0	0	0	96	0	0	0	0	0	0	0	0	0	96	0	0	0	0	0	0	0	0	0	0	0	0	0	0	0	96	0	0	
0	0	0	0	0	0	96	0	0	0	0	0	0	0	0	0	0	0	0	0	0	0	0	0	0	0	48	0	0	0	0	0	0	0	0	0	0	0	0	0	0	0	0	0	0	0	0	0	0	0	
0	0	500	0	0	0	0	0	0	96	0	0	0	0	0	0	0	0	0	0	0	0	0	0	0	0	0	0	0	0	0	0	0	0	0	0	0	0	0	0	0	0	0	0	0	0	0	0	0	0	
0	0	0	0	0	0	0	0	0	0	0	0	0	0	0	0	0	0	0	0	0	0	0	0	0	0	0	0	48	0	0	0	0	0	0	0	0	0	192	0	0	0	0	0	48	0	0	0	0	0	
0	0	0	0	0	0	0	0	0	0	0	0	0	0	0	0	0	0	0	0	0	0	0	500	0	0	0	0	0	0	0	0	0	0	48	0	0	0	0	0	0	0	0	0	0	0	500	0	0	0	
0	0	0	0	0	0	0	96	0	0	0	0	0	0	0	0	0	0	0	0	0	0	0	500	0	0	0	0	0	0	0	0	0	0	0	0	0	0	0	0	0	0	0	0	0	0	0	0	0	0	
0	0	0	0	0	0	0	0	0	0	0	0	0	0	0	0	0	0	0	0	0	0	0	0	0	48	0	0	0	0	0	0	96	0	0	0	0	0	0	0	0	48	96	0	0	96	0	0	0	0	
0	0	0	0	0	0	0	0	0	0	0	192	0	0	0	0	0	0	0	0	0	0	0	0	0	0	0	0	0	0	0	0	0	0	0	0	0	0	0	96	0	0	0	0	0	0	0	0	0	0	
0	0	96	0	0	0	0	0	0	0	0	0	0	0	0	0	0	0	0	0	0	0	0	0	0	0	0	0	0	0	0	0	48	96	0	0	0	0	0	0	0	96	0	0	0	500	0	0	0	0	
0	0	0	0	0	0	0	96	0	0	0	0	96	0	0	0	0	0	0	0	0	0	0	0	0	0	0	0	0	0	0	0	0	0	0	0	0	0	0	0	0	0	0	0	0	0	0	0	0	0	
0	0	0	0	0	0	0	0	0	0	500	0	0	0	0	0	0	0	0	0	0	0	0	0	0	0	0	0	0	0	0	0	0	0	0	192	0	0	0	0	0	0	0	0	0	0	0	0	0	0	
0	0	0	0	0	0	0	0	0	0	0	0	0	0	0	0	500	500	0	0	0	0	0	0	0	0	0	0	0	0	0	0	0	0	0	0	0	0	0	0	0	0	0	0	0	0	0	0	0	0	
96	0	0	0	0	0	0	0	0	0	0	500	0	0	0	0	0	0	0	0	0	0	0	0	0	0	0	0	0	0	0	0	0	0	0	0	0	0	0	0	0	0	0	0	0	0	0	0	0	0	
0	0	0	0	0	0	500	0	0	0	0	0	0	0	0	0	0	0	48	0	0	0	0	0	0	0	0	0	0	0	0	0	0	0	0	0	0	0	0	0	0	0	0	0	0	0	0	0	0	0	
0	0	0	0	0	0	0	0	0	0	0	0	0	48	0	0	0	0	0	0	0	0	0	0	0	0	0	0	0	0	0	0	0	0	0	48	0	500	0	0	0	0	0	0	0	0	0	0	0	0	
0	96	0	0	0	0	0	0	0	0	0	0	0	0	0	0	0	0	0	0	0	0	0	0	0	0	0	0	0	0	0	0	0	0	500	0	0	0	0	0	48	0	0	0	0	0	0	0	500	0	
0	0	0	0	0	0	0	0	0	0	0	0	0	0	0	48	0	0	0	0	0	0	0	0	0	0	0	0	0	0	0	0	0	0	0	0	0	0	0	0	0	0	0	0	500	0	0	0	0	0	
192	0	0	0	0	192	0	0	0	0	0	0	0	0	0	0	0	0	0	0	0	0	0	0	0	0	0	0	0	0	0	0	0	0	0	0	0	0	0	0	0	0	0	0	0	0	0	96	0	48	
0	0	0	0	0	0	0	0	0	0	0	0	0	0	0	0	0	0	0	0	0	0	0	0	0	0	0	0	0	0	0	0	0	0	192	0	0	0	0	0	0	0	0	0	0	0	0	0	48	0	
0	0	0	0	0	500	0	0	0	0	0	0	96	0	0	0	0	0	0	0	0	0	0	0	0	0	0	0	0	0	0	0	0	0	0	0	0	0	0	0	0	0	0	0	0	0	0	0	0	0	
0	0	500	0	0	0	0	0	0	0	0	0	0	0	0	0	0	0	96	0	48	0	0	0	0	0	0	0	0	0	0	0	0	0	0	0	0	0	0	0	0	0	0	0	0	0	0	0	0	0	
0	0	0	0	0	0	0	0	500	0	0	0	0	0	0	0	0	0	0	0	96	0	0	0	0	0	0	0	0	0	0	0	0	0	0	0	0	0	0	0	0	0	0	0	0	0	0	0	0	0	
0	0	0	0	0	0	0	0	0	0	0	0	0	0	0	0	48	0	0	0	0	0	0	0	0	0	0	500	0	0	192	0	0	0	0	0	0	0	0	0	0	0	0	0	0	0	0	0	0	0	
0	0	0	0	0	0	0	0	0	0	0	0	0	0	0	0	0	0	0	0	0	0	192	0	0	0	48	0	0	0	0	0	0	0	0	0	0	0	0	0	0	0	0	0	0	0	0	0	0	0	
0	0	0	48	48	0	0	0	0	0	0	0	0	0	0	0	0	0	0	0	0	0	0	0	0	0	0	0	0	0	0	0	0	0	0	0	0	0	0	0	0	0	0	0	0	0	0	0	0	0	
0	192	0	0	0	0	0	0	0	0	0	0	0	0	0	0	0	0	0	0	0	0	0	0	0	0	500	0	0	0	0	0	0	0	0	0	0	0	0	0	0	0	0	0	0	0	0	0	0	0	
0	0	0	0	0	0	0	0	0	0	0	0	0	0	0	192	0	0	0	0	0	0	0	0	0	0	0	0	0	0	0	0	0	0	0	0	0	0	0	0	48	0	0	0	192	0	0	0	0	0	
96	0	0	0	0	0	0	0	0	0	0	0	0	0	0	0	0	0	0	96	0	0	0	0	0	0	0	0	0	0	0	0	0	0	0	0	0	0	0	0	0	0	0	0	0	0	0	0	0	0	
0	0	0	0	0	0	0	0	0	0	0	0	0	0	0	0	0	0	0	0	0	0	0	0	0	0	0	48	0	0	0	0	0	0	0	0	0	0	48	0	0	0	0	0	0	0	0	0	0	0	
0	0	0	0	0	0	0	0	0	0	0	0	0	0	0	0	0	0	48	0	96	0	0	0	0	0	0	0	0	0	0	0	0	0	0	0	0	0	0	0	0	0	0	0	0	0	0	0	0	0	
0	0	0	0	0	0	192	0	0	0	0	0	0	0	0	0	0	0	96	0	0	0	0	0	0	0	0	0	0	0	0	0	0	0	0	0	0	0	0	0	0	0	0	0	0	0	0	0	0	0	
0	0	0	0	0	0	0	0	0	0	0	0	0	0	0	0	0	0	0	0	0	0	0	0	0	0	0	0	0	0	0	0	0	0	0	0	0	0	0	0	0	0	0	0	500	0	500	0	0	500	
0	0	0	0	0	0	0	0	0	0	0	0	0	0	0	48	0	0	0	0	0	0	0	0	0	0	0	0	500	0	0	0	0	0	0	0	0	0	192	0	0	0	0	500	0	0	0	0	0	0	
0	0	0	0	0	0	0	0	0	0	0	0	0	0	0	0	0	0	96	0	500	0	0	0	0	0	0	0	0	0	0	0	0	0	0	0	0	0	0	0	0	0	0	0	0	0	0	0	0	0	
0	0	0	0	0	0	0	0	0	0	0	0	0	0	0	0	500	0	0	0	0	0	0	0	0	0	0	0	0	0	0	0	0	0	0	0	0	0	0	0	0	0	0	500	0	0	0	0	0	0	
0	0	0	0	0	0	0	0	0	0	0	0	96	0	0	0	0	0	0	0	0	0	0	0	0	0	0	0	0	96	0	0	0	0	0	0	0	0	0	0	0	0	0	0	0	0	0	0	0	0	
0	0	0	0	0	0	0	0	0	0	0	0	0	0	0	0	0	0	0	0	0	0	0	0	0	0	0	500	0	0	48	0	0	0	0	0	0	0	0	0	0	0	0	0	0	0	0	0	0	0	
0	0	0	0	0	0	0	0	0	0	48	0	0	0	0	0	0	0	0	0	0	0	0	0	0	0	0	0	0	48	0	0	0	0	0	0	0	0	0	0	0	0	0	500	0	0	0	0	0	0	
27	37	7	20	33	24	33	48	30	34	5	48	29	34	9	26	34	34	29	38	36	45	36	30	18	30	8	26	11	49	3	1	16	21	11	44	2	17	44	23	35	44	33	46	26	40	44	37	40	14	5	24	11	19	17	8	4	3	20	47	10	11	35	39	8	18	43	8	31	15	21	11	6	30	48	38	5	36	14	25	7	48	28	47	7	4	36	10	31	5	38	44	16	20	35	33	37	40	23	38	5	12	20	35	43	2	18	22	2	18	37	0	4	28	30	49	8	7	23	15	1	47	28	29	49	34	41	27	23	13	0	29	44	3	40	25	49	1	11	21	17	42	49	4	49	14	15	40	15	42	33	47	16	7	10	42	43	15	1	15	32	13	27	4	33	26	49	40	27	40	31	13	35	22	0	47	10	49	1	49	14	34	17	35	42	10	32	45	18	21	35	5	34	2	6	25	22	12	33	40	41	43	42	8	27	32	26	25	23	26	39	16	6	9	9	19	16	0	17	46	22	46	45	10	14	20	4	37	14	37	41	35	30	5	15	16	25	0	45	44	6	23	31	2	10	10	10	46	24	35	30	6	43	34	15	35	4	48	38	13	43	10	29	16	43	35	2	11	33	18	43	0	27	14	10	17	44	15	24	41	31	45	41	4	15	43	47	28	43	24	46	15	43	23	28	13	16	25	20	7	15	14	2	3	37	45	30	21	9	49	2	12	25	20	34	12	40	35	11	29	29	29	45	20	3	21	24	17	34	38	5	28	11	30	26	27	37	41	41	25	7	6	42	38	22	22	43	10	2	36	5	0	32	3	2	20	19	48	2	38	0	15	7	34	35	26	33	18	31	13	29	37	21	11	17	12	42	26	37	6	3	22	49	17	4	40	5	42	12	45	32	4	28	16	44	35	9	12	41	1	1	3	13	0	23	28	9	10	18	10	3	44	27	37	45	6	11	2	34	12	34	40	13	6	39	1	20	41	15	16	0	20	19	22	41	42	46	46	5	7	36	49	39	0	44	39	27	43	41	29	13	25	19	42	31	6	36	48	35	30	39	12	14	0	32	45	18	23	23	27	3	0	15	5	33	35	38	40	47	40	10	1	23	4	20	45	4	31	1	30	7	26	49	27	33	19	45	0	44	35	8	46	8	29	39	36	33	42	11	16	25	6	20	8	49	47	37	26	49	5	37	46	22	25	13	24	43	37	8	29	37	39	20	31	21	37	42	36	44	29	29	43	42	32	41	13	11	27	5	27	4	6	47	16	29	0	49	9	44	46	39	10	1	11	25	43	26	20	44	31	17	26	30	15	19	48	22	40	26	39	26	25	18	44	45	21	16	31	11	28	22	42	24	36	18	44	24	22	24	3	29	14	18	23	48	8	8	12	49	16	11	41	
2	0	30	35	30	4	30	45	36	15	2	43	44	35	41	49	31	46	36	3	0	45	5	27	32	44	37	23	6	4	6	40	9	6	21	42	18	16	29	48	0	38	18	5	14	45	13	20	14	8	1	39	22	47	31	39	44	15	5	30	13	26	14	30	41	0	9	12	20	46	22	49	49	0	22	10	2	31	11	10	13	11	28	31	15	35	16	8	0	27	43	6	43	25	12	16	42	38	40	15	49	10	40	16	13	4	8	29	36	45	16	21	20	41	29	32	9	12	38	4	42	3	28	7	45	5	30	33	23	36	10	21	18	31	42	21	36	24	23	48	30	25	38	9	30	3	48	49	48	46	11	15	15	41	6	16	43	20	12	38	16	36	11	36	37	13	8	18	48	9	46	38	45	41	23	44	23	49	15	0	26	26	28	11	18	33	5	9	18	38	5	49	14	5	43	12	19	43	1	43	43	49	21	37	42	13	49	27	30	16	42	39	40	22	19	12	25	13	20	1	32	49	6	19	29	46	30	19	45	23	30	1	33	30	27	29	35	47	12	48	7	8	24	2	4	37	45	38	18	36	31	15	47	39	5	5	40	15	4	27	7	40	43	25	30	6	43	21	34	27	40	44	21	47	6	29	43	43	20	27	39	7	33	23	25	44	36	7	43	15	43	42	0	16	3	41	14	13	13	31	35	41	29	49	16	33	0	2	37	7	36	31	38	10	22	8	28	18	7	46	49	49	25	48	23	6	1	31	29	5	34	48	17	9	7	37	37	24	18	47	48	3	8	7	39	1	8	44	0	15	16	11	38	5	28	1	18	8	3	3	37	36	16	6	41	37	20	42	12	21	22	46	6	48	30	37	24	14	36	14	21	39	7	38	35	18	48	3	48	31	36	8	18	10	42	11	21	41	46	19	36	44	24	39	37	32	31	28	3	40	4	26	4	26	41	12	40	27	31	42	26	44	27	15	16	12	2	34	17	13	31	22	7	48	4	12	38	41	21	0	22	30	7	31	9	49	33	40	46	2	6	20	12	49	42	14	25	48	43	43	25	1	2	38	2	19	38	18	37	10	32	23	9	22	37	48	49	24	9	40	33	46	17	43	20	1	40	23	11	21	30	9	42	47	7	19	49	11	24	46	31	13	24	49	28	36	44	35	18	24	49	33	26	12	43	30	10	36	16	32	32	35	21	2	25	35	5	21	43	28	39	14	46	17	44	2	39	42	1	25	46	35	47	22	25	38	12	35	45	27	0	41	18	26	45	28	42	21	28	28	14	6	28	12	30	44	18	48	38	9	42	23	45	29	1	29	23	44	20	45	38	8	5	22	49	48	16	22	18	39	18	13	24	0	21	40	9	29	25	11	3	28	44	33	9	24	19	39	31	18	13	30	
28	21	22	37	37	24	27	35	23	40	27	21	26	33	24	25	35	25	26	38	22	23	39	24	29	28	23	21	33	25	40	32	22	37	39	26	26	24	38	35	35	22	36	33	29	38	34	38	37	25	37	30	27	35	26	22	36	32	32	25	40	38	35	33	35	35	38	34	29	22	40	25	37	22	31	25	27	36	36	38	37	33	35	34	20	29	40	25	37	37	21	23	40	28	31	37	23	32	39	36	36	31	25	24	30	29	33	40	39	20	27	23	28	34	29	39	24	26	22	23	21	21	30	31	30	38	27	23	28	27	28	29	34	27	34	28	31	27	29	29	28	21	28	24	36	36	29	31	28	20	30	28	25	29	31	32	33	20	35	36	40	29	30	32	35	20	24	30	35	26	21	27	37	28	39	40	33	37	23	30	33	27	20	35	35	31	22	24	36	38	20	26	38	30	39	21	37	28	37	23	25	40	38	22	20	33	28	36	29	21	22	30	36	37	30	30	22	22	23	33	21	20	36	28	21	31	30	34	23	27	20	29	28	35	30	20	36	34	38	21	33	20	37	20	39	27	21	21	35	22	33	38	33	20	27	29	37	39	39	35	25	29	23	20	35	22	23	30	23	31	24	30	21	29	22	25	36	21	34	28	35	22	30	21	38	21	39	24	40	29	36	25	22	30	29	39	33	35	30	38	33	38	29	23	28	33	34	26	24	39	25	33	37	36	25	36	39	24	37	39	33	40	33	38	38	29	32	37	26	34	22	30	33	23	21	25	30	30	27	33	39	26	37	27	25	37	40	36	38	31	20	27	32	35	25	35	34	28	37	23	28	32	25	21	32	33	30	33	28	28	32	21	20	31	39	34	27	20	39	29	24	35	34	38	32	36	35	37	27	24	20	24	35	39	31	25	26	36	24	24	32	33	29	22	27	20	37	24	25	26	26	20	33	27	31	38	28	37	21	37	31	30	31	20	29	31	27	22	24	38	24	37	30	21	37	35	33	28	24	21	34	21	29	20	34	27	23	25	31	26	24	28	29	27	40	33	40	26	36	34	35	26	30	26	40	24	38	33	40	37	40	24	38	33	38	33	22	23	22	36	20	21	22	40	29	20	25	35	35	21	32	25	34	40	31	30	26	24	36	31	24	29	20	28	31	36	33	28	26	40	34	24	27	40	27	24	34	27	28	27	31	21	20	33	22	30	36	26	35	40	25	28	33	24	20	24	29	29	33	31	28	27	31	36	26	24	25	27	26	24	38	31	37	23	39	35	25	40	34	32	39	28	35	39	25	38	25	36	35	20	37	29	23	38	32	26	33	27	36	26	34	29	34	32	20	29	26	27	28	33	26	31	30	25	34	32	20	27	25	21	35	24	23	38	35	32	36	33	22	32	22	26	
38	25	34	40	47	26	38	19	37	43	34	31	35	41	25	23	26	14	30	25	15	30	15	41	36	47	24	15	24	12	30	18	40	23	18	17	22	18	23	12	49	23	37	42	12	32	40	30	35	40	33	25	34	18	12	47	21	24	11	42	15	22	24	50	11	48	26	23	24	47	33	46	28	33	43	18	30	49	30	45	15	34	24	30	18	10	11	43	26	13	38	25	42	24	23	40	25	23	27	18	29	48	42	21	39	39	19	49	49	24	23	19	10	45	12	40	41	15	31	22	33	31	29	20	16	43	36	29	47	48	28	26	28	28	42	28	34	15	38	26	33	25	17	14	42	14	44	46	45	48	20	23	27	45	44	36	35	45	28	40	37	15	28	13	35	45	39	41	17	20	33	39	26	48	42	40	45	40	38	48	13	11	36	39	31	37	21	23	48	46	40	31	19	21	35	13	12	31	42	26	31	28	45	49	42	47	35	39	44	48	43	28	19	33	46	18	37	16	20	14	39	12	48	45	49	43	15	47	45	12	19	16	50	14	32	28	23	18	44	18	29	13	18	27	37	50	40	35	18	37	48	39	33	18	42	22	37	46	10	44	37	36	40	11	26	26	11	25	43	29	17	42	26	33	10	45	19	36	26	16	50	44	21	17	11	21	39	12	48	13	27	34	29	29	10	34	22	48	22	42	35	44	23	21	16	42	28	32	19	48	21	15	33	36	31	30	39	37	30	38	24	44	24	42	44	14	31	44	13	46	32	10	32	49	42	44	25	16	31	20	30	10	15	11	22	27	34	19	19	41	30	49	30	12	50	34	49	40	49	32	32	36	31	28	16	49	49	21	34	42	25	50	35	31	16	25	11	11	40	26	23	17	39	15	49	35	30	43	43	50	11	39	21	34	45	30	13	21	13	17	28	23	10	21	49	35	32	50	32	28	14	40	27	13	24	49	32	28	47	20	11	11	49	24	46	23	23	33	46	20	45	30	38	48	44	26	32	38	20	43	50	10	39	21	21	45	25	10	26	15	26	45	48	19	49	10	47	35	46	41	16	23	50	20	40	19	27	14	40	14	40	38	24	16	30	42	21	38	50	21	41	14	16	20	16	50	49	29	17	30	17	42	29	35	49	19	24	16	33	49	24	22	40	34	12	19	47	12	29	17	26	49	42	40	47	34	38	38	27	49	12	47	49	40	27	42	26	28	48	32	44	17	31	27	37	12	46	45	14	13	49	30	32	28	21	49	15	30	37	32	44	20	25	20	18	11	10	49	46	18	20	24	27	32	21	13	21	24	17	11	37	37	33	20	27	39	34	36	41	47	16	14	45	47	28	15	23	21	18	33	11	49	16	18	41	44	19	36	50	50	33	13	17	41	47	26	28	41	41	47	19	36	
15
50
