980
50
0	0	0	0	0	0	0	0	0	500	0	0	0	0	0	0	0	0	0	0	0	0	0	0	0	0	0	0	0	0	0	0	0	0	0	0	0	0	0	0	0	0	0	0	0	500	0	0	0	0	
0	0	0	0	0	0	0	0	0	0	0	0	0	0	0	0	0	0	0	0	0	0	0	0	0	0	500	0	0	0	0	0	0	0	500	0	0	0	0	0	0	0	0	0	0	0	96	0	0	0	
0	0	0	0	0	0	0	48	0	0	0	0	0	0	0	0	0	0	0	0	0	0	0	0	0	0	0	0	0	0	500	0	0	0	0	0	0	0	0	0	0	0	0	0	0	0	0	0	0	0	
0	0	0	0	0	0	0	0	0	0	0	0	0	0	0	0	0	0	0	0	0	0	48	0	0	0	0	0	0	0	0	0	0	192	0	0	0	0	0	0	0	0	0	0	0	0	0	0	0	0	
0	0	0	0	0	0	0	0	0	0	0	0	0	0	0	0	0	0	0	0	0	0	0	0	0	0	0	0	0	0	0	0	0	0	0	0	0	0	0	0	0	0	0	0	0	0	0	192	500	48	
0	0	0	0	0	0	0	0	0	0	0	0	0	0	0	0	0	0	0	96	0	0	48	0	0	0	0	0	0	0	0	0	0	96	0	0	0	0	0	0	0	0	0	0	0	0	0	0	0	0	
0	0	0	0	0	0	0	0	0	0	0	0	0	0	0	0	0	500	0	0	0	0	0	0	192	0	0	0	0	0	0	0	0	0	0	0	0	0	0	0	0	0	0	0	0	0	0	0	0	0	
0	0	48	0	0	0	0	0	0	0	0	0	0	0	0	0	0	0	0	0	0	0	0	0	0	0	0	0	0	0	48	0	0	0	96	0	0	0	0	0	0	0	0	0	0	0	0	0	0	0	
0	0	0	0	0	0	0	0	0	192	0	0	0	0	0	0	0	0	0	0	0	0	0	0	0	0	0	0	0	0	0	0	0	0	500	0	0	0	0	0	0	0	0	0	0	0	0	0	0	0	
500	0	0	0	0	0	0	0	192	0	0	0	0	0	0	0	0	0	0	0	0	0	0	0	0	0	0	0	0	0	0	0	0	0	0	0	0	0	0	0	0	0	0	0	0	0	0	0	0	0	
0	0	0	0	0	0	0	0	0	0	0	0	0	0	192	500	0	0	0	500	0	0	0	0	0	0	0	0	0	0	0	0	0	0	0	0	0	0	0	0	0	0	0	0	0	0	0	0	0	0	
0	0	0	0	0	0	0	0	0	0	0	0	0	0	0	0	0	0	0	0	0	0	0	0	0	0	0	0	0	0	0	0	0	0	0	0	0	0	0	0	96	0	0	0	0	0	192	0	0	0	
0	0	0	0	0	0	0	0	0	0	0	0	0	0	0	0	0	96	0	0	0	0	0	500	500	0	0	0	0	0	0	0	0	0	0	0	0	0	0	0	0	0	0	0	0	0	0	0	0	0	
0	0	0	0	0	0	0	0	0	0	0	0	0	0	0	0	0	0	0	0	0	0	0	0	0	0	0	0	0	0	0	0	0	0	0	48	192	0	0	0	0	0	0	0	0	0	0	0	0	0	
0	0	0	0	0	0	0	0	0	0	192	0	0	0	0	48	0	0	0	48	96	0	0	0	0	0	0	0	0	0	0	0	0	0	0	0	0	0	0	0	0	0	0	0	0	0	0	0	0	0	
0	0	0	0	0	0	0	0	0	0	500	0	0	0	48	0	0	0	0	0	96	0	0	0	0	0	0	0	0	0	0	0	0	0	0	0	0	0	0	0	0	0	0	0	0	0	192	0	0	0	
0	0	0	0	0	0	0	0	0	0	0	0	0	0	0	0	0	0	0	0	0	48	0	0	0	0	0	0	0	0	0	0	0	0	0	0	0	0	500	0	0	0	0	0	0	0	0	0	0	0	
0	0	0	0	0	0	500	0	0	0	0	0	96	0	0	0	0	0	0	0	0	0	0	0	0	0	0	0	0	0	0	0	0	0	0	0	0	0	0	0	0	0	0	0	0	0	0	0	0	0	
0	0	0	0	0	0	0	0	0	0	0	0	0	0	0	0	0	0	0	0	0	0	0	0	0	96	0	96	0	0	0	0	0	0	0	0	0	0	0	0	0	0	0	0	0	0	0	0	0	0	
0	0	0	0	0	96	0	0	0	0	500	0	0	0	48	0	0	0	0	0	0	0	0	0	0	0	0	0	0	0	0	0	0	0	0	0	0	0	0	0	0	0	0	0	0	0	0	0	0	0	
0	0	0	0	0	0	0	0	0	0	0	0	0	0	96	96	0	0	0	0	0	0	0	0	0	0	0	0	0	0	0	0	0	0	0	0	0	0	0	0	48	0	0	0	0	0	500	0	96	0	
0	0	0	0	0	0	0	0	0	0	0	0	0	0	0	0	48	0	0	0	0	0	0	0	0	0	0	0	0	0	0	0	0	0	0	0	0	0	48	500	0	0	0	0	48	0	0	0	0	0	
0	0	0	48	0	48	0	0	0	0	0	0	0	0	0	0	0	0	0	0	0	0	0	0	0	0	0	0	0	0	0	0	0	0	0	0	0	0	0	0	0	0	0	0	0	0	0	0	0	0	
0	0	0	0	0	0	0	0	0	0	0	0	500	0	0	0	0	0	0	0	0	0	0	0	500	0	0	0	0	0	0	0	0	0	0	0	0	0	0	0	0	0	0	0	0	0	0	0	0	0	
0	0	0	0	0	0	192	0	0	0	0	0	500	0	0	0	0	0	0	0	0	0	0	500	0	0	0	0	0	0	0	0	192	0	0	0	0	0	0	0	0	0	0	0	0	0	0	0	0	0	
0	0	0	0	0	0	0	0	0	0	0	0	0	0	0	0	0	0	96	0	0	0	0	0	0	0	0	192	0	0	0	0	0	0	0	0	0	0	48	0	0	0	0	0	192	0	0	0	0	0	
0	500	0	0	0	0	0	0	0	0	0	0	0	0	0	0	0	0	0	0	0	0	0	0	0	0	0	0	0	0	0	0	0	0	0	0	0	500	0	0	0	0	0	0	0	0	0	0	0	0	
0	0	0	0	0	0	0	0	0	0	0	0	0	0	0	0	0	0	96	0	0	0	0	0	0	192	0	0	0	0	0	0	0	0	0	0	0	0	0	0	0	0	0	192	0	0	0	0	0	0	
0	0	0	0	0	0	0	0	0	0	0	0	0	0	0	0	0	0	0	0	0	0	0	0	0	0	0	0	0	0	0	500	0	0	0	0	0	0	0	192	0	0	0	0	0	0	0	0	0	0	
0	0	0	0	0	0	0	0	0	0	0	0	0	0	0	0	0	0	0	0	0	0	0	0	0	0	0	0	0	0	0	0	48	0	0	500	96	0	0	0	0	0	0	0	0	96	0	0	0	0	
0	0	500	0	0	0	0	48	0	0	0	0	0	0	0	0	0	0	0	0	0	0	0	0	0	0	0	0	0	0	0	0	0	0	0	0	0	0	0	0	0	0	0	0	0	0	0	0	0	0	
0	0	0	0	0	0	0	0	0	0	0	0	0	0	0	0	0	0	0	0	0	0	0	0	0	0	0	0	500	0	0	0	0	0	0	0	0	48	0	0	0	0	0	0	0	0	96	0	0	0	
0	0	0	0	0	0	0	0	0	0	0	0	0	0	0	0	0	0	0	0	0	0	0	0	192	0	0	0	0	48	0	0	0	0	0	0	0	0	0	0	0	0	0	0	0	0	0	0	0	0	
0	0	0	192	0	96	0	0	0	0	0	0	0	0	0	0	0	0	0	0	0	0	0	0	0	0	0	0	0	0	0	0	0	0	0	0	0	0	0	0	0	0	0	0	0	0	0	0	0	0	
0	500	0	0	0	0	0	96	500	0	0	0	0	0	0	0	0	0	0	0	0	0	0	0	0	0	0	0	0	0	0	0	0	0	0	0	0	0	0	0	0	0	0	0	0	0	0	0	0	0	
0	0	0	0	0	0	0	0	0	0	0	0	0	48	0	0	0	0	0	0	0	0	0	0	0	0	0	0	0	500	0	0	0	0	0	0	0	0	0	0	0	0	0	0	0	0	0	0	0	0	
0	0	0	0	0	0	0	0	0	0	0	0	0	192	0	0	0	0	0	0	0	0	0	0	0	0	0	0	0	96	0	0	0	0	0	0	0	0	0	0	0	0	0	0	0	0	0	0	0	0	
0	0	0	0	0	0	0	0	0	0	0	0	0	0	0	0	0	0	0	0	0	0	0	0	0	0	500	0	0	0	0	48	0	0	0	0	0	0	0	0	0	0	0	0	0	0	0	0	0	0	
0	0	0	0	0	0	0	0	0	0	0	0	0	0	0	0	500	0	0	0	0	48	0	0	0	48	0	0	0	0	0	0	0	0	0	0	0	0	0	0	0	0	0	0	0	0	0	0	0	0	
0	0	0	0	0	0	0	0	0	0	0	0	0	0	0	0	0	0	0	0	0	500	0	0	0	0	0	0	192	0	0	0	0	0	0	0	0	0	0	0	0	0	0	192	0	0	0	0	0	0	
0	0	0	0	0	0	0	0	0	0	0	96	0	0	0	0	0	0	0	0	48	0	0	0	0	0	0	0	0	0	0	0	0	0	0	0	0	0	0	0	0	0	0	0	0	0	0	0	0	0	
0	0	0	0	0	0	0	0	0	0	0	0	0	0	0	0	0	0	0	0	0	0	0	0	0	0	0	0	0	0	0	0	0	0	0	0	0	0	0	0	0	0	48	0	0	0	0	0	0	500	
0	0	0	0	0	0	0	0	0	0	0	0	0	0	0	0	0	0	0	0	0	0	0	0	0	0	0	0	0	0	0	0	0	0	0	0	0	0	0	0	0	48	0	192	0	0	0	0	0	0	
0	0	0	0	0	0	0	0	0	0	0	0	0	0	0	0	0	0	0	0	0	0	0	0	0	0	0	192	0	0	0	0	0	0	0	0	0	0	0	192	0	0	192	0	0	0	0	0	0	0	
0	0	0	0	0	0	0	0	0	0	0	0	0	0	0	0	0	0	0	0	0	48	0	0	0	192	0	0	0	0	0	0	0	0	0	0	0	0	0	0	0	0	0	0	0	0	0	0	0	0	
500	0	0	0	0	0	0	0	0	0	0	0	0	0	0	0	0	0	0	0	0	0	0	0	0	0	0	0	0	96	0	0	0	0	0	0	0	0	0	0	0	0	0	0	0	0	0	0	0	0	
0	96	0	0	0	0	0	0	0	0	0	192	0	0	0	192	0	0	0	0	500	0	0	0	0	0	0	0	0	0	0	96	0	0	0	0	0	0	0	0	0	0	0	0	0	0	0	0	0	0	
0	0	0	0	192	0	0	0	0	0	0	0	0	0	0	0	0	0	0	0	0	0	0	0	0	0	0	0	0	0	0	0	0	0	0	0	0	0	0	0	0	0	0	0	0	0	0	0	0	96	
0	0	0	0	500	0	0	0	0	0	0	0	0	0	0	0	0	0	0	0	96	0	0	0	0	0	0	0	0	0	0	0	0	0	0	0	0	0	0	0	0	0	0	0	0	0	0	0	0	0	
0	0	0	0	48	0	0	0	0	0	0	0	0	0	0	0	0	0	0	0	0	0	0	0	0	0	0	0	0	0	0	0	0	0	0	0	0	0	0	0	0	500	0	0	0	0	0	96	0	0	
48	45	1	42	12	6	38	39	47	19	46	11	32	13	40	26	43	43	18	8	10	28	6	45	34	22	4	22	13	2	5	15	25	37	33	4	37	11	42	17	31	27	9	28	45	24	3	36	23	39	7	41	49	15	20	29	28	7	12	47	44	31	30	15	47	42	33	26	22	45	45	17	41	26	49	45	10	3	34	17	28	39	36	33	13	41	40	20	11	8	37	5	43	20	44	39	25	8	8	38	15	42	41	9	39	18	10	46	39	32	42	41	0	43	29	34	48	5	22	36	11	11	4	33	32	2	9	3	49	22	38	45	6	4	6	41	16	20	36	34	23	46	39	39	17	4	13	47	28	43	30	45	20	16	23	47	8	28	0	44	48	2	13	48	6	47	16	1	31	18	36	8	21	15	2	49	38	25	33	6	31	23	38	15	16	9	4	16	13	2	27	48	33	49	45	31	26	9	33	23	46	29	2	6	31	5	5	38	25	38	13	14	49	45	6	14	41	9	25	26	7	7	1	48	44	33	28	14	24	6	47	9	37	5	29	27	8	37	43	24	1	28	48	21	42	31	44	28	5	49	11	27	33	27	48	46	42	20	2	13	44	8	38	25	48	30	43	24	48	43	42	42	30	16	15	13	38	45	48	7	18	33	5	37	17	49	43	43	6	12	28	47	30	31	46	27	37	42	20	49	42	26	47	44	18	34	38	8	29	41	6	37	41	43	35	43	38	23	32	7	26	10	2	35	8	13	1	45	16	39	4	36	2	38	14	47	10	35	31	6	25	19	0	4	0	33	44	29	2	36	40	43	31	18	31	11	4	2	43	17	43	41	21	37	37	13	6	5	0	22	32	11	36	33	18	40	20	36	39	28	5	35	43	31	46	37	9	45	11	36	16	27	30	0	15	19	24	36	31	18	29	27	22	5	22	33	41	49	29	21	34	44	7	28	2	26	47	33	30	35	8	31	32	27	18	0	12	35	39	43	2	3	43	35	10	10	43	37	10	31	19	24	3	27	1	12	27	29	13	26	20	18	35	7	49	34	34	43	7	19	9	33	43	30	34	17	20	39	8	13	35	22	18	45	24	13	13	39	11	6	18	18	5	31	4	30	43	1	40	14	24	24	43	44	13	34	12	5	15	16	29	47	44	40	36	20	22	20	18	28	30	44	41	25	28	22	41	20	26	12	26	31	40	17	3	43	24	33	18	20	4	40	47	39	11	3	15	0	8	49	12	15	27	11	40	34	17	11	40	29	6	19	22	11	31	32	30	30	2	26	32	11	11	11	40	42	32	29	33	36	42	2	37	1	30	26	8	45	47	0	9	23	27	6	18	24	9	40	1	8	24	19	13	14	18	33	18	9	31	36	32	14	17	30	4	1	32	5	24	45	30	22	42	40	33	43	26	22	0	40	10	29	32	11	3	14	13	24	5	4	36	10	22	34	26	19	3	5	40	17	28	0	24	14	33	27	32	46	22	21	30	34	16	27	3	20	12	46	41	34	15	49	7	19	13	0	29	19	31	28	18	48	49	30	23	42	25	24	36	35	32	23	25	25	46	5	31	31	17	28	29	49	4	44	4	31	33	44	36	34	12	40	41	17	30	19	3	44	11	46	3	12	1	48	30	30	44	13	43	14	30	27	37	37	18	7	19	14	6	38	7	47	24	6	35	22	29	0	8	18	17	13	45	43	20	30	19	1	37	36	13	36	24	14	24	16	49	6	48	36	28	47	35	42	27	16	25	18	25	45	13	1	37	9	2	48	33	3	37	5	48	26	36	15	45	21	35	3	7	45	47	15	23	22	45	6	14	17	25	38	43	37	14	12	47	36	4	43	34	37	28	45	7	35	6	19	17	19	44	36	2	6	12	37	19	35	1	39	11	46	42	2	27	28	36	17	9	28	9	34	49	49	32	23	23	48	32	15	35	7	46	14	26	25	35	20	8	0	41	45	11	21	20	25	2	2	5	4	13	37	11	1	4	25	29	6	5	15	6	9	25	21	18	41	25	20	26	14	37	39	47	6	24	43	2	29	14	11	15	3	20	47	36	32	43	14	45	29	15	21	23	32	14	46	2	49	22	27	45	24	28	35	8	8	28	14	48	47	38	6	42	37	41	28	28	11	43	36	38	44	12	36	41	20	12	35	26	42	47	28	20	48	42	21	35	20	48	3	1	13	0	41	30	39	34	32	13	22	45	43	3	36	38	44	23	40	29	20	46	20	
40	22	17	27	16	5	17	28	2	42	48	4	11	39	22	18	6	9	2	34	29	22	27	6	15	44	41	17	36	23	14	40	2	12	23	28	47	37	27	44	17	39	44	4	15	6	41	18	9	30	2	47	46	14	5	26	1	2	1	34	1	42	14	11	11	33	27	36	22	33	40	42	20	12	24	21	28	23	21	32	36	40	35	18	34	27	19	9	16	11	45	49	32	36	24	26	37	16	17	1	45	6	24	15	29	8	41	33	2	3	49	23	27	15	23	41	13	4	39	33	47	48	10	24	37	48	18	15	36	21	45	14	3	18	15	46	47	39	48	36	7	27	9	0	15	21	2	27	21	45	21	44	16	41	0	4	48	42	31	39	10	12	16	23	15	31	3	11	31	30	15	8	13	19	42	11	5	16	8	9	11	42	31	20	10	35	37	16	5	29	35	44	47	49	17	23	3	7	6	40	13	31	13	27	8	28	16	1	1	48	13	27	19	41	11	7	31	28	21	26	26	39	47	26	49	28	18	42	36	8	28	9	18	35	27	7	30	49	36	15	7	11	3	28	16	21	27	33	49	47	42	24	19	48	23	46	5	45	7	26	20	28	23	16	31	22	31	8	13	42	4	47	9	17	32	26	22	43	35	44	2	20	5	44	16	36	34	16	1	28	36	20	38	47	45	37	38	17	10	44	13	2	7	28	12	28	4	32	25	21	5	18	27	42	26	44	7	33	16	47	40	37	42	36	30	28	30	37	10	20	49	25	0	28	18	35	17	24	4	40	46	15	7	33	28	11	10	4	28	14	23	3	42	22	30	19	33	31	1	27	36	24	22	48	44	12	21	30	14	49	38	29	3	21	11	2	24	4	29	36	32	11	40	12	13	7	20	15	16	1	24	33	34	41	14	39	15	18	21	26	21	15	27	14	17	18	5	5	21	31	19	20	8	3	23	34	5	6	32	2	33	36	22	39	25	0	28	13	32	6	4	0	28	34	21	3	8	17	41	19	3	41	34	33	24	16	25	2	38	15	18	7	39	44	31	35	30	29	2	30	35	39	43	0	35	18	10	25	32	32	7	22	26	10	10	20	20	48	0	24	0	12	1	46	17	41	5	19	17	25	6	36	43	30	22	35	14	47	30	44	24	6	41	28	41	0	20	11	28	25	33	47	43	7	18	46	43	3	16	3	25	31	28	27	26	21	28	18	20	47	35	39	20	18	45	47	6	10	30	32	24	27	48	31	23	0	3	17	0	10	14	30	25	11	21	13	22	11	33	29	4	16	11	36	9	14	40	25	4	14	13	49	8	15	12	8	42	15	29	23	26	24	39	33	35	26	20	8	33	45	24	13	38	48	30	0	11	40	29	8	23	25	23	38	2	3	47	38	38	16	33	41	8	40	27	20	26	38	49	40	47	15	3	29	8	5	9	24	28	6	18	24	1	23	46	29	24	2	38	0	13	31	49	19	0	36	32	21	37	8	43	37	34	20	25	43	36	49	40	20	17	27	23	1	8	21	36	48	14	24	41	6	24	24	19	34	39	25	8	48	36	18	5	13	14	37	26	32	40	42	22	35	10	28	18	35	45	11	29	11	40	31	9	17	3	37	41	14	26	1	23	31	44	43	23	10	25	44	29	23	10	46	45	30	32	41	5	22	20	6	48	26	23	17	28	29	25	34	6	5	19	44	17	46	32	13	0	10	37	5	0	14	47	23	45	49	17	8	40	40	34	4	9	9	34	12	20	38	24	11	1	2	37	48	8	40	36	39	39	23	2	12	12	32	38	35	26	39	22	11	39	16	25	14	3	19	9	27	20	40	38	28	10	35	31	43	18	42	9	3	46	27	26	14	20	40	5	44	24	46	29	43	26	16	13	32	48	1	20	26	34	28	37	31	39	31	41	23	33	28	8	30	24	36	29	38	40	32	16	12	43	31	13	33	3	49	18	21	16	35	35	20	47	32	41	34	40	36	36	18	39	14	33	0	40	28	13	12	45	39	11	33	37	38	8	45	8	43	9	25	43	33	44	3	13	13	6	29	18	46	4	41	26	26	5	24	36	49	16	49	39	2	41	5	9	14	2	3	43	12	26	25	15	7	47	5	35	35	16	30	28	20	46	34	44	25	12	16	28	41	8	44	9	5	11	22	29	38	16	25	14	34	20	13	5	19	34	38	19	8	9	15	4	24	2	10	33	26	25	37	40	4	9	43	25	39	25	46	36	4	
25	22	21	35	34	29	38	38	34	20	30	35	36	24	21	27	39	26	20	24	24	39	24	32	35	23	26	36	33	23	31	35	32	36	35	32	22	36	36	22	29	21	34	33	25	39	26	24	31	36	35	29	22	24	34	21	24	40	37	32	34	23	34	39	25	28	31	21	40	40	27	39	30	34	32	31	37	20	28	31	21	28	22	38	29	21	37	20	28	25	34	35	29	37	29	25	28	34	21	29	20	39	20	20	29	28	34	20	22	31	24	32	23	27	24	22	33	34	30	39	20	38	27	22	38	28	27	36	24	22	21	39	38	33	32	24	27	20	31	28	36	34	40	24	38	26	28	23	27	25	40	37	35	30	35	25	37	27	34	36	24	31	38	24	39	33	20	24	37	24	27	25	25	24	22	36	38	21	32	25	25	21	25	32	32	27	32	40	30	25	37	24	27	40	39	30	31	26	30	24	33	23	34	31	24	30	40	30	32	28	25	20	21	40	20	25	34	22	32	27	27	22	22	24	20	30	28	34	34	23	29	31	23	25	33	24	33	21	27	21	39	30	20	21	22	28	22	34	32	33	38	29	35	33	39	24	23	27	25	37	22	23	37	23	20	25	29	38	39	26	35	35	34	20	27	33	22	36	20	31	20	40	24	22	40	23	32	35	39	38	38	24	24	39	37	33	27	21	26	36	29	28	27	35	31	23	22	35	35	26	32	34	28	40	38	28	37	39	38	21	25	24	24	20	24	23	38	39	28	26	36	31	38	20	21	34	36	26	23	40	20	33	22	22	21	26	35	24	30	33	26	25	31	29	36	32	33	33	26	40	32	38	34	30	25	27	27	39	37	33	35	37	20	32	40	37	27	24	26	21	37	28	31	29	22	21	36	29	21	30	31	27	31	23	38	37	25	36	29	33	27	37	39	21	28	40	29	34	40	40	22	20	31	21	32	39	35	23	27	20	25	22	36	27	28	39	32	30	39	37	24	37	36	34	27	39	24	24	28	27	32	37	26	26	37	26	36	27	40	30	29	29	37	20	40	20	36	26	25	24	38	30	38	22	20	36	38	25	35	28	26	34	26	37	23	24	23	27	38	20	40	24	37	21	31	24	39	30	27	21	37	36	38	34	31	27	30	28	40	29	36	40	28	35	34	37	29	40	25	31	36	29	34	33	21	37	28	24	21	22	30	40	30	31	34	28	29	25	25	27	30	22	34	35	32	27	24	23	21	25	34	27	36	34	37	28	34	26	35	35	35	37	32	23	22	37	24	24	28	20	32	28	34	35	20	30	25	24	23	26	39	40	39	25	38	33	30	37	25	36	26	20	35	24	20	28	36	37	38	28	27	20	39	22	20	34	25	39	21	31	32	35	36	28	34	40	28	38	25	34	32	31	35	20	38	32	28	29	29	30	40	23	30	22	39	36	35	32	21	25	30	20	32	30	31	37	31	40	30	34	25	29	30	38	28	33	35	31	30	29	26	36	39	25	26	31	33	32	34	34	22	23	20	30	35	37	29	30	24	27	35	35	29	24	39	35	21	25	38	33	34	36	31	20	35	37	33	20	34	39	35	24	37	29	25	32	35	33	20	21	31	40	38	31	24	29	33	34	39	33	35	24	38	40	20	29	36	25	27	22	37	27	27	38	30	26	27	21	28	39	33	36	27	36	37	36	30	26	40	34	38	39	25	24	37	28	24	26	21	34	34	29	29	23	36	31	23	20	37	33	34	40	27	39	35	20	38	35	37	35	26	33	23	30	25	24	26	37	34	32	33	26	22	25	24	31	38	24	30	23	24	22	31	33	39	23	23	35	36	26	28	40	40	32	36	38	31	23	39	36	33	30	31	28	30	23	28	25	22	35	39	23	27	32	21	32	38	33	37	36	35	36	35	30	40	21	30	36	29	33	27	33	25	35	21	23	21	22	37	30	22	30	23	21	22	30	26	29	22	28	25	30	33	29	33	26	28	28	34	34	20	27	40	23	28	30	25	27	34	34	36	31	28	27	28	27	35	34	40	30	22	26	33	27	33	32	28	38	25	23	32	21	37	22	23	38	38	22	30	22	37	33	26	32	35	39	30	37	35	37	20	32	36	36	21	24	33	23	29	34	30	25	27	26	37	33	26	23	33	23	23	37	34	21	29	28	33	32	35	23	25	23	36	36	25	39	33	28	36	34	21	37	25	27	31	31	29	30	20	36	38	32	25	20	24	40	30	23	35	37	
36	14	16	10	50	42	19	31	49	12	17	23	18	37	25	33	46	43	24	39	24	15	42	47	10	13	30	15	31	15	24	29	38	35	16	24	27	30	11	26	11	16	24	38	49	50	28	15	26	11	23	31	24	22	16	14	28	18	22	20	19	42	39	41	12	11	44	44	16	31	27	32	45	29	46	20	18	39	27	26	21	17	10	40	19	29	21	12	27	35	21	37	35	24	25	39	42	38	50	44	26	26	42	26	50	25	34	41	32	30	36	11	20	45	32	34	34	27	34	28	49	16	43	15	29	44	20	22	35	17	11	25	31	31	40	48	37	37	29	44	39	36	31	43	24	37	32	44	36	22	28	10	42	24	31	13	10	44	19	30	34	21	14	26	38	39	10	24	37	39	14	12	18	19	19	46	33	36	26	37	15	15	12	47	39	35	24	19	42	40	19	39	29	26	26	13	30	40	36	35	41	23	36	43	22	25	35	30	38	46	21	30	46	30	50	26	41	48	15	19	11	22	45	48	10	23	41	37	16	41	25	49	40	22	40	22	12	13	43	33	21	10	42	13	37	50	28	27	46	30	44	36	13	47	30	15	20	35	14	22	28	44	11	22	33	42	31	21	18	41	42	24	32	11	46	35	28	48	10	48	37	12	11	44	16	25	24	39	16	47	12	10	49	21	10	13	22	43	27	24	50	49	34	41	21	14	26	22	12	18	37	26	47	29	47	11	10	30	42	28	14	32	43	39	45	48	20	12	29	40	43	14	41	31	50	20	20	21	29	14	20	33	50	40	42	12	13	18	38	27	18	39	30	32	48	37	40	15	25	27	45	16	12	16	39	41	31	34	20	45	23	19	19	17	35	18	14	37	39	24	40	49	17	32	39	20	27	10	43	38	41	34	38	45	25	11	37	32	44	16	21	29	32	45	25	12	20	40	27	35	18	44	16	47	39	14	49	31	12	50	27	10	34	24	39	19	24	24	24	27	46	49	23	38	22	50	46	33	50	31	50	41	39	28	39	36	26	25	50	38	11	22	10	12	29	44	41	21	15	15	34	49	22	48	40	24	18	42	31	21	30	33	22	36	13	34	27	49	35	32	35	23	32	27	48	19	33	21	34	16	16	23	33	10	18	22	49	50	27	20	23	11	37	21	26	37	21	21	21	20	31	34	43	30	16	30	34	15	21	45	50	37	50	47	45	37	19	30	32	50	24	42	35	26	35	25	22	43	45	36	44	21	32	39	26	23	21	23	15	22	50	24	16	26	35	31	21	42	32	10	30	16	25	16	44	49	42	14	31	21	11	38	46	36	21	14	14	35	14	21	18	24	13	16	37	48	36	37	50	16	33	31	35	22	36	32	40	13	31	36	22	11	26	36	36	39	37	49	50	48	50	25	48	14	49	20	30	13	27	43	25	14	36	40	36	34	43	16	48	42	11	16	19	38	47	36	46	31	31	11	42	47	24	33	42	46	42	45	29	18	26	15	44	30	17	46	34	42	20	17	26	19	46	37	20	27	26	38	17	27	44	40	21	14	32	20	12	40	17	15	24	14	30	25	50	45	24	26	20	39	15	34	46	26	22	15	17	27	43	41	40	10	18	43	30	23	50	28	18	44	22	44	15	15	31	48	32	44	42	41	26	40	44	25	37	48	44	48	43	46	41	22	15	13	42	48	17	47	45	13	33	39	41	26	43	15	38	44	33	41	44	37	11	37	50	48	12	49	39	14	23	33	28	19	24	10	49	44	16	39	40	26	25	27	31	10	48	28	24	20	42	27	29	43	16	46	31	20	20	39	12	43	13	46	27	32	26	34	25	39	34	13	43	32	18	24	17	27	32	14	48	16	19	37	31	36	23	16	12	22	13	24	40	42	32	43	46	29	44	18	17	41	14	42	30	41	19	11	15	45	26	29	43	40	29	43	17	16	23	13	40	21	22	28	37	39	10	41	19	25	45	37	32	40	27	29	24	41	11	22	41	38	30	15	47	17	38	30	33	21	25	20	19	34	46	10	21	23	30	21	44	43	13	31	21	21	34	38	25	10	26	32	20	47	35	37	23	30	39	30	23	20	20	21	46	42	37	28	15	33	19	50	14	27	20	25	25	15	25	11	15	27	32	31	18	21	41	37	50	45	12	16	44	19	31	38	37	30	26	14	37	15	33	36	27	50	34	11	18	30	40	21	11	20	12	35	33	27	29	48	11	20	50	23	22	19	26	14	26	29	
5
80
