980
50
0	0	0	0	0	0	0	0	0	0	0	0	0	0	0	0	0	0	0	0	0	0	0	0	96	0	0	0	0	192	0	0	0	0	0	0	0	0	0	96	0	0	0	0	0	0	0	0	0	0	
0	0	0	0	0	0	0	0	0	0	0	0	0	0	0	0	0	0	0	0	0	0	0	0	0	0	0	96	0	0	0	0	0	0	0	0	0	192	0	0	0	0	0	0	0	0	0	0	0	0	
0	0	0	0	0	0	0	0	0	192	0	0	0	0	500	0	0	0	0	0	96	0	0	0	0	0	0	0	0	0	0	0	500	0	0	0	0	0	0	0	0	0	0	0	0	0	0	0	0	0	
0	0	0	0	500	0	0	0	48	0	0	0	0	0	0	0	0	0	0	0	0	0	0	0	0	0	0	0	0	0	0	0	0	0	0	0	48	0	0	0	0	0	0	0	0	0	0	0	0	0	
0	0	0	500	0	0	0	0	0	0	0	0	0	0	0	0	0	0	0	0	0	0	0	0	0	0	0	0	0	0	0	0	0	0	0	0	48	0	0	0	0	0	0	0	0	0	0	0	0	0	
0	0	0	0	0	0	0	0	0	0	0	0	0	0	0	0	0	0	0	0	0	0	0	0	0	0	0	0	0	192	0	500	0	0	0	0	0	0	0	0	0	0	0	0	0	0	0	0	0	0	
0	0	0	0	0	0	0	0	0	0	0	0	0	96	0	0	0	0	0	0	0	0	0	0	0	500	0	0	0	0	0	0	0	0	0	0	0	0	0	0	0	0	192	0	0	0	0	0	0	0	
0	0	0	0	0	0	0	0	0	0	0	0	0	0	0	0	0	96	0	0	0	96	0	0	0	0	0	0	0	0	0	0	0	0	0	0	0	0	0	0	0	0	0	0	0	0	0	0	0	0	
0	0	0	48	0	0	0	0	0	0	0	0	0	0	0	0	0	0	0	0	0	0	0	0	0	0	0	0	0	0	0	0	0	500	0	0	0	0	0	0	0	0	0	0	0	0	0	0	0	0	
0	0	192	0	0	0	0	0	0	0	0	0	0	0	96	0	0	0	0	0	0	0	0	0	0	0	0	0	0	0	0	0	0	0	0	0	0	0	0	0	0	0	0	0	0	0	0	0	0	0	
0	0	0	0	0	0	0	0	0	0	0	0	0	0	0	0	0	0	0	0	0	0	500	0	0	0	0	0	0	0	0	0	0	0	0	0	0	0	0	0	0	0	0	0	0	0	0	0	0	48	
0	0	0	0	0	0	0	0	0	0	0	0	0	0	0	0	0	0	0	192	0	0	0	0	500	0	0	0	0	0	0	0	0	0	0	0	0	0	0	0	0	0	0	0	0	0	0	0	0	0	
0	0	0	0	0	0	0	0	0	0	0	0	0	0	0	0	0	0	0	0	0	96	0	0	0	0	0	0	0	0	0	96	0	0	0	0	0	0	0	0	0	0	0	0	0	0	0	96	0	0	
0	0	0	0	0	0	96	0	0	0	0	0	0	0	0	0	0	0	0	0	0	0	0	0	0	0	48	0	0	0	0	0	0	0	0	0	0	0	0	0	0	0	0	0	0	0	0	0	0	0	
0	0	500	0	0	0	0	0	0	96	0	0	0	0	0	0	0	0	0	0	0	0	0	0	0	0	0	0	0	0	0	0	0	0	0	0	0	0	0	0	0	0	0	0	0	0	0	0	0	0	
0	0	0	0	0	0	0	0	0	0	0	0	0	0	0	0	0	0	0	0	0	0	0	0	0	0	0	0	48	0	0	0	0	0	0	0	0	0	192	0	0	0	0	0	48	0	0	0	0	0	
0	0	0	0	0	0	0	0	0	0	0	0	0	0	0	0	0	0	0	0	0	0	0	500	0	0	0	0	0	0	0	0	0	0	48	0	0	0	0	0	0	0	0	0	0	0	500	0	0	0	
0	0	0	0	0	0	0	96	0	0	0	0	0	0	0	0	0	0	0	0	0	0	0	500	0	0	0	0	0	0	0	0	0	0	0	0	0	0	0	0	0	0	0	0	0	0	0	0	0	0	
0	0	0	0	0	0	0	0	0	0	0	0	0	0	0	0	0	0	0	0	0	0	0	0	0	48	0	0	0	0	0	0	96	0	0	0	0	0	0	0	0	48	96	0	0	96	0	0	0	0	
0	0	0	0	0	0	0	0	0	0	0	192	0	0	0	0	0	0	0	0	0	0	0	0	0	0	0	0	0	0	0	0	0	0	0	0	0	0	0	96	0	0	0	0	0	0	0	0	0	0	
0	0	96	0	0	0	0	0	0	0	0	0	0	0	0	0	0	0	0	0	0	0	0	0	0	0	0	0	0	0	0	0	48	96	0	0	0	0	0	0	0	96	0	0	0	500	0	0	0	0	
0	0	0	0	0	0	0	96	0	0	0	0	96	0	0	0	0	0	0	0	0	0	0	0	0	0	0	0	0	0	0	0	0	0	0	0	0	0	0	0	0	0	0	0	0	0	0	0	0	0	
0	0	0	0	0	0	0	0	0	0	500	0	0	0	0	0	0	0	0	0	0	0	0	0	0	0	0	0	0	0	0	0	0	0	0	192	0	0	0	0	0	0	0	0	0	0	0	0	0	0	
0	0	0	0	0	0	0	0	0	0	0	0	0	0	0	0	500	500	0	0	0	0	0	0	0	0	0	0	0	0	0	0	0	0	0	0	0	0	0	0	0	0	0	0	0	0	0	0	0	0	
96	0	0	0	0	0	0	0	0	0	0	500	0	0	0	0	0	0	0	0	0	0	0	0	0	0	0	0	0	0	0	0	0	0	0	0	0	0	0	0	0	0	0	0	0	0	0	0	0	0	
0	0	0	0	0	0	500	0	0	0	0	0	0	0	0	0	0	0	48	0	0	0	0	0	0	0	0	0	0	0	0	0	0	0	0	0	0	0	0	0	0	0	0	0	0	0	0	0	0	0	
0	0	0	0	0	0	0	0	0	0	0	0	0	48	0	0	0	0	0	0	0	0	0	0	0	0	0	0	0	0	0	0	0	0	0	48	0	500	0	0	0	0	0	0	0	0	0	0	0	0	
0	96	0	0	0	0	0	0	0	0	0	0	0	0	0	0	0	0	0	0	0	0	0	0	0	0	0	0	0	0	0	0	0	0	500	0	0	0	0	0	48	0	0	0	0	0	0	0	500	0	
0	0	0	0	0	0	0	0	0	0	0	0	0	0	0	48	0	0	0	0	0	0	0	0	0	0	0	0	0	0	0	0	0	0	0	0	0	0	0	0	0	0	0	0	500	0	0	0	0	0	
192	0	0	0	0	192	0	0	0	0	0	0	0	0	0	0	0	0	0	0	0	0	0	0	0	0	0	0	0	0	0	0	0	0	0	0	0	0	0	0	0	0	0	0	0	0	0	96	0	48	
0	0	0	0	0	0	0	0	0	0	0	0	0	0	0	0	0	0	0	0	0	0	0	0	0	0	0	0	0	0	0	0	0	0	192	0	0	0	0	0	0	0	0	0	0	0	0	0	48	0	
0	0	0	0	0	500	0	0	0	0	0	0	96	0	0	0	0	0	0	0	0	0	0	0	0	0	0	0	0	0	0	0	0	0	0	0	0	0	0	0	0	0	0	0	0	0	0	0	0	0	
0	0	500	0	0	0	0	0	0	0	0	0	0	0	0	0	0	0	96	0	48	0	0	0	0	0	0	0	0	0	0	0	0	0	0	0	0	0	0	0	0	0	0	0	0	0	0	0	0	0	
0	0	0	0	0	0	0	0	500	0	0	0	0	0	0	0	0	0	0	0	96	0	0	0	0	0	0	0	0	0	0	0	0	0	0	0	0	0	0	0	0	0	0	0	0	0	0	0	0	0	
0	0	0	0	0	0	0	0	0	0	0	0	0	0	0	0	48	0	0	0	0	0	0	0	0	0	0	500	0	0	192	0	0	0	0	0	0	0	0	0	0	0	0	0	0	0	0	0	0	0	
0	0	0	0	0	0	0	0	0	0	0	0	0	0	0	0	0	0	0	0	0	0	192	0	0	0	48	0	0	0	0	0	0	0	0	0	0	0	0	0	0	0	0	0	0	0	0	0	0	0	
0	0	0	48	48	0	0	0	0	0	0	0	0	0	0	0	0	0	0	0	0	0	0	0	0	0	0	0	0	0	0	0	0	0	0	0	0	0	0	0	0	0	0	0	0	0	0	0	0	0	
0	192	0	0	0	0	0	0	0	0	0	0	0	0	0	0	0	0	0	0	0	0	0	0	0	0	500	0	0	0	0	0	0	0	0	0	0	0	0	0	0	0	0	0	0	0	0	0	0	0	
0	0	0	0	0	0	0	0	0	0	0	0	0	0	0	192	0	0	0	0	0	0	0	0	0	0	0	0	0	0	0	0	0	0	0	0	0	0	0	0	48	0	0	0	192	0	0	0	0	0	
96	0	0	0	0	0	0	0	0	0	0	0	0	0	0	0	0	0	0	96	0	0	0	0	0	0	0	0	0	0	0	0	0	0	0	0	0	0	0	0	0	0	0	0	0	0	0	0	0	0	
0	0	0	0	0	0	0	0	0	0	0	0	0	0	0	0	0	0	0	0	0	0	0	0	0	0	0	48	0	0	0	0	0	0	0	0	0	0	48	0	0	0	0	0	0	0	0	0	0	0	
0	0	0	0	0	0	0	0	0	0	0	0	0	0	0	0	0	0	48	0	96	0	0	0	0	0	0	0	0	0	0	0	0	0	0	0	0	0	0	0	0	0	0	0	0	0	0	0	0	0	
0	0	0	0	0	0	192	0	0	0	0	0	0	0	0	0	0	0	96	0	0	0	0	0	0	0	0	0	0	0	0	0	0	0	0	0	0	0	0	0	0	0	0	0	0	0	0	0	0	0	
0	0	0	0	0	0	0	0	0	0	0	0	0	0	0	0	0	0	0	0	0	0	0	0	0	0	0	0	0	0	0	0	0	0	0	0	0	0	0	0	0	0	0	0	500	0	500	0	0	500	
0	0	0	0	0	0	0	0	0	0	0	0	0	0	0	48	0	0	0	0	0	0	0	0	0	0	0	0	500	0	0	0	0	0	0	0	0	0	192	0	0	0	0	500	0	0	0	0	0	0	
0	0	0	0	0	0	0	0	0	0	0	0	0	0	0	0	0	0	96	0	500	0	0	0	0	0	0	0	0	0	0	0	0	0	0	0	0	0	0	0	0	0	0	0	0	0	0	0	0	0	
0	0	0	0	0	0	0	0	0	0	0	0	0	0	0	0	500	0	0	0	0	0	0	0	0	0	0	0	0	0	0	0	0	0	0	0	0	0	0	0	0	0	0	500	0	0	0	0	0	0	
0	0	0	0	0	0	0	0	0	0	0	0	96	0	0	0	0	0	0	0	0	0	0	0	0	0	0	0	0	96	0	0	0	0	0	0	0	0	0	0	0	0	0	0	0	0	0	0	0	0	
0	0	0	0	0	0	0	0	0	0	0	0	0	0	0	0	0	0	0	0	0	0	0	0	0	0	0	500	0	0	48	0	0	0	0	0	0	0	0	0	0	0	0	0	0	0	0	0	0	0	
0	0	0	0	0	0	0	0	0	0	48	0	0	0	0	0	0	0	0	0	0	0	0	0	0	0	0	0	0	48	0	0	0	0	0	0	0	0	0	0	0	0	0	500	0	0	0	0	0	0	
37	16	37	27	38	27	23	4	2	45	22	6	44	23	32	19	21	13	15	21	48	42	49	32	6	5	14	38	21	36	16	28	38	44	4	47	46	0	30	17	27	28	46	41	7	3	31	12	23	30	42	9	1	20	16	39	49	10	48	43	28	18	37	12	36	41	31	27	31	20	23	34	38	49	31	22	44	41	25	36	49	35	11	24	6	34	2	34	38	42	42	22	32	31	21	22	1	33	34	33	45	31	4	35	35	35	9	40	22	46	0	47	49	42	41	8	17	44	12	39	24	27	30	36	39	14	19	34	17	32	1	19	22	41	8	11	21	12	33	23	26	13	38	41	9	43	18	21	48	43	44	1	40	40	31	28	47	49	15	42	18	46	12	33	14	30	2	39	48	25	5	13	42	34	43	28	14	48	42	23	39	6	35	44	40	27	32	24	7	11	47	21	24	1	41	47	42	39	6	13	0	30	42	37	37	4	33	31	17	49	49	42	22	29	35	46	25	31	31	17	9	8	45	0	19	9	19	9	2	28	36	42	30	8	12	39	32	32	8	48	0	24	39	20	33	37	30	18	29	10	15	18	0	34	14	37	36	28	31	10	33	6	30	4	20	49	19	46	41	42	21	20	17	15	16	49	23	5	38	0	35	25	34	35	32	33	5	26	29	20	47	9	19	35	37	22	41	16	44	32	35	48	6	25	0	0	12	25	25	47	27	21	33	36	43	47	43	31	2	43	17	43	33	0	44	41	42	44	9	15	25	43	49	24	16	37	21	21	31	22	11	19	16	41	20	36	22	28	31	21	25	32	16	23	27	27	28	0	15	11	45	9	47	3	15	47	1	34	12	6	41	18	13	17	39	34	33	1	26	25	47	13	22	1	46	22	27	16	37	38	5	14	49	6	42	7	22	12	47	26	9	47	42	5	35	16	47	46	40	24	23	10	31	18	48	29	41	16	39	25	41	49	15	33	38	19	31	31	19	43	4	5	30	4	20	11	10	41	44	38	42	1	14	12	30	12	22	9	35	31	43	34	24	9	15	27	32	4	48	2	42	17	26	17	11	37	43	47	39	6	12	32	41	39	33	42	14	3	42	17	48	43	27	1	38	31	4	37	15	6	28	12	40	29	45	18	2	6	47	3	8	18	37	25	38	0	31	8	17	21	28	29	46	14	7	20	17	3	49	43	40	1	39	7	2	21	15	22	39	21	32	40	35	20	6	41	19	41	13	3	41	6	32	21	17	34	21	0	32	38	6	4	7	34	17	42	10	3	36	3	22	10	16	36	6	8	35	26	35	8	45	38	37	20	37	5	9	33	35	0	47	30	24	43	1	29	11	15	17	17	43	21	36	29	35	15	22	38	25	5	19	26	28	39	9	38	48	39	10	19	19	0	1	19	20	8	24	13	41	35	8	8	6	4	2	42	7	23	34	24	12	4	43	39	30	49	22	38	13	34	36	18	21	22	42	35	14	8	10	48	10	44	15	3	42	26	2	5	0	2	10	23	46	34	40	40	6	29	46	13	20	1	7	42	47	14	40	36	9	16	30	43	0	2	27	44	19	32	40	32	32	12	18	28	49	5	12	39	36	5	33	39	17	30	7	49	45	48	47	48	18	30	16	40	46	18	43	40	5	16	48	47	39	45	44	17	35	41	42	29	25	20	17	42	9	33	38	33	35	22	47	34	15	23	3	34	36	4	31	4	36	37	48	28	21	47	6	0	9	6	16	36	23	16	32	34	29	36	34	20	1	8	42	18	49	40	11	33	19	19	44	42	12	5	4	49	14	42	22	37	37	25	21	21	17	40	47	5	29	33	47	4	13	18	16	9	5	7	24	32	31	23	35	49	37	12	20	24	36	40	11	3	20	6	4	44	5	14	48	35	11	0	29	11	38	29	39	19	17	1	27	5	22	26	18	20	43	4	46	9	5	37	6	9	12	10	5	30	42	35	36	31	9	30	14	35	43	0	45	24	5	31	38	15	45	37	46	29	34	37	36	32	39	39	43	15	13	47	7	41	11	10	45	39	24	34	4	2	16	25	18	0	3	41	42	20	34	0	40	4	41	25	40	3	24	42	40	14	41	45	26	34	46	1	27	16	11	20	1	6	5	30	29	23	46	8	23	15	42	42	32	37	38	42	44	0	10	6	1	49	32	29	49	23	34	33	34	42	0	0	7	5	30	41	42	5	19	24	2	24	37	5	25	5	6	16	30	29	1	5	
30	45	15	43	41	17	12	37	12	5	35	18	17	14	45	41	38	46	22	3	3	8	11	35	3	44	47	10	19	12	26	42	41	15	43	36	21	16	6	23	22	10	36	34	18	26	24	42	37	36	48	3	39	39	33	36	43	31	30	19	17	30	30	38	41	11	9	6	18	5	23	26	8	16	41	48	32	29	34	23	32	38	11	39	32	45	11	11	1	6	48	35	49	10	28	7	42	35	42	24	43	4	9	30	30	27	12	14	3	9	4	34	34	18	39	33	44	30	21	32	34	22	47	32	29	18	18	32	38	42	39	8	10	2	28	5	2	30	30	4	43	38	46	14	4	18	28	22	19	48	29	35	22	29	5	45	49	9	27	21	27	0	44	47	48	16	22	7	34	45	4	18	14	20	21	33	38	4	24	8	6	36	25	24	27	34	19	10	41	6	1	43	35	49	37	44	1	2	5	38	7	41	14	14	46	23	26	11	32	32	37	29	29	46	43	35	29	39	33	48	15	25	18	17	43	7	44	3	48	13	6	18	48	22	5	43	15	19	37	37	14	22	13	23	1	33	41	40	4	33	8	47	17	39	23	15	43	46	13	27	17	2	1	35	35	29	22	24	37	44	1	29	13	44	48	41	20	33	17	7	32	34	8	9	43	35	46	24	34	2	38	37	5	7	5	9	49	10	45	47	20	1	14	8	22	19	20	5	13	18	48	26	42	13	11	22	20	15	32	45	42	29	30	19	6	31	28	10	17	38	1	48	44	46	5	44	41	32	24	20	8	24	11	15	12	8	46	24	11	35	9	18	47	13	4	12	31	27	16	26	35	17	3	13	39	32	0	25	44	39	40	20	18	37	40	45	39	22	39	49	44	29	5	12	11	26	36	1	44	1	15	27	30	16	13	15	31	45	46	4	45	24	45	11	37	48	7	37	49	9	5	21	33	2	33	47	28	4	6	40	6	38	35	15	33	23	26	19	18	39	22	17	41	29	3	45	46	5	46	27	22	5	22	24	38	27	5	10	28	33	8	32	47	9	40	27	22	25	37	1	44	18	40	3	7	2	24	9	37	31	33	19	38	13	0	14	5	20	16	23	23	3	40	16	42	34	26	3	25	9	8	11	21	36	43	14	25	17	22	25	41	30	48	17	23	39	21	25	12	37	12	37	26	14	10	28	41	33	35	44	20	45	2	39	29	11	14	20	5	26	7	12	20	6	35	7	6	18	46	32	5	30	21	25	29	6	15	3	37	44	49	6	20	2	47	35	44	33	43	28	43	35	25	8	19	27	24	43	1	22	1	17	12	22	38	5	45	47	20	16	42	20	28	23	38	2	20	39	46	37	13	20	0	10	4	33	16	33	9	47	19	36	1	19	47	32	25	32	22	9	33	49	17	14	0	33	34	0	19	20	15	43	34	3	23	25	8	39	6	43	2	37	4	16	6	8	2	12	45	43	36	28	34	41	26	14	47	42	3	12	39	15	27	40	35	47	40	32	47	31	19	27	34	35	4	47	12	22	41	18	44	24	49	8	35	31	30	41	11	34	44	29	39	28	12	32	28	4	12	37	17	13	49	4	46	9	45	1	15	31	42	2	14	30	41	3	47	19	22	30	38	47	31	19	35	45	0	19	24	13	18	6	14	22	27	14	4	48	7	45	44	37	19	19	36	31	24	49	35	44	2	19	42	1	45	5	4	38	17	41	38	10	22	13	47	28	45	25	34	23	1	3	43	46	14	6	22	46	42	0	7	27	13	29	15	16	49	3	23	43	11	34	46	16	16	10	32	33	34	9	34	2	41	28	41	28	41	15	17	29	26	10	29	36	17	45	39	48	35	4	40	14	8	20	9	33	32	35	46	11	38	34	30	7	20	6	16	17	28	2	49	3	18	33	9	10	25	23	6	31	34	26	32	38	38	49	42	49	13	40	35	27	38	23	2	24	18	40	14	37	21	1	14	33	49	5	45	2	1	16	49	21	9	24	44	34	13	11	39	35	38	31	9	7	26	28	12	7	47	36	31	40	48	17	7	45	13	48	31	16	38	41	26	20	20	18	6	24	45	41	11	27	3	42	14	2	15	36	22	10	19	29	46	14	5	5	8	40	22	30	46	37	34	8	16	48	31	27	13	26	46	45	4	28	18	29	14	32	35	1	9	37	28	23	35	12	20	17	44	38	6	23	37	22	14	15	33	11	34	24	42	48	28	26	15	44	15	44	19	17	
40	38	40	31	23	21	22	34	30	24	36	32	39	20	31	30	31	29	38	28	25	21	39	35	34	33	31	35	40	27	40	27	32	36	23	31	36	20	39	39	36	28	40	38	29	34	24	35	20	40	21	40	32	21	36	26	24	22	37	40	32	23	34	28	27	21	37	31	38	21	33	39	34	39	23	27	29	22	33	22	20	30	32	40	26	22	30	27	34	32	36	39	29	28	23	27	40	23	39	23	40	36	37	26	20	30	40	31	37	39	37	21	35	33	34	35	38	35	26	24	32	27	24	35	33	24	34	36	34	38	27	21	29	25	29	24	21	22	25	21	23	24	20	25	29	39	32	21	27	21	38	37	28	23	33	35	20	23	23	24	37	31	23	33	29	21	21	33	28	38	20	32	37	32	29	27	36	30	27	39	40	33	22	26	29	32	20	39	34	28	39	38	39	32	38	33	27	28	28	25	28	33	37	31	28	31	30	20	20	38	29	33	20	35	26	35	32	36	25	33	20	30	31	36	35	37	29	34	34	37	33	35	24	20	20	24	23	31	33	21	40	39	39	39	35	22	35	26	26	34	33	20	22	32	31	21	33	32	24	24	24	37	35	22	40	22	32	33	39	24	38	29	24	38	33	37	36	26	33	30	39	34	37	25	24	33	27	26	36	34	27	21	26	25	33	29	34	23	33	38	24	28	32	30	20	32	33	20	28	39	21	33	34	29	27	38	33	20	38	33	26	31	24	23	22	39	26	27	26	32	39	24	21	25	38	39	24	32	36	32	38	35	30	21	38	22	25	29	31	29	26	21	40	30	35	22	36	23	35	40	35	22	33	29	39	26	22	28	27	20	34	22	37	33	32	31	22	37	21	35	33	39	27	37	30	40	30	23	21	28	28	26	31	23	35	38	32	21	39	27	27	28	27	34	31	23	20	20	35	31	21	21	23	36	24	29	27	23	29	24	35	30	26	33	30	24	32	31	37	36	23	21	37	40	33	27	25	37	39	24	37	20	39	37	29	37	23	30	28	20	23	22	31	34	36	20	40	38	34	22	37	39	37	40	29	40	32	37	25	23	35	37	25	23	31	40	20	38	38	35	33	27	27	34	25	36	20	38	30	25	33	33	38	35	38	35	33	22	21	21	23	34	39	24	35	38	30	33	37	38	33	23	32	32	24	23	28	27	27	30	29	40	23	23	23	34	26	20	27	29	27	28	33	38	31	34	35	26	21	36	38	32	33	36	33	29	34	26	27	32	27	30	40	30	29	27	37	20	32	38	22	27	21	25	23	28	21	35	27	33	26	36	22	27	32	35	39	40	35	30	38	40	40	36	38	34	30	38	26	32	35	20	39	35	38	35	23	33	26	31	34	28	27	32	21	23	25	25	24	35	26	36	22	35	31	32	24	36	23	23	33	38	35	28	21	21	33	20	22	30	20	32	37	23	38	26	21	35	29	27	32	39	27	20	37	26	25	32	28	25	29	30	33	22	29	22	27	40	40	24	21	25	38	32	33	21	23	20	27	29	21	23	31	22	29	22	23	28	29	37	40	40	39	39	29	23	38	37	27	39	38	35	38	26	31	22	36	33	30	26	33	25	26	33	23	35	31	26	30	21	34	35	39	35	39	30	30	30	25	32	40	37	32	38	24	31	38	33	22	36	28	39	21	26	30	23	24	27	39	40	27	39	39	23	23	38	21	38	24	35	24	34	36	29	36	27	26	37	31	30	35	33	39	24	40	23	32	22	37	39	38	30	35	21	30	20	34	24	32	30	20	40	27	39	32	21	39	38	29	29	36	33	27	36	40	31	32	20	35	22	36	22	34	25	31	34	33	31	34	24	35	25	35	37	34	32	34	23	29	28	33	23	25	23	24	27	29	38	20	26	35	39	37	33	39	31	36	35	32	36	24	35	29	40	36	28	34	35	34	32	37	27	28	30	38	36	33	38	28	27	33	27	22	38	35	39	31	35	32	20	40	28	34	28	29	39	32	26	27	21	25	32	22	29	35	35	31	21	35	33	27	31	40	31	37	27	20	23	38	32	22	36	35	29	33	26	32	23	39	20	21	31	37	34	23	25	31	25	39	31	35	28	38	32	40	24	29	27	33	39	22	35	22	21	24	40	29	26	22	35	40	28	39	38	40	33	40	25	29	27	38	36	40	22	33	29	25	22	26	25	37	20	32	24	27	32	32	32	25	20	20	26	36	26	34	30	40	35	31	22	
26	14	40	17	23	41	26	27	40	21	31	33	24	44	27	18	50	22	37	29	38	44	42	38	47	29	16	30	49	35	18	16	24	40	19	15	27	36	37	21	26	33	35	17	43	33	26	46	35	21	22	10	42	16	27	46	15	11	33	25	44	11	28	17	10	40	26	36	38	38	22	17	36	31	43	47	44	23	50	20	26	42	14	12	34	18	30	23	35	20	11	24	23	20	27	12	29	30	37	20	48	30	11	17	14	22	23	32	34	16	25	12	15	21	20	18	36	43	42	19	50	48	13	11	44	15	12	42	33	17	34	49	49	18	32	42	33	41	25	45	35	42	23	15	17	45	41	29	32	16	39	25	11	11	24	34	16	45	34	25	15	26	32	41	47	20	33	12	16	43	14	13	40	12	20	19	24	18	11	43	47	36	21	32	15	15	34	45	45	33	49	25	20	23	40	19	34	19	22	48	48	45	23	41	32	24	15	23	19	27	10	34	12	26	44	40	22	28	10	33	31	47	26	34	50	24	16	32	43	21	38	20	19	31	17	47	45	35	16	20	25	40	39	21	12	44	49	40	38	33	42	32	41	10	44	27	48	45	50	23	39	44	18	31	37	50	14	22	42	29	22	41	18	48	23	25	28	33	21	23	23	28	15	41	16	30	40	19	27	20	18	32	32	11	42	18	11	34	14	39	16	21	50	13	39	19	42	38	36	50	33	29	24	46	50	50	20	33	11	42	21	47	10	18	19	31	27	37	46	50	14	16	41	20	49	31	30	40	33	20	17	11	50	10	42	46	25	20	47	33	40	32	14	10	26	45	10	37	22	45	45	46	15	35	50	50	27	24	38	15	35	10	15	23	40	38	19	20	29	22	29	38	10	45	19	16	40	30	11	35	34	44	30	25	41	37	27	45	33	32	23	31	46	32	34	21	12	31	12	48	38	40	40	42	13	38	38	31	43	48	14	43	23	14	27	24	34	22	12	44	25	27	49	24	35	46	27	19	45	21	43	22	42	49	12	41	47	12	46	30	11	16	43	35	37	16	50	19	18	23	12	40	20	20	10	17	50	50	48	25	25	49	23	42	49	24	21	21	37	31	24	29	25	48	40	35	43	12	26	35	25	38	19	31	49	42	20	10	48	27	27	14	33	15	17	50	17	14	49	28	25	22	38	44	43	21	29	43	30	21	36	39	14	18	49	42	38	42	21	26	48	27	41	11	28	10	49	12	45	41	38	38	17	50	40	50	42	40	34	32	26	26	38	45	50	36	19	47	36	22	37	42	30	33	43	23	34	16	20	16	50	34	20	27	23	31	11	13	10	22	47	29	11	25	17	20	34	10	27	14	10	13	10	22	19	34	32	25	33	33	36	16	40	14	44	50	49	39	49	40	47	10	42	49	11	11	28	30	31	13	24	49	41	14	45	34	16	40	48	24	43	20	48	50	46	15	28	42	46	33	24	15	29	35	11	16	16	14	30	10	23	45	16	36	46	50	13	42	19	34	17	46	29	41	30	11	43	44	27	11	29	45	31	36	37	47	19	30	42	45	31	47	37	47	14	23	42	47	10	23	26	23	28	23	32	14	47	46	41	44	35	21	31	26	31	46	47	37	49	15	40	34	21	35	29	19	13	44	28	27	28	32	24	22	33	45	10	12	10	41	38	13	25	40	35	15	40	43	18	13	34	45	17	33	26	40	41	43	24	24	44	33	50	46	33	41	13	14	13	35	14	11	33	35	30	50	33	45	39	11	29	32	16	38	31	31	37	20	29	28	12	11	25	14	50	38	40	28	35	10	47	33	20	45	34	41	41	50	31	25	22	39	48	29	50	17	31	20	27	39	20	47	20	20	44	43	20	17	25	25	39	17	39	47	34	12	49	48	25	34	30	37	43	29	42	18	39	32	24	42	22	32	37	18	11	37	25	46	24	38	13	15	19	19	21	17	48	35	45	40	14	39	45	40	45	38	10	49	47	25	20	36	21	47	13	14	28	36	27	48	47	46	37	37	29	46	49	36	13	15	21	15	31	50	27	49	30	23	42	21	25	34	26	13	23	28	31	26	45	15	40	48	39	46	31	10	22	19	50	44	26	41	17	39	29	34	33	39	43	18	23	27	38	13	32	44	37	21	15	46	45	40	31	27	15	15	25	40	11	16	14	41	29	46	41	37	31	14	11	34	36	21	35	39	19	41	22	40	27	11	15	40	21	45	49	37	40	40	38	43	
0.5
80
