735
50
0	0	0	0	0	0	0	0	0	0	0	0	0	0	0	0	0	0	0	0	0	0	0	0	0	0	0	0	0	48	0	0	0	0	0	0	0	0	0	0	0	0	0	0	0	0	0	0	96	0	
0	0	0	0	0	0	0	0	0	0	0	500	0	0	0	0	96	0	0	0	0	0	0	0	0	0	0	0	0	0	0	0	0	0	0	0	0	0	0	0	0	0	192	0	0	0	0	0	0	48	
0	0	0	0	0	0	0	0	0	0	0	0	0	0	0	0	0	0	96	0	0	0	500	0	0	0	0	0	0	0	0	0	0	0	0	0	0	0	0	0	0	0	0	0	0	0	0	0	0	0	
0	0	0	0	0	0	48	0	0	0	0	0	0	0	0	0	0	0	0	0	0	0	48	0	0	0	0	0	0	0	0	0	0	0	0	0	0	0	0	0	0	0	0	0	0	0	0	0	0	0	
0	0	0	0	0	0	0	0	0	0	0	0	0	0	0	0	0	0	0	0	0	0	0	0	0	0	0	0	0	0	48	0	0	0	0	0	0	0	0	0	0	0	0	0	0	0	0	0	0	500	
0	0	0	0	0	0	0	0	0	0	0	0	0	0	0	0	0	0	0	0	0	0	0	0	0	192	0	192	0	0	0	0	0	0	0	0	0	0	0	0	0	0	0	0	0	0	0	0	0	0	
0	0	0	48	0	0	0	0	0	0	0	0	0	0	0	0	0	0	0	0	0	0	0	0	0	0	0	0	0	0	0	0	0	0	0	0	0	0	0	0	0	0	0	0	0	0	0	500	0	0	
0	0	0	0	0	0	0	0	0	0	0	0	0	0	0	0	0	0	0	0	0	0	0	0	0	0	0	0	0	0	0	0	0	0	0	0	0	0	0	0	0	0	0	192	96	0	0	0	0	0	
0	0	0	0	0	0	0	0	0	96	0	0	0	0	0	0	0	0	0	0	0	0	0	0	0	0	0	0	192	0	192	0	0	0	0	0	96	0	0	0	0	0	0	0	0	0	0	0	0	0	
0	0	0	0	0	0	0	0	96	0	0	0	0	0	0	0	0	0	0	0	0	0	0	0	0	0	0	0	48	0	0	0	0	0	0	0	192	0	0	0	0	0	0	0	0	0	0	0	0	0	
0	0	0	0	0	0	0	0	0	0	0	0	0	192	0	0	0	0	0	0	48	0	0	0	0	0	0	0	0	0	0	0	0	0	0	0	0	0	0	0	0	0	0	0	0	0	0	0	0	0	
0	500	0	0	0	0	0	0	0	0	0	0	0	0	0	0	500	0	0	0	0	0	0	0	0	0	0	0	0	0	0	0	0	0	0	0	0	0	0	0	96	0	0	0	0	0	0	0	0	0	
0	0	0	0	0	0	0	0	0	0	0	0	0	0	0	0	0	0	0	0	0	0	0	96	0	0	0	0	0	0	0	0	0	0	0	0	0	48	0	0	0	48	0	0	0	0	0	0	0	0	
0	0	0	0	0	0	0	0	0	0	192	0	0	0	0	0	0	0	0	192	0	0	0	0	0	0	0	0	0	0	0	0	0	0	0	0	0	0	0	0	0	0	0	0	0	0	0	0	0	0	
0	0	0	0	0	0	0	0	0	0	0	0	0	0	0	0	0	0	0	0	0	500	0	0	0	0	0	0	0	0	0	96	0	0	0	0	0	500	0	0	0	0	0	0	0	0	0	0	0	0	
0	0	0	0	0	0	0	0	0	0	0	0	0	0	0	0	0	0	0	0	0	0	0	0	0	0	0	0	0	0	0	0	0	0	0	0	0	0	0	0	48	0	0	0	0	0	0	192	0	0	
0	96	0	0	0	0	0	0	0	0	0	500	0	0	0	0	0	0	0	0	0	0	0	0	0	0	0	0	0	0	0	0	0	0	0	0	0	0	0	0	0	0	0	0	0	0	0	0	0	0	
0	0	0	0	0	0	0	0	0	0	0	0	0	0	0	0	0	0	0	0	0	0	0	0	0	0	0	0	0	0	0	0	0	0	0	0	500	0	192	96	0	0	0	192	0	0	0	0	0	0	
0	0	96	0	0	0	0	0	0	0	0	0	0	0	0	0	0	0	0	0	0	0	500	0	0	0	0	0	0	0	0	0	0	0	0	0	0	0	0	0	0	0	0	0	0	0	0	0	0	0	
0	0	0	0	0	0	0	0	0	0	0	0	0	192	0	0	0	0	0	0	0	0	0	0	0	0	0	0	0	0	0	0	500	0	0	0	0	0	0	0	0	48	0	0	0	0	0	0	0	0	
0	0	0	0	0	0	0	0	0	0	48	0	0	0	0	0	0	0	0	0	0	0	0	0	0	0	0	0	0	0	0	0	48	0	0	0	0	0	0	0	0	0	0	0	0	0	0	0	0	0	
0	0	0	0	0	0	0	0	0	0	0	0	0	0	500	0	0	0	0	0	0	0	0	0	0	0	0	0	0	0	0	0	0	0	192	0	0	0	0	48	0	0	0	0	0	0	0	0	48	0	
0	0	500	48	0	0	0	0	0	0	0	0	0	0	0	0	0	0	500	0	0	0	0	0	0	0	0	0	0	0	0	0	0	0	0	0	0	0	0	0	0	0	0	0	0	0	0	0	0	0	
0	0	0	0	0	0	0	0	0	0	0	0	96	0	0	0	0	0	0	0	0	0	0	0	0	0	0	192	0	0	0	0	0	0	0	0	0	0	0	0	0	0	0	0	0	0	0	0	0	0	
0	0	0	0	0	0	0	0	0	0	0	0	0	0	0	0	0	0	0	0	0	0	0	0	0	0	0	0	0	0	0	48	0	0	0	0	0	0	192	0	96	0	192	0	0	0	0	0	0	0	
0	0	0	0	0	192	0	0	0	0	0	0	0	0	0	0	0	0	0	0	0	0	0	0	0	0	0	48	0	500	0	0	0	0	0	500	0	0	0	0	0	0	0	0	0	0	0	0	0	0	
0	0	0	0	0	0	0	0	0	0	0	0	0	0	0	0	0	0	0	0	0	0	0	0	0	0	0	0	0	0	0	0	0	0	48	0	0	0	0	0	0	0	0	0	0	48	0	0	0	0	
0	0	0	0	0	192	0	0	0	0	0	0	0	0	0	0	0	0	0	0	0	0	0	192	0	48	0	0	0	0	0	0	0	0	0	0	0	0	0	0	0	0	0	0	0	0	0	0	0	0	
0	0	0	0	0	0	0	0	192	48	0	0	0	0	0	0	0	0	0	0	0	0	0	0	0	0	0	0	0	0	0	0	0	0	0	0	0	0	0	0	0	0	0	0	0	0	0	0	0	0	
48	0	0	0	0	0	0	0	0	0	0	0	0	0	0	0	0	0	0	0	0	0	0	0	0	500	0	0	0	0	0	0	0	0	0	0	0	0	0	0	0	0	0	0	0	0	0	0	0	0	
0	0	0	0	48	0	0	0	192	0	0	0	0	0	0	0	0	0	0	0	0	0	0	0	0	0	0	0	0	0	0	0	0	0	0	0	0	0	0	0	0	0	0	0	0	0	0	0	0	0	
0	0	0	0	0	0	0	0	0	0	0	0	0	0	96	0	0	0	0	0	0	0	0	0	48	0	0	0	0	0	0	0	0	0	0	0	0	0	0	0	0	0	192	0	0	0	0	0	0	0	
0	0	0	0	0	0	0	0	0	0	0	0	0	0	0	0	0	0	0	500	48	0	0	0	0	0	0	0	0	0	0	0	0	0	0	0	0	0	0	0	0	0	0	0	0	0	0	0	0	0	
0	0	0	0	0	0	0	0	0	0	0	0	0	0	0	0	0	0	0	0	0	0	0	0	0	0	0	0	0	0	0	0	0	0	500	96	0	0	0	0	0	0	0	0	0	0	0	0	0	0	
0	0	0	0	0	0	0	0	0	0	0	0	0	0	0	0	0	0	0	0	0	192	0	0	0	0	48	0	0	0	0	0	0	500	0	0	0	0	0	0	0	0	0	0	0	0	0	0	0	0	
0	0	0	0	0	0	0	0	0	0	0	0	0	0	0	0	0	0	0	0	0	0	0	0	0	500	0	0	0	0	0	0	0	96	0	0	0	0	0	0	0	0	0	0	0	0	48	0	0	0	
0	0	0	0	0	0	0	0	96	192	0	0	0	0	0	0	0	500	0	0	0	0	0	0	0	0	0	0	0	0	0	0	0	0	0	0	0	0	0	0	0	0	0	0	0	0	0	0	0	0	
0	0	0	0	0	0	0	0	0	0	0	0	48	0	500	0	0	0	0	0	0	0	0	0	0	0	0	0	0	0	0	0	0	0	0	0	0	0	0	0	0	0	0	0	0	0	0	0	0	0	
0	0	0	0	0	0	0	0	0	0	0	0	0	0	0	0	0	192	0	0	0	0	0	0	192	0	0	0	0	0	0	0	0	0	0	0	0	0	0	0	0	0	0	0	0	0	0	0	0	0	
0	0	0	0	0	0	0	0	0	0	0	0	0	0	0	0	0	96	0	0	0	48	0	0	0	0	0	0	0	0	0	0	0	0	0	0	0	0	0	0	0	0	0	0	0	0	0	0	0	0	
0	0	0	0	0	0	0	0	0	0	0	96	0	0	0	48	0	0	0	0	0	0	0	0	96	0	0	0	0	0	0	0	0	0	0	0	0	0	0	0	0	0	0	0	0	0	0	0	0	0	
0	0	0	0	0	0	0	0	0	0	0	0	48	0	0	0	0	0	0	48	0	0	0	0	0	0	0	0	0	0	0	0	0	0	0	0	0	0	0	0	0	0	0	0	0	0	0	0	0	0	
0	192	0	0	0	0	0	0	0	0	0	0	0	0	0	0	0	0	0	0	0	0	0	0	192	0	0	0	0	0	0	192	0	0	0	0	0	0	0	0	0	0	0	0	0	0	0	0	0	0	
0	0	0	0	0	0	0	192	0	0	0	0	0	0	0	0	0	192	0	0	0	0	0	0	0	0	0	0	0	0	0	0	0	0	0	0	0	0	0	0	0	0	0	0	0	0	0	0	0	0	
0	0	0	0	0	0	0	96	0	0	0	0	0	0	0	0	0	0	0	0	0	0	0	0	0	0	0	0	0	0	0	0	0	0	0	0	0	0	0	0	0	0	0	0	0	0	96	0	0	0	
0	0	0	0	0	0	0	0	0	0	0	0	0	0	0	0	0	0	0	0	0	0	0	0	0	0	48	0	0	0	0	0	0	0	0	0	0	0	0	0	0	0	0	0	0	0	0	0	0	0	
0	0	0	0	0	0	0	0	0	0	0	0	0	0	0	0	0	0	0	0	0	0	0	0	0	0	0	0	0	0	0	0	0	0	0	48	0	0	0	0	0	0	0	0	96	0	0	0	0	0	
0	0	0	0	0	0	500	0	0	0	0	0	0	0	0	192	0	0	0	0	0	0	0	0	0	0	0	0	0	0	0	0	0	0	0	0	0	0	0	0	0	0	0	0	0	0	0	0	0	0	
96	0	0	0	0	0	0	0	0	0	0	0	0	0	0	0	0	0	0	0	0	48	0	0	0	0	0	0	0	0	0	0	0	0	0	0	0	0	0	0	0	0	0	0	0	0	0	0	0	0	
0	48	0	0	500	0	0	0	0	0	0	0	0	0	0	0	0	0	0	0	0	0	0	0	0	0	0	0	0	0	0	0	0	0	0	0	0	0	0	0	0	0	0	0	0	0	0	0	0	0	
28	24	44	12	15	6	29	9	28	35	6	11	41	23	7	43	33	4	35	7	38	30	11	31	35	4	34	12	6	37	34	35	17	47	10	10	40	22	46	24	27	48	7	2	13	20	15	2	36	6	35	28	25	15	47	27	2	28	27	14	6	44	0	25	49	18	21	21	45	37	37	43	42	5	3	31	14	2	39	30	29	16	0	11	23	4	10	42	14	21	22	3	16	29	2	49	16	36	35	27	42	49	8	29	48	20	38	46	4	35	4	27	2	31	21	8	6	0	40	8	44	31	7	28	8	7	31	8	10	35	42	46	36	23	1	17	20	28	2	16	39	35	18	25	13	35	40	49	16	34	13	44	4	42	10	41	7	43	31	3	37	13	0	42	18	45	22	23	30	46	35	5	43	36	38	24	21	25	49	18	46	38	37	12	31	20	2	23	24	5	25	14	39	5	17	33	32	12	49	46	39	38	31	14	26	4	6	6	31	37	36	31	32	47	34	13	3	31	26	24	45	7	19	43	40	7	19	1	33	8	2	35	4	22	45	23	44	38	29	21	5	18	28	4	3	10	30	15	8	41	24	43	0	35	22	20	32	4	27	46	12	49	27	24	15	12	19	1	39	38	33	19	29	20	48	3	15	41	1	32	5	15	3	14	25	36	10	46	21	30	19	0	45	33	44	12	29	26	12	31	3	35	39	32	33	22	6	12	42	8	19	32	20	39	2	18	32	25	6	22	35	15	2	13	41	12	31	30	25	46	46	11	24	13	43	27	3	28	7	11	27	43	42	29	8	42	31	23	25	38	34	28	45	12	16	17	37	33	44	48	39	22	47	6	30	38	16	2	1	35	28	20	42	13	46	42	47	44	14	11	16	21	3	48	27	49	37	30	45	14	25	29	14	36	23	34	27	44	16	42	32	8	25	19	30	35	39	33	25	25	11	13	9	28	21	48	6	47	5	16	20	38	30	40	42	38	32	46	7	29	36	29	5	33	40	42	15	5	43	39	34	1	43	31	47	38	29	30	38	18	28	25	22	35	37	15	30	10	14	22	44	27	32	45	28	7	47	6	39	26	2	6	15	24	35	32	5	2	33	6	15	33	46	7	6	25	16	35	36	20	46	45	11	36	47	40	41	14	37	24	8	47	38	20	44	24	15	12	23	2	42	27	29	20	2	12	16	38	45	49	35	32	16	15	34	22	3	46	20	19	37	48	15	14	45	45	44	3	36	6	9	38	14	44	4	14	20	22	25	7	30	27	34	14	33	33	22	37	43	31	5	22	17	44	0	48	45	32	39	9	9	30	21	10	8	37	14	13	25	37	24	0	13	14	41	48	5	47	31	30	41	9	4	24	22	28	20	12	46	11	39	8	40	33	17	0	30	26	33	19	7	39	39	32	18	45	31	16	22	40	21	47	22	48	25	4	25	48	17	24	6	1	49	16	21	33	5	8	21	23	21	31	24	28	43	19	37	36	11	18	28	45	30	41	44	30	44	16	0	6	33	15	1	34	13	17	44	26	24	17	39	47	34	31	34	4	27	27	26	36	39	22	45	10	0	10	28	4	16	25	39	32	43	2	21	10	4	9	34	47	3	42	11	13	46	0	13	49	17	22	45	44	40	24	31	36	41	20	20	4	0	11	16	46	19	35	24	43	46	44	44	12	28	1	25	
40	26	31	48	27	5	36	33	47	20	1	1	16	1	14	34	26	49	35	3	44	33	31	12	20	49	31	25	6	11	2	31	29	46	29	42	7	22	6	48	10	35	24	23	22	28	42	43	44	9	4	42	40	44	33	33	18	12	14	46	49	16	12	29	15	32	4	25	34	41	18	0	34	14	2	26	18	42	47	5	20	44	21	19	48	0	34	8	42	13	6	47	45	36	42	0	7	37	33	15	4	30	36	25	47	26	10	28	12	31	9	25	1	41	32	21	44	17	10	7	18	23	1	34	35	23	30	26	49	32	26	30	9	21	48	24	9	4	44	48	47	28	35	1	30	18	44	17	22	15	37	14	23	8	25	37	13	43	39	10	36	31	10	6	41	3	18	31	12	2	46	20	33	19	21	2	15	44	19	23	40	10	9	45	48	38	40	12	6	35	45	4	10	37	12	11	28	43	2	47	34	2	26	31	30	23	10	14	49	3	15	9	28	22	2	6	23	47	4	8	23	13	43	11	13	3	6	45	30	23	14	26	17	8	27	13	17	5	10	6	10	47	44	27	26	3	10	45	38	37	11	10	26	48	39	13	22	11	38	11	7	33	28	18	39	21	42	2	16	5	14	44	9	10	14	42	45	19	41	32	23	10	37	20	6	6	46	46	31	32	0	11	1	37	22	41	42	24	31	16	24	20	0	47	36	25	36	27	46	8	7	34	18	0	9	41	22	8	40	27	17	1	1	30	21	21	20	31	4	39	5	9	33	20	29	34	20	32	20	30	19	18	34	36	35	41	37	4	4	4	48	44	40	0	36	18	47	21	36	6	0	30	39	46	35	6	9	39	4	46	41	21	12	37	48	8	0	21	30	15	43	11	44	14	42	32	47	11	20	5	26	16	24	1	11	47	8	32	33	31	14	19	11	16	47	31	43	16	39	39	32	23	48	49	23	37	33	0	11	27	0	23	36	15	1	2	45	13	13	13	29	10	25	3	6	2	4	20	27	30	29	13	19	13	49	2	29	48	22	4	5	34	15	11	40	35	27	5	5	44	8	18	40	31	34	32	2	48	41	38	30	34	47	46	3	5	37	23	39	35	39	29	39	18	39	37	34	30	26	7	48	12	36	33	24	42	31	25	25	20	1	19	42	30	19	40	24	16	3	12	27	29	7	28	4	29	18	5	42	18	26	45	17	31	7	9	10	12	27	0	37	20	45	33	7	34	3	11	44	45	45	4	38	2	22	1	13	3	26	11	10	17	37	37	40	23	49	48	40	10	33	8	45	0	49	14	37	2	47	11	40	48	36	19	30	18	8	33	40	39	41	12	44	27	19	1	9	21	5	33	7	38	7	19	27	29	7	14	22	14	23	10	36	42	4	5	34	48	42	27	31	43	23	7	8	2	14	23	2	27	33	18	23	29	10	49	44	8	45	17	24	26	43	42	27	26	8	1	38	26	36	15	10	14	14	14	26	42	32	4	12	24	12	4	27	19	34	18	22	21	39	24	19	36	33	9	39	38	42	7	5	5	49	18	4	20	10	19	26	15	1	27	46	16	16	24	33	45	8	9	19	20	33	39	1	14	5	27	34	45	33	22	43	35	23	3	8	29	17	40	0	7	13	46	18	21	41	32	16	5	22	26	47	7	2	45	28	12	32	34	2	14	40	2	15	
39	30	32	33	37	27	30	34	27	22	32	22	31	27	26	33	24	33	29	40	27	39	23	32	34	35	22	37	36	31	20	36	39	23	23	36	23	22	21	25	28	21	39	21	34	38	36	30	25	40	38	27	29	39	25	21	28	28	27	30	30	33	37	40	27	28	24	28	28	30	30	36	38	25	33	28	24	20	21	33	40	20	27	28	39	27	26	32	28	38	31	22	35	22	20	23	27	37	27	27	22	37	22	37	32	27	23	40	20	26	39	25	23	29	35	20	40	34	27	20	40	40	39	38	34	33	25	38	34	24	35	22	31	36	38	23	22	33	28	30	40	31	40	29	20	39	39	27	22	32	23	29	40	36	29	24	40	22	24	24	28	27	27	23	23	33	33	32	28	27	23	37	27	22	40	33	31	35	36	23	33	34	22	27	38	25	30	23	26	24	27	26	33	20	32	24	32	27	34	30	38	25	29	22	25	24	26	33	37	36	32	25	34	40	24	24	21	40	28	26	34	24	40	26	39	28	37	22	34	38	30	37	30	24	21	35	40	32	34	33	22	22	29	28	24	21	24	30	25	25	33	21	26	36	38	40	23	38	29	27	26	23	20	32	21	25	26	24	28	37	37	35	32	25	20	22	40	24	30	27	22	29	31	30	27	37	27	37	25	21	37	40	34	38	40	40	39	26	24	33	34	30	21	28	24	33	28	23	33	23	29	23	35	35	38	31	28	20	37	33	27	37	35	23	21	26	37	35	30	33	31	30	35	34	31	34	36	36	25	34	35	36	22	21	36	37	24	25	20	33	27	23	22	39	36	22	31	36	30	21	22	38	27	25	36	32	25	36	26	27	21	30	29	27	36	26	27	21	36	34	28	27	27	38	26	31	22	31	22	30	29	27	24	28	26	28	27	24	24	38	30	21	35	40	40	38	33	24	21	33	23	23	35	21	35	34	29	29	27	39	40	23	36	36	26	37	37	21	26	30	31	34	40	35	22	20	37	27	26	20	23	38	29	39	24	21	26	24	32	30	33	35	27	34	21	22	29	34	31	20	39	29	37	20	26	34	22	28	34	20	23	29	22	30	35	39	23	28	30	27	30	26	32	29	35	22	36	31	28	28	40	20	34	33	39	34	34	40	32	38	34	30	40	40	24	26	40	32	20	40	32	32	26	33	27	31	27	28	33	22	35	30	36	39	38	21	23	38	35	30	29	33	20	23	22	29	39	28	26	27	27	29	21	21	21	39	31	35	37	22	40	33	33	32	25	37	20	34	31	39	31	31	23	21	33	25	32	40	31	35	26	20	35	35	37	36	39	26	26	37	38	24	38	34	21	29	24	24	38	30	24	20	27	36	28	34	39	28	36	33	23	30	37	36	35	30	21	33	20	40	25	28	38	27	33	38	37	39	33	31	30	34	36	27	35	30	32	33	26	32	30	26	36	28	32	26	23	20	21	35	20	26	23	30	34	24	22	23	22	34	27	27	40	27	33	40	25	40	36	34	31	29	20	21	33	36	24	31	40	40	25	40	21	31	36	40	28	35	33	39	38	28	25	25	40	21	39	35	22	30	25	32	37	25	28	20	29	37	28	31	40	25	26	40	34	26	35	31	33	30	23	27	26	32	36	31	24	36	24	35	31	35	38	33	30	25	20	20	25	38	33	27	35	39	20	
41	39	35	27	28	40	30	12	23	30	48	40	30	23	26	21	20	41	29	25	22	35	42	27	14	19	13	12	22	30	41	18	39	10	27	30	33	13	13	25	12	35	29	42	14	14	36	15	41	13	47	41	21	41	38	43	34	38	32	22	28	22	14	50	13	11	38	42	32	32	15	43	50	22	48	11	31	45	48	25	49	46	28	16	34	33	47	40	47	39	35	31	12	37	42	44	28	13	49	37	32	11	40	18	43	32	27	10	12	31	36	37	11	46	46	37	33	43	49	23	26	11	25	12	12	23	33	24	40	24	50	18	37	14	38	17	48	11	30	46	37	45	38	50	45	45	39	44	49	18	42	47	11	34	10	11	43	20	23	45	46	31	13	41	45	46	20	33	19	32	13	40	22	42	18	21	45	40	22	26	14	29	32	12	48	15	26	42	20	47	20	30	11	24	42	48	21	47	18	28	36	50	31	17	12	13	17	45	38	11	33	23	47	24	40	37	11	25	30	37	31	21	37	35	14	33	45	42	44	48	13	18	32	15	25	30	23	19	37	13	32	37	46	31	33	10	23	31	28	21	46	20	22	13	23	31	20	16	35	38	38	13	27	47	37	37	15	45	35	25	38	20	31	36	40	23	49	49	37	22	25	33	45	17	10	21	23	33	35	42	44	42	41	47	41	48	14	34	15	34	20	22	31	32	34	28	30	45	12	48	12	42	30	50	17	29	23	34	27	46	15	28	10	25	18	23	28	45	43	34	24	42	26	39	39	30	45	11	13	46	18	45	19	13	17	29	16	43	44	41	25	43	39	36	29	11	16	13	26	41	16	28	15	21	42	23	44	50	31	23	13	24	13	31	50	33	14	41	40	41	11	31	29	39	40	24	50	38	23	48	40	43	13	44	17	38	40	47	34	44	19	46	33	42	46	44	26	24	38	25	45	46	21	44	22	46	47	20	45	13	14	42	28	31	29	41	44	45	50	35	15	16	26	36	30	23	48	23	27	50	12	29	38	45	30	26	25	38	25	14	13	15	34	17	44	12	30	15	28	45	47	39	34	11	47	23	19	22	50	48	18	34	46	42	32	38	43	49	28	20	21	45	40	18	31	22	28	39	13	21	16	13	35	27	47	45	40	36	20	44	48	26	38	31	25	12	39	12	27	29	12	15	41	30	34	34	11	35	44	14	34	23	13	35	36	27	10	17	18	34	25	29	15	37	17	14	36	10	10	31	10	28	31	20	32	20	17	46	21	47	39	13	32	21	42	10	31	30	28	46	12	46	45	25	41	29	29	38	35	25	16	36	48	12	25	24	50	32	20	50	17	22	18	10	29	25	41	27	18	24	33	31	26	29	31	13	21	32	36	26	27	23	20	14	47	11	25	24	42	38	47	20	46	23	30	29	23	44	10	16	36	47	13	29	27	45	35	30	22	43	36	33	11	25	12	38	22	47	12	34	32	43	47	18	23	49	29	32	43	25	35	25	39	40	33	44	10	50	49	17	40	44	12	32	33	20	22	41	19	34	40	36	40	28	10	50	36	37	14	35	23	38	16	43	43	50	22	48	24	35	11	28	30	41	17	37	17	47	24	17	19	12	17	27	40	32	22	49	50	37	49	50	49	33	23	18	46	24	12	16	32	38	18	29	32	46	31	21	32	13	39	31	45	43	47	
0.5
60
