612
50
0	0	0	500	0	0	0	0	0	0	0	0	0	0	0	0	0	0	0	0	0	0	0	0	0	0	0	0	0	0	0	0	0	0	0	0	0	0	0	0	0	0	0	0	0	0	0	0	0	192	
0	0	0	0	0	0	0	0	0	0	0	192	0	0	192	0	0	0	0	0	0	96	0	0	0	0	0	0	0	0	0	0	0	0	0	0	0	0	0	0	0	0	0	0	0	0	0	0	0	0	
0	0	0	0	0	0	0	0	0	0	0	0	0	0	0	0	0	0	0	0	0	0	192	0	0	0	0	0	0	0	0	500	0	0	0	0	0	0	0	0	0	0	0	0	0	48	0	0	0	500	
500	0	0	0	0	48	0	0	0	0	0	0	0	0	0	0	0	0	0	0	0	0	0	0	0	0	0	0	0	0	0	0	0	0	0	0	0	0	0	0	0	0	0	0	0	0	0	0	0	0	
0	0	0	0	0	0	0	0	0	0	0	0	0	500	0	0	0	0	0	0	0	0	0	0	0	0	0	0	0	0	0	0	0	48	0	0	0	0	0	0	0	0	0	0	0	0	0	0	0	0	
0	0	0	48	0	0	0	0	0	0	0	0	0	0	0	0	0	0	0	0	0	0	0	0	0	0	0	0	0	0	0	0	0	0	192	0	0	0	0	0	0	0	0	0	0	0	0	0	0	0	
0	0	0	0	0	0	0	0	0	192	0	0	0	0	0	0	0	0	0	0	0	0	0	0	0	0	0	0	0	0	0	0	0	0	0	0	0	0	192	0	0	0	0	0	0	48	0	0	48	0	
0	0	0	0	0	0	0	0	0	0	0	0	0	0	0	0	0	0	0	0	0	0	0	0	0	0	500	0	0	0	0	0	0	0	0	0	0	0	0	0	0	0	48	0	0	0	0	0	0	0	
0	0	0	0	0	0	0	0	0	0	0	0	500	0	0	0	0	0	0	0	0	0	0	0	0	0	0	0	0	0	0	0	0	0	0	0	0	0	0	0	0	48	0	0	0	0	0	0	0	0	
0	0	0	0	0	0	192	0	0	0	0	0	0	0	0	0	0	0	0	0	0	0	0	0	0	0	0	0	0	0	0	192	0	0	0	0	0	0	0	0	0	0	0	0	0	500	0	0	0	0	
0	0	0	0	0	0	0	0	0	0	0	0	0	0	0	0	0	0	0	0	0	0	0	0	0	0	0	0	0	0	0	0	192	0	0	0	0	0	0	0	192	0	0	0	0	0	0	0	0	0	
0	192	0	0	0	0	0	0	0	0	0	0	0	0	0	0	0	0	0	500	0	0	0	0	0	0	0	0	0	0	0	0	0	0	0	0	0	0	0	0	0	0	0	0	0	0	0	0	0	0	
0	0	0	0	0	0	0	0	500	0	0	0	0	0	0	0	0	0	0	0	0	0	0	0	0	0	0	0	0	0	0	0	0	0	0	0	0	0	0	0	0	0	0	0	0	0	96	0	0	0	
0	0	0	0	500	0	0	0	0	0	0	0	0	0	0	0	0	0	0	0	0	0	0	0	500	0	0	0	0	0	0	0	0	0	0	0	0	48	0	0	0	0	0	0	0	0	0	0	0	0	
0	192	0	0	0	0	0	0	0	0	0	0	0	0	0	0	0	96	0	0	0	0	0	0	0	0	0	0	0	0	0	0	0	0	0	0	500	0	0	0	0	0	0	0	0	0	0	0	0	0	
0	0	0	0	0	0	0	0	0	0	0	0	0	0	0	0	96	0	0	500	0	0	0	0	0	0	96	0	0	0	0	0	0	0	0	0	0	0	0	0	0	0	0	0	0	0	0	0	0	0	
0	0	0	0	0	0	0	0	0	0	0	0	0	0	0	96	0	0	0	0	0	0	0	0	0	0	192	0	0	0	0	0	0	0	0	0	0	0	0	0	0	0	0	0	0	0	0	0	0	0	
0	0	0	0	0	0	0	0	0	0	0	0	0	0	96	0	0	0	0	0	0	0	0	0	0	0	0	0	0	0	0	0	0	0	0	0	96	0	0	0	0	0	0	0	0	0	500	0	0	0	
0	0	0	0	0	0	0	0	0	0	0	0	0	0	0	0	0	0	0	0	0	0	0	0	0	96	0	48	0	0	0	0	0	0	0	0	0	0	0	0	0	0	0	0	0	0	0	0	0	0	
0	0	0	0	0	0	0	0	0	0	0	500	0	0	0	500	0	0	0	0	0	0	0	0	0	0	0	0	0	0	0	0	0	0	0	0	0	0	0	0	0	0	0	0	0	0	0	0	0	0	
0	0	0	0	0	0	0	0	0	0	0	0	0	0	0	0	0	0	0	0	0	0	0	0	0	0	48	0	0	0	0	0	0	0	0	0	0	0	0	0	0	0	96	0	0	0	0	0	0	0	
0	96	0	0	0	0	0	0	0	0	0	0	0	0	0	0	0	0	0	0	0	0	0	0	0	0	0	0	0	0	0	0	0	0	0	0	0	0	0	0	0	48	0	0	0	0	0	0	0	0	
0	0	192	0	0	0	0	0	0	0	0	0	0	0	0	0	0	0	0	0	0	0	0	0	0	0	0	0	500	0	0	0	0	0	0	0	0	0	0	0	0	0	0	0	0	0	0	0	0	0	
0	0	0	0	0	0	0	0	0	0	0	0	0	0	0	0	0	0	0	0	0	0	0	0	0	0	0	0	0	96	0	0	0	0	0	0	0	0	0	0	0	192	0	0	0	0	0	0	0	0	
0	0	0	0	0	0	0	0	0	0	0	0	0	500	0	0	0	0	0	0	0	0	0	0	0	0	0	0	0	0	0	0	0	0	0	0	0	500	0	0	0	0	192	0	0	0	0	192	0	0	
0	0	0	0	0	0	0	0	0	0	0	0	0	0	0	0	0	0	96	0	0	0	0	0	0	0	0	192	0	0	0	0	0	0	0	0	0	0	0	96	0	0	0	0	0	0	0	0	0	0	
0	0	0	0	0	0	0	500	0	0	0	0	0	0	0	96	192	0	0	0	48	0	0	0	0	0	0	0	0	0	0	0	0	0	0	0	0	0	0	0	0	0	0	0	0	0	0	192	0	0	
0	0	0	0	0	0	0	0	0	0	0	0	0	0	0	0	0	0	48	0	0	0	0	0	0	192	0	0	0	0	0	0	48	0	0	0	0	0	0	0	0	0	0	0	0	0	0	0	0	0	
0	0	0	0	0	0	0	0	0	0	0	0	0	0	0	0	0	0	0	0	0	0	500	0	0	0	0	0	0	0	0	0	0	48	0	0	0	0	0	0	0	0	0	0	0	0	0	0	0	0	
0	0	0	0	0	0	0	0	0	0	0	0	0	0	0	0	0	0	0	0	0	0	0	96	0	0	0	0	0	0	0	0	48	0	0	0	0	0	0	0	0	0	0	0	0	0	0	0	0	0	
0	0	0	0	0	0	0	0	0	0	0	0	0	0	0	0	0	0	0	0	0	0	0	0	0	0	0	0	0	0	0	0	48	0	0	0	0	0	0	0	96	0	0	0	0	0	0	0	0	0	
0	0	500	0	0	0	0	0	0	192	0	0	0	0	0	0	0	0	0	0	0	0	0	0	0	0	0	0	0	0	0	0	0	0	0	0	0	0	0	0	0	0	0	48	0	0	0	0	0	0	
0	0	0	0	0	0	0	0	0	0	192	0	0	0	0	0	0	0	0	0	0	0	0	0	0	0	0	48	0	48	48	0	0	0	0	0	0	0	0	0	0	0	0	0	0	0	0	0	0	0	
0	0	0	0	48	0	0	0	0	0	0	0	0	0	0	0	0	0	0	0	0	0	0	0	0	0	0	0	48	0	0	0	0	0	0	192	0	0	0	0	0	0	0	0	0	0	0	0	0	0	
0	0	0	0	0	192	0	0	0	0	0	0	0	0	0	0	0	0	0	0	0	0	0	0	0	0	0	0	0	0	0	0	0	0	0	500	0	0	0	0	0	0	0	192	0	0	0	0	192	0	
0	0	0	0	0	0	0	0	0	0	0	0	0	0	0	0	0	0	0	0	0	0	0	0	0	0	0	0	0	0	0	0	0	192	500	0	0	0	0	0	0	0	0	0	96	0	0	0	0	0	
0	0	0	0	0	0	0	0	0	0	0	0	0	0	500	0	0	96	0	0	0	0	0	0	0	0	0	0	0	0	0	0	0	0	0	0	0	0	0	0	0	0	0	0	0	0	0	0	0	0	
0	0	0	0	0	0	0	0	0	0	0	0	0	48	0	0	0	0	0	0	0	0	0	0	500	0	0	0	0	0	0	0	0	0	0	0	0	0	0	0	0	0	0	0	0	0	0	0	0	0	
0	0	0	0	0	0	192	0	0	0	0	0	0	0	0	0	0	0	0	0	0	0	0	0	0	0	0	0	0	0	0	0	0	0	0	0	0	0	0	192	0	0	0	0	0	0	0	0	0	0	
0	0	0	0	0	0	0	0	0	0	0	0	0	0	0	0	0	0	0	0	0	0	0	0	0	96	0	0	0	0	0	0	0	0	0	0	0	0	192	0	0	0	0	0	0	0	0	0	0	0	
0	0	0	0	0	0	0	0	0	0	192	0	0	0	0	0	0	0	0	0	0	0	0	0	0	0	0	0	0	0	96	0	0	0	0	0	0	0	0	0	0	0	0	0	48	0	0	0	0	0	
0	0	0	0	0	0	0	0	48	0	0	0	0	0	0	0	0	0	0	0	0	48	0	192	0	0	0	0	0	0	0	0	0	0	0	0	0	0	0	0	0	0	0	96	0	0	0	0	0	0	
0	0	0	0	0	0	0	48	0	0	0	0	0	0	0	0	0	0	0	0	96	0	0	0	192	0	0	0	0	0	0	0	0	0	0	0	0	0	0	0	0	0	0	0	0	0	0	0	0	0	
0	0	0	0	0	0	0	0	0	0	0	0	0	0	0	0	0	0	0	0	0	0	0	0	0	0	0	0	0	0	0	48	0	0	192	0	0	0	0	0	0	96	0	0	0	0	0	0	0	0	
0	0	0	0	0	0	0	0	0	0	0	0	0	0	0	0	0	0	0	0	0	0	0	0	0	0	0	0	0	0	0	0	0	0	0	96	0	0	0	0	48	0	0	0	0	0	0	0	0	0	
0	0	48	0	0	0	48	0	0	500	0	0	0	0	0	0	0	0	0	0	0	0	0	0	0	0	0	0	0	0	0	0	0	0	0	0	0	0	0	0	0	0	0	0	0	0	0	0	0	0	
0	0	0	0	0	0	0	0	0	0	0	0	96	0	0	0	0	500	0	0	0	0	0	0	0	0	0	0	0	0	0	0	0	0	0	0	0	0	0	0	0	0	0	0	0	0	0	0	0	0	
0	0	0	0	0	0	0	0	0	0	0	0	0	0	0	0	0	0	0	0	0	0	0	0	192	0	192	0	0	0	0	0	0	0	0	0	0	0	0	0	0	0	0	0	0	0	0	0	0	0	
0	0	0	0	0	0	48	0	0	0	0	0	0	0	0	0	0	0	0	0	0	0	0	0	0	0	0	0	0	0	0	0	0	0	192	0	0	0	0	0	0	0	0	0	0	0	0	0	0	0	
192	0	500	0	0	0	0	0	0	0	0	0	0	0	0	0	0	0	0	0	0	0	0	0	0	0	0	0	0	0	0	0	0	0	0	0	0	0	0	0	0	0	0	0	0	0	0	0	0	0	
2	2	47	45	12	49	7	1	18	13	39	6	13	9	2	23	37	48	36	20	17	26	45	40	16	24	43	36	40	2	9	22	16	31	27	26	30	37	25	35	17	43	20	10	46	41	4	19	23	8	46	39	37	34	18	30	35	21	26	20	4	34	18	47	30	18	21	41	19	18	30	49	32	19	26	35	22	45	13	7	8	17	44	45	43	12	34	19	37	37	7	27	24	33	39	13	10	13	7	14	39	48	35	30	43	42	19	17	20	10	8	3	20	13	22	42	43	14	5	43	14	46	46	26	16	37	35	24	46	5	14	30	36	29	18	32	13	49	43	10	2	6	35	13	23	15	43	2	3	12	29	23	49	0	7	37	39	47	36	34	21	15	4	24	7	31	24	42	1	30	10	0	15	21	4	39	27	27	19	43	31	24	14	29	0	19	18	16	39	21	36	11	28	11	20	38	28	42	34	30	37	35	0	41	2	8	29	37	28	4	31	20	43	22	7	0	46	41	25	47	12	10	47	45	47	14	26	21	28	14	40	15	2	36	25	4	25	21	39	41	22	48	3	3	48	24	4	36	1	36	38	35	17	1	49	22	40	13	19	12	3	3	24	19	38	38	47	9	31	45	9	7	37	15	34	29	9	37	34	26	25	24	3	17	38	48	18	28	1	26	24	49	49	11	28	47	8	42	10	27	31	36	39	37	19	39	0	34	38	46	41	40	14	25	16	13	16	38	34	35	9	24	5	16	26	26	15	33	42	20	26	44	37	15	21	37	28	7	49	40	29	37	5	49	33	9	23	42	15	8	28	12	11	28	41	19	48	0	16	14	17	8	43	14	10	32	19	9	27	9	8	33	30	0	20	39	22	32	34	45	13	12	42	29	33	24	44	29	43	39	23	31	28	28	19	41	14	44	44	23	46	46	23	17	35	3	48	32	46	29	13	38	5	37	39	41	23	33	7	13	39	45	49	0	5	48	2	11	10	3	7	49	30	24	39	29	38	0	0	45	33	36	38	45	3	3	31	34	7	26	44	27	32	38	25	26	43	40	4	28	10	29	22	43	7	27	18	39	19	45	8	34	29	10	36	32	20	29	30	12	33	21	2	42	0	6	43	13	37	41	19	46	25	11	49	39	5	11	5	34	8	24	15	20	44	17	38	22	34	37	48	11	27	39	39	43	7	19	16	48	49	20	27	19	20	35	20	43	20	45	46	0	13	9	1	39	11	31	4	20	41	14	47	3	36	19	2	18	45	47	7	1	42	49	22	32	3	36	10	7	30	1	36	27	0	36	42	26	20	4	30	10	0	29	39	24	39	47	5	38	28	28	44	9	25	46	16	41	39	20	48	19	31	30	19	15	46	9	36	5	36	6	12	48	27	4	36	28	12	8	23	38	
13	33	9	1	44	3	46	1	32	7	13	40	48	4	29	41	5	22	40	16	7	13	43	19	28	8	25	11	42	48	15	17	31	27	38	25	5	33	38	17	24	9	14	27	15	14	24	19	15	13	39	43	40	20	30	19	33	49	12	6	27	23	16	46	48	40	31	44	10	16	4	30	35	31	28	4	22	23	1	15	17	24	34	26	5	15	41	9	12	11	43	22	25	32	49	6	44	44	18	32	24	11	25	46	45	11	2	46	14	36	22	1	35	47	5	23	19	26	38	30	15	19	16	15	33	31	9	17	48	11	30	10	27	38	47	35	2	22	34	27	7	23	2	35	22	34	49	20	31	38	19	19	38	11	47	5	15	27	9	3	28	13	31	0	49	20	2	22	36	4	3	18	49	26	5	21	22	45	31	25	33	8	46	16	45	26	30	33	35	6	15	2	45	8	35	41	38	29	36	43	45	30	9	23	2	33	13	31	2	32	31	43	11	42	2	26	18	4	31	39	25	26	8	38	15	32	5	7	24	5	31	23	27	20	30	17	32	49	22	5	40	37	46	11	43	29	2	22	21	16	49	28	32	41	33	31	17	43	7	36	4	20	33	0	44	15	16	39	1	33	15	15	35	48	8	23	10	40	40	44	32	4	43	38	35	41	24	5	33	13	22	34	28	46	24	30	30	37	45	43	25	19	36	1	49	3	32	29	11	17	0	47	18	3	15	25	16	16	26	16	42	46	28	39	25	24	18	20	29	41	17	18	35	48	0	17	16	8	12	23	24	12	44	37	42	21	27	44	39	20	2	2	27	0	6	25	25	24	29	6	7	33	28	39	9	29	39	3	49	37	31	23	48	35	19	1	18	47	45	3	18	42	36	19	34	47	40	30	44	37	3	45	44	36	42	42	46	46	17	48	26	28	4	23	14	39	26	47	28	37	31	7	18	24	41	41	28	41	25	28	44	49	21	11	20	4	23	34	44	9	30	9	14	19	43	24	36	45	41	30	18	12	33	44	18	19	12	19	7	40	43	39	41	36	49	42	1	46	3	22	33	38	11	22	43	34	45	35	27	13	48	5	2	12	31	38	0	49	33	15	14	48	40	37	46	34	18	27	17	32	46	10	11	38	4	13	44	29	10	10	36	28	9	30	44	26	41	9	10	22	17	48	35	5	29	28	27	1	6	38	48	17	30	37	8	18	10	18	13	42	17	21	9	15	40	42	26	10	25	30	48	42	9	6	49	33	44	32	13	9	45	14	10	41	23	10	22	30	7	45	49	29	46	26	9	12	21	46	44	35	49	9	43	49	43	31	36	22	30	42	34	31	49	29	47	45	35	33	33	16	27	48	32	28	30	11	21	8	31	0	30	9	26	1	24	47	0	11	11	26	19	44	
21	29	25	39	35	22	39	38	20	34	29	27	25	39	33	31	35	22	22	20	30	28	39	25	35	38	33	25	25	37	25	32	30	35	30	23	34	40	25	39	34	40	40	36	38	21	22	23	21	28	38	22	23	26	32	25	36	25	35	38	38	40	40	26	34	40	36	25	26	26	29	26	35	24	35	31	29	28	25	20	32	30	27	20	38	35	21	25	23	37	39	28	23	28	23	20	24	36	24	27	22	36	23	38	27	29	27	23	30	33	36	33	20	39	34	21	32	39	37	36	32	40	28	34	27	33	24	23	32	28	35	37	38	26	29	24	40	21	29	20	23	27	20	40	37	40	22	35	27	21	20	24	21	23	34	21	38	32	38	23	27	36	21	34	29	23	32	31	32	22	36	23	27	27	26	26	25	26	34	27	27	38	24	40	34	37	38	25	27	38	20	29	25	30	23	24	29	39	33	31	30	29	39	28	29	35	39	24	23	34	33	35	30	31	30	29	32	39	38	22	24	35	36	21	24	38	27	32	40	22	32	29	34	21	27	36	35	26	34	32	25	23	36	26	32	26	37	36	26	36	30	40	26	37	36	37	20	28	35	22	23	21	22	37	32	37	26	22	27	26	30	28	31	33	40	30	29	36	39	35	35	31	33	27	29	26	33	28	38	34	38	36	38	34	30	23	28	27	36	21	29	34	34	23	22	20	28	27	25	24	35	35	25	31	32	24	38	29	35	40	32	27	30	40	40	39	23	38	34	38	23	36	31	36	27	24	21	37	31	34	24	37	40	36	23	26	31	28	20	38	37	32	26	32	39	37	26	39	28	37	30	20	28	28	23	36	34	21	28	22	32	32	22	25	32	20	24	31	20	20	22	37	28	34	26	35	30	30	20	35	37	40	21	20	33	39	30	38	23	34	24	28	20	28	36	35	35	32	26	21	35	28	40	40	32	26	40	27	31	32	33	38	25	36	32	22	27	36	40	28	34	27	32	24	20	32	22	38	38	31	24	29	40	20	29	29	36	25	25	34	36	20	25	33	40	26	30	31	34	23	36	26	34	25	23	40	37	32	26	39	23	38	36	28	31	27	40	23	37	32	32	27	23	35	22	32	38	28	22	26	32	27	29	28	29	34	20	21	30	37	36	35	31	30	25	34	27	27	23	22	30	35	36	23	20	25	29	33	36	20	22	25	28	31	30	20	26	40	20	31	25	35	35	34	27	28	22	20	34	26	22	39	23	30	22	24	29	40	33	35	39	20	35	20	30	28	21	22	32	38	28	33	39	27	34	25	39	20	30	39	40	28	34	21	21	31	40	26	20	25	32	36	35	29	23	38	30	34	26	30	28	23	33	33	35	22	24	29	40	22	39	35	38	38	35	32	24	21	25	34	29	25	
12	24	31	17	49	47	34	49	50	32	49	25	48	29	29	24	25	42	22	19	34	41	14	48	29	10	22	49	44	38	42	27	23	27	17	17	20	44	35	30	33	12	14	35	39	10	35	25	41	28	18	10	30	49	34	39	30	20	48	21	46	31	34	13	31	46	45	37	28	14	41	27	23	25	35	21	45	22	44	32	26	40	19	23	36	16	41	30	19	38	22	34	41	38	28	44	20	10	43	39	34	50	31	43	13	33	32	50	42	10	45	27	47	46	28	49	19	40	12	16	14	42	50	17	42	14	16	17	18	17	13	14	22	14	38	28	31	27	25	49	32	32	19	23	48	23	21	10	23	49	39	30	16	19	37	45	17	10	17	39	17	46	45	38	11	28	40	26	11	43	36	44	34	49	37	43	23	30	33	21	16	38	22	42	43	17	48	29	40	33	32	21	36	31	27	31	34	48	30	21	38	16	21	38	32	14	48	41	30	44	41	42	49	48	41	26	39	23	37	11	16	30	30	15	17	42	42	36	46	50	34	25	14	30	46	22	20	50	23	26	22	42	45	18	49	15	37	36	31	37	21	27	10	49	12	46	38	36	18	37	13	33	45	29	40	29	46	50	24	29	43	34	25	33	25	41	10	49	28	23	11	14	36	37	17	37	38	34	50	33	47	36	19	26	32	27	27	40	23	13	29	42	14	15	15	12	44	21	40	43	26	21	47	34	33	25	14	42	18	13	22	27	16	35	10	46	46	21	42	22	38	46	20	16	11	46	36	20	50	44	42	48	22	40	43	11	13	43	34	10	11	26	37	17	40	28	43	28	48	46	29	10	40	29	23	28	33	45	32	34	43	10	42	41	44	16	32	28	36	43	23	33	29	25	32	32	15	47	38	24	46	20	13	47	40	17	32	37	19	15	20	49	23	46	35	40	42	41	23	28	29	50	46	45	22	44	40	38	33	13	46	19	19	10	22	36	17	31	23	20	50	23	35	15	11	21	45	23	28	35	19	21	27	42	48	25	41	12	39	23	45	10	28	30	32	27	17	27	43	15	30	13	15	28	12	50	38	27	49	15	11	22	47	44	48	37	24	30	23	36	30	26	38	22	41	27	31	15	47	47	15	10	40	48	45	43	37	40	43	41	50	17	32	47	49	45	11	45	30	39	10	36	32	44	37	10	40	36	18	24	23	22	17	11	46	38	20	41	43	13	34	41	24	15	30	29	11	20	49	18	21	27	44	46	28	11	27	49	41	25	33	39	14	22	16	18	24	42	30	35	16	49	46	10	38	27	37	33	41	29	49	40	21	45	21	27	14	11	10	27	46	11	46	30	45	14	14	16	41	28	37	48	32	21	15	34	45	30	31	22	43	38	43	13	16	48	15	13	46	29	28	10	
15
50
