857
50
0	0	0	0	0	0	0	0	0	0	0	0	0	500	0	0	0	0	0	0	0	0	0	0	0	0	0	0	0	0	0	0	0	0	0	0	0	0	0	0	0	0	0	96	0	0	0	0	0	0	
0	0	0	0	0	0	0	0	0	0	0	0	0	0	0	0	0	0	0	0	0	0	0	0	0	0	0	0	0	0	0	0	0	0	0	0	0	0	0	500	0	0	500	0	0	0	0	0	0	0	
0	0	0	0	192	0	0	500	0	0	0	0	0	0	0	0	0	0	0	96	0	0	0	0	0	0	0	0	0	0	0	0	0	0	0	0	0	0	192	0	0	0	0	0	0	0	0	0	0	0	
0	0	0	0	0	0	0	0	0	0	0	0	0	0	0	0	0	0	0	0	0	0	0	192	0	0	0	96	0	192	0	0	0	0	192	0	0	0	0	0	0	0	0	0	0	0	0	0	0	0	
0	0	192	0	0	0	0	500	0	0	0	0	0	0	0	0	0	0	0	0	0	0	0	0	0	0	0	0	0	0	0	0	0	0	0	0	0	0	0	0	0	0	0	0	0	0	0	0	0	0	
0	0	0	0	0	0	0	0	0	0	0	0	0	192	0	0	0	48	0	0	0	0	0	0	0	0	0	0	0	0	0	0	0	0	0	0	0	0	0	0	0	0	0	96	0	0	0	0	0	0	
0	0	0	0	0	0	0	0	0	0	0	0	0	0	0	192	0	0	0	0	0	0	96	0	0	0	0	0	0	0	0	0	0	0	0	0	0	0	0	0	0	0	0	0	0	0	0	0	0	0	
0	0	500	0	500	0	0	0	0	0	0	0	0	0	0	0	0	0	0	0	0	0	0	0	0	0	0	0	0	0	0	0	0	0	0	0	0	0	0	0	0	0	0	0	0	0	0	0	0	0	
0	0	0	0	0	0	0	0	0	0	0	0	0	0	0	0	0	48	0	0	0	0	0	0	0	0	0	0	0	0	0	0	0	0	0	0	0	0	0	0	0	0	0	0	0	0	0	192	0	0	
0	0	0	0	0	0	0	0	0	0	0	0	0	0	0	0	0	0	0	0	0	96	0	0	0	0	0	0	192	0	0	48	0	0	0	0	0	0	0	0	0	0	0	0	0	0	0	0	0	0	
0	0	0	0	0	0	0	0	0	0	0	0	0	0	96	0	0	0	0	0	0	0	0	0	0	48	0	0	0	0	0	0	0	0	0	0	0	0	0	0	0	0	0	0	0	0	0	0	0	0	
0	0	0	0	0	0	0	0	0	0	0	0	0	0	0	0	0	0	0	0	0	0	0	0	0	0	0	0	0	0	500	0	48	0	0	0	0	0	48	0	0	0	0	0	0	0	0	0	0	0	
0	0	0	0	0	0	0	0	0	0	0	0	0	0	500	0	0	0	0	0	0	0	0	0	0	0	0	0	0	500	0	0	0	0	0	0	0	0	0	0	0	0	192	0	0	0	0	0	0	0	
500	0	0	0	0	192	0	0	0	0	0	0	0	0	0	0	0	0	0	0	0	0	0	0	0	0	0	0	0	0	0	0	0	0	0	0	0	0	0	0	0	0	0	0	0	0	0	0	0	0	
0	0	0	0	0	0	0	0	0	0	96	0	500	0	0	0	0	0	0	0	0	0	0	0	0	500	0	0	0	0	0	0	0	0	0	0	0	0	0	0	0	0	0	0	0	96	0	0	0	0	
0	0	0	0	0	0	192	0	0	0	0	0	0	0	0	0	0	0	0	0	0	0	0	0	0	0	0	0	0	0	0	0	0	0	0	0	0	0	0	0	0	0	0	0	0	48	0	0	0	0	
0	0	0	0	0	0	0	0	0	0	0	0	0	0	0	0	0	0	48	0	0	0	0	0	0	0	0	0	0	0	0	0	0	0	0	0	500	0	0	0	192	0	0	0	0	0	0	0	0	0	
0	0	0	0	0	48	0	0	48	0	0	0	0	0	0	0	0	0	0	0	0	0	0	0	0	0	0	0	0	0	0	0	0	0	0	0	0	0	0	0	0	192	0	0	0	0	0	0	0	0	
0	0	0	0	0	0	0	0	0	0	0	0	0	0	0	0	48	0	0	0	0	0	0	0	0	0	0	0	0	0	0	0	0	192	0	0	0	0	0	0	192	0	0	0	0	0	0	500	0	0	
0	0	96	0	0	0	0	0	0	0	0	0	0	0	0	0	0	0	0	0	0	0	0	0	0	0	0	0	0	0	0	48	0	0	0	0	0	0	0	0	0	0	0	0	0	0	0	0	0	0	
0	0	0	0	0	0	0	0	0	0	0	0	0	0	0	0	0	0	0	0	0	0	0	0	0	0	0	0	0	0	48	0	0	0	48	0	0	0	0	0	0	0	0	0	0	0	0	0	0	0	
0	0	0	0	0	0	0	0	0	96	0	0	0	0	0	0	0	0	0	0	0	0	0	0	0	0	192	0	0	0	0	0	0	0	0	0	0	0	0	0	0	0	0	0	0	0	0	0	0	0	
0	0	0	0	0	0	96	0	0	0	0	0	0	0	0	0	0	0	0	0	0	0	0	500	0	0	0	0	0	0	0	0	0	0	0	0	0	96	0	0	0	0	0	0	0	0	0	0	0	0	
0	0	0	192	0	0	0	0	0	0	0	0	0	0	0	0	0	0	0	0	0	0	500	0	0	0	0	0	0	0	0	0	0	0	0	0	0	0	0	0	0	0	0	0	0	0	0	0	0	0	
0	0	0	0	0	0	0	0	0	0	0	0	0	0	0	0	0	0	0	0	0	0	0	0	0	0	0	0	0	0	0	0	96	0	0	96	0	0	0	0	0	0	0	0	0	0	0	0	0	0	
0	0	0	0	0	0	0	0	0	0	48	0	0	0	500	0	0	0	0	0	0	0	0	0	0	0	0	0	0	0	0	0	0	0	0	0	0	0	0	0	0	0	0	0	0	0	0	0	0	0	
0	0	0	0	0	0	0	0	0	0	0	0	0	0	0	0	0	0	0	0	0	192	0	0	0	0	0	0	192	0	0	0	0	0	0	0	0	0	0	0	0	0	0	0	0	0	0	0	0	0	
0	0	0	96	0	0	0	0	0	0	0	0	0	0	0	0	0	0	0	0	0	0	0	0	0	0	0	0	0	0	0	0	0	0	0	48	0	0	0	192	0	0	0	0	48	0	0	0	96	0	
0	0	0	0	0	0	0	0	0	192	0	0	0	0	0	0	0	0	0	0	0	0	0	0	0	0	192	0	0	0	0	0	0	0	0	0	0	0	0	0	0	0	0	0	0	0	0	0	0	0	
0	0	0	192	0	0	0	0	0	0	0	0	500	0	0	0	0	0	0	0	0	0	0	0	0	0	0	0	0	0	0	0	0	0	0	0	0	0	0	0	0	0	0	0	0	0	0	0	0	0	
0	0	0	0	0	0	0	0	0	0	0	500	0	0	0	0	0	0	0	0	48	0	0	0	0	0	0	0	0	0	0	0	0	0	0	0	0	0	0	0	0	0	0	0	0	0	0	0	0	0	
0	0	0	0	0	0	0	0	0	48	0	0	0	0	0	0	0	0	0	48	0	0	0	0	0	0	0	0	0	0	0	0	0	0	0	0	0	0	0	0	0	0	0	0	0	0	48	0	0	500	
0	0	0	0	0	0	0	0	0	0	0	48	0	0	0	0	0	0	0	0	0	0	0	0	96	0	0	0	0	0	0	0	0	0	0	96	0	0	0	0	0	0	0	0	0	0	0	0	0	0	
0	0	0	0	0	0	0	0	0	0	0	0	0	0	0	0	0	0	192	0	0	0	0	0	0	0	0	0	0	0	0	0	0	0	0	0	0	0	0	0	48	0	0	0	0	0	0	0	0	0	
0	0	0	192	0	0	0	0	0	0	0	0	0	0	0	0	0	0	0	0	48	0	0	0	0	0	0	0	0	0	0	0	0	0	0	0	0	0	0	0	0	0	0	0	0	0	0	0	0	0	
0	0	0	0	0	0	0	0	0	0	0	0	0	0	0	0	0	0	0	0	0	0	0	0	96	0	0	48	0	0	0	0	96	0	0	0	0	0	0	0	0	0	0	0	0	0	0	0	0	0	
0	0	0	0	0	0	0	0	0	0	0	0	0	0	0	0	500	0	0	0	0	0	0	0	0	0	0	0	0	0	0	0	0	0	0	0	0	0	0	0	48	96	0	0	96	0	0	0	0	0	
0	0	0	0	0	0	0	0	0	0	0	0	0	0	0	0	0	0	0	0	0	0	96	0	0	0	0	0	0	0	0	0	0	0	0	0	0	0	0	0	0	0	0	0	48	0	0	0	192	0	
0	0	192	0	0	0	0	0	0	0	0	48	0	0	0	0	0	0	0	0	0	0	0	0	0	0	0	0	0	0	0	0	0	0	0	0	0	0	0	0	0	0	0	0	0	0	0	0	0	0	
0	500	0	0	0	0	0	0	0	0	0	0	0	0	0	0	0	0	0	0	0	0	0	0	0	0	0	192	0	0	0	0	0	0	0	0	0	0	0	0	0	0	0	0	0	0	0	0	0	0	
0	0	0	0	0	0	0	0	0	0	0	0	0	0	0	0	192	0	192	0	0	0	0	0	0	0	0	0	0	0	0	0	0	48	0	0	48	0	0	0	0	192	0	0	0	0	0	0	0	0	
0	0	0	0	0	0	0	0	0	0	0	0	0	0	0	0	0	192	0	0	0	0	0	0	0	0	0	0	0	0	0	0	0	0	0	0	96	0	0	0	192	0	0	0	0	0	0	0	0	500	
0	500	0	0	0	0	0	0	0	0	0	0	192	0	0	0	0	0	0	0	0	0	0	0	0	0	0	0	0	0	0	0	0	0	0	0	0	0	0	0	0	0	0	0	0	0	0	0	0	0	
96	0	0	0	0	96	0	0	0	0	0	0	0	0	0	0	0	0	0	0	0	0	0	0	0	0	0	0	0	0	0	0	0	0	0	0	0	0	0	0	0	0	0	0	0	0	0	0	0	0	
0	0	0	0	0	0	0	0	0	0	0	0	0	0	0	0	0	0	0	0	0	0	0	0	0	0	0	48	0	0	0	0	0	0	0	0	96	48	0	0	0	0	0	0	0	0	0	0	0	0	
0	0	0	0	0	0	0	0	0	0	0	0	0	0	96	48	0	0	0	0	0	0	0	0	0	0	0	0	0	0	0	0	0	0	0	0	0	0	0	0	0	0	0	0	0	0	0	0	0	0	
0	0	0	0	0	0	0	0	0	0	0	0	0	0	0	0	0	0	0	0	0	0	0	0	0	0	0	0	0	0	0	48	0	0	0	0	0	0	0	0	0	0	0	0	0	0	0	0	500	0	
0	0	0	0	0	0	0	0	192	0	0	0	0	0	0	0	0	0	500	0	0	0	0	0	0	0	0	0	0	0	0	0	0	0	0	0	0	0	0	0	0	0	0	0	0	0	0	0	0	0	
0	0	0	0	0	0	0	0	0	0	0	0	0	0	0	0	0	0	0	0	0	0	0	0	0	0	0	96	0	0	0	0	0	0	0	0	0	192	0	0	0	0	0	0	0	0	500	0	0	0	
0	0	0	0	0	0	0	0	0	0	0	0	0	0	0	0	0	0	0	0	0	0	0	0	0	0	0	0	0	0	0	500	0	0	0	0	0	0	0	0	0	500	0	0	0	0	0	0	0	0	
37	42	31	40	47	23	37	36	46	10	19	12	30	28	45	1	9	45	40	15	17	4	2	34	40	47	30	5	11	18	21	23	32	20	30	24	6	11	2	13	40	36	0	31	44	5	33	48	16	38	38	10	22	30	4	30	36	7	8	27	23	15	39	11	42	41	29	37	21	46	35	28	14	42	42	11	3	9	7	42	1	34	39	49	12	29	25	31	24	40	32	25	45	48	11	27	23	39	3	42	0	29	6	47	22	13	3	21	48	24	6	15	18	48	38	47	11	49	41	19	27	12	30	1	13	31	14	22	49	30	10	9	1	42	11	4	25	16	23	5	5	30	5	17	11	12	5	23	29	42	10	44	18	39	8	36	6	32	20	46	30	49	39	1	32	36	2	47	29	47	10	32	33	47	28	29	2	44	49	7	4	25	4	6	41	37	40	47	49	33	37	32	22	24	18	4	1	9	42	28	26	41	22	2	20	5	17	3	35	44	46	19	14	26	48	37	19	39	0	0	46	2	41	28	35	8	18	14	16	44	4	10	41	15	17	47	26	20	46	38	32	9	19	21	47	48	2	37	26	45	48	12	40	3	22	17	7	17	33	17	49	41	26	10	46	15	3	49	6	44	40	16	19	22	10	14	13	7	23	38	3	38	40	14	6	36	38	49	48	49	2	9	44	33	21	12	2	44	20	26	22	7	6	37	4	19	42	49	18	20	1	40	44	16	36	8	2	33	48	25	32	38	17	26	42	36	44	14	15	1	44	11	29	43	36	32	26	46	9	6	22	33	44	43	36	13	6	25	35	30	8	43	33	32	3	0	16	47	1	18	9	18	15	2	19	36	37	21	46	21	16	37	31	31	28	29	6	45	14	46	30	23	27	18	42	33	0	13	42	2	38	36	44	44	9	14	16	34	16	17	18	9	23	40	37	30	43	30	44	28	12	9	27	30	45	1	35	21	33	47	42	34	25	38	27	46	48	33	11	3	1	38	4	43	35	30	14	14	47	32	27	45	28	9	19	15	38	8	35	48	44	37	28	40	21	4	30	6	8	23	30	27	12	47	26	41	46	44	5	14	29	31	42	28	18	13	13	13	46	22	34	12	8	31	36	38	3	4	14	42	15	34	46	4	27	14	42	17	29	44	32	30	35	45	33	10	42	5	49	41	27	25	24	30	47	46	28	43	41	32	35	18	23	49	1	18	35	20	10	21	26	32	2	29	18	6	41	25	38	2	2	45	39	0	43	16	18	14	27	39	31	26	35	33	44	34	19	35	11	15	38	4	10	6	43	9	40	33	39	39	34	17	33	11	41	31	19	23	17	35	6	41	43	16	39	40	32	4	24	21	47	31	16	13	7	49	43	5	5	20	3	0	18	34	28	3	21	15	40	31	15	9	9	49	4	18	37	35	31	27	7	23	18	17	37	48	8	12	12	13	7	4	24	41	0	37	30	7	24	21	34	6	20	18	8	14	23	16	36	35	31	35	12	45	45	25	8	27	19	25	24	36	18	49	25	30	36	42	49	1	4	47	39	0	8	12	47	15	38	26	46	25	40	28	26	34	6	36	37	14	17	40	35	4	14	23	0	32	36	48	42	39	5	8	47	43	0	23	30	38	8	15	23	1	16	39	27	24	8	32	14	28	43	5	5	19	2	8	4	13	6	4	31	17	17	22	0	37	42	1	1	16	10	46	28	48	49	16	3	13	40	30	15	30	35	21	8	30	42	36	47	39	6	44	9	21	48	40	22	30	5	46	1	47	14	21	47	33	15	42	31	17	30	14	48	42	20	3	18	1	23	25	34	26	6	49	1	47	6	24	37	38	15	39	35	46	48	6	9	2	4	35	1	20	16	33	35	10	6	17	27	17	3	39	41	8	2	36	47	31	0	25	37	46	29	14	15	31	18	17	2	8	42	9	4	38	8	19	37	34	34	29	41	26	40	46	27	
47	24	18	45	36	6	9	3	44	3	15	38	47	7	15	14	16	43	16	0	34	36	21	49	21	19	35	3	3	48	48	44	38	14	27	49	42	35	19	44	42	29	36	11	44	16	49	20	10	49	49	38	9	14	28	47	15	6	9	2	8	28	3	44	32	30	47	30	25	15	26	17	14	22	22	28	14	4	8	49	3	42	49	38	4	0	21	44	48	19	49	12	34	30	36	17	39	12	4	25	10	30	6	20	8	2	31	41	34	41	36	0	40	24	24	35	17	47	9	22	16	44	37	37	5	22	11	14	37	11	41	0	23	14	21	40	14	17	39	3	16	43	10	43	47	33	19	47	21	40	19	35	43	13	11	27	35	40	34	37	1	24	36	24	7	36	47	46	43	5	8	13	0	48	4	13	33	18	26	42	44	47	29	33	6	48	17	0	48	2	1	5	25	41	32	15	9	32	42	4	6	32	28	9	48	4	13	45	25	29	4	5	46	3	30	34	49	31	47	42	4	8	5	18	2	45	5	42	33	3	36	16	11	18	29	39	18	49	45	23	35	5	47	38	18	43	17	24	49	16	28	21	13	44	3	12	24	38	30	7	44	1	18	34	20	47	19	41	40	49	30	0	4	44	18	26	22	35	32	39	48	35	5	5	35	47	9	37	37	3	3	43	48	42	34	27	41	21	42	31	4	6	8	25	41	48	5	37	35	15	3	11	6	9	34	44	48	14	30	47	16	12	17	18	42	46	27	46	36	24	24	47	4	22	41	36	8	6	21	20	49	15	4	25	1	5	29	10	44	17	9	43	37	12	30	37	16	14	41	25	45	8	9	37	35	0	37	0	32	14	24	31	24	6	48	19	7	23	14	17	15	6	42	41	43	8	35	16	49	32	34	34	47	25	5	21	38	22	8	34	36	43	27	19	19	5	26	42	20	35	17	19	39	17	3	46	12	0	28	38	16	1	0	39	35	27	24	33	7	9	13	8	18	27	4	20	14	30	16	30	32	23	12	2	26	33	38	22	36	7	34	8	43	5	33	9	35	30	42	43	18	9	12	38	1	19	32	34	32	34	9	1	35	23	13	48	36	23	4	41	43	13	28	42	9	46	40	31	41	22	35	35	33	28	14	12	30	19	5	46	1	34	36	23	25	35	26	43	11	23	44	3	26	37	24	9	39	26	35	3	11	19	29	43	10	14	13	47	31	30	49	44	31	16	35	14	26	13	47	5	29	33	4	26	43	47	11	45	41	46	43	31	7	23	36	19	25	37	35	10	13	18	41	9	31	29	2	10	48	39	0	38	33	7	9	47	23	44	1	33	12	42	22	45	5	36	14	15	40	31	24	3	3	21	23	45	45	12	47	11	19	17	31	6	49	28	34	14	40	47	19	25	26	47	2	32	48	42	25	15	13	48	6	29	13	38	22	19	0	29	29	3	49	15	14	31	20	29	25	14	22	24	11	22	12	49	23	29	29	43	9	39	39	40	25	37	34	5	32	33	38	33	25	3	29	1	45	13	6	32	24	15	48	44	34	28	10	46	47	2	42	9	46	21	9	41	40	15	44	39	30	22	37	45	45	31	39	25	48	2	35	37	41	3	40	41	0	26	31	8	32	3	13	6	26	45	35	3	29	30	34	10	8	4	38	29	48	22	2	40	1	20	31	12	37	10	9	16	34	18	4	36	39	16	18	36	11	14	25	29	33	31	16	2	25	47	21	6	47	26	14	31	46	31	22	7	19	41	1	5	46	5	19	16	46	10	1	1	45	45	41	19	46	24	49	18	11	36	9	11	30	11	17	48	11	7	18	44	33	12	40	9	15	6	37	49	10	4	38	34	18	40	41	40	12	40	42	40	39	41	48	26	28	13	21	13	38	30	47	6	3	42	36	29	31	5	19	19	43	32	40	7	10	33	37	12	25	32	7	39	5	11	12	22	32	18	36	
20	23	20	40	40	24	22	39	23	22	25	23	21	22	32	28	32	33	36	35	23	23	39	35	27	20	25	29	30	30	26	38	25	25	38	21	39	40	39	24	35	26	32	22	40	25	32	32	27	29	37	37	38	30	28	30	33	39	29	38	31	29	39	23	20	33	33	22	34	33	38	25	23	39	38	22	34	40	22	20	36	20	20	25	33	30	34	24	27	39	22	40	35	35	40	26	27	35	39	31	38	30	21	29	35	32	25	25	30	32	35	22	29	30	38	28	22	28	39	27	24	32	22	21	25	20	30	20	40	34	38	31	24	37	23	39	40	26	22	28	38	39	24	21	26	35	24	23	21	27	22	20	37	40	36	36	21	24	38	23	31	34	34	37	34	39	25	24	21	34	29	33	38	34	38	34	36	20	29	34	20	23	25	34	37	40	21	21	40	26	39	37	31	22	40	25	30	21	20	21	32	40	34	29	37	32	24	20	37	20	30	27	33	24	30	37	39	39	37	39	23	39	31	31	38	23	26	30	24	31	31	26	21	31	30	40	35	21	31	33	20	20	23	26	29	29	29	39	30	36	20	39	31	29	31	34	29	32	29	38	33	28	22	26	36	20	26	40	37	32	25	40	23	26	38	28	24	30	38	34	20	30	40	21	28	28	39	28	28	24	36	21	36	31	32	40	30	33	22	32	32	35	26	21	37	23	39	36	32	40	23	26	35	35	31	26	38	29	22	31	28	23	26	39	35	25	38	21	31	36	26	39	39	29	31	30	32	25	28	29	22	30	34	40	22	28	33	20	31	38	36	37	23	38	36	22	35	37	29	27	35	34	25	37	34	34	34	34	20	38	32	39	39	21	29	35	22	37	35	20	40	26	40	22	35	29	23	40	35	26	40	28	32	33	35	28	30	36	27	34	39	39	34	21	34	33	32	21	32	40	31	34	40	22	21	38	37	24	26	23	23	25	31	37	28	33	22	30	37	26	38	29	38	29	40	20	23	37	35	29	36	23	20	40	22	23	38	38	38	27	31	23	28	33	29	31	26	26	20	37	39	32	30	32	22	35	38	23	33	33	33	27	23	26	20	39	40	30	26	25	37	25	38	28	23	28	23	21	25	25	33	38	21	27	36	29	30	34	21	25	20	39	34	38	35	21	29	40	22	20	36	36	30	22	21	29	34	24	27	28	29	22	25	30	40	28	29	26	25	27	40	31	29	37	38	30	32	28	36	34	27	28	34	39	24	34	22	35	39	27	22	22	20	25	31	28	26	29	40	27	24	25	33	23	30	36	40	21	40	25	27	34	25	30	28	31	33	36	36	27	21	22	35	32	33	31	33	29	39	37	26	36	26	29	27	30	34	39	27	25	29	40	38	26	28	29	35	27	34	31	28	27	26	36	34	27	21	20	31	22	34	35	32	20	35	24	26	26	26	21	20	33	25	29	29	31	40	22	32	24	35	36	34	21	25	20	33	23	33	31	33	30	24	38	20	22	21	29	36	38	30	40	22	33	25	35	27	32	30	23	28	25	37	38	22	36	28	22	34	23	36	30	34	34	32	24	24	33	22	24	37	24	23	38	25	35	26	28	29	37	38	30	31	38	29	36	26	35	32	27	35	22	36	38	26	31	38	26	35	20	24	36	38	29	24	20	37	28	33	36	26	37	28	23	29	32	30	21	33	20	28	20	40	39	23	23	33	31	28	38	27	26	36	34	32	21	23	23	32	35	22	21	20	40	38	33	36	30	37	37	30	21	28	23	29	24	37	30	35	28	32	30	20	29	28	26	29	32	23	22	39	24	40	34	34	29	30	29	24	29	27	38	20	21	36	40	29	26	40	22	25	27	23	30	32	30	20	33	27	28	38	20	37	26	37	31	33	20	37	21	38	23	39	40	28	29	23	36	37	37	36	38	38	35	27	29	28	38	29	39	35	20	37	26	21	22	28	
48	21	10	19	48	24	39	14	40	30	27	12	40	45	36	25	11	31	14	32	41	13	38	36	24	23	46	13	48	37	44	13	15	30	43	20	34	48	38	46	32	34	50	17	33	44	27	33	43	48	11	42	48	39	16	12	49	36	44	35	45	27	10	19	10	42	39	13	34	45	13	15	32	18	24	13	22	28	44	18	39	50	33	34	31	27	14	21	28	37	36	13	25	41	30	15	37	12	31	37	24	45	35	49	36	14	43	14	47	27	18	35	37	49	20	32	39	17	36	46	40	31	42	45	10	20	10	35	12	45	39	32	31	45	34	30	20	19	46	43	22	30	29	48	19	20	35	48	27	40	31	17	41	50	12	29	21	42	46	33	15	15	36	43	31	36	43	30	11	13	25	23	35	26	10	30	48	25	49	38	10	10	21	13	37	31	41	45	32	16	46	31	18	33	13	45	10	47	41	47	17	35	33	50	50	13	32	36	15	13	13	34	17	40	37	17	25	23	37	32	50	20	33	45	19	17	31	10	26	26	43	12	43	42	18	47	16	30	17	39	40	21	21	32	22	37	10	41	11	48	13	46	20	36	18	28	25	37	23	33	33	11	37	21	12	14	36	37	29	48	46	44	38	39	31	15	13	32	44	18	42	20	42	11	31	19	33	14	22	40	27	39	30	43	47	15	37	40	35	15	13	42	49	34	24	15	47	36	37	30	38	35	43	11	21	21	16	10	19	38	26	17	48	50	30	10	11	31	49	50	36	15	37	24	50	12	36	20	27	19	18	44	23	25	32	20	46	10	36	28	37	43	26	47	36	21	14	10	26	50	38	50	13	41	27	42	38	34	29	20	16	10	35	31	12	41	34	25	25	31	34	32	28	33	44	36	11	24	45	13	48	29	18	31	37	16	20	35	26	32	11	36	45	41	21	31	36	48	46	26	12	50	37	18	14	30	20	25	47	16	40	28	42	40	26	22	47	45	30	42	44	11	19	17	13	27	37	40	26	29	24	19	47	47	20	50	18	32	17	33	23	19	35	34	46	47	29	21	26	10	15	11	25	35	27	41	33	21	25	30	13	37	15	26	12	20	12	42	19	19	15	19	22	37	29	38	34	23	22	49	36	39	21	22	40	27	23	16	27	47	14	49	10	28	25	46	27	40	20	17	40	48	30	12	46	45	35	10	18	13	45	31	48	41	36	14	20	42	45	13	35	28	19	46	48	35	42	25	15	22	39	30	22	40	25	50	13	15	11	41	37	33	30	20	22	12	33	26	37	44	34	30	28	10	28	40	26	11	40	45	48	31	12	13	26	11	39	33	28	42	34	37	24	23	14	23	43	16	43	15	30	15	21	15	39	17	47	48	39	12	48	43	34	29	32	44	43	15	29	49	11	10	21	19	49	20	28	37	27	49	48	11	23	42	43	39	30	11	32	41	45	21	50	27	18	32	10	32	46	24	31	27	45	23	35	34	45	47	12	35	30	20	27	35	28	25	24	18	41	16	39	18	48	41	23	19	41	43	46	14	14	45	29	26	18	36	15	32	32	36	38	23	32	16	35	12	44	42	20	24	12	37	24	48	29	46	33	47	32	14	24	22	20	17	44	25	44	39	18	42	34	32	29	31	13	42	39	45	34	34	19	35	38	38	25	48	28	10	18	37	14	21	41	34	36	29	48	12	14	30	48	12	39	10	31	39	38	30	26	50	28	16	18	18	27	43	48	48	18	18	34	43	50	39	44	27	44	11	48	19	39	31	45	12	30	24	34	22	14	44	42	16	50	32	31	44	33	14	17	38	19	44	46	38	48	48	40	11	41	11	33	42	20	37	40	10	18	38	20	33	35	39	13	23	48	15	16	20	46	48	43	14	13	21	42	36	21	45	24	27	23	10	48	40	50	41	46	17	27	34	49	20	11	38	26	10	26	20	19	17	38	36	18	39	22	43	37	
5
70
