1102
50
0	0	0	48	0	192	0	0	0	0	0	0	0	0	0	0	0	0	0	0	0	0	0	0	0	0	0	0	0	0	0	0	0	0	0	0	0	0	0	0	0	0	0	0	0	0	0	0	0	0	
0	0	0	0	0	0	0	0	0	0	0	0	0	0	0	0	0	0	0	0	0	0	0	48	0	0	0	96	0	0	0	0	0	0	0	0	0	0	0	0	0	0	0	0	0	0	0	0	0	0	
0	0	0	0	0	0	0	0	0	0	0	0	0	0	0	0	0	0	0	0	0	0	0	0	0	0	0	0	0	0	0	0	0	0	0	0	0	0	0	0	0	48	192	0	0	0	0	0	0	0	
48	0	0	0	96	0	500	0	0	0	0	0	0	0	0	0	0	0	0	0	0	0	0	0	0	0	0	0	0	0	0	0	0	0	0	0	0	0	0	0	0	0	0	0	0	0	0	0	0	0	
0	0	0	96	0	0	0	0	0	0	0	0	0	0	0	0	0	0	0	0	0	0	0	0	0	0	0	0	0	0	0	0	0	0	96	0	0	0	0	0	0	0	0	0	0	0	0	0	0	0	
192	0	0	0	0	0	0	0	0	0	0	0	500	0	0	0	0	0	0	0	0	0	0	0	0	0	0	0	0	0	0	0	0	0	0	0	0	0	0	0	0	0	0	0	0	0	0	0	0	0	
0	0	0	500	0	0	0	0	0	0	0	0	0	0	0	0	0	0	0	0	0	0	0	0	0	0	0	0	0	0	0	0	0	0	0	0	0	0	0	0	0	0	0	0	0	96	0	0	0	0	
0	0	0	0	0	0	0	0	0	0	0	0	0	0	0	0	0	0	0	0	0	0	0	0	0	0	0	0	0	0	0	0	0	0	0	0	0	96	0	0	0	0	0	0	0	0	0	0	0	96	
0	0	0	0	0	0	0	0	0	192	0	0	0	0	0	0	0	0	0	0	0	0	0	0	0	0	0	0	0	500	0	0	0	0	0	0	0	0	0	0	0	0	0	0	0	0	0	0	0	0	
0	0	0	0	0	0	0	0	192	0	0	0	0	0	0	0	0	0	0	0	0	0	0	0	0	0	0	0	0	96	0	0	0	0	0	0	0	0	0	0	0	0	0	0	0	0	0	0	0	0	
0	0	0	0	0	0	0	0	0	0	0	0	0	0	0	0	0	0	0	0	0	96	0	0	0	0	0	48	0	0	0	0	0	0	0	0	0	0	0	0	0	0	0	0	0	0	0	0	0	0	
0	0	0	0	0	0	0	0	0	0	0	0	0	0	0	96	0	0	0	0	0	0	192	0	0	0	192	0	0	0	0	0	0	0	0	0	0	0	0	0	48	0	0	0	0	0	0	0	0	0	
0	0	0	0	0	500	0	0	0	0	0	0	0	0	192	0	0	0	0	0	0	0	0	0	0	0	0	0	0	0	0	0	0	0	0	0	0	0	0	0	0	0	0	0	0	0	0	0	0	0	
0	0	0	0	0	0	0	0	0	0	0	0	0	0	0	0	0	0	0	0	0	0	0	0	0	0	0	0	0	0	0	0	0	0	0	0	0	192	0	0	0	0	0	0	0	0	0	0	0	96	
0	0	0	0	0	0	0	0	0	0	0	0	192	0	0	0	0	0	0	0	0	0	0	48	0	0	0	0	0	0	0	0	0	0	0	0	0	0	0	0	0	0	0	0	0	192	0	0	0	0	
0	0	0	0	0	0	0	0	0	0	0	96	0	0	0	0	0	0	0	0	0	0	0	0	0	0	192	0	0	0	0	0	0	0	0	0	0	0	0	0	0	0	0	0	0	0	0	0	0	0	
0	0	0	0	0	0	0	0	0	0	0	0	0	0	0	0	0	0	0	0	0	0	96	0	0	0	0	0	0	0	0	0	0	0	192	0	0	0	0	0	0	0	0	0	0	0	0	0	0	96	
0	0	0	0	0	0	0	0	0	0	0	0	0	0	0	0	0	0	0	0	0	0	0	0	0	0	0	0	0	0	0	0	0	0	0	0	0	0	0	0	192	0	0	0	0	0	0	0	192	0	
0	0	0	0	0	0	0	0	0	0	0	0	0	0	0	0	0	0	0	0	0	0	0	0	0	500	0	0	0	0	48	0	0	0	0	0	0	0	0	0	0	0	0	48	0	0	0	0	0	0	
0	0	0	0	0	0	0	0	0	0	0	0	0	0	0	0	0	0	0	0	0	500	0	0	500	0	0	48	0	0	0	0	0	0	0	48	0	0	0	0	0	0	0	0	0	0	192	0	0	0	
0	0	0	0	0	0	0	0	0	0	0	0	0	0	0	0	0	0	0	0	0	0	0	0	0	0	0	0	0	0	0	0	0	0	0	0	0	0	0	0	0	48	0	0	48	0	0	0	0	0	
0	0	0	0	0	0	0	0	0	0	96	0	0	0	0	0	0	0	0	500	0	0	0	0	0	0	0	0	0	0	0	0	0	0	0	0	0	0	0	0	0	0	0	0	0	0	0	0	0	0	
0	0	0	0	0	0	0	0	0	0	0	192	0	0	0	0	96	0	0	0	0	0	0	0	0	0	0	0	0	0	0	0	0	0	0	0	0	0	0	0	0	0	0	0	0	0	0	0	0	0	
0	48	0	0	0	0	0	0	0	0	0	0	0	0	48	0	0	0	0	0	0	0	0	0	0	0	0	0	0	0	0	0	0	0	0	0	0	0	0	0	0	0	0	0	0	0	0	0	0	0	
0	0	0	0	0	0	0	0	0	0	0	0	0	0	0	0	0	0	0	500	0	0	0	0	0	0	0	192	0	0	0	0	0	0	0	0	0	0	0	0	0	0	0	0	0	0	0	0	0	0	
0	0	0	0	0	0	0	0	0	0	0	0	0	0	0	0	0	0	500	0	0	0	0	0	0	0	0	0	0	0	0	0	0	0	0	0	0	0	0	0	0	0	0	192	0	0	0	0	0	0	
0	0	0	0	0	0	0	0	0	0	0	192	0	0	0	192	0	0	0	0	0	0	0	0	0	0	0	0	0	0	0	0	0	0	0	0	0	0	0	0	0	0	0	0	0	0	0	0	0	0	
0	96	0	0	0	0	0	0	0	0	48	0	0	0	0	0	0	0	0	48	0	0	0	0	192	0	0	0	0	0	0	0	0	0	0	48	0	0	0	0	0	0	0	0	0	0	0	0	0	0	
0	0	0	0	0	0	0	0	0	0	0	0	0	0	0	0	0	0	0	0	0	0	0	0	0	0	0	0	0	0	48	0	48	0	0	0	0	0	0	48	0	0	0	0	0	0	500	48	0	0	
0	0	0	0	0	0	0	0	500	96	0	0	0	0	0	0	0	0	0	0	0	0	0	0	0	0	0	0	0	0	0	192	0	0	0	0	48	0	0	0	0	0	0	0	0	0	0	0	500	0	
0	0	0	0	0	0	0	0	0	0	0	0	0	0	0	0	0	0	48	0	0	0	0	0	0	0	0	0	48	0	0	0	0	0	0	0	0	0	0	0	0	0	0	0	0	0	0	0	0	0	
0	0	0	0	0	0	0	0	0	0	0	0	0	0	0	0	0	0	0	0	0	0	0	0	0	0	0	0	0	192	0	0	0	0	0	0	48	0	0	0	0	0	0	0	0	0	0	0	0	0	
0	0	0	0	0	0	0	0	0	0	0	0	0	0	0	0	0	0	0	0	0	0	0	0	0	0	0	0	48	0	0	0	0	0	0	0	0	0	0	192	0	0	0	0	0	0	0	0	0	0	
0	0	0	0	0	0	0	0	0	0	0	0	0	0	0	0	0	0	0	0	0	0	0	0	0	0	0	0	0	0	0	0	0	0	0	0	0	0	0	0	0	192	500	0	48	0	0	0	0	0	
0	0	0	0	96	0	0	0	0	0	0	0	0	0	0	0	192	0	0	0	0	0	0	0	0	0	0	0	0	0	0	0	0	0	0	0	0	0	0	0	0	0	0	0	0	0	0	0	0	0	
0	0	0	0	0	0	0	0	0	0	0	0	0	0	0	0	0	0	0	48	0	0	0	0	0	0	0	48	0	0	0	0	0	0	0	0	0	0	0	0	0	0	0	0	0	0	0	0	0	0	
0	0	0	0	0	0	0	0	0	0	0	0	0	0	0	0	0	0	0	0	0	0	0	0	0	0	0	0	0	48	0	48	0	0	0	0	0	0	0	0	0	0	0	0	0	0	0	0	0	0	
0	0	0	0	0	0	0	96	0	0	0	0	0	192	0	0	0	0	0	0	0	0	0	0	0	0	0	0	0	0	0	0	0	0	0	0	0	0	0	0	0	0	0	0	0	0	0	0	0	0	
0	0	0	0	0	0	0	0	0	0	0	0	0	0	0	0	0	0	0	0	0	0	0	0	0	0	0	0	0	0	0	0	0	0	0	0	0	0	0	0	96	0	0	0	0	0	0	500	0	0	
0	0	0	0	0	0	0	0	0	0	0	0	0	0	0	0	0	0	0	0	0	0	0	0	0	0	0	0	48	0	0	0	192	0	0	0	0	0	0	0	0	0	0	0	0	0	0	500	0	0	
0	0	0	0	0	0	0	0	0	0	0	48	0	0	0	0	0	192	0	0	0	0	0	0	0	0	0	0	0	0	0	0	0	0	0	0	0	0	96	0	0	0	0	0	0	0	0	0	0	0	
0	0	48	0	0	0	0	0	0	0	0	0	0	0	0	0	0	0	0	0	48	0	0	0	0	0	0	0	0	0	0	0	0	192	0	0	0	0	0	0	0	0	0	0	0	0	0	0	0	0	
0	0	192	0	0	0	0	0	0	0	0	0	0	0	0	0	0	0	0	0	0	0	0	0	0	0	0	0	0	0	0	0	0	500	0	0	0	0	0	0	0	0	0	0	0	0	0	0	0	0	
0	0	0	0	0	0	0	0	0	0	0	0	0	0	0	0	0	0	48	0	0	0	0	0	0	192	0	0	0	0	0	0	0	0	0	0	0	0	0	0	0	0	0	0	0	0	0	0	0	0	
0	0	0	0	0	0	0	0	0	0	0	0	0	0	0	0	0	0	0	0	48	0	0	0	0	0	0	0	0	0	0	0	0	48	0	0	0	0	0	0	0	0	0	0	0	48	0	0	0	0	
0	0	0	0	0	0	96	0	0	0	0	0	0	0	192	0	0	0	0	0	0	0	0	0	0	0	0	0	0	0	0	0	0	0	0	0	0	0	0	0	0	0	0	0	48	0	0	0	0	0	
0	0	0	0	0	0	0	0	0	0	0	0	0	0	0	0	0	0	0	192	0	0	0	0	0	0	0	0	500	0	0	0	0	0	0	0	0	0	0	0	0	0	0	0	0	0	0	0	0	0	
0	0	0	0	0	0	0	0	0	0	0	0	0	0	0	0	0	0	0	0	0	0	0	0	0	0	0	0	48	0	0	0	0	0	0	0	0	0	500	500	0	0	0	0	0	0	0	0	0	0	
0	0	0	0	0	0	0	0	0	0	0	0	0	0	0	0	0	192	0	0	0	0	0	0	0	0	0	0	0	500	0	0	0	0	0	0	0	0	0	0	0	0	0	0	0	0	0	0	0	0	
0	0	0	0	0	0	0	96	0	0	0	0	0	96	0	0	96	0	0	0	0	0	0	0	0	0	0	0	0	0	0	0	0	0	0	0	0	0	0	0	0	0	0	0	0	0	0	0	0	0	
19	24	36	8	40	6	31	39	27	8	17	40	39	14	35	28	36	11	29	21	33	14	26	24	19	27	41	1	13	5	35	15	30	9	1	46	13	37	14	27	6	17	42	34	21	23	26	13	31	19	11	49	21	25	35	42	7	39	21	48	29	39	5	20	0	27	17	45	29	41	47	16	9	35	11	16	1	9	19	12	48	49	30	3	12	34	32	10	30	17	47	14	22	6	46	24	17	40	6	37	9	16	0	20	40	46	12	48	36	3	34	26	5	33	7	31	12	19	38	41	8	29	43	26	12	22	30	41	38	46	40	36	43	42	32	3	20	44	37	9	47	1	13	20	28	49	34	48	44	48	7	16	47	36	30	36	23	48	29	35	35	10	28	19	20	17	47	11	42	45	6	49	6	2	26	38	4	14	31	1	30	31	28	1	21	35	16	39	10	34	33	1	29	46	22	6	46	21	36	44	24	47	42	46	3	36	47	45	38	41	22	20	43	35	25	22	35	26	37	48	13	45	46	41	44	33	45	24	27	20	19	48	41	13	18	18	10	33	46	23	38	26	46	3	38	23	37	49	11	19	1	47	5	42	26	32	18	37	37	37	2	26	19	37	31	7	22	44	49	42	33	37	8	36	24	30	5	9	36	8	22	0	30	31	6	7	28	24	7	6	20	45	25	37	8	7	1	10	10	36	10	27	42	31	6	16	30	48	49	7	43	33	6	12	46	31	8	5	8	13	17	2	16	26	3	33	45	26	5	2	38	9	33	33	33	38	18	30	3	8	25	31	0	18	37	38	20	45	31	16	3	12	4	23	15	12	42	30	14	4	0	31	11	13	4	26	26	23	2	27	14	36	41	45	10	47	2	24	44	4	31	37	3	5	24	48	39	49	48	40	42	42	43	45	20	8	31	5	45	48	31	38	37	16	2	13	31	32	41	2	39	3	32	0	16	37	15	45	29	37	10	29	47	34	2	24	3	12	18	30	10	10	6	41	43	10	27	17	16	39	45	36	27	26	4	34	28	22	33	43	37	4	32	9	6	45	20	48	47	4	22	18	13	42	39	35	21	33	10	3	39	12	34	5	48	36	39	5	29	24	34	22	4	0	21	46	21	7	36	33	11	14	0	49	6	6	48	19	27	0	38	3	7	3	14	42	6	28	7	24	9	24	24	30	2	2	33	20	33	16	4	41	33	39	6	4	49	17	41	21	35	23	49	45	24	39	41	43	9	4	14	9	40	38	41	47	3	44	6	11	14	36	13	39	1	29	30	47	12	39	22	41	15	18	16	47	12	19	38	22	11	41	34	39	12	11	10	21	47	7	14	17	37	17	20	5	21	12	8	41	1	5	49	7	42	47	29	19	28	41	27	11	2	20	37	43	11	7	17	49	24	37	14	18	40	37	29	20	34	20	34	34	4	41	9	18	19	26	43	29	10	17	13	7	3	7	15	3	45	25	19	13	21	48	24	30	28	10	47	32	27	36	44	24	13	30	25	5	38	35	13	37	15	45	20	39	38	15	38	2	4	45	4	42	12	4	19	15	10	18	31	21	38	36	28	42	31	5	19	14	2	21	47	11	15	41	36	39	46	7	12	34	42	30	14	2	34	37	37	39	38	25	35	3	27	3	40	34	15	10	31	26	0	49	32	29	31	17	17	22	31	49	43	14	31	30	1	5	27	25	2	14	35	45	48	40	28	1	37	31	3	10	1	40	24	49	23	23	37	21	0	17	1	4	5	24	11	23	7	17	31	36	3	38	9	42	27	30	0	12	26	31	19	37	47	2	27	19	46	39	22	1	11	24	28	35	17	11	22	40	2	0	18	30	44	9	15	12	8	21	16	32	11	33	1	38	31	43	16	21	20	27	8	37	37	3	16	26	5	5	18	47	28	19	10	25	32	25	41	37	34	44	46	26	32	15	37	25	4	12	29	38	19	15	34	27	34	22	5	22	6	35	39	7	37	38	48	31	5	48	42	49	8	45	45	6	11	8	19	31	7	37	40	17	48	3	38	34	26	42	35	36	26	19	7	34	21	40	34	15	37	44	26	26	38	23	40	5	20	10	17	3	12	49	37	6	47	19	45	39	14	46	27	2	39	36	12	42	36	19	9	39	17	43	48	18	27	40	15	19	49	20	37	21	23	15	9	17	21	12	9	8	10	30	37	14	15	16	8	44	2	23	13	20	49	25	46	3	0	44	12	12	20	16	35	0	16	45	45	16	7	13	1	35	15	26	22	38	10	6	35	24	43	18	0	36	22	6	11	31	11	1	19	16	37	29	35	36	27	6	19	33	49	0	13	4	21	30	36	5	48	6	33	9	48	16	10	19	10	48	29	48	49	23	9	46	25	25	7	12	14	29	34	48	48	9	16	27	48	7	37	28	17	45	6	49	39	14	15	33	19	49	9	18	21	8	37	46	23	34	25	40	32	42	47	26	45	32	32	2	20	4	11	5	23	2	44	40	5	12	5	42	20	7	21	5	49	4	9	31	17	37	
44	25	13	17	20	28	29	13	48	37	24	12	36	48	0	41	22	36	40	14	36	1	10	3	45	44	2	15	17	31	33	35	45	27	36	11	40	2	47	11	40	28	22	20	8	46	16	6	48	40	25	26	9	3	39	49	8	11	49	5	49	43	7	7	29	23	47	45	5	46	24	14	23	45	29	10	43	22	34	26	6	1	23	0	43	4	35	3	11	17	28	14	28	29	42	21	10	21	28	43	34	35	8	47	29	46	43	42	40	48	40	13	11	43	32	7	24	13	45	25	20	36	6	36	18	44	22	23	6	47	12	28	25	11	34	34	40	22	16	4	33	49	48	22	13	8	36	41	34	20	5	21	33	25	0	43	37	48	13	33	48	41	32	26	44	30	16	32	24	46	27	42	21	36	43	45	13	20	1	23	37	33	30	15	2	42	42	11	17	47	31	11	20	43	20	14	7	2	3	17	45	12	44	26	35	13	6	5	41	21	43	31	1	28	36	34	26	12	31	30	9	32	10	32	39	14	44	12	47	1	47	47	3	43	18	16	27	23	37	46	48	17	29	22	26	27	38	1	36	9	2	26	43	47	48	35	19	43	36	29	15	33	47	44	16	13	47	18	28	23	36	40	34	0	23	36	43	24	22	40	34	7	1	39	20	47	11	30	28	20	29	41	41	8	17	2	48	13	47	10	5	21	35	13	32	12	42	30	36	41	17	42	0	48	32	27	40	42	1	42	47	39	20	39	9	32	42	11	49	19	2	30	42	42	34	37	40	27	20	32	22	4	24	34	4	25	23	48	17	38	30	42	10	22	45	29	3	47	20	10	19	4	9	20	20	11	33	24	41	19	5	31	15	4	11	4	8	42	9	42	37	27	18	40	34	13	36	38	20	45	17	27	8	9	36	4	6	0	14	29	4	30	13	35	33	14	25	12	14	42	7	35	47	32	13	28	1	16	43	38	47	0	36	19	30	10	16	42	48	20	9	26	41	16	46	33	8	10	0	14	2	49	31	35	31	29	13	12	42	25	13	38	28	18	5	26	3	30	15	22	49	9	36	42	3	37	34	3	22	0	1	1	10	5	16	32	4	9	20	35	9	30	15	30	1	27	9	6	27	28	49	4	4	28	9	31	8	17	11	2	43	24	46	18	32	35	11	34	34	14	32	36	1	6	13	19	28	48	14	17	16	44	34	12	15	49	14	5	3	12	43	2	3	40	0	17	38	11	48	49	35	0	15	25	0	28	7	49	29	25	5	17	39	37	35	20	49	47	47	36	22	31	46	14	34	24	29	11	8	26	26	3	25	8	3	9	6	18	15	29	16	29	10	14	8	30	20	20	19	15	44	32	48	0	37	44	36	49	16	5	44	4	48	18	19	14	12	27	18	38	2	29	40	38	32	15	10	49	4	36	45	25	1	1	14	42	48	17	8	38	11	41	44	19	42	2	1	9	40	25	2	42	33	26	20	8	37	12	41	35	21	24	40	2	4	2	18	31	28	41	2	3	29	43	42	32	43	31	18	35	21	6	43	6	8	10	18	13	23	30	37	12	37	12	21	39	17	41	43	9	11	5	31	30	3	3	19	29	18	13	38	30	21	13	37	20	27	26	4	13	7	41	12	3	0	6	22	8	7	27	7	0	13	37	13	49	1	44	42	21	31	20	11	3	6	38	19	28	40	26	40	46	39	39	16	2	44	30	42	34	41	0	25	46	32	44	30	46	38	25	27	32	17	46	19	48	42	37	5	2	11	5	45	40	0	14	49	32	16	26	30	10	33	36	13	21	2	48	32	33	30	20	40	36	25	31	44	20	45	20	12	49	26	3	2	33	42	24	43	16	20	18	2	26	19	25	36	49	39	42	1	33	24	21	15	26	19	15	5	43	49	26	4	30	32	47	41	35	46	9	48	16	3	30	25	39	45	25	31	4	9	0	37	1	24	2	0	24	34	42	32	27	1	30	49	17	12	7	32	20	12	44	14	19	31	22	30	24	29	44	42	46	46	15	22	17	45	36	47	5	37	16	8	46	37	42	28	36	34	42	5	12	39	21	23	34	20	32	19	39	3	41	38	31	49	9	24	17	16	0	18	43	42	31	33	5	4	33	25	9	12	46	43	3	11	15	25	19	36	20	23	9	35	22	19	33	32	39	25	45	41	0	33	48	16	27	7	16	36	46	39	48	46	42	47	49	26	16	2	33	30	10	41	40	21	46	18	12	30	33	6	41	35	27	22	26	26	30	12	34	49	23	38	39	37	36	15	42	19	14	4	49	16	44	25	43	15	35	15	24	41	48	19	13	14	8	37	20	36	12	49	1	27	20	18	43	32	37	31	25	4	3	13	25	13	10	6	40	13	1	29	11	49	6	13	19	25	31	8	2	13	49	16	9	0	47	14	35	49	3	11	20	30	5	47	20	1	36	33	38	33	48	25	47	20	32	20	17	4	6	37	47	42	49	46	13	2	43	10	5	20	43	20	20	49	46	38	39	32	28	40	48	
36	32	40	35	37	36	34	38	39	25	36	32	36	25	29	34	38	36	23	22	22	21	40	30	21	31	35	30	32	39	24	28	40	36	32	33	27	34	39	34	24	31	25	36	39	24	25	20	21	32	35	40	25	36	20	24	39	28	26	37	29	29	20	21	21	39	38	39	33	20	32	21	23	23	39	23	35	24	26	28	28	26	36	29	20	37	28	35	36	33	37	32	28	31	40	37	37	20	21	33	34	40	24	39	36	39	38	23	29	39	38	31	29	39	37	30	37	20	34	21	35	22	25	36	31	24	37	34	38	27	28	28	25	31	33	31	24	20	38	29	33	39	38	28	38	20	24	29	33	32	37	24	30	34	20	28	40	30	34	38	40	34	23	32	29	36	38	40	29	38	20	39	31	20	24	39	27	32	27	33	25	38	33	22	36	21	30	34	20	27	28	36	24	23	29	38	20	34	36	25	26	21	40	34	27	20	28	24	21	34	32	21	30	22	21	22	34	23	35	20	36	21	35	20	34	26	33	23	32	21	38	31	36	33	38	38	34	35	35	28	33	38	21	39	25	22	34	39	39	29	30	28	27	35	27	33	22	38	32	35	34	29	37	25	25	36	33	40	35	40	35	27	25	24	29	34	36	35	34	28	31	20	32	29	29	38	28	31	24	28	36	27	25	27	35	21	25	34	39	30	30	31	26	38	32	25	25	26	32	34	20	26	27	22	24	36	23	24	31	20	21	20	32	33	24	31	32	38	28	22	30	39	28	33	36	34	26	38	29	40	33	37	32	25	20	29	34	36	37	20	31	37	21	25	30	25	36	37	33	27	29	32	20	28	29	21	32	30	32	28	37	23	24	36	32	38	20	39	37	21	39	20	37	32	40	30	27	22	22	28	36	39	31	38	28	28	37	33	21	37	22	21	40	29	28	22	40	22	26	33	25	33	36	22	28	31	36	33	31	38	31	28	31	22	39	31	23	29	23	23	27	36	39	21	31	24	25	37	31	21	35	21	31	22	38	20	22	29	40	37	31	39	32	40	36	32	23	28	24	33	25	37	35	25	37	29	34	33	24	27	20	26	33	29	39	30	31	20	37	31	38	37	32	39	25	25	30	36	25	30	29	30	22	21	30	27	29	36	27	24	26	31	37	24	34	38	32	36	38	29	31	24	40	31	39	36	31	29	31	24	24	28	36	21	31	34	36	33	27	39	22	22	33	30	39	20	29	30	22	40	40	32	21	21	32	34	36	23	39	39	24	31	31	39	22	28	23	26	38	34	29	32	36	34	38	34	25	22	37	36	37	34	23	23	20	35	24	31	20	21	31	40	33	24	25	38	26	28	31	38	26	40	31	25	20	20	37	26	25	21	34	25	23	30	39	21	32	32	23	30	33	30	33	40	29	35	35	21	27	28	39	33	27	20	21	22	27	34	31	24	33	40	27	20	22	38	32	20	36	39	32	26	30	22	27	30	38	37	22	25	35	21	30	36	39	39	34	27	21	26	35	22	32	28	39	31	30	28	33	39	20	20	22	33	21	24	28	40	36	36	20	35	35	35	25	35	31	33	29	36	27	24	29	25	34	27	22	29	34	21	20	39	34	39	38	38	35	21	26	23	37	38	33	38	25	26	33	34	30	27	31	29	36	22	30	22	35	24	20	21	35	30	32	36	25	25	32	36	27	34	39	27	23	39	40	38	37	30	33	29	39	39	32	27	31	40	31	28	28	24	39	26	27	21	21	28	32	33	27	25	28	29	23	26	33	34	28	31	35	40	29	37	30	30	28	37	26	27	21	35	33	26	28	25	35	20	36	30	34	29	38	29	38	33	40	37	33	40	29	34	22	34	34	33	22	23	20	35	24	27	40	23	38	24	22	36	21	35	37	40	35	39	38	22	33	31	38	26	33	29	27	22	20	26	23	21	39	38	22	38	32	39	24	39	21	33	36	27	27	37	26	39	40	37	29	36	40	29	30	28	39	25	25	33	24	23	38	31	24	32	38	29	25	34	21	22	31	29	30	21	28	26	39	38	32	20	27	40	27	22	40	30	33	24	39	37	40	23	33	38	39	20	31	38	36	32	25	24	35	28	40	24	37	23	28	39	40	25	40	21	36	37	33	36	28	40	35	35	32	27	29	33	38	34	34	27	29	22	37	28	24	35	39	22	29	33	37	40	24	23	26	40	35	30	20	21	37	21	34	30	24	28	22	25	33	21	40	35	36	21	40	31	34	28	29	33	32	30	26	22	23	28	37	37	37	23	27	22	28	31	26	20	22	32	33	23	38	21	21	22	34	23	27	27	32	30	32	28	24	40	23	30	32	30	38	20	34	29	36	29	36	21	24	29	24	33	36	26	35	20	23	40	30	22	34	34	30	40	23	27	27	21	38	32	31	25	26	24	36	35	28	32	22	39	32	24	27	21	26	27	22	25	39	22	33	30	20	36	34	29	29	36	36	36	36	26	20	39	21	36	27	26	40	27	34	23	21	30	31	40	37	25	
11	26	13	30	32	45	12	27	22	31	32	48	31	49	25	37	15	16	47	17	20	49	50	11	19	31	32	34	37	25	26	22	30	39	45	45	15	14	41	30	50	24	33	50	50	12	39	45	50	38	36	31	46	20	24	43	39	20	23	28	22	49	38	18	43	46	48	14	38	23	49	48	18	20	12	34	12	33	23	25	46	14	18	42	50	10	34	44	15	30	13	24	46	18	35	45	46	33	32	40	20	44	25	28	11	12	20	22	36	25	23	38	36	37	19	37	14	37	15	41	21	23	38	42	49	34	11	49	27	36	34	18	24	21	37	40	50	14	21	41	27	33	48	14	33	22	46	36	13	32	14	15	29	44	46	11	32	35	27	50	20	27	50	42	13	10	30	45	14	22	35	22	13	11	14	12	17	12	25	18	27	32	18	16	11	47	32	33	49	40	48	26	39	42	26	19	38	37	34	31	40	29	15	34	31	13	30	21	32	36	44	35	49	30	46	25	18	26	46	14	21	22	18	40	13	35	22	49	30	32	11	17	48	31	31	14	27	16	10	11	49	32	50	43	29	40	12	28	23	28	22	15	10	24	39	29	26	10	43	21	33	33	14	34	18	41	38	16	20	42	23	12	39	20	19	44	10	48	26	38	18	47	10	48	19	34	26	13	19	44	25	15	10	34	46	42	35	46	46	17	15	36	15	33	38	12	31	16	36	17	34	41	34	46	46	49	19	13	14	43	34	18	48	31	30	29	46	20	29	48	29	48	32	43	22	22	33	34	39	40	36	33	32	50	25	29	37	48	13	49	23	36	44	18	16	50	47	33	50	47	44	11	36	37	23	26	24	31	19	19	23	35	24	42	48	42	10	22	28	15	22	44	41	34	19	21	30	26	41	40	44	11	10	13	32	12	11	12	48	39	17	10	18	21	43	14	28	48	26	40	20	20	49	21	30	33	43	17	13	44	48	35	17	46	30	15	36	27	47	45	17	35	30	27	13	36	32	27	41	36	19	27	26	33	24	40	42	37	48	15	34	11	46	42	45	26	15	45	36	28	13	17	32	19	29	49	34	41	34	35	43	28	25	37	35	33	32	30	42	33	45	37	39	18	48	46	26	35	29	35	35	25	33	27	39	39	17	23	29	15	22	10	19	10	25	24	15	49	44	29	47	32	36	38	47	13	49	41	37	20	33	28	12	40	48	15	33	47	16	33	33	27	39	11	39	27	20	23	20	10	31	39	22	30	35	11	22	49	36	33	23	33	39	43	36	18	27	40	44	41	27	35	34	17	24	20	40	42	14	31	21	28	46	15	19	31	21	34	33	30	45	25	23	30	50	20	12	45	16	42	17	30	22	32	29	45	12	21	36	50	29	19	22	30	19	35	32	22	28	29	17	18	15	20	13	13	46	28	28	44	16	39	30	35	13	18	26	40	32	19	37	46	25	23	42	37	35	19	26	23	38	50	11	25	32	38	32	11	30	28	10	48	50	12	20	44	44	49	32	22	39	50	39	43	25	38	26	28	15	46	44	12	12	33	11	37	15	18	24	35	14	25	46	15	46	20	24	19	36	18	32	20	44	36	29	18	21	17	22	32	21	45	16	43	43	23	36	26	27	36	28	41	10	15	32	36	41	35	28	37	19	31	15	45	18	14	44	34	26	16	48	19	24	45	12	21	13	33	32	19	39	39	21	31	21	32	46	10	13	20	30	28	29	22	16	43	45	27	21	36	21	20	49	50	27	39	43	39	23	49	45	28	14	39	30	25	17	31	35	47	17	43	48	21	44	15	15	36	34	30	47	28	48	42	23	22	33	41	30	43	37	43	44	42	35	30	21	20	12	35	25	25	45	26	37	19	27	35	47	34	10	27	50	46	30	27	29	46	31	47	11	14	25	42	43	29	42	50	11	18	49	19	13	25	47	13	25	17	22	38	10	16	35	22	35	21	27	19	30	11	47	18	38	12	39	41	43	10	38	29	39	39	26	29	27	24	24	42	49	18	50	35	30	11	38	42	22	12	43	24	47	49	29	24	32	47	43	21	17	15	36	34	40	39	28	37	45	26	22	25	36	19	32	14	13	30	24	10	46	41	50	36	25	44	12	35	13	18	48	41	25	21	46	30	12	11	17	21	23	18	10	16	43	31	12	28	20	20	45	10	13	44	17	50	10	30	17	39	28	44	15	23	13	40	31	11	23	43	14	42	37	28	43	42	47	34	21	21	45	32	40	38	42	43	31	38	11	36	47	47	44	45	17	21	49	11	13	21	27	14	31	37	34	28	40	25	26	46	10	49	45	47	35	16	29	24	20	26	35	50	41	46	26	40	38	21	17	34	34	25	13	26	21	29	33	28	24	10	35	47	33	14	37	11	18	21	11	32	29	20	18	33	25	50	35	19	25	27	49	16	16	17	39	26	45	43	39	24	37	24	43	16	20	45	10	17	35	48	48	21	48	23	28	23	38	43	24	33	15	34	27	10	12	23	21	34	26	34	31	29	11	39	
5
90
