980
50
0	0	0	0	0	0	0	500	0	0	48	0	0	0	0	0	0	0	0	0	0	0	0	0	0	0	0	0	0	0	0	0	0	0	0	0	0	0	0	0	48	96	0	0	0	0	0	0	0	0	
0	0	0	0	0	0	0	0	0	0	0	0	0	0	0	0	96	0	0	0	0	0	0	0	0	0	0	0	0	0	0	0	500	0	0	0	0	0	0	0	0	0	0	0	0	0	0	0	0	0	
0	0	0	0	0	0	0	0	0	0	0	0	0	0	96	0	0	0	0	0	0	0	0	0	0	0	0	0	0	0	0	0	0	0	0	0	0	0	0	0	0	0	0	0	0	0	0	0	0	96	
0	0	0	0	0	0	0	0	0	0	0	96	0	0	0	0	0	0	0	0	0	0	0	0	0	0	0	0	0	0	0	0	0	0	500	0	0	0	0	0	0	0	0	0	0	0	0	0	0	0	
0	0	0	0	0	0	0	0	0	0	0	0	0	0	0	0	0	0	0	0	0	0	0	0	0	192	0	0	0	0	0	0	0	0	0	0	500	0	48	0	0	0	0	0	48	0	0	0	0	0	
0	0	0	0	0	0	0	0	0	0	0	0	0	0	0	0	0	0	48	0	0	0	0	0	0	0	0	0	0	0	0	0	0	0	500	0	0	0	0	0	0	0	0	0	0	0	0	0	0	0	
0	0	0	0	0	0	0	0	0	0	0	0	0	0	96	0	0	0	0	0	0	0	0	0	0	0	0	0	0	0	0	0	0	48	0	0	0	0	0	0	0	0	0	0	0	0	0	0	0	500	
500	0	0	0	0	0	0	0	0	0	0	0	0	0	0	0	0	0	0	0	0	0	0	0	0	0	0	0	0	0	0	96	0	0	0	0	0	96	0	0	0	96	0	0	0	0	0	0	0	0	
0	0	0	0	0	0	0	0	0	0	0	0	0	0	0	0	0	0	0	0	0	0	0	0	500	0	0	0	0	0	0	96	0	0	0	0	0	96	0	0	0	0	0	0	0	0	0	0	0	0	
0	0	0	0	0	0	0	0	0	0	0	0	0	0	0	192	0	0	0	0	0	0	0	0	0	0	0	0	0	0	0	0	0	0	0	0	0	0	0	0	0	0	0	48	0	48	0	0	0	0	
48	0	0	0	0	0	0	0	0	0	0	0	0	0	0	0	0	0	0	0	0	0	0	0	0	0	0	0	0	0	0	0	0	0	0	0	0	0	0	0	192	0	0	0	0	0	0	48	0	0	
0	0	0	96	0	0	0	0	0	0	0	0	0	0	0	0	0	0	0	0	0	0	0	0	0	0	0	0	0	0	0	0	0	0	0	0	0	0	0	0	0	0	0	0	0	0	0	0	48	0	
0	0	0	0	0	0	0	0	0	0	0	0	0	500	0	0	0	0	0	0	0	0	500	0	0	0	0	0	0	48	0	0	0	0	0	0	0	0	0	0	0	0	0	0	0	0	0	0	0	0	
0	0	0	0	0	0	0	0	0	0	0	0	500	0	0	0	0	96	0	0	0	0	0	0	0	0	0	0	0	0	0	0	0	0	0	0	0	0	0	0	0	0	0	0	48	0	0	0	0	0	
0	0	96	0	0	0	96	0	0	0	0	0	0	0	0	0	0	0	0	0	0	0	0	0	0	0	0	0	0	0	0	0	0	500	0	0	0	0	0	0	0	0	0	0	0	0	500	0	0	0	
0	0	0	0	0	0	0	0	0	192	0	0	0	0	0	0	0	0	0	0	0	0	0	0	0	48	0	0	0	0	0	0	0	0	0	0	0	0	0	0	0	0	0	500	0	0	0	0	0	0	
0	96	0	0	0	0	0	0	0	0	0	0	0	0	0	0	0	0	0	0	0	0	0	0	0	0	0	0	0	0	0	0	96	0	0	0	0	0	0	0	0	0	0	0	0	0	0	0	0	0	
0	0	0	0	0	0	0	0	0	0	0	0	0	96	0	0	0	0	0	0	0	0	0	0	0	0	0	0	0	0	0	0	0	0	0	0	0	0	0	0	0	0	0	0	96	0	0	0	0	0	
0	0	0	0	0	48	0	0	0	0	0	0	0	0	0	0	0	0	0	0	0	0	0	192	0	0	0	0	0	0	0	0	0	0	0	0	0	0	0	0	0	0	0	0	0	0	0	0	0	0	
0	0	0	0	0	0	0	0	0	0	0	0	0	0	0	0	0	0	0	0	0	0	0	0	0	0	0	96	0	0	0	0	0	0	0	0	0	0	0	0	0	0	0	0	0	0	0	0	500	0	
0	0	0	0	0	0	0	0	0	0	0	0	0	0	0	0	0	0	0	0	0	0	0	500	0	0	0	0	0	0	0	0	192	0	0	0	0	0	0	0	0	0	500	0	0	0	0	0	0	0	
0	0	0	0	0	0	0	0	0	0	0	0	0	0	0	0	0	0	0	0	0	0	0	0	0	0	0	0	192	0	0	0	0	0	0	96	500	0	0	0	0	0	0	0	0	0	0	0	0	0	
0	0	0	0	0	0	0	0	0	0	0	0	500	0	0	0	0	0	0	0	0	0	0	0	0	0	0	0	0	0	0	0	0	0	0	0	0	0	0	192	0	0	0	0	0	0	0	0	0	0	
0	0	0	0	0	0	0	0	0	0	0	0	0	0	0	0	0	0	192	0	500	0	0	0	0	0	0	0	0	0	0	0	192	0	0	0	0	0	0	0	0	0	192	0	0	0	0	0	0	0	
0	0	0	0	0	0	0	0	500	0	0	0	0	0	0	0	0	0	0	0	0	0	0	0	0	0	0	0	0	0	0	192	0	0	0	0	0	0	0	0	0	0	0	0	0	0	0	0	0	0	
0	0	0	0	192	0	0	0	0	0	0	0	0	0	0	48	0	0	0	0	0	0	0	0	0	0	0	0	0	0	0	0	0	0	0	0	0	0	0	0	0	0	0	0	0	0	0	0	0	0	
0	0	0	0	0	0	0	0	0	0	0	0	0	0	0	0	0	0	0	0	0	0	0	0	0	0	0	500	0	96	0	0	0	0	0	0	0	0	0	0	0	0	0	0	0	0	500	0	0	0	
0	0	0	0	0	0	0	0	0	0	0	0	0	0	0	0	0	0	0	96	0	0	0	0	0	0	500	0	0	0	0	0	0	0	0	0	0	0	0	0	0	0	0	0	0	0	192	48	0	0	
0	0	0	0	0	0	0	0	0	0	0	0	0	0	0	0	0	0	0	0	0	192	0	0	0	0	0	0	0	0	0	0	0	0	0	192	0	0	0	0	0	0	0	0	0	0	0	0	0	0	
0	0	0	0	0	0	0	0	0	0	0	0	48	0	0	0	0	0	0	0	0	0	0	0	0	0	96	0	0	0	0	0	0	0	0	0	0	0	0	0	0	0	0	0	48	0	0	0	0	0	
0	0	0	0	0	0	0	0	0	0	0	0	0	0	0	0	0	0	0	0	0	0	0	0	0	0	0	0	0	0	0	0	0	0	0	0	48	0	192	0	0	0	0	0	0	0	0	0	0	0	
0	0	0	0	0	0	0	96	96	0	0	0	0	0	0	0	0	0	0	0	0	0	0	0	192	0	0	0	0	0	0	0	0	0	0	0	0	0	0	0	0	0	0	0	0	0	0	0	0	0	
0	500	0	0	0	0	0	0	0	0	0	0	0	0	0	0	96	0	0	0	192	0	0	192	0	0	0	0	0	0	0	0	0	0	0	0	0	0	0	0	0	0	500	0	0	0	0	0	0	0	
0	0	0	0	0	0	48	0	0	0	0	0	0	0	500	0	0	0	0	0	0	0	0	0	0	0	0	0	0	0	0	0	0	0	0	0	0	0	0	0	0	0	0	0	0	0	0	0	0	0	
0	0	0	500	0	500	0	0	0	0	0	0	0	0	0	0	0	0	0	0	0	0	0	0	0	0	0	0	0	0	0	0	0	0	0	0	0	0	0	0	0	0	0	0	0	0	0	0	0	0	
0	0	0	0	0	0	0	0	0	0	0	0	0	0	0	0	0	0	0	0	0	96	0	0	0	0	0	0	192	0	0	0	0	0	0	0	0	0	0	48	0	0	0	0	0	0	0	0	0	0	
0	0	0	0	500	0	0	0	0	0	0	0	0	0	0	0	0	0	0	0	0	500	0	0	0	0	0	0	0	0	48	0	0	0	0	0	0	0	0	0	0	0	0	0	0	0	0	0	0	0	
0	0	0	0	0	0	0	96	96	0	0	0	0	0	0	0	0	0	0	0	0	0	0	0	0	0	0	0	0	0	0	0	0	0	0	0	0	0	0	0	0	0	0	0	0	0	0	0	0	0	
0	0	0	0	48	0	0	0	0	0	0	0	0	0	0	0	0	0	0	0	0	0	0	0	0	0	0	0	0	0	192	0	0	0	0	0	0	0	0	0	0	0	0	0	0	0	0	0	0	0	
0	0	0	0	0	0	0	0	0	0	0	0	0	0	0	0	0	0	0	0	0	0	192	0	0	0	0	0	0	0	0	0	0	0	0	48	0	0	0	0	0	0	0	0	0	0	0	0	0	0	
48	0	0	0	0	0	0	0	0	0	192	0	0	0	0	0	0	0	0	0	0	0	0	0	0	0	0	0	0	0	0	0	0	0	0	0	0	0	0	0	0	0	0	0	0	0	0	0	0	0	
96	0	0	0	0	0	0	96	0	0	0	0	0	0	0	0	0	0	0	0	0	0	0	0	0	0	0	0	0	0	0	0	0	0	0	0	0	0	0	0	0	0	0	0	0	0	0	0	0	0	
0	0	0	0	0	0	0	0	0	0	0	0	0	0	0	0	0	0	0	0	500	0	0	192	0	0	0	0	0	0	0	0	500	0	0	0	0	0	0	0	0	0	0	0	0	500	0	0	0	0	
0	0	0	0	0	0	0	0	0	48	0	0	0	0	0	500	0	0	0	0	0	0	0	0	0	0	0	0	0	0	0	0	0	0	0	0	0	0	0	0	0	0	0	0	0	0	0	0	0	0	
0	0	0	0	48	0	0	0	0	0	0	0	0	48	0	0	0	96	0	0	0	0	0	0	0	0	0	0	0	48	0	0	0	0	0	0	0	0	0	0	0	0	0	0	0	0	0	0	0	0	
0	0	0	0	0	0	0	0	0	48	0	0	0	0	0	0	0	0	0	0	0	0	0	0	0	0	0	0	0	0	0	0	0	0	0	0	0	0	0	0	0	0	500	0	0	0	0	0	0	0	
0	0	0	0	0	0	0	0	0	0	0	0	0	0	500	0	0	0	0	0	0	0	0	0	0	0	500	192	0	0	0	0	0	0	0	0	0	0	0	0	0	0	0	0	0	0	0	0	0	0	
0	0	0	0	0	0	0	0	0	0	48	0	0	0	0	0	0	0	0	0	0	0	0	0	0	0	0	48	0	0	0	0	0	0	0	0	0	0	0	0	0	0	0	0	0	0	0	0	0	0	
0	0	0	0	0	0	0	0	0	0	0	48	0	0	0	0	0	0	0	500	0	0	0	0	0	0	0	0	0	0	0	0	0	0	0	0	0	0	0	0	0	0	0	0	0	0	0	0	0	0	
0	0	96	0	0	0	500	0	0	0	0	0	0	0	0	0	0	0	0	0	0	0	0	0	0	0	0	0	0	0	0	0	0	0	0	0	0	0	0	0	0	0	0	0	0	0	0	0	0	0	
41	37	38	6	36	42	48	48	24	28	34	42	25	36	45	7	41	25	35	42	17	40	21	22	5	25	23	43	45	19	14	13	7	27	14	8	23	13	1	7	48	20	20	48	24	12	7	29	43	36	23	17	3	49	28	30	48	25	43	48	38	15	1	40	17	26	6	0	24	17	26	18	17	8	48	47	12	20	30	48	21	38	21	37	2	4	18	29	20	4	36	33	39	23	9	36	42	12	32	42	23	46	45	41	17	44	26	15	43	18	34	41	17	41	30	15	4	31	29	30	24	9	36	30	32	20	7	13	0	14	45	48	44	14	27	39	2	0	4	0	34	21	25	36	15	40	38	11	27	46	14	29	16	2	31	31	8	1	35	15	13	44	33	47	21	31	10	24	27	10	4	13	27	39	37	15	2	33	46	20	43	7	41	37	48	26	41	17	17	46	29	4	35	13	34	14	10	11	14	9	44	33	30	32	39	18	8	2	33	29	44	40	38	29	17	34	8	13	4	15	0	0	25	10	34	36	1	31	46	31	9	4	22	14	17	4	42	36	27	29	10	42	1	15	48	23	45	13	49	5	22	21	23	8	27	45	0	21	20	8	32	39	32	22	1	1	22	23	21	8	44	24	39	0	36	7	13	33	11	6	24	34	1	30	9	32	7	35	1	33	12	9	42	44	37	25	17	20	45	1	14	42	16	15	22	30	39	28	33	7	18	6	39	10	25	23	12	17	34	28	40	33	47	45	42	10	11	8	6	1	26	18	10	35	27	30	28	30	29	40	48	21	5	25	29	11	0	24	1	8	27	36	23	15	45	27	38	47	24	17	22	6	33	0	27	33	33	15	48	27	25	37	44	22	40	42	15	1	28	32	46	3	26	3	3	26	45	19	0	19	46	29	20	29	38	45	19	46	36	16	48	17	49	18	7	39	12	3	17	40	15	42	34	11	31	41	34	26	15	31	48	36	47	24	2	0	27	46	21	39	24	11	33	46	38	7	41	48	24	37	38	42	45	14	38	27	32	12	2	48	44	9	20	12	32	14	5	31	4	17	25	38	35	46	26	23	44	3	0	15	12	19	49	17	24	12	42	49	47	46	11	32	16	0	18	25	37	12	1	16	23	19	30	22	3	49	43	14	22	32	6	48	47	17	38	29	4	46	33	4	16	37	47	43	37	29	30	3	17	28	8	3	20	14	26	5	34	48	8	28	26	24	9	45	18	38	8	38	23	29	33	37	40	15	32	10	28	46	44	42	24	7	48	1	49	32	48	29	48	39	23	29	25	41	49	32	25	30	44	40	19	42	29	10	24	24	2	9	25	26	44	20	28	29	25	23	31	49	34	26	15	18	7	27	6	45	12	24	7	18	20	31	26	9	23	4	4	8	11	5	13	48	4	33	34	7	8	31	19	45	37	39	5	13	33	35	23	30	34	32	17	20	2	39	0	29	2	11	34	33	12	9	48	8	40	8	46	1	35	37	17	49	11	48	39	2	3	15	31	44	37	32	27	43	14	42	10	29	38	44	18	7	43	47	1	2	26	25	33	6	25	21	29	39	9	14	3	31	5	12	49	14	7	8	4	17	9	4	10	5	18	1	43	10	7	2	40	8	14	47	15	2	32	9	41	12	37	33	18	46	41	40	31	18	48	0	23	21	22	35	5	34	26	23	28	22	8	16	36	5	42	2	48	2	10	31	7	44	12	33	22	25	48	41	14	1	14	24	16	1	41	31	47	15	3	41	45	37	0	36	9	4	30	0	34	48	13	49	13	33	24	10	49	28	49	28	18	43	23	38	22	18	5	21	24	22	49	17	30	17	19	24	15	1	30	23	42	21	27	43	49	5	40	43	5	5	46	31	12	6	15	7	30	34	13	17	6	37	5	14	5	24	19	41	39	24	48	13	44	33	25	39	15	8	34	8	10	12	9	45	36	2	26	10	8	28	7	30	13	38	37	23	38	38	4	16	17	37	36	34	45	29	41	35	1	17	23	20	2	17	8	30	9	25	10	23	27	28	22	6	15	2	18	28	33	35	10	11	38	33	32	14	29	37	12	8	25	14	47	7	15	44	30	17	0	5	36	44	40	31	43	41	0	10	35	38	13	13	8	5	22	41	6	49	2	2	10	3	8	10	24	47	5	25	30	0	31	4	42	49	1	13	26	45	38	22	40	48	11	48	18	27	21	25	10	17	16	4	21	0	39	17	25	36	42	2	28	42	39	17	
29	23	31	40	11	3	43	42	22	15	18	12	12	5	46	9	34	47	47	44	41	27	30	1	35	40	37	37	3	17	45	22	45	2	3	34	35	38	5	14	16	22	25	34	3	22	6	28	0	20	33	15	41	28	12	36	45	32	21	22	16	19	1	3	49	42	19	31	41	35	33	35	46	19	36	16	32	3	18	29	48	45	14	21	34	47	31	35	18	3	45	34	25	7	12	33	16	23	35	27	1	22	19	38	20	2	8	6	36	12	6	28	4	18	16	7	8	31	27	32	28	1	15	1	5	31	18	9	49	26	7	4	19	30	1	3	6	2	26	34	7	13	23	37	37	21	42	7	19	10	4	22	31	6	36	5	12	20	42	11	6	15	22	8	21	25	17	9	30	0	18	48	46	2	45	22	39	33	16	34	41	31	20	19	15	34	30	28	34	22	4	36	40	3	39	40	43	20	41	39	46	42	18	27	47	29	7	45	30	1	9	33	44	26	29	5	36	28	5	16	28	35	27	48	43	6	28	26	25	11	29	5	44	27	18	22	47	22	19	22	34	25	29	6	2	10	3	43	0	24	15	14	48	39	19	29	36	36	12	49	7	29	1	40	47	4	7	27	1	31	16	16	20	33	30	30	21	27	0	31	13	33	32	24	33	14	17	43	41	9	14	41	42	40	31	22	42	33	38	8	17	2	24	40	32	25	34	4	39	10	24	0	13	21	15	41	25	8	9	4	47	5	40	30	23	24	25	2	37	31	3	27	32	49	28	28	7	30	49	8	12	23	47	14	6	0	48	47	26	19	4	8	29	22	28	48	36	44	21	24	18	11	41	18	1	18	38	6	33	45	11	41	45	13	27	18	48	18	8	20	29	27	39	37	23	40	16	10	39	32	43	3	11	37	23	25	32	27	25	26	34	2	28	30	46	9	0	46	13	23	13	28	2	30	2	37	18	39	45	46	18	1	29	4	2	40	5	13	30	36	43	0	47	47	21	27	2	29	24	11	22	44	39	31	38	8	34	8	39	18	38	35	49	49	17	7	49	19	44	15	32	45	0	8	30	12	46	27	37	2	21	27	29	31	8	29	39	9	7	46	40	23	15	27	18	7	49	9	7	34	43	25	14	0	49	48	38	12	28	43	21	40	13	8	9	13	24	36	47	13	44	47	10	3	18	18	15	39	27	42	13	20	44	27	13	33	14	36	9	8	35	9	46	26	22	17	0	6	9	48	1	36	33	11	38	20	49	40	30	8	11	3	11	22	17	15	35	22	2	16	17	0	43	20	32	24	38	20	40	22	40	47	5	22	29	16	14	40	17	22	35	12	35	22	1	22	36	22	35	35	35	22	0	16	6	39	3	13	33	30	21	41	33	29	16	5	22	12	9	25	27	30	2	0	27	14	9	16	40	13	21	0	16	49	13	24	46	0	47	27	29	11	45	47	15	25	22	47	3	45	30	41	49	25	20	0	21	26	7	18	0	0	30	30	37	28	14	3	3	48	20	9	16	45	4	33	40	1	47	14	24	29	49	18	42	25	46	43	9	38	49	27	8	31	17	10	19	25	40	32	17	14	28	9	48	9	36	17	30	20	12	18	26	28	5	36	11	40	16	45	29	47	44	24	17	36	40	18	2	2	15	43	41	46	27	42	33	5	47	46	25	28	7	7	31	24	37	12	26	38	6	36	5	3	43	37	16	31	36	18	39	7	27	0	49	25	5	19	25	28	43	32	47	7	3	29	30	45	17	6	29	48	20	15	7	35	40	15	29	28	46	24	40	20	13	35	48	14	18	8	14	10	12	23	19	39	6	32	43	9	2	17	8	0	48	42	9	23	3	7	44	24	24	18	8	7	17	45	42	11	40	20	22	47	10	17	29	2	40	28	43	26	13	11	0	41	26	16	49	32	8	41	17	20	11	28	33	30	8	41	3	47	41	21	21	2	43	12	0	28	44	33	2	46	40	32	32	3	48	3	1	27	9	48	37	10	45	22	4	5	10	41	21	35	45	22	1	9	18	37	4	49	22	9	11	33	4	46	6	18	32	16	35	20	46	45	43	10	31	10	9	44	11	23	36	41	40	41	16	31	21	24	31	43	13	22	40	34	30	1	46	14	35	19	25	44	6	42	9	32	9	10	5	31	17	37	2	28	0	39	24	14	27	20	3	10	41	2	12	29	22	9	22	24	32	25	27	27	30	6	38	9	34	32	14	42	15	12	8	41	
21	23	27	31	27	26	26	35	34	28	25	27	38	29	36	21	34	37	39	34	36	34	36	23	37	38	25	24	35	40	39	20	34	32	34	38	39	20	24	33	32	25	31	26	26	30	26	37	24	30	37	36	26	26	27	25	34	25	31	29	30	21	20	23	33	37	27	26	29	28	29	33	38	27	29	26	23	27	35	23	31	34	22	36	23	30	34	31	23	34	23	20	39	27	37	24	34	28	21	23	34	39	36	23	40	33	26	29	29	39	25	28	39	28	20	22	36	36	27	32	33	34	25	37	38	30	24	36	40	24	20	36	40	34	38	29	40	38	26	34	40	27	32	24	21	27	37	33	37	39	24	38	25	35	23	31	36	30	23	33	38	20	37	37	37	34	28	26	32	33	21	27	35	36	38	25	34	28	29	22	30	38	38	40	33	21	28	32	35	20	39	35	37	35	34	27	32	40	30	40	26	35	37	23	25	22	37	40	38	36	36	39	29	21	40	32	21	36	26	24	21	29	35	36	25	22	39	33	23	36	21	37	36	40	37	22	26	30	24	38	30	39	21	26	38	26	26	34	22	36	20	37	25	21	37	23	32	21	30	28	23	40	31	25	24	39	26	37	39	21	35	28	22	34	39	33	29	22	40	27	34	24	24	22	35	37	37	35	38	35	37	40	40	25	26	22	20	20	25	26	22	34	40	32	20	25	20	26	32	28	23	31	23	23	31	32	32	26	40	25	39	25	20	26	38	33	28	32	30	29	31	33	36	24	22	20	36	38	30	39	30	39	35	32	23	33	36	37	39	31	38	21	35	31	25	29	21	37	35	39	24	35	28	28	26	22	30	35	25	24	25	38	29	24	34	37	40	27	33	39	29	36	28	39	37	35	22	21	37	34	37	36	38	21	37	34	35	26	33	28	39	25	26	23	25	37	37	40	32	37	25	21	32	37	31	26	32	40	23	24	35	29	40	23	24	25	34	29	29	31	30	21	35	21	38	20	35	24	25	40	28	39	27	31	37	30	31	27	29	23	35	37	21	32	37	30	26	30	32	20	27	27	40	33	31	33	24	32	31	31	28	31	39	30	21	33	38	35	26	20	37	21	33	25	28	24	39	33	40	40	23	35	21	25	28	39	29	33	32	30	30	40	33	20	22	20	34	36	29	32	35	20	36	25	32	24	33	39	36	28	38	22	38	26	28	28	31	37	28	34	31	35	33	28	37	35	30	20	38	24	27	34	35	27	22	31	36	33	22	24	36	20	37	22	22	22	35	34	30	21	34	37	35	39	36	40	23	33	37	20	36	27	21	21	26	33	38	35	29	24	40	23	29	39	25	38	34	20	32	38	21	39	38	29	20	24	27	38	40	37	30	35	35	30	31	26	26	33	30	27	23	27	31	28	34	35	33	32	39	36	40	29	24	37	37	38	20	37	20	31	32	25	25	23	25	26	33	40	40	39	27	39	25	27	27	20	36	22	39	26	36	35	26	20	38	21	33	32	20	28	32	31	22	25	38	36	34	37	28	35	26	25	40	32	26	31	35	38	20	21	40	32	35	24	40	34	32	39	20	32	31	29	30	20	39	31	35	27	31	34	26	40	31	38	35	25	22	25	24	37	39	20	29	20	23	39	38	27	34	37	21	39	38	29	23	30	30	21	27	28	23	26	26	40	31	31	21	26	36	24	35	27	36	29	31	33	31	29	33	36	34	21	25	37	33	23	20	30	23	31	34	36	34	32	33	21	39	24	20	28	22	39	24	39	38	38	26	33	38	38	21	30	31	27	31	35	34	32	22	24	30	39	25	35	28	24	40	21	26	24	20	39	21	32	32	36	27	26	36	26	28	31	23	20	24	40	24	25	34	35	38	21	29	26	37	40	27	40	23	36	39	26	30	28	24	30	36	36	25	32	36	21	40	28	37	38	30	40	37	29	23	32	35	25	38	25	28	36	39	35	23	21	20	35	25	35	30	40	35	33	30	31	36	35	40	24	29	24	22	20	25	39	20	31	30	26	28	30	30	38	32	31	37	27	24	38	39	34	22	40	32	27	24	36	35	38	38	37	34	23	32	29	24	35	25	24	37	35	32	34	22	38	35	37	37	32	27	21	28	36	36	24	29	33	29	40	22	26	26	28	34	33	38	31	23	38	35	33	31	34	36	38	20	25	29	35	28	32	37	25	21	31	26	20	21	27	22	30	27	37	38	38	24	35	38	22	29	20	30	29	
24	46	10	24	43	45	15	25	18	41	50	15	16	31	47	11	22	29	19	15	40	10	41	17	31	36	22	37	11	36	39	19	40	12	28	40	16	47	15	12	40	31	27	45	42	37	32	11	15	42	42	30	29	33	42	41	24	42	35	24	45	27	13	42	31	42	30	12	25	35	16	37	32	30	19	12	29	15	20	15	26	42	31	39	31	13	11	18	30	12	48	27	23	26	38	34	32	48	24	48	33	26	36	39	16	41	12	16	19	15	27	33	48	47	47	43	16	10	50	49	19	24	23	16	12	29	11	12	46	47	37	19	40	23	20	49	15	32	33	28	46	22	22	42	33	11	24	11	18	25	20	21	35	11	32	24	14	29	22	10	23	42	37	15	41	43	18	38	33	36	42	48	20	40	33	45	24	40	23	35	30	45	14	17	19	10	31	20	31	34	48	16	48	18	42	48	36	39	48	15	21	48	23	44	27	43	26	10	22	30	19	34	45	35	40	38	47	14	28	24	25	37	25	20	33	33	38	44	11	28	46	30	21	44	36	19	18	26	20	20	13	23	22	18	33	50	10	21	16	30	49	26	10	34	20	33	10	30	34	47	16	45	30	45	28	18	49	23	35	48	34	35	39	37	19	29	19	14	17	49	15	22	14	46	48	50	44	25	33	14	48	24	37	34	18	18	34	37	48	25	32	19	11	42	20	17	26	45	14	14	36	10	32	47	40	44	32	29	32	36	34	33	16	27	42	21	28	20	49	13	42	34	10	48	43	23	31	37	13	17	34	16	37	26	33	16	44	30	24	29	43	36	34	49	29	49	17	32	28	42	50	37	18	12	44	29	17	49	33	34	37	46	17	22	45	26	38	30	23	15	47	11	13	36	50	38	41	34	44	20	45	11	14	28	24	50	44	48	40	29	10	50	45	19	20	19	39	20	32	50	17	30	13	35	41	44	50	26	20	17	45	43	16	12	41	45	47	25	46	47	17	14	14	21	44	50	22	22	26	18	15	10	11	22	47	44	24	21	28	16	16	15	43	13	30	21	18	41	46	40	19	44	30	23	28	15	12	37	39	27	35	21	31	20	16	24	29	32	11	10	28	16	46	31	10	47	33	32	19	42	16	45	38	33	16	48	15	24	50	30	41	17	33	30	23	32	17	47	32	24	29	28	32	20	25	23	19	30	34	30	48	33	40	18	45	41	41	17	17	26	10	21	21	29	37	23	34	21	32	17	41	16	46	36	43	22	25	44	15	38	10	41	46	49	29	41	21	10	42	21	27	13	35	29	13	37	26	42	25	24	28	27	35	15	47	45	32	38	41	29	16	33	20	10	26	17	25	44	22	49	29	31	38	12	18	14	19	28	25	15	30	34	25	37	40	15	43	22	13	14	50	13	40	14	50	10	12	29	23	27	50	21	18	15	20	50	11	27	32	35	45	34	10	17	40	16	47	19	19	42	40	25	11	45	46	34	18	21	14	12	23	49	24	50	37	47	30	37	48	37	45	45	20	50	32	19	17	48	18	34	25	11	13	15	42	23	47	28	42	33	18	10	43	31	21	22	14	23	38	33	48	45	28	50	43	10	14	15	49	27	28	47	29	42	35	19	29	19	16	13	40	35	25	31	29	14	42	13	47	26	36	21	30	20	47	19	25	27	41	39	21	28	48	19	25	23	32	45	31	45	16	33	39	50	36	37	38	49	39	50	32	33	28	46	19	13	22	35	50	30	24	46	50	29	10	49	24	47	31	14	16	27	20	33	16	23	37	46	39	31	45	34	20	38	38	44	26	25	28	35	21	29	47	42	24	40	49	48	43	31	40	34	20	17	41	28	30	30	28	50	50	36	23	42	45	50	36	30	35	25	26	20	28	34	21	23	33	13	35	35	18	36	39	40	43	26	20	22	49	47	22	26	16	32	15	18	35	47	15	18	16	23	18	41	18	37	21	23	21	47	12	44	40	23	19	26	30	44	11	23	50	36	34	18	20	28	46	30	40	21	50	46	26	20	20	49	48	25	49	17	40	21	12	10	12	32	48	26	40	10	46	25	19	38	33	43	14	36	35	11	47	23	11	45	34	26	11	40	47	31	16	42	43	27	29	18	36	33	44	50	41	46	38	22	47	30	46	45	49	15	27	47	22	30	22	24	36	10	16	30	31	33	39	41	20	35	15	43	38	37	10	27	50	50	28	40	38	15	42	18	11	16	14	33	34	36	46	16	39	14	
15
80
