857
50
0	0	0	0	0	0	0	0	0	0	0	192	0	0	0	0	0	0	0	0	0	96	0	0	0	0	0	0	0	0	0	0	0	0	0	0	0	0	0	0	0	500	0	0	0	0	0	0	0	0	
0	0	0	0	0	0	0	0	0	0	0	0	0	0	0	0	0	0	0	0	0	0	0	0	0	0	0	0	0	0	192	0	0	0	0	0	0	0	0	0	0	0	0	0	0	0	0	96	0	0	
0	0	0	0	0	192	0	0	0	0	0	0	0	0	0	0	0	0	0	0	0	0	0	0	0	0	0	0	0	0	0	0	0	0	0	0	0	0	0	0	0	0	0	0	0	0	192	0	0	0	
0	0	0	0	0	0	0	0	0	0	0	0	0	0	0	0	0	0	0	0	0	0	0	0	0	0	0	500	0	0	0	0	0	0	0	0	0	0	96	0	0	0	0	0	0	0	0	0	0	0	
0	0	0	0	0	0	0	0	0	0	0	0	0	0	0	0	0	0	0	0	0	0	0	0	0	0	0	0	0	0	0	0	0	0	0	0	0	0	0	96	0	0	0	0	0	0	500	0	0	0	
0	0	192	0	0	0	0	0	0	0	0	0	0	0	0	0	0	0	0	0	0	0	0	0	0	0	0	0	0	0	0	0	0	0	0	500	0	96	0	48	0	0	0	0	0	0	0	0	0	0	
0	0	0	0	0	0	0	0	0	0	0	0	0	0	0	0	0	0	0	192	0	0	0	0	0	0	0	0	0	0	0	0	0	0	0	0	0	0	0	0	0	0	0	0	48	0	0	0	0	0	
0	0	0	0	0	0	0	0	0	0	0	0	0	0	48	0	0	0	0	0	0	0	0	0	0	0	0	0	0	0	0	0	0	0	0	0	0	0	0	0	0	0	96	0	0	0	0	0	0	0	
0	0	0	0	0	0	0	0	0	0	0	0	0	0	0	0	0	0	0	0	192	0	0	96	0	0	0	0	0	0	0	0	0	0	0	0	0	0	0	0	0	0	0	0	0	0	0	0	0	0	
0	0	0	0	0	0	0	0	0	0	500	0	0	0	0	0	0	0	0	0	0	0	0	0	0	0	0	0	0	0	0	0	192	0	0	0	0	0	0	0	0	0	0	0	0	0	0	0	0	0	
0	0	0	0	0	0	0	0	0	500	0	0	0	0	0	0	0	0	0	0	0	0	0	0	0	0	0	0	0	0	0	0	0	0	0	0	500	0	0	0	0	0	0	0	0	0	0	0	0	0	
192	0	0	0	0	0	0	0	0	0	0	0	0	0	0	0	0	0	0	0	500	0	0	0	0	0	0	0	0	0	0	0	0	0	0	0	0	0	0	0	0	0	0	0	0	0	0	0	0	0	
0	0	0	0	0	0	0	0	0	0	0	0	0	0	0	0	0	0	0	0	0	0	0	0	0	0	0	0	0	0	96	0	0	0	0	0	0	0	0	0	0	0	0	0	0	0	0	96	0	0	
0	0	0	0	0	0	0	0	0	0	0	0	0	0	0	192	0	0	0	0	0	48	0	0	0	0	0	0	0	0	0	0	0	0	0	0	0	0	0	0	96	0	0	0	0	0	0	0	0	0	
0	0	0	0	0	0	0	48	0	0	0	0	0	0	0	0	0	0	0	0	0	0	0	0	0	0	0	0	0	0	0	0	0	0	0	0	0	0	0	0	0	0	500	0	0	0	0	0	0	0	
0	0	0	0	0	0	0	0	0	0	0	0	0	192	0	0	0	0	0	0	0	0	0	0	0	0	0	0	0	0	0	0	0	0	500	0	0	0	0	0	96	0	500	0	0	0	0	0	0	0	
0	0	0	0	0	0	0	0	0	0	0	0	0	0	0	0	0	0	0	0	0	0	0	0	0	0	0	0	500	192	0	48	0	0	0	0	0	0	0	0	0	0	0	0	0	0	0	0	192	0	
0	0	0	0	0	0	0	0	0	0	0	0	0	0	0	0	0	0	0	0	0	0	0	0	0	0	0	192	0	0	0	0	0	0	0	0	0	0	48	0	0	0	0	0	0	0	0	0	0	0	
0	0	0	0	0	0	0	0	0	0	0	0	0	0	0	0	0	0	0	0	0	0	0	0	0	96	0	0	0	0	48	0	0	0	0	0	0	0	0	0	0	0	0	0	0	0	0	0	0	0	
0	0	0	0	0	0	192	0	0	0	0	0	0	0	0	0	0	0	0	0	0	0	0	96	0	0	0	0	0	0	0	0	0	0	0	0	0	0	0	0	0	0	0	0	96	0	0	0	0	0	
0	0	0	0	0	0	0	0	192	0	0	500	0	0	0	0	0	0	0	0	0	0	0	500	0	0	0	0	0	0	0	0	0	0	0	0	0	0	0	0	0	0	0	0	0	0	0	0	0	0	
96	0	0	0	0	0	0	0	0	0	0	0	0	48	0	0	0	0	0	0	0	0	0	0	0	0	0	0	0	0	0	0	0	0	0	0	0	0	0	0	0	0	0	0	0	0	0	0	0	0	
0	0	0	0	0	0	0	0	0	0	0	0	0	0	0	0	0	0	0	0	0	0	0	0	0	0	0	0	0	0	0	0	0	192	0	0	0	0	0	0	48	0	0	96	0	0	0	0	0	0	
0	0	0	0	0	0	0	0	96	0	0	0	0	0	0	0	0	0	0	96	500	0	0	0	0	0	0	0	0	0	0	0	0	0	0	0	0	0	0	0	0	0	0	0	0	0	0	0	0	0	
0	0	0	0	0	0	0	0	0	0	0	0	0	0	0	0	0	0	0	0	0	0	0	0	0	0	0	0	0	0	0	0	96	0	0	0	48	0	0	0	0	0	0	0	0	0	0	0	0	0	
0	0	0	0	0	0	0	0	0	0	0	0	0	0	0	0	0	0	96	0	0	0	0	0	0	0	0	0	0	0	0	0	0	96	0	0	0	0	0	0	0	0	0	0	0	0	0	0	0	0	
0	0	0	0	0	0	0	0	0	0	0	0	0	0	0	0	0	0	0	0	0	0	0	0	0	0	0	48	0	192	0	48	0	0	0	0	0	0	0	0	0	0	0	0	0	0	0	0	0	500	
0	0	0	500	0	0	0	0	0	0	0	0	0	0	0	0	0	192	0	0	0	0	0	0	0	0	48	0	0	0	0	0	0	0	0	0	0	0	0	0	0	0	0	0	0	0	0	0	0	0	
0	0	0	0	0	0	0	0	0	0	0	0	0	0	0	0	500	0	0	0	0	0	0	0	0	0	0	0	0	0	0	500	0	0	0	0	0	0	0	0	0	0	0	0	0	0	0	0	192	0	
0	0	0	0	0	0	0	0	0	0	0	0	0	0	0	0	192	0	0	0	0	0	0	0	0	0	192	0	0	0	0	0	0	0	0	0	0	0	0	0	0	0	0	0	0	0	0	0	0	0	
0	192	0	0	0	0	0	0	0	0	0	0	96	0	0	0	0	0	48	0	0	0	0	0	0	0	0	0	0	0	0	0	0	0	0	0	0	0	0	0	0	0	0	0	0	0	0	0	0	0	
0	0	0	0	0	0	0	0	0	0	0	0	0	0	0	0	48	0	0	0	0	0	0	0	0	0	48	0	500	0	0	0	0	0	48	0	0	0	0	0	0	0	0	0	0	0	0	0	0	0	
0	0	0	0	0	0	0	0	0	192	0	0	0	0	0	0	0	0	0	0	0	0	0	0	96	0	0	0	0	0	0	0	0	0	0	0	0	0	0	0	0	0	0	0	0	0	0	0	0	0	
0	0	0	0	0	0	0	0	0	0	0	0	0	0	0	0	0	0	0	0	0	0	192	0	0	96	0	0	0	0	0	0	0	0	0	0	0	0	0	0	0	0	0	0	0	0	0	0	0	0	
0	0	0	0	0	0	0	0	0	0	0	0	0	0	0	500	0	0	0	0	0	0	0	0	0	0	0	0	0	0	0	48	0	0	0	0	0	0	0	0	0	0	0	0	0	0	0	0	0	0	
0	0	0	0	0	500	0	0	0	0	0	0	0	0	0	0	0	0	0	0	0	0	0	0	0	0	0	0	0	0	0	0	0	0	0	0	0	96	0	0	0	0	0	0	0	0	48	0	0	0	
0	0	0	0	0	0	0	0	0	0	500	0	0	0	0	0	0	0	0	0	0	0	0	0	48	0	0	0	0	0	0	0	0	0	0	0	0	0	0	0	0	0	0	0	0	0	192	0	0	500	
0	0	0	0	0	96	0	0	0	0	0	0	0	0	0	0	0	0	0	0	0	0	0	0	0	0	0	0	0	0	0	0	0	0	0	96	0	0	0	0	0	0	0	0	0	0	0	0	0	0	
0	0	0	96	0	0	0	0	0	0	0	0	0	0	0	0	0	48	0	0	0	0	0	0	0	0	0	0	0	0	0	0	0	0	0	0	0	0	0	0	0	0	0	0	0	0	0	0	0	0	
0	0	0	0	96	48	0	0	0	0	0	0	0	0	0	0	0	0	0	0	0	0	0	0	0	0	0	0	0	0	0	0	0	0	0	0	0	0	0	0	0	0	0	0	0	0	0	0	0	0	
0	0	0	0	0	0	0	0	0	0	0	0	0	96	0	96	0	0	0	0	0	0	48	0	0	0	0	0	0	0	0	0	0	0	0	0	0	0	0	0	0	0	0	0	0	0	0	0	0	0	
500	0	0	0	0	0	0	0	0	0	0	0	0	0	0	0	0	0	0	0	0	0	0	0	0	0	0	0	0	0	0	0	0	0	0	0	0	0	0	0	0	0	0	0	0	500	0	0	0	0	
0	0	0	0	0	0	0	96	0	0	0	0	0	0	500	500	0	0	0	0	0	0	0	0	0	0	0	0	0	0	0	0	0	0	0	0	0	0	0	0	0	0	0	0	0	0	0	0	0	0	
0	0	0	0	0	0	0	0	0	0	0	0	0	0	0	0	0	0	0	0	0	0	96	0	0	0	0	0	0	0	0	0	0	0	0	0	0	0	0	0	0	0	0	0	0	0	96	0	0	0	
0	0	0	0	0	0	48	0	0	0	0	0	0	0	0	0	0	0	0	96	0	0	0	0	0	0	0	0	0	0	0	0	0	0	0	0	0	0	0	0	0	0	0	0	0	0	0	0	0	0	
0	0	0	0	0	0	0	0	0	0	0	0	0	0	0	0	0	0	0	0	0	0	0	0	0	0	0	0	0	0	0	0	0	0	0	0	0	0	0	0	0	500	0	0	0	0	0	0	0	0	
0	0	192	0	500	0	0	0	0	0	0	0	0	0	0	0	0	0	0	0	0	0	0	0	0	0	0	0	0	0	0	0	0	0	0	48	192	0	0	0	0	0	0	96	0	0	0	0	0	0	
0	96	0	0	0	0	0	0	0	0	0	0	96	0	0	0	0	0	0	0	0	0	0	0	0	0	0	0	0	0	0	0	0	0	0	0	0	0	0	0	0	0	0	0	0	0	0	0	0	0	
0	0	0	0	0	0	0	0	0	0	0	0	0	0	0	0	192	0	0	0	0	0	0	0	0	0	0	0	192	0	0	0	0	0	0	0	0	0	0	0	0	0	0	0	0	0	0	0	0	0	
0	0	0	0	0	0	0	0	0	0	0	0	0	0	0	0	0	0	0	0	0	0	0	0	0	0	500	0	0	0	0	0	0	0	0	0	500	0	0	0	0	0	0	0	0	0	0	0	0	0	
17	38	1	24	39	22	5	19	31	47	32	7	17	37	47	16	41	0	47	40	46	39	7	49	16	18	32	42	43	40	41	49	6	40	43	37	13	39	41	16	18	10	10	19	46	4	16	2	26	38	27	33	18	9	35	14	26	40	45	47	27	44	49	9	49	1	18	26	38	22	27	3	47	43	36	48	4	6	13	42	40	22	7	49	32	14	33	46	19	35	10	46	47	2	33	37	45	43	45	17	44	10	33	37	33	34	30	0	40	15	36	44	48	8	36	13	2	30	13	22	11	24	40	15	3	23	27	37	11	42	36	1	33	46	40	11	9	42	4	17	4	7	18	35	0	6	31	47	13	47	12	32	0	3	35	44	28	30	47	38	29	6	42	34	3	22	48	15	25	25	46	23	45	40	9	34	29	4	8	26	46	24	44	3	38	43	13	9	6	15	9	28	16	25	13	8	20	8	38	7	13	42	0	10	29	4	41	21	19	30	16	42	19	17	28	23	24	20	38	1	34	1	12	17	21	25	49	15	18	18	12	45	41	31	3	2	23	25	14	19	18	22	4	38	46	35	26	34	22	41	10	25	30	33	23	12	26	14	32	10	13	5	1	37	6	19	20	41	41	24	46	33	42	8	6	0	45	18	39	28	49	48	11	25	9	31	40	3	31	14	45	5	3	12	23	23	9	14	31	1	18	47	33	7	25	26	21	7	48	42	36	29	39	16	27	41	4	5	47	33	36	1	36	23	22	13	10	28	32	39	24	38	20	33	43	32	14	18	30	16	37	47	29	29	8	35	4	49	33	29	28	8	40	1	24	20	4	1	25	27	7	36	11	13	45	22	26	14	45	26	3	17	30	9	19	34	4	44	42	21	11	44	13	20	10	36	23	6	29	47	6	10	20	46	43	48	46	40	14	12	15	24	21	17	41	18	6	36	11	39	8	33	36	9	4	11	28	14	33	36	31	11	34	21	18	9	3	36	1	45	7	2	26	36	15	27	6	15	23	27	45	41	36	44	9	30	49	38	25	29	36	4	44	17	23	14	34	2	39	15	45	27	37	39	26	4	37	1	21	42	18	13	40	26	7	41	12	48	14	9	22	35	1	1	16	7	8	33	18	31	3	13	12	44	4	32	13	34	17	0	4	22	42	4	26	1	21	4	46	8	33	31	47	26	8	33	13	6	5	18	2	37	25	36	33	3	8	39	38	36	25	31	37	13	46	6	37	8	28	19	9	30	22	46	35	24	40	42	19	35	13	27	4	46	24	26	8	32	31	19	1	34	42	34	20	41	42	11	8	4	10	48	34	24	11	28	3	23	15	19	0	22	14	18	38	31	47	7	4	2	23	27	35	2	49	16	35	14	31	43	35	47	49	45	21	46	38	2	15	45	47	40	22	24	26	30	4	34	28	3	19	21	16	39	38	14	48	6	0	4	31	44	3	44	31	4	35	23	15	26	38	16	4	28	33	30	30	42	3	28	1	6	37	15	10	14	44	12	38	40	29	5	7	19	28	5	2	15	27	28	26	7	39	44	0	7	35	18	10	40	32	39	46	40	25	42	5	7	19	20	0	11	7	40	25	48	8	19	30	4	29	35	38	19	32	19	22	19	26	26	15	36	27	26	14	47	29	24	33	12	11	48	18	12	15	33	0	0	27	12	47	26	42	3	32	22	2	49	14	6	22	14	45	2	34	27	38	33	2	5	26	2	21	16	27	15	3	25	1	3	19	23	2	8	46	41	42	23	16	42	45	23	39	39	0	14	21	1	34	40	42	24	20	19	49	2	22	45	21	42	8	13	14	12	47	40	42	37	34	12	20	6	47	14	11	8	43	12	21	24	36	28	16	41	11	36	42	12	23	44	1	24	22	22	14	4	45	12	30	1	42	46	49	31	38	2	35	13	26	22	49	19	24	35	38	45	17	29	20	6	29	37	43	29	25	4	17	
36	30	41	44	15	20	7	4	23	46	24	9	18	44	1	8	3	37	10	17	17	16	39	6	4	18	13	18	3	22	46	35	29	32	19	47	21	43	5	3	36	25	5	35	42	45	4	43	6	35	6	33	27	37	40	44	46	27	12	38	46	2	32	37	21	37	7	32	6	15	25	44	36	26	14	40	26	39	22	43	0	43	29	28	43	30	12	20	3	15	7	36	24	15	32	17	32	7	25	25	22	30	2	35	25	44	36	2	2	21	5	0	6	3	33	26	48	19	9	9	22	7	31	2	21	19	47	1	46	18	39	20	21	33	3	39	23	5	39	30	41	33	21	10	24	43	18	24	11	18	49	7	43	49	38	15	7	8	14	33	15	14	37	25	37	30	30	30	47	35	8	18	10	34	37	29	40	37	2	30	18	34	15	38	49	48	29	36	47	7	49	38	5	3	35	20	22	16	36	17	47	15	45	43	27	37	41	3	36	49	39	19	19	42	27	30	41	16	20	5	45	30	40	45	4	47	35	46	11	17	20	12	44	15	17	47	45	48	0	23	34	35	11	37	0	6	18	44	5	10	48	33	20	16	17	12	46	4	21	12	22	45	2	42	4	16	10	40	31	13	32	1	48	41	4	8	12	1	24	38	24	44	32	30	38	45	3	1	15	18	13	30	40	40	16	48	30	26	10	49	3	6	5	14	18	41	4	28	6	34	31	5	35	43	38	25	19	7	31	2	13	33	45	40	49	32	32	42	22	40	48	18	47	40	37	4	8	31	11	21	18	19	21	23	38	15	35	40	47	14	35	27	42	7	19	40	1	11	17	33	33	32	30	38	13	6	14	13	22	35	43	15	16	30	16	34	20	21	9	22	5	42	35	20	36	2	19	2	48	8	38	30	47	47	5	5	36	32	4	19	42	49	36	20	18	45	49	17	15	39	11	14	15	35	47	38	47	44	15	6	42	11	15	27	34	11	41	43	37	9	7	0	40	29	8	46	25	7	4	12	38	44	25	6	10	0	8	28	27	9	5	42	17	33	15	19	43	19	41	47	30	0	27	30	48	39	45	35	6	41	0	30	29	30	20	27	42	1	19	30	28	41	45	40	25	32	41	29	28	27	39	43	4	29	45	19	19	3	29	47	29	25	5	31	3	40	14	38	45	45	14	6	16	16	1	9	18	20	27	37	38	48	38	8	8	23	17	45	6	49	14	10	12	19	5	43	29	34	26	47	21	26	31	14	29	10	7	22	30	23	8	34	43	8	38	34	28	27	10	18	23	19	18	16	41	33	0	40	43	37	22	47	21	38	0	16	15	17	33	27	14	49	1	47	27	34	25	49	31	33	24	30	42	41	41	25	16	42	27	1	28	29	39	16	49	7	8	20	11	13	13	32	2	28	44	20	43	18	48	45	20	1	45	9	13	39	37	15	23	7	2	2	4	49	46	29	38	9	42	37	35	42	0	13	15	0	36	12	41	37	45	49	13	23	41	47	4	9	38	10	13	6	44	0	36	43	9	48	22	37	18	10	6	30	25	46	37	10	12	0	6	17	33	37	27	26	48	35	1	43	48	6	37	14	21	9	14	22	47	30	21	19	38	15	26	21	44	11	2	18	24	10	8	3	30	4	15	23	48	39	22	1	17	46	49	6	19	3	3	26	28	22	19	30	4	14	43	41	23	30	30	15	25	37	13	37	21	10	27	20	13	14	17	43	31	20	31	28	6	11	4	16	21	46	17	32	49	47	13	16	14	33	37	13	14	22	24	28	8	29	16	44	25	38	22	29	8	7	19	22	32	23	3	20	10	49	1	33	28	44	34	40	1	11	11	6	11	9	41	20	8	38	17	8	19	21	23	19	48	17	32	48	34	0	19	13	14	24	40	27	39	45	26	39	22	9	0	2	1	43	17	26	25	49	48	18	15	5	20	5	5	42	3	17	28	20	36	
29	24	32	28	24	27	24	33	39	27	24	39	28	24	35	38	36	24	37	21	37	21	37	22	27	29	33	22	34	29	32	38	31	40	25	38	37	28	37	28	21	26	22	28	26	23	30	29	32	25	35	39	35	23	30	25	35	37	34	30	24	37	31	25	36	37	30	24	28	40	32	24	22	37	33	20	33	22	22	20	25	33	32	31	34	31	31	24	26	31	27	39	25	39	25	21	23	40	23	33	38	24	39	38	35	24	36	31	20	37	34	37	35	21	32	37	35	32	29	37	21	27	34	38	38	21	22	24	26	20	35	33	37	21	20	27	37	38	21	38	21	39	34	27	24	33	39	34	35	27	35	28	40	20	33	40	40	26	20	24	24	27	39	30	27	20	26	37	21	38	27	26	23	31	40	37	36	20	38	33	29	30	28	20	28	23	33	33	24	22	22	25	35	35	32	34	33	28	32	38	35	25	28	40	22	26	25	37	40	34	36	25	35	21	32	40	23	31	36	32	38	28	28	26	33	31	24	38	33	32	21	26	30	34	40	28	21	27	28	40	37	32	33	35	25	37	23	22	40	30	22	38	25	20	29	22	23	36	38	36	29	39	27	35	25	27	24	25	38	34	22	40	34	29	33	25	26	24	32	27	23	22	32	38	20	25	20	35	32	24	21	20	38	38	23	20	26	36	25	34	23	34	33	29	27	35	31	36	31	35	40	23	26	30	25	34	29	37	38	31	23	25	38	32	25	36	36	20	33	36	25	29	39	27	20	28	39	28	31	22	24	40	28	24	28	25	32	23	29	23	39	38	33	37	23	37	26	20	20	26	25	28	32	40	22	37	21	23	26	36	33	29	26	31	36	33	20	23	21	25	21	40	23	31	33	35	28	36	24	39	21	21	28	34	30	20	35	22	40	35	36	35	36	22	29	38	30	40	31	32	35	31	25	31	31	21	33	40	26	31	34	40	27	30	22	26	22	22	40	24	37	27	21	31	40	31	26	33	26	30	23	39	31	29	32	35	26	22	36	39	27	36	26	22	34	39	39	21	29	31	40	25	22	30	27	26	23	26	23	38	21	26	20	22	23	27	28	29	22	29	39	27	36	32	28	30	38	28	30	25	20	37	24	38	31	28	27	35	40	27	39	27	25	21	23	20	37	27	40	23	27	20	35	33	39	32	39	21	27	33	30	40	34	22	26	24	27	33	40	36	40	29	24	21	40	25	22	40	37	26	32	31	23	20	29	36	33	20	37	26	39	21	37	38	24	21	28	38	33	29	30	39	39	25	36	29	34	23	34	27	30	23	39	21	26	32	37	31	20	27	21	23	28	25	23	28	27	37	31	33	30	39	20	37	20	39	30	23	39	38	32	23	38	22	25	25	34	28	35	40	39	30	40	27	32	36	23	40	25	39	25	38	27	21	40	40	25	20	20	25	34	21	23	23	21	28	30	35	39	32	36	27	29	26	38	35	39	37	35	30	28	33	28	40	23	35	29	39	32	35	33	30	38	25	24	27	30	30	34	33	27	35	27	30	21	29	40	38	24	40	23	36	26	30	24	26	32	28	35	23	20	33	33	31	24	24	38	29	22	20	22	24	32	40	21	28	25	25	32	23	24	28	22	38	40	33	29	38	30	34	22	20	22	39	33	29	31	40	40	39	40	36	21	27	31	27	28	29	35	22	29	34	30	26	38	29	26	27	26	37	40	29	31	31	38	31	33	33	40	33	38	35	23	35	29	30	40	25	38	28	35	25	27	23	22	33	22	39	21	31	23	36	22	39	27	37	25	39	33	35	27	30	31	33	23	21	26	29	20	33	40	25	20	28	28	34	30	24	35	27	20	40	32	30	23	32	35	32	25	20	23	39	29	28	40	20	28	20	32	35	30	21	35	36	27	32	31	30	24	40	28	28	26	34	32	40	37	28	22	36	29	28	25	30	20	38	27	
19	34	40	13	43	12	40	23	44	44	19	19	45	34	42	35	25	26	11	18	33	44	27	45	41	33	17	43	42	27	22	20	10	27	40	36	41	28	21	14	43	28	41	35	47	15	31	17	31	44	25	37	11	37	28	33	40	43	11	21	38	46	26	34	35	48	36	17	27	32	15	30	30	41	31	48	25	42	48	46	37	18	34	27	50	47	48	33	43	34	31	50	17	17	32	42	42	27	15	11	40	39	28	36	35	46	13	23	16	24	26	37	48	11	41	24	33	44	36	43	47	47	40	43	40	20	31	40	20	35	18	17	37	38	24	37	15	42	42	48	10	15	21	46	46	45	30	44	30	28	40	26	31	11	31	31	25	26	28	24	40	14	32	49	30	42	26	32	41	42	50	29	37	46	27	29	18	20	45	43	23	13	31	22	36	32	31	36	33	18	28	11	27	26	48	13	26	41	39	17	20	27	42	22	14	48	36	33	13	38	19	50	17	28	16	35	49	48	30	48	30	16	12	37	33	19	21	37	46	15	36	48	24	19	24	33	10	20	13	47	12	40	40	49	35	37	16	22	29	41	35	21	45	44	37	19	26	40	14	38	15	20	31	31	49	49	26	50	15	48	11	43	43	48	47	17	23	39	38	31	46	43	50	22	19	40	16	35	26	37	43	21	36	13	29	13	44	47	45	38	18	40	36	19	24	43	15	20	31	48	13	25	47	24	16	28	31	37	22	17	40	31	30	33	25	39	12	41	39	37	22	44	18	50	30	22	24	47	20	46	37	43	36	34	32	17	19	15	38	14	10	46	48	14	21	38	12	47	26	38	32	49	44	33	11	36	28	49	42	42	14	20	41	15	32	42	21	33	43	10	28	18	43	44	39	39	48	26	27	17	44	35	44	14	44	34	10	43	22	15	18	16	32	19	30	28	22	26	11	23	42	39	24	46	46	42	11	45	25	43	27	14	39	46	41	45	25	12	22	29	50	17	39	24	17	18	36	43	13	43	43	39	38	47	32	40	32	13	35	15	16	13	33	18	16	18	13	41	20	23	46	39	10	11	46	15	13	46	14	28	17	18	14	31	47	33	41	11	24	44	27	20	26	14	11	10	40	48	20	15	25	14	10	31	40	35	26	34	35	27	28	29	41	19	12	13	32	10	30	33	18	34	16	31	28	22	32	12	32	19	20	39	13	32	45	18	14	13	19	48	16	50	42	25	34	12	10	23	47	50	49	36	28	46	25	40	36	24	35	45	39	32	11	44	40	42	17	22	35	34	24	12	50	28	38	48	23	45	13	26	26	43	36	18	35	38	19	18	14	16	18	19	11	31	23	29	36	41	39	24	36	43	19	14	21	50	12	38	42	40	12	42	14	29	30	26	46	47	28	36	26	24	20	19	26	12	36	39	48	26	25	46	32	24	44	50	32	31	28	18	12	36	36	30	43	44	19	39	33	37	41	27	36	26	21	44	25	13	16	22	17	12	38	37	26	38	48	46	40	19	50	49	31	31	32	45	17	14	35	17	42	48	47	30	17	37	19	33	13	31	26	43	30	37	44	10	33	18	18	47	34	18	28	22	20	29	41	16	11	25	34	44	14	11	35	39	15	21	12	42	36	40	21	41	20	16	24	37	26	43	36	43	12	17	31	19	36	38	19	17	20	35	14	39	45	30	44	23	21	50	21	10	44	37	32	38	40	37	47	49	11	37	48	16	36	31	50	42	19	12	18	36	25	48	27	45	48	46	31	26	31	47	44	50	33	18	16	15	14	15	30	27	50	38	12	18	30	17	31	50	14	40	47	46	42	21	41	22	16	14	48	37	18	18	29	11	17	41	35	35	47	38	13	44	35	11	32	49	18	20	15	47	28	29	11	20	34	34	44	13	26	47	31	48	28	50	47	46	19	43	14	47	21	30	15	38	45	45	13	31	35	38	39	33	41	42	24	
10
70
