1102
50
0	0	0	0	0	0	0	0	0	0	500	0	0	0	0	0	0	96	0	0	0	0	0	0	0	0	0	0	0	0	0	0	0	0	0	0	0	0	0	0	0	0	0	0	0	0	0	0	0	0	
0	0	0	0	0	0	0	0	48	0	0	0	0	0	0	0	0	0	0	0	0	0	0	0	0	0	0	0	0	0	0	0	0	0	0	0	0	0	0	0	0	96	0	0	0	0	0	0	0	0	
0	0	0	0	0	0	500	0	0	0	0	0	0	0	0	0	0	0	0	0	48	0	0	0	0	0	0	0	0	0	0	0	0	0	0	0	0	0	0	0	192	0	48	0	0	0	0	0	0	0	
0	0	0	0	0	0	0	0	0	0	0	0	0	0	0	0	0	0	0	0	0	0	0	0	0	0	0	0	0	0	0	0	192	0	0	96	0	0	0	0	0	96	0	0	0	0	0	0	0	0	
0	0	0	0	0	0	0	0	0	0	0	0	0	0	0	96	0	0	0	0	0	0	0	0	0	0	500	0	96	0	0	0	0	0	0	0	0	0	0	0	0	0	0	0	0	0	0	0	0	0	
0	0	0	0	0	0	0	0	0	0	0	0	0	0	0	0	0	0	0	0	0	0	0	0	96	0	0	0	0	0	0	0	0	0	0	0	0	96	0	0	0	0	0	0	0	0	0	0	0	0	
0	0	500	0	0	0	0	0	0	0	0	0	0	0	0	0	192	0	0	0	48	0	0	0	0	96	0	500	0	0	0	0	0	0	0	0	0	0	0	0	0	0	0	0	0	0	0	0	0	0	
0	0	0	0	0	0	0	0	0	0	0	0	0	0	0	0	0	0	0	0	0	0	0	0	0	0	0	0	0	0	0	0	0	0	96	0	0	0	500	0	0	0	0	0	0	0	0	0	0	0	
0	48	0	0	0	0	0	0	0	0	0	0	0	0	0	0	0	0	0	0	0	0	0	0	0	0	0	0	0	0	0	0	0	0	0	0	0	0	0	0	0	0	0	0	0	192	0	0	0	0	
0	0	0	0	0	0	0	0	0	0	192	0	0	0	0	0	0	0	0	0	0	96	0	0	0	0	0	0	0	0	0	0	0	0	0	0	0	0	0	0	0	0	0	192	0	0	0	0	0	0	
500	0	0	0	0	0	0	0	0	192	0	0	0	0	0	0	0	0	0	0	0	0	0	0	0	0	0	0	0	0	0	0	0	0	0	0	0	0	0	0	0	0	0	0	0	0	0	0	0	0	
0	0	0	0	0	0	0	0	0	0	0	0	0	96	0	96	0	0	0	0	0	0	0	0	0	0	0	0	0	0	0	0	0	0	0	0	0	0	0	0	0	0	0	0	0	0	0	0	0	0	
0	0	0	0	0	0	0	0	0	0	0	0	0	0	0	0	0	0	0	0	0	0	0	0	0	0	0	0	0	48	0	0	0	0	0	0	0	0	0	0	0	0	0	0	0	0	0	0	192	0	
0	0	0	0	0	0	0	0	0	0	0	96	0	0	0	0	0	0	500	0	0	0	0	0	0	0	0	0	0	0	48	96	0	0	0	0	0	0	0	0	0	0	0	0	0	0	0	0	0	0	
0	0	0	0	0	0	0	0	0	0	0	0	0	0	0	0	0	0	0	0	0	0	0	0	0	0	0	0	0	0	0	0	0	0	0	0	0	0	0	0	0	0	0	0	192	0	0	0	48	0	
0	0	0	0	96	0	0	0	0	0	0	96	0	0	0	0	0	0	0	0	0	0	0	192	0	0	0	0	0	0	0	0	0	0	0	0	0	0	0	0	0	0	0	0	0	0	0	0	0	0	
0	0	0	0	0	0	192	0	0	0	0	0	0	0	0	0	0	0	0	0	0	0	0	0	0	500	0	192	0	0	0	0	0	0	0	0	0	0	0	0	0	0	0	0	0	0	0	0	0	0	
96	0	0	0	0	0	0	0	0	0	0	0	0	0	0	0	0	0	0	0	0	0	0	0	0	0	0	0	0	0	0	0	0	0	0	0	0	0	0	0	96	0	0	0	0	0	0	0	0	0	
0	0	0	0	0	0	0	0	0	0	0	0	0	500	0	0	0	0	0	0	0	0	0	0	0	0	0	0	0	0	0	192	0	0	0	0	0	0	0	0	0	0	0	0	0	0	0	0	0	0	
0	0	0	0	0	0	0	0	0	0	0	0	0	0	0	0	0	0	0	0	0	500	0	0	0	0	0	0	0	0	0	0	192	0	0	0	0	0	500	0	0	0	0	0	0	0	0	0	0	0	
0	0	48	0	0	0	48	0	0	0	0	0	0	0	0	0	0	0	0	0	0	0	0	0	0	0	0	0	0	0	0	0	0	0	0	0	0	0	0	0	0	0	0	0	0	0	0	0	0	0	
0	0	0	0	0	0	0	0	0	96	0	0	0	0	0	0	0	0	0	500	0	0	0	0	0	0	0	0	0	0	0	0	0	0	0	0	0	0	0	0	0	0	0	0	0	0	0	0	0	0	
0	0	0	0	0	0	0	0	0	0	0	0	0	0	0	0	0	0	0	0	0	0	0	192	0	0	0	0	0	0	0	0	0	0	0	0	0	0	0	0	0	0	0	0	0	0	500	0	0	500	
0	0	0	0	0	0	0	0	0	0	0	0	0	0	0	192	0	0	0	0	0	0	192	0	0	0	0	0	0	0	0	0	0	0	0	0	0	0	0	0	0	0	0	0	0	0	0	0	0	0	
0	0	0	0	0	96	0	0	0	0	0	0	0	0	0	0	0	0	0	0	0	0	0	0	0	0	0	0	0	0	0	0	0	0	0	0	0	48	0	0	192	0	48	0	0	0	0	0	0	0	
0	0	0	0	0	0	96	0	0	0	0	0	0	0	0	0	500	0	0	0	0	0	0	0	0	0	0	0	0	0	0	0	0	96	0	0	0	0	0	0	0	0	0	0	500	0	192	0	0	0	
0	0	0	0	500	0	0	0	0	0	0	0	0	0	0	0	0	0	0	0	0	0	0	0	0	0	0	0	48	0	0	0	0	0	0	0	0	0	0	0	0	0	0	0	0	0	0	48	0	48	
0	0	0	0	0	0	500	0	0	0	0	0	0	0	0	0	192	0	0	0	0	0	0	0	0	0	0	0	0	96	0	0	0	0	0	0	0	0	0	0	0	0	192	0	0	0	0	0	0	0	
0	0	0	0	96	0	0	0	0	0	0	0	0	0	0	0	0	0	0	0	0	0	0	0	0	0	48	0	0	0	0	0	0	0	0	0	0	0	0	0	0	0	0	0	0	0	0	0	0	0	
0	0	0	0	0	0	0	0	0	0	0	0	48	0	0	0	0	0	0	0	0	0	0	0	0	0	0	96	0	0	0	0	0	0	0	0	0	0	0	0	192	0	0	0	0	0	0	0	192	0	
0	0	0	0	0	0	0	0	0	0	0	0	0	48	0	0	0	0	0	0	0	0	0	0	0	0	0	0	0	0	0	0	0	0	0	0	48	0	0	192	0	0	0	48	0	96	0	0	0	0	
0	0	0	0	0	0	0	0	0	0	0	0	0	96	0	0	0	0	192	0	0	0	0	0	0	0	0	0	0	0	0	0	0	0	0	0	0	0	0	0	0	0	0	0	0	0	0	0	0	0	
0	0	0	192	0	0	0	0	0	0	0	0	0	0	0	0	0	0	0	192	0	0	0	0	0	0	0	0	0	0	0	0	0	0	0	0	0	0	0	0	0	0	0	0	0	0	0	0	0	0	
0	0	0	0	0	0	0	0	0	0	0	0	0	0	0	0	0	0	0	0	0	0	0	0	0	96	0	0	0	0	0	0	0	0	0	0	0	0	0	0	0	0	0	0	0	0	500	0	0	96	
0	0	0	0	0	0	0	96	0	0	0	0	0	0	0	0	0	0	0	0	0	0	0	0	0	0	0	0	0	0	0	0	0	0	0	500	0	0	0	0	0	0	0	0	0	0	0	0	0	0	
0	0	0	96	0	0	0	0	0	0	0	0	0	0	0	0	0	0	0	0	0	0	0	0	0	0	0	0	0	0	0	0	0	0	500	0	0	0	0	0	0	96	0	0	0	0	0	0	0	0	
0	0	0	0	0	0	0	0	0	0	0	0	0	0	0	0	0	0	0	0	0	0	0	0	0	0	0	0	0	0	48	0	0	0	0	0	0	0	0	48	0	0	0	0	0	0	0	0	0	0	
0	0	0	0	0	96	0	0	0	0	0	0	0	0	0	0	0	0	0	0	0	0	0	0	48	0	0	0	0	0	0	0	0	0	0	0	0	0	0	0	0	0	0	0	0	0	0	0	0	0	
0	0	0	0	0	0	0	500	0	0	0	0	0	0	0	0	0	0	0	500	0	0	0	0	0	0	0	0	0	0	0	0	0	0	0	0	0	0	0	0	0	0	0	0	0	0	0	0	0	0	
0	0	0	0	0	0	0	0	0	0	0	0	0	0	0	0	0	0	0	0	0	0	0	0	0	0	0	0	0	0	192	0	0	0	0	0	48	0	0	0	0	0	0	48	0	0	0	0	0	0	
0	0	192	0	0	0	0	0	0	0	0	0	0	0	0	0	0	96	0	0	0	0	0	0	192	0	0	0	0	192	0	0	0	0	0	0	0	0	0	0	0	0	0	0	0	0	0	0	0	0	
0	96	0	96	0	0	0	0	0	0	0	0	0	0	0	0	0	0	0	0	0	0	0	0	0	0	0	0	0	0	0	0	0	0	0	96	0	0	0	0	0	0	0	0	0	0	0	0	0	48	
0	0	48	0	0	0	0	0	0	0	0	0	0	0	0	0	0	0	0	0	0	0	0	0	48	0	0	192	0	0	0	0	0	0	0	0	0	0	0	0	0	0	0	0	0	0	0	0	0	0	
0	0	0	0	0	0	0	0	0	192	0	0	0	0	0	0	0	0	0	0	0	0	0	0	0	0	0	0	0	0	48	0	0	0	0	0	0	0	0	48	0	0	0	0	0	0	0	0	0	0	
0	0	0	0	0	0	0	0	0	0	0	0	0	0	192	0	0	0	0	0	0	0	0	0	0	500	0	0	0	0	0	0	0	0	0	0	0	0	0	0	0	0	0	0	0	0	0	0	0	0	
0	0	0	0	0	0	0	0	192	0	0	0	0	0	0	0	0	0	0	0	0	0	0	0	0	0	0	0	0	0	96	0	0	0	0	0	0	0	0	0	0	0	0	0	0	0	0	0	0	0	
0	0	0	0	0	0	0	0	0	0	0	0	0	0	0	0	0	0	0	0	0	0	500	0	0	192	0	0	0	0	0	0	0	500	0	0	0	0	0	0	0	0	0	0	0	0	0	0	0	0	
0	0	0	0	0	0	0	0	0	0	0	0	0	0	0	0	0	0	0	0	0	0	0	0	0	0	48	0	0	0	0	0	0	0	0	0	0	0	0	0	0	0	0	0	0	0	0	0	0	0	
0	0	0	0	0	0	0	0	0	0	0	0	192	0	48	0	0	0	0	0	0	0	0	0	0	0	0	0	0	192	0	0	0	0	0	0	0	0	0	0	0	0	0	0	0	0	0	0	0	0	
0	0	0	0	0	0	0	0	0	0	0	0	0	0	0	0	0	0	0	0	0	0	500	0	0	0	48	0	0	0	0	0	0	96	0	0	0	0	0	0	0	48	0	0	0	0	0	0	0	0	
38	12	5	36	48	17	29	10	2	13	30	16	39	46	43	4	47	13	27	45	14	47	49	16	6	33	41	10	34	38	37	4	9	46	46	47	11	40	15	28	15	10	27	37	0	44	31	25	23	42	49	3	0	8	45	20	15	36	34	13	39	17	31	9	34	35	4	16	6	16	38	43	48	38	24	3	20	13	13	19	40	43	4	28	7	42	11	48	18	7	44	21	26	18	16	32	5	33	12	11	12	16	45	39	32	1	19	33	43	39	0	10	9	22	19	40	30	18	5	18	11	31	31	22	5	29	6	28	3	44	46	3	5	10	12	4	12	4	7	35	49	44	25	33	30	31	28	26	29	24	11	15	23	12	41	36	8	20	29	17	22	4	36	31	14	37	36	8	16	31	47	41	18	32	28	42	9	26	22	8	35	29	20	14	48	35	3	34	45	46	30	0	42	17	8	13	3	46	45	21	25	37	37	9	26	21	42	40	14	9	15	5	10	37	45	15	34	24	29	34	12	26	21	35	7	37	28	38	33	29	35	31	48	8	22	40	3	32	10	15	2	0	17	37	30	2	48	40	7	32	30	25	19	30	47	23	29	0	4	41	15	3	34	8	49	35	47	21	11	21	44	19	20	38	42	42	12	28	41	7	47	27	2	27	30	46	22	33	38	28	1	44	45	7	38	40	5	16	24	6	12	23	23	9	32	40	18	22	12	1	22	6	47	12	23	42	23	26	6	23	46	7	12	32	20	43	25	11	47	42	48	49	18	42	25	3	30	30	23	32	29	44	31	23	39	11	7	44	12	43	26	26	48	41	17	44	16	0	41	27	17	31	14	22	23	32	15	4	28	42	35	8	7	23	2	44	34	9	15	49	21	16	48	47	4	16	46	16	12	45	14	8	46	38	2	25	25	47	1	0	5	32	36	23	9	29	43	23	26	10	41	31	0	47	49	40	27	36	25	1	22	2	22	24	47	33	7	48	0	5	30	11	36	34	0	43	13	12	2	14	45	18	14	24	41	42	39	24	47	23	34	38	7	5	29	13	12	3	6	10	28	46	49	8	39	22	27	42	14	12	5	21	3	0	30	34	26	3	0	5	8	45	17	45	29	10	45	9	23	35	29	30	3	38	34	27	20	12	41	22	42	47	0	29	44	48	17	13	29	35	41	34	40	24	3	11	31	20	34	36	22	49	39	16	23	34	14	39	29	46	41	20	24	7	14	45	47	47	39	49	0	25	10	33	37	28	7	39	45	38	6	27	40	32	45	32	14	8	36	14	27	40	3	40	6	43	10	37	8	33	39	12	31	25	16	7	11	47	37	15	32	34	7	40	40	38	13	4	6	45	44	22	39	18	8	19	33	43	32	9	6	9	47	23	4	23	41	39	24	17	41	42	36	47	33	44	14	4	2	0	43	31	49	34	15	46	34	27	17	26	10	15	35	31	6	18	43	7	45	19	7	6	45	27	36	44	12	41	25	0	7	24	23	38	15	4	48	48	9	34	21	14	38	41	7	2	48	0	48	28	5	16	2	4	47	38	46	31	22	1	4	13	8	45	22	34	21	17	49	26	29	46	23	43	46	9	20	8	33	7	11	9	37	18	22	47	41	28	27	29	9	48	43	29	0	18	2	9	43	29	0	18	4	28	0	17	46	5	32	20	40	9	46	2	0	44	29	21	38	36	23	23	20	48	23	21	28	47	43	31	46	42	25	26	48	6	0	40	14	15	41	8	31	44	13	13	40	16	3	48	3	48	45	1	31	7	7	23	22	0	7	4	23	45	24	6	7	31	18	49	16	11	8	43	17	14	26	26	3	21	38	14	12	49	43	16	21	45	19	8	27	17	6	31	36	38	40	42	41	41	14	14	11	29	29	11	12	7	13	28	16	42	28	5	45	46	42	39	36	32	9	44	3	17	34	36	32	28	34	40	46	6	1	4	12	40	15	33	44	43	2	42	9	5	21	43	46	25	3	40	22	6	37	36	13	19	3	18	22	17	38	2	0	28	41	9	31	47	46	29	23	10	39	20	45	11	29	32	44	21	8	39	39	19	48	4	37	13	43	17	18	44	26	34	17	12	14	29	30	4	16	20	14	10	2	31	34	29	29	41	36	41	18	24	1	41	5	35	2	49	16	19	49	27	48	20	6	12	47	4	21	15	37	42	11	13	37	16	22	31	49	40	48	35	27	16	36	28	36	16	3	17	16	10	43	37	29	16	15	15	18	20	48	16	39	49	25	26	22	41	36	4	20	16	28	42	14	32	22	32	36	49	20	3	23	12	29	44	16	24	39	41	40	14	9	29	15	44	2	49	3	12	42	18	18	41	20	33	25	28	23	41	18	7	16	43	31	11	19	36	5	32	6	42	43	6	30	22	47	15	38	3	25	31	49	10	41	1	36	26	21	25	31	7	42	26	32	42	20	11	24	34	6	10	44	42	4	15	41	17	10	33	11	26	33	21	3	16	15	32	20	10	0	40	10	36	39	43	2	19	34	16	
6	40	22	21	41	30	12	23	23	29	41	40	9	32	5	41	2	15	27	15	47	20	37	4	13	8	36	32	49	18	22	18	43	18	4	49	47	4	0	35	28	33	33	17	32	49	3	43	37	45	41	37	12	28	3	8	37	11	12	13	33	11	10	1	26	31	29	10	31	19	47	0	4	30	6	44	48	6	36	40	34	25	41	45	38	40	33	34	13	16	12	29	39	21	42	47	3	39	31	8	38	17	47	4	47	9	26	26	21	24	20	37	23	41	23	27	36	11	41	21	39	49	14	38	19	4	46	45	37	12	39	33	18	0	34	23	39	42	23	3	15	28	17	40	1	1	36	39	22	14	26	22	45	47	17	11	35	34	40	37	41	6	3	7	16	28	20	25	26	36	45	48	44	22	43	23	0	9	10	19	25	21	1	11	47	33	2	4	35	31	35	44	49	27	34	20	48	3	20	37	40	29	4	49	22	27	10	38	16	41	43	41	10	4	12	13	39	47	15	6	49	0	46	38	24	31	29	44	45	49	30	29	45	9	16	29	13	18	2	44	13	15	16	25	7	3	27	45	22	26	38	7	43	17	37	41	11	24	6	33	35	41	33	6	4	19	29	10	49	17	13	46	24	39	25	13	31	22	6	35	25	12	17	28	11	19	22	43	26	44	26	45	18	29	9	8	15	27	36	33	26	27	42	32	11	35	1	25	46	37	30	17	10	24	2	43	37	12	33	16	0	47	5	2	39	6	38	7	9	8	41	0	8	41	3	26	21	42	42	3	17	17	34	1	29	20	3	41	33	34	31	32	46	39	4	8	14	28	18	43	18	0	37	2	27	45	27	16	36	17	29	49	38	17	10	8	26	5	38	26	15	8	49	13	30	26	23	21	24	15	28	38	20	9	22	29	29	46	44	7	2	14	26	5	42	13	25	9	48	2	3	37	46	42	19	16	47	13	9	13	15	41	18	15	47	24	44	36	28	1	34	40	19	23	28	41	12	9	10	28	46	15	12	48	39	5	1	29	28	40	42	38	19	12	17	44	13	17	1	11	6	46	13	35	16	48	19	49	24	27	43	4	14	3	11	48	10	39	13	9	39	12	19	4	31	48	23	16	0	45	5	45	27	38	11	1	23	15	30	49	29	39	41	40	18	35	0	9	21	14	34	28	43	3	22	15	35	9	34	3	36	46	22	43	37	2	8	7	5	42	39	47	5	35	35	46	20	1	7	3	38	4	11	8	35	33	16	43	44	47	30	45	21	26	32	43	18	6	2	45	26	5	27	49	3	38	3	43	35	42	32	1	23	46	26	21	17	8	12	46	4	18	9	46	1	24	33	18	16	25	23	35	0	8	10	29	17	35	44	34	46	46	3	45	10	48	7	39	34	2	42	28	47	14	32	46	39	12	5	40	13	16	38	1	41	40	0	8	12	34	7	11	47	32	20	24	25	15	22	20	49	3	39	29	36	37	17	35	19	47	46	0	23	15	7	30	14	8	14	7	21	21	2	12	4	12	29	24	20	35	0	17	28	17	47	21	19	29	11	18	36	17	36	18	11	29	29	31	49	48	30	18	20	22	46	43	47	37	12	20	7	32	38	4	34	0	49	26	45	29	26	15	4	10	5	35	39	14	2	6	25	4	29	43	28	41	20	43	24	30	15	0	34	12	0	20	30	8	41	16	42	23	28	35	5	19	19	5	22	9	24	15	42	44	9	42	6	0	20	1	15	49	2	21	13	44	0	5	0	11	38	49	42	36	47	0	3	12	8	19	6	36	7	42	46	26	1	17	20	40	10	23	17	31	37	37	28	4	20	45	39	1	38	11	8	6	13	14	44	46	20	47	41	34	49	14	1	4	19	10	31	30	22	48	13	31	20	37	24	47	39	16	10	16	2	10	24	7	23	17	42	45	17	12	23	28	48	18	40	36	44	9	39	46	19	47	15	25	11	45	32	29	22	4	47	12	48	18	17	9	9	31	47	29	15	22	48	36	2	42	7	26	38	2	9	24	32	12	21	32	9	32	0	20	33	17	45	27	5	39	37	36	36	47	37	23	44	14	16	33	24	27	35	14	17	45	3	22	25	13	11	26	31	6	26	11	18	9	35	35	2	31	29	44	16	35	44	31	34	44	41	8	28	28	20	4	30	12	18	44	29	6	0	44	19	2	40	42	45	19	15	6	39	16	9	3	15	36	14	42	1	35	1	33	45	1	44	21	37	41	37	48	25	48	35	12	9	30	4	0	7	39	16	32	13	48	40	5	45	36	46	12	25	9	46	29	23	2	21	36	5	38	22	21	9	10	14	17	11	43	20	9	37	4	1	0	4	35	4	38	4	11	20	47	18	21	22	39	42	1	48	21	46	23	38	36	30	48	17	46	43	31	14	7	49	40	18	32	41	31	47	8	7	47	35	4	14	45	43	31	0	39	37	16	27	6	49	33	19	19	42	43	47	33	38	0	21	1	48	37	42	26	32	3	0	2	19	37	25	18	41	30	
31	40	32	37	30	28	36	32	30	23	22	28	32	27	22	29	24	32	36	21	29	26	32	24	23	33	39	31	20	23	27	26	29	30	36	37	33	40	22	31	25	28	22	29	32	27	24	30	35	30	35	37	23	26	29	26	38	34	29	28	37	38	38	30	28	20	40	23	37	23	35	28	36	27	21	38	34	23	22	25	23	34	25	35	23	28	32	40	24	37	36	30	27	26	26	40	39	32	35	31	28	35	20	38	27	30	29	39	38	37	22	26	24	34	35	21	37	36	39	37	30	30	24	32	20	31	38	40	22	20	32	36	39	34	32	35	36	25	29	24	23	22	40	37	24	24	30	30	39	30	33	35	29	37	22	36	35	31	29	31	22	35	34	25	30	31	31	33	39	35	25	20	23	23	24	23	29	28	28	23	26	33	36	26	33	32	36	37	40	24	35	37	26	28	31	21	21	33	30	38	32	33	21	30	40	27	27	30	35	40	34	35	28	39	26	22	36	23	27	29	38	30	35	35	31	24	27	31	26	38	37	40	21	34	26	39	40	35	31	36	40	34	29	22	24	29	28	30	32	40	32	24	33	25	30	38	40	37	39	20	33	38	29	25	33	21	32	26	20	30	26	40	30	25	39	37	28	33	22	33	28	36	36	39	23	32	25	38	24	21	29	26	40	28	37	38	27	38	32	30	30	26	36	33	20	24	32	31	32	26	20	36	37	27	34	26	22	37	37	20	25	27	34	20	20	32	37	39	24	29	25	22	22	40	30	20	30	30	26	31	37	22	25	39	25	29	36	38	39	37	21	29	35	22	39	36	30	24	39	36	25	38	23	28	24	31	32	26	32	20	23	40	22	25	36	31	34	30	26	40	38	39	36	37	36	20	39	36	40	25	20	30	23	40	27	40	23	36	40	32	22	35	36	22	38	28	33	20	21	30	22	35	26	32	24	28	33	25	33	27	31	25	37	27	37	24	21	34	24	29	36	26	32	23	33	20	32	20	20	37	22	27	27	30	22	32	36	28	26	38	35	34	31	39	27	22	34	23	22	31	35	26	23	28	35	33	29	21	29	37	38	40	31	34	23	37	30	25	27	29	31	26	23	36	31	20	34	25	35	21	26	28	29	36	33	24	38	34	32	26	34	26	38	34	39	34	21	26	35	29	22	37	24	40	34	30	33	39	40	23	33	40	24	38	39	26	35	39	35	33	27	28	27	22	40	24	27	27	40	38	27	25	39	34	21	39	32	21	23	36	35	39	34	27	33	24	34	26	40	22	25	33	22	35	21	21	39	36	23	24	25	34	39	20	24	34	38	40	25	29	29	40	29	26	39	23	29	20	24	29	22	22	22	28	32	35	38	40	34	20	26	25	37	24	40	38	32	29	22	23	20	32	37	33	27	28	28	25	29	31	38	39	34	22	27	21	25	38	36	22	26	23	30	39	24	37	37	31	31	37	40	39	23	34	33	36	26	32	35	34	29	20	28	22	32	34	33	40	35	24	36	21	27	37	35	40	31	38	31	30	36	30	26	21	20	35	24	26	21	26	32	26	28	22	31	36	32	36	26	20	30	38	25	31	20	38	20	39	26	33	36	37	39	32	30	25	35	40	38	29	23	21	20	21	27	40	36	26	32	35	34	36	25	36	29	38	35	25	40	28	35	34	32	38	36	28	26	26	29	24	40	35	34	36	26	29	39	25	38	38	35	40	22	36	20	27	23	31	21	26	34	24	26	32	39	30	32	39	32	33	26	23	24	39	20	36	30	30	36	37	31	23	23	24	25	22	38	40	25	27	23	37	35	35	31	39	21	28	28	20	22	26	24	28	39	35	30	24	24	29	26	26	35	40	36	20	36	23	26	26	31	40	32	37	32	30	32	33	29	34	29	40	33	22	35	23	21	26	20	28	38	38	23	26	37	40	27	25	35	28	31	20	38	24	28	31	29	30	40	33	35	22	39	34	33	22	31	34	27	20	34	38	36	25	26	21	29	27	28	38	29	24	21	25	29	30	23	37	28	31	37	38	24	20	26	21	38	35	24	24	22	25	22	27	24	28	31	37	40	22	37	37	38	26	27	26	35	38	29	34	36	33	34	38	39	25	36	35	35	28	25	34	34	31	28	32	32	28	26	37	35	36	28	21	27	24	33	37	39	37	34	27	31	26	21	40	31	39	24	39	37	31	24	21	28	25	21	25	31	32	32	21	35	27	34	20	40	25	28	40	30	34	34	21	37	39	22	35	28	27	33	39	23	24	24	39	32	28	33	33	22	29	34	20	32	33	22	23	33	40	22	28	33	26	40	21	22	39	27	27	23	28	29	25	22	24	29	30	40	38	32	25	32	28	26	21	21	34	25	39	36	26	33	20	32	27	30	27	31	26	38	23	30	36	39	32	26	40	35	20	30	33	36	29	20	31	30	34	22	26	25	25	26	36	37	27	20	33	39	28	34	40	26	34	29	24	29	36	22	23	25	21	30	32	34	35	21	24	37	38	21	31	
30	21	26	17	35	44	33	30	37	32	31	26	22	12	38	23	42	37	45	35	21	40	31	16	15	45	43	25	40	33	50	11	19	22	46	12	45	43	12	27	32	35	45	48	41	23	42	38	46	27	23	15	19	26	46	27	49	43	37	13	16	23	26	17	38	15	18	36	44	43	41	44	29	16	22	19	31	15	16	33	20	36	17	43	20	37	50	50	24	14	48	32	10	36	35	50	37	11	20	18	19	37	48	34	39	37	28	20	35	38	29	49	45	14	44	28	24	10	47	30	34	33	30	10	23	41	37	25	46	26	17	24	35	19	43	37	22	50	27	48	23	36	15	40	19	47	39	15	43	45	11	18	15	19	39	13	24	13	19	40	47	30	46	33	38	39	36	41	39	40	26	20	35	12	18	47	14	35	46	45	44	29	10	30	41	49	38	19	13	13	37	14	27	16	17	11	20	32	11	13	48	16	28	45	50	39	14	47	42	23	50	13	30	45	29	44	39	33	44	47	11	16	45	16	28	18	31	19	41	50	11	20	19	13	49	50	20	39	38	26	38	11	27	28	19	29	21	37	30	23	11	22	50	33	38	21	10	47	39	32	11	45	14	41	35	24	35	20	44	12	25	33	46	44	12	17	43	31	12	27	46	43	36	45	17	16	22	17	24	37	28	38	31	19	45	43	24	43	20	48	10	25	10	15	15	13	22	39	41	14	19	33	23	15	23	21	13	39	43	43	39	49	13	45	20	47	15	43	38	38	30	28	34	40	28	21	16	22	19	30	12	43	46	30	37	22	17	39	39	24	43	37	15	17	40	29	39	40	25	20	35	35	50	28	10	16	46	28	48	12	29	49	41	46	26	28	24	48	33	45	14	45	49	33	44	34	10	42	37	41	36	32	26	36	23	16	22	20	25	13	31	28	19	32	23	50	27	13	35	12	16	39	29	22	38	33	13	11	24	36	25	44	14	24	12	35	27	10	49	23	34	44	26	20	42	38	49	15	43	35	29	41	33	17	14	30	11	12	14	32	33	13	13	49	46	36	21	41	37	36	40	16	48	39	23	24	24	35	31	15	18	39	50	36	38	27	10	21	28	39	48	40	15	48	11	50	16	24	37	30	47	14	47	35	20	25	34	49	41	50	18	13	19	35	34	49	14	38	36	47	40	42	34	46	12	11	20	49	17	28	36	13	32	11	40	30	17	20	35	40	37	20	31	41	31	39	22	31	29	37	43	41	24	46	32	34	43	27	50	30	18	33	20	25	38	36	27	13	33	42	29	38	47	43	28	21	40	38	17	27	28	49	50	16	16	12	11	15	50	16	29	45	12	50	40	16	40	43	19	10	44	18	15	47	47	38	12	27	38	41	37	11	35	25	16	14	40	15	45	46	29	36	40	37	24	23	34	39	23	31	50	21	35	16	46	49	31	50	33	10	43	25	41	44	45	11	35	19	42	25	21	24	46	31	20	17	41	10	24	28	22	29	14	40	41	45	48	48	25	29	18	15	49	41	41	36	34	46	34	33	14	49	40	15	44	44	34	11	15	22	39	45	12	45	36	20	15	50	24	44	46	11	20	42	41	41	37	14	38	26	46	49	15	42	12	21	42	27	38	19	44	44	30	22	30	15	45	11	46	39	32	23	15	46	29	36	45	26	39	29	49	20	17	37	40	46	38	44	50	41	13	44	42	34	16	12	28	48	49	48	48	41	25	44	31	29	34	48	15	32	15	24	35	35	21	13	22	45	37	18	28	43	20	29	33	30	40	49	23	29	18	34	23	14	20	43	47	10	26	20	48	50	50	50	40	49	26	28	48	18	19	45	18	21	19	26	45	40	19	13	40	28	27	19	11	35	20	20	48	25	23	38	48	43	39	11	41	39	44	45	10	13	35	36	48	32	29	28	21	40	14	50	25	44	11	39	24	22	42	20	10	42	19	12	18	12	14	40	30	33	34	47	17	18	45	16	19	46	42	28	36	50	35	49	21	22	22	44	29	11	29	34	18	29	31	34	48	14	37	39	25	29	15	27	23	40	50	28	41	16	27	19	27	46	33	35	36	30	21	28	29	43	10	25	39	13	21	40	18	36	26	41	30	14	29	46	11	25	27	42	15	23	44	45	28	45	19	11	32	26	48	44	41	31	16	16	35	12	39	39	27	46	32	18	19	16	36	38	41	15	29	33	19	14	44	24	23	17	10	18	25	39	41	33	50	16	36	19	32	35	44	35	29	21	14	44	19	24	13	46	32	44	47	12	36	37	46	23	40	29	40	50	43	45	34	39	50	16	10	28	47	18	16	11	39	21	25	30	24	43	36	30	34	41	18	13	44	30	42	12	22	16	46	18	38	12	12	24	25	17	41	34	42	29	36	50	11	21	33	50	11	33	41	26	19	22	25	38	35	18	19	16	44	30	29	48	27	49	50	11	44	37	14	41	26	36	25	24	21	49	38	35	22	19	38	26	25	48	28	30	46	12	11	46	11	15	32	49	12	41	36	45	
10
90
