1102
50
0	0	0	0	0	0	0	0	0	0	0	0	0	0	0	0	0	0	0	0	0	0	0	0	0	0	0	0	0	48	0	0	0	0	0	0	0	0	0	0	0	0	0	0	0	0	0	0	96	0	
0	0	0	0	0	0	0	0	0	0	0	500	0	0	0	0	96	0	0	0	0	0	0	0	0	0	0	0	0	0	0	0	0	0	0	0	0	0	0	0	0	0	192	0	0	0	0	0	0	48	
0	0	0	0	0	0	0	0	0	0	0	0	0	0	0	0	0	0	96	0	0	0	500	0	0	0	0	0	0	0	0	0	0	0	0	0	0	0	0	0	0	0	0	0	0	0	0	0	0	0	
0	0	0	0	0	0	48	0	0	0	0	0	0	0	0	0	0	0	0	0	0	0	48	0	0	0	0	0	0	0	0	0	0	0	0	0	0	0	0	0	0	0	0	0	0	0	0	0	0	0	
0	0	0	0	0	0	0	0	0	0	0	0	0	0	0	0	0	0	0	0	0	0	0	0	0	0	0	0	0	0	48	0	0	0	0	0	0	0	0	0	0	0	0	0	0	0	0	0	0	500	
0	0	0	0	0	0	0	0	0	0	0	0	0	0	0	0	0	0	0	0	0	0	0	0	0	192	0	192	0	0	0	0	0	0	0	0	0	0	0	0	0	0	0	0	0	0	0	0	0	0	
0	0	0	48	0	0	0	0	0	0	0	0	0	0	0	0	0	0	0	0	0	0	0	0	0	0	0	0	0	0	0	0	0	0	0	0	0	0	0	0	0	0	0	0	0	0	0	500	0	0	
0	0	0	0	0	0	0	0	0	0	0	0	0	0	0	0	0	0	0	0	0	0	0	0	0	0	0	0	0	0	0	0	0	0	0	0	0	0	0	0	0	0	0	192	96	0	0	0	0	0	
0	0	0	0	0	0	0	0	0	96	0	0	0	0	0	0	0	0	0	0	0	0	0	0	0	0	0	0	192	0	192	0	0	0	0	0	96	0	0	0	0	0	0	0	0	0	0	0	0	0	
0	0	0	0	0	0	0	0	96	0	0	0	0	0	0	0	0	0	0	0	0	0	0	0	0	0	0	0	48	0	0	0	0	0	0	0	192	0	0	0	0	0	0	0	0	0	0	0	0	0	
0	0	0	0	0	0	0	0	0	0	0	0	0	192	0	0	0	0	0	0	48	0	0	0	0	0	0	0	0	0	0	0	0	0	0	0	0	0	0	0	0	0	0	0	0	0	0	0	0	0	
0	500	0	0	0	0	0	0	0	0	0	0	0	0	0	0	500	0	0	0	0	0	0	0	0	0	0	0	0	0	0	0	0	0	0	0	0	0	0	0	96	0	0	0	0	0	0	0	0	0	
0	0	0	0	0	0	0	0	0	0	0	0	0	0	0	0	0	0	0	0	0	0	0	96	0	0	0	0	0	0	0	0	0	0	0	0	0	48	0	0	0	48	0	0	0	0	0	0	0	0	
0	0	0	0	0	0	0	0	0	0	192	0	0	0	0	0	0	0	0	192	0	0	0	0	0	0	0	0	0	0	0	0	0	0	0	0	0	0	0	0	0	0	0	0	0	0	0	0	0	0	
0	0	0	0	0	0	0	0	0	0	0	0	0	0	0	0	0	0	0	0	0	500	0	0	0	0	0	0	0	0	0	96	0	0	0	0	0	500	0	0	0	0	0	0	0	0	0	0	0	0	
0	0	0	0	0	0	0	0	0	0	0	0	0	0	0	0	0	0	0	0	0	0	0	0	0	0	0	0	0	0	0	0	0	0	0	0	0	0	0	0	48	0	0	0	0	0	0	192	0	0	
0	96	0	0	0	0	0	0	0	0	0	500	0	0	0	0	0	0	0	0	0	0	0	0	0	0	0	0	0	0	0	0	0	0	0	0	0	0	0	0	0	0	0	0	0	0	0	0	0	0	
0	0	0	0	0	0	0	0	0	0	0	0	0	0	0	0	0	0	0	0	0	0	0	0	0	0	0	0	0	0	0	0	0	0	0	0	500	0	192	96	0	0	0	192	0	0	0	0	0	0	
0	0	96	0	0	0	0	0	0	0	0	0	0	0	0	0	0	0	0	0	0	0	500	0	0	0	0	0	0	0	0	0	0	0	0	0	0	0	0	0	0	0	0	0	0	0	0	0	0	0	
0	0	0	0	0	0	0	0	0	0	0	0	0	192	0	0	0	0	0	0	0	0	0	0	0	0	0	0	0	0	0	0	500	0	0	0	0	0	0	0	0	48	0	0	0	0	0	0	0	0	
0	0	0	0	0	0	0	0	0	0	48	0	0	0	0	0	0	0	0	0	0	0	0	0	0	0	0	0	0	0	0	0	48	0	0	0	0	0	0	0	0	0	0	0	0	0	0	0	0	0	
0	0	0	0	0	0	0	0	0	0	0	0	0	0	500	0	0	0	0	0	0	0	0	0	0	0	0	0	0	0	0	0	0	0	192	0	0	0	0	48	0	0	0	0	0	0	0	0	48	0	
0	0	500	48	0	0	0	0	0	0	0	0	0	0	0	0	0	0	500	0	0	0	0	0	0	0	0	0	0	0	0	0	0	0	0	0	0	0	0	0	0	0	0	0	0	0	0	0	0	0	
0	0	0	0	0	0	0	0	0	0	0	0	96	0	0	0	0	0	0	0	0	0	0	0	0	0	0	192	0	0	0	0	0	0	0	0	0	0	0	0	0	0	0	0	0	0	0	0	0	0	
0	0	0	0	0	0	0	0	0	0	0	0	0	0	0	0	0	0	0	0	0	0	0	0	0	0	0	0	0	0	0	48	0	0	0	0	0	0	192	0	96	0	192	0	0	0	0	0	0	0	
0	0	0	0	0	192	0	0	0	0	0	0	0	0	0	0	0	0	0	0	0	0	0	0	0	0	0	48	0	500	0	0	0	0	0	500	0	0	0	0	0	0	0	0	0	0	0	0	0	0	
0	0	0	0	0	0	0	0	0	0	0	0	0	0	0	0	0	0	0	0	0	0	0	0	0	0	0	0	0	0	0	0	0	0	48	0	0	0	0	0	0	0	0	0	0	48	0	0	0	0	
0	0	0	0	0	192	0	0	0	0	0	0	0	0	0	0	0	0	0	0	0	0	0	192	0	48	0	0	0	0	0	0	0	0	0	0	0	0	0	0	0	0	0	0	0	0	0	0	0	0	
0	0	0	0	0	0	0	0	192	48	0	0	0	0	0	0	0	0	0	0	0	0	0	0	0	0	0	0	0	0	0	0	0	0	0	0	0	0	0	0	0	0	0	0	0	0	0	0	0	0	
48	0	0	0	0	0	0	0	0	0	0	0	0	0	0	0	0	0	0	0	0	0	0	0	0	500	0	0	0	0	0	0	0	0	0	0	0	0	0	0	0	0	0	0	0	0	0	0	0	0	
0	0	0	0	48	0	0	0	192	0	0	0	0	0	0	0	0	0	0	0	0	0	0	0	0	0	0	0	0	0	0	0	0	0	0	0	0	0	0	0	0	0	0	0	0	0	0	0	0	0	
0	0	0	0	0	0	0	0	0	0	0	0	0	0	96	0	0	0	0	0	0	0	0	0	48	0	0	0	0	0	0	0	0	0	0	0	0	0	0	0	0	0	192	0	0	0	0	0	0	0	
0	0	0	0	0	0	0	0	0	0	0	0	0	0	0	0	0	0	0	500	48	0	0	0	0	0	0	0	0	0	0	0	0	0	0	0	0	0	0	0	0	0	0	0	0	0	0	0	0	0	
0	0	0	0	0	0	0	0	0	0	0	0	0	0	0	0	0	0	0	0	0	0	0	0	0	0	0	0	0	0	0	0	0	0	500	96	0	0	0	0	0	0	0	0	0	0	0	0	0	0	
0	0	0	0	0	0	0	0	0	0	0	0	0	0	0	0	0	0	0	0	0	192	0	0	0	0	48	0	0	0	0	0	0	500	0	0	0	0	0	0	0	0	0	0	0	0	0	0	0	0	
0	0	0	0	0	0	0	0	0	0	0	0	0	0	0	0	0	0	0	0	0	0	0	0	0	500	0	0	0	0	0	0	0	96	0	0	0	0	0	0	0	0	0	0	0	0	48	0	0	0	
0	0	0	0	0	0	0	0	96	192	0	0	0	0	0	0	0	500	0	0	0	0	0	0	0	0	0	0	0	0	0	0	0	0	0	0	0	0	0	0	0	0	0	0	0	0	0	0	0	0	
0	0	0	0	0	0	0	0	0	0	0	0	48	0	500	0	0	0	0	0	0	0	0	0	0	0	0	0	0	0	0	0	0	0	0	0	0	0	0	0	0	0	0	0	0	0	0	0	0	0	
0	0	0	0	0	0	0	0	0	0	0	0	0	0	0	0	0	192	0	0	0	0	0	0	192	0	0	0	0	0	0	0	0	0	0	0	0	0	0	0	0	0	0	0	0	0	0	0	0	0	
0	0	0	0	0	0	0	0	0	0	0	0	0	0	0	0	0	96	0	0	0	48	0	0	0	0	0	0	0	0	0	0	0	0	0	0	0	0	0	0	0	0	0	0	0	0	0	0	0	0	
0	0	0	0	0	0	0	0	0	0	0	96	0	0	0	48	0	0	0	0	0	0	0	0	96	0	0	0	0	0	0	0	0	0	0	0	0	0	0	0	0	0	0	0	0	0	0	0	0	0	
0	0	0	0	0	0	0	0	0	0	0	0	48	0	0	0	0	0	0	48	0	0	0	0	0	0	0	0	0	0	0	0	0	0	0	0	0	0	0	0	0	0	0	0	0	0	0	0	0	0	
0	192	0	0	0	0	0	0	0	0	0	0	0	0	0	0	0	0	0	0	0	0	0	0	192	0	0	0	0	0	0	192	0	0	0	0	0	0	0	0	0	0	0	0	0	0	0	0	0	0	
0	0	0	0	0	0	0	192	0	0	0	0	0	0	0	0	0	192	0	0	0	0	0	0	0	0	0	0	0	0	0	0	0	0	0	0	0	0	0	0	0	0	0	0	0	0	0	0	0	0	
0	0	0	0	0	0	0	96	0	0	0	0	0	0	0	0	0	0	0	0	0	0	0	0	0	0	0	0	0	0	0	0	0	0	0	0	0	0	0	0	0	0	0	0	0	0	96	0	0	0	
0	0	0	0	0	0	0	0	0	0	0	0	0	0	0	0	0	0	0	0	0	0	0	0	0	0	48	0	0	0	0	0	0	0	0	0	0	0	0	0	0	0	0	0	0	0	0	0	0	0	
0	0	0	0	0	0	0	0	0	0	0	0	0	0	0	0	0	0	0	0	0	0	0	0	0	0	0	0	0	0	0	0	0	0	0	48	0	0	0	0	0	0	0	0	96	0	0	0	0	0	
0	0	0	0	0	0	500	0	0	0	0	0	0	0	0	192	0	0	0	0	0	0	0	0	0	0	0	0	0	0	0	0	0	0	0	0	0	0	0	0	0	0	0	0	0	0	0	0	0	0	
96	0	0	0	0	0	0	0	0	0	0	0	0	0	0	0	0	0	0	0	0	48	0	0	0	0	0	0	0	0	0	0	0	0	0	0	0	0	0	0	0	0	0	0	0	0	0	0	0	0	
0	48	0	0	500	0	0	0	0	0	0	0	0	0	0	0	0	0	0	0	0	0	0	0	0	0	0	0	0	0	0	0	0	0	0	0	0	0	0	0	0	0	0	0	0	0	0	0	0	0	
47	34	25	18	4	41	47	26	13	48	19	12	12	29	14	29	7	40	5	4	38	8	30	20	5	10	18	45	16	8	39	39	48	22	44	39	49	12	19	4	36	10	39	26	27	27	3	26	49	0	10	17	42	41	43	1	26	32	5	44	9	0	11	25	39	18	37	3	8	14	49	20	12	38	10	1	11	18	18	3	43	29	44	8	5	32	33	1	13	44	14	19	49	44	46	8	25	7	14	28	40	31	43	22	33	46	8	19	24	36	16	9	11	42	47	25	19	27	8	6	7	43	37	4	15	22	34	21	48	23	14	46	18	42	42	12	38	33	41	30	39	29	22	26	47	39	46	20	26	11	44	30	13	31	30	16	11	2	1	26	0	46	45	7	0	1	23	20	3	2	31	16	32	31	10	22	5	2	29	5	32	32	13	24	25	24	3	18	30	30	38	10	5	28	32	43	44	5	42	48	35	31	4	28	26	40	4	10	28	31	5	31	29	6	41	36	34	20	44	30	15	42	1	38	37	35	49	3	26	37	22	44	26	5	18	14	13	8	14	42	41	27	32	17	42	18	36	17	46	35	49	33	2	34	49	8	20	15	39	21	18	47	8	42	32	41	13	25	17	15	29	17	2	37	19	43	29	14	37	31	20	2	38	26	20	10	8	3	14	34	24	46	46	36	20	41	13	3	15	25	11	45	24	35	1	47	22	43	29	47	4	46	14	39	21	43	8	16	0	41	25	44	29	28	1	34	36	22	26	27	32	0	7	32	41	9	46	35	32	15	2	47	12	12	19	11	22	33	42	19	1	5	27	26	14	49	6	24	12	5	11	9	36	46	10	6	37	27	13	5	25	42	4	49	1	43	8	34	33	27	11	36	19	43	30	30	0	9	37	24	7	2	11	16	21	31	44	19	19	34	24	22	24	43	45	35	29	7	7	6	10	45	8	49	44	20	40	37	31	40	2	49	12	15	0	1	27	38	1	37	47	16	5	33	21	30	49	36	36	36	25	29	13	0	23	8	35	5	31	49	46	10	9	33	33	42	34	42	44	33	22	8	28	37	14	24	7	23	22	22	16	12	49	18	30	41	31	45	48	46	13	14	5	33	30	23	30	35	24	24	48	31	15	16	1	46	40	9	40	2	24	5	23	3	9	23	39	20	25	28	42	8	42	16	15	27	9	5	9	24	42	14	29	32	39	27	44	45	12	6	29	18	11	38	0	23	42	9	28	36	9	21	25	9	9	3	16	5	37	26	29	43	13	26	13	36	0	39	27	33	16	30	12	36	25	35	7	40	7	10	25	20	26	24	5	32	8	9	33	5	19	19	49	8	11	27	40	25	22	4	14	24	14	14	16	40	40	13	15	4	12	42	18	24	19	37	40	25	26	0	8	22	49	2	7	35	46	34	18	18	15	2	8	36	10	8	13	46	16	38	18	29	16	3	17	29	42	10	20	21	41	24	16	24	17	40	12	40	7	29	5	27	34	35	16	0	16	26	48	2	41	9	38	15	7	45	10	34	6	7	3	21	9	34	29	43	31	49	41	25	2	29	9	21	23	19	34	18	36	36	9	9	25	26	1	12	12	47	43	41	17	14	48	23	22	26	40	47	31	44	32	2	24	33	38	14	5	2	33	21	46	39	5	0	24	38	15	20	39	13	36	31	18	27	11	10	36	49	23	0	11	43	45	23	11	23	32	24	4	0	38	9	4	14	44	23	49	11	20	21	11	40	49	35	31	14	19	32	11	23	3	2	43	29	36	37	23	48	49	33	30	47	41	31	35	47	17	30	4	29	23	47	19	12	6	23	49	25	26	22	21	10	20	3	3	49	46	43	35	11	15	42	38	9	48	21	46	2	48	33	32	41	34	16	7	27	49	25	47	42	44	28	22	12	49	35	14	39	2	25	37	8	2	31	4	2	19	28	45	47	28	19	7	47	10	10	12	19	34	43	47	47	45	1	24	45	32	48	35	14	42	31	36	6	4	1	37	24	11	34	40	15	15	35	21	10	9	29	11	35	21	8	24	25	37	24	1	25	26	9	6	22	43	13	42	22	43	34	43	27	13	39	21	35	18	15	48	0	39	5	12	29	48	1	39	7	28	45	27	0	7	16	3	14	46	33	11	38	13	48	46	9	21	42	14	11	43	25	12	16	8	20	6	30	11	10	46	43	45	15	44	22	28	36	16	40	39	11	17	3	18	7	6	4	38	45	9	7	49	13	5	22	38	42	16	22	12	30	38	33	8	48	8	39	3	19	35	47	18	27	21	2	2	29	28	9	7	11	49	23	26	31	33	35	23	21	18	39	47	28	40	9	44	31	29	0	3	29	22	36	3	33	45	31	23	47	6	42	38	8	23	41	1	27	6	21	20	3	3	11	4	38	42	21	11	8	13	5	4	2	14	25	21	9	46	25	3	41	13	36	1	49	39	29	12	16	48	14	3	24	44	8	43	9	1	1	49	16	1	21	27	34	2	11	13	25	34	19	18	30	23	7	
27	0	12	4	23	18	30	35	9	28	37	24	27	19	18	27	39	44	0	43	13	39	24	40	26	17	11	18	4	44	43	7	27	41	22	43	30	8	31	20	45	3	21	7	14	43	47	26	21	9	24	35	3	19	28	15	7	10	2	28	47	31	31	16	22	29	36	45	24	33	23	35	34	29	46	4	3	48	45	47	13	49	23	24	24	42	44	39	36	33	21	36	20	43	42	34	8	16	14	29	30	26	0	17	37	26	20	31	35	36	20	28	24	12	41	10	4	29	0	30	43	0	28	26	34	45	1	12	28	3	17	11	24	27	20	35	30	28	37	8	37	41	35	36	0	36	5	46	3	30	20	24	37	32	15	49	31	9	22	34	40	26	3	28	17	33	27	5	7	37	23	19	35	33	46	38	14	38	7	34	12	12	49	21	10	14	28	41	21	17	44	1	5	36	15	13	2	14	14	47	8	37	22	34	23	46	16	4	28	36	42	9	11	14	14	7	40	28	9	20	14	5	46	31	33	34	49	36	5	22	41	27	31	30	27	2	13	14	3	0	1	15	18	21	9	32	7	0	19	46	0	36	38	10	38	28	16	6	12	30	19	23	19	32	48	18	48	26	27	7	1	14	10	9	30	24	30	37	5	17	25	0	29	43	35	29	44	42	0	21	16	31	5	4	24	13	38	35	46	8	13	9	36	45	17	39	2	49	20	32	35	28	32	44	6	41	47	34	28	41	10	27	36	8	21	15	32	4	12	1	29	14	43	4	20	46	45	19	47	34	20	49	39	0	36	28	23	16	20	7	47	44	4	29	32	27	46	11	19	25	10	32	41	32	47	12	43	1	21	38	23	14	10	9	13	19	11	20	8	18	28	20	44	35	29	27	15	25	23	22	47	10	12	48	26	10	34	0	17	13	7	12	7	39	13	29	13	3	3	38	35	33	49	5	15	33	41	40	29	2	10	4	23	42	8	33	42	4	13	4	19	31	30	25	9	44	7	9	2	20	36	36	18	29	43	48	17	6	36	1	13	45	0	5	43	26	28	39	33	44	28	23	41	25	13	16	6	49	2	2	39	38	6	46	13	24	20	0	43	22	7	32	49	20	39	12	32	28	12	0	11	36	5	45	42	30	18	49	6	21	7	11	16	25	37	22	16	36	22	12	39	49	30	48	26	14	2	25	34	18	21	18	16	28	6	36	34	13	40	27	22	28	16	18	28	49	39	46	1	1	9	20	29	6	48	19	24	10	15	31	25	44	16	45	10	8	21	16	43	44	2	2	28	6	24	26	2	46	7	21	14	37	9	42	9	45	3	10	32	10	21	14	49	11	5	33	19	24	12	1	45	40	16	8	1	4	37	38	44	33	49	0	29	44	15	46	36	49	41	11	14	33	49	8	32	20	0	16	19	32	37	29	16	36	9	48	35	10	19	36	35	12	28	33	42	26	35	1	21	4	36	37	45	29	7	33	0	5	9	28	4	12	26	48	18	34	40	22	7	23	26	41	34	36	0	6	27	15	48	8	42	28	35	21	1	3	38	4	46	18	26	6	0	20	20	46	10	19	35	33	41	47	3	2	15	5	11	1	12	15	28	35	5	7	10	3	25	35	3	43	48	43	45	0	1	22	10	39	34	8	39	47	0	31	12	23	24	5	3	8	39	44	21	32	42	41	22	48	45	30	10	33	49	49	41	29	33	20	44	48	17	21	43	3	42	45	26	3	3	36	36	23	36	2	1	21	42	17	17	8	4	6	38	26	25	23	43	45	22	30	12	5	35	43	9	47	12	24	23	13	11	34	20	18	45	25	46	35	16	33	1	34	28	14	12	24	20	13	41	32	12	8	8	45	0	5	46	18	34	36	31	3	11	17	47	43	12	49	16	7	24	44	39	30	42	38	8	11	42	39	47	24	47	2	8	38	38	31	46	0	35	49	23	40	9	3	13	34	25	6	21	41	27	32	35	11	42	47	5	21	3	35	37	9	35	32	24	18	7	1	4	27	27	30	47	45	0	28	10	41	16	0	3	5	0	19	36	46	21	10	27	23	29	20	5	35	20	33	46	37	19	3	46	2	19	49	26	18	29	41	30	0	41	31	40	17	3	19	34	39	37	11	3	21	45	13	9	22	46	4	36	29	0	4	49	25	21	23	20	44	20	12	1	29	28	3	24	27	46	4	39	23	33	1	41	30	47	48	28	22	39	33	39	46	27	21	4	49	24	38	25	8	1	44	33	45	37	48	15	39	7	7	11	0	5	48	34	20	42	9	37	37	43	36	10	40	42	42	41	40	40	11	14	28	14	19	49	19	46	2	41	36	29	12	11	3	28	7	43	25	42	16	12	33	16	33	29	45	4	16	19	36	14	12	49	39	36	41	15	33	11	33	44	37	19	6	47	36	28	26	44	47	23	2	15	12	20	8	22	31	43	46	29	4	2	8	7	26	12	42	36	41	14	27	34	28	41	21	30	18	16	24	48	37	29	4	4	44	13	13	33	14	
27	39	28	21	32	35	30	30	37	21	27	21	38	26	35	25	20	39	29	33	33	26	25	30	30	34	20	34	27	34	28	33	32	38	23	40	31	23	33	37	33	32	31	23	35	34	39	38	34	27	28	20	37	38	38	27	26	20	37	30	24	36	26	37	26	33	29	40	25	28	31	40	31	29	25	36	27	39	31	25	40	25	29	31	33	36	21	32	34	28	38	29	28	31	22	40	28	31	20	35	23	30	37	37	29	20	33	20	24	39	21	28	21	26	33	35	40	25	37	28	38	31	25	30	30	32	27	24	27	24	25	24	37	40	33	28	38	26	25	27	26	36	37	25	23	28	33	24	35	21	26	24	27	25	34	20	34	24	24	39	37	24	23	37	25	38	24	25	22	23	27	25	35	39	23	38	37	37	38	25	34	33	22	30	40	25	22	37	31	21	21	20	31	39	29	34	23	30	37	36	40	32	21	24	23	29	23	34	26	33	28	32	30	30	28	35	22	37	28	21	33	21	39	24	31	39	32	37	31	36	32	22	20	32	36	26	34	34	39	25	21	35	25	35	21	21	36	20	22	38	30	31	36	29	24	27	39	31	39	24	37	34	36	36	28	23	30	20	40	29	21	33	27	28	36	21	36	30	20	37	40	38	35	20	39	27	32	31	27	22	29	25	27	23	38	23	36	37	32	37	35	37	26	25	35	38	28	22	34	33	22	33	38	25	40	34	38	33	22	25	32	29	39	21	39	30	31	37	26	24	37	37	27	28	22	26	20	26	36	40	39	22	24	31	29	35	22	39	32	32	23	33	31	21	27	34	23	35	38	36	31	21	25	38	26	30	37	40	31	23	35	23	21	26	39	20	28	32	20	39	37	25	23	29	30	28	30	21	23	28	31	31	34	33	23	34	21	34	29	31	22	30	23	21	33	28	28	38	35	22	25	29	33	23	36	37	31	37	27	25	31	23	32	33	25	23	27	22	34	21	21	27	39	24	38	24	23	36	25	39	21	20	26	34	23	39	21	25	27	26	20	22	38	34	21	21	39	20	37	33	38	21	28	21	31	40	39	22	39	20	38	32	35	30	30	20	24	26	28	37	20	24	37	27	40	25	28	36	29	29	27	27	34	23	23	22	31	21	40	28	34	22	28	35	22	30	38	33	22	23	32	28	32	27	38	28	36	23	39	36	28	21	31	35	29	39	27	29	22	36	21	27	30	21	29	21	21	21	31	26	26	23	31	21	28	30	31	24	31	26	34	24	27	25	31	38	31	39	34	21	37	36	20	34	22	35	36	29	21	30	37	37	22	32	34	27	30	37	37	37	40	22	36	40	29	25	27	33	37	30	33	31	30	27	22	39	21	30	28	27	27	35	29	40	40	21	28	25	28	34	30	27	29	22	22	29	27	35	35	22	36	40	31	31	29	28	28	29	20	26	21	30	30	35	30	26	24	32	22	34	38	36	31	32	36	33	26	28	24	31	27	36	34	26	28	33	22	32	26	36	35	36	23	35	22	21	25	38	25	36	22	27	40	39	34	35	31	33	30	35	24	29	25	35	20	21	39	38	21	32	30	28	22	39	20	30	39	36	24	22	21	39	24	22	28	25	20	24	39	29	31	29	26	34	30	37	29	27	24	37	25	34	29	29	29	32	35	40	39	23	34	32	37	34	28	29	24	32	25	30	23	32	22	30	25	30	29	23	34	32	40	23	30	36	34	26	25	23	20	40	27	31	28	26	35	40	34	29	22	26	28	33	22	30	26	30	35	33	38	37	35	25	31	29	27	39	36	22	34	32	38	24	26	22	21	37	34	20	25	33	23	40	37	24	20	21	20	27	25	40	28	21	29	39	20	35	28	20	20	36	20	38	21	23	28	24	36	39	32	40	20	20	21	40	26	25	34	32	30	24	20	31	23	24	34	31	22	24	30	27	29	26	28	24	32	34	38	30	30	20	27	34	28	30	30	30	37	20	29	35	33	37	32	24	23	22	35	21	24	26	30	40	22	32	22	27	24	30	24	38	34	33	28	29	36	23	39	26	35	37	36	28	39	20	35	27	36	33	34	37	38	23	33	28	37	27	34	31	26	37	33	29	33	24	21	39	32	30	33	24	38	38	39	25	33	31	30	32	21	22	37	28	35	32	22	26	30	22	33	20	38	20	35	20	24	30	31	28	22	40	23	39	24	27	27	40	25	31	20	23	21	36	20	30	27	28	30	35	31	25	38	31	26	25	35	26	40	21	33	30	36	34	33	23	30	26	20	29	34	31	30	37	24	35	30	34	22	33	40	37	36	26	26	31	27	35	22	32	33	39	26	37	40	23	27	27	27	24	22	28	23	39	38	21	22	21	30	39	35	38	30	40	35	35	21	31	28	38	22	36	34	33	27	28	22	36	23	20	39	30	37	20	32	38	39	25	31	33	22	31	26	23	30	23	20	21	21	28	29	28	27	40	36	24	35	30	30	34	40	32	32	35	23	25	29	23	39	20	38	31	28	38	
19	20	13	16	16	42	48	15	10	16	11	23	48	24	37	45	13	33	22	43	22	14	11	12	38	50	41	17	48	24	10	16	36	30	17	35	10	50	35	45	31	48	42	20	30	18	33	26	47	17	36	44	48	29	38	25	22	50	32	44	46	32	24	42	35	39	48	43	17	10	18	26	33	18	26	13	48	36	35	39	50	39	38	10	25	46	47	21	39	34	30	20	40	46	41	33	32	38	15	22	18	13	30	44	38	29	46	34	16	49	17	16	21	33	35	17	23	13	29	38	13	42	32	12	28	30	40	19	25	47	20	17	35	15	50	33	27	38	41	47	21	23	18	35	15	11	33	16	48	11	47	47	14	14	11	44	16	39	35	30	41	31	37	44	49	28	11	38	22	34	14	25	30	29	10	37	20	21	12	21	15	27	50	13	16	37	39	49	42	37	17	24	23	13	22	34	41	17	25	32	37	47	16	13	39	15	15	45	42	12	12	19	21	10	10	10	16	11	15	30	31	47	38	28	42	40	13	32	33	14	22	29	36	34	50	36	45	20	22	46	46	12	37	11	22	31	31	32	20	14	34	12	19	33	16	26	20	41	16	31	15	48	44	11	50	24	14	16	12	24	37	31	38	11	36	32	47	48	12	21	16	45	37	39	13	18	37	30	46	16	45	17	32	26	11	14	10	49	32	49	30	25	17	14	46	39	40	15	38	48	25	15	29	35	21	36	10	30	10	15	36	11	41	21	10	27	38	22	29	24	25	26	22	12	25	33	37	12	12	15	24	30	42	35	36	39	32	33	26	37	37	25	26	40	15	41	26	42	22	30	48	11	14	34	17	24	33	27	16	10	24	46	43	15	12	23	21	29	19	19	47	49	18	35	23	27	50	17	38	18	28	29	45	17	41	14	20	50	21	11	30	13	16	32	28	43	30	49	45	45	36	33	39	34	26	17	34	33	34	45	18	35	35	24	28	22	27	12	39	38	22	22	26	20	10	35	26	19	45	20	50	10	41	22	40	20	22	25	13	26	31	47	46	32	26	28	10	24	43	42	38	18	16	19	28	18	36	20	16	24	29	24	24	20	39	10	24	39	38	34	17	17	23	39	29	15	30	48	31	12	40	36	45	29	16	30	15	38	27	42	22	48	13	35	14	30	27	50	21	46	15	47	26	12	30	34	30	16	12	24	46	16	21	40	36	19	12	28	42	37	36	33	32	37	19	24	17	39	10	26	44	23	23	39	12	43	35	45	39	14	11	34	10	33	16	36	48	27	25	45	17	36	30	40	20	22	19	38	39	28	28	41	50	48	35	13	24	16	26	38	19	48	39	28	22	45	49	29	37	33	29	27	45	42	45	43	15	42	44	10	45	43	44	11	36	39	32	44	16	42	26	26	10	24	38	43	36	17	27	33	17	35	13	47	32	44	39	48	23	46	34	43	33	25	16	48	41	15	46	45	27	39	40	31	16	33	28	10	10	20	35	12	19	22	40	28	25	22	34	28	18	21	11	11	48	43	40	27	46	17	47	38	23	35	24	10	45	45	42	36	31	34	33	30	16	33	49	16	21	25	43	38	20	48	38	20	47	23	13	10	31	32	17	21	49	21	43	26	19	17	18	43	22	25	33	19	37	16	23	34	25	31	47	43	12	34	14	41	36	28	49	44	43	19	29	24	21	35	26	42	42	28	12	45	14	46	24	25	14	42	24	47	36	39	36	23	23	10	43	39	12	45	38	21	16	38	12	45	28	24	47	42	13	28	44	47	29	31	12	12	19	18	33	35	18	29	32	16	18	45	24	20	22	32	43	26	27	48	39	23	24	11	44	30	13	46	24	31	48	33	45	11	25	24	31	36	18	49	48	13	35	24	21	14	31	29	45	11	24	45	50	47	16	11	31	20	37	39	13	42	44	17	35	20	19	49	48	32	33	47	32	19	48	41	13	18	27	14	44	11	31	20	18	48	43	35	40	16	11	27	35	23	13	15	24	11	27	41	49	37	28	12	49	40	45	22	23	14	25	19	33	42	27	33	13	39	27	42	41	34	12	10	19	10	45	47	33	48	27	39	32	47	41	16	29	47	32	36	41	49	22	49	21	34	28	11	17	36	16	29	35	14	16	26	39	26	21	38	33	45	34	32	10	12	27	46	12	14	15	23	39	21	16	44	44	44	38	14	44	42	40	16	24	42	41	14	25	35	13	41	16	25	44	50	46	19	44	19	43	46	41	31	39	50	20	35	28	43	14	10	50	41	30	44	49	11	31	12	16	50	35	31	44	43	24	50	47	41	38	47	39	16	16	41	31	28	23	27	18	37	35	50	40	27	34	18	33	16	22	11	27	14	42	29	15	22	43	12	28	42	24	46	45	29	28	49	28	17	40	43	46	41	26	20	45	34	32	20	46	20	45	49	28	45	33	24	26	17	43	25	19	36	40	37	10	50	10	13	20	32	27	29	50	35	32	21	15	16	46	38	39	39	31	33	20	43	12	13	25	42	11	28	
5
90
