980
50
0	0	0	0	0	0	0	0	0	0	500	0	0	0	0	0	0	96	0	0	0	0	0	0	0	0	0	0	0	0	0	0	0	0	0	0	0	0	0	0	0	0	0	0	0	0	0	0	0	0	
0	0	0	0	0	0	0	0	48	0	0	0	0	0	0	0	0	0	0	0	0	0	0	0	0	0	0	0	0	0	0	0	0	0	0	0	0	0	0	0	0	96	0	0	0	0	0	0	0	0	
0	0	0	0	0	0	500	0	0	0	0	0	0	0	0	0	0	0	0	0	48	0	0	0	0	0	0	0	0	0	0	0	0	0	0	0	0	0	0	0	192	0	48	0	0	0	0	0	0	0	
0	0	0	0	0	0	0	0	0	0	0	0	0	0	0	0	0	0	0	0	0	0	0	0	0	0	0	0	0	0	0	0	192	0	0	96	0	0	0	0	0	96	0	0	0	0	0	0	0	0	
0	0	0	0	0	0	0	0	0	0	0	0	0	0	0	96	0	0	0	0	0	0	0	0	0	0	500	0	96	0	0	0	0	0	0	0	0	0	0	0	0	0	0	0	0	0	0	0	0	0	
0	0	0	0	0	0	0	0	0	0	0	0	0	0	0	0	0	0	0	0	0	0	0	0	96	0	0	0	0	0	0	0	0	0	0	0	0	96	0	0	0	0	0	0	0	0	0	0	0	0	
0	0	500	0	0	0	0	0	0	0	0	0	0	0	0	0	192	0	0	0	48	0	0	0	0	96	0	500	0	0	0	0	0	0	0	0	0	0	0	0	0	0	0	0	0	0	0	0	0	0	
0	0	0	0	0	0	0	0	0	0	0	0	0	0	0	0	0	0	0	0	0	0	0	0	0	0	0	0	0	0	0	0	0	0	96	0	0	0	500	0	0	0	0	0	0	0	0	0	0	0	
0	48	0	0	0	0	0	0	0	0	0	0	0	0	0	0	0	0	0	0	0	0	0	0	0	0	0	0	0	0	0	0	0	0	0	0	0	0	0	0	0	0	0	0	0	192	0	0	0	0	
0	0	0	0	0	0	0	0	0	0	192	0	0	0	0	0	0	0	0	0	0	96	0	0	0	0	0	0	0	0	0	0	0	0	0	0	0	0	0	0	0	0	0	192	0	0	0	0	0	0	
500	0	0	0	0	0	0	0	0	192	0	0	0	0	0	0	0	0	0	0	0	0	0	0	0	0	0	0	0	0	0	0	0	0	0	0	0	0	0	0	0	0	0	0	0	0	0	0	0	0	
0	0	0	0	0	0	0	0	0	0	0	0	0	96	0	96	0	0	0	0	0	0	0	0	0	0	0	0	0	0	0	0	0	0	0	0	0	0	0	0	0	0	0	0	0	0	0	0	0	0	
0	0	0	0	0	0	0	0	0	0	0	0	0	0	0	0	0	0	0	0	0	0	0	0	0	0	0	0	0	48	0	0	0	0	0	0	0	0	0	0	0	0	0	0	0	0	0	0	192	0	
0	0	0	0	0	0	0	0	0	0	0	96	0	0	0	0	0	0	500	0	0	0	0	0	0	0	0	0	0	0	48	96	0	0	0	0	0	0	0	0	0	0	0	0	0	0	0	0	0	0	
0	0	0	0	0	0	0	0	0	0	0	0	0	0	0	0	0	0	0	0	0	0	0	0	0	0	0	0	0	0	0	0	0	0	0	0	0	0	0	0	0	0	0	0	192	0	0	0	48	0	
0	0	0	0	96	0	0	0	0	0	0	96	0	0	0	0	0	0	0	0	0	0	0	192	0	0	0	0	0	0	0	0	0	0	0	0	0	0	0	0	0	0	0	0	0	0	0	0	0	0	
0	0	0	0	0	0	192	0	0	0	0	0	0	0	0	0	0	0	0	0	0	0	0	0	0	500	0	192	0	0	0	0	0	0	0	0	0	0	0	0	0	0	0	0	0	0	0	0	0	0	
96	0	0	0	0	0	0	0	0	0	0	0	0	0	0	0	0	0	0	0	0	0	0	0	0	0	0	0	0	0	0	0	0	0	0	0	0	0	0	0	96	0	0	0	0	0	0	0	0	0	
0	0	0	0	0	0	0	0	0	0	0	0	0	500	0	0	0	0	0	0	0	0	0	0	0	0	0	0	0	0	0	192	0	0	0	0	0	0	0	0	0	0	0	0	0	0	0	0	0	0	
0	0	0	0	0	0	0	0	0	0	0	0	0	0	0	0	0	0	0	0	0	500	0	0	0	0	0	0	0	0	0	0	192	0	0	0	0	0	500	0	0	0	0	0	0	0	0	0	0	0	
0	0	48	0	0	0	48	0	0	0	0	0	0	0	0	0	0	0	0	0	0	0	0	0	0	0	0	0	0	0	0	0	0	0	0	0	0	0	0	0	0	0	0	0	0	0	0	0	0	0	
0	0	0	0	0	0	0	0	0	96	0	0	0	0	0	0	0	0	0	500	0	0	0	0	0	0	0	0	0	0	0	0	0	0	0	0	0	0	0	0	0	0	0	0	0	0	0	0	0	0	
0	0	0	0	0	0	0	0	0	0	0	0	0	0	0	0	0	0	0	0	0	0	0	192	0	0	0	0	0	0	0	0	0	0	0	0	0	0	0	0	0	0	0	0	0	0	500	0	0	500	
0	0	0	0	0	0	0	0	0	0	0	0	0	0	0	192	0	0	0	0	0	0	192	0	0	0	0	0	0	0	0	0	0	0	0	0	0	0	0	0	0	0	0	0	0	0	0	0	0	0	
0	0	0	0	0	96	0	0	0	0	0	0	0	0	0	0	0	0	0	0	0	0	0	0	0	0	0	0	0	0	0	0	0	0	0	0	0	48	0	0	192	0	48	0	0	0	0	0	0	0	
0	0	0	0	0	0	96	0	0	0	0	0	0	0	0	0	500	0	0	0	0	0	0	0	0	0	0	0	0	0	0	0	0	96	0	0	0	0	0	0	0	0	0	0	500	0	192	0	0	0	
0	0	0	0	500	0	0	0	0	0	0	0	0	0	0	0	0	0	0	0	0	0	0	0	0	0	0	0	48	0	0	0	0	0	0	0	0	0	0	0	0	0	0	0	0	0	0	48	0	48	
0	0	0	0	0	0	500	0	0	0	0	0	0	0	0	0	192	0	0	0	0	0	0	0	0	0	0	0	0	96	0	0	0	0	0	0	0	0	0	0	0	0	192	0	0	0	0	0	0	0	
0	0	0	0	96	0	0	0	0	0	0	0	0	0	0	0	0	0	0	0	0	0	0	0	0	0	48	0	0	0	0	0	0	0	0	0	0	0	0	0	0	0	0	0	0	0	0	0	0	0	
0	0	0	0	0	0	0	0	0	0	0	0	48	0	0	0	0	0	0	0	0	0	0	0	0	0	0	96	0	0	0	0	0	0	0	0	0	0	0	0	192	0	0	0	0	0	0	0	192	0	
0	0	0	0	0	0	0	0	0	0	0	0	0	48	0	0	0	0	0	0	0	0	0	0	0	0	0	0	0	0	0	0	0	0	0	0	48	0	0	192	0	0	0	48	0	96	0	0	0	0	
0	0	0	0	0	0	0	0	0	0	0	0	0	96	0	0	0	0	192	0	0	0	0	0	0	0	0	0	0	0	0	0	0	0	0	0	0	0	0	0	0	0	0	0	0	0	0	0	0	0	
0	0	0	192	0	0	0	0	0	0	0	0	0	0	0	0	0	0	0	192	0	0	0	0	0	0	0	0	0	0	0	0	0	0	0	0	0	0	0	0	0	0	0	0	0	0	0	0	0	0	
0	0	0	0	0	0	0	0	0	0	0	0	0	0	0	0	0	0	0	0	0	0	0	0	0	96	0	0	0	0	0	0	0	0	0	0	0	0	0	0	0	0	0	0	0	0	500	0	0	96	
0	0	0	0	0	0	0	96	0	0	0	0	0	0	0	0	0	0	0	0	0	0	0	0	0	0	0	0	0	0	0	0	0	0	0	500	0	0	0	0	0	0	0	0	0	0	0	0	0	0	
0	0	0	96	0	0	0	0	0	0	0	0	0	0	0	0	0	0	0	0	0	0	0	0	0	0	0	0	0	0	0	0	0	0	500	0	0	0	0	0	0	96	0	0	0	0	0	0	0	0	
0	0	0	0	0	0	0	0	0	0	0	0	0	0	0	0	0	0	0	0	0	0	0	0	0	0	0	0	0	0	48	0	0	0	0	0	0	0	0	48	0	0	0	0	0	0	0	0	0	0	
0	0	0	0	0	96	0	0	0	0	0	0	0	0	0	0	0	0	0	0	0	0	0	0	48	0	0	0	0	0	0	0	0	0	0	0	0	0	0	0	0	0	0	0	0	0	0	0	0	0	
0	0	0	0	0	0	0	500	0	0	0	0	0	0	0	0	0	0	0	500	0	0	0	0	0	0	0	0	0	0	0	0	0	0	0	0	0	0	0	0	0	0	0	0	0	0	0	0	0	0	
0	0	0	0	0	0	0	0	0	0	0	0	0	0	0	0	0	0	0	0	0	0	0	0	0	0	0	0	0	0	192	0	0	0	0	0	48	0	0	0	0	0	0	48	0	0	0	0	0	0	
0	0	192	0	0	0	0	0	0	0	0	0	0	0	0	0	0	96	0	0	0	0	0	0	192	0	0	0	0	192	0	0	0	0	0	0	0	0	0	0	0	0	0	0	0	0	0	0	0	0	
0	96	0	96	0	0	0	0	0	0	0	0	0	0	0	0	0	0	0	0	0	0	0	0	0	0	0	0	0	0	0	0	0	0	0	96	0	0	0	0	0	0	0	0	0	0	0	0	0	48	
0	0	48	0	0	0	0	0	0	0	0	0	0	0	0	0	0	0	0	0	0	0	0	0	48	0	0	192	0	0	0	0	0	0	0	0	0	0	0	0	0	0	0	0	0	0	0	0	0	0	
0	0	0	0	0	0	0	0	0	192	0	0	0	0	0	0	0	0	0	0	0	0	0	0	0	0	0	0	0	0	48	0	0	0	0	0	0	0	0	48	0	0	0	0	0	0	0	0	0	0	
0	0	0	0	0	0	0	0	0	0	0	0	0	0	192	0	0	0	0	0	0	0	0	0	0	500	0	0	0	0	0	0	0	0	0	0	0	0	0	0	0	0	0	0	0	0	0	0	0	0	
0	0	0	0	0	0	0	0	192	0	0	0	0	0	0	0	0	0	0	0	0	0	0	0	0	0	0	0	0	0	96	0	0	0	0	0	0	0	0	0	0	0	0	0	0	0	0	0	0	0	
0	0	0	0	0	0	0	0	0	0	0	0	0	0	0	0	0	0	0	0	0	0	500	0	0	192	0	0	0	0	0	0	0	500	0	0	0	0	0	0	0	0	0	0	0	0	0	0	0	0	
0	0	0	0	0	0	0	0	0	0	0	0	0	0	0	0	0	0	0	0	0	0	0	0	0	0	48	0	0	0	0	0	0	0	0	0	0	0	0	0	0	0	0	0	0	0	0	0	0	0	
0	0	0	0	0	0	0	0	0	0	0	0	192	0	48	0	0	0	0	0	0	0	0	0	0	0	0	0	0	192	0	0	0	0	0	0	0	0	0	0	0	0	0	0	0	0	0	0	0	0	
0	0	0	0	0	0	0	0	0	0	0	0	0	0	0	0	0	0	0	0	0	0	500	0	0	0	48	0	0	0	0	0	0	96	0	0	0	0	0	0	0	48	0	0	0	0	0	0	0	0	
16	29	23	18	25	25	39	16	33	22	36	11	5	10	10	3	32	32	46	5	38	8	43	23	16	11	3	3	24	4	1	38	24	12	3	21	32	43	44	33	0	6	3	33	3	1	24	7	14	6	4	44	7	30	26	37	22	38	19	19	29	45	25	41	19	36	23	18	44	21	44	21	48	1	34	13	24	28	32	38	42	40	16	21	37	32	35	13	17	41	30	19	12	9	41	12	31	5	27	30	4	47	35	0	7	7	23	23	48	29	46	48	40	3	45	40	22	34	32	40	45	44	14	25	36	14	44	41	4	23	12	45	8	41	13	8	39	14	18	31	18	7	13	25	8	18	19	24	24	5	47	7	17	14	17	24	14	33	29	46	18	26	7	1	2	23	38	47	39	40	46	27	48	16	25	21	20	19	34	6	6	49	24	32	15	22	17	4	24	0	44	31	17	36	6	33	14	13	24	36	3	8	34	11	49	9	14	42	26	30	49	8	28	20	42	18	32	24	10	17	11	20	48	1	13	39	38	45	41	17	49	33	26	2	30	41	33	24	41	40	0	17	12	35	35	22	30	22	30	37	24	33	38	47	37	7	36	21	32	40	8	19	40	39	2	27	28	17	12	32	0	35	24	21	36	39	25	9	0	44	38	0	5	8	15	36	6	39	30	22	32	6	47	7	45	42	12	19	40	11	16	1	20	33	8	43	13	39	24	17	14	23	2	33	31	26	6	3	3	15	7	41	35	31	36	20	41	44	34	18	28	9	39	2	15	18	48	21	25	43	30	0	16	11	33	39	48	43	21	39	37	7	47	2	19	18	3	25	24	33	27	24	22	32	42	23	45	47	40	25	13	34	19	12	4	15	11	21	34	29	23	12	3	1	44	8	31	35	27	28	40	46	7	9	16	1	39	17	38	20	12	25	11	17	21	39	4	35	29	35	18	36	43	45	31	1	10	13	47	39	1	13	49	37	19	28	22	2	41	38	9	26	42	8	28	46	48	35	45	42	1	16	12	2	23	4	34	26	25	35	46	14	25	22	47	25	5	15	34	39	10	21	34	35	44	47	42	40	45	22	24	25	38	35	27	47	8	30	39	49	15	14	25	16	23	3	30	16	46	25	18	48	8	40	10	17	10	8	17	4	8	18	35	20	20	30	9	9	47	42	8	38	28	18	10	48	27	48	26	12	4	12	33	1	47	12	47	10	22	15	12	42	14	27	8	12	40	35	4	8	32	10	22	47	26	19	16	14	48	23	31	33	24	30	6	34	39	27	41	16	40	2	43	23	43	21	19	8	12	24	40	14	8	21	22	48	35	35	4	49	47	2	23	48	34	15	3	1	14	3	6	23	28	6	19	35	7	36	16	26	15	32	45	47	24	11	6	42	3	5	0	41	20	37	48	15	47	21	0	38	47	43	35	19	28	18	4	47	18	8	25	37	24	12	33	27	22	21	37	34	6	49	37	29	46	48	34	17	7	3	27	17	20	3	8	38	22	4	8	31	20	41	43	12	39	20	14	42	16	49	24	46	42	38	7	31	36	5	26	10	44	45	28	6	44	18	18	4	20	38	26	6	43	7	17	19	3	23	34	12	48	18	33	28	5	40	7	0	4	46	36	14	21	2	33	44	31	10	47	1	18	36	6	9	31	24	23	15	10	10	39	7	17	0	23	38	7	27	49	42	42	41	45	30	30	46	18	34	43	14	37	17	44	21	25	44	33	14	41	35	25	19	39	47	0	46	21	8	28	3	26	9	32	28	45	48	2	45	49	30	42	36	2	41	44	30	29	16	23	31	47	15	8	3	48	20	43	44	43	46	44	4	21	40	35	41	0	5	49	21	2	18	40	29	39	23	46	15	28	27	14	43	6	26	38	47	44	45	23	31	34	21	3	34	42	3	44	36	38	3	16	42	39	20	48	29	6	2	13	32	35	46	4	22	47	7	27	39	5	44	21	11	35	34	31	47	18	19	41	33	5	30	31	49	41	4	30	39	0	48	40	33	30	13	19	22	46	26	36	18	27	36	47	21	30	43	26	46	14	8	18	20	11	38	39	8	17	42	29	47	17	49	5	5	8	15	21	29	1	4	47	1	6	9	14	13	10	48	14	1	6	8	7	31	20	32	20	42	47	38	25	42	35	7	4	21	47	35	40	29	6	30	35	44	2	15	35	42	6	39	43	33	23	40	19	40	10	34	19	37	25	28	30	24	1	42	15	47	25	31	
26	24	29	37	44	15	12	27	17	14	44	6	6	18	1	33	33	13	5	40	29	1	39	34	36	43	0	38	13	14	28	42	10	40	37	14	20	29	29	9	31	22	35	0	14	14	38	11	34	7	0	24	26	1	17	14	7	27	20	18	46	40	44	44	17	0	43	25	37	31	45	13	18	22	22	2	23	3	45	47	23	40	21	13	45	18	18	5	34	16	42	29	11	6	3	25	30	11	14	8	10	42	9	49	43	4	33	22	12	22	36	15	16	35	47	43	38	22	40	11	29	30	30	7	6	30	21	39	11	30	30	36	37	37	17	19	18	22	36	13	29	15	25	36	25	14	39	4	32	37	12	22	9	43	49	28	12	37	10	27	7	43	21	32	15	2	32	15	8	2	41	14	22	19	26	0	16	18	15	36	26	0	34	28	2	43	29	28	7	33	18	9	0	25	35	34	8	13	38	7	28	13	15	31	3	4	3	28	20	35	21	11	0	19	3	33	40	4	18	48	41	6	43	44	4	15	2	15	30	38	48	19	8	28	39	20	37	11	20	44	14	3	21	1	3	17	31	27	36	14	46	26	10	12	15	18	15	17	38	16	27	21	8	21	45	5	41	5	7	30	9	37	0	46	30	45	30	46	1	32	38	11	10	35	28	40	32	22	15	38	5	39	0	12	49	5	3	12	38	7	7	16	16	29	40	1	9	49	47	16	9	38	27	19	42	47	27	30	24	44	18	35	19	26	11	23	19	9	47	43	25	47	21	6	4	41	14	26	26	2	17	47	20	49	17	45	39	34	21	3	39	7	38	44	43	47	39	4	17	39	7	34	34	49	43	26	40	47	20	26	9	44	3	27	31	23	40	25	31	36	6	33	7	33	39	22	23	43	34	48	3	15	48	25	46	2	7	13	20	36	24	39	8	29	39	48	6	14	23	16	16	7	46	40	26	45	35	26	26	19	42	26	12	47	17	39	42	45	7	22	40	48	20	39	2	47	20	30	42	44	0	24	24	5	23	49	44	31	40	28	46	31	27	10	38	37	44	13	0	16	26	11	0	36	42	13	20	38	9	47	5	21	34	37	21	3	0	14	23	32	36	31	17	35	22	40	47	9	26	23	37	40	11	17	46	24	34	19	12	6	40	37	38	49	39	29	18	3	25	42	47	34	1	28	1	1	21	38	20	19	45	37	34	2	10	14	24	1	30	44	24	41	8	24	27	0	46	6	15	14	47	21	10	46	17	5	28	38	7	26	3	5	48	13	19	12	3	39	34	7	42	30	6	14	44	28	1	14	3	38	9	40	26	7	28	38	16	37	32	1	44	26	27	23	15	23	41	22	20	0	22	45	18	29	19	49	46	5	22	13	23	49	30	21	30	7	31	1	44	45	25	10	28	46	40	47	29	25	31	42	8	34	20	7	7	33	10	35	45	47	5	37	20	45	26	11	5	7	17	22	15	33	37	24	23	22	23	47	19	38	35	7	18	32	6	32	36	29	47	44	4	6	32	8	26	14	45	36	15	32	34	25	11	26	17	30	30	30	40	47	47	35	3	24	44	48	30	6	39	25	41	16	39	24	0	30	36	12	49	15	6	20	44	15	28	12	11	34	25	38	36	3	14	24	31	17	34	23	38	5	28	8	39	5	45	21	39	11	34	13	35	22	28	27	45	14	48	48	18	10	23	21	45	3	16	41	14	39	36	44	12	14	19	2	23	33	3	21	46	23	15	37	3	12	27	28	3	13	17	38	0	10	24	36	47	35	18	44	37	15	48	1	48	43	24	45	7	26	29	29	21	20	11	9	0	7	17	23	30	14	17	39	5	11	24	1	5	41	32	5	28	33	32	17	28	13	9	24	5	1	36	35	25	10	18	15	6	15	12	5	24	26	44	22	49	32	19	28	1	41	23	46	18	14	3	30	48	28	36	33	32	36	19	44	5	47	17	12	1	22	25	30	15	21	30	27	44	47	10	17	30	9	6	40	6	15	44	13	40	45	39	41	49	16	30	44	29	21	24	24	1	36	40	18	19	22	40	43	38	12	23	26	8	15	43	24	20	10	31	38	0	20	44	4	6	49	14	27	8	4	34	21	18	30	34	12	48	49	18	27	11	47	9	45	34	1	17	24	27	19	16	46	10	10	3	46	49	7	34	45	8	36	47	27	17	6	25	30	18	25	15	15	30	11	14	28	18	37	25	8	22	48	11	38	34	1	29	5	28	44	
40	30	34	29	26	39	23	20	36	26	38	39	32	35	22	37	22	33	24	39	32	24	24	40	21	37	39	23	28	24	37	24	37	38	25	22	31	40	33	30	39	26	25	29	34	21	27	21	34	31	37	24	29	26	29	37	25	37	35	27	25	29	27	34	40	38	27	38	37	28	30	24	30	20	33	40	31	22	22	30	24	29	36	24	23	34	40	27	40	28	25	37	23	22	20	32	20	36	30	26	24	36	37	37	26	25	32	35	30	25	39	24	40	39	22	32	30	23	39	39	30	34	35	30	40	34	25	28	27	24	37	27	22	28	30	38	32	21	23	26	25	20	26	32	20	25	37	30	24	23	29	28	38	28	33	34	22	30	21	23	26	40	38	40	37	29	27	33	23	39	31	20	36	36	28	35	20	28	20	24	36	22	22	27	23	21	30	31	38	20	35	28	37	22	31	40	26	32	24	28	30	23	33	21	23	32	27	28	33	29	23	27	35	34	27	35	26	34	21	36	39	26	33	20	34	29	24	34	25	20	39	34	36	38	33	21	27	32	21	34	24	25	22	23	26	21	27	30	33	20	32	31	26	24	29	33	30	20	36	29	28	20	27	28	38	38	32	25	26	23	34	28	20	23	34	38	38	26	33	30	38	37	31	23	33	34	22	30	38	38	36	26	26	31	40	32	24	32	29	38	23	29	34	30	38	33	22	31	21	24	27	35	40	38	23	36	40	32	29	24	39	23	27	35	20	22	33	28	28	21	20	31	36	30	39	31	34	28	24	31	33	29	28	20	33	31	32	29	40	32	25	33	20	33	20	31	32	21	37	22	38	35	22	38	39	34	25	29	36	31	37	39	29	29	31	34	24	27	31	34	26	31	36	23	20	21	39	27	34	31	20	20	38	20	39	27	31	23	24	39	37	24	28	39	33	28	27	34	20	25	20	36	33	23	29	38	26	38	32	27	25	25	37	33	29	28	32	27	40	21	39	27	25	35	31	28	24	32	25	38	20	36	30	34	40	36	29	23	40	35	23	38	20	27	35	25	32	24	21	35	26	21	31	24	27	24	26	36	28	24	37	38	26	34	22	31	27	40	40	38	32	37	31	30	26	23	29	30	40	39	20	22	22	31	40	39	20	30	26	29	40	26	24	38	37	32	20	34	21	21	24	33	39	24	30	28	28	24	32	25	32	32	28	27	22	28	40	29	29	31	40	29	39	26	31	32	39	36	21	20	36	23	33	34	32	26	39	39	27	24	33	29	37	33	28	29	33	33	29	22	23	24	23	20	38	33	35	37	39	38	22	38	31	27	21	33	24	23	40	20	24	39	21	40	34	38	21	33	28	34	31	21	25	32	21	20	37	35	40	32	31	33	20	20	27	21	21	35	38	31	23	22	39	34	30	30	28	40	27	23	20	39	28	33	33	20	31	30	31	33	34	35	22	32	39	30	38	28	37	37	32	40	25	26	24	36	33	31	36	23	28	24	30	30	38	27	22	20	29	24	25	23	34	25	40	26	26	24	36	29	28	40	40	29	31	23	20	28	27	20	21	20	28	22	24	23	24	39	32	39	22	24	35	27	25	32	21	29	28	34	27	31	28	34	20	28	36	22	21	37	30	32	34	28	36	37	22	27	30	23	35	37	39	27	32	33	36	24	22	25	34	25	20	25	25	30	29	25	30	25	25	20	26	28	38	35	22	32	39	34	25	33	40	24	39	25	29	29	31	31	37	30	26	29	20	39	23	28	32	29	37	36	28	30	22	30	34	21	32	25	40	29	20	34	32	36	35	24	22	24	27	32	36	34	23	32	23	25	21	33	37	28	34	38	36	32	26	28	30	37	33	29	32	33	39	37	31	20	20	35	37	27	20	32	21	37	40	24	26	22	33	29	28	23	24	25	35	29	32	20	32	29	37	36	35	34	30	28	38	33	36	22	32	39	27	35	33	34	27	24	25	23	30	37	34	30	31	22	32	36	29	25	40	27	26	30	30	40	25	39	33	27	21	24	36	35	25	27	24	28	23	25	26	25	21	25	28	31	32	21	34	35	30	23	21	20	25	24	24	33	40	27	30	34	38	28	28	37	38	20	35	34	23	38	35	27	40	27	31	21	22	39	34	33	24	30	35	28	30	28	29	21	39	32	28	32	38	23	21	33	27	40	26	34	38	20	32	26	38	22	27	35	34	36	33	28	26	26	36	27	24	29	27	21	37	24	33	26	26	31	
47	18	14	39	45	13	36	25	29	10	37	37	16	33	18	39	10	44	26	50	45	32	47	10	11	31	37	32	24	24	38	28	42	49	40	13	33	31	50	42	14	49	40	36	36	42	38	36	17	31	11	38	36	45	36	39	19	21	50	38	45	50	20	24	17	14	29	33	49	43	31	50	18	26	41	41	23	42	43	24	18	18	15	34	43	20	45	35	20	22	18	42	24	44	50	20	10	12	33	44	37	44	14	35	30	47	44	36	39	26	19	13	32	47	47	36	35	50	20	50	15	28	16	20	42	47	24	27	43	43	21	14	22	25	16	38	32	34	48	40	43	27	42	22	19	29	26	32	13	37	44	50	14	32	22	42	46	44	17	21	13	37	27	43	33	22	31	13	10	28	24	30	44	17	16	26	21	48	12	29	37	24	45	32	27	13	20	25	19	46	14	20	13	11	27	35	19	44	12	42	40	24	30	15	13	20	38	44	47	15	38	15	25	13	24	36	14	19	44	45	21	47	40	42	42	24	33	31	33	45	17	29	16	14	10	14	32	38	30	12	36	46	49	38	21	29	41	47	36	29	40	22	22	29	41	22	20	12	44	49	42	48	31	24	14	40	32	43	20	31	50	31	20	20	22	35	34	33	38	35	42	27	33	23	21	13	42	21	49	34	22	43	17	25	48	13	11	15	47	48	36	26	43	35	50	11	40	34	42	27	20	25	11	16	48	24	29	15	37	15	46	25	34	12	39	49	12	14	48	12	41	38	42	24	42	34	13	23	40	33	37	45	35	37	17	28	31	45	47	47	11	13	22	29	15	26	38	33	31	36	23	44	40	40	47	27	33	24	42	48	14	29	29	48	35	37	47	34	15	12	12	50	21	42	20	14	50	20	22	18	40	16	49	12	29	13	19	36	34	35	14	47	21	29	28	29	16	45	11	50	28	24	40	36	22	28	16	47	32	44	35	40	10	11	15	31	34	26	43	28	46	31	32	45	15	12	44	22	34	37	10	46	45	28	25	39	48	41	45	40	30	34	44	17	22	49	12	41	40	13	46	22	46	45	46	12	20	35	37	20	35	39	36	47	27	32	10	44	34	16	42	34	37	17	20	17	47	16	49	48	10	25	29	43	28	29	25	23	23	26	17	34	11	21	17	32	25	21	46	28	14	35	50	32	38	43	35	49	11	12	47	30	32	16	42	42	10	34	20	30	16	13	35	16	31	31	13	17	41	38	20	49	48	11	39	28	18	48	36	26	31	14	14	23	19	27	24	32	25	47	41	34	17	12	10	32	46	25	25	46	18	36	16	27	47	35	49	22	35	50	25	12	10	31	44	50	38	36	48	37	50	25	47	30	12	34	34	11	25	42	14	37	16	23	33	15	37	42	18	41	10	26	42	29	24	17	22	42	33	27	41	27	48	46	50	10	43	13	35	28	10	29	29	25	37	10	18	27	44	11	21	44	10	35	17	18	49	13	24	32	39	19	15	26	43	28	18	17	38	19	14	35	29	43	40	12	47	32	36	34	20	41	34	34	11	45	31	15	38	46	27	12	33	21	20	29	12	49	34	12	39	27	22	25	15	13	16	23	10	48	34	38	34	27	18	46	39	10	23	20	17	43	31	27	16	10	16	46	22	25	35	20	23	38	28	50	46	47	40	28	15	43	43	14	20	19	25	30	14	12	33	28	12	31	16	19	38	45	12	28	27	25	13	43	26	48	33	21	32	30	40	20	32	37	33	24	13	43	22	39	37	36	23	39	49	19	13	39	20	22	11	11	19	18	18	50	22	14	47	45	33	32	17	33	30	38	23	50	38	37	43	49	10	11	10	16	32	34	34	50	20	39	31	28	48	29	30	18	16	15	39	10	32	19	22	28	11	22	46	13	41	50	35	37	50	45	38	14	35	44	15	25	23	33	31	40	35	27	40	30	14	17	10	32	25	11	33	31	23	18	31	29	15	27	29	21	10	24	33	14	44	26	29	18	23	22	14	48	39	40	17	15	11	31	20	22	27	24	42	10	21	34	27	10	27	18	36	19	48	48	39	48	44	39	47	30	47	24	39	38	11	43	21	30	43	41	20	14	43	46	18	50	39	14	45	47	12	40	35	48	26	21	23	20	11	20	45	44	37	49	16	20	19	37	44	13	11	25	20	19	48	34	12	44	20	10	45	43	45	40	48	29	20	34	37	21	30	26	17	23	20	40	13	19	49	17	22	30	16	34	
15
80
