1102
50
0	0	0	0	0	0	0	0	0	0	0	0	0	500	0	0	0	0	0	0	0	0	0	0	0	0	0	0	0	0	0	0	0	0	0	0	0	0	0	0	0	0	0	96	0	0	0	0	0	0	
0	0	0	0	0	0	0	0	0	0	0	0	0	0	0	0	0	0	0	0	0	0	0	0	0	0	0	0	0	0	0	0	0	0	0	0	0	0	0	500	0	0	500	0	0	0	0	0	0	0	
0	0	0	0	192	0	0	500	0	0	0	0	0	0	0	0	0	0	0	96	0	0	0	0	0	0	0	0	0	0	0	0	0	0	0	0	0	0	192	0	0	0	0	0	0	0	0	0	0	0	
0	0	0	0	0	0	0	0	0	0	0	0	0	0	0	0	0	0	0	0	0	0	0	192	0	0	0	96	0	192	0	0	0	0	192	0	0	0	0	0	0	0	0	0	0	0	0	0	0	0	
0	0	192	0	0	0	0	500	0	0	0	0	0	0	0	0	0	0	0	0	0	0	0	0	0	0	0	0	0	0	0	0	0	0	0	0	0	0	0	0	0	0	0	0	0	0	0	0	0	0	
0	0	0	0	0	0	0	0	0	0	0	0	0	192	0	0	0	48	0	0	0	0	0	0	0	0	0	0	0	0	0	0	0	0	0	0	0	0	0	0	0	0	0	96	0	0	0	0	0	0	
0	0	0	0	0	0	0	0	0	0	0	0	0	0	0	192	0	0	0	0	0	0	96	0	0	0	0	0	0	0	0	0	0	0	0	0	0	0	0	0	0	0	0	0	0	0	0	0	0	0	
0	0	500	0	500	0	0	0	0	0	0	0	0	0	0	0	0	0	0	0	0	0	0	0	0	0	0	0	0	0	0	0	0	0	0	0	0	0	0	0	0	0	0	0	0	0	0	0	0	0	
0	0	0	0	0	0	0	0	0	0	0	0	0	0	0	0	0	48	0	0	0	0	0	0	0	0	0	0	0	0	0	0	0	0	0	0	0	0	0	0	0	0	0	0	0	0	0	192	0	0	
0	0	0	0	0	0	0	0	0	0	0	0	0	0	0	0	0	0	0	0	0	96	0	0	0	0	0	0	192	0	0	48	0	0	0	0	0	0	0	0	0	0	0	0	0	0	0	0	0	0	
0	0	0	0	0	0	0	0	0	0	0	0	0	0	96	0	0	0	0	0	0	0	0	0	0	48	0	0	0	0	0	0	0	0	0	0	0	0	0	0	0	0	0	0	0	0	0	0	0	0	
0	0	0	0	0	0	0	0	0	0	0	0	0	0	0	0	0	0	0	0	0	0	0	0	0	0	0	0	0	0	500	0	48	0	0	0	0	0	48	0	0	0	0	0	0	0	0	0	0	0	
0	0	0	0	0	0	0	0	0	0	0	0	0	0	500	0	0	0	0	0	0	0	0	0	0	0	0	0	0	500	0	0	0	0	0	0	0	0	0	0	0	0	192	0	0	0	0	0	0	0	
500	0	0	0	0	192	0	0	0	0	0	0	0	0	0	0	0	0	0	0	0	0	0	0	0	0	0	0	0	0	0	0	0	0	0	0	0	0	0	0	0	0	0	0	0	0	0	0	0	0	
0	0	0	0	0	0	0	0	0	0	96	0	500	0	0	0	0	0	0	0	0	0	0	0	0	500	0	0	0	0	0	0	0	0	0	0	0	0	0	0	0	0	0	0	0	96	0	0	0	0	
0	0	0	0	0	0	192	0	0	0	0	0	0	0	0	0	0	0	0	0	0	0	0	0	0	0	0	0	0	0	0	0	0	0	0	0	0	0	0	0	0	0	0	0	0	48	0	0	0	0	
0	0	0	0	0	0	0	0	0	0	0	0	0	0	0	0	0	0	48	0	0	0	0	0	0	0	0	0	0	0	0	0	0	0	0	0	500	0	0	0	192	0	0	0	0	0	0	0	0	0	
0	0	0	0	0	48	0	0	48	0	0	0	0	0	0	0	0	0	0	0	0	0	0	0	0	0	0	0	0	0	0	0	0	0	0	0	0	0	0	0	0	192	0	0	0	0	0	0	0	0	
0	0	0	0	0	0	0	0	0	0	0	0	0	0	0	0	48	0	0	0	0	0	0	0	0	0	0	0	0	0	0	0	0	192	0	0	0	0	0	0	192	0	0	0	0	0	0	500	0	0	
0	0	96	0	0	0	0	0	0	0	0	0	0	0	0	0	0	0	0	0	0	0	0	0	0	0	0	0	0	0	0	48	0	0	0	0	0	0	0	0	0	0	0	0	0	0	0	0	0	0	
0	0	0	0	0	0	0	0	0	0	0	0	0	0	0	0	0	0	0	0	0	0	0	0	0	0	0	0	0	0	48	0	0	0	48	0	0	0	0	0	0	0	0	0	0	0	0	0	0	0	
0	0	0	0	0	0	0	0	0	96	0	0	0	0	0	0	0	0	0	0	0	0	0	0	0	0	192	0	0	0	0	0	0	0	0	0	0	0	0	0	0	0	0	0	0	0	0	0	0	0	
0	0	0	0	0	0	96	0	0	0	0	0	0	0	0	0	0	0	0	0	0	0	0	500	0	0	0	0	0	0	0	0	0	0	0	0	0	96	0	0	0	0	0	0	0	0	0	0	0	0	
0	0	0	192	0	0	0	0	0	0	0	0	0	0	0	0	0	0	0	0	0	0	500	0	0	0	0	0	0	0	0	0	0	0	0	0	0	0	0	0	0	0	0	0	0	0	0	0	0	0	
0	0	0	0	0	0	0	0	0	0	0	0	0	0	0	0	0	0	0	0	0	0	0	0	0	0	0	0	0	0	0	0	96	0	0	96	0	0	0	0	0	0	0	0	0	0	0	0	0	0	
0	0	0	0	0	0	0	0	0	0	48	0	0	0	500	0	0	0	0	0	0	0	0	0	0	0	0	0	0	0	0	0	0	0	0	0	0	0	0	0	0	0	0	0	0	0	0	0	0	0	
0	0	0	0	0	0	0	0	0	0	0	0	0	0	0	0	0	0	0	0	0	192	0	0	0	0	0	0	192	0	0	0	0	0	0	0	0	0	0	0	0	0	0	0	0	0	0	0	0	0	
0	0	0	96	0	0	0	0	0	0	0	0	0	0	0	0	0	0	0	0	0	0	0	0	0	0	0	0	0	0	0	0	0	0	0	48	0	0	0	192	0	0	0	0	48	0	0	0	96	0	
0	0	0	0	0	0	0	0	0	192	0	0	0	0	0	0	0	0	0	0	0	0	0	0	0	0	192	0	0	0	0	0	0	0	0	0	0	0	0	0	0	0	0	0	0	0	0	0	0	0	
0	0	0	192	0	0	0	0	0	0	0	0	500	0	0	0	0	0	0	0	0	0	0	0	0	0	0	0	0	0	0	0	0	0	0	0	0	0	0	0	0	0	0	0	0	0	0	0	0	0	
0	0	0	0	0	0	0	0	0	0	0	500	0	0	0	0	0	0	0	0	48	0	0	0	0	0	0	0	0	0	0	0	0	0	0	0	0	0	0	0	0	0	0	0	0	0	0	0	0	0	
0	0	0	0	0	0	0	0	0	48	0	0	0	0	0	0	0	0	0	48	0	0	0	0	0	0	0	0	0	0	0	0	0	0	0	0	0	0	0	0	0	0	0	0	0	0	48	0	0	500	
0	0	0	0	0	0	0	0	0	0	0	48	0	0	0	0	0	0	0	0	0	0	0	0	96	0	0	0	0	0	0	0	0	0	0	96	0	0	0	0	0	0	0	0	0	0	0	0	0	0	
0	0	0	0	0	0	0	0	0	0	0	0	0	0	0	0	0	0	192	0	0	0	0	0	0	0	0	0	0	0	0	0	0	0	0	0	0	0	0	0	48	0	0	0	0	0	0	0	0	0	
0	0	0	192	0	0	0	0	0	0	0	0	0	0	0	0	0	0	0	0	48	0	0	0	0	0	0	0	0	0	0	0	0	0	0	0	0	0	0	0	0	0	0	0	0	0	0	0	0	0	
0	0	0	0	0	0	0	0	0	0	0	0	0	0	0	0	0	0	0	0	0	0	0	0	96	0	0	48	0	0	0	0	96	0	0	0	0	0	0	0	0	0	0	0	0	0	0	0	0	0	
0	0	0	0	0	0	0	0	0	0	0	0	0	0	0	0	500	0	0	0	0	0	0	0	0	0	0	0	0	0	0	0	0	0	0	0	0	0	0	0	48	96	0	0	96	0	0	0	0	0	
0	0	0	0	0	0	0	0	0	0	0	0	0	0	0	0	0	0	0	0	0	0	96	0	0	0	0	0	0	0	0	0	0	0	0	0	0	0	0	0	0	0	0	0	48	0	0	0	192	0	
0	0	192	0	0	0	0	0	0	0	0	48	0	0	0	0	0	0	0	0	0	0	0	0	0	0	0	0	0	0	0	0	0	0	0	0	0	0	0	0	0	0	0	0	0	0	0	0	0	0	
0	500	0	0	0	0	0	0	0	0	0	0	0	0	0	0	0	0	0	0	0	0	0	0	0	0	0	192	0	0	0	0	0	0	0	0	0	0	0	0	0	0	0	0	0	0	0	0	0	0	
0	0	0	0	0	0	0	0	0	0	0	0	0	0	0	0	192	0	192	0	0	0	0	0	0	0	0	0	0	0	0	0	0	48	0	0	48	0	0	0	0	192	0	0	0	0	0	0	0	0	
0	0	0	0	0	0	0	0	0	0	0	0	0	0	0	0	0	192	0	0	0	0	0	0	0	0	0	0	0	0	0	0	0	0	0	0	96	0	0	0	192	0	0	0	0	0	0	0	0	500	
0	500	0	0	0	0	0	0	0	0	0	0	192	0	0	0	0	0	0	0	0	0	0	0	0	0	0	0	0	0	0	0	0	0	0	0	0	0	0	0	0	0	0	0	0	0	0	0	0	0	
96	0	0	0	0	96	0	0	0	0	0	0	0	0	0	0	0	0	0	0	0	0	0	0	0	0	0	0	0	0	0	0	0	0	0	0	0	0	0	0	0	0	0	0	0	0	0	0	0	0	
0	0	0	0	0	0	0	0	0	0	0	0	0	0	0	0	0	0	0	0	0	0	0	0	0	0	0	48	0	0	0	0	0	0	0	0	96	48	0	0	0	0	0	0	0	0	0	0	0	0	
0	0	0	0	0	0	0	0	0	0	0	0	0	0	96	48	0	0	0	0	0	0	0	0	0	0	0	0	0	0	0	0	0	0	0	0	0	0	0	0	0	0	0	0	0	0	0	0	0	0	
0	0	0	0	0	0	0	0	0	0	0	0	0	0	0	0	0	0	0	0	0	0	0	0	0	0	0	0	0	0	0	48	0	0	0	0	0	0	0	0	0	0	0	0	0	0	0	0	500	0	
0	0	0	0	0	0	0	0	192	0	0	0	0	0	0	0	0	0	500	0	0	0	0	0	0	0	0	0	0	0	0	0	0	0	0	0	0	0	0	0	0	0	0	0	0	0	0	0	0	0	
0	0	0	0	0	0	0	0	0	0	0	0	0	0	0	0	0	0	0	0	0	0	0	0	0	0	0	96	0	0	0	0	0	0	0	0	0	192	0	0	0	0	0	0	0	0	500	0	0	0	
0	0	0	0	0	0	0	0	0	0	0	0	0	0	0	0	0	0	0	0	0	0	0	0	0	0	0	0	0	0	0	500	0	0	0	0	0	0	0	0	0	500	0	0	0	0	0	0	0	0	
41	0	10	37	17	46	4	47	20	3	20	43	33	0	12	7	2	14	10	37	3	15	9	49	34	30	20	48	29	1	38	42	5	34	40	46	37	30	10	49	39	10	17	31	31	32	36	16	46	16	33	44	9	23	1	9	22	7	5	26	19	4	25	46	16	47	21	9	44	46	46	0	34	34	23	5	23	42	42	13	46	17	6	36	30	0	8	47	11	36	32	4	25	38	42	15	8	14	34	1	7	3	14	38	5	29	20	23	24	18	28	20	34	11	44	18	14	40	44	17	34	9	31	36	0	43	23	9	47	27	31	47	8	41	12	24	1	39	8	44	0	20	46	12	10	20	48	16	27	46	45	13	41	49	40	15	25	27	1	15	49	43	43	5	29	37	23	12	6	4	19	5	35	22	9	0	24	2	16	39	3	14	25	44	15	15	3	33	32	48	40	45	12	19	2	15	38	29	30	13	18	31	3	0	45	48	34	20	8	33	49	43	8	33	34	29	3	31	40	46	38	14	26	22	20	15	26	35	18	26	31	1	22	12	42	38	28	22	5	33	44	4	47	2	40	11	4	48	41	39	49	47	28	33	23	38	39	37	46	41	48	36	46	32	32	22	4	24	17	4	21	32	49	21	7	26	33	5	3	23	44	45	46	8	30	13	31	31	3	27	46	5	0	18	37	48	15	19	3	34	30	0	13	3	8	43	31	21	3	25	45	30	46	8	48	40	15	44	1	28	42	42	43	2	34	10	5	41	37	43	7	27	32	34	33	7	17	28	16	29	17	10	48	23	26	37	4	31	14	34	13	5	8	7	1	43	4	7	33	35	15	2	30	41	39	16	30	37	44	34	30	24	39	36	43	32	20	20	12	41	41	41	36	17	17	14	38	32	25	13	37	4	13	4	40	3	17	2	35	29	21	1	6	30	36	42	14	43	11	34	24	44	32	41	16	6	17	20	35	13	12	23	1	40	16	25	37	3	0	16	0	12	16	5	42	7	42	38	28	18	46	20	38	15	1	6	39	46	42	14	44	40	15	25	23	17	22	36	35	0	35	18	6	25	25	36	39	43	5	31	49	30	11	2	20	44	33	12	19	47	8	24	46	25	34	10	36	27	15	47	34	49	8	14	2	26	34	3	12	48	9	47	45	34	3	4	4	38	9	17	25	46	31	6	23	40	1	22	23	26	44	33	2	12	16	46	40	40	7	44	45	14	2	7	48	42	6	18	38	7	11	11	37	5	9	2	42	11	17	34	0	6	41	2	3	44	43	38	1	41	30	4	35	29	18	21	8	26	35	17	24	7	24	20	38	47	44	37	5	28	29	20	33	9	41	44	5	36	5	32	2	4	31	23	18	3	23	14	7	12	8	28	24	49	15	34	46	46	34	0	25	48	23	39	6	42	24	17	22	14	18	34	41	37	14	41	41	10	33	44	27	22	40	39	8	37	12	11	25	44	13	33	2	32	45	13	17	13	25	11	23	19	47	4	3	47	25	16	38	41	32	0	4	18	15	27	6	46	36	41	43	14	29	29	36	34	31	37	32	29	26	20	38	6	10	48	1	9	0	24	42	4	1	24	34	37	12	33	38	36	18	18	33	32	48	9	26	48	46	49	2	32	26	15	0	37	40	8	5	31	35	5	36	40	40	9	34	38	35	13	48	13	40	14	25	21	22	33	38	46	5	40	10	14	9	24	27	35	17	26	46	2	16	0	18	41	48	45	6	47	49	45	24	20	19	5	20	41	31	44	7	22	26	4	36	31	23	36	33	6	11	8	5	1	7	1	39	31	9	21	13	4	1	31	29	29	22	31	36	48	9	45	47	48	5	46	0	25	35	27	4	9	2	46	34	14	25	31	13	34	39	47	23	17	27	34	30	33	31	0	37	33	22	32	7	0	14	26	14	20	45	19	36	2	24	32	32	2	37	16	27	24	36	48	18	26	42	27	11	38	45	38	23	22	36	25	21	18	13	49	47	8	2	6	47	44	42	22	30	40	25	14	25	11	34	14	48	7	44	34	2	4	31	17	26	38	17	2	6	45	6	9	32	31	4	10	19	40	24	26	48	0	21	47	44	33	49	20	45	19	34	47	5	38	3	13	15	41	49	38	26	20	40	47	17	27	4	7	2	34	17	0	49	25	25	9	17	0	15	40	9	49	12	4	18	30	14	34	20	19	29	36	49	19	48	1	18	6	48	36	46	31	23	36	32	22	5	40	6	36	12	49	40	9	11	0	43	23	45	20	24	32	43	42	6	32	48	16	19	10	3	25	33	8	8	8	49	49	7	31	30	33	43	5	20	3	10	26	42	23	28	29	27	3	6	13	31	17	4	14	3	45	3	13	13	5	2	8	31	13	17	24	39	47	22	47	49	43	31	20	35	22	12	37	29	8	16	20	23	0	16	4	35	3	46	26	18	13	24	42	27	6	49	42	16	20	30	35	8	33	3	9	2	12	0	34	12	38	7	9	0	3	35	10	31	8	17	36	48	23	6	20	
15	0	34	14	47	20	32	10	7	42	20	21	44	6	35	13	46	31	29	34	38	22	42	8	6	37	3	20	30	9	24	21	31	37	9	25	30	1	6	9	27	18	1	44	35	17	25	29	21	37	42	35	36	3	4	23	31	11	2	30	14	14	42	25	34	31	27	32	40	44	14	28	28	26	1	4	8	26	32	14	23	4	16	48	21	3	17	4	30	40	39	22	39	6	48	29	40	22	41	47	11	44	8	44	31	11	23	11	31	29	10	42	21	7	5	13	26	48	18	26	39	17	30	44	39	29	22	23	1	40	21	29	32	27	41	49	0	0	1	43	22	32	41	9	1	42	41	27	23	13	23	36	41	2	13	0	34	9	20	19	37	43	16	5	49	20	45	3	6	17	38	42	17	49	29	39	45	33	10	14	27	26	1	42	6	38	4	5	8	40	41	25	46	26	11	19	1	15	6	16	34	25	34	49	33	4	24	28	25	8	49	34	39	48	20	19	18	19	4	34	13	30	20	35	16	13	8	12	4	39	41	47	34	15	7	12	5	7	12	0	24	10	24	34	13	37	49	46	29	21	18	45	33	23	9	26	31	49	10	30	28	36	38	8	9	47	11	22	19	36	11	33	43	14	36	18	0	36	22	31	22	38	44	18	20	31	42	7	43	10	34	46	8	1	14	8	44	17	28	21	43	33	21	19	18	34	21	33	34	41	8	35	1	28	2	43	26	12	39	40	36	22	14	8	26	22	19	7	39	13	44	5	27	8	46	36	49	8	47	21	16	9	7	19	17	35	26	32	3	42	16	15	45	29	21	21	3	30	38	15	29	16	27	30	25	21	36	44	40	0	32	42	0	34	24	23	4	2	35	43	17	15	43	44	6	7	36	48	5	33	9	23	35	35	45	10	19	32	9	17	42	35	12	6	19	9	7	26	32	7	30	37	38	25	22	3	18	0	47	15	2	26	31	11	39	12	33	19	13	1	1	20	38	38	6	24	24	12	25	38	17	43	13	43	18	30	19	36	19	35	21	31	47	33	22	20	26	42	11	17	7	38	30	7	14	5	12	4	19	36	15	2	29	36	36	33	23	42	4	1	25	36	43	23	22	49	18	28	49	34	46	32	5	35	46	7	38	29	17	7	37	39	43	26	1	12	33	37	41	37	29	10	38	16	15	35	12	0	36	27	26	30	38	6	21	20	3	48	46	17	39	25	30	14	10	39	19	47	5	13	38	41	10	40	28	33	22	26	37	13	46	26	24	8	41	49	45	21	1	22	38	15	46	36	49	25	20	34	2	3	39	5	16	30	17	14	11	13	13	23	14	48	15	5	14	10	23	21	41	44	26	21	0	47	24	1	30	11	24	19	2	5	1	39	27	48	34	12	39	18	44	2	29	46	11	37	10	31	34	0	12	35	28	23	33	27	24	28	24	34	38	5	35	31	11	8	5	39	13	42	32	24	13	8	49	37	19	18	33	30	42	10	43	36	44	38	38	12	30	42	32	19	49	3	3	6	35	41	2	29	6	16	6	7	40	14	26	12	41	40	36	17	1	28	20	25	40	26	19	45	11	7	8	12	25	21	25	24	11	28	37	44	15	24	13	43	10	0	44	49	30	44	33	1	43	16	43	26	35	47	8	4	3	29	17	20	35	20	19	11	5	49	10	10	38	46	6	27	40	25	24	39	18	10	46	27	21	33	30	35	15	43	9	14	38	4	29	37	27	11	22	11	18	44	8	39	49	22	35	33	32	48	48	44	9	47	25	37	37	21	35	44	30	24	5	36	20	7	45	6	24	34	32	0	5	7	15	39	29	32	3	24	21	13	19	23	2	15	37	9	26	8	40	13	16	18	47	30	17	32	1	5	41	18	19	22	46	32	15	4	45	17	26	40	42	47	21	36	35	6	3	17	6	36	31	2	23	17	39	38	30	22	30	27	30	5	17	2	47	12	10	28	3	4	24	43	47	41	6	10	7	47	23	38	27	33	26	21	5	31	31	38	11	37	1	48	10	24	45	18	24	40	2	19	33	19	31	9	21	7	27	3	4	32	14	35	43	41	29	12	44	20	9	23	43	19	0	43	49	15	39	13	28	10	43	21	41	6	17	32	13	22	34	46	11	20	47	14	4	38	4	3	12	44	24	36	30	47	10	8	34	7	32	13	46	48	17	28	43	41	48	20	11	28	44	27	12	39	22	20	46	48	5	4	23	31	9	19	40	29	1	0	45	43	26	12	44	30	8	16	41	18	26	18	0	34	27	9	10	31	6	48	19	17	0	7	49	6	36	0	23	26	6	49	37	31	23	36	42	0	36	29	19	13	21	36	11	2	36	0	23	37	20	4	41	19	24	22	22	45	19	7	15	12	29	12	28	14	25	29	24	34	3	43	29	21	49	15	0	41	3	13	1	5	14	1	15	0	12	45	28	9	30	47	35	1	21	17	37	39	15	17	41	25	25	16	23	15	31	17	34	10	31	22	47	26	23	48	43	34	14	32	
27	40	32	35	22	36	23	34	28	27	23	34	21	36	38	25	20	39	36	36	29	34	25	38	23	23	35	26	40	40	30	24	31	22	33	30	23	30	40	22	20	20	20	25	25	27	38	28	20	26	37	27	26	23	35	39	39	40	27	37	23	30	37	32	31	35	34	29	33	37	37	23	39	24	38	36	29	22	29	24	28	22	36	31	38	30	27	39	30	34	24	40	33	30	22	32	26	36	31	23	37	33	38	40	27	26	32	32	40	23	40	37	33	23	30	20	31	37	32	32	36	27	24	26	36	25	29	21	28	28	20	37	28	24	40	37	21	34	25	21	28	24	33	31	28	27	26	30	30	35	39	31	21	33	27	32	24	37	26	31	31	31	23	28	25	40	38	25	38	35	27	21	21	32	24	25	27	30	30	33	22	29	20	35	21	20	24	25	29	40	23	38	21	34	31	26	29	40	27	37	31	37	27	34	25	28	38	36	36	32	34	39	40	31	24	32	40	20	36	34	38	34	23	35	36	23	32	38	38	25	31	26	26	35	27	39	25	26	20	34	31	29	36	33	29	28	31	34	22	25	40	29	22	35	34	37	28	27	27	39	37	30	27	35	36	21	23	33	28	28	37	23	28	40	38	38	35	23	22	20	23	38	31	22	23	22	33	36	25	32	28	33	40	30	28	38	40	32	32	34	33	28	34	36	40	40	37	34	23	29	27	34	20	30	33	24	38	32	35	24	39	27	31	40	32	31	32	33	29	33	29	39	31	33	31	22	31	29	27	36	29	20	37	31	35	25	34	20	20	23	29	32	35	40	29	22	40	34	20	39	24	34	37	26	23	37	20	40	20	24	26	37	28	25	40	31	37	28	37	34	29	33	25	29	33	29	34	25	27	35	24	33	24	21	24	34	28	28	21	26	21	23	29	27	23	30	38	38	27	24	24	36	23	39	33	20	32	38	33	40	38	40	31	31	37	36	21	31	40	34	35	26	26	35	39	22	31	37	27	35	24	28	27	38	36	37	21	32	31	40	25	29	20	38	31	34	39	40	38	22	34	23	21	23	35	34	38	23	39	40	24	22	29	28	25	35	34	27	33	25	24	37	24	25	29	27	26	24	30	25	35	28	33	20	28	29	40	20	28	32	25	39	25	27	32	31	30	20	28	25	37	25	36	20	39	32	29	24	40	38	23	36	35	30	22	30	27	34	26	23	40	21	23	37	32	37	34	38	29	33	31	31	22	24	32	28	40	33	34	30	34	22	38	23	21	25	21	39	30	36	20	36	29	26	24	39	33	27	34	30	33	28	38	32	40	32	40	39	36	27	29	38	24	26	20	23	31	34	34	38	24	25	36	39	31	27	23	35	40	38	23	21	24	30	25	23	22	34	30	35	36	32	20	36	21	27	29	23	32	38	21	32	21	21	37	27	36	26	37	37	20	37	29	26	31	37	26	25	36	32	22	28	23	24	34	33	33	31	23	23	34	29	30	27	21	33	23	35	31	29	26	34	38	32	37	25	36	26	20	26	21	26	39	23	27	21	22	40	21	28	23	39	26	24	38	25	36	39	28	22	35	26	23	28	20	30	40	28	24	37	28	40	34	34	35	24	28	35	32	27	24	21	33	37	39	31	39	33	24	30	24	31	34	20	27	24	38	39	36	25	21	32	35	26	38	24	38	21	25	36	20	29	24	24	27	25	25	36	29	37	34	23	38	36	20	25	25	33	33	34	26	21	34	28	38	34	35	23	29	26	27	28	29	31	29	40	38	32	23	31	31	34	29	30	26	30	21	30	34	26	35	27	21	35	21	31	32	30	35	20	38	36	27	23	36	38	29	30	24	37	22	29	30	35	37	21	30	35	34	33	28	32	20	23	22	35	27	31	22	30	40	29	38	37	24	25	34	32	26	29	32	35	32	40	24	32	37	29	29	31	28	23	40	24	23	32	35	27	21	26	34	34	39	31	23	29	39	38	29	38	31	27	33	26	25	27	36	29	33	29	28	26	37	22	28	25	35	38	37	29	32	28	21	29	21	31	39	35	21	32	27	23	23	27	35	26	21	37	33	20	33	33	28	29	25	37	33	29	31	32	29	31	30	33	30	31	38	34	22	20	29	32	21	27	29	35	29	22	29	38	38	23	28	23	40	33	36	35	26	36	34	39	30	38	36	31	24	33	21	24	37	36	35	37	30	38	35	28	28	22	30	35	36	36	26	21	23	31	30	23	40	20	24	29	34	27	40	28	40	36	38	33	38	24	30	22	26	31	26	35	39	26	34	40	33	27	31	22	37	26	38	23	27	23	34	28	37	29	32	22	33	20	28	29	40	39	23	20	36	25	36	23	33	21	30	24	36	32	30	25	35	31	36	25	36	32	39	25	20	29	20	38	30	35	35	26	29	30	23	22	24	37	21	29	31	31	28	23	28	21	22	26	22	29	40	24	21	20	33	38	23	37	29	30	31	26	35	34	30	34	21	24	24	26	26	22	30	40	22	37	24	20	
43	34	11	40	40	39	49	44	40	24	34	16	35	46	12	38	14	22	27	15	46	17	50	35	16	15	33	13	11	15	27	25	49	48	29	24	22	32	25	48	15	49	49	46	28	38	19	26	11	25	35	33	38	40	17	46	12	42	33	47	10	45	26	28	40	25	26	40	29	19	25	14	11	45	18	15	27	33	18	32	50	41	44	36	16	17	25	39	38	25	18	30	29	16	32	42	32	10	39	11	28	22	14	39	27	43	26	34	37	12	30	28	31	28	20	45	23	13	37	36	24	47	33	17	34	13	50	49	46	24	50	16	49	45	24	29	20	15	24	36	48	47	30	35	23	41	16	44	36	16	19	41	26	46	21	48	14	37	30	30	30	27	32	29	31	46	10	40	12	42	50	18	41	20	21	27	35	18	48	19	34	41	43	30	26	28	18	36	39	18	41	40	23	22	31	47	22	38	37	19	31	46	34	27	21	10	18	11	45	23	14	19	46	35	14	30	12	32	47	30	50	18	24	35	46	40	21	26	11	11	26	22	44	17	41	19	11	31	36	23	12	47	26	48	31	12	36	49	23	29	40	26	21	20	34	11	33	21	14	12	20	18	33	37	31	18	27	32	39	23	46	20	46	28	33	22	17	36	11	50	47	11	43	38	46	45	43	26	28	27	25	45	13	10	31	38	32	39	22	40	31	49	14	49	15	21	48	30	36	13	16	31	43	30	28	15	50	41	26	35	47	41	27	48	12	49	25	22	34	43	14	41	50	17	43	34	38	48	28	26	44	49	32	31	31	37	11	43	13	23	19	43	29	43	25	27	15	25	39	36	27	20	35	30	10	23	17	14	15	18	35	49	29	32	25	22	41	11	46	48	15	21	13	40	46	23	33	11	11	10	35	27	41	42	18	23	16	14	21	34	33	33	44	33	23	44	49	44	38	49	15	26	45	47	45	31	12	26	33	24	39	17	37	10	43	31	39	40	32	45	48	10	24	25	17	14	23	40	35	10	13	16	23	23	50	11	15	31	40	50	21	45	38	36	41	23	43	27	40	23	39	15	10	30	43	35	11	31	17	26	40	10	36	50	33	38	30	48	10	27	46	28	11	47	47	48	20	31	49	44	27	42	36	46	46	10	31	24	39	18	28	17	27	48	46	25	20	34	14	24	12	27	10	22	26	38	15	34	39	31	50	20	21	21	19	19	45	27	16	15	32	34	21	24	18	32	49	29	29	10	32	36	17	36	12	22	30	46	20	16	19	29	36	28	28	48	42	39	22	24	39	49	38	22	25	38	11	16	36	50	42	12	32	32	16	10	50	41	37	36	11	16	16	22	35	40	13	47	31	21	33	21	37	14	37	12	31	50	37	49	27	30	23	45	21	33	46	36	22	18	20	23	18	14	44	16	46	46	47	38	23	11	49	34	19	47	36	17	26	21	10	26	29	31	36	26	11	22	39	31	49	27	34	27	30	34	35	17	17	18	45	14	32	40	27	17	13	24	47	27	10	34	34	23	31	33	35	32	50	20	18	41	38	39	35	31	13	15	35	13	20	28	22	34	22	39	38	50	42	32	45	46	12	50	34	49	12	19	45	39	45	39	20	30	28	12	12	22	20	20	18	19	42	48	31	23	24	48	48	25	20	27	34	49	20	29	23	48	13	18	29	34	25	39	27	29	40	22	12	17	50	39	37	41	50	27	14	37	37	40	19	12	29	23	36	16	25	23	14	15	40	36	10	22	22	23	12	11	31	38	49	44	26	35	25	17	16	28	50	23	30	26	17	27	48	43	49	10	24	23	23	40	14	29	34	20	33	30	30	14	40	22	46	27	43	48	28	12	27	23	28	28	21	47	45	15	33	34	21	11	14	34	13	27	32	12	33	47	47	25	36	34	47	46	17	45	17	18	28	23	32	11	13	49	20	34	45	33	25	42	41	44	50	12	38	34	35	46	11	35	12	47	12	47	18	41	26	31	28	40	31	47	20	37	11	19	35	50	14	37	43	25	21	22	24	22	41	15	20	32	34	33	40	26	21	40	47	46	28	23	24	13	49	40	22	50	25	17	15	35	46	25	46	47	45	16	29	34	17	10	17	40	24	36	47	27	11	19	18	35	46	17	35	41	15	17	25	22	47	32	20	21	11	42	30	37	17	42	33	30	30	23	14	12	36	43	31	30	22	30	43	20	12	21	19	41	16	16	37	34	24	45	17	19	17	45	18	18	41	13	14	42	11	30	11	42	43	18	45	24	41	40	29	41	13	40	36	48	34	34	29	17	36	36	28	11	16	49	38	22	19	18	13	49	49	49	37	28	17	48	22	24	50	36	15	20	31	21	44	31	34	45	18	34	30	29	49	19	43	43	17	19	18	14	27	25	34	14	31	44	47	50	17	50	22	33	22	37	21	20	41	34	19	28	14	25	30	12	39	33	41	40	15	41	31	46	26	40	11	46	49	28	32	28	36	12	12	18	48	25	38	43	48	47	22	48	16	12	39	32	17	25	
15
90
