612
50
0	0	0	0	0	0	0	500	0	0	48	0	0	0	0	0	0	0	0	0	0	0	0	0	0	0	0	0	0	0	0	0	0	0	0	0	0	0	0	0	48	96	0	0	0	0	0	0	0	0	
0	0	0	0	0	0	0	0	0	0	0	0	0	0	0	0	96	0	0	0	0	0	0	0	0	0	0	0	0	0	0	0	500	0	0	0	0	0	0	0	0	0	0	0	0	0	0	0	0	0	
0	0	0	0	0	0	0	0	0	0	0	0	0	0	96	0	0	0	0	0	0	0	0	0	0	0	0	0	0	0	0	0	0	0	0	0	0	0	0	0	0	0	0	0	0	0	0	0	0	96	
0	0	0	0	0	0	0	0	0	0	0	96	0	0	0	0	0	0	0	0	0	0	0	0	0	0	0	0	0	0	0	0	0	0	500	0	0	0	0	0	0	0	0	0	0	0	0	0	0	0	
0	0	0	0	0	0	0	0	0	0	0	0	0	0	0	0	0	0	0	0	0	0	0	0	0	192	0	0	0	0	0	0	0	0	0	0	500	0	48	0	0	0	0	0	48	0	0	0	0	0	
0	0	0	0	0	0	0	0	0	0	0	0	0	0	0	0	0	0	48	0	0	0	0	0	0	0	0	0	0	0	0	0	0	0	500	0	0	0	0	0	0	0	0	0	0	0	0	0	0	0	
0	0	0	0	0	0	0	0	0	0	0	0	0	0	96	0	0	0	0	0	0	0	0	0	0	0	0	0	0	0	0	0	0	48	0	0	0	0	0	0	0	0	0	0	0	0	0	0	0	500	
500	0	0	0	0	0	0	0	0	0	0	0	0	0	0	0	0	0	0	0	0	0	0	0	0	0	0	0	0	0	0	96	0	0	0	0	0	96	0	0	0	96	0	0	0	0	0	0	0	0	
0	0	0	0	0	0	0	0	0	0	0	0	0	0	0	0	0	0	0	0	0	0	0	0	500	0	0	0	0	0	0	96	0	0	0	0	0	96	0	0	0	0	0	0	0	0	0	0	0	0	
0	0	0	0	0	0	0	0	0	0	0	0	0	0	0	192	0	0	0	0	0	0	0	0	0	0	0	0	0	0	0	0	0	0	0	0	0	0	0	0	0	0	0	48	0	48	0	0	0	0	
48	0	0	0	0	0	0	0	0	0	0	0	0	0	0	0	0	0	0	0	0	0	0	0	0	0	0	0	0	0	0	0	0	0	0	0	0	0	0	0	192	0	0	0	0	0	0	48	0	0	
0	0	0	96	0	0	0	0	0	0	0	0	0	0	0	0	0	0	0	0	0	0	0	0	0	0	0	0	0	0	0	0	0	0	0	0	0	0	0	0	0	0	0	0	0	0	0	0	48	0	
0	0	0	0	0	0	0	0	0	0	0	0	0	500	0	0	0	0	0	0	0	0	500	0	0	0	0	0	0	48	0	0	0	0	0	0	0	0	0	0	0	0	0	0	0	0	0	0	0	0	
0	0	0	0	0	0	0	0	0	0	0	0	500	0	0	0	0	96	0	0	0	0	0	0	0	0	0	0	0	0	0	0	0	0	0	0	0	0	0	0	0	0	0	0	48	0	0	0	0	0	
0	0	96	0	0	0	96	0	0	0	0	0	0	0	0	0	0	0	0	0	0	0	0	0	0	0	0	0	0	0	0	0	0	500	0	0	0	0	0	0	0	0	0	0	0	0	500	0	0	0	
0	0	0	0	0	0	0	0	0	192	0	0	0	0	0	0	0	0	0	0	0	0	0	0	0	48	0	0	0	0	0	0	0	0	0	0	0	0	0	0	0	0	0	500	0	0	0	0	0	0	
0	96	0	0	0	0	0	0	0	0	0	0	0	0	0	0	0	0	0	0	0	0	0	0	0	0	0	0	0	0	0	0	96	0	0	0	0	0	0	0	0	0	0	0	0	0	0	0	0	0	
0	0	0	0	0	0	0	0	0	0	0	0	0	96	0	0	0	0	0	0	0	0	0	0	0	0	0	0	0	0	0	0	0	0	0	0	0	0	0	0	0	0	0	0	96	0	0	0	0	0	
0	0	0	0	0	48	0	0	0	0	0	0	0	0	0	0	0	0	0	0	0	0	0	192	0	0	0	0	0	0	0	0	0	0	0	0	0	0	0	0	0	0	0	0	0	0	0	0	0	0	
0	0	0	0	0	0	0	0	0	0	0	0	0	0	0	0	0	0	0	0	0	0	0	0	0	0	0	96	0	0	0	0	0	0	0	0	0	0	0	0	0	0	0	0	0	0	0	0	500	0	
0	0	0	0	0	0	0	0	0	0	0	0	0	0	0	0	0	0	0	0	0	0	0	500	0	0	0	0	0	0	0	0	192	0	0	0	0	0	0	0	0	0	500	0	0	0	0	0	0	0	
0	0	0	0	0	0	0	0	0	0	0	0	0	0	0	0	0	0	0	0	0	0	0	0	0	0	0	0	192	0	0	0	0	0	0	96	500	0	0	0	0	0	0	0	0	0	0	0	0	0	
0	0	0	0	0	0	0	0	0	0	0	0	500	0	0	0	0	0	0	0	0	0	0	0	0	0	0	0	0	0	0	0	0	0	0	0	0	0	0	192	0	0	0	0	0	0	0	0	0	0	
0	0	0	0	0	0	0	0	0	0	0	0	0	0	0	0	0	0	192	0	500	0	0	0	0	0	0	0	0	0	0	0	192	0	0	0	0	0	0	0	0	0	192	0	0	0	0	0	0	0	
0	0	0	0	0	0	0	0	500	0	0	0	0	0	0	0	0	0	0	0	0	0	0	0	0	0	0	0	0	0	0	192	0	0	0	0	0	0	0	0	0	0	0	0	0	0	0	0	0	0	
0	0	0	0	192	0	0	0	0	0	0	0	0	0	0	48	0	0	0	0	0	0	0	0	0	0	0	0	0	0	0	0	0	0	0	0	0	0	0	0	0	0	0	0	0	0	0	0	0	0	
0	0	0	0	0	0	0	0	0	0	0	0	0	0	0	0	0	0	0	0	0	0	0	0	0	0	0	500	0	96	0	0	0	0	0	0	0	0	0	0	0	0	0	0	0	0	500	0	0	0	
0	0	0	0	0	0	0	0	0	0	0	0	0	0	0	0	0	0	0	96	0	0	0	0	0	0	500	0	0	0	0	0	0	0	0	0	0	0	0	0	0	0	0	0	0	0	192	48	0	0	
0	0	0	0	0	0	0	0	0	0	0	0	0	0	0	0	0	0	0	0	0	192	0	0	0	0	0	0	0	0	0	0	0	0	0	192	0	0	0	0	0	0	0	0	0	0	0	0	0	0	
0	0	0	0	0	0	0	0	0	0	0	0	48	0	0	0	0	0	0	0	0	0	0	0	0	0	96	0	0	0	0	0	0	0	0	0	0	0	0	0	0	0	0	0	48	0	0	0	0	0	
0	0	0	0	0	0	0	0	0	0	0	0	0	0	0	0	0	0	0	0	0	0	0	0	0	0	0	0	0	0	0	0	0	0	0	0	48	0	192	0	0	0	0	0	0	0	0	0	0	0	
0	0	0	0	0	0	0	96	96	0	0	0	0	0	0	0	0	0	0	0	0	0	0	0	192	0	0	0	0	0	0	0	0	0	0	0	0	0	0	0	0	0	0	0	0	0	0	0	0	0	
0	500	0	0	0	0	0	0	0	0	0	0	0	0	0	0	96	0	0	0	192	0	0	192	0	0	0	0	0	0	0	0	0	0	0	0	0	0	0	0	0	0	500	0	0	0	0	0	0	0	
0	0	0	0	0	0	48	0	0	0	0	0	0	0	500	0	0	0	0	0	0	0	0	0	0	0	0	0	0	0	0	0	0	0	0	0	0	0	0	0	0	0	0	0	0	0	0	0	0	0	
0	0	0	500	0	500	0	0	0	0	0	0	0	0	0	0	0	0	0	0	0	0	0	0	0	0	0	0	0	0	0	0	0	0	0	0	0	0	0	0	0	0	0	0	0	0	0	0	0	0	
0	0	0	0	0	0	0	0	0	0	0	0	0	0	0	0	0	0	0	0	0	96	0	0	0	0	0	0	192	0	0	0	0	0	0	0	0	0	0	48	0	0	0	0	0	0	0	0	0	0	
0	0	0	0	500	0	0	0	0	0	0	0	0	0	0	0	0	0	0	0	0	500	0	0	0	0	0	0	0	0	48	0	0	0	0	0	0	0	0	0	0	0	0	0	0	0	0	0	0	0	
0	0	0	0	0	0	0	96	96	0	0	0	0	0	0	0	0	0	0	0	0	0	0	0	0	0	0	0	0	0	0	0	0	0	0	0	0	0	0	0	0	0	0	0	0	0	0	0	0	0	
0	0	0	0	48	0	0	0	0	0	0	0	0	0	0	0	0	0	0	0	0	0	0	0	0	0	0	0	0	0	192	0	0	0	0	0	0	0	0	0	0	0	0	0	0	0	0	0	0	0	
0	0	0	0	0	0	0	0	0	0	0	0	0	0	0	0	0	0	0	0	0	0	192	0	0	0	0	0	0	0	0	0	0	0	0	48	0	0	0	0	0	0	0	0	0	0	0	0	0	0	
48	0	0	0	0	0	0	0	0	0	192	0	0	0	0	0	0	0	0	0	0	0	0	0	0	0	0	0	0	0	0	0	0	0	0	0	0	0	0	0	0	0	0	0	0	0	0	0	0	0	
96	0	0	0	0	0	0	96	0	0	0	0	0	0	0	0	0	0	0	0	0	0	0	0	0	0	0	0	0	0	0	0	0	0	0	0	0	0	0	0	0	0	0	0	0	0	0	0	0	0	
0	0	0	0	0	0	0	0	0	0	0	0	0	0	0	0	0	0	0	0	500	0	0	192	0	0	0	0	0	0	0	0	500	0	0	0	0	0	0	0	0	0	0	0	0	500	0	0	0	0	
0	0	0	0	0	0	0	0	0	48	0	0	0	0	0	500	0	0	0	0	0	0	0	0	0	0	0	0	0	0	0	0	0	0	0	0	0	0	0	0	0	0	0	0	0	0	0	0	0	0	
0	0	0	0	48	0	0	0	0	0	0	0	0	48	0	0	0	96	0	0	0	0	0	0	0	0	0	0	0	48	0	0	0	0	0	0	0	0	0	0	0	0	0	0	0	0	0	0	0	0	
0	0	0	0	0	0	0	0	0	48	0	0	0	0	0	0	0	0	0	0	0	0	0	0	0	0	0	0	0	0	0	0	0	0	0	0	0	0	0	0	0	0	500	0	0	0	0	0	0	0	
0	0	0	0	0	0	0	0	0	0	0	0	0	0	500	0	0	0	0	0	0	0	0	0	0	0	500	192	0	0	0	0	0	0	0	0	0	0	0	0	0	0	0	0	0	0	0	0	0	0	
0	0	0	0	0	0	0	0	0	0	48	0	0	0	0	0	0	0	0	0	0	0	0	0	0	0	0	48	0	0	0	0	0	0	0	0	0	0	0	0	0	0	0	0	0	0	0	0	0	0	
0	0	0	0	0	0	0	0	0	0	0	48	0	0	0	0	0	0	0	500	0	0	0	0	0	0	0	0	0	0	0	0	0	0	0	0	0	0	0	0	0	0	0	0	0	0	0	0	0	0	
0	0	96	0	0	0	500	0	0	0	0	0	0	0	0	0	0	0	0	0	0	0	0	0	0	0	0	0	0	0	0	0	0	0	0	0	0	0	0	0	0	0	0	0	0	0	0	0	0	0	
36	7	33	10	5	36	29	15	31	39	20	12	2	23	23	3	3	49	6	33	40	37	27	2	25	37	33	28	32	8	10	18	47	3	27	28	32	31	1	46	31	4	24	47	25	13	43	29	2	27	20	38	42	18	20	35	27	35	9	20	5	29	14	15	18	38	8	5	34	32	35	9	36	7	20	34	8	14	35	8	48	24	49	24	38	38	32	7	34	0	37	21	41	10	18	20	23	22	32	36	33	1	13	0	32	42	29	1	6	7	21	16	27	19	14	35	16	39	33	13	18	27	7	43	26	48	40	11	10	1	1	31	16	1	43	48	4	2	21	30	38	22	20	1	25	6	1	0	28	17	11	13	48	46	20	30	31	3	37	34	21	21	3	3	35	41	25	29	8	37	34	13	42	18	20	7	32	15	13	15	30	36	4	20	44	2	13	12	26	40	43	35	8	42	39	14	13	19	49	41	47	21	6	46	38	9	22	46	16	40	39	9	43	6	46	15	11	40	26	33	14	17	14	7	41	28	49	27	0	29	33	46	43	36	21	25	28	23	16	30	31	11	29	44	16	5	43	40	17	22	41	23	49	49	21	47	22	7	2	2	4	1	49	38	45	11	35	28	17	37	39	21	31	22	8	13	41	47	15	8	3	11	34	26	3	47	14	1	25	25	36	2	25	29	15	29	45	4	18	1	10	17	42	0	20	2	43	30	3	10	32	0	35	34	38	22	44	5	32	29	34	41	3	39	35	25	20	30	28	30	22	40	9	4	47	41	2	48	6	24	37	22	14	8	18	21	40	5	26	38	13	45	5	21	41	25	39	1	17	23	48	17	3	37	34	30	9	25	45	36	32	38	17	30	49	46	25	49	12	5	21	39	10	10	22	42	37	23	21	5	10	33	41	11	13	42	23	5	11	14	21	46	28	4	28	10	39	42	22	31	40	16	47	20	9	35	9	32	27	43	36	45	3	8	10	41	40	29	45	24	11	20	34	40	44	15	23	9	22	23	32	47	46	0	25	10	31	34	32	37	16	30	38	1	14	10	11	33	5	30	23	17	28	5	20	30	19	33	8	5	18	38	41	24	48	37	43	5	46	17	15	3	24	32	13	4	1	15	47	34	26	5	41	47	14	31	1	28	6	37	0	44	15	29	4	7	18	21	4	34	24	30	10	40	21	26	15	45	46	21	4	40	24	18	5	6	6	10	45	45	9	23	38	22	15	9	23	26	25	32	12	23	22	20	5	12	45	40	16	40	39	21	35	11	37	29	17	26	44	4	6	28	31	20	10	31	6	9	35	26	6	46	21	19	22	30	34	29	29	5	35	47	16	11	46	11	17	2	14	48	29	26	6	21	11	22	18	21	8	3	12	16	33	29	17	37	13	6	39	5	49	29	
43	45	12	11	22	20	28	24	44	36	31	3	43	11	10	38	12	42	8	37	35	35	23	5	7	33	48	40	23	6	37	44	49	10	34	38	13	33	36	22	30	4	20	4	26	38	23	37	21	19	21	49	34	12	44	39	8	18	3	44	23	47	17	8	8	13	46	44	11	12	38	8	10	18	16	19	48	29	21	34	29	27	25	24	2	32	26	12	12	36	17	27	5	25	17	20	27	3	36	44	21	42	37	16	21	20	9	11	46	48	26	42	38	46	10	8	45	25	9	38	25	35	31	17	26	6	28	24	42	28	10	36	1	18	4	8	0	28	21	25	28	9	9	42	39	23	16	14	1	39	48	13	36	13	33	14	25	34	5	3	29	19	6	49	5	22	49	49	23	38	5	45	49	26	30	32	22	22	47	26	26	4	49	18	17	18	28	14	6	44	36	21	6	22	16	15	41	18	25	36	9	32	21	33	15	14	42	43	10	8	43	21	44	0	35	19	7	12	24	31	44	46	13	24	49	36	43	31	45	2	21	17	49	38	40	5	14	34	17	38	5	11	26	49	25	42	10	29	12	43	8	47	10	7	6	44	12	23	8	45	43	23	43	22	33	6	34	5	2	22	45	15	17	28	36	24	43	12	14	44	20	9	4	8	26	39	20	28	35	49	21	36	22	12	48	31	48	32	6	17	34	2	48	23	48	41	27	23	4	39	37	14	24	40	49	46	31	40	46	6	40	27	2	5	19	47	7	27	18	48	34	21	36	28	16	39	40	47	7	16	46	3	33	35	24	2	33	7	0	26	22	43	17	39	7	28	28	27	26	39	30	0	3	47	9	11	3	29	31	25	30	12	25	38	42	21	13	7	47	5	19	41	21	3	2	30	24	6	17	19	43	15	42	2	3	43	13	30	49	42	27	25	36	29	48	38	5	36	11	35	43	22	27	19	16	0	20	16	45	17	44	15	0	35	9	36	23	39	0	35	25	5	16	44	29	44	1	19	24	12	42	20	30	22	48	4	27	48	10	28	22	12	13	32	18	47	36	16	19	33	12	22	23	20	4	44	17	41	9	10	40	27	13	6	12	19	39	31	14	12	44	12	47	35	32	19	18	49	13	38	30	23	18	23	14	32	47	40	22	15	10	43	43	31	10	9	12	9	36	28	11	4	12	17	40	1	6	4	24	21	45	34	46	22	44	3	20	36	19	14	48	48	28	33	19	20	40	27	36	24	46	8	9	39	0	5	43	25	22	18	7	10	37	0	20	11	27	5	13	34	40	13	3	4	33	10	44	25	9	22	39	10	8	37	49	31	34	25	26	37	38	10	24	31	47	36	12	20	41	47	33	21	16	49	41	46	49	36	22	26	23	42	43	17	44	45	1	44	18	41	13	34	
35	37	28	39	36	30	36	25	24	38	39	28	32	23	28	37	36	37	29	29	26	32	40	25	23	27	20	35	20	38	34	35	21	29	26	38	30	36	21	32	37	26	20	27	31	35	38	34	27	25	31	22	35	24	32	31	33	29	33	40	24	29	34	25	39	36	30	40	30	38	21	27	33	35	30	33	39	21	23	21	22	28	28	26	27	28	31	22	22	38	33	20	28	38	35	30	33	37	38	24	30	40	20	23	31	33	22	28	37	40	35	22	38	28	33	32	31	39	30	25	39	26	33	28	20	26	20	30	35	26	38	25	40	30	22	20	31	39	32	22	22	34	20	21	26	36	30	34	34	25	24	25	39	27	25	32	30	25	33	39	39	34	30	22	40	33	21	33	29	27	21	26	35	38	36	31	24	35	32	26	26	28	28	39	23	29	35	27	25	38	20	22	32	32	23	29	39	39	29	27	38	37	25	23	23	39	26	34	20	21	35	28	36	21	24	22	35	23	35	20	26	34	30	28	24	30	36	25	25	31	22	30	35	22	26	24	25	38	24	27	23	32	33	26	22	23	27	33	35	34	20	26	31	37	33	22	31	30	38	31	28	39	26	28	20	22	39	30	32	32	35	26	34	37	30	27	37	29	40	28	38	29	25	37	40	37	28	39	39	37	35	21	36	33	20	28	39	40	39	21	34	25	22	39	20	34	26	25	25	36	36	21	32	34	34	32	20	24	40	30	25	40	20	21	30	25	30	24	34	37	38	24	33	35	28	29	32	39	31	27	26	28	31	21	35	37	39	32	22	22	26	38	22	36	30	32	25	29	32	36	32	32	22	33	36	29	27	38	38	30	23	40	32	36	39	33	25	29	24	31	34	34	35	28	28	22	37	25	23	23	26	37	33	27	23	25	27	33	25	27	24	21	30	21	38	21	32	24	33	27	23	29	23	24	26	20	37	29	33	30	33	23	30	27	25	27	35	38	26	23	22	35	21	32	35	35	34	35	26	20	39	35	33	26	32	21	38	21	36	25	24	31	22	36	23	40	37	21	32	36	22	22	28	28	30	37	30	31	20	28	23	30	27	29	33	35	35	23	30	33	35	36	21	37	20	34	36	21	30	20	21	25	25	35	31	35	26	21	33	32	25	36	26	26	30	39	20	29	35	20	31	33	21	30	35	32	36	29	35	32	20	35	22	35	21	37	26	27	31	34	22	37	26	23	34	35	24	35	28	36	40	28	29	22	38	38	33	33	37	25	38	33	37	40	39	30	34	25	40	34	33	33	25	32	22	26	37	37	31	21	28	22	38	24	34	22	26	36	31	37	25	39	29	23	31	33	29	38	37	29	36	32	20	27	38	32	37	26	28	24	40	27	38	21	38	32	34	32	26	29	22	40	
33	40	31	37	13	15	36	28	29	14	50	28	18	38	34	21	30	50	20	38	31	37	31	31	21	25	43	49	25	31	10	27	39	45	10	16	22	32	38	11	26	36	21	44	34	17	14	38	24	27	20	13	40	46	24	45	38	15	24	15	18	44	16	27	25	20	41	11	27	10	24	30	50	46	28	41	35	17	44	18	16	27	23	41	15	12	27	35	48	39	49	40	48	49	47	41	27	32	33	13	41	16	45	47	43	21	46	20	23	39	11	34	40	37	22	41	22	36	16	11	13	18	44	21	24	49	39	49	45	25	31	34	47	44	35	30	50	46	12	32	41	11	13	14	48	49	19	23	22	29	49	16	49	50	47	30	14	29	28	50	33	34	35	41	37	29	22	21	22	48	27	45	32	24	38	18	50	32	40	38	50	16	23	17	36	40	16	37	27	38	14	47	23	35	31	37	15	38	15	47	43	28	25	21	47	41	11	47	41	37	11	46	24	34	28	25	38	22	19	21	16	46	24	48	10	22	28	40	32	25	32	11	23	13	16	10	31	27	34	20	13	33	34	16	20	49	49	50	26	13	33	13	16	22	35	24	44	21	44	50	21	14	10	22	48	21	27	13	26	28	41	29	32	21	11	40	40	22	15	43	34	48	26	33	36	41	15	24	38	17	24	29	27	32	47	21	28	44	27	49	34	27	42	11	36	11	35	46	36	22	34	33	15	29	24	42	11	15	23	10	15	36	18	35	50	23	30	38	38	36	41	28	48	10	33	40	50	45	40	36	10	23	32	10	42	25	38	39	35	43	44	31	38	22	44	21	12	13	36	32	38	46	38	10	20	36	21	44	35	19	14	50	37	30	29	26	45	20	44	44	17	28	48	16	39	19	39	46	19	37	24	44	23	37	46	45	25	15	17	33	25	48	37	26	19	50	10	50	49	49	19	27	34	46	11	40	22	35	19	37	31	39	21	45	35	24	22	45	33	25	46	49	22	37	15	38	17	44	15	42	16	46	31	10	45	41	33	47	28	24	44	29	43	46	46	12	26	43	44	28	36	40	37	29	10	10	47	32	16	31	41	22	19	16	47	31	12	39	18	31	11	10	50	39	24	32	24	10	29	38	40	36	20	14	15	15	41	45	27	41	16	45	14	21	20	48	46	33	43	25	48	50	12	20	46	29	39	42	15	25	16	36	17	38	36	15	31	17	17	25	16	34	43	29	24	18	12	13	36	33	24	24	27	16	26	48	18	48	42	20	46	19	11	29	12	44	36	26	22	27	31	37	21	21	26	11	18	14	30	28	12	42	22	32	14	28	12	29	25	26	42	24	44	33	48	35	26	13	13	25	13	32	35	23	21	12	40	16	13	20	42	27	15	21	40	33	18	16	38	39	35	45	
10
50
