1102
50
0	0	0	0	0	0	0	500	0	0	48	0	0	0	0	0	0	0	0	0	0	0	0	0	0	0	0	0	0	0	0	0	0	0	0	0	0	0	0	0	48	96	0	0	0	0	0	0	0	0	
0	0	0	0	0	0	0	0	0	0	0	0	0	0	0	0	96	0	0	0	0	0	0	0	0	0	0	0	0	0	0	0	500	0	0	0	0	0	0	0	0	0	0	0	0	0	0	0	0	0	
0	0	0	0	0	0	0	0	0	0	0	0	0	0	96	0	0	0	0	0	0	0	0	0	0	0	0	0	0	0	0	0	0	0	0	0	0	0	0	0	0	0	0	0	0	0	0	0	0	96	
0	0	0	0	0	0	0	0	0	0	0	96	0	0	0	0	0	0	0	0	0	0	0	0	0	0	0	0	0	0	0	0	0	0	500	0	0	0	0	0	0	0	0	0	0	0	0	0	0	0	
0	0	0	0	0	0	0	0	0	0	0	0	0	0	0	0	0	0	0	0	0	0	0	0	0	192	0	0	0	0	0	0	0	0	0	0	500	0	48	0	0	0	0	0	48	0	0	0	0	0	
0	0	0	0	0	0	0	0	0	0	0	0	0	0	0	0	0	0	48	0	0	0	0	0	0	0	0	0	0	0	0	0	0	0	500	0	0	0	0	0	0	0	0	0	0	0	0	0	0	0	
0	0	0	0	0	0	0	0	0	0	0	0	0	0	96	0	0	0	0	0	0	0	0	0	0	0	0	0	0	0	0	0	0	48	0	0	0	0	0	0	0	0	0	0	0	0	0	0	0	500	
500	0	0	0	0	0	0	0	0	0	0	0	0	0	0	0	0	0	0	0	0	0	0	0	0	0	0	0	0	0	0	96	0	0	0	0	0	96	0	0	0	96	0	0	0	0	0	0	0	0	
0	0	0	0	0	0	0	0	0	0	0	0	0	0	0	0	0	0	0	0	0	0	0	0	500	0	0	0	0	0	0	96	0	0	0	0	0	96	0	0	0	0	0	0	0	0	0	0	0	0	
0	0	0	0	0	0	0	0	0	0	0	0	0	0	0	192	0	0	0	0	0	0	0	0	0	0	0	0	0	0	0	0	0	0	0	0	0	0	0	0	0	0	0	48	0	48	0	0	0	0	
48	0	0	0	0	0	0	0	0	0	0	0	0	0	0	0	0	0	0	0	0	0	0	0	0	0	0	0	0	0	0	0	0	0	0	0	0	0	0	0	192	0	0	0	0	0	0	48	0	0	
0	0	0	96	0	0	0	0	0	0	0	0	0	0	0	0	0	0	0	0	0	0	0	0	0	0	0	0	0	0	0	0	0	0	0	0	0	0	0	0	0	0	0	0	0	0	0	0	48	0	
0	0	0	0	0	0	0	0	0	0	0	0	0	500	0	0	0	0	0	0	0	0	500	0	0	0	0	0	0	48	0	0	0	0	0	0	0	0	0	0	0	0	0	0	0	0	0	0	0	0	
0	0	0	0	0	0	0	0	0	0	0	0	500	0	0	0	0	96	0	0	0	0	0	0	0	0	0	0	0	0	0	0	0	0	0	0	0	0	0	0	0	0	0	0	48	0	0	0	0	0	
0	0	96	0	0	0	96	0	0	0	0	0	0	0	0	0	0	0	0	0	0	0	0	0	0	0	0	0	0	0	0	0	0	500	0	0	0	0	0	0	0	0	0	0	0	0	500	0	0	0	
0	0	0	0	0	0	0	0	0	192	0	0	0	0	0	0	0	0	0	0	0	0	0	0	0	48	0	0	0	0	0	0	0	0	0	0	0	0	0	0	0	0	0	500	0	0	0	0	0	0	
0	96	0	0	0	0	0	0	0	0	0	0	0	0	0	0	0	0	0	0	0	0	0	0	0	0	0	0	0	0	0	0	96	0	0	0	0	0	0	0	0	0	0	0	0	0	0	0	0	0	
0	0	0	0	0	0	0	0	0	0	0	0	0	96	0	0	0	0	0	0	0	0	0	0	0	0	0	0	0	0	0	0	0	0	0	0	0	0	0	0	0	0	0	0	96	0	0	0	0	0	
0	0	0	0	0	48	0	0	0	0	0	0	0	0	0	0	0	0	0	0	0	0	0	192	0	0	0	0	0	0	0	0	0	0	0	0	0	0	0	0	0	0	0	0	0	0	0	0	0	0	
0	0	0	0	0	0	0	0	0	0	0	0	0	0	0	0	0	0	0	0	0	0	0	0	0	0	0	96	0	0	0	0	0	0	0	0	0	0	0	0	0	0	0	0	0	0	0	0	500	0	
0	0	0	0	0	0	0	0	0	0	0	0	0	0	0	0	0	0	0	0	0	0	0	500	0	0	0	0	0	0	0	0	192	0	0	0	0	0	0	0	0	0	500	0	0	0	0	0	0	0	
0	0	0	0	0	0	0	0	0	0	0	0	0	0	0	0	0	0	0	0	0	0	0	0	0	0	0	0	192	0	0	0	0	0	0	96	500	0	0	0	0	0	0	0	0	0	0	0	0	0	
0	0	0	0	0	0	0	0	0	0	0	0	500	0	0	0	0	0	0	0	0	0	0	0	0	0	0	0	0	0	0	0	0	0	0	0	0	0	0	192	0	0	0	0	0	0	0	0	0	0	
0	0	0	0	0	0	0	0	0	0	0	0	0	0	0	0	0	0	192	0	500	0	0	0	0	0	0	0	0	0	0	0	192	0	0	0	0	0	0	0	0	0	192	0	0	0	0	0	0	0	
0	0	0	0	0	0	0	0	500	0	0	0	0	0	0	0	0	0	0	0	0	0	0	0	0	0	0	0	0	0	0	192	0	0	0	0	0	0	0	0	0	0	0	0	0	0	0	0	0	0	
0	0	0	0	192	0	0	0	0	0	0	0	0	0	0	48	0	0	0	0	0	0	0	0	0	0	0	0	0	0	0	0	0	0	0	0	0	0	0	0	0	0	0	0	0	0	0	0	0	0	
0	0	0	0	0	0	0	0	0	0	0	0	0	0	0	0	0	0	0	0	0	0	0	0	0	0	0	500	0	96	0	0	0	0	0	0	0	0	0	0	0	0	0	0	0	0	500	0	0	0	
0	0	0	0	0	0	0	0	0	0	0	0	0	0	0	0	0	0	0	96	0	0	0	0	0	0	500	0	0	0	0	0	0	0	0	0	0	0	0	0	0	0	0	0	0	0	192	48	0	0	
0	0	0	0	0	0	0	0	0	0	0	0	0	0	0	0	0	0	0	0	0	192	0	0	0	0	0	0	0	0	0	0	0	0	0	192	0	0	0	0	0	0	0	0	0	0	0	0	0	0	
0	0	0	0	0	0	0	0	0	0	0	0	48	0	0	0	0	0	0	0	0	0	0	0	0	0	96	0	0	0	0	0	0	0	0	0	0	0	0	0	0	0	0	0	48	0	0	0	0	0	
0	0	0	0	0	0	0	0	0	0	0	0	0	0	0	0	0	0	0	0	0	0	0	0	0	0	0	0	0	0	0	0	0	0	0	0	48	0	192	0	0	0	0	0	0	0	0	0	0	0	
0	0	0	0	0	0	0	96	96	0	0	0	0	0	0	0	0	0	0	0	0	0	0	0	192	0	0	0	0	0	0	0	0	0	0	0	0	0	0	0	0	0	0	0	0	0	0	0	0	0	
0	500	0	0	0	0	0	0	0	0	0	0	0	0	0	0	96	0	0	0	192	0	0	192	0	0	0	0	0	0	0	0	0	0	0	0	0	0	0	0	0	0	500	0	0	0	0	0	0	0	
0	0	0	0	0	0	48	0	0	0	0	0	0	0	500	0	0	0	0	0	0	0	0	0	0	0	0	0	0	0	0	0	0	0	0	0	0	0	0	0	0	0	0	0	0	0	0	0	0	0	
0	0	0	500	0	500	0	0	0	0	0	0	0	0	0	0	0	0	0	0	0	0	0	0	0	0	0	0	0	0	0	0	0	0	0	0	0	0	0	0	0	0	0	0	0	0	0	0	0	0	
0	0	0	0	0	0	0	0	0	0	0	0	0	0	0	0	0	0	0	0	0	96	0	0	0	0	0	0	192	0	0	0	0	0	0	0	0	0	0	48	0	0	0	0	0	0	0	0	0	0	
0	0	0	0	500	0	0	0	0	0	0	0	0	0	0	0	0	0	0	0	0	500	0	0	0	0	0	0	0	0	48	0	0	0	0	0	0	0	0	0	0	0	0	0	0	0	0	0	0	0	
0	0	0	0	0	0	0	96	96	0	0	0	0	0	0	0	0	0	0	0	0	0	0	0	0	0	0	0	0	0	0	0	0	0	0	0	0	0	0	0	0	0	0	0	0	0	0	0	0	0	
0	0	0	0	48	0	0	0	0	0	0	0	0	0	0	0	0	0	0	0	0	0	0	0	0	0	0	0	0	0	192	0	0	0	0	0	0	0	0	0	0	0	0	0	0	0	0	0	0	0	
0	0	0	0	0	0	0	0	0	0	0	0	0	0	0	0	0	0	0	0	0	0	192	0	0	0	0	0	0	0	0	0	0	0	0	48	0	0	0	0	0	0	0	0	0	0	0	0	0	0	
48	0	0	0	0	0	0	0	0	0	192	0	0	0	0	0	0	0	0	0	0	0	0	0	0	0	0	0	0	0	0	0	0	0	0	0	0	0	0	0	0	0	0	0	0	0	0	0	0	0	
96	0	0	0	0	0	0	96	0	0	0	0	0	0	0	0	0	0	0	0	0	0	0	0	0	0	0	0	0	0	0	0	0	0	0	0	0	0	0	0	0	0	0	0	0	0	0	0	0	0	
0	0	0	0	0	0	0	0	0	0	0	0	0	0	0	0	0	0	0	0	500	0	0	192	0	0	0	0	0	0	0	0	500	0	0	0	0	0	0	0	0	0	0	0	0	500	0	0	0	0	
0	0	0	0	0	0	0	0	0	48	0	0	0	0	0	500	0	0	0	0	0	0	0	0	0	0	0	0	0	0	0	0	0	0	0	0	0	0	0	0	0	0	0	0	0	0	0	0	0	0	
0	0	0	0	48	0	0	0	0	0	0	0	0	48	0	0	0	96	0	0	0	0	0	0	0	0	0	0	0	48	0	0	0	0	0	0	0	0	0	0	0	0	0	0	0	0	0	0	0	0	
0	0	0	0	0	0	0	0	0	48	0	0	0	0	0	0	0	0	0	0	0	0	0	0	0	0	0	0	0	0	0	0	0	0	0	0	0	0	0	0	0	0	500	0	0	0	0	0	0	0	
0	0	0	0	0	0	0	0	0	0	0	0	0	0	500	0	0	0	0	0	0	0	0	0	0	0	500	192	0	0	0	0	0	0	0	0	0	0	0	0	0	0	0	0	0	0	0	0	0	0	
0	0	0	0	0	0	0	0	0	0	48	0	0	0	0	0	0	0	0	0	0	0	0	0	0	0	0	48	0	0	0	0	0	0	0	0	0	0	0	0	0	0	0	0	0	0	0	0	0	0	
0	0	0	0	0	0	0	0	0	0	0	48	0	0	0	0	0	0	0	500	0	0	0	0	0	0	0	0	0	0	0	0	0	0	0	0	0	0	0	0	0	0	0	0	0	0	0	0	0	0	
0	0	96	0	0	0	500	0	0	0	0	0	0	0	0	0	0	0	0	0	0	0	0	0	0	0	0	0	0	0	0	0	0	0	0	0	0	0	0	0	0	0	0	0	0	0	0	0	0	0	
15	36	31	21	42	32	31	1	38	6	49	38	29	21	42	45	18	46	40	6	49	25	18	47	20	35	46	7	26	21	26	22	41	49	1	1	8	30	3	10	15	21	31	27	41	34	35	29	46	32	32	0	48	44	35	12	48	24	38	32	30	33	29	32	24	49	11	46	48	17	20	9	26	6	29	9	44	26	39	42	36	20	43	17	5	15	26	24	27	46	4	9	41	37	38	41	18	33	18	3	46	39	6	43	23	41	44	32	24	44	6	9	36	40	11	1	22	4	45	26	10	33	47	30	32	49	4	29	27	45	43	18	8	42	45	11	11	3	13	40	35	32	24	12	38	19	38	32	4	19	10	0	3	27	23	27	37	46	14	40	37	33	36	2	37	36	43	37	44	19	8	45	13	19	32	44	9	3	12	5	37	8	11	7	9	43	16	10	30	24	22	4	20	5	36	49	18	17	2	3	41	23	47	41	12	2	30	34	20	38	2	30	43	16	34	9	14	7	32	7	45	43	33	15	44	9	14	6	25	49	10	1	22	6	20	26	35	7	25	28	9	2	30	38	8	2	33	0	39	48	41	32	37	16	48	3	31	39	6	19	25	42	37	30	42	13	27	44	20	31	1	4	28	23	33	41	36	0	26	28	22	30	13	44	43	23	7	13	17	24	33	31	39	24	3	17	37	42	26	39	38	3	46	8	33	47	31	34	14	0	2	19	48	13	0	42	15	41	29	23	24	11	16	40	5	9	28	40	12	20	18	41	25	49	49	19	8	2	44	27	44	18	32	35	21	43	8	36	8	16	34	28	20	8	23	21	44	7	0	44	19	10	22	30	35	34	10	30	27	34	42	1	49	30	34	23	13	49	7	22	27	44	41	40	27	49	25	6	23	32	39	10	45	6	46	32	4	18	36	5	6	39	12	0	47	16	48	11	9	43	17	10	6	34	22	39	31	24	11	6	16	12	32	48	13	21	22	27	4	48	11	22	19	27	26	37	10	20	42	28	47	36	40	14	19	34	32	37	4	16	49	33	8	8	15	21	39	32	40	27	21	18	41	45	18	12	35	40	24	40	38	18	48	24	33	12	32	7	4	28	14	18	42	48	20	0	43	24	14	37	36	26	41	7	47	17	41	21	45	4	25	34	36	11	30	35	14	18	18	45	46	24	15	24	15	15	22	31	36	35	38	13	14	22	36	12	47	49	22	16	8	41	4	36	12	19	32	15	36	6	14	30	9	37	29	0	0	27	16	15	14	49	2	5	11	41	41	41	44	5	35	28	12	32	27	19	48	36	24	11	5	26	22	21	31	48	42	22	18	14	26	48	47	47	40	43	14	12	12	9	12	13	32	17	26	19	31	32	16	41	9	31	5	20	48	48	31	17	8	2	26	37	37	40	23	39	7	4	27	49	2	45	17	19	1	11	22	15	6	19	20	30	9	40	42	2	44	24	31	21	13	2	24	10	2	37	44	21	39	1	18	13	47	43	34	2	26	24	37	32	38	42	31	32	41	16	36	0	47	9	18	8	11	33	1	26	9	17	16	21	41	46	27	48	1	14	45	5	31	34	23	0	45	13	2	41	11	37	7	10	12	17	43	22	6	28	10	14	11	44	41	34	15	2	23	34	18	22	7	42	18	1	18	14	17	44	19	37	40	49	25	42	41	7	46	43	2	27	37	38	11	28	39	41	48	10	43	33	2	46	22	24	7	7	42	34	41	47	36	32	14	31	10	10	22	45	14	47	35	28	21	9	15	33	48	34	13	4	41	39	39	30	28	30	18	44	32	23	1	34	25	20	19	27	0	24	7	40	30	32	9	43	15	21	26	19	38	44	44	11	3	32	33	35	46	38	7	44	42	43	2	17	4	12	26	16	15	16	19	38	20	10	28	34	5	3	11	14	29	16	28	40	1	24	37	8	12	44	40	49	9	25	16	8	45	40	23	44	26	10	27	35	17	8	46	27	44	1	44	0	41	10	37	7	3	9	7	11	29	12	9	23	3	11	11	37	2	15	13	7	1	6	33	8	9	4	49	37	39	44	28	19	12	25	26	39	49	17	10	5	17	17	48	43	44	46	41	31	25	13	0	16	29	46	11	5	15	29	41	43	40	44	16	35	12	20	11	13	40	10	36	19	15	38	45	7	20	28	28	17	40	0	19	15	30	44	27	3	43	27	26	39	36	12	28	26	11	41	15	45	31	32	21	15	9	7	2	42	32	2	9	11	29	34	26	1	24	10	4	30	8	10	40	37	48	26	34	20	29	34	42	44	8	13	1	22	2	16	25	26	38	28	36	21	32	13	24	2	31	26	47	0	33	40	5	31	44	1	40	13	4	27	29	37	25	47	30	18	32	29	48	5	21	37	28	13	17	48	49	14	39	16	40	22	22	29	7	19	45	13	31	1	6	15	28	40	4	14	30	0	1	7	45	25	5	5	25	45	23	17	22	47	0	12	20	26	12	7	32	45	40	23	10	44	5	11	26	30	45	26	19	44	
12	32	47	40	42	5	24	46	44	47	17	33	1	36	43	42	41	32	47	2	40	18	37	20	29	44	25	11	31	27	28	32	34	49	39	4	36	45	2	14	29	37	10	42	10	12	14	19	38	39	5	49	40	6	12	13	34	24	26	19	20	0	33	46	3	40	8	40	33	20	10	48	0	2	47	38	17	36	5	1	27	42	43	15	6	19	20	36	36	4	42	11	2	9	13	46	25	16	8	11	39	42	18	43	14	8	33	35	47	18	25	20	48	4	31	15	24	38	46	19	8	30	27	21	19	36	40	48	24	10	11	31	42	44	49	13	9	17	26	47	39	25	11	4	5	41	43	29	34	27	0	10	40	2	2	25	41	28	4	15	38	18	25	13	48	22	25	40	41	45	13	20	47	5	19	4	6	15	35	4	27	0	2	21	37	30	9	25	41	32	9	10	23	5	4	23	13	9	4	20	35	22	32	4	28	20	5	46	5	43	45	23	4	3	8	35	23	0	19	33	9	12	27	17	17	19	20	6	43	17	40	35	9	28	42	27	38	36	25	49	9	21	11	30	9	35	25	17	17	4	22	47	18	32	16	31	44	21	13	12	44	44	5	31	38	11	30	39	16	15	34	23	39	44	25	40	28	27	24	11	27	28	22	47	38	42	47	15	42	29	23	37	4	20	40	40	10	19	34	18	34	23	5	18	35	46	40	3	1	25	11	1	26	14	40	31	43	3	26	3	17	4	4	44	30	10	15	26	31	14	45	14	31	22	44	30	37	8	13	30	0	10	43	31	1	48	4	29	20	12	42	8	25	12	46	49	26	28	21	35	26	12	35	23	14	28	39	42	31	8	0	37	33	49	41	2	10	40	31	7	45	1	35	25	22	32	21	15	49	21	12	17	13	11	45	9	19	40	46	48	43	27	39	3	19	34	11	43	40	21	47	9	5	3	9	20	46	14	1	24	5	37	28	49	17	23	9	4	39	0	38	31	27	31	4	11	49	32	42	34	14	8	37	37	6	11	4	24	3	19	26	4	14	6	9	15	26	46	36	36	27	43	38	5	5	0	33	23	45	42	23	41	40	47	11	18	4	25	10	0	49	30	18	22	18	26	9	28	46	28	16	23	5	49	34	16	49	15	14	4	29	42	10	26	37	34	40	33	37	41	31	46	40	43	49	40	5	45	19	34	2	49	36	25	48	30	31	46	16	22	21	18	41	31	9	5	46	1	28	30	10	9	39	43	14	41	9	7	31	24	9	33	12	25	20	42	27	20	20	10	13	20	10	12	3	40	26	40	39	30	32	7	49	8	41	4	45	18	20	37	2	13	2	21	1	0	5	38	14	31	39	20	26	39	19	34	37	47	32	28	21	49	26	12	23	17	11	45	20	7	4	26	38	27	6	12	7	7	49	9	48	43	44	23	13	10	4	31	16	19	16	38	16	40	13	7	6	4	2	29	15	4	33	37	31	28	7	20	4	10	7	19	36	40	5	19	10	47	21	18	45	37	20	28	11	17	1	8	4	29	4	1	31	42	47	22	19	14	13	27	13	6	49	18	32	17	49	36	11	13	26	7	14	11	47	32	14	44	43	45	5	42	7	13	28	33	18	8	40	33	28	11	6	43	34	35	25	20	45	24	34	24	39	13	27	27	36	30	30	35	13	48	14	8	15	10	26	24	36	9	18	47	10	22	40	1	34	32	40	16	49	12	37	43	20	0	42	45	11	19	46	22	18	15	39	20	18	5	31	15	5	24	10	39	46	24	3	28	4	10	31	17	3	48	24	16	21	1	13	14	43	32	20	1	30	44	35	14	38	46	49	35	15	33	34	23	42	44	19	4	32	47	19	21	9	11	3	10	34	10	48	33	21	13	7	36	34	48	40	32	14	0	18	31	38	17	33	28	21	2	8	27	9	43	47	26	40	1	28	37	11	10	16	30	19	28	12	41	8	8	10	10	20	26	30	17	14	8	27	20	5	7	45	27	39	26	33	12	37	32	38	45	44	48	8	36	7	7	43	48	5	40	0	9	9	8	37	26	15	34	40	29	34	9	34	2	13	28	34	27	38	32	8	15	39	36	14	18	27	48	5	3	15	20	36	44	39	27	31	20	45	26	10	35	12	22	46	32	1	13	25	1	48	1	24	11	16	7	20	36	0	31	18	38	9	18	37	29	32	46	0	46	30	0	43	4	47	42	41	33	44	45	42	32	8	36	26	46	49	26	2	39	47	21	23	49	43	10	9	10	10	45	0	36	6	19	45	29	26	1	21	17	46	6	42	19	38	17	36	36	12	37	14	26	42	33	42	18	42	12	26	19	45	23	19	37	45	15	22	46	23	13	11	32	16	24	14	40	30	41	12	44	7	23	28	43	24	11	48	41	24	4	26	21	27	43	13	29	23	16	12	34	25	42	47	26	6	49	30	26	36	22	22	16	26	30	35	21	32	39	46	0	15	2	46	45	28	3	6	27	26	21	21	5	22	34	4	11	7	27	29	25	
21	26	23	27	35	23	30	37	22	36	36	32	40	30	25	21	36	35	22	33	25	33	37	32	20	34	23	34	39	36	39	33	29	31	40	37	24	22	40	32	37	23	30	26	39	36	27	20	30	25	40	28	30	25	28	38	31	40	21	26	39	32	21	40	22	37	37	25	40	32	33	37	32	20	25	20	40	39	28	39	31	20	26	24	30	38	37	21	36	22	20	20	32	21	23	34	38	32	40	27	36	37	23	37	25	35	39	24	31	21	28	35	34	33	23	26	29	39	22	38	25	33	22	22	33	26	29	23	28	30	40	37	25	26	37	30	36	40	22	22	34	27	23	23	33	32	26	35	34	40	21	33	35	26	30	34	23	36	31	36	38	31	23	38	26	23	36	28	33	34	29	22	31	21	28	31	39	40	20	30	26	23	28	26	25	20	30	25	20	35	35	23	40	28	35	40	26	38	22	33	25	34	23	37	38	32	26	36	38	28	27	25	28	34	39	32	37	39	33	33	36	32	31	39	30	30	26	29	25	34	24	20	22	36	30	27	29	37	29	21	33	40	21	20	28	27	20	38	27	31	25	22	34	32	38	24	30	20	35	38	21	29	31	31	31	24	34	25	26	26	23	39	39	23	29	37	35	27	23	28	24	28	22	40	29	31	35	25	36	28	40	27	34	26	30	30	33	28	35	26	38	23	33	21	38	24	31	26	29	25	40	31	37	25	34	20	36	26	32	29	20	31	27	37	33	28	22	26	37	31	30	22	32	31	21	24	37	40	22	30	27	22	34	20	37	40	28	36	37	34	38	36	28	40	21	20	26	24	26	30	40	24	24	34	38	40	31	26	26	31	29	20	30	30	26	36	30	36	24	35	26	39	27	38	40	37	27	25	34	27	32	38	20	37	38	35	23	40	38	34	33	23	32	38	35	31	34	23	37	23	29	20	26	21	34	22	36	34	37	30	21	39	34	34	29	33	40	25	37	21	33	20	27	26	26	24	33	37	21	38	25	33	38	24	26	35	35	38	20	32	21	37	21	29	35	35	34	34	38	38	20	20	23	35	28	29	25	30	29	36	21	38	23	40	32	37	33	35	30	28	40	22	33	37	29	21	34	31	37	39	30	40	22	36	20	35	26	37	22	39	37	32	26	25	34	29	35	32	36	39	38	29	37	36	38	32	40	33	29	23	32	31	40	38	39	36	21	22	36	38	33	40	40	37	33	32	32	29	33	36	37	35	36	20	33	35	33	21	35	20	27	33	29	32	40	39	30	37	25	29	40	37	22	37	23	39	21	33	39	38	38	37	30	28	35	35	37	30	31	32	38	34	39	32	21	21	35	30	25	37	31	29	24	31	40	35	40	34	21	33	21	25	25	20	39	36	22	32	24	24	29	38	36	31	34	29	34	33	38	37	25	31	30	36	20	35	24	35	34	28	20	27	31	35	38	20	37	32	28	27	21	29	26	38	29	39	21	22	25	25	33	26	34	25	26	30	27	20	25	21	23	38	27	35	22	37	30	38	39	24	32	25	40	25	21	26	36	24	37	33	25	35	25	33	36	35	34	38	22	25	40	39	22	23	23	30	29	33	37	38	29	39	40	34	32	32	34	30	36	30	34	34	35	25	40	24	37	22	37	33	33	23	20	36	25	24	33	32	39	36	20	22	40	35	34	20	27	32	20	36	24	39	28	38	31	34	36	38	24	26	39	22	21	27	31	29	28	32	20	27	37	27	36	22	28	34	28	38	21	28	26	30	24	20	21	20	20	21	31	28	32	29	34	25	27	26	37	31	40	40	39	38	28	25	34	26	21	28	40	38	36	31	30	32	36	25	37	20	38	28	38	22	23	21	26	36	36	22	31	35	20	39	24	35	37	25	23	35	21	26	28	23	31	32	31	31	21	38	20	31	27	35	33	35	32	34	40	40	26	28	37	20	40	27	38	33	23	25	26	26	38	25	32	40	31	32	20	31	37	40	36	33	28	33	37	38	34	21	28	25	29	33	27	29	33	21	36	26	36	28	33	29	24	29	21	27	29	22	31	34	36	29	36	31	30	26	34	23	30	35	23	26	23	39	28	33	35	30	39	27	37	37	35	29	36	35	22	39	34	34	40	26	21	29	26	29	34	36	29	27	36	32	34	21	40	38	22	40	27	24	36	23	21	29	38	20	29	31	35	21	21	21	31	27	29	29	38	38	37	29	35	28	34	36	29	38	32	32	36	29	24	36	35	40	39	20	20	21	31	22	28	36	20	31	24	31	39	26	37	38	25	32	29	21	40	29	25	21	23	31	21	34	22	38	25	38	28	29	26	28	24	25	36	21	24	31	26	23	20	25	26	22	34	23	30	32	26	22	27	34	20	27	30	22	22	29	27	24	28	37	29	26	23	37	36	39	29	25	20	33	35	21	33	32	26	35	36	40	30	26	34	28	34	22	40	40	33	20	38	39	31	28	20	34	30	34	39	22	23	30	24	25	24	24	27	27	24	40	39	39	40	36	
37	12	20	23	45	39	50	44	23	40	36	11	31	38	14	12	11	14	34	33	13	21	18	48	30	34	11	18	34	17	22	48	26	46	30	20	19	32	18	24	44	25	16	39	48	13	32	26	19	20	28	23	36	46	29	23	35	13	19	50	20	42	33	40	26	10	49	26	13	36	32	17	22	33	37	50	23	10	22	27	15	43	30	25	29	38	31	50	24	19	27	37	47	45	19	32	21	46	35	49	43	35	21	42	50	39	16	43	32	14	11	50	31	27	49	10	19	32	40	47	39	47	13	12	26	44	37	43	31	14	23	50	38	25	34	19	40	48	32	38	43	10	26	30	30	48	39	19	25	45	25	49	23	39	34	16	41	31	15	24	31	24	15	48	41	40	24	29	24	44	43	28	32	24	35	11	44	41	41	29	21	21	45	42	36	31	27	38	35	34	22	26	32	27	36	44	36	46	43	10	46	35	44	39	20	18	47	33	36	41	41	34	11	36	45	27	14	41	11	28	18	45	24	27	18	10	15	39	17	39	17	45	17	33	35	14	21	40	48	34	38	33	16	42	36	35	35	36	49	20	43	37	26	41	41	19	41	38	18	43	43	21	14	12	13	45	42	14	48	45	15	16	45	11	16	33	50	42	40	17	43	36	10	34	10	17	16	21	44	25	24	34	49	31	10	13	34	26	44	47	10	17	48	19	16	24	18	39	13	11	20	43	47	33	30	29	45	29	33	33	29	18	40	45	46	42	25	38	42	42	17	42	24	32	33	23	28	34	49	37	31	32	11	50	47	38	22	13	19	32	44	17	39	22	45	45	18	20	26	34	30	46	11	33	11	25	38	36	31	17	45	21	44	26	22	41	44	43	43	48	39	18	50	32	17	20	24	12	49	49	30	34	33	13	12	28	44	31	31	11	38	17	47	17	26	19	21	16	40	25	39	20	25	46	47	38	15	40	26	11	18	25	25	40	42	21	28	15	44	35	30	38	40	42	50	19	19	38	36	34	18	19	20	12	19	20	33	45	26	24	30	39	41	22	19	37	28	45	38	19	46	22	20	47	23	45	13	36	27	25	10	16	32	43	11	34	48	14	37	13	34	41	11	36	29	18	29	18	16	47	27	48	50	18	12	14	37	20	13	36	41	16	17	44	24	16	22	46	40	47	34	43	18	33	30	22	26	47	43	25	50	43	45	40	42	49	23	47	27	25	18	31	15	19	20	14	46	47	31	16	20	38	35	45	35	37	21	39	32	11	19	45	39	20	28	38	31	27	30	49	43	13	37	20	41	46	19	49	40	22	13	38	31	46	15	29	14	37	36	15	32	29	33	30	27	12	34	50	43	18	10	23	30	42	25	47	11	23	33	38	10	24	28	39	34	16	12	14	21	49	18	42	28	26	46	29	16	36	42	37	49	50	22	50	38	33	12	47	29	26	37	22	39	39	13	11	13	13	15	42	26	37	28	39	13	45	43	44	31	45	28	10	31	25	43	18	12	44	44	23	37	41	18	10	28	11	16	23	20	42	20	32	22	16	42	16	39	32	41	12	34	23	10	50	42	10	41	20	25	19	39	25	27	10	35	46	31	17	33	26	47	27	37	35	34	14	27	15	40	12	19	25	16	48	38	13	26	31	43	14	49	25	15	12	12	10	47	34	31	22	23	30	48	45	41	20	32	23	44	14	36	10	26	26	21	13	15	24	15	41	26	21	34	15	40	46	15	26	40	39	39	30	14	44	15	41	11	29	50	21	36	14	12	13	47	50	10	26	43	41	21	25	40	40	16	24	41	35	31	34	33	38	38	17	13	39	32	48	45	40	49	50	14	26	41	46	11	40	50	39	48	43	38	50	30	33	36	19	45	41	29	28	10	34	23	28	48	47	19	44	40	13	13	47	35	49	44	20	17	15	27	48	48	32	48	19	46	49	39	35	11	32	42	43	13	45	13	28	47	14	10	21	44	22	26	36	46	12	23	45	50	26	49	19	29	16	32	40	24	18	34	25	16	40	24	15	19	21	24	21	35	14	39	38	12	22	49	45	45	48	12	23	39	25	36	28	41	38	45	15	22	21	16	47	19	36	16	50	23	24	16	25	13	16	17	17	18	37	34	25	20	35	45	20	42	38	23	28	19	27	17	31	19	38	17	13	15	37	13	20	26	45	25	23	18	38	36	14	23	36	24	45	29	33	33	23	36	49	10	35	24	32	15	13	41	18	32	31	45	37	48	33	44	30	20	10	16	24	41	16	29	38	44	47	48	34	28	16	38	45	41	13	41	15	48	37	47	23	29	45	13	21	40	33	23	11	35	12	17	42	33	15	11	35	23	18	15	48	15	33	27	28	18	10	29	25	19	47	23	20	44	41	19	15	25	46	13	41	12	15	17	11	14	38	39	14	36	23	19	44	44	20	20	38	26	20	15	32	22	28	28	43	18	43	31	37	45	17	41	47	37	43	23	14	50	21	38	40	26	17	39	32	18	42	25	13	24	27	16	38	39	15	
0.5
90
