980
50
0	0	0	0	0	0	0	0	0	0	0	0	0	500	0	0	0	0	0	0	0	0	0	0	0	0	0	0	0	0	0	0	0	0	0	0	0	0	0	0	0	0	0	96	0	0	0	0	0	0	
0	0	0	0	0	0	0	0	0	0	0	0	0	0	0	0	0	0	0	0	0	0	0	0	0	0	0	0	0	0	0	0	0	0	0	0	0	0	0	500	0	0	500	0	0	0	0	0	0	0	
0	0	0	0	192	0	0	500	0	0	0	0	0	0	0	0	0	0	0	96	0	0	0	0	0	0	0	0	0	0	0	0	0	0	0	0	0	0	192	0	0	0	0	0	0	0	0	0	0	0	
0	0	0	0	0	0	0	0	0	0	0	0	0	0	0	0	0	0	0	0	0	0	0	192	0	0	0	96	0	192	0	0	0	0	192	0	0	0	0	0	0	0	0	0	0	0	0	0	0	0	
0	0	192	0	0	0	0	500	0	0	0	0	0	0	0	0	0	0	0	0	0	0	0	0	0	0	0	0	0	0	0	0	0	0	0	0	0	0	0	0	0	0	0	0	0	0	0	0	0	0	
0	0	0	0	0	0	0	0	0	0	0	0	0	192	0	0	0	48	0	0	0	0	0	0	0	0	0	0	0	0	0	0	0	0	0	0	0	0	0	0	0	0	0	96	0	0	0	0	0	0	
0	0	0	0	0	0	0	0	0	0	0	0	0	0	0	192	0	0	0	0	0	0	96	0	0	0	0	0	0	0	0	0	0	0	0	0	0	0	0	0	0	0	0	0	0	0	0	0	0	0	
0	0	500	0	500	0	0	0	0	0	0	0	0	0	0	0	0	0	0	0	0	0	0	0	0	0	0	0	0	0	0	0	0	0	0	0	0	0	0	0	0	0	0	0	0	0	0	0	0	0	
0	0	0	0	0	0	0	0	0	0	0	0	0	0	0	0	0	48	0	0	0	0	0	0	0	0	0	0	0	0	0	0	0	0	0	0	0	0	0	0	0	0	0	0	0	0	0	192	0	0	
0	0	0	0	0	0	0	0	0	0	0	0	0	0	0	0	0	0	0	0	0	96	0	0	0	0	0	0	192	0	0	48	0	0	0	0	0	0	0	0	0	0	0	0	0	0	0	0	0	0	
0	0	0	0	0	0	0	0	0	0	0	0	0	0	96	0	0	0	0	0	0	0	0	0	0	48	0	0	0	0	0	0	0	0	0	0	0	0	0	0	0	0	0	0	0	0	0	0	0	0	
0	0	0	0	0	0	0	0	0	0	0	0	0	0	0	0	0	0	0	0	0	0	0	0	0	0	0	0	0	0	500	0	48	0	0	0	0	0	48	0	0	0	0	0	0	0	0	0	0	0	
0	0	0	0	0	0	0	0	0	0	0	0	0	0	500	0	0	0	0	0	0	0	0	0	0	0	0	0	0	500	0	0	0	0	0	0	0	0	0	0	0	0	192	0	0	0	0	0	0	0	
500	0	0	0	0	192	0	0	0	0	0	0	0	0	0	0	0	0	0	0	0	0	0	0	0	0	0	0	0	0	0	0	0	0	0	0	0	0	0	0	0	0	0	0	0	0	0	0	0	0	
0	0	0	0	0	0	0	0	0	0	96	0	500	0	0	0	0	0	0	0	0	0	0	0	0	500	0	0	0	0	0	0	0	0	0	0	0	0	0	0	0	0	0	0	0	96	0	0	0	0	
0	0	0	0	0	0	192	0	0	0	0	0	0	0	0	0	0	0	0	0	0	0	0	0	0	0	0	0	0	0	0	0	0	0	0	0	0	0	0	0	0	0	0	0	0	48	0	0	0	0	
0	0	0	0	0	0	0	0	0	0	0	0	0	0	0	0	0	0	48	0	0	0	0	0	0	0	0	0	0	0	0	0	0	0	0	0	500	0	0	0	192	0	0	0	0	0	0	0	0	0	
0	0	0	0	0	48	0	0	48	0	0	0	0	0	0	0	0	0	0	0	0	0	0	0	0	0	0	0	0	0	0	0	0	0	0	0	0	0	0	0	0	192	0	0	0	0	0	0	0	0	
0	0	0	0	0	0	0	0	0	0	0	0	0	0	0	0	48	0	0	0	0	0	0	0	0	0	0	0	0	0	0	0	0	192	0	0	0	0	0	0	192	0	0	0	0	0	0	500	0	0	
0	0	96	0	0	0	0	0	0	0	0	0	0	0	0	0	0	0	0	0	0	0	0	0	0	0	0	0	0	0	0	48	0	0	0	0	0	0	0	0	0	0	0	0	0	0	0	0	0	0	
0	0	0	0	0	0	0	0	0	0	0	0	0	0	0	0	0	0	0	0	0	0	0	0	0	0	0	0	0	0	48	0	0	0	48	0	0	0	0	0	0	0	0	0	0	0	0	0	0	0	
0	0	0	0	0	0	0	0	0	96	0	0	0	0	0	0	0	0	0	0	0	0	0	0	0	0	192	0	0	0	0	0	0	0	0	0	0	0	0	0	0	0	0	0	0	0	0	0	0	0	
0	0	0	0	0	0	96	0	0	0	0	0	0	0	0	0	0	0	0	0	0	0	0	500	0	0	0	0	0	0	0	0	0	0	0	0	0	96	0	0	0	0	0	0	0	0	0	0	0	0	
0	0	0	192	0	0	0	0	0	0	0	0	0	0	0	0	0	0	0	0	0	0	500	0	0	0	0	0	0	0	0	0	0	0	0	0	0	0	0	0	0	0	0	0	0	0	0	0	0	0	
0	0	0	0	0	0	0	0	0	0	0	0	0	0	0	0	0	0	0	0	0	0	0	0	0	0	0	0	0	0	0	0	96	0	0	96	0	0	0	0	0	0	0	0	0	0	0	0	0	0	
0	0	0	0	0	0	0	0	0	0	48	0	0	0	500	0	0	0	0	0	0	0	0	0	0	0	0	0	0	0	0	0	0	0	0	0	0	0	0	0	0	0	0	0	0	0	0	0	0	0	
0	0	0	0	0	0	0	0	0	0	0	0	0	0	0	0	0	0	0	0	0	192	0	0	0	0	0	0	192	0	0	0	0	0	0	0	0	0	0	0	0	0	0	0	0	0	0	0	0	0	
0	0	0	96	0	0	0	0	0	0	0	0	0	0	0	0	0	0	0	0	0	0	0	0	0	0	0	0	0	0	0	0	0	0	0	48	0	0	0	192	0	0	0	0	48	0	0	0	96	0	
0	0	0	0	0	0	0	0	0	192	0	0	0	0	0	0	0	0	0	0	0	0	0	0	0	0	192	0	0	0	0	0	0	0	0	0	0	0	0	0	0	0	0	0	0	0	0	0	0	0	
0	0	0	192	0	0	0	0	0	0	0	0	500	0	0	0	0	0	0	0	0	0	0	0	0	0	0	0	0	0	0	0	0	0	0	0	0	0	0	0	0	0	0	0	0	0	0	0	0	0	
0	0	0	0	0	0	0	0	0	0	0	500	0	0	0	0	0	0	0	0	48	0	0	0	0	0	0	0	0	0	0	0	0	0	0	0	0	0	0	0	0	0	0	0	0	0	0	0	0	0	
0	0	0	0	0	0	0	0	0	48	0	0	0	0	0	0	0	0	0	48	0	0	0	0	0	0	0	0	0	0	0	0	0	0	0	0	0	0	0	0	0	0	0	0	0	0	48	0	0	500	
0	0	0	0	0	0	0	0	0	0	0	48	0	0	0	0	0	0	0	0	0	0	0	0	96	0	0	0	0	0	0	0	0	0	0	96	0	0	0	0	0	0	0	0	0	0	0	0	0	0	
0	0	0	0	0	0	0	0	0	0	0	0	0	0	0	0	0	0	192	0	0	0	0	0	0	0	0	0	0	0	0	0	0	0	0	0	0	0	0	0	48	0	0	0	0	0	0	0	0	0	
0	0	0	192	0	0	0	0	0	0	0	0	0	0	0	0	0	0	0	0	48	0	0	0	0	0	0	0	0	0	0	0	0	0	0	0	0	0	0	0	0	0	0	0	0	0	0	0	0	0	
0	0	0	0	0	0	0	0	0	0	0	0	0	0	0	0	0	0	0	0	0	0	0	0	96	0	0	48	0	0	0	0	96	0	0	0	0	0	0	0	0	0	0	0	0	0	0	0	0	0	
0	0	0	0	0	0	0	0	0	0	0	0	0	0	0	0	500	0	0	0	0	0	0	0	0	0	0	0	0	0	0	0	0	0	0	0	0	0	0	0	48	96	0	0	96	0	0	0	0	0	
0	0	0	0	0	0	0	0	0	0	0	0	0	0	0	0	0	0	0	0	0	0	96	0	0	0	0	0	0	0	0	0	0	0	0	0	0	0	0	0	0	0	0	0	48	0	0	0	192	0	
0	0	192	0	0	0	0	0	0	0	0	48	0	0	0	0	0	0	0	0	0	0	0	0	0	0	0	0	0	0	0	0	0	0	0	0	0	0	0	0	0	0	0	0	0	0	0	0	0	0	
0	500	0	0	0	0	0	0	0	0	0	0	0	0	0	0	0	0	0	0	0	0	0	0	0	0	0	192	0	0	0	0	0	0	0	0	0	0	0	0	0	0	0	0	0	0	0	0	0	0	
0	0	0	0	0	0	0	0	0	0	0	0	0	0	0	0	192	0	192	0	0	0	0	0	0	0	0	0	0	0	0	0	0	48	0	0	48	0	0	0	0	192	0	0	0	0	0	0	0	0	
0	0	0	0	0	0	0	0	0	0	0	0	0	0	0	0	0	192	0	0	0	0	0	0	0	0	0	0	0	0	0	0	0	0	0	0	96	0	0	0	192	0	0	0	0	0	0	0	0	500	
0	500	0	0	0	0	0	0	0	0	0	0	192	0	0	0	0	0	0	0	0	0	0	0	0	0	0	0	0	0	0	0	0	0	0	0	0	0	0	0	0	0	0	0	0	0	0	0	0	0	
96	0	0	0	0	96	0	0	0	0	0	0	0	0	0	0	0	0	0	0	0	0	0	0	0	0	0	0	0	0	0	0	0	0	0	0	0	0	0	0	0	0	0	0	0	0	0	0	0	0	
0	0	0	0	0	0	0	0	0	0	0	0	0	0	0	0	0	0	0	0	0	0	0	0	0	0	0	48	0	0	0	0	0	0	0	0	96	48	0	0	0	0	0	0	0	0	0	0	0	0	
0	0	0	0	0	0	0	0	0	0	0	0	0	0	96	48	0	0	0	0	0	0	0	0	0	0	0	0	0	0	0	0	0	0	0	0	0	0	0	0	0	0	0	0	0	0	0	0	0	0	
0	0	0	0	0	0	0	0	0	0	0	0	0	0	0	0	0	0	0	0	0	0	0	0	0	0	0	0	0	0	0	48	0	0	0	0	0	0	0	0	0	0	0	0	0	0	0	0	500	0	
0	0	0	0	0	0	0	0	192	0	0	0	0	0	0	0	0	0	500	0	0	0	0	0	0	0	0	0	0	0	0	0	0	0	0	0	0	0	0	0	0	0	0	0	0	0	0	0	0	0	
0	0	0	0	0	0	0	0	0	0	0	0	0	0	0	0	0	0	0	0	0	0	0	0	0	0	0	96	0	0	0	0	0	0	0	0	0	192	0	0	0	0	0	0	0	0	500	0	0	0	
0	0	0	0	0	0	0	0	0	0	0	0	0	0	0	0	0	0	0	0	0	0	0	0	0	0	0	0	0	0	0	500	0	0	0	0	0	0	0	0	0	500	0	0	0	0	0	0	0	0	
0	0	39	22	37	18	12	46	0	39	38	45	3	15	2	36	32	1	14	32	37	31	22	43	15	28	23	2	13	42	10	15	2	24	7	1	33	19	47	5	35	2	11	37	42	16	13	18	24	25	18	9	33	6	23	11	0	29	15	2	42	17	49	31	29	48	3	6	33	29	49	22	17	26	29	27	31	9	30	6	33	36	36	9	42	11	24	17	7	27	35	15	12	23	13	30	33	32	15	48	5	38	32	6	44	18	28	27	38	21	5	7	26	10	16	41	48	35	24	33	18	17	20	34	25	17	16	39	44	32	6	34	31	22	15	45	18	38	40	9	28	25	36	13	35	5	9	45	31	3	5	21	33	19	17	13	29	23	26	48	14	40	25	4	10	3	28	17	19	43	47	49	16	45	7	48	27	11	47	12	43	25	17	17	35	10	10	45	41	34	7	16	40	12	24	33	9	39	4	28	49	23	17	38	20	41	34	4	1	36	30	2	0	21	41	15	21	48	47	4	25	40	45	16	40	8	34	14	10	25	12	20	6	3	14	49	23	1	15	38	39	38	8	3	0	19	47	5	45	24	12	32	16	17	36	24	29	2	4	1	13	13	32	49	24	25	38	26	23	2	16	8	8	26	14	24	27	44	48	30	35	44	20	21	12	37	16	13	41	18	36	5	18	48	47	25	1	46	38	23	3	35	7	39	25	6	28	41	47	17	12	29	27	17	22	9	48	8	31	24	42	48	11	32	7	38	7	4	4	24	16	2	31	6	33	37	22	37	19	27	26	16	2	28	3	33	34	24	38	24	17	33	30	48	10	25	30	5	13	46	33	16	3	17	4	24	11	12	30	9	37	24	30	30	38	35	13	37	4	4	49	38	6	13	39	28	3	6	37	25	13	39	19	14	49	44	23	48	43	39	2	48	28	38	25	16	19	22	40	49	16	27	29	46	30	24	34	44	3	18	24	6	22	11	14	43	36	42	20	34	9	22	2	44	46	28	45	2	9	33	31	46	35	31	30	37	39	21	1	38	27	36	13	6	9	18	48	11	46	34	46	24	11	22	30	5	20	20	38	26	8	8	4	18	30	8	1	37	15	30	19	2	27	32	32	16	4	34	23	39	15	28	49	42	29	13	18	39	2	19	38	30	15	4	9	42	13	0	6	18	26	10	22	42	16	49	49	42	8	1	19	23	39	32	44	29	15	19	15	4	39	35	43	39	32	14	28	38	4	31	30	38	36	48	44	0	43	12	46	11	3	43	6	2	4	4	17	44	49	33	24	8	49	42	37	10	40	28	44	33	33	25	21	41	45	24	1	0	28	43	41	45	8	33	14	34	24	2	15	43	1	9	23	41	32	14	36	3	39	4	22	35	1	25	13	49	21	25	40	2	34	35	48	38	35	33	9	8	31	34	21	35	33	8	15	11	2	24	38	7	10	32	48	3	41	3	23	19	28	10	47	44	10	13	35	12	35	30	26	2	10	23	3	29	15	36	49	44	27	16	45	29	23	6	0	25	1	34	47	11	17	5	19	36	8	17	16	43	9	2	29	5	9	28	8	13	9	35	7	30	40	31	23	29	23	30	32	10	15	28	38	32	36	15	8	34	9	22	8	40	37	37	35	43	13	7	38	15	3	29	20	27	21	7	2	13	14	16	9	34	49	23	26	40	36	49	44	16	30	3	46	23	20	27	10	5	18	0	40	23	41	29	9	43	39	22	34	41	42	18	28	38	19	29	14	43	31	1	29	2	37	32	26	37	8	32	20	33	10	33	32	14	43	21	2	36	26	31	17	2	6	29	25	28	41	2	48	49	39	8	11	2	29	2	16	22	2	40	49	20	21	28	47	11	8	48	34	46	32	28	35	21	26	24	14	45	30	2	13	48	42	30	5	40	5	6	16	36	14	11	45	38	33	47	33	38	17	2	22	31	21	18	3	40	15	43	13	15	5	35	7	48	40	22	47	26	17	48	8	37	45	1	24	12	28	26	5	4	4	25	30	17	30	11	39	34	23	12	37	47	14	11	14	7	33	46	34	48	46	39	24	15	14	20	20	2	24	45	17	18	35	24	25	44	3	31	40	24	18	3	1	29	23	18	33	0	35	25	0	48	23	17	32	46	1	24	49	47	21	41	48	18	26	21	24	20	27	34	8	6	13	42	23	20	30	16	46	1	32	32	11	18	18	11	46	39	21	5	9	37	33	5	31	32	43	27	9	3	34	29	
40	5	36	15	26	43	31	18	1	5	21	23	46	21	46	0	35	29	12	19	37	25	20	3	31	0	32	46	34	20	8	22	33	36	11	36	26	42	33	44	26	15	22	10	46	38	30	26	38	19	25	17	31	42	21	39	19	0	21	26	44	34	37	21	42	45	5	34	20	29	48	39	24	36	27	41	38	2	35	48	0	5	42	40	14	35	34	9	21	36	16	47	23	34	5	29	3	38	4	19	30	46	12	49	42	12	2	6	8	24	16	6	23	15	47	29	38	46	15	40	4	46	48	15	6	47	47	20	34	43	8	19	7	4	26	16	20	18	34	2	25	14	21	44	9	10	10	46	37	20	13	41	38	43	39	44	43	0	15	4	21	20	3	44	16	28	42	1	41	0	42	35	37	15	38	6	42	30	29	17	45	15	45	6	7	3	21	8	19	35	12	9	46	47	25	18	11	46	43	44	38	33	24	20	32	21	15	35	6	5	10	36	32	25	49	12	14	35	47	16	37	47	38	27	31	30	6	37	10	0	15	42	15	43	35	11	44	40	39	42	39	43	19	11	33	26	41	0	9	17	1	48	47	27	11	35	40	33	0	43	49	36	44	37	23	5	25	23	25	34	29	17	39	38	40	4	48	30	41	32	9	40	36	13	2	3	17	27	44	30	25	47	29	11	48	21	13	1	13	13	40	29	1	40	44	16	43	23	12	27	16	35	34	16	2	35	19	35	6	12	28	17	31	7	33	18	27	22	21	2	33	7	29	1	25	19	20	3	12	30	27	47	33	32	36	22	34	10	16	33	14	0	42	0	5	34	47	35	18	33	30	38	36	34	7	25	17	48	19	43	31	34	45	49	30	21	0	32	2	11	46	38	27	1	40	25	31	20	7	23	37	30	28	34	26	37	44	47	32	3	43	30	38	44	18	7	6	25	26	41	5	36	44	13	27	25	4	34	10	11	13	21	3	6	12	0	36	6	24	10	3	27	44	22	31	22	12	34	46	39	17	25	47	26	10	0	17	32	38	37	10	31	1	11	2	39	4	47	18	38	31	40	14	31	6	31	30	8	15	38	38	39	39	29	28	23	29	8	49	32	24	12	17	40	39	31	2	21	5	33	23	8	16	13	35	41	31	33	37	14	25	45	13	34	31	9	33	5	4	32	26	17	34	1	31	16	28	13	3	13	48	19	38	42	1	23	32	1	21	36	36	16	30	17	24	20	7	28	32	31	35	46	30	15	32	46	6	19	37	46	42	23	19	15	29	1	1	46	42	1	10	2	12	26	14	30	23	20	20	12	24	45	25	45	47	36	8	43	42	23	34	41	35	12	5	32	47	27	18	8	34	39	0	7	32	16	29	10	45	46	22	38	45	24	41	24	45	4	8	16	7	42	19	8	19	40	4	28	46	49	4	2	6	5	25	27	34	34	42	2	7	25	47	48	30	28	19	39	10	33	22	11	19	32	14	7	44	17	35	46	27	7	11	24	46	11	5	6	16	21	21	12	29	16	16	19	13	49	26	36	42	29	14	2	14	21	34	16	28	3	2	14	6	12	40	49	38	47	24	20	34	36	19	3	28	45	11	27	15	46	15	7	27	38	5	17	10	19	30	10	25	41	38	25	20	43	9	35	33	42	16	13	18	41	20	1	21	7	17	35	18	31	36	11	33	1	12	48	43	4	6	14	17	7	44	5	37	40	37	12	0	7	1	43	6	44	26	32	46	25	4	49	7	31	24	29	27	30	3	23	45	0	12	24	41	12	24	29	8	14	8	20	23	32	13	22	14	7	21	40	20	47	38	46	2	20	0	31	47	34	32	34	2	35	2	33	31	48	11	11	35	26	42	21	22	47	35	26	30	38	7	1	10	14	40	38	20	44	28	48	24	23	13	9	18	20	41	48	38	25	7	8	37	34	5	40	13	42	39	49	2	31	4	41	18	17	42	34	47	26	29	7	30	7	18	22	7	45	48	33	48	22	45	14	47	49	48	23	15	29	8	49	36	12	10	22	46	36	47	44	33	46	6	32	47	46	47	19	41	39	27	44	29	29	47	4	35	32	43	27	15	16	26	20	12	25	13	35	14	30	7	27	13	13	23	1	11	32	18	42	20	44	42	45	49	7	28	24	34	23	5	46	11	32	13	6	18	47	47	8	3	8	6	27	7	37	33	6	40	43	17	1	12	38	15	43	26	16	7	49	30	1	36	24	41	20	3	15	38	19	
40	24	30	29	23	37	30	29	26	38	26	33	39	22	34	23	31	35	23	23	21	29	23	25	37	20	31	23	22	33	30	26	31	38	33	31	20	40	40	29	25	28	37	37	39	23	20	20	27	29	40	34	39	21	40	33	25	38	22	23	34	26	22	22	32	26	20	26	26	30	32	29	20	35	29	39	24	33	24	38	40	23	33	24	40	22	33	23	25	27	38	27	38	29	26	21	28	24	25	26	38	28	30	35	27	38	27	22	26	25	29	26	33	38	28	37	26	39	37	28	35	25	24	38	37	21	27	33	25	34	34	22	38	22	31	36	29	24	33	27	25	34	22	30	27	40	32	32	27	30	27	23	40	30	27	28	27	39	30	29	38	34	31	39	36	39	24	30	34	22	27	30	40	36	22	32	22	37	29	32	37	31	28	28	33	30	29	29	37	20	37	27	21	26	31	39	33	38	24	22	33	27	21	20	22	21	24	25	36	30	34	21	29	23	28	26	20	21	30	36	25	35	29	37	39	32	39	20	35	22	36	23	25	38	24	31	40	36	23	33	22	20	36	25	28	21	36	34	36	35	28	29	22	37	24	30	27	33	33	35	40	33	34	30	25	31	25	25	37	29	23	34	27	29	32	20	20	24	35	39	37	35	26	32	31	26	37	32	34	28	34	27	27	30	26	28	37	39	26	27	27	39	32	24	35	23	24	25	33	21	21	35	29	40	24	40	27	39	31	32	30	40	20	34	38	35	23	27	27	23	23	37	29	30	32	35	33	31	35	37	29	27	29	35	26	25	20	20	26	34	20	35	22	29	33	26	36	20	35	25	28	25	33	28	37	33	29	31	34	40	33	33	23	21	37	22	21	33	24	30	32	27	24	24	24	35	35	28	35	30	30	20	40	32	31	34	34	33	28	23	36	37	36	23	22	39	25	29	33	20	31	31	40	39	36	20	26	21	21	31	28	37	31	23	20	39	40	38	27	40	28	36	39	30	38	20	30	20	23	39	26	32	36	24	39	36	32	38	38	20	37	26	26	34	40	24	31	37	35	39	30	31	37	40	22	27	36	29	20	34	22	35	22	28	29	25	37	34	22	36	27	34	28	30	29	30	21	20	35	31	33	25	28	32	37	25	40	29	32	39	33	34	30	37	32	22	33	32	26	33	29	24	37	36	27	21	24	25	29	25	27	20	30	25	27	33	39	31	27	37	23	27	39	40	30	28	36	28	38	22	39	20	21	28	24	20	35	37	37	23	33	20	32	33	36	33	33	31	38	35	20	23	24	32	24	20	31	25	32	29	23	35	29	24	29	32	36	35	40	35	32	35	35	32	36	36	23	28	39	32	22	33	32	24	24	38	37	31	34	35	21	36	28	24	22	40	34	33	25	28	33	32	36	36	40	29	25	37	32	40	22	38	36	24	40	27	20	37	27	31	25	25	35	33	34	24	36	26	32	28	24	26	22	26	21	34	21	25	32	23	30	26	25	29	28	24	28	40	27	23	22	27	31	36	24	39	31	25	32	40	40	22	32	31	24	36	34	38	30	36	31	30	40	40	25	20	27	34	20	21	29	26	29	29	27	30	25	21	40	30	27	32	33	40	34	37	21	39	20	25	36	39	31	31	22	37	28	25	23	28	34	36	33	32	31	23	33	40	22	22	38	24	29	26	34	40	23	30	38	31	34	33	39	32	27	20	22	35	20	25	32	39	33	35	23	34	35	25	34	28	34	22	28	26	29	22	40	29	27	20	33	24	32	28	37	33	31	34	36	39	21	21	36	24	33	35	22	21	22	34	34	40	20	22	39	31	22	28	24	36	37	34	26	38	28	31	24	27	30	23	31	32	30	20	38	33	39	34	32	27	22	39	29	33	20	31	32	32	39	39	25	37	23	32	30	40	28	38	26	29	28	24	38	26	32	31	26	25	27	36	29	36	29	34	23	37	27	34	25	40	38	26	24	21	36	29	23	29	24	34	37	27	33	24	24	25	20	27	24	24	29	33	36	29	37	31	22	38	26	32	21	29	27	34	31	22	32	24	34	30	29	20	25	36	36	38	35	34	21	22	35	21	26	20	21	20	29	27	33	20	23	29	20	21	31	21	35	37	31	22	25	34	30	33	22	20	23	39	25	29	20	26	28	33	27	39	28	32	25	37	35	40	32	23	20	40	37	37	24	34	40	34	25	37	25	40	36	39	35	21	30	36	23	37	24	24	29	22	25	37	
33	42	45	12	30	40	12	18	33	39	47	44	40	46	16	15	40	36	14	28	16	24	20	37	33	40	42	30	30	27	43	28	28	40	37	42	43	12	42	23	18	39	18	33	27	14	41	36	22	17	12	33	39	13	20	26	17	33	13	17	24	18	36	12	43	38	10	30	30	44	12	35	27	41	20	17	48	37	40	38	39	10	16	49	18	17	43	33	38	38	20	44	11	40	16	46	42	26	35	21	46	12	29	35	48	36	16	27	12	44	27	26	15	36	21	13	33	16	44	23	13	29	28	26	12	10	16	34	48	26	28	13	15	44	23	45	37	26	19	35	39	36	48	28	21	11	50	31	41	32	14	42	45	45	10	42	35	32	33	24	48	19	10	12	48	14	33	13	17	44	45	40	27	15	44	20	37	23	35	17	22	14	31	39	50	49	21	16	17	28	47	22	50	19	38	15	13	50	49	37	44	28	25	37	23	14	10	29	20	20	13	43	47	24	36	28	26	40	26	27	48	38	32	25	26	14	24	29	29	20	34	21	38	42	46	43	18	12	21	31	50	14	16	50	41	36	34	38	44	22	46	40	17	43	35	39	22	18	43	17	37	26	45	13	17	27	39	44	32	33	31	31	25	38	49	25	25	30	39	43	43	35	46	11	14	15	27	20	28	30	16	27	42	50	44	20	32	44	20	16	22	15	13	48	25	40	44	49	38	37	25	40	31	10	31	37	26	26	14	15	43	13	31	38	17	32	47	37	10	35	43	27	26	23	31	26	47	23	47	22	28	37	45	35	27	10	33	24	43	16	28	30	36	48	21	34	17	45	25	30	21	29	39	12	35	45	40	42	32	20	40	46	25	45	23	15	39	16	49	19	13	39	16	13	16	17	48	10	15	50	35	38	12	41	15	39	28	46	30	13	18	11	19	44	27	50	23	38	38	50	50	19	49	35	49	18	20	40	37	46	48	47	49	33	15	50	25	43	12	24	40	26	35	26	16	33	14	33	41	27	31	20	10	39	33	44	10	43	20	40	41	16	34	50	39	36	27	38	41	19	16	32	42	36	31	30	27	41	34	16	27	11	48	20	25	35	28	29	37	12	24	16	26	27	42	38	44	31	36	37	38	48	22	21	18	10	13	21	34	33	26	11	18	37	37	42	27	45	32	30	10	45	19	22	13	15	22	43	12	45	33	17	29	20	27	43	14	25	34	43	42	23	38	19	28	38	29	16	31	34	26	10	35	16	46	39	41	28	11	37	32	12	47	11	19	47	29	40	43	16	19	15	24	33	41	43	39	34	20	14	31	40	15	41	36	22	33	17	17	40	32	11	25	44	34	39	30	13	16	41	30	11	29	40	35	36	33	32	15	48	32	49	19	28	12	22	25	19	38	40	29	39	40	17	48	22	35	24	19	45	20	20	29	15	23	39	39	28	12	17	43	29	31	20	41	45	33	16	17	45	33	26	42	32	26	46	41	36	28	16	49	19	38	47	22	27	39	13	26	26	49	42	32	23	47	49	20	38	18	13	27	24	23	38	36	23	27	30	49	40	45	17	10	21	50	14	14	19	16	24	26	17	19	26	19	36	28	17	21	31	36	18	49	36	39	48	50	10	34	39	47	41	10	19	32	50	44	41	19	31	34	43	29	39	25	22	18	15	36	37	47	43	45	28	34	12	30	37	32	40	43	14	47	46	16	42	46	37	38	11	41	18	41	12	31	33	15	11	44	25	38	49	31	50	25	16	29	23	24	37	30	29	27	19	47	41	40	28	24	45	43	27	14	17	26	11	14	21	37	15	27	45	21	25	37	48	25	45	46	34	12	27	47	22	41	24	45	42	11	29	23	14	48	46	42	45	28	34	33	17	39	14	14	48	16	46	11	43	23	23	18	42	40	21	17	17	17	20	30	47	17	45	15	16	19	33	48	15	45	50	43	18	42	41	28	42	12	33	36	32	27	45	24	21	39	18	43	20	42	29	24	10	40	40	37	14	17	17	37	17	47	21	35	29	44	35	33	23	48	19	15	21	50	10	12	50	17	13	49	38	25	33	31	29	27	43	38	16	42	22	32	38	43	18	14	49	34	50	43	20	31	34	22	16	15	31	29	44	43	14	41	25	26	11	35	11	25	46	34	17	50	36	46	10	21	24	35	42	10	26	31	16	32	41	12	46	26	39	49	41	26	26	40	20	13	27	48	42	25	10	11	25	12	24	36	14	11	10	12	45	
15
80
