1102
50
0	0	0	500	0	0	0	0	0	0	0	0	0	0	0	0	0	0	0	0	0	0	0	0	0	0	0	0	0	0	0	0	0	0	0	0	0	0	0	0	0	0	0	0	0	0	0	0	0	192	
0	0	0	0	0	0	0	0	0	0	0	192	0	0	192	0	0	0	0	0	0	96	0	0	0	0	0	0	0	0	0	0	0	0	0	0	0	0	0	0	0	0	0	0	0	0	0	0	0	0	
0	0	0	0	0	0	0	0	0	0	0	0	0	0	0	0	0	0	0	0	0	0	192	0	0	0	0	0	0	0	0	500	0	0	0	0	0	0	0	0	0	0	0	0	0	48	0	0	0	500	
500	0	0	0	0	48	0	0	0	0	0	0	0	0	0	0	0	0	0	0	0	0	0	0	0	0	0	0	0	0	0	0	0	0	0	0	0	0	0	0	0	0	0	0	0	0	0	0	0	0	
0	0	0	0	0	0	0	0	0	0	0	0	0	500	0	0	0	0	0	0	0	0	0	0	0	0	0	0	0	0	0	0	0	48	0	0	0	0	0	0	0	0	0	0	0	0	0	0	0	0	
0	0	0	48	0	0	0	0	0	0	0	0	0	0	0	0	0	0	0	0	0	0	0	0	0	0	0	0	0	0	0	0	0	0	192	0	0	0	0	0	0	0	0	0	0	0	0	0	0	0	
0	0	0	0	0	0	0	0	0	192	0	0	0	0	0	0	0	0	0	0	0	0	0	0	0	0	0	0	0	0	0	0	0	0	0	0	0	0	192	0	0	0	0	0	0	48	0	0	48	0	
0	0	0	0	0	0	0	0	0	0	0	0	0	0	0	0	0	0	0	0	0	0	0	0	0	0	500	0	0	0	0	0	0	0	0	0	0	0	0	0	0	0	48	0	0	0	0	0	0	0	
0	0	0	0	0	0	0	0	0	0	0	0	500	0	0	0	0	0	0	0	0	0	0	0	0	0	0	0	0	0	0	0	0	0	0	0	0	0	0	0	0	48	0	0	0	0	0	0	0	0	
0	0	0	0	0	0	192	0	0	0	0	0	0	0	0	0	0	0	0	0	0	0	0	0	0	0	0	0	0	0	0	192	0	0	0	0	0	0	0	0	0	0	0	0	0	500	0	0	0	0	
0	0	0	0	0	0	0	0	0	0	0	0	0	0	0	0	0	0	0	0	0	0	0	0	0	0	0	0	0	0	0	0	192	0	0	0	0	0	0	0	192	0	0	0	0	0	0	0	0	0	
0	192	0	0	0	0	0	0	0	0	0	0	0	0	0	0	0	0	0	500	0	0	0	0	0	0	0	0	0	0	0	0	0	0	0	0	0	0	0	0	0	0	0	0	0	0	0	0	0	0	
0	0	0	0	0	0	0	0	500	0	0	0	0	0	0	0	0	0	0	0	0	0	0	0	0	0	0	0	0	0	0	0	0	0	0	0	0	0	0	0	0	0	0	0	0	0	96	0	0	0	
0	0	0	0	500	0	0	0	0	0	0	0	0	0	0	0	0	0	0	0	0	0	0	0	500	0	0	0	0	0	0	0	0	0	0	0	0	48	0	0	0	0	0	0	0	0	0	0	0	0	
0	192	0	0	0	0	0	0	0	0	0	0	0	0	0	0	0	96	0	0	0	0	0	0	0	0	0	0	0	0	0	0	0	0	0	0	500	0	0	0	0	0	0	0	0	0	0	0	0	0	
0	0	0	0	0	0	0	0	0	0	0	0	0	0	0	0	96	0	0	500	0	0	0	0	0	0	96	0	0	0	0	0	0	0	0	0	0	0	0	0	0	0	0	0	0	0	0	0	0	0	
0	0	0	0	0	0	0	0	0	0	0	0	0	0	0	96	0	0	0	0	0	0	0	0	0	0	192	0	0	0	0	0	0	0	0	0	0	0	0	0	0	0	0	0	0	0	0	0	0	0	
0	0	0	0	0	0	0	0	0	0	0	0	0	0	96	0	0	0	0	0	0	0	0	0	0	0	0	0	0	0	0	0	0	0	0	0	96	0	0	0	0	0	0	0	0	0	500	0	0	0	
0	0	0	0	0	0	0	0	0	0	0	0	0	0	0	0	0	0	0	0	0	0	0	0	0	96	0	48	0	0	0	0	0	0	0	0	0	0	0	0	0	0	0	0	0	0	0	0	0	0	
0	0	0	0	0	0	0	0	0	0	0	500	0	0	0	500	0	0	0	0	0	0	0	0	0	0	0	0	0	0	0	0	0	0	0	0	0	0	0	0	0	0	0	0	0	0	0	0	0	0	
0	0	0	0	0	0	0	0	0	0	0	0	0	0	0	0	0	0	0	0	0	0	0	0	0	0	48	0	0	0	0	0	0	0	0	0	0	0	0	0	0	0	96	0	0	0	0	0	0	0	
0	96	0	0	0	0	0	0	0	0	0	0	0	0	0	0	0	0	0	0	0	0	0	0	0	0	0	0	0	0	0	0	0	0	0	0	0	0	0	0	0	48	0	0	0	0	0	0	0	0	
0	0	192	0	0	0	0	0	0	0	0	0	0	0	0	0	0	0	0	0	0	0	0	0	0	0	0	0	500	0	0	0	0	0	0	0	0	0	0	0	0	0	0	0	0	0	0	0	0	0	
0	0	0	0	0	0	0	0	0	0	0	0	0	0	0	0	0	0	0	0	0	0	0	0	0	0	0	0	0	96	0	0	0	0	0	0	0	0	0	0	0	192	0	0	0	0	0	0	0	0	
0	0	0	0	0	0	0	0	0	0	0	0	0	500	0	0	0	0	0	0	0	0	0	0	0	0	0	0	0	0	0	0	0	0	0	0	0	500	0	0	0	0	192	0	0	0	0	192	0	0	
0	0	0	0	0	0	0	0	0	0	0	0	0	0	0	0	0	0	96	0	0	0	0	0	0	0	0	192	0	0	0	0	0	0	0	0	0	0	0	96	0	0	0	0	0	0	0	0	0	0	
0	0	0	0	0	0	0	500	0	0	0	0	0	0	0	96	192	0	0	0	48	0	0	0	0	0	0	0	0	0	0	0	0	0	0	0	0	0	0	0	0	0	0	0	0	0	0	192	0	0	
0	0	0	0	0	0	0	0	0	0	0	0	0	0	0	0	0	0	48	0	0	0	0	0	0	192	0	0	0	0	0	0	48	0	0	0	0	0	0	0	0	0	0	0	0	0	0	0	0	0	
0	0	0	0	0	0	0	0	0	0	0	0	0	0	0	0	0	0	0	0	0	0	500	0	0	0	0	0	0	0	0	0	0	48	0	0	0	0	0	0	0	0	0	0	0	0	0	0	0	0	
0	0	0	0	0	0	0	0	0	0	0	0	0	0	0	0	0	0	0	0	0	0	0	96	0	0	0	0	0	0	0	0	48	0	0	0	0	0	0	0	0	0	0	0	0	0	0	0	0	0	
0	0	0	0	0	0	0	0	0	0	0	0	0	0	0	0	0	0	0	0	0	0	0	0	0	0	0	0	0	0	0	0	48	0	0	0	0	0	0	0	96	0	0	0	0	0	0	0	0	0	
0	0	500	0	0	0	0	0	0	192	0	0	0	0	0	0	0	0	0	0	0	0	0	0	0	0	0	0	0	0	0	0	0	0	0	0	0	0	0	0	0	0	0	48	0	0	0	0	0	0	
0	0	0	0	0	0	0	0	0	0	192	0	0	0	0	0	0	0	0	0	0	0	0	0	0	0	0	48	0	48	48	0	0	0	0	0	0	0	0	0	0	0	0	0	0	0	0	0	0	0	
0	0	0	0	48	0	0	0	0	0	0	0	0	0	0	0	0	0	0	0	0	0	0	0	0	0	0	0	48	0	0	0	0	0	0	192	0	0	0	0	0	0	0	0	0	0	0	0	0	0	
0	0	0	0	0	192	0	0	0	0	0	0	0	0	0	0	0	0	0	0	0	0	0	0	0	0	0	0	0	0	0	0	0	0	0	500	0	0	0	0	0	0	0	192	0	0	0	0	192	0	
0	0	0	0	0	0	0	0	0	0	0	0	0	0	0	0	0	0	0	0	0	0	0	0	0	0	0	0	0	0	0	0	0	192	500	0	0	0	0	0	0	0	0	0	96	0	0	0	0	0	
0	0	0	0	0	0	0	0	0	0	0	0	0	0	500	0	0	96	0	0	0	0	0	0	0	0	0	0	0	0	0	0	0	0	0	0	0	0	0	0	0	0	0	0	0	0	0	0	0	0	
0	0	0	0	0	0	0	0	0	0	0	0	0	48	0	0	0	0	0	0	0	0	0	0	500	0	0	0	0	0	0	0	0	0	0	0	0	0	0	0	0	0	0	0	0	0	0	0	0	0	
0	0	0	0	0	0	192	0	0	0	0	0	0	0	0	0	0	0	0	0	0	0	0	0	0	0	0	0	0	0	0	0	0	0	0	0	0	0	0	192	0	0	0	0	0	0	0	0	0	0	
0	0	0	0	0	0	0	0	0	0	0	0	0	0	0	0	0	0	0	0	0	0	0	0	0	96	0	0	0	0	0	0	0	0	0	0	0	0	192	0	0	0	0	0	0	0	0	0	0	0	
0	0	0	0	0	0	0	0	0	0	192	0	0	0	0	0	0	0	0	0	0	0	0	0	0	0	0	0	0	0	96	0	0	0	0	0	0	0	0	0	0	0	0	0	48	0	0	0	0	0	
0	0	0	0	0	0	0	0	48	0	0	0	0	0	0	0	0	0	0	0	0	48	0	192	0	0	0	0	0	0	0	0	0	0	0	0	0	0	0	0	0	0	0	96	0	0	0	0	0	0	
0	0	0	0	0	0	0	48	0	0	0	0	0	0	0	0	0	0	0	0	96	0	0	0	192	0	0	0	0	0	0	0	0	0	0	0	0	0	0	0	0	0	0	0	0	0	0	0	0	0	
0	0	0	0	0	0	0	0	0	0	0	0	0	0	0	0	0	0	0	0	0	0	0	0	0	0	0	0	0	0	0	48	0	0	192	0	0	0	0	0	0	96	0	0	0	0	0	0	0	0	
0	0	0	0	0	0	0	0	0	0	0	0	0	0	0	0	0	0	0	0	0	0	0	0	0	0	0	0	0	0	0	0	0	0	0	96	0	0	0	0	48	0	0	0	0	0	0	0	0	0	
0	0	48	0	0	0	48	0	0	500	0	0	0	0	0	0	0	0	0	0	0	0	0	0	0	0	0	0	0	0	0	0	0	0	0	0	0	0	0	0	0	0	0	0	0	0	0	0	0	0	
0	0	0	0	0	0	0	0	0	0	0	0	96	0	0	0	0	500	0	0	0	0	0	0	0	0	0	0	0	0	0	0	0	0	0	0	0	0	0	0	0	0	0	0	0	0	0	0	0	0	
0	0	0	0	0	0	0	0	0	0	0	0	0	0	0	0	0	0	0	0	0	0	0	0	192	0	192	0	0	0	0	0	0	0	0	0	0	0	0	0	0	0	0	0	0	0	0	0	0	0	
0	0	0	0	0	0	48	0	0	0	0	0	0	0	0	0	0	0	0	0	0	0	0	0	0	0	0	0	0	0	0	0	0	0	192	0	0	0	0	0	0	0	0	0	0	0	0	0	0	0	
192	0	500	0	0	0	0	0	0	0	0	0	0	0	0	0	0	0	0	0	0	0	0	0	0	0	0	0	0	0	0	0	0	0	0	0	0	0	0	0	0	0	0	0	0	0	0	0	0	0	
7	30	18	18	38	28	21	28	27	19	15	25	5	0	43	12	39	41	44	41	9	49	23	10	8	35	39	39	31	38	25	18	10	39	46	6	42	43	9	31	31	36	19	21	10	17	47	14	22	32	30	8	31	27	37	17	42	17	8	21	16	49	23	31	48	9	44	9	48	22	10	43	36	33	23	31	8	13	1	3	38	27	45	42	38	30	21	2	26	27	16	38	26	33	10	30	49	10	43	49	36	37	4	36	21	49	5	29	44	39	32	47	16	30	15	28	40	46	35	3	19	48	25	26	40	43	47	3	26	44	37	44	18	42	17	27	30	22	29	17	16	35	20	0	0	26	37	8	1	27	24	21	34	35	15	39	2	47	30	21	41	16	7	49	24	5	29	8	10	4	37	32	1	38	9	16	20	22	7	31	49	11	37	46	1	42	12	49	41	2	37	37	39	48	13	34	12	48	2	28	3	33	11	11	45	49	29	17	20	36	36	36	12	18	16	47	47	23	14	24	3	42	32	39	16	41	0	18	16	7	48	9	41	29	43	24	26	8	42	3	48	21	36	43	36	18	6	26	17	14	15	18	17	23	8	29	0	33	48	23	26	3	28	22	2	12	15	27	21	34	42	14	12	16	18	22	18	49	38	6	9	20	9	3	45	16	44	45	19	44	20	3	26	7	6	37	15	20	19	36	28	47	9	36	9	7	46	11	16	31	22	24	32	10	44	15	30	21	4	39	37	12	40	26	6	5	25	7	6	5	37	24	42	16	6	5	36	47	31	13	45	33	21	14	49	6	14	39	37	27	31	35	46	6	25	32	32	1	33	36	40	23	11	46	23	31	25	43	37	43	17	31	33	27	48	31	40	8	13	49	42	22	36	17	28	30	1	40	31	31	6	28	27	26	23	36	3	11	29	36	24	27	1	3	8	32	45	47	32	24	39	30	42	8	1	23	43	21	31	2	30	17	6	18	13	35	15	18	23	43	48	6	41	38	29	0	16	36	43	49	2	4	36	36	34	24	36	5	37	17	43	41	45	27	31	12	44	18	19	40	31	13	44	3	36	15	12	39	35	9	5	21	16	6	48	3	8	38	37	19	6	20	32	25	34	1	6	31	49	32	27	11	22	44	11	17	35	8	12	44	11	21	41	18	1	13	23	3	47	39	15	17	10	36	10	26	45	7	13	43	4	29	3	32	42	20	29	34	35	24	22	0	22	10	47	12	34	12	37	4	29	29	49	5	12	48	7	30	22	17	13	19	6	29	25	41	19	28	42	8	47	48	42	28	14	28	1	22	13	43	20	46	33	28	3	49	42	14	36	41	45	49	0	29	1	20	7	7	30	8	12	43	1	34	47	48	15	31	16	18	15	24	34	47	35	25	19	41	27	35	21	46	40	42	22	12	17	22	23	35	23	11	20	25	41	3	34	31	21	3	5	37	35	27	41	10	0	6	11	47	13	49	11	33	5	49	37	36	33	37	23	45	25	24	8	8	47	26	31	30	10	0	10	33	3	21	3	9	39	24	8	41	28	8	18	3	35	6	11	22	43	39	17	7	32	1	7	46	13	21	17	15	10	24	44	11	14	25	32	11	46	17	3	7	18	36	37	28	39	3	19	40	44	44	33	9	21	15	11	25	33	9	4	6	35	13	6	5	45	29	22	38	0	37	10	1	11	48	28	12	33	40	43	29	46	26	17	2	40	31	32	49	22	11	35	9	13	37	20	20	26	1	3	8	16	41	7	7	21	20	4	41	43	7	26	7	13	19	14	27	34	25	0	40	9	31	42	9	22	34	49	11	20	13	37	11	2	29	40	49	40	35	27	37	49	4	48	28	23	29	5	0	13	30	9	17	2	4	4	9	40	6	42	30	36	33	36	33	5	40	38	11	32	31	28	19	45	39	3	45	5	9	32	45	23	2	21	0	17	37	29	47	13	23	5	32	22	1	44	42	21	26	44	31	25	46	49	7	29	12	21	14	3	45	9	46	9	42	16	8	12	48	32	44	37	41	6	35	23	36	9	28	29	43	22	29	15	49	21	38	9	13	14	38	46	8	46	8	19	40	39	31	20	40	41	3	41	12	1	12	16	7	7	26	5	26	33	11	48	44	20	34	33	42	25	35	30	18	7	36	12	47	0	5	34	2	35	44	19	6	7	15	49	36	0	42	46	47	6	43	16	36	45	13	13	6	18	44	1	45	20	32	34	18	30	48	48	20	26	38	0	29	33	31	49	9	36	11	31	41	37	17	18	9	38	47	43	8	22	35	19	27	31	34	13	7	23	0	28	29	7	20	12	15	43	32	43	30	41	37	22	46	36	31	30	37	12	4	4	16	49	29	49	34	0	26	12	1	41	47	32	4	10	14	1	2	14	37	29	3	27	6	12	33	17	27	33	4	29	25	5	20	43	12	49	36	41	49	11	20	46	25	40	27	46	37	13	9	9	48	2	32	42	8	34	38	41	40	5	47	20	44	26	6	16	37	16	21	14	4	37	15	
49	49	23	4	13	45	36	21	9	44	8	32	49	40	39	28	42	44	30	12	35	19	11	48	12	13	25	34	9	30	34	36	0	1	17	31	25	21	3	8	18	36	43	23	21	36	29	16	12	0	39	41	33	41	10	9	8	3	7	17	13	26	35	32	16	5	32	0	29	21	32	37	12	35	14	2	29	17	9	1	21	15	34	4	32	6	4	20	13	3	9	48	30	44	25	4	46	39	33	48	24	37	24	13	22	13	19	42	41	5	24	39	30	43	13	8	44	22	43	24	39	1	10	34	40	4	32	6	32	6	32	30	41	4	26	41	44	41	7	31	4	40	23	36	7	24	7	41	34	43	23	41	2	38	24	32	23	30	38	28	9	45	44	4	26	47	0	29	10	11	23	25	11	8	36	30	13	48	30	27	34	41	8	45	32	0	33	28	27	10	8	24	7	30	34	24	11	4	12	46	48	44	33	12	48	35	44	9	14	19	28	22	23	24	12	6	9	46	1	29	0	49	4	1	6	13	32	30	42	31	24	33	26	12	49	33	43	6	28	15	39	9	32	46	17	15	17	17	49	46	24	42	5	6	41	48	37	22	17	44	0	34	19	30	22	36	5	42	28	31	18	17	38	26	8	23	28	16	1	14	14	23	2	21	24	1	33	5	14	41	39	6	2	2	44	42	36	26	27	30	0	31	45	41	22	42	1	41	22	18	31	4	2	17	13	5	2	40	44	26	18	12	13	39	8	6	11	7	28	17	17	35	38	10	40	24	25	11	43	24	11	43	19	7	11	33	21	19	5	29	6	1	29	5	15	12	17	38	4	48	16	17	37	45	10	26	1	22	40	23	16	10	10	31	14	33	39	9	26	49	13	5	48	20	46	12	46	33	10	1	35	37	28	47	35	33	8	1	41	41	35	0	47	5	33	4	30	35	48	36	24	2	24	45	18	19	15	3	21	24	1	2	34	15	14	31	23	7	18	39	23	19	7	32	20	15	45	34	13	35	4	36	29	17	18	1	13	24	17	2	34	25	3	47	17	1	2	40	35	36	1	48	31	30	18	41	48	46	26	12	45	22	37	14	37	34	43	47	15	21	32	47	0	40	15	7	13	21	24	14	15	12	4	32	10	12	33	49	45	37	6	8	22	20	27	26	48	6	29	3	20	35	8	12	2	27	1	39	5	12	44	6	47	5	27	30	23	21	16	46	25	42	1	27	26	17	40	27	8	26	24	28	42	37	44	49	2	41	6	31	37	29	44	26	44	21	16	48	4	13	32	36	19	18	22	27	21	38	38	7	31	12	27	27	14	49	36	36	15	19	15	39	43	30	2	27	1	33	35	11	48	44	10	9	25	21	19	30	3	1	19	7	49	39	16	20	48	29	47	7	37	19	38	37	35	20	18	49	2	49	31	37	36	2	0	5	6	39	39	40	22	13	13	11	40	14	22	48	41	45	25	36	1	45	6	14	28	5	20	31	9	38	1	2	34	43	13	46	26	46	12	15	5	48	36	46	4	23	11	34	7	41	19	47	19	37	4	5	37	4	26	11	38	6	27	10	37	23	33	36	16	30	18	10	36	12	18	16	5	23	45	16	46	3	25	28	38	35	24	38	6	11	46	14	1	45	23	1	26	48	3	33	24	47	41	31	46	26	39	26	21	20	22	0	36	39	24	17	9	43	34	48	37	13	30	26	46	7	3	29	17	24	9	41	13	3	25	15	13	12	47	0	2	21	40	24	10	35	46	38	8	2	12	42	24	47	24	4	21	33	14	2	23	39	44	0	15	36	17	20	19	27	40	43	12	30	47	29	30	48	40	11	36	49	7	26	32	39	9	4	6	13	35	23	39	49	42	32	44	2	17	18	28	9	30	10	48	18	5	20	43	35	2	46	39	42	0	38	8	26	16	15	49	34	34	34	49	10	46	27	45	25	22	13	22	14	33	25	40	28	31	35	49	18	13	27	32	17	37	2	18	13	9	9	48	20	21	6	16	27	42	7	34	43	12	31	47	49	29	25	3	28	3	48	26	19	21	14	27	32	49	7	24	8	20	26	15	9	14	11	21	40	41	26	10	45	35	40	17	18	16	0	33	11	2	29	24	42	6	27	39	9	3	24	24	16	27	37	16	6	24	21	44	22	40	42	1	3	21	17	46	28	24	41	12	48	26	37	22	13	17	22	33	20	41	27	48	43	48	48	32	19	16	44	16	11	39	27	39	6	0	14	48	49	32	0	4	43	23	9	18	18	32	5	39	6	48	37	12	8	25	16	40	3	4	34	18	13	17	35	37	28	37	4	5	41	8	18	5	3	23	1	9	47	0	32	4	18	37	43	45	5	44	13	42	46	2	13	30	34	22	24	43	39	46	45	30	7	13	35	15	35	6	36	9	40	19	9	42	0	4	19	12	3	15	42	0	22	42	38	1	12	15	48	6	13	42	23	21	1	13	6	12	25	38	19	32	19	2	24	36	6	30	36	25	25	6	13	12	1	21	47	
34	28	32	21	23	20	22	23	28	40	25	40	28	22	33	26	37	20	26	32	28	35	36	39	21	31	27	37	31	31	38	38	29	31	36	28	24	20	36	28	39	39	36	23	27	33	39	38	28	28	33	36	32	40	26	40	25	26	37	21	34	29	34	20	39	34	32	33	21	21	20	36	40	32	20	36	21	26	38	39	26	24	39	29	39	24	26	39	39	39	26	32	35	21	29	33	27	30	34	21	23	23	36	22	39	38	25	23	27	23	25	30	22	23	30	24	33	22	34	30	29	33	31	29	27	22	34	37	32	38	21	25	21	30	36	28	38	35	39	28	21	32	21	33	38	37	34	37	24	40	35	28	22	26	36	21	22	23	37	27	35	27	35	30	24	28	27	23	40	26	26	40	33	33	31	31	31	29	37	37	31	39	25	37	39	39	28	30	39	20	39	39	28	32	21	33	22	29	37	36	35	34	35	24	26	23	29	38	25	38	33	31	40	26	22	30	39	35	22	23	23	28	39	34	26	37	26	28	35	38	40	34	26	34	30	32	39	23	36	21	23	30	21	35	38	20	22	22	26	32	31	38	22	38	31	27	26	40	33	30	22	31	25	38	32	38	28	24	32	39	23	39	36	35	37	31	40	28	31	23	28	30	34	20	39	33	27	21	20	39	31	35	29	37	37	38	27	24	40	23	31	32	28	22	26	26	25	40	36	24	34	26	30	34	39	27	35	33	29	23	23	27	29	23	39	24	20	29	22	40	33	24	24	29	40	37	31	36	34	31	37	22	32	36	32	28	24	33	21	37	22	23	32	36	27	32	35	34	36	20	36	35	21	34	32	35	33	22	34	28	21	33	24	36	25	39	35	26	25	26	21	37	28	28	39	22	39	21	34	30	29	24	22	20	39	21	40	29	23	28	38	28	30	25	31	27	22	29	30	23	29	36	25	21	40	20	38	33	23	20	39	38	22	39	32	31	31	24	27	29	28	35	20	40	39	26	26	23	34	23	29	20	33	22	31	33	23	22	39	33	22	39	28	21	27	31	37	30	24	34	23	28	35	31	38	24	34	22	33	35	20	23	33	35	40	35	26	35	26	21	21	33	20	22	23	26	25	22	26	21	27	27	20	29	39	33	20	39	22	29	20	28	31	31	26	39	28	29	37	31	35	40	40	39	34	21	28	40	36	28	36	40	25	34	24	38	24	21	25	35	39	29	21	26	22	33	25	24	26	38	38	36	22	40	25	36	40	37	21	23	38	31	31	40	33	33	30	34	32	25	20	38	29	22	30	36	31	33	34	29	39	26	40	33	22	28	28	22	34	37	37	38	21	26	40	23	28	22	23	27	37	33	32	31	33	32	24	35	29	33	36	25	20	27	33	26	23	28	30	29	34	38	33	35	29	27	40	34	40	21	24	39	23	33	22	29	24	33	27	21	30	40	40	25	39	37	28	30	29	21	31	37	23	20	33	32	31	37	21	38	28	40	34	31	27	34	35	36	30	33	28	29	27	22	38	26	32	23	28	28	29	36	25	20	32	34	28	20	39	30	20	38	24	26	24	38	20	29	40	23	37	35	40	20	26	22	39	28	36	28	36	32	35	20	22	21	22	40	40	35	39	22	22	28	37	20	38	36	23	30	28	37	31	33	23	22	23	37	39	28	35	40	21	20	20	23	22	38	35	40	39	31	33	35	35	20	26	27	31	38	23	22	34	20	27	22	22	33	23	32	37	39	24	26	36	33	32	26	40	27	34	20	29	21	20	22	22	23	32	33	21	29	20	30	23	39	37	26	35	23	27	30	34	24	36	36	29	26	38	32	36	20	36	34	40	39	28	20	22	26	40	27	38	20	40	26	32	33	29	37	35	40	20	40	22	30	24	39	24	32	23	40	39	38	38	25	29	40	22	32	24	24	25	38	32	38	36	27	30	32	35	32	30	33	37	22	31	36	22	22	24	37	23	35	22	32	28	39	25	24	30	38	39	24	27	26	33	33	24	21	20	23	22	40	27	34	32	20	37	32	38	28	27	32	37	29	37	31	27	35	27	22	26	25	28	37	31	27	38	23	35	30	22	37	33	40	24	36	36	36	36	24	29	32	36	21	30	33	26	36	28	35	23	21	36	38	23	36	33	25	30	29	22	29	37	31	38	22	23	24	24	29	32	23	23	35	33	40	24	33	28	40	31	36	38	39	39	30	35	38	39	24	27	28	22	40	27	33	31	36	37	22	31	30	24	29	23	38	29	22	33	27	37	30	29	24	20	39	29	23	25	21	27	38	30	31	24	30	24	26	27	35	34	24	34	33	39	39	39	24	35	21	21	35	24	36	22	30	23	21	26	25	38	39	40	37	39	23	39	29	39	36	25	35	38	33	21	40	22	24	24	35	34	23	32	26	28	35	32	26	40	37	32	34	30	35	37	31	21	38	30	25	33	34	32	30	39	22	26	39	29	39	35	32	35	27	23	20	22	30	22	37	28	24	25	21	25	21	24	30	36	39	
23	24	41	35	19	17	21	24	10	30	45	33	34	30	44	27	27	22	23	37	48	34	46	17	14	33	10	24	11	43	48	17	14	48	33	44	38	43	48	14	38	16	34	31	36	28	17	21	16	23	29	35	36	33	24	33	36	35	49	38	17	48	45	17	27	45	35	36	47	16	25	10	26	49	40	10	31	48	20	41	39	48	42	27	35	11	14	38	40	43	29	34	35	17	11	29	15	24	41	24	13	34	44	45	48	16	23	45	34	15	22	48	19	31	31	47	29	20	26	17	10	43	31	47	18	41	48	35	45	44	28	31	21	34	23	47	49	24	43	15	40	31	42	35	12	24	38	48	20	45	29	22	13	43	25	36	42	24	32	48	29	10	46	20	47	34	24	43	14	10	19	27	35	39	31	36	14	43	41	30	18	22	34	46	33	31	22	27	41	16	25	50	25	11	16	33	36	11	38	34	20	25	42	50	43	40	49	12	40	26	41	28	16	41	40	33	16	15	30	23	11	35	17	13	27	25	19	12	21	24	42	13	41	12	33	47	10	12	47	38	45	40	40	35	48	40	17	42	37	22	10	15	50	25	20	33	20	29	35	11	29	10	48	31	31	22	10	33	42	30	12	34	44	43	46	12	10	36	16	49	40	20	14	16	38	38	42	50	30	50	14	13	45	17	47	24	17	32	47	19	11	14	50	34	42	32	29	34	49	14	39	24	10	26	41	49	33	50	22	46	42	47	24	19	13	32	25	43	14	20	31	39	26	30	25	31	22	46	40	30	47	26	12	34	13	28	30	35	20	47	23	16	50	47	18	33	50	32	49	49	26	43	13	13	29	48	20	36	44	32	39	16	11	39	19	47	45	25	21	18	34	29	34	10	30	27	45	37	50	26	14	16	29	47	11	16	39	11	27	24	50	47	36	45	25	47	38	16	31	44	16	21	10	23	45	14	17	37	35	44	40	33	12	48	18	33	10	41	16	11	33	15	45	29	41	26	26	11	29	16	24	30	26	47	24	47	36	37	37	22	29	37	21	37	11	46	17	26	37	48	28	35	39	34	35	26	46	35	39	39	35	41	31	23	27	17	20	37	47	15	25	41	36	26	11	39	46	12	44	45	43	32	11	40	46	33	16	26	38	42	16	25	32	50	48	11	12	36	23	43	39	48	34	21	27	38	36	34	12	20	20	27	47	35	39	23	23	14	21	37	50	22	26	30	22	46	27	43	33	34	29	10	32	40	22	30	10	32	40	40	41	24	45	20	50	50	49	32	21	20	37	35	19	27	12	12	15	13	17	23	16	46	13	29	25	23	42	27	29	12	17	16	45	34	20	11	20	29	42	46	50	44	38	49	29	18	31	15	12	45	30	42	13	22	10	45	30	10	20	16	42	11	35	31	42	34	13	50	42	24	45	31	19	38	20	45	38	20	15	41	15	10	23	45	26	48	46	26	46	24	32	29	29	12	36	10	33	16	28	42	11	10	26	24	31	36	49	43	16	26	44	25	50	16	10	49	22	24	24	40	12	28	22	11	31	37	38	31	36	43	30	35	42	47	36	26	13	49	27	18	23	16	47	25	28	33	48	15	12	12	11	45	41	13	16	21	16	19	44	12	45	39	23	48	22	39	44	21	48	29	32	31	10	45	34	20	41	14	40	19	39	29	33	38	22	24	49	37	28	50	39	21	28	24	24	18	11	19	42	20	14	42	38	16	28	34	48	36	17	32	11	29	29	34	43	27	13	11	24	34	34	43	40	27	44	31	19	43	50	39	16	48	12	17	41	25	46	26	14	31	40	49	39	22	25	39	26	21	49	19	40	31	46	30	32	14	46	14	41	28	19	42	34	34	11	29	24	11	33	14	19	34	36	17	17	47	47	20	48	15	24	39	18	46	32	15	19	33	11	47	26	15	50	21	15	44	35	30	15	14	40	32	38	21	16	21	21	19	12	27	46	50	32	34	48	47	33	40	16	20	22	41	18	29	30	28	42	47	39	13	47	13	18	50	23	10	22	11	44	19	13	14	22	39	13	27	10	11	20	47	50	43	38	47	35	48	10	15	43	21	47	30	48	33	27	11	43	18	24	22	14	42	11	22	43	14	47	31	12	47	33	31	33	29	39	19	19	41	23	15	27	23	46	24	19	12	27	32	40	15	30	15	15	38	14	36	44	20	33	28	30	50	43	11	23	29	25	31	38	33	14	32	39	32	28	38	29	30	38	40	10	27	42	34	32	10	24	27	10	48	41	31	17	20	18	43	14	36	37	35	46	43	18	17	12	23	44	33	20	11	50	20	42	21	38	20	41	42	20	18	26	20	23	22	40	34	49	17	32	19	14	32	26	39	44	45	24	16	22	34	20	26	33	15	24	17	10	17	35	28	42	21	27	50	28	46	43	19	16	38	22	28	38	26	46	40	20	27	49	27	45	11	21	22	38	27	48	41	19	27	10	27	19	21	39	10	27	12	11	34	50	37	17	49	37	41	50	30	38	15	41	35	
20
90
