735
50
0	0	0	48	0	192	0	0	0	0	0	0	0	0	0	0	0	0	0	0	0	0	0	0	0	0	0	0	0	0	0	0	0	0	0	0	0	0	0	0	0	0	0	0	0	0	0	0	0	0	
0	0	0	0	0	0	0	0	0	0	0	0	0	0	0	0	0	0	0	0	0	0	0	48	0	0	0	96	0	0	0	0	0	0	0	0	0	0	0	0	0	0	0	0	0	0	0	0	0	0	
0	0	0	0	0	0	0	0	0	0	0	0	0	0	0	0	0	0	0	0	0	0	0	0	0	0	0	0	0	0	0	0	0	0	0	0	0	0	0	0	0	48	192	0	0	0	0	0	0	0	
48	0	0	0	96	0	500	0	0	0	0	0	0	0	0	0	0	0	0	0	0	0	0	0	0	0	0	0	0	0	0	0	0	0	0	0	0	0	0	0	0	0	0	0	0	0	0	0	0	0	
0	0	0	96	0	0	0	0	0	0	0	0	0	0	0	0	0	0	0	0	0	0	0	0	0	0	0	0	0	0	0	0	0	0	96	0	0	0	0	0	0	0	0	0	0	0	0	0	0	0	
192	0	0	0	0	0	0	0	0	0	0	0	500	0	0	0	0	0	0	0	0	0	0	0	0	0	0	0	0	0	0	0	0	0	0	0	0	0	0	0	0	0	0	0	0	0	0	0	0	0	
0	0	0	500	0	0	0	0	0	0	0	0	0	0	0	0	0	0	0	0	0	0	0	0	0	0	0	0	0	0	0	0	0	0	0	0	0	0	0	0	0	0	0	0	0	96	0	0	0	0	
0	0	0	0	0	0	0	0	0	0	0	0	0	0	0	0	0	0	0	0	0	0	0	0	0	0	0	0	0	0	0	0	0	0	0	0	0	96	0	0	0	0	0	0	0	0	0	0	0	96	
0	0	0	0	0	0	0	0	0	192	0	0	0	0	0	0	0	0	0	0	0	0	0	0	0	0	0	0	0	500	0	0	0	0	0	0	0	0	0	0	0	0	0	0	0	0	0	0	0	0	
0	0	0	0	0	0	0	0	192	0	0	0	0	0	0	0	0	0	0	0	0	0	0	0	0	0	0	0	0	96	0	0	0	0	0	0	0	0	0	0	0	0	0	0	0	0	0	0	0	0	
0	0	0	0	0	0	0	0	0	0	0	0	0	0	0	0	0	0	0	0	0	96	0	0	0	0	0	48	0	0	0	0	0	0	0	0	0	0	0	0	0	0	0	0	0	0	0	0	0	0	
0	0	0	0	0	0	0	0	0	0	0	0	0	0	0	96	0	0	0	0	0	0	192	0	0	0	192	0	0	0	0	0	0	0	0	0	0	0	0	0	48	0	0	0	0	0	0	0	0	0	
0	0	0	0	0	500	0	0	0	0	0	0	0	0	192	0	0	0	0	0	0	0	0	0	0	0	0	0	0	0	0	0	0	0	0	0	0	0	0	0	0	0	0	0	0	0	0	0	0	0	
0	0	0	0	0	0	0	0	0	0	0	0	0	0	0	0	0	0	0	0	0	0	0	0	0	0	0	0	0	0	0	0	0	0	0	0	0	192	0	0	0	0	0	0	0	0	0	0	0	96	
0	0	0	0	0	0	0	0	0	0	0	0	192	0	0	0	0	0	0	0	0	0	0	48	0	0	0	0	0	0	0	0	0	0	0	0	0	0	0	0	0	0	0	0	0	192	0	0	0	0	
0	0	0	0	0	0	0	0	0	0	0	96	0	0	0	0	0	0	0	0	0	0	0	0	0	0	192	0	0	0	0	0	0	0	0	0	0	0	0	0	0	0	0	0	0	0	0	0	0	0	
0	0	0	0	0	0	0	0	0	0	0	0	0	0	0	0	0	0	0	0	0	0	96	0	0	0	0	0	0	0	0	0	0	0	192	0	0	0	0	0	0	0	0	0	0	0	0	0	0	96	
0	0	0	0	0	0	0	0	0	0	0	0	0	0	0	0	0	0	0	0	0	0	0	0	0	0	0	0	0	0	0	0	0	0	0	0	0	0	0	0	192	0	0	0	0	0	0	0	192	0	
0	0	0	0	0	0	0	0	0	0	0	0	0	0	0	0	0	0	0	0	0	0	0	0	0	500	0	0	0	0	48	0	0	0	0	0	0	0	0	0	0	0	0	48	0	0	0	0	0	0	
0	0	0	0	0	0	0	0	0	0	0	0	0	0	0	0	0	0	0	0	0	500	0	0	500	0	0	48	0	0	0	0	0	0	0	48	0	0	0	0	0	0	0	0	0	0	192	0	0	0	
0	0	0	0	0	0	0	0	0	0	0	0	0	0	0	0	0	0	0	0	0	0	0	0	0	0	0	0	0	0	0	0	0	0	0	0	0	0	0	0	0	48	0	0	48	0	0	0	0	0	
0	0	0	0	0	0	0	0	0	0	96	0	0	0	0	0	0	0	0	500	0	0	0	0	0	0	0	0	0	0	0	0	0	0	0	0	0	0	0	0	0	0	0	0	0	0	0	0	0	0	
0	0	0	0	0	0	0	0	0	0	0	192	0	0	0	0	96	0	0	0	0	0	0	0	0	0	0	0	0	0	0	0	0	0	0	0	0	0	0	0	0	0	0	0	0	0	0	0	0	0	
0	48	0	0	0	0	0	0	0	0	0	0	0	0	48	0	0	0	0	0	0	0	0	0	0	0	0	0	0	0	0	0	0	0	0	0	0	0	0	0	0	0	0	0	0	0	0	0	0	0	
0	0	0	0	0	0	0	0	0	0	0	0	0	0	0	0	0	0	0	500	0	0	0	0	0	0	0	192	0	0	0	0	0	0	0	0	0	0	0	0	0	0	0	0	0	0	0	0	0	0	
0	0	0	0	0	0	0	0	0	0	0	0	0	0	0	0	0	0	500	0	0	0	0	0	0	0	0	0	0	0	0	0	0	0	0	0	0	0	0	0	0	0	0	192	0	0	0	0	0	0	
0	0	0	0	0	0	0	0	0	0	0	192	0	0	0	192	0	0	0	0	0	0	0	0	0	0	0	0	0	0	0	0	0	0	0	0	0	0	0	0	0	0	0	0	0	0	0	0	0	0	
0	96	0	0	0	0	0	0	0	0	48	0	0	0	0	0	0	0	0	48	0	0	0	0	192	0	0	0	0	0	0	0	0	0	0	48	0	0	0	0	0	0	0	0	0	0	0	0	0	0	
0	0	0	0	0	0	0	0	0	0	0	0	0	0	0	0	0	0	0	0	0	0	0	0	0	0	0	0	0	0	48	0	48	0	0	0	0	0	0	48	0	0	0	0	0	0	500	48	0	0	
0	0	0	0	0	0	0	0	500	96	0	0	0	0	0	0	0	0	0	0	0	0	0	0	0	0	0	0	0	0	0	192	0	0	0	0	48	0	0	0	0	0	0	0	0	0	0	0	500	0	
0	0	0	0	0	0	0	0	0	0	0	0	0	0	0	0	0	0	48	0	0	0	0	0	0	0	0	0	48	0	0	0	0	0	0	0	0	0	0	0	0	0	0	0	0	0	0	0	0	0	
0	0	0	0	0	0	0	0	0	0	0	0	0	0	0	0	0	0	0	0	0	0	0	0	0	0	0	0	0	192	0	0	0	0	0	0	48	0	0	0	0	0	0	0	0	0	0	0	0	0	
0	0	0	0	0	0	0	0	0	0	0	0	0	0	0	0	0	0	0	0	0	0	0	0	0	0	0	0	48	0	0	0	0	0	0	0	0	0	0	192	0	0	0	0	0	0	0	0	0	0	
0	0	0	0	0	0	0	0	0	0	0	0	0	0	0	0	0	0	0	0	0	0	0	0	0	0	0	0	0	0	0	0	0	0	0	0	0	0	0	0	0	192	500	0	48	0	0	0	0	0	
0	0	0	0	96	0	0	0	0	0	0	0	0	0	0	0	192	0	0	0	0	0	0	0	0	0	0	0	0	0	0	0	0	0	0	0	0	0	0	0	0	0	0	0	0	0	0	0	0	0	
0	0	0	0	0	0	0	0	0	0	0	0	0	0	0	0	0	0	0	48	0	0	0	0	0	0	0	48	0	0	0	0	0	0	0	0	0	0	0	0	0	0	0	0	0	0	0	0	0	0	
0	0	0	0	0	0	0	0	0	0	0	0	0	0	0	0	0	0	0	0	0	0	0	0	0	0	0	0	0	48	0	48	0	0	0	0	0	0	0	0	0	0	0	0	0	0	0	0	0	0	
0	0	0	0	0	0	0	96	0	0	0	0	0	192	0	0	0	0	0	0	0	0	0	0	0	0	0	0	0	0	0	0	0	0	0	0	0	0	0	0	0	0	0	0	0	0	0	0	0	0	
0	0	0	0	0	0	0	0	0	0	0	0	0	0	0	0	0	0	0	0	0	0	0	0	0	0	0	0	0	0	0	0	0	0	0	0	0	0	0	0	96	0	0	0	0	0	0	500	0	0	
0	0	0	0	0	0	0	0	0	0	0	0	0	0	0	0	0	0	0	0	0	0	0	0	0	0	0	0	48	0	0	0	192	0	0	0	0	0	0	0	0	0	0	0	0	0	0	500	0	0	
0	0	0	0	0	0	0	0	0	0	0	48	0	0	0	0	0	192	0	0	0	0	0	0	0	0	0	0	0	0	0	0	0	0	0	0	0	0	96	0	0	0	0	0	0	0	0	0	0	0	
0	0	48	0	0	0	0	0	0	0	0	0	0	0	0	0	0	0	0	0	48	0	0	0	0	0	0	0	0	0	0	0	0	192	0	0	0	0	0	0	0	0	0	0	0	0	0	0	0	0	
0	0	192	0	0	0	0	0	0	0	0	0	0	0	0	0	0	0	0	0	0	0	0	0	0	0	0	0	0	0	0	0	0	500	0	0	0	0	0	0	0	0	0	0	0	0	0	0	0	0	
0	0	0	0	0	0	0	0	0	0	0	0	0	0	0	0	0	0	48	0	0	0	0	0	0	192	0	0	0	0	0	0	0	0	0	0	0	0	0	0	0	0	0	0	0	0	0	0	0	0	
0	0	0	0	0	0	0	0	0	0	0	0	0	0	0	0	0	0	0	0	48	0	0	0	0	0	0	0	0	0	0	0	0	48	0	0	0	0	0	0	0	0	0	0	0	48	0	0	0	0	
0	0	0	0	0	0	96	0	0	0	0	0	0	0	192	0	0	0	0	0	0	0	0	0	0	0	0	0	0	0	0	0	0	0	0	0	0	0	0	0	0	0	0	0	48	0	0	0	0	0	
0	0	0	0	0	0	0	0	0	0	0	0	0	0	0	0	0	0	0	192	0	0	0	0	0	0	0	0	500	0	0	0	0	0	0	0	0	0	0	0	0	0	0	0	0	0	0	0	0	0	
0	0	0	0	0	0	0	0	0	0	0	0	0	0	0	0	0	0	0	0	0	0	0	0	0	0	0	0	48	0	0	0	0	0	0	0	0	0	500	500	0	0	0	0	0	0	0	0	0	0	
0	0	0	0	0	0	0	0	0	0	0	0	0	0	0	0	0	192	0	0	0	0	0	0	0	0	0	0	0	500	0	0	0	0	0	0	0	0	0	0	0	0	0	0	0	0	0	0	0	0	
0	0	0	0	0	0	0	96	0	0	0	0	0	96	0	0	96	0	0	0	0	0	0	0	0	0	0	0	0	0	0	0	0	0	0	0	0	0	0	0	0	0	0	0	0	0	0	0	0	0	
41	29	18	25	43	30	21	46	12	22	2	42	21	48	13	41	22	38	22	46	1	6	40	31	29	26	34	25	38	29	21	17	20	1	19	23	20	43	22	48	33	33	13	14	35	23	26	22	23	1	12	20	2	39	16	39	41	19	34	47	39	13	4	26	39	49	25	49	33	1	6	45	33	5	13	11	15	21	30	41	8	45	44	21	17	7	42	24	9	47	10	11	20	45	33	3	20	19	7	33	4	1	45	18	18	18	42	33	0	39	1	43	49	18	5	45	0	8	27	18	41	8	36	47	0	38	46	14	36	25	7	37	24	7	10	15	26	5	22	26	14	27	26	10	35	18	35	6	26	40	44	18	5	33	32	20	2	41	49	3	24	13	46	45	13	1	43	17	13	12	11	3	45	46	43	6	40	25	25	18	34	33	13	4	45	0	4	45	34	32	49	3	42	1	46	19	45	29	33	19	17	4	27	30	49	30	43	45	2	37	45	13	46	17	40	23	29	26	26	16	0	10	17	29	45	31	28	25	8	24	34	5	30	42	46	38	32	23	48	23	28	34	18	19	33	8	49	7	32	41	36	16	22	6	27	43	39	39	2	25	7	47	36	20	22	12	40	23	32	9	12	40	4	46	34	36	2	18	27	2	43	43	22	9	40	34	32	11	29	3	21	17	18	30	43	45	49	7	13	49	23	0	43	24	5	39	16	28	25	45	33	40	34	45	26	10	26	7	7	45	5	37	7	32	10	5	13	46	16	11	5	47	43	25	13	7	19	43	16	41	41	38	19	36	27	11	0	31	3	24	40	43	22	5	49	33	7	18	18	36	31	17	6	15	48	2	45	3	2	38	43	39	7	25	27	2	44	22	36	37	26	31	20	3	35	39	21	4	47	34	12	10	49	11	20	34	44	10	41	44	11	22	19	4	27	5	9	3	43	8	22	25	17	9	18	22	2	35	44	21	36	32	2	2	8	36	37	0	37	29	28	7	0	43	17	32	8	8	42	35	10	18	14	43	16	39	44	15	10	25	8	18	29	44	44	43	14	26	47	44	15	25	42	44	8	31	7	5	39	32	45	48	3	16	0	38	13	3	32	44	32	5	34	25	2	34	27	10	41	42	4	14	35	10	23	0	41	16	30	37	24	25	42	20	44	47	4	25	44	47	24	43	8	25	46	40	6	16	23	37	9	34	30	41	1	32	11	39	23	46	40	42	2	17	38	34	5	27	46	34	17	17	9	6	43	45	33	25	33	5	22	37	42	49	33	39	20	20	10	25	25	19	46	16	16	38	24	20	40	4	36	12	5	12	8	48	24	32	17	46	21	30	28	23	46	16	17	22	48	42	11	40	19	33	0	41	34	4	2	7	24	41	8	23	45	31	45	34	27	17	1	15	25	5	31	29	41	17	22	35	23	27	2	30	44	0	43	32	31	27	32	45	46	2	22	32	27	2	41	44	7	28	13	16	3	12	21	32	19	49	20	30	1	5	38	27	24	18	47	33	46	6	16	30	10	0	30	19	23	6	3	44	2	15	20	11	42	33	2	31	18	28	1	34	6	24	27	27	29	35	3	45	15	37	27	26	6	1	42	31	41	10	19	28	49	24	48	30	16	29	45	42	26	47	1	47	8	14	5	12	1	48	13	14	31	1	24	16	24	4	10	1	17	24	27	
2	20	5	32	43	20	23	39	29	36	23	4	32	12	26	21	13	33	41	41	21	40	0	12	8	1	12	37	36	17	0	5	8	28	25	13	17	29	49	40	6	11	2	19	29	46	38	49	33	44	21	28	3	7	32	16	41	31	16	36	27	41	13	40	18	6	35	19	39	10	49	46	20	26	34	44	48	32	30	42	25	34	19	29	34	8	31	42	46	29	48	16	9	30	29	44	16	22	21	9	11	38	8	47	39	4	21	39	9	46	34	9	37	28	31	19	28	19	45	36	4	3	26	35	14	8	32	7	1	6	48	25	13	37	7	1	46	5	11	11	25	28	0	38	21	16	42	38	21	45	26	36	32	10	32	19	25	35	7	36	23	31	0	22	29	31	14	16	21	35	19	17	46	21	43	38	7	23	36	26	27	13	4	34	14	10	48	27	40	49	32	9	32	2	6	45	7	45	10	0	33	3	13	17	40	32	46	17	28	41	11	27	28	13	31	22	49	28	42	29	10	28	42	47	10	13	2	0	49	37	30	43	14	49	26	18	2	33	27	34	3	26	34	13	11	36	4	24	18	18	28	20	18	10	21	44	39	4	21	11	3	14	20	21	14	32	24	9	20	36	32	45	12	38	19	42	38	23	41	14	23	41	24	40	44	5	17	21	37	1	28	2	3	0	16	42	15	44	5	0	7	13	15	41	7	33	1	40	42	32	25	34	45	4	12	29	25	37	14	38	18	26	23	32	29	5	0	46	49	23	3	15	31	22	4	48	0	3	28	28	41	22	4	40	33	15	24	13	7	30	10	38	0	23	21	10	33	36	3	41	35	29	2	28	23	21	3	7	28	40	3	2	17	16	12	42	39	31	46	0	9	8	39	25	15	46	24	24	32	33	28	35	3	35	32	32	17	18	9	42	38	0	4	1	20	40	15	14	44	27	6	12	29	13	17	42	12	7	11	33	39	39	21	36	36	35	27	48	12	21	37	26	14	25	16	33	14	17	28	30	15	11	8	12	32	19	10	13	25	29	18	46	38	10	17	2	2	34	21	4	8	37	23	3	40	39	5	38	35	21	19	46	0	40	48	2	37	17	17	31	3	17	28	37	13	20	15	23	15	42	12	7	37	41	31	46	28	2	37	42	15	11	3	8	34	7	44	9	24	33	38	18	28	33	38	30	30	29	47	25	43	15	34	46	48	41	11	47	15	2	47	35	18	45	46	18	48	34	28	41	44	40	40	49	18	49	16	17	37	12	30	48	19	44	35	31	43	45	46	11	16	31	31	25	12	14	14	22	26	46	17	6	29	30	3	16	37	41	27	3	18	23	31	0	41	5	49	18	3	43	1	32	11	0	24	19	29	41	41	8	17	4	10	44	30	27	29	44	3	31	5	1	21	23	46	39	24	39	42	35	10	11	44	1	38	13	24	27	37	20	43	36	2	44	39	13	45	5	34	23	30	13	15	31	48	36	28	23	4	2	30	3	31	21	39	42	9	45	16	6	32	24	17	12	1	27	40	39	39	38	16	10	4	28	25	34	47	18	26	10	45	4	29	29	0	34	4	28	26	38	46	14	0	8	49	28	27	45	41	13	49	36	9	47	21	31	32	5	34	30	4	8	47	1	5	9	16	7	22	35	19	16	17	41	23	2	4	8	47	37	46	41	37	23	47	
29	28	24	33	31	32	33	28	20	29	39	30	21	34	30	33	37	38	32	26	22	36	28	27	38	23	40	25	33	26	28	30	20	39	26	27	21	33	21	25	20	23	31	31	30	20	38	23	39	29	26	25	25	30	27	36	26	21	24	20	40	37	35	26	35	26	36	36	36	38	21	37	34	32	34	40	22	24	39	40	33	40	20	26	34	37	20	28	37	31	20	35	37	39	30	33	39	30	23	26	28	36	40	35	35	21	27	20	38	25	22	30	21	20	32	22	20	24	34	38	33	28	24	30	37	29	30	21	20	22	28	31	20	37	32	27	38	38	35	21	38	37	26	40	40	27	26	32	28	37	38	23	35	21	35	38	31	35	34	34	37	33	34	30	26	38	39	39	24	36	21	35	32	26	38	36	35	30	26	23	24	22	30	39	31	35	30	37	25	20	40	29	33	31	32	22	21	33	28	29	29	31	32	20	40	29	39	40	35	32	24	22	37	33	29	30	21	32	28	21	28	30	38	27	26	39	21	22	35	28	28	39	26	21	23	31	38	31	21	34	21	29	33	27	20	37	33	36	38	21	27	38	20	32	27	40	35	27	39	37	20	25	27	27	38	21	36	34	26	27	31	27	30	37	29	39	31	38	40	25	37	40	38	27	39	22	32	36	30	39	22	30	25	26	32	27	38	24	25	35	33	33	40	32	33	20	31	30	20	24	27	21	30	30	25	25	28	25	23	32	38	30	32	22	31	36	34	39	28	29	24	40	33	34	29	20	20	28	37	27	20	40	33	34	22	29	28	29	25	30	40	22	27	23	36	34	27	36	29	21	23	21	29	21	20	38	27	29	40	23	23	36	36	34	29	25	33	20	37	38	38	26	26	21	32	36	28	23	32	37	38	36	25	36	27	20	38	40	23	20	33	22	23	24	29	38	20	25	31	25	37	27	34	23	26	20	20	37	33	33	37	20	23	26	20	30	36	37	39	25	22	28	20	28	34	23	36	27	25	32	36	27	31	22	27	38	34	27	29	36	26	26	22	24	31	20	39	26	37	22	25	29	24	27	30	23	28	34	36	23	26	31	40	38	33	39	34	33	30	33	37	29	35	31	28	25	24	31	34	22	25	30	32	29	31	35	23	39	21	37	24	25	24	39	39	38	20	25	35	38	29	32	24	21	37	27	31	38	22	25	20	25	30	35	21	28	36	27	23	22	26	22	24	34	35	30	25	23	37	34	31	23	34	23	23	27	36	27	38	40	24	28	20	20	31	34	39	34	36	27	22	38	22	32	20	33	31	22	23	26	27	31	23	32	30	34	32	36	23	22	22	20	39	39	28	30	24	35	34	24	36	23	36	22	32	39	31	39	23	39	25	36	30	23	28	25	29	30	27	39	31	22	35	35	33	26	38	24	30	38	34	22	28	20	33	40	28	28	36	35	30	28	35	34	31	29	38	28	35	31	27	38	38	31	20	22	23	35	31	38	24	36	28	31	35	27	34	30	21	26	35	29	29	21	24	30	26	38	36	37	39	24	23	22	27	23	23	30	22	32	30	36	27	35	23	33	31	21	26	24	22	21	32	27	31	20	38	28	35	20	23	40	26	34	29	30	23	24	24	36	26	22	21	33	28	33	21	39	39	29	33	20	23	32	40	24	29	36	40	24	20	21	26	20	28	
12	37	39	45	13	34	36	18	13	42	34	27	26	48	31	13	17	36	42	44	20	41	28	41	43	35	44	38	18	12	27	43	39	27	32	28	16	11	12	34	23	44	27	37	30	19	47	42	39	31	34	16	34	34	23	17	37	43	32	34	18	44	21	42	10	22	40	18	21	29	16	31	45	29	42	32	20	24	33	24	35	11	15	20	38	47	37	33	16	45	47	10	50	15	14	21	18	44	41	33	11	44	37	38	41	40	49	43	25	26	49	30	41	11	12	35	43	32	14	20	40	26	37	27	21	32	45	25	25	38	40	45	50	50	20	34	23	33	45	39	47	11	27	46	35	25	11	40	11	26	33	46	23	40	29	15	16	28	17	50	42	49	15	40	16	10	34	39	35	19	15	40	50	42	18	34	30	50	10	23	45	34	40	10	35	32	10	42	39	37	42	16	33	32	44	39	13	42	24	32	48	26	38	24	12	14	18	33	20	48	35	36	25	17	22	13	28	47	17	47	27	47	32	43	18	30	23	22	45	17	29	24	33	18	20	22	20	22	14	11	27	22	34	17	45	44	49	24	16	16	37	50	16	38	17	10	41	39	40	39	31	32	35	44	34	29	19	44	44	20	43	22	20	10	33	27	35	47	33	42	50	39	15	22	36	36	23	37	31	22	39	39	35	31	28	31	31	24	41	19	13	12	42	20	44	47	30	45	30	19	35	27	21	47	22	22	31	47	38	43	43	15	40	31	17	27	47	35	27	46	24	25	14	25	48	49	38	22	43	18	19	38	10	39	21	35	12	48	40	23	18	27	38	23	30	46	31	47	28	13	34	42	44	34	17	31	16	16	38	46	26	39	45	26	36	27	46	48	45	20	48	43	21	31	37	39	14	20	49	12	39	49	23	23	48	33	33	25	47	30	13	31	18	37	31	29	42	50	42	31	44	50	27	36	13	43	34	27	20	16	31	10	46	40	38	26	23	24	26	11	46	12	26	39	36	50	29	31	40	48	46	47	28	24	46	40	43	42	49	23	17	34	32	35	26	15	41	47	39	35	16	17	50	33	31	49	28	47	19	46	41	31	27	31	24	13	50	48	36	48	46	31	19	41	21	41	16	35	21	38	49	15	46	13	46	29	47	32	39	50	36	20	50	27	49	39	30	28	19	16	18	40	36	46	45	37	11	32	34	38	13	14	32	47	48	27	30	21	46	14	46	37	19	46	46	17	31	24	32	16	47	38	19	38	31	23	32	12	47	11	37	35	29	50	35	45	24	40	21	21	31	10	38	28	44	29	14	10	19	22	17	30	14	17	24	20	42	14	35	16	16	16	20	47	40	20	34	13	26	20	15	24	15	14	41	43	18	24	42	28	23	46	22	15	23	41	22	40	24	47	23	30	13	50	42	19	17	49	26	29	36	39	40	34	40	20	21	20	26	15	17	26	25	41	25	33	28	30	48	44	47	12	34	49	42	17	19	13	13	10	31	13	46	33	42	37	46	34	36	20	20	16	26	37	17	11	21	45	48	22	49	11	32	18	12	27	40	12	10	40	22	31	11	43	29	47	17	13	36	50	34	22	32	13	48	28	22	33	40	17	46	19	13	43	22	28	36	41	12	29	20	47	33	14	27	41	46	12	24	24	23	39	42	46	23	11	36	31	50	29	36	31	34	50	48	
0.5
60
