735
50
0	0	0	500	0	0	0	0	0	0	0	0	0	0	0	0	0	0	0	0	0	0	0	0	0	0	0	0	0	0	0	0	0	0	0	0	0	0	0	0	0	0	0	0	0	0	0	0	0	192	
0	0	0	0	0	0	0	0	0	0	0	192	0	0	192	0	0	0	0	0	0	96	0	0	0	0	0	0	0	0	0	0	0	0	0	0	0	0	0	0	0	0	0	0	0	0	0	0	0	0	
0	0	0	0	0	0	0	0	0	0	0	0	0	0	0	0	0	0	0	0	0	0	192	0	0	0	0	0	0	0	0	500	0	0	0	0	0	0	0	0	0	0	0	0	0	48	0	0	0	500	
500	0	0	0	0	48	0	0	0	0	0	0	0	0	0	0	0	0	0	0	0	0	0	0	0	0	0	0	0	0	0	0	0	0	0	0	0	0	0	0	0	0	0	0	0	0	0	0	0	0	
0	0	0	0	0	0	0	0	0	0	0	0	0	500	0	0	0	0	0	0	0	0	0	0	0	0	0	0	0	0	0	0	0	48	0	0	0	0	0	0	0	0	0	0	0	0	0	0	0	0	
0	0	0	48	0	0	0	0	0	0	0	0	0	0	0	0	0	0	0	0	0	0	0	0	0	0	0	0	0	0	0	0	0	0	192	0	0	0	0	0	0	0	0	0	0	0	0	0	0	0	
0	0	0	0	0	0	0	0	0	192	0	0	0	0	0	0	0	0	0	0	0	0	0	0	0	0	0	0	0	0	0	0	0	0	0	0	0	0	192	0	0	0	0	0	0	48	0	0	48	0	
0	0	0	0	0	0	0	0	0	0	0	0	0	0	0	0	0	0	0	0	0	0	0	0	0	0	500	0	0	0	0	0	0	0	0	0	0	0	0	0	0	0	48	0	0	0	0	0	0	0	
0	0	0	0	0	0	0	0	0	0	0	0	500	0	0	0	0	0	0	0	0	0	0	0	0	0	0	0	0	0	0	0	0	0	0	0	0	0	0	0	0	48	0	0	0	0	0	0	0	0	
0	0	0	0	0	0	192	0	0	0	0	0	0	0	0	0	0	0	0	0	0	0	0	0	0	0	0	0	0	0	0	192	0	0	0	0	0	0	0	0	0	0	0	0	0	500	0	0	0	0	
0	0	0	0	0	0	0	0	0	0	0	0	0	0	0	0	0	0	0	0	0	0	0	0	0	0	0	0	0	0	0	0	192	0	0	0	0	0	0	0	192	0	0	0	0	0	0	0	0	0	
0	192	0	0	0	0	0	0	0	0	0	0	0	0	0	0	0	0	0	500	0	0	0	0	0	0	0	0	0	0	0	0	0	0	0	0	0	0	0	0	0	0	0	0	0	0	0	0	0	0	
0	0	0	0	0	0	0	0	500	0	0	0	0	0	0	0	0	0	0	0	0	0	0	0	0	0	0	0	0	0	0	0	0	0	0	0	0	0	0	0	0	0	0	0	0	0	96	0	0	0	
0	0	0	0	500	0	0	0	0	0	0	0	0	0	0	0	0	0	0	0	0	0	0	0	500	0	0	0	0	0	0	0	0	0	0	0	0	48	0	0	0	0	0	0	0	0	0	0	0	0	
0	192	0	0	0	0	0	0	0	0	0	0	0	0	0	0	0	96	0	0	0	0	0	0	0	0	0	0	0	0	0	0	0	0	0	0	500	0	0	0	0	0	0	0	0	0	0	0	0	0	
0	0	0	0	0	0	0	0	0	0	0	0	0	0	0	0	96	0	0	500	0	0	0	0	0	0	96	0	0	0	0	0	0	0	0	0	0	0	0	0	0	0	0	0	0	0	0	0	0	0	
0	0	0	0	0	0	0	0	0	0	0	0	0	0	0	96	0	0	0	0	0	0	0	0	0	0	192	0	0	0	0	0	0	0	0	0	0	0	0	0	0	0	0	0	0	0	0	0	0	0	
0	0	0	0	0	0	0	0	0	0	0	0	0	0	96	0	0	0	0	0	0	0	0	0	0	0	0	0	0	0	0	0	0	0	0	0	96	0	0	0	0	0	0	0	0	0	500	0	0	0	
0	0	0	0	0	0	0	0	0	0	0	0	0	0	0	0	0	0	0	0	0	0	0	0	0	96	0	48	0	0	0	0	0	0	0	0	0	0	0	0	0	0	0	0	0	0	0	0	0	0	
0	0	0	0	0	0	0	0	0	0	0	500	0	0	0	500	0	0	0	0	0	0	0	0	0	0	0	0	0	0	0	0	0	0	0	0	0	0	0	0	0	0	0	0	0	0	0	0	0	0	
0	0	0	0	0	0	0	0	0	0	0	0	0	0	0	0	0	0	0	0	0	0	0	0	0	0	48	0	0	0	0	0	0	0	0	0	0	0	0	0	0	0	96	0	0	0	0	0	0	0	
0	96	0	0	0	0	0	0	0	0	0	0	0	0	0	0	0	0	0	0	0	0	0	0	0	0	0	0	0	0	0	0	0	0	0	0	0	0	0	0	0	48	0	0	0	0	0	0	0	0	
0	0	192	0	0	0	0	0	0	0	0	0	0	0	0	0	0	0	0	0	0	0	0	0	0	0	0	0	500	0	0	0	0	0	0	0	0	0	0	0	0	0	0	0	0	0	0	0	0	0	
0	0	0	0	0	0	0	0	0	0	0	0	0	0	0	0	0	0	0	0	0	0	0	0	0	0	0	0	0	96	0	0	0	0	0	0	0	0	0	0	0	192	0	0	0	0	0	0	0	0	
0	0	0	0	0	0	0	0	0	0	0	0	0	500	0	0	0	0	0	0	0	0	0	0	0	0	0	0	0	0	0	0	0	0	0	0	0	500	0	0	0	0	192	0	0	0	0	192	0	0	
0	0	0	0	0	0	0	0	0	0	0	0	0	0	0	0	0	0	96	0	0	0	0	0	0	0	0	192	0	0	0	0	0	0	0	0	0	0	0	96	0	0	0	0	0	0	0	0	0	0	
0	0	0	0	0	0	0	500	0	0	0	0	0	0	0	96	192	0	0	0	48	0	0	0	0	0	0	0	0	0	0	0	0	0	0	0	0	0	0	0	0	0	0	0	0	0	0	192	0	0	
0	0	0	0	0	0	0	0	0	0	0	0	0	0	0	0	0	0	48	0	0	0	0	0	0	192	0	0	0	0	0	0	48	0	0	0	0	0	0	0	0	0	0	0	0	0	0	0	0	0	
0	0	0	0	0	0	0	0	0	0	0	0	0	0	0	0	0	0	0	0	0	0	500	0	0	0	0	0	0	0	0	0	0	48	0	0	0	0	0	0	0	0	0	0	0	0	0	0	0	0	
0	0	0	0	0	0	0	0	0	0	0	0	0	0	0	0	0	0	0	0	0	0	0	96	0	0	0	0	0	0	0	0	48	0	0	0	0	0	0	0	0	0	0	0	0	0	0	0	0	0	
0	0	0	0	0	0	0	0	0	0	0	0	0	0	0	0	0	0	0	0	0	0	0	0	0	0	0	0	0	0	0	0	48	0	0	0	0	0	0	0	96	0	0	0	0	0	0	0	0	0	
0	0	500	0	0	0	0	0	0	192	0	0	0	0	0	0	0	0	0	0	0	0	0	0	0	0	0	0	0	0	0	0	0	0	0	0	0	0	0	0	0	0	0	48	0	0	0	0	0	0	
0	0	0	0	0	0	0	0	0	0	192	0	0	0	0	0	0	0	0	0	0	0	0	0	0	0	0	48	0	48	48	0	0	0	0	0	0	0	0	0	0	0	0	0	0	0	0	0	0	0	
0	0	0	0	48	0	0	0	0	0	0	0	0	0	0	0	0	0	0	0	0	0	0	0	0	0	0	0	48	0	0	0	0	0	0	192	0	0	0	0	0	0	0	0	0	0	0	0	0	0	
0	0	0	0	0	192	0	0	0	0	0	0	0	0	0	0	0	0	0	0	0	0	0	0	0	0	0	0	0	0	0	0	0	0	0	500	0	0	0	0	0	0	0	192	0	0	0	0	192	0	
0	0	0	0	0	0	0	0	0	0	0	0	0	0	0	0	0	0	0	0	0	0	0	0	0	0	0	0	0	0	0	0	0	192	500	0	0	0	0	0	0	0	0	0	96	0	0	0	0	0	
0	0	0	0	0	0	0	0	0	0	0	0	0	0	500	0	0	96	0	0	0	0	0	0	0	0	0	0	0	0	0	0	0	0	0	0	0	0	0	0	0	0	0	0	0	0	0	0	0	0	
0	0	0	0	0	0	0	0	0	0	0	0	0	48	0	0	0	0	0	0	0	0	0	0	500	0	0	0	0	0	0	0	0	0	0	0	0	0	0	0	0	0	0	0	0	0	0	0	0	0	
0	0	0	0	0	0	192	0	0	0	0	0	0	0	0	0	0	0	0	0	0	0	0	0	0	0	0	0	0	0	0	0	0	0	0	0	0	0	0	192	0	0	0	0	0	0	0	0	0	0	
0	0	0	0	0	0	0	0	0	0	0	0	0	0	0	0	0	0	0	0	0	0	0	0	0	96	0	0	0	0	0	0	0	0	0	0	0	0	192	0	0	0	0	0	0	0	0	0	0	0	
0	0	0	0	0	0	0	0	0	0	192	0	0	0	0	0	0	0	0	0	0	0	0	0	0	0	0	0	0	0	96	0	0	0	0	0	0	0	0	0	0	0	0	0	48	0	0	0	0	0	
0	0	0	0	0	0	0	0	48	0	0	0	0	0	0	0	0	0	0	0	0	48	0	192	0	0	0	0	0	0	0	0	0	0	0	0	0	0	0	0	0	0	0	96	0	0	0	0	0	0	
0	0	0	0	0	0	0	48	0	0	0	0	0	0	0	0	0	0	0	0	96	0	0	0	192	0	0	0	0	0	0	0	0	0	0	0	0	0	0	0	0	0	0	0	0	0	0	0	0	0	
0	0	0	0	0	0	0	0	0	0	0	0	0	0	0	0	0	0	0	0	0	0	0	0	0	0	0	0	0	0	0	48	0	0	192	0	0	0	0	0	0	96	0	0	0	0	0	0	0	0	
0	0	0	0	0	0	0	0	0	0	0	0	0	0	0	0	0	0	0	0	0	0	0	0	0	0	0	0	0	0	0	0	0	0	0	96	0	0	0	0	48	0	0	0	0	0	0	0	0	0	
0	0	48	0	0	0	48	0	0	500	0	0	0	0	0	0	0	0	0	0	0	0	0	0	0	0	0	0	0	0	0	0	0	0	0	0	0	0	0	0	0	0	0	0	0	0	0	0	0	0	
0	0	0	0	0	0	0	0	0	0	0	0	96	0	0	0	0	500	0	0	0	0	0	0	0	0	0	0	0	0	0	0	0	0	0	0	0	0	0	0	0	0	0	0	0	0	0	0	0	0	
0	0	0	0	0	0	0	0	0	0	0	0	0	0	0	0	0	0	0	0	0	0	0	0	192	0	192	0	0	0	0	0	0	0	0	0	0	0	0	0	0	0	0	0	0	0	0	0	0	0	
0	0	0	0	0	0	48	0	0	0	0	0	0	0	0	0	0	0	0	0	0	0	0	0	0	0	0	0	0	0	0	0	0	0	192	0	0	0	0	0	0	0	0	0	0	0	0	0	0	0	
192	0	500	0	0	0	0	0	0	0	0	0	0	0	0	0	0	0	0	0	0	0	0	0	0	0	0	0	0	0	0	0	0	0	0	0	0	0	0	0	0	0	0	0	0	0	0	0	0	0	
2	14	23	8	14	33	39	49	38	7	48	0	19	38	26	4	46	13	27	11	37	25	46	36	31	8	1	19	21	9	22	24	27	11	4	39	18	47	3	10	47	18	39	35	22	45	35	13	30	23	44	48	1	31	42	11	26	29	26	33	24	18	9	49	17	2	18	0	0	25	34	10	10	21	46	12	18	3	23	12	24	21	15	19	42	44	46	28	40	36	10	24	37	38	34	48	32	45	42	32	40	3	48	3	6	37	1	1	3	49	20	38	26	47	37	12	21	34	4	39	0	1	47	28	18	26	8	27	36	41	22	4	47	35	2	43	32	4	14	40	5	23	39	45	30	19	4	30	32	39	44	0	4	43	49	35	14	32	7	38	39	46	3	36	2	43	46	16	46	42	49	13	20	26	40	19	48	9	28	27	4	11	44	45	47	49	10	45	22	45	46	19	5	44	48	15	49	45	23	44	13	40	49	12	25	46	18	32	42	21	21	7	33	7	18	47	39	23	28	48	18	18	35	41	45	41	17	45	19	13	45	44	30	30	11	3	18	3	21	38	42	41	45	5	15	27	26	25	26	20	29	12	32	5	21	21	3	39	41	13	3	16	42	8	37	19	31	42	44	16	25	6	24	23	11	27	11	10	14	49	21	41	43	9	8	9	47	1	26	26	47	39	17	41	8	35	17	27	1	31	13	7	11	6	4	21	1	8	33	8	10	7	18	8	33	25	44	1	27	48	42	22	13	10	38	42	5	15	30	42	3	8	21	13	39	25	23	3	40	38	10	9	28	1	30	8	9	14	16	35	22	15	47	15	20	30	11	23	13	34	41	49	48	43	14	4	4	17	44	26	26	16	20	1	28	36	3	43	34	30	3	46	12	8	1	7	13	4	16	38	26	28	40	2	47	24	20	0	36	36	15	25	35	34	9	18	24	49	47	18	2	9	2	41	40	30	36	18	34	16	30	23	6	19	10	22	46	35	35	39	48	36	12	4	15	9	5	34	8	10	7	5	43	5	7	20	20	16	44	4	33	21	16	0	15	43	12	29	41	0	5	22	0	35	15	35	10	13	23	1	12	39	31	5	19	22	48	22	13	40	39	17	34	23	36	20	15	4	40	43	10	21	40	39	37	24	0	18	14	13	3	21	28	24	46	5	42	14	1	0	49	19	49	27	36	27	35	38	36	37	41	35	32	18	36	9	39	37	33	11	24	1	10	0	38	34	48	27	6	17	14	8	21	24	2	22	34	49	8	8	4	16	26	9	0	11	21	20	19	11	40	46	18	12	40	8	2	24	15	40	9	35	13	17	25	11	12	4	20	30	17	16	17	26	7	0	46	6	9	24	19	18	1	31	43	32	3	16	34	46	42	32	10	22	45	30	8	46	39	29	43	7	25	2	19	3	45	46	31	19	9	9	20	26	43	34	25	47	45	24	26	37	41	22	23	32	39	33	14	3	29	17	30	14	9	49	22	19	4	35	16	42	37	44	16	7	29	27	12	46	13	39	10	20	25	32	25	1	7	47	22	35	10	20	9	6	17	12	38	28	13	38	47	41	2	1	6	15	39	28	30	17	33	31	28	29	40	31	46	33	43	11	10	45	28	8	43	37	8	45	29	48	48	5	2	40	0	49	46	37	31	26	9	27	2	2	12	20	46	38	30	14	27	25	7	
38	37	0	3	43	49	34	31	39	46	34	35	11	13	48	34	5	42	3	27	30	3	37	26	41	44	7	34	20	35	7	45	23	0	26	11	10	26	48	7	39	43	43	42	46	40	48	18	10	20	17	29	44	23	12	26	8	11	48	6	28	39	25	15	19	28	27	39	46	48	41	19	43	48	48	26	22	47	27	32	17	48	21	15	32	8	49	38	21	4	36	1	32	42	39	14	5	25	49	12	49	6	13	20	18	31	0	44	1	22	49	2	22	32	27	39	44	30	46	2	45	30	34	39	14	34	12	44	49	13	24	18	49	20	42	3	12	33	45	0	13	7	29	32	7	43	18	42	44	29	15	23	27	43	8	44	21	37	40	29	12	32	30	13	44	13	10	36	19	9	47	2	25	22	47	12	36	38	41	43	46	26	22	25	31	33	39	22	33	23	5	25	10	5	34	4	14	8	13	44	23	47	38	36	15	23	0	46	22	5	26	18	46	45	47	46	22	4	4	11	29	0	20	20	23	2	48	27	7	11	1	16	4	21	47	10	32	34	21	42	14	19	21	4	26	25	6	24	29	32	5	17	27	4	19	38	13	14	39	39	3	9	20	24	42	19	22	28	38	43	4	37	40	15	38	6	0	20	25	0	2	35	5	28	38	43	29	49	14	13	35	46	0	10	35	39	17	46	10	48	0	38	14	4	17	35	11	0	0	37	24	28	1	38	31	36	28	21	32	45	37	21	0	22	46	37	40	4	45	11	43	24	46	43	33	33	26	0	2	5	36	32	29	49	44	47	35	11	26	46	42	46	0	28	16	38	21	10	36	19	7	16	17	45	25	46	26	28	45	49	8	44	44	26	6	1	28	1	30	9	14	4	22	8	14	6	47	48	5	2	19	45	49	3	46	18	17	3	37	15	23	24	30	7	34	27	36	22	14	4	43	4	39	21	6	6	9	28	39	27	46	3	3	34	34	24	13	47	3	20	49	44	41	9	26	49	5	38	32	36	2	46	44	15	48	33	39	26	19	14	42	13	42	36	20	29	28	38	30	40	47	21	27	9	45	14	16	26	38	33	10	48	38	17	10	18	5	30	35	25	6	5	34	12	41	3	16	48	11	0	44	33	30	8	33	15	34	10	44	11	29	1	32	48	22	39	22	18	43	2	7	41	49	23	47	12	5	31	5	16	13	16	19	2	32	41	14	31	21	18	7	8	28	32	46	41	15	16	28	35	6	3	39	48	16	40	45	38	32	6	1	22	0	23	5	33	1	4	3	33	38	30	6	8	13	11	32	15	32	6	9	11	9	23	26	34	36	46	41	26	19	19	36	38	2	30	30	34	36	25	30	25	30	17	17	48	16	16	24	44	5	30	28	34	2	2	0	5	39	13	1	33	16	8	6	35	49	7	27	9	15	38	24	15	14	32	42	4	1	0	48	33	12	44	1	42	46	13	7	49	23	31	38	15	34	46	43	38	22	28	8	47	19	3	17	21	18	35	25	45	32	35	38	4	21	5	23	9	7	8	28	8	18	37	16	28	39	37	11	1	35	13	38	23	46	22	42	37	42	47	14	26	23	10	6	48	43	17	25	23	46	46	11	2	40	5	17	11	11	40	6	13	19	3	13	23	45	37	25	32	14	21	7	23	38	31	36	35	25	20	41	40	31	31	37	
28	34	30	36	37	40	36	26	30	38	38	24	29	34	21	30	40	22	37	29	31	24	35	37	34	33	35	35	23	27	21	22	21	22	30	27	34	27	34	30	20	37	32	31	37	37	26	24	26	38	29	36	38	29	37	32	31	38	38	40	30	30	24	29	39	24	31	33	23	30	24	29	36	37	21	22	25	32	21	40	33	26	31	31	37	33	32	33	32	23	25	32	21	29	24	36	25	34	22	34	30	28	27	32	26	24	20	29	29	25	20	32	23	27	37	22	36	40	26	29	24	22	20	33	36	28	35	29	23	26	36	27	35	26	35	32	27	39	23	25	28	27	23	30	34	32	39	33	20	23	38	40	29	28	28	39	28	32	37	40	38	23	20	32	37	29	29	33	37	23	21	26	24	39	31	35	35	33	29	30	26	27	38	22	31	36	36	22	37	20	23	22	38	28	33	38	40	21	29	28	38	38	37	34	27	35	36	22	38	35	23	22	22	38	29	29	39	26	23	20	37	31	34	30	34	40	31	20	24	23	30	33	20	20	27	23	29	29	26	26	31	22	20	25	21	38	34	32	37	37	23	21	35	27	22	33	21	36	36	35	23	32	29	38	28	36	29	29	24	35	40	31	31	20	35	34	25	29	38	38	21	40	24	26	24	31	36	26	25	22	20	35	25	32	34	22	31	22	20	34	30	35	40	36	24	21	33	23	32	28	21	20	30	20	39	31	29	39	20	38	22	38	25	30	35	23	26	23	32	32	36	32	31	27	36	22	37	38	34	35	37	26	39	22	39	30	26	37	27	22	23	22	22	40	31	21	20	23	39	34	29	31	21	26	37	20	32	27	27	26	32	23	30	30	36	28	32	26	35	40	29	27	31	22	36	35	31	39	26	24	23	38	38	36	37	23	29	22	38	39	26	40	26	32	22	22	39	21	32	29	29	33	30	24	30	20	24	26	23	36	31	31	36	36	36	33	22	34	20	26	24	38	30	30	39	36	37	38	23	28	28	23	24	33	21	20	35	37	33	20	24	35	28	36	27	29	26	34	40	24	20	25	34	33	35	35	37	28	31	39	20	35	33	34	28	28	32	40	32	26	26	36	31	24	38	37	40	34	40	30	34	38	39	22	30	34	32	26	30	24	20	40	31	36	35	26	25	40	33	26	20	40	32	23	40	26	20	24	20	30	31	20	32	28	32	23	38	27	38	29	21	35	36	37	36	28	39	31	36	23	27	20	35	37	28	21	36	35	20	32	40	36	26	29	28	39	29	20	24	22	28	23	30	40	26	29	28	39	25	26	22	20	25	40	34	25	37	36	33	40	29	24	27	31	20	36	29	23	30	32	38	28	27	38	30	35	24	23	35	37	35	40	22	27	30	27	40	36	30	40	24	21	22	34	35	24	24	24	34	38	29	36	35	25	25	34	28	20	32	35	34	24	20	20	23	37	33	25	31	35	38	28	30	30	30	38	38	37	28	21	36	23	23	38	40	22	26	36	23	35	40	25	21	28	22	22	33	25	22	30	27	33	35	36	31	40	36	28	20	32	35	31	23	36	30	23	29	36	39	28	38	30	22	30	31	39	21	36	23	21	22	26	38	30	27	25	33	24	36	30	31	23	27	24	22	29	26	23	40	39	26	36	22	22	26	31	33	30	30	26	35	34	36	34	26	
33	23	26	13	28	25	22	26	50	45	17	11	35	20	23	13	22	34	12	47	50	16	20	21	33	34	45	47	47	50	50	42	27	19	25	50	30	14	48	21	36	49	14	38	10	14	41	42	11	23	33	42	48	40	21	16	23	23	30	31	24	35	45	23	12	34	42	41	26	16	12	45	16	48	27	42	24	30	36	31	21	16	12	17	14	47	38	49	46	40	30	17	11	50	14	15	25	29	38	30	12	33	16	19	34	19	26	23	21	45	11	22	14	13	49	49	31	35	17	24	12	23	28	39	45	24	17	34	50	39	32	10	22	18	50	16	34	21	22	49	36	36	16	42	48	18	15	48	35	23	32	24	30	11	20	49	27	23	46	50	30	22	34	25	32	12	11	39	32	22	23	47	45	12	10	50	35	23	10	16	11	48	19	10	45	41	30	40	17	26	38	15	43	48	37	16	26	42	15	41	24	49	41	12	42	41	14	50	34	12	35	27	36	35	13	48	49	41	27	23	48	40	26	13	13	43	49	36	41	44	47	13	26	38	25	17	12	50	27	34	46	13	17	44	11	35	41	17	20	27	30	23	25	12	39	19	27	33	49	37	20	26	18	41	41	39	37	25	22	16	11	35	39	35	50	18	45	26	45	42	23	19	40	42	13	32	26	22	28	38	38	13	30	17	21	34	45	38	35	27	25	48	25	16	16	46	43	24	41	33	12	25	21	33	17	41	49	35	48	27	41	25	17	46	15	25	32	36	23	44	31	18	38	32	28	19	35	41	23	31	26	34	16	26	23	48	21	45	25	41	15	14	44	11	47	48	50	36	35	41	10	34	33	39	46	27	23	27	49	21	25	16	24	39	26	13	30	39	12	15	19	25	19	49	39	16	36	12	31	18	18	49	23	35	44	12	11	10	27	44	43	11	26	39	30	23	19	14	20	16	32	35	14	48	38	11	42	25	45	23	33	29	12	45	24	15	31	10	23	40	43	29	35	30	18	34	30	46	30	36	17	48	18	15	38	12	32	16	49	46	43	40	32	16	46	41	30	33	38	28	44	13	29	18	26	46	19	11	48	12	27	17	16	28	12	32	42	42	43	25	44	49	23	16	30	19	22	28	16	15	41	16	50	18	47	44	34	36	32	47	29	45	29	32	44	49	15	46	36	31	40	31	43	28	43	26	46	33	39	42	37	40	42	28	35	10	15	26	12	28	25	20	49	15	28	24	43	45	46	18	30	17	33	27	10	32	23	23	23	17	27	33	18	34	11	46	16	30	15	41	18	38	39	37	44	46	34	44	41	36	24	14	34	40	32	25	34	31	46	48	37	38	17	13	26	47	29	33	28	14	27	49	46	26	13	26	38	43	24	37	30	47	31	45	40	35	39	48	44	10	17	22	31	34	38	49	23	24	26	21	15	30	50	42	40	28	29	14	35	22	33	45	28	48	47	45	35	31	21	49	41	19	11	20	33	13	42	18	26	15	42	14	44	14	46	24	27	44	47	11	44	34	38	38	30	14	31	34	12	44	21	39	36	11	27	36	18	11	46	37	20	15	16	12	27	48	33	18	40	28	44	42	16	25	40	32	10	46	25	46	28	35	49	43	36	20	12	29	30	19	43	27	40	15	38	33	22	45	11	37	15	31	23	26	28	43	40	38	14	40	48	24	29	38	42	
20
60
