735
50
0	0	0	0	0	0	0	0	0	0	500	0	0	0	0	0	0	96	0	0	0	0	0	0	0	0	0	0	0	0	0	0	0	0	0	0	0	0	0	0	0	0	0	0	0	0	0	0	0	0	
0	0	0	0	0	0	0	0	48	0	0	0	0	0	0	0	0	0	0	0	0	0	0	0	0	0	0	0	0	0	0	0	0	0	0	0	0	0	0	0	0	96	0	0	0	0	0	0	0	0	
0	0	0	0	0	0	500	0	0	0	0	0	0	0	0	0	0	0	0	0	48	0	0	0	0	0	0	0	0	0	0	0	0	0	0	0	0	0	0	0	192	0	48	0	0	0	0	0	0	0	
0	0	0	0	0	0	0	0	0	0	0	0	0	0	0	0	0	0	0	0	0	0	0	0	0	0	0	0	0	0	0	0	192	0	0	96	0	0	0	0	0	96	0	0	0	0	0	0	0	0	
0	0	0	0	0	0	0	0	0	0	0	0	0	0	0	96	0	0	0	0	0	0	0	0	0	0	500	0	96	0	0	0	0	0	0	0	0	0	0	0	0	0	0	0	0	0	0	0	0	0	
0	0	0	0	0	0	0	0	0	0	0	0	0	0	0	0	0	0	0	0	0	0	0	0	96	0	0	0	0	0	0	0	0	0	0	0	0	96	0	0	0	0	0	0	0	0	0	0	0	0	
0	0	500	0	0	0	0	0	0	0	0	0	0	0	0	0	192	0	0	0	48	0	0	0	0	96	0	500	0	0	0	0	0	0	0	0	0	0	0	0	0	0	0	0	0	0	0	0	0	0	
0	0	0	0	0	0	0	0	0	0	0	0	0	0	0	0	0	0	0	0	0	0	0	0	0	0	0	0	0	0	0	0	0	0	96	0	0	0	500	0	0	0	0	0	0	0	0	0	0	0	
0	48	0	0	0	0	0	0	0	0	0	0	0	0	0	0	0	0	0	0	0	0	0	0	0	0	0	0	0	0	0	0	0	0	0	0	0	0	0	0	0	0	0	0	0	192	0	0	0	0	
0	0	0	0	0	0	0	0	0	0	192	0	0	0	0	0	0	0	0	0	0	96	0	0	0	0	0	0	0	0	0	0	0	0	0	0	0	0	0	0	0	0	0	192	0	0	0	0	0	0	
500	0	0	0	0	0	0	0	0	192	0	0	0	0	0	0	0	0	0	0	0	0	0	0	0	0	0	0	0	0	0	0	0	0	0	0	0	0	0	0	0	0	0	0	0	0	0	0	0	0	
0	0	0	0	0	0	0	0	0	0	0	0	0	96	0	96	0	0	0	0	0	0	0	0	0	0	0	0	0	0	0	0	0	0	0	0	0	0	0	0	0	0	0	0	0	0	0	0	0	0	
0	0	0	0	0	0	0	0	0	0	0	0	0	0	0	0	0	0	0	0	0	0	0	0	0	0	0	0	0	48	0	0	0	0	0	0	0	0	0	0	0	0	0	0	0	0	0	0	192	0	
0	0	0	0	0	0	0	0	0	0	0	96	0	0	0	0	0	0	500	0	0	0	0	0	0	0	0	0	0	0	48	96	0	0	0	0	0	0	0	0	0	0	0	0	0	0	0	0	0	0	
0	0	0	0	0	0	0	0	0	0	0	0	0	0	0	0	0	0	0	0	0	0	0	0	0	0	0	0	0	0	0	0	0	0	0	0	0	0	0	0	0	0	0	0	192	0	0	0	48	0	
0	0	0	0	96	0	0	0	0	0	0	96	0	0	0	0	0	0	0	0	0	0	0	192	0	0	0	0	0	0	0	0	0	0	0	0	0	0	0	0	0	0	0	0	0	0	0	0	0	0	
0	0	0	0	0	0	192	0	0	0	0	0	0	0	0	0	0	0	0	0	0	0	0	0	0	500	0	192	0	0	0	0	0	0	0	0	0	0	0	0	0	0	0	0	0	0	0	0	0	0	
96	0	0	0	0	0	0	0	0	0	0	0	0	0	0	0	0	0	0	0	0	0	0	0	0	0	0	0	0	0	0	0	0	0	0	0	0	0	0	0	96	0	0	0	0	0	0	0	0	0	
0	0	0	0	0	0	0	0	0	0	0	0	0	500	0	0	0	0	0	0	0	0	0	0	0	0	0	0	0	0	0	192	0	0	0	0	0	0	0	0	0	0	0	0	0	0	0	0	0	0	
0	0	0	0	0	0	0	0	0	0	0	0	0	0	0	0	0	0	0	0	0	500	0	0	0	0	0	0	0	0	0	0	192	0	0	0	0	0	500	0	0	0	0	0	0	0	0	0	0	0	
0	0	48	0	0	0	48	0	0	0	0	0	0	0	0	0	0	0	0	0	0	0	0	0	0	0	0	0	0	0	0	0	0	0	0	0	0	0	0	0	0	0	0	0	0	0	0	0	0	0	
0	0	0	0	0	0	0	0	0	96	0	0	0	0	0	0	0	0	0	500	0	0	0	0	0	0	0	0	0	0	0	0	0	0	0	0	0	0	0	0	0	0	0	0	0	0	0	0	0	0	
0	0	0	0	0	0	0	0	0	0	0	0	0	0	0	0	0	0	0	0	0	0	0	192	0	0	0	0	0	0	0	0	0	0	0	0	0	0	0	0	0	0	0	0	0	0	500	0	0	500	
0	0	0	0	0	0	0	0	0	0	0	0	0	0	0	192	0	0	0	0	0	0	192	0	0	0	0	0	0	0	0	0	0	0	0	0	0	0	0	0	0	0	0	0	0	0	0	0	0	0	
0	0	0	0	0	96	0	0	0	0	0	0	0	0	0	0	0	0	0	0	0	0	0	0	0	0	0	0	0	0	0	0	0	0	0	0	0	48	0	0	192	0	48	0	0	0	0	0	0	0	
0	0	0	0	0	0	96	0	0	0	0	0	0	0	0	0	500	0	0	0	0	0	0	0	0	0	0	0	0	0	0	0	0	96	0	0	0	0	0	0	0	0	0	0	500	0	192	0	0	0	
0	0	0	0	500	0	0	0	0	0	0	0	0	0	0	0	0	0	0	0	0	0	0	0	0	0	0	0	48	0	0	0	0	0	0	0	0	0	0	0	0	0	0	0	0	0	0	48	0	48	
0	0	0	0	0	0	500	0	0	0	0	0	0	0	0	0	192	0	0	0	0	0	0	0	0	0	0	0	0	96	0	0	0	0	0	0	0	0	0	0	0	0	192	0	0	0	0	0	0	0	
0	0	0	0	96	0	0	0	0	0	0	0	0	0	0	0	0	0	0	0	0	0	0	0	0	0	48	0	0	0	0	0	0	0	0	0	0	0	0	0	0	0	0	0	0	0	0	0	0	0	
0	0	0	0	0	0	0	0	0	0	0	0	48	0	0	0	0	0	0	0	0	0	0	0	0	0	0	96	0	0	0	0	0	0	0	0	0	0	0	0	192	0	0	0	0	0	0	0	192	0	
0	0	0	0	0	0	0	0	0	0	0	0	0	48	0	0	0	0	0	0	0	0	0	0	0	0	0	0	0	0	0	0	0	0	0	0	48	0	0	192	0	0	0	48	0	96	0	0	0	0	
0	0	0	0	0	0	0	0	0	0	0	0	0	96	0	0	0	0	192	0	0	0	0	0	0	0	0	0	0	0	0	0	0	0	0	0	0	0	0	0	0	0	0	0	0	0	0	0	0	0	
0	0	0	192	0	0	0	0	0	0	0	0	0	0	0	0	0	0	0	192	0	0	0	0	0	0	0	0	0	0	0	0	0	0	0	0	0	0	0	0	0	0	0	0	0	0	0	0	0	0	
0	0	0	0	0	0	0	0	0	0	0	0	0	0	0	0	0	0	0	0	0	0	0	0	0	96	0	0	0	0	0	0	0	0	0	0	0	0	0	0	0	0	0	0	0	0	500	0	0	96	
0	0	0	0	0	0	0	96	0	0	0	0	0	0	0	0	0	0	0	0	0	0	0	0	0	0	0	0	0	0	0	0	0	0	0	500	0	0	0	0	0	0	0	0	0	0	0	0	0	0	
0	0	0	96	0	0	0	0	0	0	0	0	0	0	0	0	0	0	0	0	0	0	0	0	0	0	0	0	0	0	0	0	0	0	500	0	0	0	0	0	0	96	0	0	0	0	0	0	0	0	
0	0	0	0	0	0	0	0	0	0	0	0	0	0	0	0	0	0	0	0	0	0	0	0	0	0	0	0	0	0	48	0	0	0	0	0	0	0	0	48	0	0	0	0	0	0	0	0	0	0	
0	0	0	0	0	96	0	0	0	0	0	0	0	0	0	0	0	0	0	0	0	0	0	0	48	0	0	0	0	0	0	0	0	0	0	0	0	0	0	0	0	0	0	0	0	0	0	0	0	0	
0	0	0	0	0	0	0	500	0	0	0	0	0	0	0	0	0	0	0	500	0	0	0	0	0	0	0	0	0	0	0	0	0	0	0	0	0	0	0	0	0	0	0	0	0	0	0	0	0	0	
0	0	0	0	0	0	0	0	0	0	0	0	0	0	0	0	0	0	0	0	0	0	0	0	0	0	0	0	0	0	192	0	0	0	0	0	48	0	0	0	0	0	0	48	0	0	0	0	0	0	
0	0	192	0	0	0	0	0	0	0	0	0	0	0	0	0	0	96	0	0	0	0	0	0	192	0	0	0	0	192	0	0	0	0	0	0	0	0	0	0	0	0	0	0	0	0	0	0	0	0	
0	96	0	96	0	0	0	0	0	0	0	0	0	0	0	0	0	0	0	0	0	0	0	0	0	0	0	0	0	0	0	0	0	0	0	96	0	0	0	0	0	0	0	0	0	0	0	0	0	48	
0	0	48	0	0	0	0	0	0	0	0	0	0	0	0	0	0	0	0	0	0	0	0	0	48	0	0	192	0	0	0	0	0	0	0	0	0	0	0	0	0	0	0	0	0	0	0	0	0	0	
0	0	0	0	0	0	0	0	0	192	0	0	0	0	0	0	0	0	0	0	0	0	0	0	0	0	0	0	0	0	48	0	0	0	0	0	0	0	0	48	0	0	0	0	0	0	0	0	0	0	
0	0	0	0	0	0	0	0	0	0	0	0	0	0	192	0	0	0	0	0	0	0	0	0	0	500	0	0	0	0	0	0	0	0	0	0	0	0	0	0	0	0	0	0	0	0	0	0	0	0	
0	0	0	0	0	0	0	0	192	0	0	0	0	0	0	0	0	0	0	0	0	0	0	0	0	0	0	0	0	0	96	0	0	0	0	0	0	0	0	0	0	0	0	0	0	0	0	0	0	0	
0	0	0	0	0	0	0	0	0	0	0	0	0	0	0	0	0	0	0	0	0	0	500	0	0	192	0	0	0	0	0	0	0	500	0	0	0	0	0	0	0	0	0	0	0	0	0	0	0	0	
0	0	0	0	0	0	0	0	0	0	0	0	0	0	0	0	0	0	0	0	0	0	0	0	0	0	48	0	0	0	0	0	0	0	0	0	0	0	0	0	0	0	0	0	0	0	0	0	0	0	
0	0	0	0	0	0	0	0	0	0	0	0	192	0	48	0	0	0	0	0	0	0	0	0	0	0	0	0	0	192	0	0	0	0	0	0	0	0	0	0	0	0	0	0	0	0	0	0	0	0	
0	0	0	0	0	0	0	0	0	0	0	0	0	0	0	0	0	0	0	0	0	0	500	0	0	0	48	0	0	0	0	0	0	96	0	0	0	0	0	0	0	48	0	0	0	0	0	0	0	0	
24	24	47	32	19	10	11	2	31	12	37	11	47	27	41	30	13	26	37	48	7	3	48	8	12	47	4	31	38	28	1	17	49	38	35	47	23	19	27	44	7	35	24	39	25	21	18	25	12	23	8	32	36	38	9	23	1	47	35	11	40	4	47	29	9	11	3	38	18	49	40	29	47	35	31	23	13	46	7	35	1	48	23	35	43	13	46	8	25	8	37	39	41	30	2	1	30	15	31	9	16	4	42	45	25	17	24	18	6	6	2	49	9	7	29	13	9	48	39	35	28	19	2	4	38	41	44	1	43	36	32	14	46	19	15	44	22	1	30	25	34	19	14	17	12	17	22	0	47	12	15	4	40	0	13	26	9	40	18	2	8	28	33	39	36	18	2	32	33	7	9	34	9	39	8	46	7	17	30	2	35	27	37	23	37	22	28	43	32	33	36	6	38	45	14	23	15	18	33	11	36	37	43	32	43	6	10	21	40	27	49	39	0	30	17	11	17	39	44	26	21	22	29	33	27	42	1	1	45	41	1	19	45	14	23	3	30	20	0	46	40	18	39	31	23	41	32	19	6	19	40	43	19	13	39	3	38	35	10	27	6	23	38	26	2	25	15	20	0	3	4	42	33	25	14	29	14	29	13	37	2	2	10	47	5	40	48	21	49	15	17	23	24	35	4	34	39	4	14	19	47	41	6	30	48	36	2	9	37	49	4	1	49	38	33	12	43	41	48	23	23	0	2	7	29	47	27	49	16	25	12	37	20	6	46	10	17	21	49	36	2	21	18	47	9	17	24	4	25	4	3	14	22	12	9	1	32	30	22	42	29	22	41	43	43	34	21	7	15	36	15	34	22	32	33	47	44	25	23	48	33	31	23	46	41	37	0	23	29	20	47	13	6	32	28	27	29	29	28	38	40	48	14	37	10	18	26	37	16	15	45	44	28	10	40	7	40	29	5	13	17	20	49	19	43	46	35	8	8	27	11	25	35	28	24	1	8	2	45	22	5	25	36	13	3	29	46	17	18	43	18	39	22	36	24	12	18	12	25	5	42	32	32	21	14	32	23	46	15	18	17	3	37	26	7	43	40	22	5	45	33	13	20	41	42	21	0	12	27	22	26	40	25	16	3	47	20	45	7	24	8	21	5	20	42	36	20	4	32	13	45	13	33	44	2	1	3	11	23	7	48	42	16	32	37	47	35	21	0	20	4	23	15	47	3	23	32	27	36	17	8	18	12	8	31	40	30	44	35	9	22	17	45	45	8	19	40	29	25	32	0	13	10	31	49	19	42	20	37	3	20	0	14	29	15	0	19	37	30	5	49	3	41	12	10	36	46	20	28	34	35	19	31	9	21	0	23	21	31	43	33	32	30	42	28	12	20	27	28	7	32	20	41	14	41	30	7	31	11	7	14	48	9	14	5	29	47	18	29	8	0	18	0	4	31	45	14	23	4	23	2	36	48	11	40	46	36	23	14	4	31	17	26	7	9	24	15	43	34	37	48	34	12	28	0	37	34	47	15	32	45	43	4	11	40	32	8	16	4	29	27	39	16	1	27	15	15	20	11	22	47	13	43	18	44	10	45	35	33	37	10	9	39	9	12	20	2	1	7	48	41	18	6	9	11	49	11	44	21	20	18	1	26	16	24	48	26	4	47	1	25	15	27	6	14	
27	35	21	23	16	19	24	30	37	33	48	45	33	8	6	20	3	16	16	22	34	23	14	32	37	47	38	10	27	23	37	20	22	18	47	47	32	36	45	24	0	39	3	7	3	18	42	12	36	16	18	24	25	29	12	24	38	27	2	36	0	26	9	11	35	7	31	46	46	45	0	6	15	13	12	18	11	25	15	45	4	33	37	37	45	5	35	25	8	20	28	34	10	17	10	44	49	24	4	23	20	33	35	18	30	31	39	18	38	49	4	23	39	41	3	47	40	19	45	39	25	1	44	6	3	22	34	11	10	27	15	20	19	37	32	13	25	48	16	47	47	14	9	36	36	10	27	31	41	46	40	25	40	24	49	25	44	27	16	32	1	2	10	39	8	1	37	31	16	34	22	27	36	26	27	24	11	47	45	23	14	42	36	35	15	46	41	0	13	7	16	13	2	39	3	40	31	44	0	43	47	31	36	11	36	23	37	9	27	24	18	32	22	13	27	10	29	6	18	15	25	19	15	10	42	29	8	26	40	39	49	23	20	9	44	9	42	11	39	13	16	48	26	30	29	30	29	22	0	26	24	30	44	31	47	47	4	41	6	36	11	26	34	28	12	41	38	42	38	28	12	8	42	39	35	21	17	33	40	44	38	27	11	15	34	1	7	26	0	1	46	44	45	10	15	44	22	17	36	14	5	16	4	16	0	21	25	13	14	11	40	14	43	33	23	25	41	19	9	7	45	45	6	21	21	29	28	28	48	10	17	33	20	27	44	45	6	0	26	10	2	2	9	23	29	33	8	19	48	7	34	10	3	13	35	6	37	6	33	36	34	40	10	3	17	21	32	31	41	14	3	2	45	30	45	7	42	49	14	17	17	1	30	41	39	45	14	23	41	31	12	25	32	31	33	14	9	0	15	0	19	19	20	12	25	34	46	25	14	38	40	43	31	45	28	6	33	13	39	11	13	27	29	31	36	38	47	38	41	38	23	38	36	39	24	28	38	18	42	47	9	21	14	17	18	25	6	11	32	40	9	23	33	31	15	11	12	1	17	46	15	23	35	35	41	44	13	5	48	39	13	46	41	2	17	12	10	30	31	26	1	13	37	33	49	33	1	39	40	43	25	30	26	29	1	31	46	8	17	33	37	35	25	12	6	24	15	19	21	17	33	11	2	40	37	47	8	6	33	36	18	34	49	11	5	12	18	30	18	19	16	2	0	30	8	0	36	8	20	26	34	8	42	18	0	25	40	39	43	37	11	42	8	48	21	29	32	41	15	22	3	33	25	16	3	31	42	16	45	40	30	38	43	43	7	39	27	8	27	12	48	34	13	10	26	23	24	38	6	42	42	47	15	24	26	15	27	6	7	15	47	13	43	28	13	8	24	44	48	11	12	5	7	2	21	32	3	32	1	10	22	20	28	9	49	13	16	40	36	30	19	20	6	16	7	2	8	29	24	7	7	6	8	42	14	46	49	47	2	15	20	3	46	13	3	48	7	22	7	25	26	9	26	37	36	35	34	16	10	42	37	16	37	34	14	30	2	6	11	9	21	27	9	39	9	45	0	4	34	40	15	47	29	31	22	21	1	27	23	40	15	5	30	27	35	32	44	4	36	5	21	26	40	24	18	22	6	36	15	31	26	23	20	10	41	3	41	44	15	17	38	33	38	22	13	
35	39	28	27	33	39	37	23	31	38	33	23	30	32	21	36	24	32	35	34	22	35	37	28	38	20	22	27	36	27	24	31	25	34	37	29	24	37	26	38	26	22	20	30	35	32	36	35	35	22	25	22	35	40	26	20	22	31	33	22	27	38	38	29	35	28	34	28	27	34	35	35	29	30	34	22	35	38	29	33	37	23	33	40	29	26	26	31	34	36	25	29	31	32	29	20	28	38	35	24	33	39	33	21	25	30	33	39	27	22	27	37	37	29	40	26	23	34	20	40	24	35	30	40	25	28	28	26	21	36	26	34	23	39	22	34	20	37	39	39	27	30	38	23	29	30	23	20	31	32	25	31	36	34	38	38	37	33	40	32	40	26	34	39	38	24	28	39	31	32	36	40	22	34	32	25	33	26	35	20	20	21	25	30	27	38	39	38	40	29	25	20	23	30	24	35	30	23	27	26	35	30	20	27	30	22	26	39	22	33	28	25	37	40	29	29	34	30	28	36	33	31	30	25	25	37	26	27	20	24	35	31	26	28	22	40	33	32	37	25	24	25	36	33	28	33	34	25	33	32	37	31	30	21	23	32	34	25	23	36	34	40	29	28	23	33	26	35	31	36	21	29	25	26	27	22	20	23	23	40	40	32	22	30	32	27	22	23	34	33	40	38	25	35	33	32	30	27	34	25	29	38	23	27	32	36	33	37	40	40	34	35	20	39	20	29	32	39	29	33	21	20	38	25	29	38	37	26	37	38	38	23	22	39	33	40	39	24	27	29	21	31	37	29	23	20	21	27	37	22	23	25	26	37	29	23	37	21	23	22	38	21	31	40	31	40	26	31	37	31	38	33	23	32	33	22	33	38	23	31	20	21	32	26	32	30	35	24	22	21	23	27	39	20	34	40	40	37	27	25	28	34	39	23	21	37	22	40	37	28	21	24	35	30	40	26	36	37	34	33	33	28	27	31	36	34	35	21	23	31	32	37	40	33	33	22	34	34	39	38	21	32	39	31	33	31	31	39	34	30	22	34	35	29	30	33	27	26	31	30	30	39	31	21	30	36	26	25	34	28	20	37	21	25	20	25	31	39	28	21	23	27	37	40	22	25	37	23	39	32	39	25	24	20	27	32	34	20	25	26	38	23	32	21	24	21	22	31	27	36	20	25	40	27	20	27	22	24	37	37	26	38	22	25	34	25	39	20	30	40	30	28	35	24	21	37	27	37	35	40	36	21	33	36	30	27	37	37	35	24	35	36	28	21	23	33	26	21	29	31	20	28	30	38	21	32	34	35	38	40	20	30	23	21	21	26	27	28	37	33	24	38	26	40	26	22	21	29	34	30	40	38	24	37	28	33	31	36	38	33	38	39	38	21	29	27	23	32	24	39	29	20	34	20	29	35	31	30	38	31	30	27	21	37	27	32	27	24	21	22	37	31	40	34	22	31	27	29	36	34	34	27	25	24	35	28	39	30	39	21	24	23	35	21	25	20	38	29	37	20	29	21	22	26	23	23	31	30	23	29	20	38	32	22	29	36	29	28	33	27	22	20	35	26	36	34	21	34	21	31	29	29	31	34	23	39	29	27	40	33	34	35	22	26	36	25	21	21	28	31	27	21	33	40	37	25	33	33	25	28	33	25	34	32	23	29	32	38	36	34	26	36	29	20	39	
19	11	40	47	50	46	18	21	46	47	11	17	24	23	27	50	40	26	28	13	29	45	25	31	26	15	26	48	41	17	39	13	24	33	28	43	30	11	39	18	42	31	49	42	18	39	28	44	23	33	37	44	47	30	29	38	45	12	38	41	13	27	43	46	40	31	37	10	50	14	36	28	22	20	37	20	40	23	21	35	44	49	15	29	34	29	13	43	34	46	28	22	36	30	30	35	26	20	43	46	19	38	17	44	28	39	34	44	20	41	11	40	49	26	37	17	42	27	43	46	45	30	24	32	13	44	49	16	23	22	49	38	40	37	18	26	20	49	23	16	49	22	13	38	30	48	37	46	49	15	24	42	16	46	19	16	11	37	21	30	43	19	32	13	31	12	22	10	40	10	50	38	14	41	23	36	38	26	20	42	39	46	22	40	19	47	21	42	15	13	45	22	21	15	25	21	42	47	24	47	33	40	39	26	48	50	15	31	42	35	34	13	47	31	31	48	33	36	42	28	19	27	33	10	33	11	46	39	44	11	41	21	34	49	35	26	20	10	26	12	11	45	40	38	16	46	26	22	19	45	49	42	40	19	11	12	15	22	48	13	37	13	27	10	11	39	15	30	31	37	39	26	19	31	16	34	38	41	44	43	26	36	36	11	31	12	46	29	49	29	16	23	31	31	47	15	47	44	44	22	50	10	41	21	12	14	37	18	50	19	28	15	24	35	38	44	18	10	41	22	15	24	17	24	35	49	37	11	38	16	45	31	28	45	15	44	23	49	37	28	13	14	36	29	15	10	22	36	27	45	22	24	12	31	46	25	43	18	42	26	26	48	24	14	25	12	39	44	22	34	21	13	49	29	39	29	39	29	32	37	43	30	24	30	43	22	36	44	41	24	36	38	20	42	17	50	42	27	46	15	26	26	37	49	14	23	35	35	43	19	11	24	18	15	32	49	26	20	14	50	20	18	14	13	23	40	19	14	16	19	32	41	19	36	46	33	32	13	29	46	11	47	19	24	13	27	31	17	20	38	24	36	42	11	34	20	12	37	45	16	21	22	21	33	38	16	26	46	22	19	46	16	42	34	17	46	27	25	47	34	28	18	42	44	25	18	50	19	11	34	41	34	35	29	50	43	16	41	11	41	36	35	30	45	24	21	22	25	22	45	15	36	17	11	44	10	11	20	13	44	16	24	40	34	50	33	43	37	31	31	26	29	50	43	15	50	50	34	19	22	15	46	29	41	31	44	42	43	50	32	14	23	10	50	28	45	12	36	46	12	34	21	49	18	16	46	11	19	28	44	34	13	50	23	15	17	46	26	36	38	40	24	15	15	12	23	32	33	27	40	42	48	26	11	41	43	35	14	20	19	10	42	20	16	12	17	49	32	15	11	36	46	13	20	34	39	31	18	44	18	41	29	18	10	35	27	18	33	17	46	18	50	16	13	44	49	27	14	25	22	29	32	10	42	19	33	22	20	29	37	42	25	14	14	40	29	44	39	49	37	23	28	40	16	45	10	50	48	21	23	28	46	24	40	43	13	38	14	47	36	47	31	50	23	29	20	42	49	40	40	12	40	20	36	38	16	26	24	32	22	47	39	34	31	35	30	20	41	20	38	13	47	22	45	31	31	14	49	38	49	15	32	40	12	42	22	22	20	34	18	38	39	22	12	28	
10
60
