612
50
0	0	0	0	0	0	0	0	0	0	0	0	0	0	0	0	0	0	0	0	0	0	0	0	0	0	0	0	0	48	0	0	0	0	0	0	0	0	0	0	0	0	0	0	0	0	0	0	96	0	
0	0	0	0	0	0	0	0	0	0	0	500	0	0	0	0	96	0	0	0	0	0	0	0	0	0	0	0	0	0	0	0	0	0	0	0	0	0	0	0	0	0	192	0	0	0	0	0	0	48	
0	0	0	0	0	0	0	0	0	0	0	0	0	0	0	0	0	0	96	0	0	0	500	0	0	0	0	0	0	0	0	0	0	0	0	0	0	0	0	0	0	0	0	0	0	0	0	0	0	0	
0	0	0	0	0	0	48	0	0	0	0	0	0	0	0	0	0	0	0	0	0	0	48	0	0	0	0	0	0	0	0	0	0	0	0	0	0	0	0	0	0	0	0	0	0	0	0	0	0	0	
0	0	0	0	0	0	0	0	0	0	0	0	0	0	0	0	0	0	0	0	0	0	0	0	0	0	0	0	0	0	48	0	0	0	0	0	0	0	0	0	0	0	0	0	0	0	0	0	0	500	
0	0	0	0	0	0	0	0	0	0	0	0	0	0	0	0	0	0	0	0	0	0	0	0	0	192	0	192	0	0	0	0	0	0	0	0	0	0	0	0	0	0	0	0	0	0	0	0	0	0	
0	0	0	48	0	0	0	0	0	0	0	0	0	0	0	0	0	0	0	0	0	0	0	0	0	0	0	0	0	0	0	0	0	0	0	0	0	0	0	0	0	0	0	0	0	0	0	500	0	0	
0	0	0	0	0	0	0	0	0	0	0	0	0	0	0	0	0	0	0	0	0	0	0	0	0	0	0	0	0	0	0	0	0	0	0	0	0	0	0	0	0	0	0	192	96	0	0	0	0	0	
0	0	0	0	0	0	0	0	0	96	0	0	0	0	0	0	0	0	0	0	0	0	0	0	0	0	0	0	192	0	192	0	0	0	0	0	96	0	0	0	0	0	0	0	0	0	0	0	0	0	
0	0	0	0	0	0	0	0	96	0	0	0	0	0	0	0	0	0	0	0	0	0	0	0	0	0	0	0	48	0	0	0	0	0	0	0	192	0	0	0	0	0	0	0	0	0	0	0	0	0	
0	0	0	0	0	0	0	0	0	0	0	0	0	192	0	0	0	0	0	0	48	0	0	0	0	0	0	0	0	0	0	0	0	0	0	0	0	0	0	0	0	0	0	0	0	0	0	0	0	0	
0	500	0	0	0	0	0	0	0	0	0	0	0	0	0	0	500	0	0	0	0	0	0	0	0	0	0	0	0	0	0	0	0	0	0	0	0	0	0	0	96	0	0	0	0	0	0	0	0	0	
0	0	0	0	0	0	0	0	0	0	0	0	0	0	0	0	0	0	0	0	0	0	0	96	0	0	0	0	0	0	0	0	0	0	0	0	0	48	0	0	0	48	0	0	0	0	0	0	0	0	
0	0	0	0	0	0	0	0	0	0	192	0	0	0	0	0	0	0	0	192	0	0	0	0	0	0	0	0	0	0	0	0	0	0	0	0	0	0	0	0	0	0	0	0	0	0	0	0	0	0	
0	0	0	0	0	0	0	0	0	0	0	0	0	0	0	0	0	0	0	0	0	500	0	0	0	0	0	0	0	0	0	96	0	0	0	0	0	500	0	0	0	0	0	0	0	0	0	0	0	0	
0	0	0	0	0	0	0	0	0	0	0	0	0	0	0	0	0	0	0	0	0	0	0	0	0	0	0	0	0	0	0	0	0	0	0	0	0	0	0	0	48	0	0	0	0	0	0	192	0	0	
0	96	0	0	0	0	0	0	0	0	0	500	0	0	0	0	0	0	0	0	0	0	0	0	0	0	0	0	0	0	0	0	0	0	0	0	0	0	0	0	0	0	0	0	0	0	0	0	0	0	
0	0	0	0	0	0	0	0	0	0	0	0	0	0	0	0	0	0	0	0	0	0	0	0	0	0	0	0	0	0	0	0	0	0	0	0	500	0	192	96	0	0	0	192	0	0	0	0	0	0	
0	0	96	0	0	0	0	0	0	0	0	0	0	0	0	0	0	0	0	0	0	0	500	0	0	0	0	0	0	0	0	0	0	0	0	0	0	0	0	0	0	0	0	0	0	0	0	0	0	0	
0	0	0	0	0	0	0	0	0	0	0	0	0	192	0	0	0	0	0	0	0	0	0	0	0	0	0	0	0	0	0	0	500	0	0	0	0	0	0	0	0	48	0	0	0	0	0	0	0	0	
0	0	0	0	0	0	0	0	0	0	48	0	0	0	0	0	0	0	0	0	0	0	0	0	0	0	0	0	0	0	0	0	48	0	0	0	0	0	0	0	0	0	0	0	0	0	0	0	0	0	
0	0	0	0	0	0	0	0	0	0	0	0	0	0	500	0	0	0	0	0	0	0	0	0	0	0	0	0	0	0	0	0	0	0	192	0	0	0	0	48	0	0	0	0	0	0	0	0	48	0	
0	0	500	48	0	0	0	0	0	0	0	0	0	0	0	0	0	0	500	0	0	0	0	0	0	0	0	0	0	0	0	0	0	0	0	0	0	0	0	0	0	0	0	0	0	0	0	0	0	0	
0	0	0	0	0	0	0	0	0	0	0	0	96	0	0	0	0	0	0	0	0	0	0	0	0	0	0	192	0	0	0	0	0	0	0	0	0	0	0	0	0	0	0	0	0	0	0	0	0	0	
0	0	0	0	0	0	0	0	0	0	0	0	0	0	0	0	0	0	0	0	0	0	0	0	0	0	0	0	0	0	0	48	0	0	0	0	0	0	192	0	96	0	192	0	0	0	0	0	0	0	
0	0	0	0	0	192	0	0	0	0	0	0	0	0	0	0	0	0	0	0	0	0	0	0	0	0	0	48	0	500	0	0	0	0	0	500	0	0	0	0	0	0	0	0	0	0	0	0	0	0	
0	0	0	0	0	0	0	0	0	0	0	0	0	0	0	0	0	0	0	0	0	0	0	0	0	0	0	0	0	0	0	0	0	0	48	0	0	0	0	0	0	0	0	0	0	48	0	0	0	0	
0	0	0	0	0	192	0	0	0	0	0	0	0	0	0	0	0	0	0	0	0	0	0	192	0	48	0	0	0	0	0	0	0	0	0	0	0	0	0	0	0	0	0	0	0	0	0	0	0	0	
0	0	0	0	0	0	0	0	192	48	0	0	0	0	0	0	0	0	0	0	0	0	0	0	0	0	0	0	0	0	0	0	0	0	0	0	0	0	0	0	0	0	0	0	0	0	0	0	0	0	
48	0	0	0	0	0	0	0	0	0	0	0	0	0	0	0	0	0	0	0	0	0	0	0	0	500	0	0	0	0	0	0	0	0	0	0	0	0	0	0	0	0	0	0	0	0	0	0	0	0	
0	0	0	0	48	0	0	0	192	0	0	0	0	0	0	0	0	0	0	0	0	0	0	0	0	0	0	0	0	0	0	0	0	0	0	0	0	0	0	0	0	0	0	0	0	0	0	0	0	0	
0	0	0	0	0	0	0	0	0	0	0	0	0	0	96	0	0	0	0	0	0	0	0	0	48	0	0	0	0	0	0	0	0	0	0	0	0	0	0	0	0	0	192	0	0	0	0	0	0	0	
0	0	0	0	0	0	0	0	0	0	0	0	0	0	0	0	0	0	0	500	48	0	0	0	0	0	0	0	0	0	0	0	0	0	0	0	0	0	0	0	0	0	0	0	0	0	0	0	0	0	
0	0	0	0	0	0	0	0	0	0	0	0	0	0	0	0	0	0	0	0	0	0	0	0	0	0	0	0	0	0	0	0	0	0	500	96	0	0	0	0	0	0	0	0	0	0	0	0	0	0	
0	0	0	0	0	0	0	0	0	0	0	0	0	0	0	0	0	0	0	0	0	192	0	0	0	0	48	0	0	0	0	0	0	500	0	0	0	0	0	0	0	0	0	0	0	0	0	0	0	0	
0	0	0	0	0	0	0	0	0	0	0	0	0	0	0	0	0	0	0	0	0	0	0	0	0	500	0	0	0	0	0	0	0	96	0	0	0	0	0	0	0	0	0	0	0	0	48	0	0	0	
0	0	0	0	0	0	0	0	96	192	0	0	0	0	0	0	0	500	0	0	0	0	0	0	0	0	0	0	0	0	0	0	0	0	0	0	0	0	0	0	0	0	0	0	0	0	0	0	0	0	
0	0	0	0	0	0	0	0	0	0	0	0	48	0	500	0	0	0	0	0	0	0	0	0	0	0	0	0	0	0	0	0	0	0	0	0	0	0	0	0	0	0	0	0	0	0	0	0	0	0	
0	0	0	0	0	0	0	0	0	0	0	0	0	0	0	0	0	192	0	0	0	0	0	0	192	0	0	0	0	0	0	0	0	0	0	0	0	0	0	0	0	0	0	0	0	0	0	0	0	0	
0	0	0	0	0	0	0	0	0	0	0	0	0	0	0	0	0	96	0	0	0	48	0	0	0	0	0	0	0	0	0	0	0	0	0	0	0	0	0	0	0	0	0	0	0	0	0	0	0	0	
0	0	0	0	0	0	0	0	0	0	0	96	0	0	0	48	0	0	0	0	0	0	0	0	96	0	0	0	0	0	0	0	0	0	0	0	0	0	0	0	0	0	0	0	0	0	0	0	0	0	
0	0	0	0	0	0	0	0	0	0	0	0	48	0	0	0	0	0	0	48	0	0	0	0	0	0	0	0	0	0	0	0	0	0	0	0	0	0	0	0	0	0	0	0	0	0	0	0	0	0	
0	192	0	0	0	0	0	0	0	0	0	0	0	0	0	0	0	0	0	0	0	0	0	0	192	0	0	0	0	0	0	192	0	0	0	0	0	0	0	0	0	0	0	0	0	0	0	0	0	0	
0	0	0	0	0	0	0	192	0	0	0	0	0	0	0	0	0	192	0	0	0	0	0	0	0	0	0	0	0	0	0	0	0	0	0	0	0	0	0	0	0	0	0	0	0	0	0	0	0	0	
0	0	0	0	0	0	0	96	0	0	0	0	0	0	0	0	0	0	0	0	0	0	0	0	0	0	0	0	0	0	0	0	0	0	0	0	0	0	0	0	0	0	0	0	0	0	96	0	0	0	
0	0	0	0	0	0	0	0	0	0	0	0	0	0	0	0	0	0	0	0	0	0	0	0	0	0	48	0	0	0	0	0	0	0	0	0	0	0	0	0	0	0	0	0	0	0	0	0	0	0	
0	0	0	0	0	0	0	0	0	0	0	0	0	0	0	0	0	0	0	0	0	0	0	0	0	0	0	0	0	0	0	0	0	0	0	48	0	0	0	0	0	0	0	0	96	0	0	0	0	0	
0	0	0	0	0	0	500	0	0	0	0	0	0	0	0	192	0	0	0	0	0	0	0	0	0	0	0	0	0	0	0	0	0	0	0	0	0	0	0	0	0	0	0	0	0	0	0	0	0	0	
96	0	0	0	0	0	0	0	0	0	0	0	0	0	0	0	0	0	0	0	0	48	0	0	0	0	0	0	0	0	0	0	0	0	0	0	0	0	0	0	0	0	0	0	0	0	0	0	0	0	
0	48	0	0	500	0	0	0	0	0	0	0	0	0	0	0	0	0	0	0	0	0	0	0	0	0	0	0	0	0	0	0	0	0	0	0	0	0	0	0	0	0	0	0	0	0	0	0	0	0	
23	21	1	33	42	2	33	47	18	47	36	21	4	27	12	25	23	22	2	6	45	6	6	19	1	18	21	30	35	44	29	6	37	2	35	20	36	31	18	16	49	38	40	6	26	11	28	47	43	18	0	4	38	14	1	32	13	23	36	1	41	37	13	11	37	23	17	37	9	20	49	24	48	38	34	38	14	17	41	0	29	41	1	47	5	3	45	35	4	12	12	17	10	41	1	47	31	13	20	32	17	15	18	21	38	27	28	30	29	41	46	34	4	25	27	3	4	24	15	27	17	49	25	28	2	40	32	45	27	37	20	39	20	33	32	7	11	6	28	34	10	19	13	32	10	4	35	36	25	45	17	39	6	33	15	35	5	0	45	7	15	49	40	6	42	8	49	14	40	43	8	16	33	47	1	42	21	26	35	46	44	45	42	41	32	17	22	18	29	19	36	32	21	45	22	35	7	6	27	42	19	35	46	24	5	10	36	47	11	26	2	1	19	43	17	45	19	29	40	10	29	31	25	20	35	25	25	6	39	26	24	23	3	48	13	43	1	25	8	16	4	0	26	15	40	21	12	3	23	22	41	29	17	20	40	35	14	40	21	20	30	0	30	25	1	16	16	4	29	24	25	11	10	1	46	37	16	12	23	31	5	45	33	7	16	16	20	44	1	37	19	10	4	27	21	12	21	5	1	41	28	39	45	1	35	9	40	1	20	32	38	45	19	12	10	44	32	21	40	31	4	2	11	24	3	9	36	34	4	30	20	3	9	20	26	0	3	8	15	24	28	46	48	25	26	8	26	22	25	15	42	27	45	31	20	14	1	45	35	9	23	9	19	39	44	17	9	27	24	14	11	38	30	22	30	9	32	0	7	24	0	18	33	0	18	10	4	28	22	49	25	33	22	25	18	15	26	12	18	30	4	43	35	43	34	25	22	9	29	34	29	34	19	10	20	31	13	36	22	31	40	38	14	42	24	8	13	16	12	5	44	24	3	11	15	21	48	38	33	27	41	45	14	49	37	7	13	22	2	10	48	24	16	46	10	18	2	10	24	37	42	28	13	10	9	2	22	4	30	11	40	43	43	0	38	37	28	43	0	4	14	14	5	23	36	21	21	44	0	29	29	16	9	31	47	4	32	32	32	10	38	27	31	27	25	13	9	30	2	2	9	9	20	30	19	44	29	48	19	18	23	49	34	34	19	14	22	21	28	0	2	21	30	2	48	41	30	1	17	28	14	14	29	5	46	44	49	3	33	41	48	41	49	35	31	4	33	27	46	11	6	38	42	19	29	33	33	5	14	49	20	32	8	13	17	23	18	3	33	15	8	49	16	27	15	37	26	14	5	16	28	25	24	45	41	21	44	6	9	32	19	35	26	22	7	15	33	15	40	22	48	49	
15	24	17	48	49	9	32	48	22	22	10	28	47	36	36	2	21	18	13	26	31	6	46	42	28	27	19	43	25	0	7	49	19	44	42	6	39	39	21	29	11	14	20	0	25	34	11	45	28	48	0	0	30	37	46	1	15	7	18	21	3	5	15	42	45	46	3	4	35	25	49	35	11	10	36	45	28	34	4	5	2	20	12	31	1	31	39	21	10	16	28	25	19	37	44	21	34	1	9	44	3	49	11	2	32	14	0	49	30	18	39	37	3	20	25	5	37	39	5	3	21	42	25	21	49	30	39	20	45	25	4	29	16	14	31	16	16	8	40	48	27	40	44	39	10	49	14	9	49	15	34	31	10	1	17	47	19	36	42	41	8	38	32	41	34	23	4	9	23	28	30	42	11	19	30	30	27	8	25	23	13	10	19	25	17	45	34	1	24	7	12	37	32	25	20	33	17	8	7	3	31	42	16	49	42	20	22	46	19	1	33	2	22	8	6	1	21	44	34	21	5	27	11	7	40	36	10	25	42	22	14	29	32	4	40	5	30	47	48	37	10	11	31	15	5	11	38	28	33	46	43	23	6	48	15	21	12	6	11	16	3	36	21	7	18	28	30	46	35	18	33	7	28	22	47	10	34	21	5	43	11	39	5	27	21	41	0	46	25	5	35	42	9	46	2	40	35	35	42	4	17	1	20	38	15	3	6	24	38	21	37	44	49	7	14	0	26	2	10	35	2	49	41	21	20	41	20	28	25	10	40	33	18	47	5	35	0	8	20	25	46	15	10	19	5	2	28	9	47	20	21	22	23	9	39	20	46	6	16	7	30	3	48	33	16	7	44	46	23	2	46	0	30	4	32	34	41	8	9	42	46	29	10	42	47	17	38	9	28	5	0	27	46	18	12	40	22	35	33	8	45	4	12	47	19	4	47	8	33	26	15	15	13	13	19	12	33	26	32	23	14	45	49	6	47	37	38	4	26	13	15	21	44	32	29	35	23	3	16	28	24	42	40	30	10	24	25	2	43	38	16	30	27	25	40	48	42	14	40	29	39	45	15	39	44	23	23	0	3	35	31	42	25	25	28	39	14	14	22	15	0	20	46	29	45	45	15	3	29	49	42	15	39	31	29	44	42	43	1	11	49	34	3	38	44	41	37	44	34	17	36	14	18	8	35	26	10	8	19	39	13	28	4	30	18	7	13	40	28	11	27	2	22	33	8	14	43	28	47	11	46	3	11	23	20	19	41	2	49	35	11	23	40	33	36	42	36	24	31	28	45	45	26	6	1	22	22	7	30	34	30	28	44	38	23	41	18	5	27	11	6	40	33	43	2	4	16	37	21	33	40	42	21	14	24	28	26	48	39	4	17	47	16	43	4	42	48	35	21	18	49	21	
29	26	33	39	27	20	38	27	35	23	23	36	37	35	25	40	39	22	33	38	39	26	21	30	39	23	35	29	37	20	24	27	40	39	27	26	32	36	27	30	34	34	31	40	21	32	39	37	29	23	27	33	35	33	31	21	34	26	31	24	24	23	39	31	28	34	28	23	37	31	21	40	38	22	29	32	26	23	26	39	20	35	25	25	27	35	26	33	28	30	31	33	29	22	35	23	40	30	33	38	37	31	20	20	23	39	40	27	35	39	32	35	35	20	30	36	28	38	20	32	32	25	25	37	32	24	30	36	23	20	40	32	38	23	40	27	28	20	24	30	39	26	36	23	33	33	20	36	29	22	28	21	31	40	38	38	27	25	23	36	32	39	37	23	38	24	39	37	29	26	22	40	29	37	26	29	30	39	26	26	34	40	22	40	36	25	28	25	27	40	30	35	21	22	33	35	27	37	33	31	39	25	23	37	29	31	29	25	37	37	21	24	26	31	33	39	38	35	24	29	24	34	29	34	23	25	21	34	29	37	22	40	26	26	33	38	24	39	25	39	39	34	26	31	39	20	25	38	33	20	26	39	20	40	30	34	37	25	23	23	37	40	35	24	24	23	20	39	25	30	38	39	33	34	28	38	20	35	29	24	40	22	37	28	29	36	27	34	30	23	27	20	20	38	25	34	22	22	33	22	23	35	40	30	38	32	35	33	37	32	22	21	23	33	28	22	32	37	20	22	22	38	39	20	28	20	21	27	25	37	37	25	35	26	24	40	22	40	34	39	31	20	30	40	27	37	23	23	21	34	24	33	25	21	34	26	36	31	36	38	38	33	34	35	39	30	28	33	20	29	20	24	22	23	22	39	22	29	36	20	35	26	20	32	35	20	26	25	23	25	31	22	36	27	25	22	31	40	23	22	26	40	26	39	20	29	24	37	33	27	39	28	29	20	36	33	22	33	37	23	37	26	35	23	40	34	25	28	31	40	38	26	20	39	36	33	30	28	26	37	29	24	28	31	30	36	37	24	27	40	27	20	21	22	40	30	39	26	36	31	35	30	35	39	25	30	28	28	28	21	25	39	24	25	37	23	27	23	20	38	38	26	23	27	20	37	28	32	22	30	28	31	21	31	25	24	26	21	31	34	26	27	40	29	34	38	32	22	26	25	26	21	33	31	34	25	37	34	20	31	39	24	40	40	35	28	25	38	34	37	32	39	28	39	34	33	29	26	37	30	29	38	29	24	37	35	27	25	31	39	32	24	21	28	37	37	31	40	22	36	39	30	39	26	33	21	39	36	21	23	31	36	28	35	20	22	33	28	29	35	39	31	35	26	23	33	39	21	37	30	25	21	39	28	26	33	30	29	31	33	21	37	35	29	36	31	25	39	20	40	36	24	
39	34	50	43	23	45	30	48	25	38	18	39	16	25	18	19	11	48	36	46	13	24	39	31	28	27	28	44	37	43	29	27	34	41	20	17	13	26	23	16	42	26	12	29	50	38	23	23	34	45	13	31	14	37	19	12	44	32	14	46	39	21	43	23	50	24	38	46	45	10	27	18	29	10	40	42	17	26	41	43	32	50	16	38	10	12	47	33	39	15	44	36	10	22	24	25	43	29	12	13	27	45	47	10	16	27	33	17	29	35	10	27	26	42	37	40	50	37	11	43	21	37	19	37	29	26	16	15	28	37	46	14	14	39	39	45	48	35	31	43	10	47	35	14	32	12	37	41	47	19	49	47	36	34	33	13	10	40	18	39	43	46	39	40	44	20	26	24	50	15	39	41	40	49	16	25	45	38	48	16	50	28	35	50	39	49	43	10	11	44	11	29	11	45	13	38	32	28	21	25	19	45	45	45	50	50	46	35	31	38	11	19	13	46	16	34	38	16	14	19	28	36	48	49	45	23	39	29	34	43	14	40	11	42	31	17	29	28	43	39	29	32	37	22	17	38	31	44	19	38	17	36	17	46	39	45	36	19	41	28	29	23	27	22	14	19	10	36	33	24	29	27	43	49	50	41	34	34	10	14	49	31	32	34	24	22	46	17	22	14	17	40	41	46	32	36	25	22	22	12	50	25	50	47	30	16	47	39	22	13	18	39	24	16	42	27	16	35	41	34	50	13	21	47	26	20	10	47	18	10	39	30	46	22	12	29	38	35	43	29	17	25	34	42	49	41	27	28	21	10	13	46	35	38	43	14	22	49	42	17	40	34	43	24	34	43	29	21	30	12	26	27	27	17	50	46	32	45	49	12	21	50	27	49	15	46	46	26	26	15	50	20	38	20	13	47	35	47	33	35	36	38	10	46	15	10	36	14	50	25	18	33	38	21	22	26	45	26	38	34	12	22	33	12	19	40	13	24	32	30	12	46	40	42	27	17	21	11	16	44	38	13	28	46	45	44	11	30	42	17	14	34	18	27	36	14	28	49	33	49	14	47	21	26	19	39	38	29	40	40	19	26	42	38	50	42	48	26	34	26	43	40	23	40	41	20	49	32	22	29	45	15	26	30	41	29	30	43	12	13	48	15	19	15	40	16	12	26	34	38	21	28	13	11	19	26	46	38	12	40	39	49	30	16	34	43	22	21	30	50	33	33	31	47	45	16	17	18	31	44	11	37	28	50	31	43	10	45	30	21	38	41	21	35	11	18	35	23	25	23	23	19	10	43	38	11	39	43	41	33	23	37	34	12	12	15	30	50	41	30	40	49	49	27	29	50	17	42	27	29	23	33	49	11	39	18	41	50	13	27	47	50	44	10	50	34	27	28	39	22	19	27	
20
50
