980
50
0	0	0	0	0	0	0	0	0	0	0	0	0	0	0	0	0	0	0	0	0	0	0	0	0	0	0	0	0	48	0	0	0	0	0	0	0	0	0	0	0	0	0	0	0	0	0	0	96	0	
0	0	0	0	0	0	0	0	0	0	0	500	0	0	0	0	96	0	0	0	0	0	0	0	0	0	0	0	0	0	0	0	0	0	0	0	0	0	0	0	0	0	192	0	0	0	0	0	0	48	
0	0	0	0	0	0	0	0	0	0	0	0	0	0	0	0	0	0	96	0	0	0	500	0	0	0	0	0	0	0	0	0	0	0	0	0	0	0	0	0	0	0	0	0	0	0	0	0	0	0	
0	0	0	0	0	0	48	0	0	0	0	0	0	0	0	0	0	0	0	0	0	0	48	0	0	0	0	0	0	0	0	0	0	0	0	0	0	0	0	0	0	0	0	0	0	0	0	0	0	0	
0	0	0	0	0	0	0	0	0	0	0	0	0	0	0	0	0	0	0	0	0	0	0	0	0	0	0	0	0	0	48	0	0	0	0	0	0	0	0	0	0	0	0	0	0	0	0	0	0	500	
0	0	0	0	0	0	0	0	0	0	0	0	0	0	0	0	0	0	0	0	0	0	0	0	0	192	0	192	0	0	0	0	0	0	0	0	0	0	0	0	0	0	0	0	0	0	0	0	0	0	
0	0	0	48	0	0	0	0	0	0	0	0	0	0	0	0	0	0	0	0	0	0	0	0	0	0	0	0	0	0	0	0	0	0	0	0	0	0	0	0	0	0	0	0	0	0	0	500	0	0	
0	0	0	0	0	0	0	0	0	0	0	0	0	0	0	0	0	0	0	0	0	0	0	0	0	0	0	0	0	0	0	0	0	0	0	0	0	0	0	0	0	0	0	192	96	0	0	0	0	0	
0	0	0	0	0	0	0	0	0	96	0	0	0	0	0	0	0	0	0	0	0	0	0	0	0	0	0	0	192	0	192	0	0	0	0	0	96	0	0	0	0	0	0	0	0	0	0	0	0	0	
0	0	0	0	0	0	0	0	96	0	0	0	0	0	0	0	0	0	0	0	0	0	0	0	0	0	0	0	48	0	0	0	0	0	0	0	192	0	0	0	0	0	0	0	0	0	0	0	0	0	
0	0	0	0	0	0	0	0	0	0	0	0	0	192	0	0	0	0	0	0	48	0	0	0	0	0	0	0	0	0	0	0	0	0	0	0	0	0	0	0	0	0	0	0	0	0	0	0	0	0	
0	500	0	0	0	0	0	0	0	0	0	0	0	0	0	0	500	0	0	0	0	0	0	0	0	0	0	0	0	0	0	0	0	0	0	0	0	0	0	0	96	0	0	0	0	0	0	0	0	0	
0	0	0	0	0	0	0	0	0	0	0	0	0	0	0	0	0	0	0	0	0	0	0	96	0	0	0	0	0	0	0	0	0	0	0	0	0	48	0	0	0	48	0	0	0	0	0	0	0	0	
0	0	0	0	0	0	0	0	0	0	192	0	0	0	0	0	0	0	0	192	0	0	0	0	0	0	0	0	0	0	0	0	0	0	0	0	0	0	0	0	0	0	0	0	0	0	0	0	0	0	
0	0	0	0	0	0	0	0	0	0	0	0	0	0	0	0	0	0	0	0	0	500	0	0	0	0	0	0	0	0	0	96	0	0	0	0	0	500	0	0	0	0	0	0	0	0	0	0	0	0	
0	0	0	0	0	0	0	0	0	0	0	0	0	0	0	0	0	0	0	0	0	0	0	0	0	0	0	0	0	0	0	0	0	0	0	0	0	0	0	0	48	0	0	0	0	0	0	192	0	0	
0	96	0	0	0	0	0	0	0	0	0	500	0	0	0	0	0	0	0	0	0	0	0	0	0	0	0	0	0	0	0	0	0	0	0	0	0	0	0	0	0	0	0	0	0	0	0	0	0	0	
0	0	0	0	0	0	0	0	0	0	0	0	0	0	0	0	0	0	0	0	0	0	0	0	0	0	0	0	0	0	0	0	0	0	0	0	500	0	192	96	0	0	0	192	0	0	0	0	0	0	
0	0	96	0	0	0	0	0	0	0	0	0	0	0	0	0	0	0	0	0	0	0	500	0	0	0	0	0	0	0	0	0	0	0	0	0	0	0	0	0	0	0	0	0	0	0	0	0	0	0	
0	0	0	0	0	0	0	0	0	0	0	0	0	192	0	0	0	0	0	0	0	0	0	0	0	0	0	0	0	0	0	0	500	0	0	0	0	0	0	0	0	48	0	0	0	0	0	0	0	0	
0	0	0	0	0	0	0	0	0	0	48	0	0	0	0	0	0	0	0	0	0	0	0	0	0	0	0	0	0	0	0	0	48	0	0	0	0	0	0	0	0	0	0	0	0	0	0	0	0	0	
0	0	0	0	0	0	0	0	0	0	0	0	0	0	500	0	0	0	0	0	0	0	0	0	0	0	0	0	0	0	0	0	0	0	192	0	0	0	0	48	0	0	0	0	0	0	0	0	48	0	
0	0	500	48	0	0	0	0	0	0	0	0	0	0	0	0	0	0	500	0	0	0	0	0	0	0	0	0	0	0	0	0	0	0	0	0	0	0	0	0	0	0	0	0	0	0	0	0	0	0	
0	0	0	0	0	0	0	0	0	0	0	0	96	0	0	0	0	0	0	0	0	0	0	0	0	0	0	192	0	0	0	0	0	0	0	0	0	0	0	0	0	0	0	0	0	0	0	0	0	0	
0	0	0	0	0	0	0	0	0	0	0	0	0	0	0	0	0	0	0	0	0	0	0	0	0	0	0	0	0	0	0	48	0	0	0	0	0	0	192	0	96	0	192	0	0	0	0	0	0	0	
0	0	0	0	0	192	0	0	0	0	0	0	0	0	0	0	0	0	0	0	0	0	0	0	0	0	0	48	0	500	0	0	0	0	0	500	0	0	0	0	0	0	0	0	0	0	0	0	0	0	
0	0	0	0	0	0	0	0	0	0	0	0	0	0	0	0	0	0	0	0	0	0	0	0	0	0	0	0	0	0	0	0	0	0	48	0	0	0	0	0	0	0	0	0	0	48	0	0	0	0	
0	0	0	0	0	192	0	0	0	0	0	0	0	0	0	0	0	0	0	0	0	0	0	192	0	48	0	0	0	0	0	0	0	0	0	0	0	0	0	0	0	0	0	0	0	0	0	0	0	0	
0	0	0	0	0	0	0	0	192	48	0	0	0	0	0	0	0	0	0	0	0	0	0	0	0	0	0	0	0	0	0	0	0	0	0	0	0	0	0	0	0	0	0	0	0	0	0	0	0	0	
48	0	0	0	0	0	0	0	0	0	0	0	0	0	0	0	0	0	0	0	0	0	0	0	0	500	0	0	0	0	0	0	0	0	0	0	0	0	0	0	0	0	0	0	0	0	0	0	0	0	
0	0	0	0	48	0	0	0	192	0	0	0	0	0	0	0	0	0	0	0	0	0	0	0	0	0	0	0	0	0	0	0	0	0	0	0	0	0	0	0	0	0	0	0	0	0	0	0	0	0	
0	0	0	0	0	0	0	0	0	0	0	0	0	0	96	0	0	0	0	0	0	0	0	0	48	0	0	0	0	0	0	0	0	0	0	0	0	0	0	0	0	0	192	0	0	0	0	0	0	0	
0	0	0	0	0	0	0	0	0	0	0	0	0	0	0	0	0	0	0	500	48	0	0	0	0	0	0	0	0	0	0	0	0	0	0	0	0	0	0	0	0	0	0	0	0	0	0	0	0	0	
0	0	0	0	0	0	0	0	0	0	0	0	0	0	0	0	0	0	0	0	0	0	0	0	0	0	0	0	0	0	0	0	0	0	500	96	0	0	0	0	0	0	0	0	0	0	0	0	0	0	
0	0	0	0	0	0	0	0	0	0	0	0	0	0	0	0	0	0	0	0	0	192	0	0	0	0	48	0	0	0	0	0	0	500	0	0	0	0	0	0	0	0	0	0	0	0	0	0	0	0	
0	0	0	0	0	0	0	0	0	0	0	0	0	0	0	0	0	0	0	0	0	0	0	0	0	500	0	0	0	0	0	0	0	96	0	0	0	0	0	0	0	0	0	0	0	0	48	0	0	0	
0	0	0	0	0	0	0	0	96	192	0	0	0	0	0	0	0	500	0	0	0	0	0	0	0	0	0	0	0	0	0	0	0	0	0	0	0	0	0	0	0	0	0	0	0	0	0	0	0	0	
0	0	0	0	0	0	0	0	0	0	0	0	48	0	500	0	0	0	0	0	0	0	0	0	0	0	0	0	0	0	0	0	0	0	0	0	0	0	0	0	0	0	0	0	0	0	0	0	0	0	
0	0	0	0	0	0	0	0	0	0	0	0	0	0	0	0	0	192	0	0	0	0	0	0	192	0	0	0	0	0	0	0	0	0	0	0	0	0	0	0	0	0	0	0	0	0	0	0	0	0	
0	0	0	0	0	0	0	0	0	0	0	0	0	0	0	0	0	96	0	0	0	48	0	0	0	0	0	0	0	0	0	0	0	0	0	0	0	0	0	0	0	0	0	0	0	0	0	0	0	0	
0	0	0	0	0	0	0	0	0	0	0	96	0	0	0	48	0	0	0	0	0	0	0	0	96	0	0	0	0	0	0	0	0	0	0	0	0	0	0	0	0	0	0	0	0	0	0	0	0	0	
0	0	0	0	0	0	0	0	0	0	0	0	48	0	0	0	0	0	0	48	0	0	0	0	0	0	0	0	0	0	0	0	0	0	0	0	0	0	0	0	0	0	0	0	0	0	0	0	0	0	
0	192	0	0	0	0	0	0	0	0	0	0	0	0	0	0	0	0	0	0	0	0	0	0	192	0	0	0	0	0	0	192	0	0	0	0	0	0	0	0	0	0	0	0	0	0	0	0	0	0	
0	0	0	0	0	0	0	192	0	0	0	0	0	0	0	0	0	192	0	0	0	0	0	0	0	0	0	0	0	0	0	0	0	0	0	0	0	0	0	0	0	0	0	0	0	0	0	0	0	0	
0	0	0	0	0	0	0	96	0	0	0	0	0	0	0	0	0	0	0	0	0	0	0	0	0	0	0	0	0	0	0	0	0	0	0	0	0	0	0	0	0	0	0	0	0	0	96	0	0	0	
0	0	0	0	0	0	0	0	0	0	0	0	0	0	0	0	0	0	0	0	0	0	0	0	0	0	48	0	0	0	0	0	0	0	0	0	0	0	0	0	0	0	0	0	0	0	0	0	0	0	
0	0	0	0	0	0	0	0	0	0	0	0	0	0	0	0	0	0	0	0	0	0	0	0	0	0	0	0	0	0	0	0	0	0	0	48	0	0	0	0	0	0	0	0	96	0	0	0	0	0	
0	0	0	0	0	0	500	0	0	0	0	0	0	0	0	192	0	0	0	0	0	0	0	0	0	0	0	0	0	0	0	0	0	0	0	0	0	0	0	0	0	0	0	0	0	0	0	0	0	0	
96	0	0	0	0	0	0	0	0	0	0	0	0	0	0	0	0	0	0	0	0	48	0	0	0	0	0	0	0	0	0	0	0	0	0	0	0	0	0	0	0	0	0	0	0	0	0	0	0	0	
0	48	0	0	500	0	0	0	0	0	0	0	0	0	0	0	0	0	0	0	0	0	0	0	0	0	0	0	0	0	0	0	0	0	0	0	0	0	0	0	0	0	0	0	0	0	0	0	0	0	
19	12	33	47	5	33	4	30	14	30	11	4	36	1	45	23	27	43	19	14	37	9	25	34	42	47	31	27	18	37	48	34	45	41	40	46	41	18	48	11	5	13	47	48	37	23	18	42	17	33	36	27	9	30	38	25	28	46	29	13	11	13	18	4	47	45	14	40	35	3	45	2	31	16	2	45	11	34	39	23	49	23	8	18	16	26	40	25	8	23	16	3	21	2	7	1	37	26	44	29	13	6	4	18	16	6	16	45	31	32	14	29	45	31	25	21	36	31	7	34	44	32	1	45	9	21	37	7	20	14	8	44	15	41	31	28	16	35	15	30	23	1	35	9	30	21	45	1	25	43	46	33	8	2	40	41	29	2	16	22	38	11	44	5	30	44	35	12	9	1	39	18	46	7	8	15	29	29	9	9	25	14	49	10	26	34	42	21	42	44	20	11	33	15	12	25	37	12	6	22	33	21	45	42	6	15	11	46	0	1	41	25	10	42	41	10	38	28	48	37	4	32	39	8	11	10	19	22	40	28	3	38	31	9	43	32	26	43	14	33	32	4	0	18	22	43	44	33	20	49	32	19	7	30	31	28	13	44	22	28	15	10	0	43	11	32	8	7	0	6	13	28	4	23	26	2	17	33	19	47	26	13	36	1	8	37	36	21	33	1	31	24	20	4	20	6	12	24	44	31	19	38	28	12	2	22	27	46	37	28	22	34	36	3	16	18	33	6	48	37	26	29	3	30	13	14	7	7	26	34	13	4	38	37	37	34	37	1	11	12	24	31	28	26	5	19	31	15	21	15	39	8	2	30	27	9	16	19	34	48	45	44	19	44	1	37	28	46	34	42	36	37	2	2	27	23	38	44	40	30	32	17	17	35	17	34	13	29	41	20	25	27	43	21	24	15	49	4	29	29	15	31	11	18	45	12	44	7	15	43	49	7	22	43	8	48	12	43	17	22	42	17	21	10	12	31	32	17	37	35	28	32	5	46	24	39	45	41	39	46	40	34	49	34	34	11	2	16	45	37	17	19	12	24	48	45	8	22	19	0	27	16	35	39	15	41	2	47	7	23	1	4	39	32	17	23	40	35	39	3	43	18	34	40	26	27	47	1	23	47	42	46	24	30	6	48	31	30	35	28	43	42	38	48	2	3	9	26	33	33	13	27	44	2	11	48	24	40	24	43	49	2	11	23	19	7	1	11	14	45	49	15	26	28	7	30	5	12	49	9	37	36	46	20	8	37	22	11	14	13	38	37	10	4	33	45	38	49	8	9	38	36	34	20	30	33	18	45	39	45	11	20	26	11	14	15	40	39	24	10	4	29	47	17	30	19	48	12	22	4	5	41	46	21	30	30	29	5	28	29	9	49	22	43	42	8	25	10	34	10	42	47	2	3	42	13	1	0	14	24	44	5	30	41	24	14	13	9	15	28	27	14	27	39	5	44	28	26	1	6	31	30	18	3	48	3	47	44	29	7	39	13	12	2	11	26	1	33	42	8	12	1	22	32	15	19	16	39	20	32	36	3	37	33	8	10	17	11	21	25	24	11	49	47	3	28	36	9	2	42	23	25	44	6	41	1	31	18	32	44	47	40	20	15	44	35	22	4	2	9	36	22	42	42	16	40	23	49	47	42	31	41	29	43	3	10	23	35	33	20	12	25	15	35	43	10	44	20	17	30	25	48	37	1	26	34	33	42	27	13	18	24	31	30	4	31	31	29	44	34	29	40	26	16	48	16	49	20	42	36	32	8	30	43	44	46	16	22	6	21	45	22	9	4	27	26	38	33	34	29	25	16	10	46	20	48	39	47	10	14	0	49	45	37	21	44	2	4	37	34	46	23	32	24	26	16	27	28	39	36	4	26	26	45	17	21	32	38	10	13	34	36	23	25	45	31	42	33	33	12	45	23	7	34	11	34	11	9	20	0	15	22	15	36	40	2	26	45	3	20	4	31	47	23	3	15	7	7	33	10	46	14	0	37	33	36	26	20	20	14	35	28	24	6	9	43	21	25	9	37	10	24	45	15	39	39	14	1	5	17	20	26	15	48	26	10	14	11	0	15	13	33	8	26	7	22	10	45	30	27	42	11	41	20	7	32	18	34	47	48	31	6	25	10	49	44	47	41	8	41	24	17	46	15	32	12	20	3	42	26	23	8	15	36	23	20	33	49	42	26	10	8	9	28	23	16	20	17	37	30	5	12	6	10	29	23	0	0	40	14	
23	36	35	5	30	14	44	26	47	26	10	2	7	11	24	12	25	34	37	11	30	40	23	35	17	10	1	16	13	46	26	9	39	13	7	28	9	36	45	45	34	10	38	16	31	4	16	19	34	8	48	40	13	35	10	38	46	22	48	47	17	21	48	13	15	39	41	45	42	15	32	27	46	40	22	31	30	7	28	43	0	24	24	11	12	28	39	24	30	6	4	28	10	35	29	31	27	34	29	37	38	22	47	26	43	33	4	47	32	10	38	16	33	18	26	25	20	9	35	11	30	30	49	46	3	22	13	1	37	14	16	25	24	39	17	27	35	42	30	18	14	27	6	24	43	41	32	36	15	43	42	18	4	45	23	2	22	16	26	7	3	49	10	43	26	19	36	14	31	35	6	26	2	30	10	3	22	26	16	44	39	32	17	11	13	3	37	48	29	5	12	33	19	23	37	26	21	46	49	22	11	29	27	25	41	33	6	3	48	27	24	35	2	45	24	9	17	6	19	18	14	37	15	49	29	20	27	41	18	41	44	37	48	45	38	33	5	7	8	10	31	26	31	9	33	32	38	49	27	6	44	46	39	0	43	39	41	28	20	8	29	36	2	9	2	15	13	0	4	37	40	24	13	45	30	3	22	30	35	29	1	18	38	19	12	10	40	37	0	46	28	44	45	16	31	23	19	42	29	11	34	41	30	49	22	48	49	15	30	22	8	36	32	14	13	38	44	19	0	13	15	42	10	34	43	33	44	31	22	11	31	4	1	19	20	17	32	25	12	0	17	44	17	38	49	27	27	19	46	47	31	33	30	1	8	48	17	39	29	36	41	40	11	10	19	25	38	32	7	41	15	26	43	15	23	4	42	9	42	18	26	10	45	35	3	43	35	35	44	19	49	38	17	46	28	33	44	9	8	12	3	29	33	25	19	1	20	0	40	12	16	15	46	10	18	17	46	2	31	48	16	41	30	4	10	0	27	23	22	21	44	7	48	11	9	1	35	21	47	13	36	20	24	15	14	17	8	17	17	12	40	21	42	40	17	22	48	34	0	34	45	1	34	3	21	37	39	23	38	11	18	43	6	34	30	19	24	47	45	1	28	25	6	6	2	0	16	41	22	33	25	48	41	45	10	18	44	43	12	7	34	22	8	27	25	8	41	11	2	2	19	39	37	43	23	23	19	41	40	15	44	36	26	1	34	7	28	20	14	12	7	22	37	5	11	49	40	25	19	43	9	34	42	15	6	0	49	39	38	30	15	26	23	39	30	11	20	5	15	45	5	13	34	4	21	46	2	42	23	37	22	49	38	45	40	13	44	16	28	3	35	35	18	27	19	13	0	14	23	25	34	43	27	14	35	3	47	46	9	11	21	46	44	48	47	19	39	4	42	25	5	3	5	41	41	20	42	11	10	27	20	17	41	32	26	1	38	37	41	39	25	4	8	36	11	9	16	26	33	19	30	12	4	24	21	18	11	40	2	15	37	2	23	17	32	16	26	42	36	10	28	44	44	40	13	9	16	16	35	14	48	46	16	27	2	15	13	15	4	37	40	28	8	42	23	25	31	27	37	20	4	5	4	29	23	23	44	16	37	21	16	39	10	1	44	23	43	46	22	18	14	46	4	35	15	29	16	44	2	19	37	22	20	24	11	13	8	4	12	11	17	8	17	49	13	22	22	2	3	20	25	12	18	5	49	4	36	17	8	9	33	10	18	16	45	18	28	47	42	31	10	9	32	46	0	14	1	7	12	48	26	18	16	49	26	45	39	2	31	6	45	20	38	32	8	2	18	5	27	49	0	9	14	30	8	4	5	17	0	26	40	13	38	28	22	13	29	20	48	0	41	32	37	31	41	7	31	16	21	21	19	38	10	6	17	8	39	48	29	30	36	31	0	31	33	35	34	7	39	47	35	48	29	45	8	24	20	17	33	26	10	34	0	16	15	23	30	13	19	48	15	18	35	6	1	22	20	38	14	13	33	46	12	13	19	49	4	3	17	16	38	18	13	13	44	48	41	12	11	10	6	38	3	33	9	35	2	2	41	25	39	2	35	16	6	16	38	44	35	18	28	36	42	43	23	24	29	6	31	6	39	21	43	37	23	45	16	6	47	41	9	45	32	8	8	11	41	39	31	47	25	5	9	31	37	34	33	4	16	23	13	42	7	11	26	14	15	20	0	35	30	41	14	1	41	15	42	31	13	17	40	28	2	32	24	19	15	13	3	3	
26	40	30	21	39	39	36	24	31	23	25	34	26	39	37	23	27	39	36	37	26	37	26	32	40	28	34	33	22	20	24	36	39	37	32	32	21	33	36	28	27	40	37	22	30	34	23	36	37	31	38	34	22	35	21	27	23	39	24	30	28	39	35	39	20	40	26	23	37	39	20	20	24	32	23	25	25	40	32	32	20	24	20	23	34	38	39	24	25	36	39	27	35	25	39	40	29	27	30	24	36	21	40	23	38	38	20	24	31	21	37	28	29	21	32	27	38	25	20	27	38	30	35	24	33	36	31	28	30	34	30	36	22	22	26	35	28	32	28	37	24	25	27	27	36	32	33	27	32	29	35	40	24	35	38	32	28	35	24	34	38	36	26	37	28	27	21	35	31	26	21	36	35	25	29	38	36	29	37	33	26	36	34	35	29	23	38	20	36	20	35	34	33	35	25	27	37	34	34	26	24	20	20	28	35	25	32	22	28	39	40	22	34	40	33	38	23	34	39	38	22	33	28	35	25	30	37	39	32	36	29	26	26	39	33	27	21	24	35	25	29	34	34	28	29	29	27	29	40	40	34	35	24	40	33	21	24	33	35	32	33	39	36	38	27	23	34	22	40	36	40	34	38	32	28	20	33	35	36	33	32	26	37	24	32	38	37	23	38	30	40	36	23	28	22	28	38	32	23	23	39	33	28	24	38	36	23	37	28	25	28	25	20	27	29	24	31	40	27	27	27	28	25	29	27	38	22	28	31	29	29	40	39	22	39	40	33	35	20	31	38	23	31	28	29	20	32	25	32	20	24	25	31	31	26	25	28	25	29	40	35	30	26	33	21	20	28	23	35	30	40	20	35	25	32	22	21	32	40	27	39	38	31	24	26	33	24	20	38	32	26	20	35	31	27	20	40	29	23	23	27	27	37	35	29	39	39	27	30	23	25	29	22	37	40	29	39	33	27	39	27	36	32	23	37	35	35	37	29	39	31	36	34	32	38	29	39	22	39	23	24	31	39	23	26	38	25	34	30	30	26	28	28	22	27	26	23	39	37	39	30	38	20	23	34	29	23	26	20	37	40	20	21	21	25	20	23	20	37	28	33	23	26	38	29	33	36	32	38	35	25	27	24	38	30	30	31	26	29	21	33	38	36	28	20	28	27	39	37	30	32	30	40	40	26	31	38	38	36	36	33	23	23	21	37	30	24	36	20	36	23	24	33	35	21	35	38	37	38	38	38	39	35	40	32	30	34	37	36	30	29	33	40	23	31	35	27	21	27	32	31	23	32	24	26	40	31	37	32	33	39	21	30	34	38	40	36	21	36	31	20	22	37	33	20	27	36	24	22	25	28	34	30	35	36	39	36	31	32	38	20	30	23	25	37	33	36	27	20	20	29	22	31	35	40	34	29	21	25	40	30	27	29	38	24	36	30	34	24	29	32	32	20	26	21	32	39	36	29	37	32	39	25	21	31	40	26	36	20	39	27	35	26	26	29	31	22	31	35	36	33	38	26	36	37	35	39	32	31	30	33	33	40	35	26	37	24	30	35	29	33	31	37	27	36	21	35	33	23	23	26	24	23	32	27	25	25	21	37	33	33	20	35	30	36	23	34	24	30	24	29	23	32	23	26	26	36	32	31	24	31	22	30	22	21	36	29	24	33	32	29	38	33	25	22	38	38	28	35	33	24	28	22	34	20	23	39	34	31	31	28	26	37	29	27	27	29	37	21	27	28	40	38	37	37	24	37	33	22	23	29	26	31	35	28	23	29	30	26	39	26	24	23	38	37	21	33	20	27	26	23	30	39	30	36	38	30	25	31	30	36	28	26	33	37	38	22	27	31	36	32	24	31	31	36	31	38	33	36	32	30	24	38	29	31	30	25	32	36	25	26	26	32	21	33	21	30	27	39	35	29	40	36	27	38	38	40	33	28	28	34	31	39	22	37	20	25	23	40	40	38	37	38	23	40	35	23	23	22	32	30	24	26	34	25	37	23	36	37	36	27	35	36	20	27	35	23	34	25	24	28	31	27	27	33	23	33	22	25	32	33	22	39	36	36	26	28	27	38	31	28	39	31	25	37	28	29	33	30	39	22	31	29	37	27	29	32	31	37	23	25	31	30	32	25	32	20	26	32	36	33	25	20	21	38	38	25	24	35	23	31	28	20	37	32	37	39	27	22	20	31	21	33	37	20	26	23	31	31	29	37	24	33	35	36	28	20	25	40	39	
49	34	45	40	43	44	10	22	45	19	45	10	15	44	46	45	17	17	33	43	32	24	25	30	42	12	25	32	12	38	36	48	34	17	28	24	49	34	36	25	18	30	22	29	22	17	46	37	27	12	46	13	30	31	15	13	39	26	13	50	14	45	26	21	34	29	15	20	47	12	24	13	28	16	38	20	35	29	35	31	16	36	18	35	48	40	27	39	43	46	34	13	50	34	47	11	48	50	37	10	34	40	37	19	40	48	24	21	26	38	18	48	20	26	42	25	43	33	34	39	12	19	12	26	43	26	41	23	40	46	34	40	25	25	15	37	28	43	20	44	34	25	24	22	46	23	36	13	10	48	18	17	41	36	26	44	39	18	29	30	16	47	27	10	49	15	30	41	21	20	21	31	24	36	35	29	50	23	23	38	47	41	40	30	29	35	41	48	28	42	32	46	13	33	31	39	29	40	13	45	34	19	35	20	25	44	41	11	39	40	46	30	11	35	10	50	39	14	13	45	14	13	33	35	30	11	35	36	14	40	27	22	14	29	25	41	11	13	46	15	49	47	23	14	47	35	21	49	20	43	48	48	14	34	12	29	40	43	20	38	41	20	21	28	17	49	32	50	20	24	49	30	46	26	17	35	21	14	23	43	17	31	34	39	47	30	40	15	31	46	48	27	43	34	17	25	31	25	17	21	17	49	14	45	36	46	33	24	22	19	30	36	29	48	36	14	13	13	41	25	49	48	20	49	40	16	18	37	30	20	12	16	49	11	29	40	16	25	27	29	13	38	21	42	28	10	43	37	34	40	13	14	29	39	39	36	47	19	34	28	11	50	39	41	23	15	49	31	25	32	22	30	33	21	29	33	13	28	26	30	14	41	18	46	31	17	45	43	28	50	27	44	12	46	38	20	25	25	32	30	26	17	32	34	48	38	33	25	20	20	18	18	11	22	30	12	37	12	19	35	23	48	28	36	39	45	40	24	21	22	32	44	26	17	45	12	12	13	16	31	48	47	39	37	21	47	29	40	37	13	23	33	37	12	50	30	16	37	49	41	17	46	39	44	22	23	43	21	15	42	30	14	28	34	22	28	49	31	45	21	27	18	40	43	17	11	42	27	22	20	23	22	10	34	26	45	21	22	39	33	11	40	25	31	41	33	37	46	12	45	11	42	31	48	50	47	28	44	26	14	22	25	16	43	38	35	22	21	18	46	24	11	16	45	24	13	41	12	17	13	37	37	39	12	27	28	43	41	49	50	24	14	45	39	50	14	34	39	41	25	20	18	18	12	10	48	47	14	36	41	41	36	50	46	18	49	32	20	32	39	13	36	49	33	33	20	33	14	27	24	41	23	33	34	44	16	15	36	27	41	30	27	33	28	38	29	22	46	10	22	47	32	48	14	18	19	15	31	10	14	23	40	17	27	46	17	34	21	20	41	43	34	22	50	22	12	15	39	31	25	31	23	21	48	21	41	26	42	29	36	30	38	28	24	18	12	31	31	26	39	41	28	18	38	48	48	41	43	21	42	25	23	18	12	16	28	28	47	45	11	17	16	15	10	40	16	49	22	27	41	25	22	23	49	34	28	42	30	10	44	10	26	19	22	20	28	22	36	16	40	32	45	40	10	28	15	22	47	16	50	40	17	31	38	14	31	20	17	34	16	44	37	31	32	11	27	33	19	11	18	41	39	43	45	22	40	18	36	13	22	24	49	17	18	46	36	21	44	41	10	37	36	41	20	48	30	45	11	21	15	13	15	27	43	17	14	19	29	39	38	28	23	13	26	24	13	29	14	48	26	35	29	41	46	31	15	25	36	31	38	33	14	11	14	35	41	17	17	19	49	49	42	14	37	46	11	38	43	34	34	43	27	26	40	18	46	29	36	25	30	40	31	24	37	17	47	47	22	24	18	27	39	11	45	50	13	22	10	34	22	43	21	22	26	43	47	49	15	46	38	38	42	34	36	32	50	30	29	21	34	28	31	10	48	29	29	37	23	46	29	18	14	35	37	12	20	18	40	47	33	10	21	45	20	46	26	30	24	45	22	35	48	42	21	46	13	20	50	36	31	24	39	29	24	42	39	29	41	15	17	20	47	37	12	10	12	24	24	49	16	28	32	45	22	15	50	18	15	29	29	21	50	43	24	12	34	37	49	30	44	22	32	13	16	46	27	29	39	12	35	12	47	35	41	25	34	42	33	46	43	46	22	39	47	20	19	33	40	49	39	
15
80
