980
50
0	0	0	500	0	0	0	0	0	0	0	0	0	0	0	0	0	0	0	0	0	0	0	0	0	0	0	0	0	0	0	0	0	0	0	0	0	0	0	0	0	0	0	0	0	0	0	0	0	192	
0	0	0	0	0	0	0	0	0	0	0	192	0	0	192	0	0	0	0	0	0	96	0	0	0	0	0	0	0	0	0	0	0	0	0	0	0	0	0	0	0	0	0	0	0	0	0	0	0	0	
0	0	0	0	0	0	0	0	0	0	0	0	0	0	0	0	0	0	0	0	0	0	192	0	0	0	0	0	0	0	0	500	0	0	0	0	0	0	0	0	0	0	0	0	0	48	0	0	0	500	
500	0	0	0	0	48	0	0	0	0	0	0	0	0	0	0	0	0	0	0	0	0	0	0	0	0	0	0	0	0	0	0	0	0	0	0	0	0	0	0	0	0	0	0	0	0	0	0	0	0	
0	0	0	0	0	0	0	0	0	0	0	0	0	500	0	0	0	0	0	0	0	0	0	0	0	0	0	0	0	0	0	0	0	48	0	0	0	0	0	0	0	0	0	0	0	0	0	0	0	0	
0	0	0	48	0	0	0	0	0	0	0	0	0	0	0	0	0	0	0	0	0	0	0	0	0	0	0	0	0	0	0	0	0	0	192	0	0	0	0	0	0	0	0	0	0	0	0	0	0	0	
0	0	0	0	0	0	0	0	0	192	0	0	0	0	0	0	0	0	0	0	0	0	0	0	0	0	0	0	0	0	0	0	0	0	0	0	0	0	192	0	0	0	0	0	0	48	0	0	48	0	
0	0	0	0	0	0	0	0	0	0	0	0	0	0	0	0	0	0	0	0	0	0	0	0	0	0	500	0	0	0	0	0	0	0	0	0	0	0	0	0	0	0	48	0	0	0	0	0	0	0	
0	0	0	0	0	0	0	0	0	0	0	0	500	0	0	0	0	0	0	0	0	0	0	0	0	0	0	0	0	0	0	0	0	0	0	0	0	0	0	0	0	48	0	0	0	0	0	0	0	0	
0	0	0	0	0	0	192	0	0	0	0	0	0	0	0	0	0	0	0	0	0	0	0	0	0	0	0	0	0	0	0	192	0	0	0	0	0	0	0	0	0	0	0	0	0	500	0	0	0	0	
0	0	0	0	0	0	0	0	0	0	0	0	0	0	0	0	0	0	0	0	0	0	0	0	0	0	0	0	0	0	0	0	192	0	0	0	0	0	0	0	192	0	0	0	0	0	0	0	0	0	
0	192	0	0	0	0	0	0	0	0	0	0	0	0	0	0	0	0	0	500	0	0	0	0	0	0	0	0	0	0	0	0	0	0	0	0	0	0	0	0	0	0	0	0	0	0	0	0	0	0	
0	0	0	0	0	0	0	0	500	0	0	0	0	0	0	0	0	0	0	0	0	0	0	0	0	0	0	0	0	0	0	0	0	0	0	0	0	0	0	0	0	0	0	0	0	0	96	0	0	0	
0	0	0	0	500	0	0	0	0	0	0	0	0	0	0	0	0	0	0	0	0	0	0	0	500	0	0	0	0	0	0	0	0	0	0	0	0	48	0	0	0	0	0	0	0	0	0	0	0	0	
0	192	0	0	0	0	0	0	0	0	0	0	0	0	0	0	0	96	0	0	0	0	0	0	0	0	0	0	0	0	0	0	0	0	0	0	500	0	0	0	0	0	0	0	0	0	0	0	0	0	
0	0	0	0	0	0	0	0	0	0	0	0	0	0	0	0	96	0	0	500	0	0	0	0	0	0	96	0	0	0	0	0	0	0	0	0	0	0	0	0	0	0	0	0	0	0	0	0	0	0	
0	0	0	0	0	0	0	0	0	0	0	0	0	0	0	96	0	0	0	0	0	0	0	0	0	0	192	0	0	0	0	0	0	0	0	0	0	0	0	0	0	0	0	0	0	0	0	0	0	0	
0	0	0	0	0	0	0	0	0	0	0	0	0	0	96	0	0	0	0	0	0	0	0	0	0	0	0	0	0	0	0	0	0	0	0	0	96	0	0	0	0	0	0	0	0	0	500	0	0	0	
0	0	0	0	0	0	0	0	0	0	0	0	0	0	0	0	0	0	0	0	0	0	0	0	0	96	0	48	0	0	0	0	0	0	0	0	0	0	0	0	0	0	0	0	0	0	0	0	0	0	
0	0	0	0	0	0	0	0	0	0	0	500	0	0	0	500	0	0	0	0	0	0	0	0	0	0	0	0	0	0	0	0	0	0	0	0	0	0	0	0	0	0	0	0	0	0	0	0	0	0	
0	0	0	0	0	0	0	0	0	0	0	0	0	0	0	0	0	0	0	0	0	0	0	0	0	0	48	0	0	0	0	0	0	0	0	0	0	0	0	0	0	0	96	0	0	0	0	0	0	0	
0	96	0	0	0	0	0	0	0	0	0	0	0	0	0	0	0	0	0	0	0	0	0	0	0	0	0	0	0	0	0	0	0	0	0	0	0	0	0	0	0	48	0	0	0	0	0	0	0	0	
0	0	192	0	0	0	0	0	0	0	0	0	0	0	0	0	0	0	0	0	0	0	0	0	0	0	0	0	500	0	0	0	0	0	0	0	0	0	0	0	0	0	0	0	0	0	0	0	0	0	
0	0	0	0	0	0	0	0	0	0	0	0	0	0	0	0	0	0	0	0	0	0	0	0	0	0	0	0	0	96	0	0	0	0	0	0	0	0	0	0	0	192	0	0	0	0	0	0	0	0	
0	0	0	0	0	0	0	0	0	0	0	0	0	500	0	0	0	0	0	0	0	0	0	0	0	0	0	0	0	0	0	0	0	0	0	0	0	500	0	0	0	0	192	0	0	0	0	192	0	0	
0	0	0	0	0	0	0	0	0	0	0	0	0	0	0	0	0	0	96	0	0	0	0	0	0	0	0	192	0	0	0	0	0	0	0	0	0	0	0	96	0	0	0	0	0	0	0	0	0	0	
0	0	0	0	0	0	0	500	0	0	0	0	0	0	0	96	192	0	0	0	48	0	0	0	0	0	0	0	0	0	0	0	0	0	0	0	0	0	0	0	0	0	0	0	0	0	0	192	0	0	
0	0	0	0	0	0	0	0	0	0	0	0	0	0	0	0	0	0	48	0	0	0	0	0	0	192	0	0	0	0	0	0	48	0	0	0	0	0	0	0	0	0	0	0	0	0	0	0	0	0	
0	0	0	0	0	0	0	0	0	0	0	0	0	0	0	0	0	0	0	0	0	0	500	0	0	0	0	0	0	0	0	0	0	48	0	0	0	0	0	0	0	0	0	0	0	0	0	0	0	0	
0	0	0	0	0	0	0	0	0	0	0	0	0	0	0	0	0	0	0	0	0	0	0	96	0	0	0	0	0	0	0	0	48	0	0	0	0	0	0	0	0	0	0	0	0	0	0	0	0	0	
0	0	0	0	0	0	0	0	0	0	0	0	0	0	0	0	0	0	0	0	0	0	0	0	0	0	0	0	0	0	0	0	48	0	0	0	0	0	0	0	96	0	0	0	0	0	0	0	0	0	
0	0	500	0	0	0	0	0	0	192	0	0	0	0	0	0	0	0	0	0	0	0	0	0	0	0	0	0	0	0	0	0	0	0	0	0	0	0	0	0	0	0	0	48	0	0	0	0	0	0	
0	0	0	0	0	0	0	0	0	0	192	0	0	0	0	0	0	0	0	0	0	0	0	0	0	0	0	48	0	48	48	0	0	0	0	0	0	0	0	0	0	0	0	0	0	0	0	0	0	0	
0	0	0	0	48	0	0	0	0	0	0	0	0	0	0	0	0	0	0	0	0	0	0	0	0	0	0	0	48	0	0	0	0	0	0	192	0	0	0	0	0	0	0	0	0	0	0	0	0	0	
0	0	0	0	0	192	0	0	0	0	0	0	0	0	0	0	0	0	0	0	0	0	0	0	0	0	0	0	0	0	0	0	0	0	0	500	0	0	0	0	0	0	0	192	0	0	0	0	192	0	
0	0	0	0	0	0	0	0	0	0	0	0	0	0	0	0	0	0	0	0	0	0	0	0	0	0	0	0	0	0	0	0	0	192	500	0	0	0	0	0	0	0	0	0	96	0	0	0	0	0	
0	0	0	0	0	0	0	0	0	0	0	0	0	0	500	0	0	96	0	0	0	0	0	0	0	0	0	0	0	0	0	0	0	0	0	0	0	0	0	0	0	0	0	0	0	0	0	0	0	0	
0	0	0	0	0	0	0	0	0	0	0	0	0	48	0	0	0	0	0	0	0	0	0	0	500	0	0	0	0	0	0	0	0	0	0	0	0	0	0	0	0	0	0	0	0	0	0	0	0	0	
0	0	0	0	0	0	192	0	0	0	0	0	0	0	0	0	0	0	0	0	0	0	0	0	0	0	0	0	0	0	0	0	0	0	0	0	0	0	0	192	0	0	0	0	0	0	0	0	0	0	
0	0	0	0	0	0	0	0	0	0	0	0	0	0	0	0	0	0	0	0	0	0	0	0	0	96	0	0	0	0	0	0	0	0	0	0	0	0	192	0	0	0	0	0	0	0	0	0	0	0	
0	0	0	0	0	0	0	0	0	0	192	0	0	0	0	0	0	0	0	0	0	0	0	0	0	0	0	0	0	0	96	0	0	0	0	0	0	0	0	0	0	0	0	0	48	0	0	0	0	0	
0	0	0	0	0	0	0	0	48	0	0	0	0	0	0	0	0	0	0	0	0	48	0	192	0	0	0	0	0	0	0	0	0	0	0	0	0	0	0	0	0	0	0	96	0	0	0	0	0	0	
0	0	0	0	0	0	0	48	0	0	0	0	0	0	0	0	0	0	0	0	96	0	0	0	192	0	0	0	0	0	0	0	0	0	0	0	0	0	0	0	0	0	0	0	0	0	0	0	0	0	
0	0	0	0	0	0	0	0	0	0	0	0	0	0	0	0	0	0	0	0	0	0	0	0	0	0	0	0	0	0	0	48	0	0	192	0	0	0	0	0	0	96	0	0	0	0	0	0	0	0	
0	0	0	0	0	0	0	0	0	0	0	0	0	0	0	0	0	0	0	0	0	0	0	0	0	0	0	0	0	0	0	0	0	0	0	96	0	0	0	0	48	0	0	0	0	0	0	0	0	0	
0	0	48	0	0	0	48	0	0	500	0	0	0	0	0	0	0	0	0	0	0	0	0	0	0	0	0	0	0	0	0	0	0	0	0	0	0	0	0	0	0	0	0	0	0	0	0	0	0	0	
0	0	0	0	0	0	0	0	0	0	0	0	96	0	0	0	0	500	0	0	0	0	0	0	0	0	0	0	0	0	0	0	0	0	0	0	0	0	0	0	0	0	0	0	0	0	0	0	0	0	
0	0	0	0	0	0	0	0	0	0	0	0	0	0	0	0	0	0	0	0	0	0	0	0	192	0	192	0	0	0	0	0	0	0	0	0	0	0	0	0	0	0	0	0	0	0	0	0	0	0	
0	0	0	0	0	0	48	0	0	0	0	0	0	0	0	0	0	0	0	0	0	0	0	0	0	0	0	0	0	0	0	0	0	0	192	0	0	0	0	0	0	0	0	0	0	0	0	0	0	0	
192	0	500	0	0	0	0	0	0	0	0	0	0	0	0	0	0	0	0	0	0	0	0	0	0	0	0	0	0	0	0	0	0	0	0	0	0	0	0	0	0	0	0	0	0	0	0	0	0	0	
44	2	1	24	40	40	19	49	4	14	2	39	37	41	11	23	34	49	41	24	26	40	4	13	39	25	9	18	43	14	35	29	32	12	37	3	49	18	49	43	37	3	21	3	48	21	25	36	43	5	18	40	45	15	14	3	46	35	47	31	49	26	14	48	25	37	34	21	34	21	5	24	17	21	5	14	21	13	6	22	20	20	30	12	39	43	34	0	47	49	37	27	28	29	17	42	37	32	4	0	11	2	12	45	4	38	49	13	33	39	34	48	30	32	20	14	4	8	13	22	4	7	11	28	44	7	40	30	27	15	9	40	38	15	32	44	30	24	31	48	11	17	3	38	2	43	2	12	18	48	27	41	29	27	12	1	44	16	43	14	43	9	12	31	31	45	44	10	37	17	28	10	3	19	43	27	12	24	37	30	45	33	25	11	34	30	20	2	36	8	22	0	30	16	23	9	48	49	12	10	21	37	39	35	36	31	16	19	39	29	36	3	45	0	49	18	31	5	11	2	17	22	23	40	16	23	23	28	4	27	29	32	28	4	24	28	23	25	16	18	48	43	13	34	32	3	12	49	14	2	33	37	33	26	42	39	29	34	38	24	28	18	25	15	4	38	28	23	8	20	5	10	15	22	46	29	47	29	26	24	31	11	48	10	12	41	39	34	14	36	16	1	46	43	43	26	27	9	14	25	22	3	13	49	19	36	13	40	24	16	36	48	8	18	49	9	32	5	28	27	19	16	1	13	38	20	47	21	7	23	42	38	24	28	2	39	6	38	11	5	22	16	38	7	25	9	0	5	8	20	19	24	21	28	37	14	16	38	34	2	26	14	44	17	12	13	16	34	5	14	15	26	37	48	27	37	45	38	12	16	48	24	26	9	48	41	22	8	42	18	11	25	44	20	12	46	13	16	17	38	42	3	7	9	15	2	15	10	27	27	15	32	17	5	41	5	46	11	0	13	28	28	28	25	7	29	9	30	22	37	35	18	32	7	15	38	16	15	46	30	19	12	3	2	7	15	14	31	42	21	34	1	35	21	46	5	43	11	16	24	19	16	14	48	36	14	17	37	4	39	19	16	15	29	38	18	0	24	37	25	2	29	16	26	10	22	9	39	48	18	7	12	49	22	34	31	16	27	10	22	7	44	8	38	27	32	32	15	24	38	6	39	35	4	45	42	47	13	28	26	0	6	31	17	39	6	39	3	33	0	19	17	3	18	44	1	17	42	46	29	40	41	17	11	19	47	47	17	44	33	17	23	45	27	33	25	37	26	41	18	34	4	26	24	38	30	7	23	33	12	12	31	10	39	47	28	18	48	20	23	41	3	5	32	12	19	23	23	20	32	20	30	13	41	9	31	40	20	24	44	15	46	23	9	45	35	27	27	9	44	40	14	22	41	4	24	45	1	32	31	33	14	20	25	49	49	46	40	23	39	5	0	47	16	41	48	27	33	17	28	22	36	5	26	45	36	39	2	23	27	37	36	6	23	21	25	20	49	16	39	29	7	49	9	38	22	28	38	48	18	13	18	2	14	41	13	25	9	10	4	24	2	34	42	16	14	49	48	41	27	30	48	21	30	0	12	33	4	46	28	4	46	11	2	27	47	28	29	23	28	28	33	12	46	19	4	26	9	2	33	20	36	34	5	47	10	3	43	12	30	7	10	10	19	39	14	43	5	29	10	33	14	19	42	15	11	2	6	16	8	42	32	4	14	25	12	16	16	36	7	19	40	40	1	24	25	25	10	45	25	36	10	35	6	30	19	43	35	46	3	45	33	45	34	22	32	28	7	42	38	12	40	2	34	23	23	25	16	33	10	27	11	48	1	41	22	7	16	10	6	46	17	26	38	9	25	36	26	25	10	35	45	25	46	19	20	3	12	27	48	23	1	38	18	41	1	13	33	11	7	12	26	16	17	7	45	28	9	7	49	26	41	41	7	24	29	36	30	6	21	8	41	41	20	20	29	45	14	27	10	22	9	41	33	15	5	29	37	31	4	32	21	45	38	24	12	33	25	11	21	30	6	47	47	15	19	19	2	22	12	16	21	33	43	29	47	24	36	23	37	46	0	37	48	43	21	26	12	15	7	10	46	1	20	38	4	9	4	12	38	34	31	23	5	40	29	4	38	3	15	19	49	20	33	37	33	13	42	11	44	18	9	9	41	17	31	28	0	15	27	15	43	25	7	10	1	8	6	26	26	15	44	26	41	47	7	24	12	37	7	
5	10	32	10	33	42	45	8	48	48	5	38	27	41	43	48	12	24	30	22	23	45	35	34	34	15	13	7	11	46	23	44	30	45	48	38	15	5	21	9	14	24	41	31	44	44	45	6	3	22	14	27	34	35	41	27	23	31	5	4	41	36	22	0	24	39	0	36	1	33	32	49	46	48	38	16	34	44	48	16	3	28	49	48	22	9	13	22	18	49	4	39	17	43	19	39	16	28	36	27	20	12	6	20	23	11	42	15	9	18	30	21	42	1	17	21	0	5	31	41	47	43	29	49	21	7	12	16	24	33	19	13	2	18	25	11	25	3	16	49	35	0	41	42	36	28	32	4	14	29	42	24	9	33	6	39	31	18	31	3	8	32	30	4	44	37	20	26	0	28	12	42	42	31	9	19	15	15	22	15	13	5	29	26	35	29	19	49	47	29	24	41	18	42	17	20	28	27	39	4	46	44	7	0	28	34	34	5	27	17	6	16	27	35	4	20	21	16	12	2	47	0	21	0	1	39	11	17	19	10	45	1	42	37	33	12	5	15	13	43	34	25	10	7	23	29	32	10	48	1	37	36	49	34	38	4	4	27	25	33	29	40	2	41	38	16	4	32	7	11	26	19	2	27	49	13	43	39	9	4	15	40	20	24	45	3	37	9	41	28	7	10	5	25	41	44	13	1	34	17	46	12	20	40	30	47	5	23	4	25	18	6	18	22	44	38	20	46	34	2	26	0	38	18	47	19	10	34	15	15	19	23	2	27	9	45	28	37	42	9	4	21	21	6	38	36	42	33	37	5	24	23	41	29	13	31	34	12	22	17	24	30	9	6	41	40	25	6	45	6	24	29	23	37	1	44	24	38	40	32	10	33	6	13	15	4	34	19	13	26	9	31	38	36	0	37	43	42	14	30	29	9	16	1	42	25	37	7	4	17	22	43	3	20	10	42	13	35	28	24	16	33	35	32	5	5	6	6	6	5	8	38	10	34	12	1	25	45	9	18	9	44	18	35	30	37	34	34	49	7	26	16	40	23	45	26	4	9	41	2	42	38	3	2	4	5	45	33	35	49	32	17	6	11	7	31	5	26	26	26	20	10	44	19	33	18	23	1	17	39	19	13	16	25	31	11	5	10	29	37	20	11	20	8	23	20	40	39	24	40	48	26	23	34	45	21	6	8	14	31	41	15	21	13	10	25	6	40	47	4	46	35	29	37	6	49	41	13	11	46	5	19	16	39	40	1	42	28	27	47	0	22	24	10	27	9	21	10	24	43	42	28	24	49	8	33	34	44	9	29	4	8	8	2	42	3	17	33	1	46	25	7	45	45	46	46	36	19	29	35	17	41	38	2	46	1	20	19	19	33	5	21	45	48	15	45	10	42	36	20	35	31	48	46	12	22	5	13	12	18	14	6	49	9	34	35	42	48	13	37	26	39	29	31	4	38	8	37	14	44	44	16	7	20	25	36	49	10	31	1	1	12	42	28	34	1	8	14	9	29	4	7	35	31	27	48	39	1	33	0	20	32	38	28	1	39	38	31	5	15	21	46	17	7	43	41	36	6	9	27	43	16	3	21	11	3	30	25	1	24	4	23	8	10	32	44	12	7	2	39	8	7	7	24	42	42	47	18	1	49	17	16	12	31	9	31	33	23	37	36	5	15	3	30	26	37	40	39	3	16	46	46	40	28	36	22	22	21	2	47	29	48	30	33	26	46	2	29	49	49	26	38	45	47	26	24	5	33	12	49	40	36	34	28	32	48	6	28	7	1	38	33	16	28	28	37	36	19	48	3	24	3	46	2	5	39	5	13	8	4	41	14	4	41	49	21	14	9	47	1	7	20	21	34	26	45	9	33	36	36	10	9	22	25	28	34	47	17	36	18	33	6	10	24	8	19	3	33	35	13	39	9	40	2	13	5	23	38	21	41	9	23	2	3	40	2	0	22	18	18	1	13	42	44	1	1	32	26	43	18	41	2	30	46	34	36	12	16	21	11	26	21	1	48	37	23	8	25	29	40	1	47	46	19	37	26	42	17	43	18	19	16	46	14	17	30	20	44	16	8	34	39	9	25	44	36	13	25	23	16	46	27	8	12	21	8	44	39	33	12	18	1	10	49	13	5	0	19	14	47	5	21	44	43	12	26	2	44	47	33	18	11	47	4	5	18	36	37	47	39	3	39	23	13	46	39	26	13	40	4	11	19	27	10	47	45	2	33	22	8	
31	22	25	32	34	37	24	23	35	30	24	22	32	28	37	25	32	25	22	35	25	40	40	23	25	33	26	32	20	24	22	36	33	36	35	32	25	39	26	21	29	35	26	27	25	25	21	27	30	36	26	32	33	40	22	22	39	31	37	35	30	33	20	33	35	21	29	26	39	27	38	33	26	28	39	33	24	28	25	40	32	31	36	29	33	34	21	33	39	32	20	20	36	29	31	31	29	30	28	36	35	26	25	38	24	37	30	37	30	26	33	36	34	30	35	24	27	28	37	36	26	27	27	40	36	31	40	32	24	27	32	29	38	20	28	26	26	31	34	40	34	27	24	40	24	21	21	37	28	20	21	32	33	21	20	32	25	25	25	30	33	38	33	35	25	22	20	33	29	25	20	39	35	28	34	32	22	27	30	37	25	29	28	31	22	27	30	26	27	28	21	27	20	34	34	21	33	36	37	33	22	35	26	33	39	34	20	33	23	31	27	31	20	40	25	27	31	21	28	38	27	39	37	33	22	20	32	38	39	27	28	34	31	34	23	32	33	37	27	20	38	24	40	22	26	30	25	22	22	24	27	21	20	36	29	21	25	31	22	32	34	28	37	39	30	25	33	24	31	29	23	22	36	26	33	25	23	39	29	25	40	33	35	33	30	30	40	36	26	20	25	25	32	23	34	22	37	22	28	32	25	28	32	40	28	28	28	30	32	31	21	24	34	32	38	20	34	36	29	35	30	30	25	34	24	38	29	33	28	31	27	29	24	26	32	28	38	34	26	36	26	25	31	28	34	21	30	32	34	28	23	36	25	37	25	31	29	23	34	38	21	21	34	25	32	37	31	21	27	38	26	33	36	40	38	38	31	26	31	22	22	29	37	28	37	33	38	20	21	24	35	27	40	33	38	21	27	22	21	23	27	31	22	28	33	35	35	29	21	23	27	35	21	26	27	31	20	32	35	23	32	35	34	36	33	36	35	27	36	21	23	27	36	23	34	32	27	39	35	24	21	33	25	38	21	29	31	34	34	29	25	28	31	39	22	39	23	24	31	29	33	34	31	28	28	21	27	31	20	32	39	30	27	40	27	23	25	34	26	34	33	38	21	36	22	20	35	23	23	21	32	37	24	24	23	37	35	37	23	36	38	33	26	36	24	20	24	30	31	24	34	22	35	22	36	22	35	25	25	25	22	33	34	39	21	38	23	33	39	36	36	38	36	40	39	30	29	36	32	38	34	35	27	25	36	36	31	29	40	24	25	35	36	24	34	37	36	39	20	25	38	27	38	30	37	38	20	21	30	22	35	22	32	28	40	34	33	23	32	32	27	32	37	24	29	26	20	25	36	40	38	30	35	25	36	37	25	33	27	31	31	40	20	32	20	39	25	25	30	36	39	32	33	24	26	37	29	33	27	26	34	33	34	20	33	21	24	23	39	28	39	35	31	26	36	29	25	29	35	21	24	31	26	38	27	21	33	27	23	40	40	36	23	36	37	20	30	40	22	21	31	29	27	21	23	34	27	21	34	26	32	29	24	29	40	30	29	20	23	38	26	20	26	28	36	20	31	23	21	26	36	29	22	36	34	25	27	27	29	38	23	34	22	25	35	27	39	25	32	25	31	36	36	26	32	25	30	40	32	24	38	33	33	33	27	26	31	28	25	31	20	25	39	31	25	24	33	38	26	32	35	38	32	32	26	36	25	21	27	30	26	26	37	23	27	36	30	31	35	24	21	25	36	27	37	37	34	28	33	26	40	31	33	34	37	31	38	40	32	33	24	24	20	37	34	24	25	32	20	36	35	30	24	27	21	39	33	21	37	32	35	23	26	39	24	26	40	39	32	31	38	21	25	35	35	32	40	27	34	24	36	34	27	34	33	21	24	28	38	32	32	30	32	27	34	36	32	40	35	35	32	28	39	21	26	39	21	33	24	24	32	40	25	20	24	37	23	20	23	28	21	31	20	24	32	38	35	23	27	39	34	27	36	29	32	35	39	37	36	20	31	24	21	28	34	37	27	35	37	37	21	24	35	33	23	32	20	40	37	25	31	22	39	26	38	33	34	30	31	24	29	39	38	37	20	29	23	20	20	30	40	27	36	37	20	29	26	24	38	31	40	35	22	22	36	31	38	30	22	29	28	35	24	33	40	38	38	20	31	22	20	29	27	24	34	34	21	28	36	26	32	30	36	28	29	25	32	40	38	35	31	34	26	33	26	35	27	31	39	29	
39	20	37	22	17	15	27	34	31	16	27	29	38	16	14	14	34	36	29	14	40	39	28	35	43	46	11	43	49	50	49	28	27	11	38	11	20	30	16	47	11	36	12	14	32	43	30	50	21	25	11	34	48	16	17	42	39	31	33	34	38	44	45	29	48	15	31	35	28	20	38	12	11	28	35	48	18	37	12	37	39	12	46	34	41	18	13	12	20	23	31	50	22	13	21	31	48	11	49	23	24	34	30	32	24	12	25	33	12	48	12	25	23	24	46	14	45	13	15	28	36	40	26	42	37	26	42	18	19	47	29	41	13	28	26	41	19	46	40	22	49	29	29	32	17	20	19	10	45	37	26	44	38	50	27	14	25	43	13	33	20	20	45	18	10	41	34	50	48	24	32	47	31	32	33	26	29	27	27	22	26	49	23	10	21	31	35	31	45	48	16	28	46	37	25	29	43	11	33	20	36	48	20	11	27	33	35	42	20	22	28	36	14	35	38	44	34	40	50	22	18	19	22	45	39	26	29	26	22	13	15	49	20	44	46	48	21	41	43	42	50	23	24	20	44	45	10	33	48	23	11	20	12	16	31	38	27	47	17	11	48	40	31	25	25	38	30	29	48	42	50	17	30	39	35	10	19	24	20	42	30	30	41	11	33	46	44	49	34	43	40	50	31	44	18	32	44	50	39	27	11	12	44	43	27	14	10	38	38	22	48	43	15	38	26	46	12	14	48	30	14	16	49	31	40	45	18	14	14	47	16	13	49	44	47	41	26	50	11	17	22	16	35	10	30	16	10	36	40	21	26	24	26	32	31	29	27	10	32	21	10	14	21	44	35	41	47	43	12	23	37	38	29	24	49	44	17	39	11	23	36	24	46	15	21	29	19	37	40	29	29	29	48	44	24	50	35	12	46	44	11	19	27	46	44	32	11	40	44	26	21	34	18	28	20	14	27	23	23	16	43	17	10	17	42	31	15	22	43	16	34	12	17	29	44	41	20	49	11	16	23	13	17	38	12	24	39	45	27	25	12	41	19	22	35	10	26	34	23	36	34	38	49	14	15	39	36	18	24	43	43	31	21	32	43	28	45	49	31	39	16	28	37	23	37	23	33	10	16	38	40	21	45	48	25	12	22	35	43	18	41	50	10	13	23	46	26	28	36	28	47	20	44	24	17	46	39	36	35	10	40	45	35	35	10	13	38	47	31	17	27	45	15	29	29	27	15	15	16	10	35	21	47	40	39	50	44	30	12	31	11	12	49	49	28	14	14	10	31	22	38	21	46	40	13	49	36	13	21	37	48	48	36	47	40	33	11	40	46	50	21	33	21	10	30	49	41	16	32	48	24	22	18	47	21	39	20	44	22	17	27	49	17	12	34	31	38	19	34	46	24	17	21	21	16	36	49	33	21	11	10	22	25	47	47	40	33	19	30	24	17	20	27	37	15	26	44	10	41	23	12	43	20	47	27	44	15	11	49	18	10	43	14	22	27	41	19	18	11	39	28	16	43	14	47	10	42	12	20	26	18	38	22	10	21	19	44	46	19	19	17	12	50	44	47	36	18	25	10	40	16	17	40	29	48	32	31	28	28	35	21	22	11	33	38	45	10	17	37	38	38	44	28	44	29	35	35	40	29	13	46	24	38	39	19	40	23	28	46	25	23	15	48	49	39	35	47	12	14	34	11	36	32	47	25	49	46	32	12	43	30	50	39	14	48	23	14	35	18	44	37	20	27	26	28	12	20	45	50	35	27	31	22	28	20	30	27	26	44	15	47	31	32	13	38	12	22	37	28	23	45	31	28	31	43	31	46	50	39	24	15	16	26	33	25	21	35	27	36	22	19	39	10	12	43	19	14	35	36	31	47	22	30	34	14	35	16	31	38	41	32	38	28	16	44	42	44	26	15	32	18	27	28	34	41	47	15	21	15	19	16	18	45	50	26	44	21	41	11	19	37	21	41	16	22	42	27	19	16	36	32	45	28	26	24	34	10	30	18	28	37	23	15	30	17	43	24	15	34	36	46	19	29	41	35	24	34	41	40	30	15	21	33	28	23	48	41	42	27	29	42	25	23	33	41	29	39	19	42	39	47	36	10	44	31	35	47	23	38	29	29	13	37	30	19	47	14	19	39	40	35	12	16	47	49	49	15	32	46	37	10	17	27	10	26	13	47	31	22	14	29	16	27	25	15	16	23	22	11	29	46	31	19	37	33	21	50	25	36	16	
5
80
