857
50
0	0	0	0	0	0	0	0	0	500	0	0	0	0	0	0	0	0	0	0	0	0	0	0	0	0	0	0	0	0	0	0	0	0	0	0	0	0	0	0	0	0	0	0	0	500	0	0	0	0	
0	0	0	0	0	0	0	0	0	0	0	0	0	0	0	0	0	0	0	0	0	0	0	0	0	0	500	0	0	0	0	0	0	0	500	0	0	0	0	0	0	0	0	0	0	0	96	0	0	0	
0	0	0	0	0	0	0	48	0	0	0	0	0	0	0	0	0	0	0	0	0	0	0	0	0	0	0	0	0	0	500	0	0	0	0	0	0	0	0	0	0	0	0	0	0	0	0	0	0	0	
0	0	0	0	0	0	0	0	0	0	0	0	0	0	0	0	0	0	0	0	0	0	48	0	0	0	0	0	0	0	0	0	0	192	0	0	0	0	0	0	0	0	0	0	0	0	0	0	0	0	
0	0	0	0	0	0	0	0	0	0	0	0	0	0	0	0	0	0	0	0	0	0	0	0	0	0	0	0	0	0	0	0	0	0	0	0	0	0	0	0	0	0	0	0	0	0	0	192	500	48	
0	0	0	0	0	0	0	0	0	0	0	0	0	0	0	0	0	0	0	96	0	0	48	0	0	0	0	0	0	0	0	0	0	96	0	0	0	0	0	0	0	0	0	0	0	0	0	0	0	0	
0	0	0	0	0	0	0	0	0	0	0	0	0	0	0	0	0	500	0	0	0	0	0	0	192	0	0	0	0	0	0	0	0	0	0	0	0	0	0	0	0	0	0	0	0	0	0	0	0	0	
0	0	48	0	0	0	0	0	0	0	0	0	0	0	0	0	0	0	0	0	0	0	0	0	0	0	0	0	0	0	48	0	0	0	96	0	0	0	0	0	0	0	0	0	0	0	0	0	0	0	
0	0	0	0	0	0	0	0	0	192	0	0	0	0	0	0	0	0	0	0	0	0	0	0	0	0	0	0	0	0	0	0	0	0	500	0	0	0	0	0	0	0	0	0	0	0	0	0	0	0	
500	0	0	0	0	0	0	0	192	0	0	0	0	0	0	0	0	0	0	0	0	0	0	0	0	0	0	0	0	0	0	0	0	0	0	0	0	0	0	0	0	0	0	0	0	0	0	0	0	0	
0	0	0	0	0	0	0	0	0	0	0	0	0	0	192	500	0	0	0	500	0	0	0	0	0	0	0	0	0	0	0	0	0	0	0	0	0	0	0	0	0	0	0	0	0	0	0	0	0	0	
0	0	0	0	0	0	0	0	0	0	0	0	0	0	0	0	0	0	0	0	0	0	0	0	0	0	0	0	0	0	0	0	0	0	0	0	0	0	0	0	96	0	0	0	0	0	192	0	0	0	
0	0	0	0	0	0	0	0	0	0	0	0	0	0	0	0	0	96	0	0	0	0	0	500	500	0	0	0	0	0	0	0	0	0	0	0	0	0	0	0	0	0	0	0	0	0	0	0	0	0	
0	0	0	0	0	0	0	0	0	0	0	0	0	0	0	0	0	0	0	0	0	0	0	0	0	0	0	0	0	0	0	0	0	0	0	48	192	0	0	0	0	0	0	0	0	0	0	0	0	0	
0	0	0	0	0	0	0	0	0	0	192	0	0	0	0	48	0	0	0	48	96	0	0	0	0	0	0	0	0	0	0	0	0	0	0	0	0	0	0	0	0	0	0	0	0	0	0	0	0	0	
0	0	0	0	0	0	0	0	0	0	500	0	0	0	48	0	0	0	0	0	96	0	0	0	0	0	0	0	0	0	0	0	0	0	0	0	0	0	0	0	0	0	0	0	0	0	192	0	0	0	
0	0	0	0	0	0	0	0	0	0	0	0	0	0	0	0	0	0	0	0	0	48	0	0	0	0	0	0	0	0	0	0	0	0	0	0	0	0	500	0	0	0	0	0	0	0	0	0	0	0	
0	0	0	0	0	0	500	0	0	0	0	0	96	0	0	0	0	0	0	0	0	0	0	0	0	0	0	0	0	0	0	0	0	0	0	0	0	0	0	0	0	0	0	0	0	0	0	0	0	0	
0	0	0	0	0	0	0	0	0	0	0	0	0	0	0	0	0	0	0	0	0	0	0	0	0	96	0	96	0	0	0	0	0	0	0	0	0	0	0	0	0	0	0	0	0	0	0	0	0	0	
0	0	0	0	0	96	0	0	0	0	500	0	0	0	48	0	0	0	0	0	0	0	0	0	0	0	0	0	0	0	0	0	0	0	0	0	0	0	0	0	0	0	0	0	0	0	0	0	0	0	
0	0	0	0	0	0	0	0	0	0	0	0	0	0	96	96	0	0	0	0	0	0	0	0	0	0	0	0	0	0	0	0	0	0	0	0	0	0	0	0	48	0	0	0	0	0	500	0	96	0	
0	0	0	0	0	0	0	0	0	0	0	0	0	0	0	0	48	0	0	0	0	0	0	0	0	0	0	0	0	0	0	0	0	0	0	0	0	0	48	500	0	0	0	0	48	0	0	0	0	0	
0	0	0	48	0	48	0	0	0	0	0	0	0	0	0	0	0	0	0	0	0	0	0	0	0	0	0	0	0	0	0	0	0	0	0	0	0	0	0	0	0	0	0	0	0	0	0	0	0	0	
0	0	0	0	0	0	0	0	0	0	0	0	500	0	0	0	0	0	0	0	0	0	0	0	500	0	0	0	0	0	0	0	0	0	0	0	0	0	0	0	0	0	0	0	0	0	0	0	0	0	
0	0	0	0	0	0	192	0	0	0	0	0	500	0	0	0	0	0	0	0	0	0	0	500	0	0	0	0	0	0	0	0	192	0	0	0	0	0	0	0	0	0	0	0	0	0	0	0	0	0	
0	0	0	0	0	0	0	0	0	0	0	0	0	0	0	0	0	0	96	0	0	0	0	0	0	0	0	192	0	0	0	0	0	0	0	0	0	0	48	0	0	0	0	0	192	0	0	0	0	0	
0	500	0	0	0	0	0	0	0	0	0	0	0	0	0	0	0	0	0	0	0	0	0	0	0	0	0	0	0	0	0	0	0	0	0	0	0	500	0	0	0	0	0	0	0	0	0	0	0	0	
0	0	0	0	0	0	0	0	0	0	0	0	0	0	0	0	0	0	96	0	0	0	0	0	0	192	0	0	0	0	0	0	0	0	0	0	0	0	0	0	0	0	0	192	0	0	0	0	0	0	
0	0	0	0	0	0	0	0	0	0	0	0	0	0	0	0	0	0	0	0	0	0	0	0	0	0	0	0	0	0	0	500	0	0	0	0	0	0	0	192	0	0	0	0	0	0	0	0	0	0	
0	0	0	0	0	0	0	0	0	0	0	0	0	0	0	0	0	0	0	0	0	0	0	0	0	0	0	0	0	0	0	0	48	0	0	500	96	0	0	0	0	0	0	0	0	96	0	0	0	0	
0	0	500	0	0	0	0	48	0	0	0	0	0	0	0	0	0	0	0	0	0	0	0	0	0	0	0	0	0	0	0	0	0	0	0	0	0	0	0	0	0	0	0	0	0	0	0	0	0	0	
0	0	0	0	0	0	0	0	0	0	0	0	0	0	0	0	0	0	0	0	0	0	0	0	0	0	0	0	500	0	0	0	0	0	0	0	0	48	0	0	0	0	0	0	0	0	96	0	0	0	
0	0	0	0	0	0	0	0	0	0	0	0	0	0	0	0	0	0	0	0	0	0	0	0	192	0	0	0	0	48	0	0	0	0	0	0	0	0	0	0	0	0	0	0	0	0	0	0	0	0	
0	0	0	192	0	96	0	0	0	0	0	0	0	0	0	0	0	0	0	0	0	0	0	0	0	0	0	0	0	0	0	0	0	0	0	0	0	0	0	0	0	0	0	0	0	0	0	0	0	0	
0	500	0	0	0	0	0	96	500	0	0	0	0	0	0	0	0	0	0	0	0	0	0	0	0	0	0	0	0	0	0	0	0	0	0	0	0	0	0	0	0	0	0	0	0	0	0	0	0	0	
0	0	0	0	0	0	0	0	0	0	0	0	0	48	0	0	0	0	0	0	0	0	0	0	0	0	0	0	0	500	0	0	0	0	0	0	0	0	0	0	0	0	0	0	0	0	0	0	0	0	
0	0	0	0	0	0	0	0	0	0	0	0	0	192	0	0	0	0	0	0	0	0	0	0	0	0	0	0	0	96	0	0	0	0	0	0	0	0	0	0	0	0	0	0	0	0	0	0	0	0	
0	0	0	0	0	0	0	0	0	0	0	0	0	0	0	0	0	0	0	0	0	0	0	0	0	0	500	0	0	0	0	48	0	0	0	0	0	0	0	0	0	0	0	0	0	0	0	0	0	0	
0	0	0	0	0	0	0	0	0	0	0	0	0	0	0	0	500	0	0	0	0	48	0	0	0	48	0	0	0	0	0	0	0	0	0	0	0	0	0	0	0	0	0	0	0	0	0	0	0	0	
0	0	0	0	0	0	0	0	0	0	0	0	0	0	0	0	0	0	0	0	0	500	0	0	0	0	0	0	192	0	0	0	0	0	0	0	0	0	0	0	0	0	0	192	0	0	0	0	0	0	
0	0	0	0	0	0	0	0	0	0	0	96	0	0	0	0	0	0	0	0	48	0	0	0	0	0	0	0	0	0	0	0	0	0	0	0	0	0	0	0	0	0	0	0	0	0	0	0	0	0	
0	0	0	0	0	0	0	0	0	0	0	0	0	0	0	0	0	0	0	0	0	0	0	0	0	0	0	0	0	0	0	0	0	0	0	0	0	0	0	0	0	0	48	0	0	0	0	0	0	500	
0	0	0	0	0	0	0	0	0	0	0	0	0	0	0	0	0	0	0	0	0	0	0	0	0	0	0	0	0	0	0	0	0	0	0	0	0	0	0	0	0	48	0	192	0	0	0	0	0	0	
0	0	0	0	0	0	0	0	0	0	0	0	0	0	0	0	0	0	0	0	0	0	0	0	0	0	0	192	0	0	0	0	0	0	0	0	0	0	0	192	0	0	192	0	0	0	0	0	0	0	
0	0	0	0	0	0	0	0	0	0	0	0	0	0	0	0	0	0	0	0	0	48	0	0	0	192	0	0	0	0	0	0	0	0	0	0	0	0	0	0	0	0	0	0	0	0	0	0	0	0	
500	0	0	0	0	0	0	0	0	0	0	0	0	0	0	0	0	0	0	0	0	0	0	0	0	0	0	0	0	96	0	0	0	0	0	0	0	0	0	0	0	0	0	0	0	0	0	0	0	0	
0	96	0	0	0	0	0	0	0	0	0	192	0	0	0	192	0	0	0	0	500	0	0	0	0	0	0	0	0	0	0	96	0	0	0	0	0	0	0	0	0	0	0	0	0	0	0	0	0	0	
0	0	0	0	192	0	0	0	0	0	0	0	0	0	0	0	0	0	0	0	0	0	0	0	0	0	0	0	0	0	0	0	0	0	0	0	0	0	0	0	0	0	0	0	0	0	0	0	0	96	
0	0	0	0	500	0	0	0	0	0	0	0	0	0	0	0	0	0	0	0	96	0	0	0	0	0	0	0	0	0	0	0	0	0	0	0	0	0	0	0	0	0	0	0	0	0	0	0	0	0	
0	0	0	0	48	0	0	0	0	0	0	0	0	0	0	0	0	0	0	0	0	0	0	0	0	0	0	0	0	0	0	0	0	0	0	0	0	0	0	0	0	500	0	0	0	0	0	96	0	0	
32	47	29	0	23	10	42	38	48	17	26	17	24	19	4	16	14	36	46	39	31	17	19	45	44	25	36	9	40	8	40	3	29	8	12	8	23	39	33	43	17	1	31	9	3	13	15	24	13	48	26	9	33	8	14	11	31	42	20	44	21	41	15	15	22	43	26	43	30	38	12	49	49	27	47	23	34	16	18	18	43	14	30	11	28	13	8	2	33	49	41	22	34	28	29	20	31	14	41	31	29	16	18	32	30	36	45	1	48	20	2	26	40	31	44	38	17	11	20	7	0	18	19	37	17	48	30	26	40	48	41	16	40	32	49	5	27	24	39	20	49	3	2	8	36	5	1	33	16	44	36	22	37	46	2	46	36	26	6	27	1	4	10	42	12	30	43	24	10	15	0	25	37	25	0	6	3	32	20	42	12	22	21	40	42	7	28	13	10	6	41	17	48	26	18	17	48	37	35	34	46	18	45	22	48	28	18	48	23	22	5	3	5	5	13	37	2	12	30	45	8	32	19	22	33	40	49	36	0	44	7	11	21	31	10	24	32	40	20	26	14	17	20	48	31	4	45	6	17	37	44	36	46	44	42	18	40	22	38	41	35	31	12	0	2	9	44	40	43	3	10	18	30	27	19	34	8	27	3	7	24	25	39	12	12	40	30	49	7	16	3	9	20	39	34	25	9	48	36	12	13	45	6	16	21	12	21	36	4	17	38	1	39	5	31	35	22	42	31	41	14	16	29	34	11	27	11	31	9	8	0	36	46	8	44	12	23	32	9	18	6	20	1	14	31	17	40	45	27	29	33	20	17	30	0	24	39	25	42	44	20	31	7	36	41	1	6	20	36	47	19	36	12	10	46	21	37	40	0	4	14	12	20	48	32	20	36	41	7	24	45	41	28	8	42	7	36	36	46	28	28	17	19	4	41	48	38	0	5	49	12	5	17	31	26	33	29	45	21	43	49	34	23	14	32	37	37	8	48	22	32	18	3	2	27	11	47	28	47	12	4	38	12	8	38	16	3	37	6	46	39	24	36	46	42	40	2	9	14	31	45	19	14	28	43	12	11	36	30	7	24	15	38	32	19	38	11	7	21	0	19	21	10	47	31	8	41	13	41	34	5	21	27	37	28	22	3	39	7	39	40	31	5	34	8	10	49	25	37	34	28	34	16	24	36	0	8	43	16	10	49	22	45	23	48	36	9	24	31	11	16	45	32	42	23	1	12	48	22	9	3	19	12	33	17	21	15	28	47	28	6	5	43	32	5	25	26	8	42	30	14	38	21	15	22	0	47	37	5	3	40	34	43	9	7	5	6	34	3	25	4	25	45	11	11	8	17	9	11	31	45	46	20	13	44	9	11	34	13	22	5	39	18	44	41	47	15	44	3	25	49	35	28	43	17	18	2	27	34	31	39	15	36	18	49	44	17	19	35	16	22	31	13	31	28	14	49	41	1	26	24	20	21	16	36	5	43	7	2	31	9	36	46	2	33	38	37	42	26	41	30	43	26	42	31	5	3	22	36	3	5	45	39	13	4	12	16	27	37	34	29	48	6	1	13	2	40	34	20	35	40	32	28	39	40	30	42	4	45	11	3	41	42	45	33	13	18	17	35	14	20	26	0	19	46	0	28	43	21	48	48	15	24	3	33	32	4	39	1	39	38	25	34	49	14	34	5	29	29	7	42	11	8	45	3	24	14	46	44	17	48	40	7	42	0	14	46	33	33	44	38	36	2	22	49	3	41	6	43	23	7	9	43	12	39	32	37	4	28	48	25	34	3	20	15	8	18	8	1	0	28	23	26	38	20	14	32	14	39	5	45	3	36	15	37	26	30	15	20	19	5	48	43	4	22	16	22	9	46	28	17	26	43	37	47	6	28	9	34	25	10	7	17	13	0	2	9	12	49	3	5	29	16	24	48	36	41	34	32	37	3	2	30	21	11	12	38	
6	8	17	16	19	0	29	4	23	41	27	11	7	34	13	7	8	28	46	17	47	24	22	16	3	7	18	32	43	11	30	4	8	42	2	24	32	31	25	40	9	24	46	30	23	32	19	2	45	40	31	19	40	8	25	49	21	23	10	24	36	9	47	18	4	48	23	33	22	5	47	37	18	35	31	0	7	3	23	1	37	34	25	42	25	10	12	29	28	8	8	0	42	7	49	21	34	44	44	28	17	24	27	17	13	24	25	43	35	0	4	42	48	47	40	22	46	1	12	27	2	0	36	1	43	42	34	17	31	1	8	33	13	26	25	17	6	31	8	45	22	9	37	45	38	31	6	27	15	20	37	45	21	1	44	14	31	15	46	10	6	8	44	33	20	49	36	39	42	43	42	10	28	19	22	12	21	24	0	47	44	35	31	22	31	17	24	41	37	16	47	36	3	1	16	49	20	45	41	20	16	43	39	42	0	32	20	49	7	46	18	1	45	0	6	44	11	18	40	20	5	14	17	17	20	15	17	33	5	2	32	33	8	39	43	27	14	4	6	8	10	16	23	27	30	37	42	47	5	38	2	3	48	46	0	7	15	7	45	42	39	40	40	12	45	49	34	19	17	20	30	45	40	24	41	26	29	14	32	2	42	1	42	45	12	16	8	24	4	45	7	25	32	29	10	44	40	45	24	21	38	16	34	44	43	39	3	20	0	3	8	47	18	10	34	1	39	11	4	22	13	32	21	6	16	39	2	1	37	45	7	39	39	13	32	43	15	31	37	13	27	40	31	35	11	1	28	23	10	1	16	23	21	25	12	38	33	8	47	38	17	39	13	40	31	17	35	30	33	20	38	9	19	29	27	2	18	27	16	31	5	23	21	13	25	24	10	6	47	6	8	21	7	28	4	14	43	13	22	25	45	44	18	44	3	24	44	19	15	8	12	13	1	31	17	46	1	18	8	34	36	3	27	23	19	49	24	47	37	5	21	30	28	22	40	5	45	11	44	24	49	0	26	38	26	12	48	26	47	28	38	38	28	19	18	48	16	42	3	25	42	46	28	33	10	8	14	30	3	12	21	20	48	5	22	11	26	17	26	21	39	22	43	24	19	42	9	15	7	7	35	2	36	6	39	22	37	7	3	38	43	45	36	43	40	11	10	2	46	4	31	21	25	21	3	13	37	42	45	12	8	16	0	32	16	41	15	17	5	21	19	15	23	49	21	14	39	20	22	30	16	42	39	44	49	46	11	40	46	39	39	8	46	5	42	19	8	36	17	21	42	38	25	1	41	27	19	21	24	38	32	18	13	33	30	12	22	1	49	11	7	2	19	25	17	14	41	16	9	45	9	37	26	9	31	32	41	15	42	49	3	49	22	0	1	14	35	11	41	21	28	11	46	3	30	0	30	44	41	43	48	21	19	3	21	42	0	26	3	35	20	20	41	27	2	0	40	25	28	45	0	13	42	43	28	29	35	35	33	14	22	39	1	2	25	39	19	6	44	23	4	23	47	19	34	38	36	34	7	17	8	18	47	45	2	31	31	18	44	17	39	32	28	22	33	26	6	33	2	3	25	10	7	33	35	2	24	6	2	7	36	9	1	16	40	20	40	42	33	4	38	19	39	30	39	46	23	28	23	19	30	3	6	21	24	1	45	22	43	34	28	42	18	9	5	43	26	27	17	29	30	43	12	25	17	16	49	33	47	12	8	21	49	12	47	29	49	49	9	33	20	40	42	23	49	0	46	3	2	34	26	16	0	5	26	22	14	41	38	1	34	49	36	23	5	49	11	2	30	13	20	3	13	13	8	38	43	37	22	32	44	30	31	20	39	42	12	32	11	42	0	22	48	9	36	49	7	0	10	30	43	47	40	21	37	23	18	7	9	24	9	20	32	18	43	12	25	10	12	10	20	23	47	32	0	12	22	15	21	38	7	13	18	19	31	7	20	
26	29	20	32	38	21	28	25	25	25	32	36	30	25	27	27	39	33	20	22	38	34	22	23	29	27	24	40	24	29	36	34	31	38	35	25	32	37	36	20	27	40	24	39	37	40	21	23	34	37	24	27	20	25	40	24	28	25	40	38	26	29	20	33	25	36	23	35	38	39	38	22	22	37	35	27	32	36	32	22	22	35	27	20	33	30	38	29	30	31	24	38	22	39	28	36	35	39	21	24	26	20	24	36	35	32	32	23	36	35	37	21	21	34	35	20	20	30	29	38	25	31	26	26	40	29	39	34	25	39	37	33	37	23	23	22	40	33	37	24	25	23	40	30	32	28	40	22	37	37	20	24	35	20	40	23	29	31	22	39	36	32	32	29	28	28	30	35	39	25	33	36	20	20	24	20	23	23	35	32	39	33	34	37	37	31	29	23	29	29	27	26	38	36	30	38	32	28	35	22	40	30	20	33	34	36	37	36	37	37	38	39	35	30	26	33	21	25	29	34	28	31	36	33	30	20	39	27	36	23	39	30	21	28	31	34	30	35	29	26	37	32	21	20	27	30	40	39	38	22	22	34	21	24	31	38	32	39	28	32	21	29	38	26	28	33	25	36	21	26	27	22	29	23	31	33	37	35	20	21	28	30	36	27	31	36	40	37	22	30	39	33	24	38	33	30	34	25	32	28	20	36	27	21	39	40	32	21	29	36	34	28	26	22	34	22	33	20	26	34	33	30	20	22	28	25	27	25	23	39	26	36	40	24	20	28	25	21	37	37	35	27	20	26	38	40	31	39	20	39	25	20	30	39	29	22	40	30	23	21	21	21	32	23	36	20	33	24	34	28	31	34	35	39	30	35	20	28	30	39	40	35	32	33	25	29	40	37	38	33	29	23	20	32	22	33	24	22	20	22	37	34	27	26	26	34	24	37	21	23	25	21	36	40	29	27	38	21	27	24	26	22	35	20	40	26	21	37	35	39	27	20	27	25	23	29	22	22	38	30	31	24	34	35	28	32	32	30	26	31	35	29	32	23	29	25	38	30	24	37	27	31	34	39	35	31	24	20	28	39	27	33	30	26	30	25	28	40	36	30	22	38	25	33	34	39	25	40	35	24	27	25	21	31	30	38	28	38	31	23	29	26	22	33	29	36	37	20	35	22	23	31	33	22	39	28	31	20	35	20	28	30	23	32	27	33	29	40	37	32	20	35	39	22	22	37	34	33	29	27	26	20	30	24	29	38	25	23	27	38	38	20	30	20	37	34	24	38	22	21	21	20	34	28	40	34	40	40	38	32	29	20	36	29	30	34	22	39	20	25	37	23	24	21	40	37	23	28	32	26	39	28	40	32	20	23	20	40	20	40	39	20	26	40	29	27	20	36	27	25	40	35	31	31	30	36	36	32	37	40	38	32	31	38	23	33	21	34	31	21	35	35	35	38	22	40	38	38	31	21	27	26	25	24	21	34	30	24	39	27	20	25	36	36	32	38	20	38	26	22	32	34	24	20	40	38	33	32	28	25	21	35	20	39	33	31	36	40	27	34	38	36	22	27	29	31	27	34	20	25	31	32	20	28	25	28	39	30	40	28	23	38	22	32	36	33	30	23	31	23	30	20	33	39	34	38	35	39	33	23	24	37	38	20	38	35	40	28	23	39	32	29	24	30	21	32	36	29	27	20	32	38	40	29	31	37	20	34	25	32	33	23	29	20	27	25	34	38	29	32	32	34	40	29	37	21	21	31	27	32	40	26	25	31	32	21	23	23	26	25	25	33	20	31	36	23	24	24	27	26	36	35	25	27	30	36	40	27	25	38	29	32	22	38	30	29	30	30	22	32	26	37	22	33	40	24	34	32	35	20	26	27	29	22	21	26	25	28	37	27	20	39	33	34	31	24	25	33	29	24	33	23	24	25	34	21	39	31	24	33	23	37	33	27	31	38	31	
48	47	30	14	49	36	27	35	10	11	23	40	31	26	30	41	26	35	31	28	45	23	37	38	17	11	46	20	14	22	21	13	14	27	28	47	12	43	23	37	35	37	11	49	42	23	40	38	50	30	16	28	26	35	18	26	43	30	28	16	32	23	34	19	39	27	48	36	30	10	19	49	22	25	50	18	27	37	29	32	29	35	36	17	16	32	26	32	43	12	41	36	36	25	15	29	18	37	32	37	19	20	38	44	12	16	19	45	35	35	23	46	23	10	40	44	15	45	12	30	34	37	29	15	50	28	45	27	21	18	22	18	12	21	21	39	14	42	24	13	24	42	13	48	30	28	13	41	29	26	32	27	23	48	24	11	16	15	49	29	16	42	24	44	25	24	26	50	34	21	40	31	43	16	14	20	16	17	18	25	26	24	28	47	43	11	50	38	49	25	29	42	11	18	30	39	25	41	11	12	32	26	16	14	18	38	18	21	14	30	31	44	38	12	33	26	28	42	39	32	41	18	30	41	14	28	32	21	43	33	34	12	14	16	50	37	21	10	49	47	49	36	10	41	48	40	30	11	18	40	26	39	25	26	13	42	15	30	36	46	13	39	45	26	22	14	20	25	37	22	40	43	19	18	13	32	47	17	43	18	21	13	43	35	16	40	44	20	41	40	43	47	18	11	17	30	30	20	14	35	47	46	32	23	34	24	21	24	43	16	14	22	36	36	13	46	24	20	13	32	30	34	27	42	24	29	17	38	29	34	34	33	36	20	33	46	42	37	28	33	36	37	40	47	30	48	12	36	28	28	28	44	50	26	12	36	39	44	35	26	28	38	11	44	35	48	43	44	50	17	47	35	41	30	50	11	11	28	31	13	24	33	47	40	50	34	31	15	12	39	15	10	33	32	11	33	20	38	36	26	36	35	30	35	49	27	39	11	19	29	44	12	32	26	36	36	38	31	26	26	41	21	21	48	13	16	26	27	22	33	45	47	21	10	43	27	37	28	50	40	21	12	42	29	30	39	29	30	13	16	12	43	45	24	35	22	47	23	31	32	49	23	44	11	30	16	17	50	43	15	16	45	16	16	42	50	15	23	48	15	43	32	30	11	31	46	42	31	21	42	16	14	36	49	24	37	14	42	28	47	35	47	20	21	11	34	35	39	38	17	45	39	25	28	47	50	48	30	23	50	17	33	38	48	14	19	43	38	21	48	25	16	12	15	18	15	16	47	44	22	15	45	27	27	50	45	13	20	44	47	45	23	41	28	16	50	32	49	19	10	26	26	16	32	15	42	20	43	29	31	13	39	35	43	43	45	12	24	43	12	47	25	17	28	12	50	47	45	16	15	40	12	12	47	41	20	18	46	41	38	17	11	47	40	26	25	50	27	24	46	29	49	37	38	35	50	27	35	24	40	47	30	16	26	45	30	44	38	30	50	23	50	20	49	47	24	26	42	18	21	21	31	45	17	31	34	11	23	36	38	28	50	19	46	21	29	41	48	29	18	42	21	31	21	14	42	45	26	45	24	33	11	44	42	24	13	37	47	49	37	16	27	43	20	45	21	20	26	33	20	49	50	19	25	49	40	30	11	49	33	39	31	38	36	49	47	40	20	12	34	11	24	37	34	43	38	10	27	22	26	46	49	26	36	11	20	26	49	35	31	27	49	18	13	35	39	13	28	26	38	48	29	43	10	45	50	12	29	13	16	26	20	28	22	36	24	17	47	19	48	46	10	26	20	38	25	37	45	49	25	24	50	20	30	36	43	19	25	22	18	35	37	41	49	30	45	19	30	14	47	20	29	12	38	28	13	41	44	28	11	10	31	40	30	18	21	34	49	27	41	16	21	20	21	32	13	18	34	42	29	40	20	12	31	23	26	36	13	42	12	33	35	18	36	34	28	40	50	18	10	10	48	50	45	49	20	32	12	40	22	45	37	45	48	10	46	36	
5
70
