1102
50
0	0	0	0	0	0	0	0	0	0	0	0	0	0	0	0	0	0	0	0	0	0	0	0	0	0	0	0	0	0	500	0	0	0	0	0	0	0	96	0	0	0	0	0	0	0	0	192	0	0	
0	0	0	0	0	0	0	0	0	0	48	0	0	0	0	0	0	0	0	0	0	0	0	0	0	0	0	0	0	0	0	0	0	0	0	0	0	0	0	0	0	0	0	0	0	0	0	0	0	96	
0	0	0	0	0	0	0	0	0	0	0	0	0	500	0	0	0	0	0	0	0	0	0	0	0	0	0	0	48	0	0	0	0	0	0	0	0	0	0	0	0	0	0	0	0	0	0	0	0	0	
0	0	0	0	48	0	0	0	0	0	0	0	0	0	0	0	0	0	0	0	0	0	0	48	0	0	0	0	0	0	0	0	0	0	0	0	0	0	0	0	0	0	0	0	0	0	0	0	0	0	
0	0	0	48	0	0	0	0	0	0	0	0	0	0	0	0	0	0	0	0	0	0	0	0	0	0	0	0	0	0	0	0	0	0	0	0	0	0	0	0	0	0	0	0	96	0	0	0	0	0	
0	0	0	0	0	0	0	0	96	0	0	0	0	0	0	0	0	0	0	0	0	0	0	0	0	0	0	0	0	0	0	0	0	500	0	0	0	0	0	0	0	0	0	0	0	0	0	0	0	0	
0	0	0	0	0	0	0	0	0	0	0	0	0	0	0	500	0	0	0	0	0	0	0	0	0	0	0	0	0	0	0	0	0	0	0	0	0	192	0	0	0	0	0	0	0	0	0	0	0	0	
0	0	0	0	0	0	0	0	0	192	0	0	0	0	0	0	0	0	0	0	0	0	0	0	0	0	0	192	0	0	0	0	0	0	0	0	0	0	0	0	0	0	0	0	0	0	0	0	0	0	
0	0	0	0	0	96	0	0	0	0	0	0	0	0	0	0	0	0	0	0	0	0	0	0	0	0	0	0	0	0	0	0	0	96	0	0	0	0	0	0	0	48	0	0	0	0	0	0	0	0	
0	0	0	0	0	0	0	192	0	0	0	0	0	0	0	0	0	0	0	0	0	0	192	0	0	0	0	0	0	0	0	0	0	0	0	0	0	0	0	0	0	0	0	0	0	0	0	0	0	0	
0	48	0	0	0	0	0	0	0	0	0	0	0	0	0	0	0	0	0	0	0	0	0	0	0	0	0	0	0	0	96	0	0	0	0	0	0	0	0	0	0	0	0	0	0	0	0	0	0	48	
0	0	0	0	0	0	0	0	0	0	0	0	0	0	0	0	0	0	500	0	0	0	0	0	0	0	0	0	0	0	0	0	0	0	0	0	192	0	0	0	48	0	0	0	0	0	0	0	0	0	
0	0	0	0	0	0	0	0	0	0	0	0	0	0	0	0	0	0	500	0	500	0	0	0	0	192	0	0	0	0	0	0	0	0	0	0	0	0	0	0	0	0	0	0	0	0	0	0	0	0	
0	0	500	0	0	0	0	0	0	0	0	0	0	0	0	0	0	0	0	0	0	0	0	0	0	0	0	0	96	0	0	0	192	0	0	0	0	0	0	0	0	0	48	0	0	0	0	0	500	0	
0	0	0	0	0	0	0	0	0	0	0	0	0	0	0	0	0	0	0	0	0	0	0	0	0	0	0	0	0	0	0	0	0	0	0	0	0	0	0	96	0	0	0	0	0	0	96	0	0	0	
0	0	0	0	0	0	500	0	0	0	0	0	0	0	0	0	0	0	0	0	0	0	0	0	0	0	0	0	0	0	0	0	0	0	500	192	0	192	0	0	0	0	0	0	0	0	0	0	0	0	
0	0	0	0	0	0	0	0	0	0	0	0	0	0	0	0	0	0	0	0	0	0	0	0	0	0	0	0	0	0	0	0	0	0	0	0	0	0	0	0	0	0	0	0	192	48	0	0	0	0	
0	0	0	0	0	0	0	0	0	0	0	0	0	0	0	0	0	0	0	48	0	0	0	0	0	0	0	0	0	0	0	0	0	0	96	0	500	0	0	0	500	0	0	0	0	0	0	0	0	0	
0	0	0	0	0	0	0	0	0	0	0	500	500	0	0	0	0	0	0	0	96	0	0	0	0	0	0	0	0	0	0	0	0	0	0	0	0	0	0	0	0	0	0	0	0	0	0	0	0	0	
0	0	0	0	0	0	0	0	0	0	0	0	0	0	0	0	0	48	0	0	0	0	0	0	0	0	96	0	0	0	0	0	0	0	0	0	48	0	0	0	0	0	0	0	0	0	0	0	0	0	
0	0	0	0	0	0	0	0	0	0	0	0	500	0	0	0	0	0	96	0	0	0	0	0	0	96	0	0	0	0	0	0	0	0	0	0	0	0	0	0	0	0	0	0	0	0	0	0	0	0	
0	0	0	0	0	0	0	0	0	0	0	0	0	0	0	0	0	0	0	0	0	0	0	0	0	0	0	0	0	0	0	0	0	0	0	0	0	0	0	0	0	96	0	192	0	0	0	0	0	0	
0	0	0	0	0	0	0	0	0	192	0	0	0	0	0	0	0	0	0	0	0	0	0	0	0	0	192	0	0	0	0	0	0	0	0	0	0	0	0	0	0	0	0	0	0	0	0	0	0	0	
0	0	0	48	0	0	0	0	0	0	0	0	0	0	0	0	0	0	0	0	0	0	0	0	0	0	0	0	0	0	0	0	0	0	0	0	0	0	0	48	0	0	0	0	0	0	48	0	0	0	
0	0	0	0	0	0	0	0	0	0	0	0	0	0	0	0	0	0	0	0	0	0	0	0	0	48	0	0	0	500	0	0	0	0	0	0	0	0	0	0	0	0	0	0	0	192	0	0	0	0	
0	0	0	0	0	0	0	0	0	0	0	0	192	0	0	0	0	0	0	0	96	0	0	0	48	0	0	0	0	0	0	0	0	0	0	0	0	0	0	0	48	0	0	0	0	500	0	0	0	0	
0	0	0	0	0	0	0	0	0	0	0	0	0	0	0	0	0	0	0	96	0	0	192	0	0	0	0	0	0	0	0	0	0	0	0	0	0	0	0	0	0	0	0	0	0	0	0	0	0	0	
0	0	0	0	0	0	0	192	0	0	0	0	0	0	0	0	0	0	0	0	0	0	0	0	0	0	0	0	0	192	0	0	0	0	0	0	0	0	0	0	0	0	48	0	0	0	0	0	0	0	
0	0	48	0	0	0	0	0	0	0	0	0	0	96	0	0	0	0	0	0	0	0	0	0	0	0	0	0	0	0	0	0	500	0	0	0	0	0	0	0	0	0	0	0	0	0	0	0	0	0	
0	0	0	0	0	0	0	0	0	0	0	0	0	0	0	0	0	0	0	0	0	0	0	0	500	0	0	192	0	0	0	0	0	0	0	0	0	0	0	0	0	0	0	0	0	0	0	0	0	0	
500	0	0	0	0	0	0	0	0	0	96	0	0	0	0	0	0	0	0	0	0	0	0	0	0	0	0	0	0	0	0	0	0	0	0	0	0	0	0	0	0	0	0	0	0	0	0	0	0	0	
0	0	0	0	0	0	0	0	0	0	0	0	0	0	0	0	0	0	0	0	0	0	0	0	0	0	0	0	0	0	0	0	0	0	0	0	0	0	0	0	0	48	0	0	0	0	48	0	500	0	
0	0	0	0	0	0	0	0	0	0	0	0	0	192	0	0	0	0	0	0	0	0	0	0	0	0	0	0	500	0	0	0	0	0	0	0	0	0	0	0	0	0	0	0	0	0	0	0	0	0	
0	0	0	0	0	500	0	0	96	0	0	0	0	0	0	0	0	0	0	0	0	0	0	0	0	0	0	0	0	0	0	0	0	0	0	0	0	0	0	0	0	0	0	0	0	0	0	0	0	0	
0	0	0	0	0	0	0	0	0	0	0	0	0	0	0	500	0	96	0	0	0	0	0	0	0	0	0	0	0	0	0	0	0	0	0	0	0	0	0	0	0	0	0	0	0	0	0	0	0	0	
0	0	0	0	0	0	0	0	0	0	0	0	0	0	0	192	0	0	0	0	0	0	0	0	0	0	0	0	0	0	0	0	0	0	0	0	0	0	96	0	0	0	0	96	0	0	0	96	0	0	
0	0	0	0	0	0	0	0	0	0	0	192	0	0	0	0	0	500	0	48	0	0	0	0	0	0	0	0	0	0	0	0	0	0	0	0	0	0	96	0	0	0	0	0	0	0	0	0	0	0	
0	0	0	0	0	0	192	0	0	0	0	0	0	0	0	192	0	0	0	0	0	0	0	0	0	0	0	0	0	0	0	0	0	0	0	0	0	0	0	0	0	0	0	0	0	0	0	0	0	0	
96	0	0	0	0	0	0	0	0	0	0	0	0	0	0	0	0	0	0	0	0	0	0	0	0	0	0	0	0	0	0	0	0	0	0	96	96	0	0	0	0	0	0	48	0	0	0	0	0	0	
0	0	0	0	0	0	0	0	0	0	0	0	0	0	96	0	0	0	0	0	0	0	0	48	0	0	0	0	0	0	0	0	0	0	0	0	0	0	0	0	0	0	0	0	0	0	0	0	0	0	
0	0	0	0	0	0	0	0	0	0	0	48	0	0	0	0	0	500	0	0	0	0	0	0	0	48	0	0	0	0	0	0	0	0	0	0	0	0	0	0	0	0	0	0	0	0	0	0	0	0	
0	0	0	0	0	0	0	0	48	0	0	0	0	0	0	0	0	0	0	0	0	96	0	0	0	0	0	0	0	0	0	48	0	0	0	0	0	0	0	0	0	0	0	0	0	0	0	0	0	0	
0	0	0	0	0	0	0	0	0	0	0	0	0	48	0	0	0	0	0	0	0	0	0	0	0	0	0	48	0	0	0	0	0	0	0	0	0	0	0	0	0	0	0	0	0	0	0	0	0	0	
0	0	0	0	0	0	0	0	0	0	0	0	0	0	0	0	0	0	0	0	0	192	0	0	0	0	0	0	0	0	0	0	0	0	0	96	0	0	48	0	0	0	0	0	0	0	0	0	0	0	
0	0	0	0	96	0	0	0	0	0	0	0	0	0	0	0	192	0	0	0	0	0	0	0	0	0	0	0	0	0	0	0	0	0	0	0	0	0	0	0	0	0	0	0	0	0	0	0	0	0	
0	0	0	0	0	0	0	0	0	0	0	0	0	0	0	0	48	0	0	0	0	0	0	0	192	500	0	0	0	0	0	0	0	0	0	0	0	0	0	0	0	0	0	0	0	0	0	0	0	0	
0	0	0	0	0	0	0	0	0	0	0	0	0	0	96	0	0	0	0	0	0	0	0	48	0	0	0	0	0	0	0	48	0	0	0	0	0	0	0	0	0	0	0	0	0	0	0	0	0	0	
192	0	0	0	0	0	0	0	0	0	0	0	0	0	0	0	0	0	0	0	0	0	0	0	0	0	0	0	0	0	0	0	0	0	0	96	0	0	0	0	0	0	0	0	0	0	0	0	0	0	
0	0	0	0	0	0	0	0	0	0	0	0	0	500	0	0	0	0	0	0	0	0	0	0	0	0	0	0	0	0	0	500	0	0	0	0	0	0	0	0	0	0	0	0	0	0	0	0	0	0	
0	96	0	0	0	0	0	0	0	0	48	0	0	0	0	0	0	0	0	0	0	0	0	0	0	0	0	0	0	0	0	0	0	0	0	0	0	0	0	0	0	0	0	0	0	0	0	0	0	0	
6	31	14	37	40	21	49	9	35	47	13	23	10	9	19	33	29	28	10	48	43	11	44	7	11	42	20	29	19	23	25	27	17	33	47	13	10	14	5	16	38	28	6	12	42	28	33	19	4	38	17	4	48	16	36	39	2	7	41	20	6	6	25	37	47	23	46	32	49	27	25	46	24	13	7	3	31	6	14	11	10	13	27	3	35	2	45	45	39	32	25	46	32	8	30	5	38	36	2	11	17	31	19	21	35	17	12	47	41	45	37	14	7	36	16	32	16	21	1	45	16	2	35	24	7	13	17	1	32	25	28	6	24	11	47	23	17	41	46	30	46	46	30	28	6	11	46	25	31	25	12	41	9	19	45	28	8	41	28	42	24	22	30	48	12	17	19	38	44	21	34	2	6	13	4	40	33	21	25	16	9	30	22	17	44	17	14	21	11	27	40	32	8	48	22	5	27	35	27	34	44	43	4	17	0	47	49	48	13	18	47	25	43	6	25	7	15	16	4	6	25	21	29	2	43	38	10	31	11	33	17	29	10	7	16	7	18	13	44	7	25	4	37	35	41	5	29	49	48	0	41	3	45	8	8	40	21	42	39	26	6	29	13	41	36	31	48	27	39	33	49	0	27	31	41	15	15	11	28	41	5	21	19	29	47	40	33	31	20	45	4	26	40	41	43	6	29	19	7	25	37	8	7	29	12	14	34	17	23	26	48	21	27	13	46	1	8	2	49	25	49	0	11	31	23	37	49	24	35	4	4	38	8	21	26	13	9	43	10	43	45	34	1	38	23	10	16	21	19	30	32	40	2	7	23	27	47	3	9	49	46	37	17	34	27	8	17	2	26	33	27	9	3	37	45	45	23	0	24	10	10	23	27	11	6	1	49	32	22	7	47	13	22	4	20	31	20	38	8	33	6	36	15	2	44	37	6	26	49	0	44	49	22	1	26	8	3	35	49	13	25	17	27	20	41	5	9	47	16	45	42	4	10	22	14	23	43	36	46	33	49	10	3	8	32	48	20	16	21	41	32	40	0	1	37	20	45	12	27	1	21	12	27	20	14	39	18	24	8	18	41	18	13	15	13	39	16	35	39	17	1	40	43	48	6	27	9	31	26	40	13	9	49	29	6	49	11	24	20	39	37	17	49	15	3	35	14	44	19	26	42	14	5	17	24	37	21	13	49	39	30	40	49	26	24	43	25	42	11	13	48	20	2	21	32	44	9	22	36	22	32	42	21	9	42	22	35	43	19	45	3	12	31	16	42	34	25	23	9	15	25	39	27	18	15	28	16	3	29	24	19	44	17	17	3	37	22	40	36	2	28	40	45	36	7	0	35	19	42	5	2	23	11	22	19	2	2	8	27	48	36	29	25	44	15	3	32	34	5	42	36	46	26	19	3	43	18	14	24	17	36	8	11	49	30	28	32	24	6	12	9	27	7	39	31	39	21	35	35	32	0	42	30	11	19	46	19	37	6	41	15	10	35	48	0	45	43	27	42	18	6	26	6	10	36	20	11	32	11	13	4	16	19	43	10	33	21	43	38	18	49	14	4	21	31	44	26	44	40	2	11	18	24	1	8	49	49	24	10	25	44	40	48	24	3	16	3	30	6	42	19	22	39	37	16	30	35	32	1	18	18	7	14	43	8	21	45	28	40	3	22	35	15	0	29	23	30	25	36	19	2	47	22	17	36	10	12	24	37	13	32	0	34	43	11	30	30	6	25	31	17	27	5	29	0	13	24	13	42	23	1	2	1	8	7	22	18	37	2	21	34	20	15	24	0	44	13	45	38	40	42	28	10	45	3	45	8	14	7	29	16	31	26	32	31	43	34	3	28	0	29	39	18	7	43	9	23	12	46	40	22	7	40	35	9	43	10	0	49	17	5	9	14	13	3	9	34	38	45	47	24	21	0	46	49	25	23	41	0	31	4	49	25	9	27	40	26	38	34	11	0	29	12	2	9	40	9	19	20	11	18	22	35	47	47	28	19	26	19	3	39	20	45	9	26	48	47	9	20	0	37	48	5	30	22	26	47	47	21	12	16	30	13	28	35	15	26	4	7	43	38	15	15	15	13	3	15	26	26	12	0	13	46	46	23	27	12	17	20	34	31	24	48	13	22	1	2	11	15	40	3	12	42	10	24	49	2	33	22	27	26	48	10	29	35	4	13	34	6	24	5	36	16	23	11	28	23	9	46	35	7	5	36	20	38	25	41	24	37	19	5	3	5	20	44	32	49	42	5	36	49	3	28	24	39	45	29	10	8	20	9	5	27	17	16	14	22	26	10	10	46	9	8	6	7	30	28	24	46	45	4	3	17	3	16	12	38	22	30	30	37	20	19	8	39	44	35	16	19	32	6	23	22	40	39	20	8	12	38	7	38	48	23	19	5	42	29	3	26	25	24	34	20	27	36	9	31	22	4	27	23	29	26	14	9	49	27	47	34	36	18	33	1	35	6	37	37	5	9	18	30	38	21	12	35	41	2	30	17	20	31	31	
48	12	11	9	23	34	42	48	42	0	1	12	16	37	26	7	8	31	38	0	43	38	33	0	26	48	17	23	27	27	30	22	39	16	28	27	47	30	30	1	32	47	42	19	13	27	23	39	40	0	35	18	12	38	15	3	36	42	22	37	9	45	17	36	42	19	16	15	46	26	40	29	24	23	19	38	32	2	19	45	43	25	6	38	13	42	38	30	6	36	15	40	20	22	22	22	43	19	11	49	40	1	28	10	19	41	5	27	9	10	18	1	23	2	35	19	4	31	6	39	39	44	20	14	34	3	15	25	14	42	35	26	49	30	28	22	5	43	4	34	48	27	24	22	14	41	46	25	4	49	41	46	24	27	21	19	21	34	33	22	24	18	6	25	12	31	46	47	2	42	34	35	3	15	4	36	22	6	5	34	33	8	11	27	29	29	24	33	15	25	13	11	42	41	46	8	11	10	2	9	30	0	35	28	9	4	0	39	49	25	17	23	10	20	20	29	25	47	32	2	40	40	25	1	8	9	8	36	21	17	34	39	8	30	25	40	23	5	29	41	33	44	5	22	7	15	40	13	1	9	30	22	29	6	6	5	40	48	12	6	44	45	26	17	26	10	9	16	13	14	13	7	44	23	3	44	11	37	7	41	25	26	24	21	40	36	42	21	10	38	47	12	0	23	34	20	3	35	7	4	33	42	37	45	3	26	17	17	41	48	7	43	18	46	35	45	24	8	24	40	36	23	31	15	28	47	28	44	9	17	38	12	19	37	25	20	46	13	31	1	19	29	12	45	1	44	30	22	19	17	0	43	8	33	36	29	28	28	28	17	32	19	24	6	11	7	26	42	26	16	0	9	14	22	8	45	42	34	15	30	45	44	11	10	45	30	30	33	39	27	36	17	24	19	1	44	9	0	48	25	31	27	47	39	14	40	31	37	30	13	11	15	22	49	25	0	48	26	3	3	49	8	26	8	4	44	23	42	3	28	40	30	31	10	38	0	38	45	21	32	36	7	3	24	38	9	15	26	25	15	23	36	10	49	32	0	30	42	44	26	11	35	26	19	46	25	29	38	8	17	28	45	28	27	29	33	45	41	33	18	26	27	44	29	11	46	10	39	3	8	1	8	23	32	9	3	32	36	40	49	43	32	42	2	45	23	42	21	13	1	48	3	41	6	19	40	2	42	44	21	11	2	14	19	39	1	25	46	23	21	40	10	30	38	31	33	40	20	13	34	16	39	32	45	39	32	4	34	40	2	40	24	6	37	2	0	30	3	45	8	7	8	2	1	41	29	17	32	49	29	12	18	20	15	22	35	7	17	2	22	27	36	0	44	44	25	37	17	3	14	39	3	4	25	28	35	45	17	4	28	11	32	9	33	31	24	38	7	31	5	49	16	2	22	30	41	8	28	23	14	40	32	28	42	2	4	37	22	43	15	11	18	11	40	42	43	19	29	49	20	15	8	49	27	33	42	14	28	24	9	46	3	49	19	48	37	3	19	2	8	11	1	8	28	3	47	14	26	36	40	46	19	31	6	38	19	41	21	8	35	7	28	42	28	48	1	3	31	14	20	25	20	32	2	32	6	8	14	28	10	38	38	27	34	15	11	38	3	46	6	14	7	31	16	34	37	9	25	46	24	35	49	12	24	44	48	5	28	47	23	40	41	45	18	33	28	3	17	35	41	18	43	20	22	48	49	24	6	0	5	15	40	37	1	29	29	16	19	45	42	6	35	17	47	9	8	0	42	0	4	33	44	14	24	46	8	28	8	49	15	43	16	13	11	8	25	49	31	38	41	42	24	20	44	48	42	36	3	15	10	25	16	18	27	16	49	30	11	8	3	45	26	24	6	12	48	18	45	9	8	11	12	46	21	14	29	3	18	10	16	30	23	0	33	11	48	31	11	24	9	10	47	34	1	47	19	29	13	37	11	29	5	22	8	47	12	38	36	3	39	37	7	18	12	11	49	0	22	29	21	16	48	3	2	2	35	16	35	38	17	3	47	47	20	43	27	31	23	45	26	15	1	37	40	15	39	44	26	38	9	12	25	9	24	7	31	21	23	34	30	24	6	18	35	47	30	11	46	34	20	42	29	31	14	12	43	8	31	22	44	29	6	19	20	6	15	10	44	10	27	22	1	41	8	20	35	2	13	28	11	28	11	47	38	18	42	17	11	49	1	46	47	41	7	18	49	31	49	14	4	21	9	34	44	24	37	29	11	49	15	31	49	49	12	31	17	47	45	6	7	43	11	20	15	14	41	48	8	32	22	24	5	27	17	6	20	47	36	33	23	40	13	10	40	33	31	15	45	6	37	16	9	45	24	16	41	34	5	11	43	1	12	44	46	14	41	24	9	45	35	34	35	31	5	48	14	2	15	17	34	47	28	17	44	7	49	20	39	37	7	45	32	4	15	43	1	18	15	28	37	22	13	20	7	6	18	0	47	42	11	26	9	8	32	11	11	48	2	18	38	27	12	39	22	33	8	9	1	11	47	36	2	
31	20	27	30	29	30	39	29	26	27	38	35	31	37	25	21	34	35	39	28	33	37	26	34	23	36	31	29	37	22	37	25	38	40	34	30	22	38	23	28	40	34	33	37	40	21	37	31	26	35	34	28	35	27	35	39	33	32	27	40	24	25	30	29	32	33	35	29	29	23	35	40	39	21	35	31	40	27	34	35	38	28	32	20	36	29	40	29	26	21	28	37	22	37	26	29	35	31	30	27	22	36	38	38	30	35	34	21	38	28	35	36	35	37	34	31	31	40	32	31	28	40	31	27	34	33	27	25	35	22	34	24	23	26	21	26	20	35	20	22	36	21	38	22	25	22	23	33	27	28	33	38	40	37	20	30	39	27	25	27	30	36	39	30	25	33	40	40	31	31	25	22	33	29	38	33	28	35	40	38	32	29	29	27	20	20	25	37	22	23	22	22	37	32	21	32	21	27	32	34	23	24	31	39	23	25	34	38	26	29	38	37	25	25	37	26	34	26	40	26	34	24	31	22	20	22	32	22	28	33	24	31	29	24	30	32	29	27	21	38	39	20	37	37	27	32	32	39	24	37	37	25	26	38	20	26	30	20	35	31	23	28	34	27	22	27	33	33	21	29	26	31	33	31	40	28	33	24	34	31	40	27	37	38	20	39	28	34	31	30	27	33	36	25	38	37	32	35	35	40	22	20	39	29	28	30	30	32	21	25	39	35	35	33	21	22	29	30	30	35	24	31	39	25	32	30	20	35	31	29	21	33	34	23	34	38	35	27	39	26	36	30	22	29	30	37	35	26	27	35	33	37	31	35	21	20	26	34	25	21	34	24	36	30	27	26	31	38	37	30	37	30	20	33	24	33	39	34	28	20	22	21	25	31	24	22	39	39	38	25	35	31	40	25	28	24	37	39	33	32	37	33	27	35	36	31	20	25	33	40	33	25	28	31	32	37	25	35	33	23	35	25	35	27	22	25	37	20	24	30	39	26	34	28	21	27	32	34	35	25	23	37	31	30	38	40	22	26	27	30	35	35	39	23	35	32	23	21	32	32	29	27	36	21	36	22	35	30	33	21	39	24	35	33	35	22	24	30	21	24	31	29	37	25	35	28	32	34	24	27	29	29	26	27	22	28	37	31	34	40	21	24	28	21	36	39	25	21	24	30	39	31	38	33	28	32	24	36	31	35	37	27	34	25	27	32	24	32	37	36	35	39	30	38	27	36	31	21	37	31	35	22	39	38	33	25	26	30	36	35	22	23	35	22	36	26	21	23	37	26	30	34	26	34	26	29	40	26	31	24	38	25	26	30	39	36	25	34	28	21	35	26	21	37	27	35	20	29	23	31	31	21	36	27	35	29	38	29	24	32	28	22	38	28	23	21	28	20	28	30	31	34	36	34	34	28	27	20	23	35	24	28	38	32	31	31	28	38	31	33	22	37	22	31	28	26	22	38	32	26	22	40	40	27	33	34	37	22	21	21	22	28	26	27	32	33	40	32	33	33	21	27	33	35	21	33	28	31	29	22	27	36	21	26	36	23	25	32	40	32	24	39	28	35	23	35	35	20	24	22	24	33	34	37	40	38	33	36	39	21	37	23	30	25	26	25	32	38	21	20	40	29	22	24	23	33	22	33	34	25	37	37	21	29	23	23	39	23	30	30	32	37	26	36	32	29	30	33	25	22	35	33	30	39	29	37	26	28	30	39	28	25	40	22	40	20	38	22	21	25	33	31	38	36	25	30	24	32	34	30	38	27	26	25	31	21	21	20	34	34	28	26	25	34	40	29	30	26	36	29	40	21	37	26	40	30	21	34	29	31	31	25	21	40	29	26	20	27	36	29	24	40	28	30	40	37	37	26	23	24	20	39	26	39	21	39	29	39	27	30	39	34	22	29	34	32	37	32	31	29	21	35	25	21	40	22	31	24	38	36	23	36	37	34	23	20	20	31	30	29	31	35	22	32	21	30	24	21	25	24	32	40	32	36	30	21	37	22	33	38	38	33	21	31	40	30	40	34	34	31	32	31	34	21	38	24	37	29	38	28	33	24	33	24	21	24	29	20	31	40	36	35	28	40	39	29	29	30	23	38	37	29	40	37	34	34	21	31	34	22	31	24	21	36	40	28	37	26	38	37	37	31	35	27	27	25	29	37	32	33	29	23	37	25	29	25	27	27	31	21	34	25	34	35	38	27	27	23	24	26	21	36	23	30	37	20	31	32	20	37	31	39	25	30	39	30	32	23	39	37	31	23	38	29	23	40	28	27	21	30	33	25	22	36	22	34	21	28	22	22	40	38	31	34	20	37	25	26	32	22	39	38	23	20	39	32	32	23	34	37	24	25	28	33	34	37	37	37	30	36	28	24	26	30	32	34	29	22	29	34	26	21	32	33	28	27	38	38	21	31	28	35	28	22	40	30	23	37	30	28	38	39	36	40	35	33	24	21	40	26	39	23	32	40	27	39	39	28	28	30	24	35	40	40	22	26	39	34	37	28	32	38	
12	19	15	36	25	10	13	41	44	11	39	33	24	44	10	26	47	24	33	18	13	26	32	40	34	33	26	40	25	22	12	29	34	47	33	45	14	45	14	23	11	22	49	21	13	34	45	41	14	15	21	11	49	32	44	32	40	46	50	33	35	36	30	25	45	31	38	14	14	45	16	19	15	20	25	37	46	37	10	26	12	33	21	40	22	33	46	36	10	18	22	25	41	18	50	18	45	14	36	33	18	27	47	16	16	13	15	46	41	36	16	20	30	43	47	33	14	19	13	11	42	14	10	37	17	32	16	32	25	41	45	10	16	32	20	44	47	41	45	16	30	14	17	40	29	36	35	37	25	15	11	45	21	40	19	24	43	13	15	50	17	32	30	35	39	34	13	28	15	48	38	29	45	36	19	26	40	38	31	12	37	37	38	15	20	24	17	48	39	24	23	31	21	34	25	43	16	48	21	19	44	47	20	50	45	44	47	45	44	40	11	14	19	34	37	11	30	45	28	35	35	27	24	16	19	16	28	33	42	43	40	14	35	23	39	38	21	21	16	14	20	15	33	26	33	31	24	41	10	31	26	43	24	27	17	11	20	17	23	36	43	16	15	23	36	16	29	33	14	41	35	14	21	39	29	31	30	44	47	22	32	29	20	20	45	15	25	26	47	45	17	37	21	49	33	44	39	34	38	21	47	46	28	44	17	44	17	21	19	31	49	45	16	31	25	26	41	26	15	17	27	25	35	26	30	45	30	11	35	26	18	22	47	10	29	48	29	22	11	12	23	50	37	25	25	20	24	18	28	32	12	34	15	22	33	11	37	27	29	39	16	17	49	22	37	49	26	48	27	37	19	34	11	50	18	12	18	29	26	36	12	18	24	36	30	38	47	41	44	10	39	21	21	32	25	44	17	21	14	19	23	33	17	24	36	38	26	14	36	23	37	47	12	48	24	29	43	45	33	33	32	27	24	37	10	20	10	30	27	33	40	12	37	33	28	29	26	25	27	30	19	44	40	26	17	31	38	23	23	18	16	36	32	29	11	47	39	39	12	12	10	27	29	25	41	29	19	41	13	15	28	27	19	25	12	38	11	34	23	15	43	49	12	17	14	30	14	26	42	38	38	48	47	27	14	16	43	26	48	25	38	33	13	13	17	40	40	26	33	29	46	24	44	12	28	16	41	15	42	45	43	34	40	47	47	16	36	34	36	27	47	32	43	40	30	29	13	31	19	21	44	19	30	29	44	32	39	32	31	48	36	41	34	17	16	24	10	27	37	46	50	46	25	27	26	40	13	31	48	13	14	39	33	50	42	16	16	40	20	41	15	39	37	44	22	13	32	11	50	43	24	19	46	33	46	11	20	35	28	37	22	28	22	31	34	40	48	26	42	29	27	42	36	44	36	38	22	44	22	35	35	38	12	25	45	14	36	31	25	41	32	37	16	41	38	13	36	38	24	47	40	23	37	43	43	23	42	47	12	13	35	34	47	45	28	49	17	12	21	47	41	39	50	16	32	12	18	25	49	43	34	25	42	47	24	44	26	23	19	14	45	24	35	35	45	48	28	31	25	42	47	24	10	13	16	37	10	29	27	25	47	40	36	39	39	41	45	42	19	35	35	10	49	21	16	28	11	28	37	29	36	22	40	13	44	38	28	36	32	11	33	29	46	43	14	39	31	30	16	14	30	44	13	45	48	35	26	22	18	10	29	50	25	10	35	11	30	13	11	10	16	23	18	38	21	34	26	43	50	38	12	41	40	32	21	35	49	42	40	14	34	18	13	13	49	29	28	28	41	36	22	18	25	39	23	50	20	16	36	16	46	16	49	49	10	32	23	37	35	32	24	22	50	35	13	48	42	20	46	21	18	18	36	50	29	10	40	32	36	34	20	41	19	21	43	37	12	18	37	11	47	31	35	45	48	12	36	22	11	18	12	47	43	22	28	32	50	33	34	33	17	41	44	33	43	34	18	13	36	23	37	37	36	11	16	42	37	46	15	43	31	46	34	16	44	41	14	13	47	18	14	10	37	19	34	42	34	48	33	17	43	20	29	49	41	15	16	28	40	47	50	19	41	37	38	16	33	41	10	34	11	39	45	14	15	41	36	36	16	46	12	16	32	44	40	39	45	50	49	35	25	39	33	49	20	23	29	16	11	21	23	28	23	20	10	11	22	42	35	21	30	12	21	18	26	27	43	14	17	33	50	40	46	46	21	41	22	30	42	22	28	38	28	27	26	44	18	41	19	44	47	39	35	50	26	22	15	11	47	22	28	13	35	31	41	10	20	44	46	49	35	35	16	35	50	39	28	43	33	20	36	41	48	46	22	21	43	45	10	11	25	32	20	39	11	26	32	29	16	34	12	44	31	11	26	43	14	31	20	11	32	49	25	46	43	19	32	31	47	27	42	10	45	42	44	28	44	24	10	20	15	42	32	50	39	10	38	46	18	11	34	44	30	44	25	12	49	31	38	31	13	35	19	32	21	18	39	29	18	34	48	40	
5
90
